<TICKER>,<PER>,<DTYYYYMMDD>,<TIME>,<OPEN>,<HIGH>,<LOW>,<CLOSE>,<VOL>,<OPENINT>
ACP.US,5,20131112,153500,16.9200,16.9200,16.9200,16.9200,1000,0
ACP.US,5,20131112,155000,16.9000,16.9000,16.9000,16.9000,120,0
ACP.US,5,20131112,155500,16.8500,16.8500,16.8500,16.8500,268,0
ACP.US,5,20131112,160000,16.8800,16.8900,16.8800,16.8900,300,0
ACP.US,5,20131112,161000,16.9000,16.9000,16.9000,16.9000,200,0
ACP.US,5,20131112,161500,16.8800,16.8800,16.8800,16.8800,100,0
ACP.US,5,20131112,162500,16.8700,16.8900,16.8700,16.8900,400,0
ACP.US,5,20131112,163500,16.9100,16.9100,16.9100,16.9100,800,0
ACP.US,5,20131112,164500,16.9100,16.9100,16.9100,16.9100,121,0
ACP.US,5,20131112,173000,16.9000,16.9000,16.9000,16.9000,1400,0
ACP.US,5,20131112,173500,16.8900,16.8900,16.8800,16.8800,1409,0
ACP.US,5,20131112,174000,16.8800,16.9000,16.8700,16.8700,910,0
ACP.US,5,20131112,174500,16.8700,16.8700,16.8700,16.8700,670,0
ACP.US,5,20131112,175000,16.9000,16.9000,16.9000,16.9000,200,0
ACP.US,5,20131112,180000,16.8700,16.8700,16.8700,16.8700,300,0
ACP.US,5,20131112,180500,16.8700,16.8700,16.8600,16.8600,700,0
ACP.US,5,20131112,191000,16.8600,16.8900,16.8600,16.8900,8215,0
ACP.US,5,20131112,191500,16.9000,16.9000,16.9000,16.9000,200,0
ACP.US,5,20131112,192500,16.9000,16.9100,16.9000,16.9100,800,0
ACP.US,5,20131112,193500,16.9100,16.9100,16.9100,16.9100,100,0
ACP.US,5,20131112,194000,16.9100,16.9100,16.9100,16.9100,100,0
ACP.US,5,20131112,195500,16.9000,16.9000,16.9000,16.9000,700,0
ACP.US,5,20131112,201000,16.9000,16.9000,16.9000,16.9000,100,0
ACP.US,5,20131112,203500,16.8700,16.8800,16.8700,16.8800,4720,0
ACP.US,5,20131112,204000,16.8600,16.8600,16.8600,16.8600,800,0
ACP.US,5,20131112,204500,16.8600,16.8600,16.8500,16.8500,2900,0
ACP.US,5,20131112,210000,16.8600,16.8600,16.8600,16.8600,1100,0
ACP.US,5,20131112,210500,16.8600,16.8600,16.8500,16.8500,1805,0
ACP.US,5,20131112,211000,16.8600,16.8600,16.8600,16.8600,160,0
ACP.US,5,20131112,212000,16.8600,16.8600,16.8600,16.8600,500,0
ACP.US,5,20131112,212500,16.8600,16.9200,16.8600,16.9200,16300,0
ACP.US,5,20131112,213000,16.9200,16.9200,16.9200,16.9200,100,0
ACP.US,5,20131112,214500,16.9200,16.9200,16.9200,16.9200,330,0
ACP.US,5,20131112,215000,16.9200,16.9200,16.9200,16.9200,100,0
ACP.US,5,20131112,220000,16.9200,16.9300,16.9200,16.9300,280,0
ACP.US,5,20131112,220500,16.9400,16.9400,16.9400,16.9400,777,0
ACP.US,5,20131113,154500,17.0100,17.0100,17.0000,17.0000,300,0
ACP.US,5,20131113,155000,16.9500,16.9900,16.9500,16.9900,1283,0
ACP.US,5,20131113,160000,16.9500,16.9500,16.9500,16.9500,100,0
ACP.US,5,20131113,161000,16.9500,16.9500,16.9500,16.9500,1600,0
ACP.US,5,20131113,161500,16.9200,16.9200,16.9200,16.9200,100,0
ACP.US,5,20131113,162000,16.9400,16.9400,16.9400,16.9400,500,0
ACP.US,5,20131113,162500,16.9200,16.9200,16.8700,16.8700,200,0
ACP.US,5,20131113,163000,16.9100,16.9100,16.8700,16.8700,300,0
ACP.US,5,20131113,164000,16.9300,16.9300,16.9300,16.9300,275,0
ACP.US,5,20131113,170500,16.9300,16.9300,16.9300,16.9300,300,0
ACP.US,5,20131113,171000,16.9300,16.9300,16.9300,16.9300,200,0
ACP.US,5,20131113,171500,16.9300,16.9300,16.9300,16.9300,205,0
ACP.US,5,20131113,172500,16.8600,16.8600,16.8600,16.8600,400,0
ACP.US,5,20131113,173000,16.8600,16.8600,16.8600,16.8600,166,0
ACP.US,5,20131113,173500,16.8600,16.9000,16.8600,16.9000,834,0
ACP.US,5,20131113,174000,16.8600,16.8600,16.8600,16.8600,800,0
ACP.US,5,20131113,175500,16.8600,16.8600,16.8600,16.8600,300,0
ACP.US,5,20131113,181000,16.9200,16.9200,16.9200,16.9200,200,0
ACP.US,5,20131113,181500,16.8700,16.8700,16.8700,16.8700,200,0
ACP.US,5,20131113,182000,16.8600,16.8600,16.8600,16.8600,200,0
ACP.US,5,20131113,191500,16.8600,16.8600,16.8600,16.8600,200,0
ACP.US,5,20131113,192000,16.8600,16.8600,16.8600,16.8600,100,0
ACP.US,5,20131113,192500,16.8600,16.8600,16.8600,16.8600,2429,0
ACP.US,5,20131113,194000,16.8600,16.8600,16.8600,16.8600,600,0
ACP.US,5,20131113,210500,16.9300,16.9300,16.9000,16.9000,4100,0
ACP.US,5,20131113,211000,16.9000,16.9000,16.9000,16.9000,100,0
ACP.US,5,20131113,211500,16.9200,16.9200,16.9200,16.9200,595,0
ACP.US,5,20131113,212000,16.9000,16.9000,16.9000,16.9000,100,0
ACP.US,5,20131113,214500,16.9100,16.9100,16.9100,16.9100,203,0
ACP.US,5,20131113,215000,16.9300,16.9300,16.9100,16.9100,1097,0
ACP.US,5,20131113,215500,16.9500,16.9500,16.9500,16.9500,1000,0
ACP.US,5,20131113,220500,16.9800,16.9800,16.9800,16.9800,685,0
ACP.US,5,20131114,154500,16.9600,16.9600,16.8600,16.8600,1640,0
ACP.US,5,20131114,155000,16.9500,16.9500,16.8500,16.8500,400,0
ACP.US,5,20131114,155500,16.8500,16.8600,16.8500,16.8600,1849,0
ACP.US,5,20131114,164500,16.9000,16.9000,16.9000,16.9000,350,0
ACP.US,5,20131114,165500,16.8800,16.9000,16.8800,16.9000,1500,0
ACP.US,5,20131114,170500,16.8900,16.8900,16.8900,16.8900,100,0
ACP.US,5,20131114,171500,16.9000,16.9000,16.8900,16.9000,455,0
ACP.US,5,20131114,172500,16.9000,16.9200,16.9000,16.9200,1733,0
ACP.US,5,20131114,173000,16.9100,16.9100,16.9100,16.9100,200,0
ACP.US,5,20131114,173500,16.9100,16.9100,16.9100,16.9100,500,0
ACP.US,5,20131114,174000,16.9200,16.9200,16.9200,16.9200,100,0
ACP.US,5,20131114,175000,16.8900,16.8900,16.8800,16.8800,1300,0
ACP.US,5,20131114,181500,16.8800,16.8800,16.8800,16.8800,361,0
ACP.US,5,20131114,183000,16.8800,16.8800,16.8800,16.8800,150,0
ACP.US,5,20131114,184500,16.8900,16.9000,16.8900,16.9000,200,0
ACP.US,5,20131114,185000,16.8800,16.8900,16.8800,16.8800,670,0
ACP.US,5,20131114,190000,16.8900,16.9100,16.8900,16.9000,3800,0
ACP.US,5,20131114,193500,16.9100,16.9200,16.9100,16.9200,1000,0
ACP.US,5,20131114,194000,16.9100,16.9400,16.9100,16.9400,550,0
ACP.US,5,20131114,194500,16.9400,16.9400,16.9300,16.9300,1800,0
ACP.US,5,20131114,195000,16.9200,16.9300,16.9200,16.9300,800,0
ACP.US,5,20131114,195500,16.8800,16.8800,16.8800,16.8800,400,0
ACP.US,5,20131114,200500,16.8800,16.8800,16.8700,16.8700,680,0
ACP.US,5,20131114,204500,16.8700,16.8700,16.8700,16.8700,600,0
ACP.US,5,20131114,211000,16.8700,16.8700,16.8700,16.8700,578,0
ACP.US,5,20131114,213000,16.8600,16.8600,16.8600,16.8600,500,0
ACP.US,5,20131114,215000,16.8600,16.8600,16.8600,16.8600,1335,0
ACP.US,5,20131114,220000,16.8700,16.8800,16.8700,16.8800,200,0
ACP.US,5,20131114,220500,16.9300,16.9300,16.9300,16.9300,444,0
ACP.US,5,20131115,153500,16.7900,16.8100,16.7900,16.8100,500,0
ACP.US,5,20131115,154000,16.8100,16.8100,16.8100,16.8100,600,0
ACP.US,5,20131115,154500,16.8100,16.8100,16.8100,16.8100,1100,0
ACP.US,5,20131115,155000,16.8100,16.8200,16.8100,16.8200,600,0
ACP.US,5,20131115,155500,16.8400,16.8400,16.8300,16.8300,1500,0
ACP.US,5,20131115,160000,16.8300,16.8300,16.8300,16.8300,600,0
ACP.US,5,20131115,160500,16.8300,16.8300,16.8200,16.8200,600,0
ACP.US,5,20131115,161000,16.8300,16.8300,16.8300,16.8300,600,0
ACP.US,5,20131115,163000,16.8300,16.8400,16.8200,16.8200,10908,0
ACP.US,5,20131115,163500,16.8200,16.8200,16.8200,16.8200,3200,0
ACP.US,5,20131115,164500,16.8300,16.8300,16.8300,16.8300,845,0
ACP.US,5,20131115,165000,16.8200,16.8300,16.8200,16.8300,1200,0
ACP.US,5,20131115,165500,16.8200,16.8300,16.8200,16.8300,4548,0
ACP.US,5,20131115,170500,16.8300,16.8300,16.8200,16.8200,3800,0
ACP.US,5,20131115,171500,16.8200,16.8200,16.8200,16.8200,367,0
ACP.US,5,20131115,172000,16.8200,16.8200,16.8200,16.8200,370,0
ACP.US,5,20131115,172500,16.8200,16.8200,16.8200,16.8200,200,0
ACP.US,5,20131115,173000,16.8200,16.8200,16.8200,16.8200,300,0
ACP.US,5,20131115,173500,16.8200,16.8200,16.8200,16.8200,100,0
ACP.US,5,20131115,174000,16.8200,16.8200,16.8100,16.8100,1175,0
ACP.US,5,20131115,174500,16.8100,16.8200,16.8100,16.8200,1100,0
ACP.US,5,20131115,175000,16.8100,16.8100,16.8100,16.8100,100,0
ACP.US,5,20131115,175500,16.8100,16.8100,16.8100,16.8100,1123,0
ACP.US,5,20131115,180000,16.8100,16.8100,16.8100,16.8100,100,0
ACP.US,5,20131115,180500,16.8100,16.8100,16.8100,16.8100,200,0
ACP.US,5,20131115,181000,16.8100,16.8100,16.8100,16.8100,100,0
ACP.US,5,20131115,181500,16.8100,16.8100,16.8100,16.8100,500,0
ACP.US,5,20131115,182000,16.8100,16.8100,16.8100,16.8100,100,0
ACP.US,5,20131115,182500,16.8100,16.8100,16.8100,16.8100,100,0
ACP.US,5,20131115,183000,16.8100,16.8100,16.8100,16.8100,100,0
ACP.US,5,20131115,183500,16.8100,16.8100,16.8100,16.8100,100,0
ACP.US,5,20131115,184000,16.8100,16.8100,16.8100,16.8100,100,0
ACP.US,5,20131115,184500,16.8100,16.8100,16.8100,16.8100,100,0
ACP.US,5,20131115,185000,16.8100,16.8200,16.8100,16.8100,3200,0
ACP.US,5,20131115,185500,16.8100,16.8100,16.8100,16.8100,100,0
ACP.US,5,20131115,190000,16.8100,16.8100,16.8000,16.8000,2100,0
ACP.US,5,20131115,190500,16.8100,16.8100,16.8100,16.8100,100,0
ACP.US,5,20131115,191000,16.8100,16.8300,16.8100,16.8300,3100,0
ACP.US,5,20131115,191500,16.8200,16.8200,16.8100,16.8100,700,0
ACP.US,5,20131115,192000,16.8200,16.8200,16.8200,16.8200,600,0
ACP.US,5,20131115,193000,16.8300,16.8300,16.8300,16.8300,500,0
ACP.US,5,20131115,195000,16.8200,16.8600,16.8200,16.8600,1314,0
ACP.US,5,20131115,200500,16.8300,16.8300,16.8300,16.8300,100,0
ACP.US,5,20131115,201000,16.8300,16.8300,16.8300,16.8300,100,0
ACP.US,5,20131115,201500,16.8300,16.8300,16.8300,16.8300,100,0
ACP.US,5,20131115,202000,16.8300,16.8400,16.8300,16.8400,200,0
ACP.US,5,20131115,202500,16.8400,16.8400,16.8400,16.8400,100,0
ACP.US,5,20131115,203000,16.8400,16.8400,16.8400,16.8400,800,0
ACP.US,5,20131115,203500,16.8500,16.8500,16.8400,16.8400,1200,0
ACP.US,5,20131115,204000,16.8300,16.8300,16.8200,16.8200,1300,0
ACP.US,5,20131115,204500,16.8100,16.8100,16.8100,16.8100,200,0
ACP.US,5,20131115,205000,16.8200,16.8200,16.8200,16.8200,100,0
ACP.US,5,20131115,205500,16.8200,16.8200,16.8200,16.8200,100,0
ACP.US,5,20131115,210000,16.8200,16.8700,16.8200,16.8700,2800,0
ACP.US,5,20131115,212000,16.8300,16.8400,16.8300,16.8400,528,0
ACP.US,5,20131115,212500,16.8400,16.8400,16.8300,16.8300,300,0
ACP.US,5,20131115,213000,16.8400,16.8400,16.8400,16.8400,100,0
ACP.US,5,20131115,214000,16.8300,16.8300,16.8100,16.8100,900,0
ACP.US,5,20131115,214500,16.8300,16.8300,16.8100,16.8300,300,0
ACP.US,5,20131115,215000,16.8300,16.8300,16.8300,16.8300,300,0
ACP.US,5,20131115,215500,16.8400,16.8400,16.8400,16.8400,700,0
ACP.US,5,20131115,220000,16.8400,16.8400,16.8100,16.8100,1975,0
ACP.US,5,20131115,221000,16.8800,16.8800,16.8800,16.8800,672,0
ACP.US,5,20131118,154500,16.8900,16.8900,16.8900,16.8900,200,0
ACP.US,5,20131118,155500,16.8300,16.8400,16.8300,16.8400,200,0
ACP.US,5,20131118,160000,16.8500,16.8500,16.8500,16.8500,100,0
ACP.US,5,20131118,161000,16.8300,16.8400,16.8300,16.8400,300,0
ACP.US,5,20131118,161500,16.8700,16.8700,16.8700,16.8700,300,0
ACP.US,5,20131118,164500,16.8500,16.8500,16.8500,16.8500,300,0
ACP.US,5,20131118,165000,16.8500,16.8600,16.8500,16.8600,200,0
ACP.US,5,20131118,170000,16.8700,16.8700,16.8700,16.8700,300,0
ACP.US,5,20131118,170500,16.8400,16.8400,16.8400,16.8400,100,0
ACP.US,5,20131118,171000,16.8500,16.8500,16.8400,16.8400,200,0
ACP.US,5,20131118,172500,16.8800,16.8800,16.8400,16.8400,400,0
ACP.US,5,20131118,173000,16.8800,16.8800,16.8700,16.8700,800,0
ACP.US,5,20131118,173500,16.8400,16.8800,16.8400,16.8800,400,0
ACP.US,5,20131118,174000,16.8400,16.8400,16.8400,16.8400,400,0
ACP.US,5,20131118,175000,16.8300,16.8300,16.8300,16.8300,100,0
ACP.US,5,20131118,180000,16.8400,16.8600,16.8300,16.8500,10100,0
ACP.US,5,20131118,180500,16.8500,16.8500,16.8500,16.8500,200,0
ACP.US,5,20131118,181000,16.8600,16.8600,16.8300,16.8300,3387,0
ACP.US,5,20131118,182000,16.8500,16.8500,16.8500,16.8500,200,0
ACP.US,5,20131118,183000,16.8500,16.8600,16.8500,16.8600,200,0
ACP.US,5,20131118,183500,16.8300,16.8300,16.8300,16.8300,700,0
ACP.US,5,20131118,184000,16.8300,16.8500,16.8300,16.8500,600,0
ACP.US,5,20131118,185000,16.8300,16.8700,16.8300,16.8700,400,0
ACP.US,5,20131118,185500,16.8500,16.8500,16.8500,16.8500,100,0
ACP.US,5,20131118,190500,16.8500,16.8600,16.8500,16.8600,300,0
ACP.US,5,20131118,191000,16.8500,16.8500,16.8500,16.8500,100,0
ACP.US,5,20131118,191500,16.8600,16.8600,16.8600,16.8600,150,0
ACP.US,5,20131118,192500,16.8300,16.8300,16.8300,16.8300,200,0
ACP.US,5,20131118,193000,16.8600,16.8600,16.8600,16.8600,100,0
ACP.US,5,20131118,193500,16.8300,16.8300,16.8300,16.8300,200,0
ACP.US,5,20131118,194000,16.8600,16.8600,16.8600,16.8600,100,0
ACP.US,5,20131118,194500,16.8600,16.8600,16.8300,16.8300,300,0
ACP.US,5,20131118,200000,16.8300,16.8400,16.8300,16.8300,476,0
ACP.US,5,20131118,200500,16.8300,16.8600,16.8300,16.8600,500,0
ACP.US,5,20131118,202000,16.8300,16.8300,16.8300,16.8300,200,0
ACP.US,5,20131118,202500,16.8700,16.8700,16.8300,16.8300,4300,0
ACP.US,5,20131118,203000,16.8400,16.8400,16.8400,16.8400,1250,0
ACP.US,5,20131118,203500,16.8300,16.8600,16.8300,16.8600,345,0
ACP.US,5,20131118,204000,16.8500,16.8500,16.8500,16.8500,178,0
ACP.US,5,20131118,204500,16.8300,16.8300,16.8300,16.8300,100,0
ACP.US,5,20131118,205000,16.8300,16.8300,16.8300,16.8300,600,0
ACP.US,5,20131118,205500,16.8600,16.8600,16.8100,16.8100,300,0
ACP.US,5,20131118,210000,16.8300,16.8300,16.8300,16.8300,100,0
ACP.US,5,20131118,211000,16.8100,16.8200,16.8100,16.8100,400,0
ACP.US,5,20131118,211500,16.8500,16.8500,16.8400,16.8400,1466,0
ACP.US,5,20131118,212000,16.8400,16.8400,16.8400,16.8400,100,0
ACP.US,5,20131118,212500,16.8400,16.8500,16.8400,16.8500,325,0
ACP.US,5,20131118,213000,16.8000,16.8000,16.8000,16.8000,100,0
ACP.US,5,20131118,213500,16.8100,16.8500,16.8100,16.8500,400,0
ACP.US,5,20131118,214000,16.8100,16.8100,16.8100,16.8100,500,0
ACP.US,5,20131118,214500,16.8100,16.8500,16.8100,16.8500,500,0
ACP.US,5,20131118,215500,16.8100,16.8500,16.8000,16.8200,10495,0
ACP.US,5,20131118,220000,16.8000,16.8300,16.7900,16.8300,900,0
ACP.US,5,20131118,221000,16.8600,16.8600,16.8600,16.8600,658,0
ACP.US,5,20131119,154000,16.8900,16.8900,16.8900,16.8900,500,0
ACP.US,5,20131119,154500,16.8800,16.8800,16.8800,16.8800,200,0
ACP.US,5,20131119,155000,16.8800,16.9000,16.8800,16.9000,800,0
ACP.US,5,20131119,155500,16.9000,16.9000,16.9000,16.9000,700,0
ACP.US,5,20131119,160000,16.9000,16.9000,16.8700,16.8900,600,0
ACP.US,5,20131119,160500,16.8900,16.8900,16.8900,16.8900,200,0
ACP.US,5,20131119,161000,16.8900,16.8900,16.8900,16.8900,200,0
ACP.US,5,20131119,161500,16.8900,16.8900,16.8900,16.8900,100,0
ACP.US,5,20131119,162000,16.8800,16.8800,16.8800,16.8800,249,0
ACP.US,5,20131119,162500,16.8900,16.8900,16.8900,16.8900,200,0
ACP.US,5,20131119,163000,16.8700,16.8700,16.8700,16.8700,100,0
ACP.US,5,20131119,163500,16.8900,16.8900,16.8900,16.8900,100,0
ACP.US,5,20131119,164000,16.8700,16.8700,16.8700,16.8700,800,0
ACP.US,5,20131119,164500,16.8800,16.8800,16.8800,16.8800,100,0
ACP.US,5,20131119,165500,16.8700,16.8700,16.8600,16.8600,800,0
ACP.US,5,20131119,170500,16.8700,16.8700,16.8700,16.8700,100,0
ACP.US,5,20131119,171000,16.8700,16.8700,16.8700,16.8700,200,0
ACP.US,5,20131119,171500,16.8800,16.8800,16.8600,16.8600,600,0
ACP.US,5,20131119,173000,16.8800,16.8800,16.8800,16.8800,100,0
ACP.US,5,20131119,174000,16.8700,16.8700,16.8700,16.8700,600,0
ACP.US,5,20131119,182000,16.8600,16.8900,16.8600,16.8900,867,0
ACP.US,5,20131119,183000,16.8700,16.8800,16.8700,16.8700,2400,0
ACP.US,5,20131119,184000,16.8800,16.8800,16.8800,16.8800,100,0
ACP.US,5,20131119,184500,16.8800,16.8800,16.8800,16.8800,256,0
ACP.US,5,20131119,185000,16.8700,16.8700,16.8700,16.8700,200,0
ACP.US,5,20131119,185500,16.8600,16.8600,16.8600,16.8600,400,0
ACP.US,5,20131119,190500,16.8600,16.8600,16.8500,16.8500,700,0
ACP.US,5,20131119,191500,16.8500,16.8500,16.8500,16.8500,200,0
ACP.US,5,20131119,192500,16.8500,16.8500,16.8500,16.8500,330,0
ACP.US,5,20131119,193000,16.8700,16.8700,16.8700,16.8700,3000,0
ACP.US,5,20131119,194000,16.8600,16.8600,16.8500,16.8500,334,0
ACP.US,5,20131119,195500,16.8500,16.8500,16.8500,16.8500,400,0
ACP.US,5,20131119,200000,16.8500,16.8600,16.8500,16.8600,327,0
ACP.US,5,20131119,200500,16.8400,16.8400,16.8300,16.8300,2453,0
ACP.US,5,20131119,203500,16.8400,16.8400,16.8400,16.8400,500,0
ACP.US,5,20131119,212000,16.8500,16.8600,16.8400,16.8600,1200,0
ACP.US,5,20131119,212500,16.8400,16.8400,16.8400,16.8400,100,0
ACP.US,5,20131119,213000,16.8400,16.8400,16.8400,16.8400,265,0
ACP.US,5,20131119,213500,16.8200,16.8400,16.8200,16.8400,1100,0
ACP.US,5,20131119,214000,16.8200,16.8200,16.8200,16.8200,100,0
ACP.US,5,20131119,214500,16.8100,16.8100,16.7400,16.7800,5967,0
ACP.US,5,20131119,215500,16.7800,16.7800,16.7800,16.7800,100,0
ACP.US,5,20131119,220000,16.7800,16.7800,16.7800,16.7800,1219,0
ACP.US,5,20131120,153500,16.8200,16.8200,16.8200,16.8200,8568,0
ACP.US,5,20131120,155000,16.7800,16.8000,16.7800,16.8000,700,0
ACP.US,5,20131120,160500,16.7800,16.7800,16.7800,16.7800,100,0
ACP.US,5,20131120,161000,16.7800,16.8000,16.7800,16.8000,7739,0
ACP.US,5,20131120,162500,16.8000,16.8100,16.8000,16.8100,200,0
ACP.US,5,20131120,163000,16.8000,16.8000,16.8000,16.8000,100,0
ACP.US,5,20131120,163500,16.8000,16.8000,16.8000,16.8000,200,0
ACP.US,5,20131120,164000,16.8000,16.8000,16.8000,16.8000,100,0
ACP.US,5,20131120,164500,16.8000,16.8000,16.8000,16.8000,200,0
ACP.US,5,20131120,165000,16.8000,16.8000,16.8000,16.8000,100,0
ACP.US,5,20131120,165500,16.8000,16.8000,16.8000,16.8000,100,0
ACP.US,5,20131120,170000,16.8000,16.8000,16.8000,16.8000,200,0
ACP.US,5,20131120,170500,16.8000,16.8000,16.8000,16.8000,6100,0
ACP.US,5,20131120,171000,16.8200,16.8200,16.8200,16.8200,350,0
ACP.US,5,20131120,171500,16.8200,16.8200,16.8200,16.8200,595,0
ACP.US,5,20131120,172000,16.8000,16.8000,16.8000,16.8000,637,0
ACP.US,5,20131120,172500,16.8300,16.8300,16.8000,16.8000,200,0
ACP.US,5,20131120,173000,16.8000,16.8000,16.8000,16.8000,100,0
ACP.US,5,20131120,173500,16.8200,16.8200,16.8000,16.8000,2504,0
ACP.US,5,20131120,174000,16.8300,16.8300,16.8000,16.8000,1850,0
ACP.US,5,20131120,174500,16.8000,16.8100,16.8000,16.8100,934,0
ACP.US,5,20131120,175000,16.8000,16.8000,16.8000,16.8000,100,0
ACP.US,5,20131120,175500,16.8000,16.8000,16.8000,16.8000,100,0
ACP.US,5,20131120,180000,16.8000,16.8000,16.8000,16.8000,100,0
ACP.US,5,20131120,180500,16.8000,16.8000,16.8000,16.8000,100,0
ACP.US,5,20131120,181000,16.8000,16.8000,16.8000,16.8000,5200,0
ACP.US,5,20131120,181500,16.8000,16.8000,16.8000,16.8000,5200,0
ACP.US,5,20131120,182000,16.7900,16.7900,16.7900,16.7900,100,0
ACP.US,5,20131120,182500,16.7900,16.8200,16.7900,16.8200,769,0
ACP.US,5,20131120,183000,16.7900,16.7900,16.7900,16.7900,400,0
ACP.US,5,20131120,183500,16.7900,16.8000,16.7900,16.8000,400,0
ACP.US,5,20131120,184000,16.7900,16.7900,16.7900,16.7900,800,0
ACP.US,5,20131120,184500,16.7900,16.7900,16.7900,16.7900,100,0
ACP.US,5,20131120,185000,16.8000,16.8000,16.7900,16.7900,200,0
ACP.US,5,20131120,185500,16.7900,16.7900,16.7900,16.7900,200,0
ACP.US,5,20131120,190000,16.7900,16.7900,16.7900,16.7900,218,0
ACP.US,5,20131120,190500,16.7900,16.7900,16.7900,16.7900,100,0
ACP.US,5,20131120,191500,16.8200,16.8200,16.7900,16.8200,3316,0
ACP.US,5,20131120,192000,16.7900,16.7900,16.7900,16.7900,100,0
ACP.US,5,20131120,192500,16.7900,16.7900,16.7900,16.7900,360,0
ACP.US,5,20131120,194000,16.7900,16.7900,16.7900,16.7900,200,0
ACP.US,5,20131120,194500,16.8000,16.8000,16.8000,16.8000,427,0
ACP.US,5,20131120,195000,16.8000,16.8000,16.7900,16.7900,200,0
ACP.US,5,20131120,201000,16.7900,16.7900,16.7900,16.7900,100,0
ACP.US,5,20131120,201500,16.7900,16.7900,16.7800,16.7800,5600,0
ACP.US,5,20131120,202500,16.7800,16.7800,16.7800,16.7800,403,0
ACP.US,5,20131120,203000,16.8000,16.8000,16.7800,16.7900,19500,0
ACP.US,5,20131120,203500,16.8000,16.8000,16.7900,16.7900,1000,0
ACP.US,5,20131120,204000,16.8000,16.8000,16.8000,16.8000,216,0
ACP.US,5,20131120,204500,16.8000,16.8000,16.8000,16.8000,1900,0
ACP.US,5,20131120,205000,16.7800,16.7900,16.7800,16.7800,3900,0
ACP.US,5,20131120,205500,16.8100,16.8100,16.8100,16.8100,859,0
ACP.US,5,20131120,210500,16.7800,16.7800,16.7800,16.7800,100,0
ACP.US,5,20131120,211000,16.7800,16.7800,16.7800,16.7800,100,0
ACP.US,5,20131120,211500,16.7800,16.7800,16.7800,16.7800,614,0
ACP.US,5,20131120,212000,16.7800,16.7800,16.7800,16.7800,400,0
ACP.US,5,20131120,212500,16.7800,16.7800,16.7800,16.7800,100,0
ACP.US,5,20131120,213000,16.7800,16.7800,16.7800,16.7800,100,0
ACP.US,5,20131120,213500,16.7800,16.7800,16.7800,16.7800,434,0
ACP.US,5,20131120,214000,16.7800,16.7800,16.7000,16.7100,3731,0
ACP.US,5,20131120,214500,16.7200,16.7200,16.7100,16.7100,285,0
ACP.US,5,20131120,215000,16.7100,16.7400,16.7100,16.7400,700,0
ACP.US,5,20131120,215500,16.7400,16.7400,16.7400,16.7400,300,0
ACP.US,5,20131120,220000,16.7400,16.7400,16.7400,16.7400,8693,0
ACP.US,5,20131120,221000,16.7800,16.7800,16.7800,16.7800,423,0
ACP.US,5,20131121,154000,16.8400,16.8500,16.8400,16.8500,875,0
ACP.US,5,20131121,154500,16.8500,16.8600,16.7700,16.8600,700,0
ACP.US,5,20131121,160000,16.8000,16.8000,16.7800,16.7800,800,0
ACP.US,5,20131121,160500,16.8000,16.8000,16.8000,16.8000,100,0
ACP.US,5,20131121,161000,16.7900,16.7900,16.7900,16.7900,200,0
ACP.US,5,20131121,161500,16.7900,16.7900,16.7900,16.7900,300,0
ACP.US,5,20131121,162500,16.8100,16.8100,16.8100,16.8100,300,0
ACP.US,5,20131121,163000,16.8100,16.8100,16.8100,16.8100,300,0
ACP.US,5,20131121,163500,16.8100,16.8100,16.7900,16.7900,1700,0
ACP.US,5,20131121,164000,16.7900,16.7900,16.7900,16.7900,500,0
ACP.US,5,20131121,164500,16.7900,16.7900,16.7800,16.7800,1160,0
ACP.US,5,20131121,165000,16.7900,16.7900,16.7800,16.7900,1500,0
ACP.US,5,20131121,165500,16.7900,16.7900,16.7900,16.7900,300,0
ACP.US,5,20131121,170000,16.7900,16.7900,16.7700,16.7700,300,0
ACP.US,5,20131121,170500,16.7700,16.7700,16.7700,16.7700,300,0
ACP.US,5,20131121,171000,16.7800,16.7800,16.7800,16.7800,200,0
ACP.US,5,20131121,171500,16.7800,16.7800,16.7800,16.7800,300,0
ACP.US,5,20131121,172000,16.7900,16.8000,16.7900,16.8000,400,0
ACP.US,5,20131121,172500,16.7900,16.8000,16.7900,16.7900,300,0
ACP.US,5,20131121,173000,16.8000,16.8100,16.7800,16.7800,800,0
ACP.US,5,20131121,173500,16.8100,16.8100,16.7900,16.7900,900,0
ACP.US,5,20131121,174000,16.7900,16.8100,16.7900,16.7900,700,0
ACP.US,5,20131121,174500,16.8000,16.8000,16.7900,16.7900,3700,0
ACP.US,5,20131121,175000,16.7900,16.7900,16.7900,16.7900,400,0
ACP.US,5,20131121,175500,16.7900,16.7900,16.7800,16.7800,1000,0
ACP.US,5,20131121,180000,16.7800,16.7800,16.7800,16.7800,4000,0
ACP.US,5,20131121,180500,16.7900,16.7900,16.7900,16.7900,600,0
ACP.US,5,20131121,181000,16.7900,16.7900,16.7800,16.7800,700,0
ACP.US,5,20131121,181500,16.7800,16.7900,16.7800,16.7800,800,0
ACP.US,5,20131121,182000,16.7800,16.7900,16.7800,16.7800,500,0
ACP.US,5,20131121,182500,16.7800,16.7900,16.7800,16.7800,6000,0
ACP.US,5,20131121,183000,16.7800,16.7900,16.7800,16.7800,600,0
ACP.US,5,20131121,183500,16.7800,16.7900,16.7800,16.7900,1600,0
ACP.US,5,20131121,184000,16.7800,16.7900,16.7800,16.7800,800,0
ACP.US,5,20131121,184500,16.7800,16.7900,16.7800,16.7800,700,0
ACP.US,5,20131121,185000,16.7800,16.7900,16.7800,16.7900,800,0
ACP.US,5,20131121,185500,16.8000,16.8000,16.7900,16.7900,1200,0
ACP.US,5,20131121,190000,16.7900,16.7900,16.7900,16.7900,600,0
ACP.US,5,20131121,190500,16.7900,16.7900,16.7900,16.7900,1009,0
ACP.US,5,20131121,191000,16.7800,16.7800,16.7800,16.7800,300,0
ACP.US,5,20131121,191500,16.7800,16.7800,16.7800,16.7800,100,0
ACP.US,5,20131121,192000,16.7800,16.7800,16.7800,16.7800,400,0
ACP.US,5,20131121,192500,16.7800,16.7800,16.7800,16.7800,100,0
ACP.US,5,20131121,193000,16.7800,16.7800,16.7800,16.7800,100,0
ACP.US,5,20131121,193500,16.7800,16.7900,16.7800,16.7900,500,0
ACP.US,5,20131121,194000,16.7900,16.7900,16.7900,16.7900,100,0
ACP.US,5,20131121,194500,16.7900,16.7900,16.7900,16.7900,400,0
ACP.US,5,20131121,195000,16.7900,16.7900,16.7900,16.7900,360,0
ACP.US,5,20131121,195500,16.7900,16.7900,16.7900,16.7900,100,0
ACP.US,5,20131121,200000,16.7900,16.7900,16.7900,16.7900,400,0
ACP.US,5,20131121,200500,16.7900,16.7900,16.7800,16.7800,3479,0
ACP.US,5,20131121,201000,16.7800,16.7800,16.7800,16.7800,100,0
ACP.US,5,20131121,201500,16.7800,16.7900,16.7800,16.7900,400,0
ACP.US,5,20131121,202000,16.7900,16.7900,16.7900,16.7900,100,0
ACP.US,5,20131121,202500,16.7900,16.7900,16.7900,16.7900,2182,0
ACP.US,5,20131121,203000,16.7900,16.7900,16.7900,16.7900,100,0
ACP.US,5,20131121,203500,16.7900,16.7900,16.7900,16.7900,200,0
ACP.US,5,20131121,204000,16.7900,16.7900,16.7900,16.7900,400,0
ACP.US,5,20131121,204500,16.7900,16.7900,16.7900,16.7900,200,0
ACP.US,5,20131121,205000,16.7800,16.7800,16.7800,16.7800,2378,0
ACP.US,5,20131121,205500,16.7800,16.7800,16.7800,16.7800,1600,0
ACP.US,5,20131121,210000,16.7800,16.7800,16.7700,16.7700,600,0
ACP.US,5,20131121,210500,16.7700,16.7700,16.7700,16.7700,400,0
ACP.US,5,20131121,211000,16.7700,16.7700,16.7700,16.7700,900,0
ACP.US,5,20131121,211500,16.7700,16.7700,16.7700,16.7700,700,0
ACP.US,5,20131121,212000,16.7700,16.7700,16.7700,16.7700,500,0
ACP.US,5,20131121,212500,16.7800,16.7800,16.7700,16.7700,2000,0
ACP.US,5,20131121,213000,16.7700,16.7700,16.7700,16.7700,500,0
ACP.US,5,20131121,213500,16.7700,16.7700,16.7700,16.7700,1014,0
ACP.US,5,20131121,214000,16.7700,16.7800,16.7700,16.7700,3025,0
ACP.US,5,20131121,214500,16.7700,16.7800,16.7700,16.7700,2325,0
ACP.US,5,20131121,215000,16.7700,16.7800,16.7700,16.7700,2800,0
ACP.US,5,20131121,215500,16.7700,16.7700,16.7700,16.7700,2400,0
ACP.US,5,20131121,220000,16.7700,16.7800,16.7500,16.7800,3200,0
ACP.US,5,20131121,221000,16.7800,16.7800,16.7800,16.7800,1116,0
ACP.US,5,20131122,153500,16.8400,16.8400,16.8400,16.8400,280,0
ACP.US,5,20131122,155000,16.8500,16.8500,16.8500,16.8500,3013,0
ACP.US,5,20131122,155500,16.8100,16.8100,16.8100,16.8100,200,0
ACP.US,5,20131122,163500,16.8100,16.8100,16.8100,16.8100,145,0
ACP.US,5,20131122,164500,16.8100,16.8100,16.8100,16.8100,200,0
ACP.US,5,20131122,165500,16.8400,16.8400,16.8400,16.8400,165,0
ACP.US,5,20131122,173000,16.8100,16.8100,16.8000,16.8000,1000,0
ACP.US,5,20131122,182000,16.8000,16.8000,16.8000,16.8000,100,0
ACP.US,5,20131122,183500,16.7800,16.7800,16.7800,16.7800,100,0
ACP.US,5,20131122,184500,16.7700,16.7700,16.7700,16.7700,7094,0
ACP.US,5,20131122,185000,16.7800,16.7800,16.7800,16.7800,100,0
ACP.US,5,20131122,185500,16.7700,16.7700,16.7500,16.7500,300,0
ACP.US,5,20131122,190000,16.7600,16.8200,16.7600,16.7600,1300,0
ACP.US,5,20131122,190500,16.7600,16.7800,16.7500,16.7500,1900,0
ACP.US,5,20131122,191000,16.7500,16.7500,16.7500,16.7500,200,0
ACP.US,5,20131122,191500,16.7600,16.7600,16.7600,16.7600,3053,0
ACP.US,5,20131122,193000,16.7600,16.7600,16.7600,16.7600,2132,0
ACP.US,5,20131122,194500,16.7500,16.7500,16.7500,16.7500,200,0
ACP.US,5,20131122,201500,16.7600,16.7600,16.7600,16.7600,400,0
ACP.US,5,20131122,202000,16.7600,16.7600,16.7600,16.7600,100,0
ACP.US,5,20131122,202500,16.7600,16.7600,16.7600,16.7600,300,0
ACP.US,5,20131122,203000,16.7600,16.7600,16.7600,16.7600,100,0
ACP.US,5,20131122,204000,16.7600,16.7600,16.7600,16.7600,100,0
ACP.US,5,20131122,204500,16.7600,16.7600,16.7600,16.7600,100,0
ACP.US,5,20131122,205000,16.7600,16.7700,16.7600,16.7600,320,0
ACP.US,5,20131122,210500,16.7700,16.7700,16.7700,16.7700,120,0
ACP.US,5,20131122,211000,16.7500,16.7500,16.7400,16.7500,5404,0
ACP.US,5,20131122,212000,16.7500,16.7500,16.7500,16.7500,1000,0
ACP.US,5,20131122,213500,16.7400,16.7400,16.7400,16.7400,100,0
ACP.US,5,20131122,214000,16.7500,16.7500,16.7400,16.7500,1178,0
ACP.US,5,20131122,214500,16.7400,16.7500,16.7400,16.7500,2000,0
ACP.US,5,20131122,215500,16.7500,16.7700,16.7500,16.7700,4722,0
ACP.US,5,20131122,220000,16.7700,16.7800,16.7700,16.7800,5348,0
ACP.US,5,20131122,221000,16.8400,16.8400,16.8400,16.8400,1686,0
ACP.US,5,20131125,153500,16.7400,16.7500,16.7400,16.7500,500,0
ACP.US,5,20131125,154000,16.7700,16.7700,16.7600,16.7600,468,0
ACP.US,5,20131125,154500,16.7600,16.7600,16.7600,16.7600,418,0
ACP.US,5,20131125,155500,16.7900,16.7900,16.7900,16.7900,100,0
ACP.US,5,20131125,160500,16.7600,16.7600,16.7600,16.7600,100,0
ACP.US,5,20131125,162000,16.7400,16.7400,16.7100,16.7100,772,0
ACP.US,5,20131125,162500,16.7400,16.7600,16.7100,16.7600,6287,0
ACP.US,5,20131125,164000,16.7300,16.7400,16.7200,16.7400,1500,0
ACP.US,5,20131125,172000,16.7700,16.7700,16.7700,16.7700,200,0
ACP.US,5,20131125,173500,16.7300,16.7300,16.7300,16.7300,5400,0
ACP.US,5,20131125,175500,16.7800,16.7800,16.7800,16.7800,100,0
ACP.US,5,20131125,180000,16.7400,16.7400,16.7400,16.7400,100,0
ACP.US,5,20131125,180500,16.7400,16.7400,16.7400,16.7400,100,0
ACP.US,5,20131125,181000,16.7500,16.7500,16.7500,16.7500,100,0
ACP.US,5,20131125,181500,16.7300,16.7300,16.7300,16.7300,100,0
ACP.US,5,20131125,182000,16.7400,16.7400,16.7300,16.7300,500,0
ACP.US,5,20131125,184000,16.7700,16.7700,16.7700,16.7700,800,0
ACP.US,5,20131125,184500,16.7300,16.7300,16.7200,16.7200,1600,0
ACP.US,5,20131125,185500,16.7500,16.7500,16.7300,16.7300,1950,0
ACP.US,5,20131125,190000,16.7200,16.7200,16.7200,16.7200,5100,0
ACP.US,5,20131125,201000,16.7400,16.7400,16.7400,16.7400,200,0
ACP.US,5,20131125,202000,16.7400,16.7400,16.7400,16.7400,300,0
ACP.US,5,20131125,204500,16.7500,16.7500,16.7500,16.7500,194,0
ACP.US,5,20131125,205500,16.7500,16.7500,16.7500,16.7500,500,0
ACP.US,5,20131125,210000,16.7400,16.7400,16.7200,16.7300,3150,0
ACP.US,5,20131125,212000,16.7300,16.7300,16.7300,16.7300,100,0
ACP.US,5,20131125,212500,16.7200,16.7200,16.7200,16.7200,200,0
ACP.US,5,20131125,214000,16.7200,16.7300,16.7200,16.7300,300,0
ACP.US,5,20131125,214500,16.7200,16.7200,16.7200,16.7200,200,0
ACP.US,5,20131125,220000,16.7200,16.7300,16.7200,16.7300,2500,0
ACP.US,5,20131125,221000,16.7300,16.7300,16.7300,16.7300,970,0
ACP.US,5,20131126,153500,16.7000,16.7000,16.7000,16.7000,300,0
ACP.US,5,20131126,154000,16.7300,16.7300,16.7000,16.7300,400,0
ACP.US,5,20131126,154500,16.7200,16.7200,16.6700,16.7200,500,0
ACP.US,5,20131126,155000,16.7000,16.7200,16.6700,16.6900,900,0
ACP.US,5,20131126,155500,16.7300,16.7300,16.6900,16.7300,3344,0
ACP.US,5,20131126,160000,16.7300,16.7300,16.7200,16.7200,1762,0
ACP.US,5,20131126,160500,16.7300,16.7300,16.7200,16.7300,1100,0
ACP.US,5,20131126,161000,16.7300,16.7300,16.7300,16.7300,200,0
ACP.US,5,20131126,161500,16.7300,16.7300,16.7200,16.7300,1462,0
ACP.US,5,20131126,162000,16.7300,16.7300,16.7200,16.7200,532,0
ACP.US,5,20131126,162500,16.7300,16.7300,16.7300,16.7300,200,0
ACP.US,5,20131126,163000,16.7300,16.7300,16.7200,16.7200,300,0
ACP.US,5,20131126,163500,16.7200,16.7200,16.7000,16.7000,1300,0
ACP.US,5,20131126,164000,16.7000,16.7100,16.7000,16.7100,300,0
ACP.US,5,20131126,164500,16.7100,16.7100,16.7100,16.7100,300,0
ACP.US,5,20131126,165000,16.7000,16.7000,16.7000,16.7000,471,0
ACP.US,5,20131126,165500,16.7000,16.7100,16.7000,16.7000,1385,0
ACP.US,5,20131126,170000,16.7000,16.7000,16.7000,16.7000,200,0
ACP.US,5,20131126,170500,16.7000,16.7200,16.7000,16.7200,800,0
ACP.US,5,20131126,171000,16.7200,16.7200,16.7000,16.7000,1743,0
ACP.US,5,20131126,171500,16.7200,16.7200,16.7100,16.7200,1300,0
ACP.US,5,20131126,172000,16.7200,16.7200,16.7200,16.7200,1400,0
ACP.US,5,20131126,172500,16.7300,16.7300,16.7300,16.7300,760,0
ACP.US,5,20131126,173000,16.7300,16.7300,16.7300,16.7300,600,0
ACP.US,5,20131126,173500,16.7300,16.7300,16.7100,16.7100,900,0
ACP.US,5,20131126,174000,16.7000,16.7000,16.7000,16.7000,2250,0
ACP.US,5,20131126,174500,16.7000,16.7000,16.7000,16.7000,200,0
ACP.US,5,20131126,175000,16.7000,16.7300,16.7000,16.7300,900,0
ACP.US,5,20131126,175500,16.7000,16.7300,16.7000,16.7000,900,0
ACP.US,5,20131126,180000,16.7200,16.7300,16.7000,16.7300,1600,0
ACP.US,5,20131126,180500,16.7200,16.7300,16.7000,16.7000,4900,0
ACP.US,5,20131126,181000,16.7100,16.7100,16.7000,16.7000,500,0
ACP.US,5,20131126,181500,16.7000,16.7000,16.7000,16.7000,500,0
ACP.US,5,20131126,182000,16.7000,16.7000,16.7000,16.7000,600,0
ACP.US,5,20131126,182500,16.7000,16.7200,16.7000,16.7000,1180,0
ACP.US,5,20131126,183000,16.7000,16.7200,16.7000,16.7000,985,0
ACP.US,5,20131126,183500,16.7000,16.7200,16.7000,16.7200,3500,0
ACP.US,5,20131126,184000,16.7100,16.7100,16.7100,16.7100,1338,0
ACP.US,5,20131126,185000,16.7100,16.7100,16.7100,16.7100,201,0
ACP.US,5,20131126,185500,16.7000,16.7100,16.7000,16.7100,1100,0
ACP.US,5,20131126,190000,16.7200,16.7200,16.7100,16.7100,200,0
ACP.US,5,20131126,191000,16.7000,16.7100,16.7000,16.7100,2435,0
ACP.US,5,20131126,191500,16.7100,16.7100,16.7100,16.7100,100,0
ACP.US,5,20131126,192000,16.7100,16.7100,16.7100,16.7100,126,0
ACP.US,5,20131126,192500,16.7100,16.7200,16.7100,16.7200,1000,0
ACP.US,5,20131126,193000,16.7100,16.7100,16.7000,16.7100,1515,0
ACP.US,5,20131126,193500,16.7000,16.7000,16.7000,16.7000,200,0
ACP.US,5,20131126,194000,16.7200,16.7200,16.7000,16.7000,800,0
ACP.US,5,20131126,194500,16.7000,16.7100,16.7000,16.7100,200,0
ACP.US,5,20131126,195000,16.7000,16.7200,16.7000,16.7000,3185,0
ACP.US,5,20131126,195500,16.7100,16.7100,16.7100,16.7100,900,0
ACP.US,5,20131126,200500,16.7100,16.7100,16.7100,16.7100,100,0
ACP.US,5,20131126,201000,16.7100,16.7100,16.7100,16.7100,100,0
ACP.US,5,20131126,201500,16.7100,16.7100,16.7000,16.7000,6211,0
ACP.US,5,20131126,202000,16.7100,16.7100,16.7000,16.7000,400,0
ACP.US,5,20131126,202500,16.7000,16.7000,16.7000,16.7000,800,0
ACP.US,5,20131126,203500,16.7000,16.7000,16.7000,16.7000,900,0
ACP.US,5,20131126,204000,16.7000,16.7000,16.7000,16.7000,300,0
ACP.US,5,20131126,204500,16.7000,16.7000,16.6900,16.6900,1600,0
ACP.US,5,20131126,205000,16.7000,16.7000,16.6900,16.6900,1200,0
ACP.US,5,20131126,205500,16.7000,16.7000,16.6900,16.6900,3100,0
ACP.US,5,20131126,210000,16.7100,16.7100,16.6900,16.7000,1343,0
ACP.US,5,20131126,210500,16.7000,16.7100,16.6900,16.7000,3300,0
ACP.US,5,20131126,211000,16.7100,16.7100,16.7100,16.7100,200,0
ACP.US,5,20131126,211500,16.7000,16.7000,16.6900,16.6900,400,0
ACP.US,5,20131126,212000,16.7000,16.7000,16.6900,16.6900,600,0
ACP.US,5,20131126,212500,16.6900,16.7000,16.6900,16.7000,500,0
ACP.US,5,20131126,213000,16.7000,16.7000,16.6900,16.6900,1000,0
ACP.US,5,20131126,213500,16.6900,16.6900,16.6900,16.6900,600,0
ACP.US,5,20131126,214000,16.6900,16.6900,16.6900,16.6900,1100,0
ACP.US,5,20131126,214500,16.6900,16.6900,16.6900,16.6900,1200,0
ACP.US,5,20131126,215000,16.6900,16.7000,16.6900,16.6900,1829,0
ACP.US,5,20131126,215500,16.6900,16.6900,16.6700,16.6800,7346,0
ACP.US,5,20131126,220000,16.6700,16.6900,16.6700,16.6800,6280,0
ACP.US,5,20131126,221000,16.7200,16.7200,16.7200,16.7200,409,0
ACP.US,5,20131127,153500,16.7200,16.7500,16.7200,16.7500,3471,0
ACP.US,5,20131127,154000,16.7300,16.7500,16.7300,16.7500,300,0
ACP.US,5,20131127,154500,16.7500,16.7600,16.7500,16.7600,1300,0
ACP.US,5,20131127,155000,16.7500,16.7600,16.7200,16.7200,3196,0
ACP.US,5,20131127,155500,16.7300,16.7300,16.7200,16.7200,1400,0
ACP.US,5,20131127,160000,16.7600,16.7600,16.7600,16.7600,200,0
ACP.US,5,20131127,160500,16.7200,16.7200,16.7200,16.7200,100,0
ACP.US,5,20131127,164000,16.7300,16.7300,16.7300,16.7300,300,0
ACP.US,5,20131127,165500,16.7300,16.7300,16.7200,16.7200,1455,0
ACP.US,5,20131127,170000,16.7200,16.7200,16.7100,16.7200,1069,0
ACP.US,5,20131127,170500,16.7200,16.7200,16.7200,16.7200,400,0
ACP.US,5,20131127,172000,16.7100,16.7100,16.7100,16.7100,700,0
ACP.US,5,20131127,172500,16.7200,16.7200,16.7100,16.7100,300,0
ACP.US,5,20131127,173000,16.7100,16.7300,16.7100,16.7200,371,0
ACP.US,5,20131127,173500,16.7300,16.7300,16.7300,16.7300,600,0
ACP.US,5,20131127,174000,16.7300,16.7300,16.7300,16.7300,300,0
ACP.US,5,20131127,174500,16.7300,16.7300,16.7300,16.7300,745,0
ACP.US,5,20131127,175000,16.7300,16.7300,16.7300,16.7300,3210,0
ACP.US,5,20131127,181000,16.7200,16.7300,16.7200,16.7300,1226,0
ACP.US,5,20131127,181500,16.7300,16.7500,16.7200,16.7200,4757,0
ACP.US,5,20131127,182000,16.7200,16.7200,16.7200,16.7200,7200,0
ACP.US,5,20131127,182500,16.7200,16.7200,16.7000,16.7200,500,0
ACP.US,5,20131127,183000,16.7000,16.7000,16.7000,16.7000,101,0
ACP.US,5,20131127,183500,16.7000,16.7200,16.7000,16.7200,500,0
ACP.US,5,20131127,184500,16.7200,16.7200,16.7200,16.7200,400,0
ACP.US,5,20131127,191500,16.7200,16.7200,16.6900,16.6900,307,0
ACP.US,5,20131127,192000,16.7100,16.7100,16.7100,16.7100,714,0
ACP.US,5,20131127,192500,16.7100,16.7100,16.7100,16.7100,400,0
ACP.US,5,20131127,193500,16.7100,16.7100,16.7100,16.7100,600,0
ACP.US,5,20131127,195500,16.7100,16.7100,16.7100,16.7100,3700,0
ACP.US,5,20131127,202500,16.7100,16.7100,16.7100,16.7100,100,0
ACP.US,5,20131127,203000,16.7300,16.7300,16.7300,16.7300,436,0
ACP.US,5,20131127,211500,16.7200,16.7500,16.7200,16.7500,3093,0
ACP.US,5,20131127,212500,16.7200,16.7200,16.7200,16.7200,500,0
ACP.US,5,20131127,215500,16.7600,16.7600,16.7600,16.7600,100,0
ACP.US,5,20131127,220000,16.7400,16.7500,16.7300,16.7400,700,0
ACP.US,5,20131127,221000,16.7800,16.7800,16.7800,16.7800,912,0
ACP.US,5,20131129,153500,16.7400,16.7400,16.7400,16.7400,200,0
ACP.US,5,20131129,154000,16.7400,16.7600,16.7400,16.7600,300,0
ACP.US,5,20131129,154500,16.8100,16.8100,16.7600,16.7600,200,0
ACP.US,5,20131129,155000,16.8100,16.8100,16.7500,16.8000,300,0
ACP.US,5,20131129,155500,16.7500,16.7700,16.7500,16.7500,900,0
ACP.US,5,20131129,160000,16.7500,16.7500,16.7500,16.7500,100,0
ACP.US,5,20131129,160500,16.7100,16.7700,16.7000,16.7000,3537,0
ACP.US,5,20131129,161000,16.7500,16.7500,16.7500,16.7500,100,0
ACP.US,5,20131129,161500,16.7500,16.8000,16.7500,16.8000,200,0
ACP.US,5,20131129,162000,16.8000,16.8000,16.8000,16.8000,100,0
ACP.US,5,20131129,162500,16.8000,16.8000,16.7500,16.7900,1291,0
ACP.US,5,20131129,163000,16.7900,16.7900,16.7500,16.7500,200,0
ACP.US,5,20131129,163500,16.7900,16.7900,16.7500,16.7900,1600,0
ACP.US,5,20131129,164000,16.7800,16.8000,16.7800,16.8000,2273,0
ACP.US,5,20131129,164500,16.7500,16.7500,16.7500,16.7500,100,0
ACP.US,5,20131129,165000,16.8000,16.8000,16.8000,16.8000,676,0
ACP.US,5,20131129,170000,16.7900,16.8000,16.7900,16.8000,600,0
ACP.US,5,20131129,170500,16.7900,16.7900,16.7900,16.7900,1000,0
ACP.US,5,20131129,171500,16.7900,16.7900,16.7900,16.7900,300,0
ACP.US,5,20131129,173500,16.8300,16.8400,16.8300,16.8400,1100,0
ACP.US,5,20131129,174000,16.8400,16.8400,16.8400,16.8400,200,0
ACP.US,5,20131129,174500,16.8400,16.8400,16.8400,16.8400,100,0
ACP.US,5,20131129,175000,16.8400,16.8400,16.8400,16.8400,300,0
ACP.US,5,20131129,183500,16.8400,16.8500,16.8400,16.8400,2600,0
ACP.US,5,20131129,184000,16.8400,16.8400,16.8200,16.8200,300,0
ACP.US,5,20131129,185500,16.8200,16.8200,16.8200,16.8200,100,0
ACP.US,5,20131129,190000,16.8400,16.8400,16.8400,16.8400,100,0
ACP.US,5,20131129,190500,16.8700,16.8700,16.8700,16.8700,1800,0
ACP.US,5,20131202,153500,16.7500,16.7500,16.7500,16.7500,100,0
ACP.US,5,20131202,154000,16.7600,16.8000,16.7600,16.8000,1000,0
ACP.US,5,20131202,154500,16.8000,16.8000,16.8000,16.8000,500,0
ACP.US,5,20131202,155500,16.8100,16.8100,16.8000,16.8000,1200,0
ACP.US,5,20131202,160500,16.8200,16.8200,16.8200,16.8200,1432,0
ACP.US,5,20131202,161000,16.8000,16.8000,16.8000,16.8000,300,0
ACP.US,5,20131202,163500,16.8000,16.8000,16.8000,16.8000,479,0
ACP.US,5,20131202,164000,16.8100,16.8100,16.8000,16.8000,2171,0
ACP.US,5,20131202,165500,16.8000,16.8100,16.8000,16.8100,600,0
ACP.US,5,20131202,171500,16.8200,16.8200,16.8200,16.8200,2400,0
ACP.US,5,20131202,172000,16.8000,16.8000,16.8000,16.8000,500,0
ACP.US,5,20131202,175000,16.8000,16.8000,16.8000,16.8000,271,0
ACP.US,5,20131202,180000,16.8100,16.8100,16.8100,16.8100,300,0
ACP.US,5,20131202,181500,16.8100,16.8100,16.8100,16.8100,3245,0
ACP.US,5,20131202,185000,16.8000,16.8000,16.8000,16.8000,1018,0
ACP.US,5,20131202,185500,16.8000,16.8000,16.8000,16.8000,100,0
ACP.US,5,20131202,190000,16.8000,16.8000,16.8000,16.8000,100,0
ACP.US,5,20131202,190500,16.8000,16.8000,16.8000,16.8000,100,0
ACP.US,5,20131202,191500,16.8000,16.8000,16.8000,16.8000,100,0
ACP.US,5,20131202,192000,16.8000,16.8000,16.8000,16.8000,100,0
ACP.US,5,20131202,192500,16.8000,16.8000,16.8000,16.8000,100,0
ACP.US,5,20131202,193000,16.8000,16.8000,16.8000,16.8000,100,0
ACP.US,5,20131202,193500,16.8000,16.8000,16.8000,16.8000,565,0
ACP.US,5,20131202,194000,16.8000,16.8000,16.8000,16.8000,100,0
ACP.US,5,20131202,194500,16.8000,16.8000,16.8000,16.8000,100,0
ACP.US,5,20131202,195000,16.8000,16.8000,16.8000,16.8000,100,0
ACP.US,5,20131202,200000,16.8000,16.8000,16.8000,16.8000,434,0
ACP.US,5,20131202,200500,16.8000,16.8000,16.8000,16.8000,100,0
ACP.US,5,20131202,201000,16.8000,16.8000,16.8000,16.8000,100,0
ACP.US,5,20131202,201500,16.8000,16.8000,16.8000,16.8000,100,0
ACP.US,5,20131202,202000,16.8000,16.8000,16.8000,16.8000,1100,0
ACP.US,5,20131202,202500,16.8000,16.8000,16.8000,16.8000,734,0
ACP.US,5,20131202,203000,16.8000,16.8000,16.8000,16.8000,100,0
ACP.US,5,20131202,203500,16.8000,16.8000,16.8000,16.8000,100,0
ACP.US,5,20131202,204500,16.8000,16.8000,16.8000,16.8000,100,0
ACP.US,5,20131202,205000,16.8100,16.8100,16.8100,16.8100,100,0
ACP.US,5,20131202,205500,16.8100,16.8200,16.8100,16.8100,15790,0
ACP.US,5,20131202,210000,16.8100,16.8200,16.8100,16.8200,16700,0
ACP.US,5,20131202,210500,16.8300,16.8300,16.8300,16.8300,2500,0
ACP.US,5,20131202,211000,16.8200,16.8200,16.8100,16.8100,7200,0
ACP.US,5,20131202,212000,16.8100,16.8200,16.8100,16.8200,3505,0
ACP.US,5,20131202,213000,16.8100,16.8100,16.8100,16.8100,100,0
ACP.US,5,20131202,213500,16.8100,16.8100,16.8100,16.8100,400,0
ACP.US,5,20131202,214000,16.8100,16.8100,16.8100,16.8100,100,0
ACP.US,5,20131202,214500,16.8200,16.8200,16.8100,16.8100,41600,0
ACP.US,5,20131202,215000,16.8100,16.8100,16.8100,16.8100,100,0
ACP.US,5,20131202,215500,16.8100,16.8100,16.8100,16.8100,100,0
ACP.US,5,20131202,220000,16.8200,16.8500,16.8200,16.8300,1800,0
ACP.US,5,20131202,220500,16.8300,16.8300,16.8300,16.8300,267,0
ACP.US,5,20131203,153500,16.7700,16.7900,16.7700,16.7900,300,0
ACP.US,5,20131203,154000,16.7400,16.7400,16.7400,16.7400,200,0
ACP.US,5,20131203,154500,16.7400,16.8400,16.7400,16.8400,1486,0
ACP.US,5,20131203,155000,16.7400,16.7700,16.7300,16.7300,2971,0
ACP.US,5,20131203,161000,16.8200,16.8300,16.8200,16.8200,2669,0
ACP.US,5,20131203,161500,16.7500,16.7900,16.7500,16.7900,872,0
ACP.US,5,20131203,162000,16.7700,16.7900,16.7600,16.7600,1500,0
ACP.US,5,20131203,162500,16.7600,16.8000,16.7600,16.7600,900,0
ACP.US,5,20131203,163000,16.7500,16.7500,16.7500,16.7500,2700,0
ACP.US,5,20131203,163500,16.7500,16.7600,16.7500,16.7500,700,0
ACP.US,5,20131203,164000,16.7500,16.7500,16.7200,16.7200,9196,0
ACP.US,5,20131203,164500,16.7200,16.7200,16.7100,16.7100,3537,0
ACP.US,5,20131203,165000,16.7100,16.7100,16.7100,16.7100,1500,0
ACP.US,5,20131203,165500,16.7500,16.7500,16.7100,16.7100,829,0
ACP.US,5,20131203,170000,16.7100,16.7100,16.7100,16.7100,400,0
ACP.US,5,20131203,171500,16.7400,16.7400,16.7400,16.7400,2500,0
ACP.US,5,20131203,172000,16.7300,16.7300,16.7300,16.7300,500,0
ACP.US,5,20131203,173000,16.7200,16.7300,16.7200,16.7300,3300,0
ACP.US,5,20131203,173500,16.7400,16.7400,16.7300,16.7300,1490,0
ACP.US,5,20131203,174000,16.7300,16.7300,16.7300,16.7300,600,0
ACP.US,5,20131203,175000,16.7300,16.7600,16.7300,16.7600,1100,0
ACP.US,5,20131203,175500,16.7900,16.8000,16.7900,16.8000,1000,0
ACP.US,5,20131203,181000,16.7600,16.7600,16.7200,16.7200,300,0
ACP.US,5,20131203,181500,16.7400,16.7400,16.7300,16.7300,600,0
ACP.US,5,20131203,182000,16.7600,16.8100,16.7600,16.7600,5000,0
ACP.US,5,20131203,182500,16.7600,16.7600,16.7600,16.7600,100,0
ACP.US,5,20131203,183500,16.7300,16.7300,16.7300,16.7300,500,0
ACP.US,5,20131203,185000,16.7300,16.7300,16.7300,16.7300,300,0
ACP.US,5,20131203,185500,16.7400,16.7800,16.7400,16.7800,1000,0
ACP.US,5,20131203,190000,16.7300,16.7300,16.7300,16.7300,100,0
ACP.US,5,20131203,191000,16.7500,16.7500,16.7500,16.7500,400,0
ACP.US,5,20131203,192500,16.7900,16.8000,16.7900,16.8000,1000,0
ACP.US,5,20131203,203000,16.7300,16.7300,16.7300,16.7300,100,0
ACP.US,5,20131203,204000,16.7400,16.7400,16.7400,16.7400,1000,0
ACP.US,5,20131203,205000,16.7300,16.7300,16.7300,16.7300,100,0
ACP.US,5,20131203,205500,16.7500,16.7500,16.7500,16.7500,2500,0
ACP.US,5,20131203,210000,16.7300,16.7300,16.7300,16.7300,100,0
ACP.US,5,20131203,211000,16.7300,16.7300,16.7300,16.7300,100,0
ACP.US,5,20131203,212000,16.7300,16.7300,16.7300,16.7300,200,0
ACP.US,5,20131203,212500,16.7500,16.7500,16.7300,16.7300,600,0
ACP.US,5,20131203,213000,16.7300,16.7300,16.7300,16.7300,3200,0
ACP.US,5,20131203,213500,16.7400,16.7400,16.7300,16.7300,1100,0
ACP.US,5,20131203,214000,16.7400,16.7400,16.7400,16.7400,700,0
ACP.US,5,20131203,215000,16.7700,16.7700,16.7700,16.7700,100,0
ACP.US,5,20131203,215500,16.7900,16.7900,16.7900,16.7900,988,0
ACP.US,5,20131203,220000,16.7900,16.8100,16.7900,16.8100,400,0
ACP.US,5,20131203,220500,16.8200,16.8200,16.8200,16.8200,151,0
ACP.US,5,20131204,153500,16.7400,16.7500,16.7300,16.7300,1457,0
ACP.US,5,20131204,154000,16.7300,16.7300,16.7200,16.7200,800,0
ACP.US,5,20131204,154500,16.7200,16.7200,16.7100,16.7100,300,0
ACP.US,5,20131204,155000,16.7100,16.7100,16.7100,16.7100,100,0
ACP.US,5,20131204,155500,16.7200,16.7400,16.7200,16.7400,400,0
ACP.US,5,20131204,160000,16.7700,16.7700,16.7700,16.7700,100,0
ACP.US,5,20131204,160500,16.7200,16.7700,16.7200,16.7200,2300,0
ACP.US,5,20131204,161000,16.7400,16.7500,16.7400,16.7400,916,0
ACP.US,5,20131204,161500,16.7400,16.7400,16.7400,16.7400,300,0
ACP.US,5,20131204,162000,16.7500,16.7600,16.7500,16.7600,200,0
ACP.US,5,20131204,162500,16.7600,16.7700,16.7400,16.7600,5981,0
ACP.US,5,20131204,163000,16.7500,16.7500,16.7500,16.7500,200,0
ACP.US,5,20131204,163500,16.7500,16.7500,16.7500,16.7500,100,0
ACP.US,5,20131204,164500,16.7600,16.7600,16.7600,16.7600,900,0
ACP.US,5,20131204,165000,16.7800,16.7900,16.7600,16.7900,1100,0
ACP.US,5,20131204,165500,16.7700,16.7700,16.7700,16.7700,275,0
ACP.US,5,20131204,170000,16.7900,16.7900,16.7800,16.7800,500,0
ACP.US,5,20131204,170500,16.7900,16.7900,16.7800,16.7800,200,0
ACP.US,5,20131204,171000,16.7900,16.7900,16.7800,16.7800,300,0
ACP.US,5,20131204,171500,16.7700,16.7800,16.7700,16.7700,300,0
ACP.US,5,20131204,172000,16.7900,16.7900,16.7700,16.7700,1400,0
ACP.US,5,20131204,172500,16.7900,16.7900,16.7700,16.7700,300,0
ACP.US,5,20131204,173000,16.7900,16.7900,16.7700,16.7700,200,0
ACP.US,5,20131204,173500,16.7700,16.7700,16.7700,16.7700,100,0
ACP.US,5,20131204,174000,16.7900,16.7900,16.7900,16.7900,100,0
ACP.US,5,20131204,174500,16.7700,16.7900,16.7700,16.7900,200,0
ACP.US,5,20131204,175000,16.7900,16.7900,16.7900,16.7900,200,0
ACP.US,5,20131204,175500,16.7700,16.7700,16.7700,16.7700,100,0
ACP.US,5,20131204,180000,16.7900,16.7900,16.7700,16.7700,200,0
ACP.US,5,20131204,180500,16.7700,16.7900,16.7700,16.7800,435,0
ACP.US,5,20131204,181000,16.7900,16.7900,16.7700,16.7700,300,0
ACP.US,5,20131204,181500,16.7900,16.7900,16.7800,16.7800,200,0
ACP.US,5,20131204,182000,16.7900,16.7900,16.7900,16.7900,100,0
ACP.US,5,20131204,182500,16.7900,16.7900,16.7900,16.7900,100,0
ACP.US,5,20131204,183000,16.7900,16.7900,16.7900,16.7900,200,0
ACP.US,5,20131204,183500,16.7900,16.7900,16.7900,16.7900,100,0
ACP.US,5,20131204,184000,16.7900,16.7900,16.7900,16.7900,100,0
ACP.US,5,20131204,184500,16.7800,16.7900,16.7800,16.7900,680,0
ACP.US,5,20131204,185000,16.7900,16.7900,16.7700,16.7700,300,0
ACP.US,5,20131204,190000,16.7700,16.7700,16.7700,16.7700,500,0
ACP.US,5,20131204,190500,16.7700,16.7700,16.7700,16.7700,100,0
ACP.US,5,20131204,191000,16.7600,16.7700,16.7600,16.7700,400,0
ACP.US,5,20131204,191500,16.7600,16.7700,16.7600,16.7700,300,0
ACP.US,5,20131204,192500,16.7700,16.7800,16.7700,16.7800,300,0
ACP.US,5,20131204,193000,16.7600,16.7600,16.7600,16.7600,100,0
ACP.US,5,20131204,193500,16.7700,16.7800,16.7700,16.7800,349,0
ACP.US,5,20131204,194000,16.7600,16.7600,16.7600,16.7600,100,0
ACP.US,5,20131204,195000,16.7600,16.7700,16.7400,16.7500,1200,0
ACP.US,5,20131204,200000,16.7300,16.7500,16.7300,16.7400,400,0
ACP.US,5,20131204,200500,16.7200,16.7200,16.7200,16.7200,100,0
ACP.US,5,20131204,201000,16.7300,16.7500,16.7300,16.7500,1000,0
ACP.US,5,20131204,201500,16.7300,16.7500,16.7300,16.7500,611,0
ACP.US,5,20131204,202500,16.7300,16.7300,16.7300,16.7300,100,0
ACP.US,5,20131204,203000,16.7300,16.7300,16.7300,16.7300,100,0
ACP.US,5,20131204,203500,16.7300,16.7400,16.7300,16.7400,1569,0
ACP.US,5,20131204,204000,16.7300,16.7400,16.7300,16.7400,200,0
ACP.US,5,20131204,204500,16.7400,16.7400,16.7400,16.7400,800,0
ACP.US,5,20131204,205000,16.7900,16.7900,16.7900,16.7900,100,0
ACP.US,5,20131204,205500,16.7600,16.7900,16.7300,16.7900,5100,0
ACP.US,5,20131204,210000,16.7300,16.7500,16.7300,16.7300,1909,0
ACP.US,5,20131204,210500,16.7200,16.7400,16.7200,16.7300,4294,0
ACP.US,5,20131204,211000,16.7300,16.7600,16.7300,16.7600,500,0
ACP.US,5,20131204,211500,16.7500,16.7600,16.7200,16.7200,500,0
ACP.US,5,20131204,212000,16.7600,16.7600,16.7200,16.7200,500,0
ACP.US,5,20131204,212500,16.7400,16.7400,16.7200,16.7300,900,0
ACP.US,5,20131204,213000,16.7300,16.7400,16.7200,16.7400,1500,0
ACP.US,5,20131204,213500,16.7300,16.7600,16.7300,16.7400,600,0
ACP.US,5,20131204,214000,16.7300,16.7600,16.7300,16.7300,1070,0
ACP.US,5,20131204,214500,16.7600,16.7600,16.7300,16.7300,1600,0
ACP.US,5,20131204,215000,16.7400,16.7600,16.7400,16.7600,3000,0
ACP.US,5,20131204,215500,16.7600,16.7600,16.7600,16.7600,100,0
ACP.US,5,20131204,220000,16.7600,16.7900,16.7600,16.7600,1825,0
ACP.US,5,20131205,153500,16.7600,16.7600,16.7600,16.7600,400,0
ACP.US,5,20131205,154000,16.7600,16.7600,16.7600,16.7600,100,0
ACP.US,5,20131205,155000,16.7500,16.7500,16.7400,16.7400,2900,0
ACP.US,5,20131205,155500,16.7200,16.7200,16.7100,16.7100,800,0
ACP.US,5,20131205,160000,16.7200,16.7200,16.7000,16.7100,1900,0
ACP.US,5,20131205,160500,16.7000,16.7200,16.7000,16.7200,1368,0
ACP.US,5,20131205,161000,16.7100,16.7100,16.7100,16.7100,200,0
ACP.US,5,20131205,162000,16.7200,16.7200,16.7200,16.7200,2200,0
ACP.US,5,20131205,162500,16.7100,16.7200,16.7100,16.7200,3807,0
ACP.US,5,20131205,163000,16.7100,16.7200,16.7100,16.7200,200,0
ACP.US,5,20131205,163500,16.7200,16.7200,16.7200,16.7200,100,0
ACP.US,5,20131205,170000,16.7200,16.7200,16.7200,16.7200,200,0
ACP.US,5,20131205,171000,16.7200,16.7400,16.7200,16.7400,1860,0
ACP.US,5,20131205,182500,16.7300,16.7300,16.7300,16.7300,400,0
ACP.US,5,20131205,183500,16.7300,16.7500,16.7300,16.7300,2000,0
ACP.US,5,20131205,184000,16.7500,16.7500,16.7300,16.7500,3500,0
ACP.US,5,20131205,193000,16.7300,16.7500,16.7100,16.7100,22700,0
ACP.US,5,20131205,193500,16.7200,16.7200,16.7100,16.7100,400,0
ACP.US,5,20131205,194500,16.7200,16.7400,16.7200,16.7200,1200,0
ACP.US,5,20131205,195000,16.7400,16.7400,16.7400,16.7400,100,0
ACP.US,5,20131205,195500,16.7400,16.7400,16.7300,16.7400,400,0
ACP.US,5,20131205,200500,16.7300,16.7400,16.7300,16.7400,800,0
ACP.US,5,20131205,201000,16.7400,16.7400,16.7400,16.7400,100,0
ACP.US,5,20131205,201500,16.7400,16.7400,16.7400,16.7400,100,0
ACP.US,5,20131205,203000,16.7400,16.7400,16.7400,16.7400,500,0
ACP.US,5,20131205,203500,16.7300,16.7300,16.7300,16.7300,5300,0
ACP.US,5,20131205,205500,16.7200,16.7200,16.7200,16.7200,100,0
ACP.US,5,20131205,212000,16.7200,16.7200,16.7200,16.7200,1500,0
ACP.US,5,20131205,215000,16.7100,16.7100,16.7100,16.7100,600,0
ACP.US,5,20131205,220000,16.7100,16.7100,16.7000,16.7000,400,0
ACP.US,5,20131205,220500,16.7300,16.7300,16.7300,16.7300,287,0
ACP.US,5,20131206,154000,16.7400,16.8200,16.7400,16.8200,700,0
ACP.US,5,20131206,154500,16.8200,16.8200,16.7300,16.7600,1400,0
ACP.US,5,20131206,155000,16.7300,16.7400,16.7300,16.7300,800,0
ACP.US,5,20131206,160000,16.7200,16.7200,16.7200,16.7200,100,0
ACP.US,5,20131206,160500,16.7300,16.7400,16.7300,16.7400,900,0
ACP.US,5,20131206,161000,16.7300,16.7300,16.7300,16.7300,300,0
ACP.US,5,20131206,162000,16.7300,16.7400,16.7300,16.7400,1200,0
ACP.US,5,20131206,162500,16.7300,16.7400,16.7300,16.7300,1100,0
ACP.US,5,20131206,163000,16.7300,16.7400,16.7200,16.7400,1405,0
ACP.US,5,20131206,163500,16.7300,16.7400,16.7200,16.7200,1326,0
ACP.US,5,20131206,164000,16.7300,16.7400,16.7200,16.7200,800,0
ACP.US,5,20131206,164500,16.7300,16.7400,16.7200,16.7400,900,0
ACP.US,5,20131206,170000,16.7400,16.7400,16.7300,16.7300,200,0
ACP.US,5,20131206,170500,16.7400,16.7400,16.7400,16.7400,200,0
ACP.US,5,20131206,171000,16.7400,16.7400,16.7400,16.7400,100,0
ACP.US,5,20131206,171500,16.7300,16.7400,16.7300,16.7400,200,0
ACP.US,5,20131206,172000,16.7400,16.7400,16.7400,16.7400,200,0
ACP.US,5,20131206,172500,16.7400,16.7400,16.7400,16.7400,600,0
ACP.US,5,20131206,173000,16.7400,16.7400,16.7400,16.7400,2400,0
ACP.US,5,20131206,173500,16.7400,16.7500,16.7400,16.7500,2400,0
ACP.US,5,20131206,174000,16.7500,16.7800,16.7500,16.7800,200,0
ACP.US,5,20131206,175000,16.7800,16.7800,16.7700,16.7700,200,0
ACP.US,5,20131206,180000,16.7800,16.7800,16.7800,16.7800,200,0
ACP.US,5,20131206,180500,16.7700,16.7800,16.7700,16.7800,398,0
ACP.US,5,20131206,181000,16.7800,16.7800,16.7800,16.7800,320,0
ACP.US,5,20131206,182000,16.7700,16.7700,16.7700,16.7700,1800,0
ACP.US,5,20131206,182500,16.7600,16.7700,16.7600,16.7600,662,0
ACP.US,5,20131206,183000,16.7600,16.7600,16.7600,16.7600,432,0
ACP.US,5,20131206,183500,16.7800,16.7900,16.7700,16.7800,4200,0
ACP.US,5,20131206,184000,16.7700,16.7700,16.7600,16.7700,1000,0
ACP.US,5,20131206,185000,16.7700,16.7700,16.7700,16.7700,100,0
ACP.US,5,20131206,185500,16.7700,16.7700,16.7700,16.7700,1000,0
ACP.US,5,20131206,190000,16.7800,16.7800,16.7700,16.7700,2300,0
ACP.US,5,20131206,190500,16.7800,16.7800,16.7700,16.7700,500,0
ACP.US,5,20131206,191500,16.7800,16.7800,16.7700,16.7700,200,0
ACP.US,5,20131206,192000,16.7900,16.7900,16.7900,16.7900,100,0
ACP.US,5,20131206,192500,16.7900,16.7900,16.7900,16.7900,100,0
ACP.US,5,20131206,193500,16.7900,16.7900,16.7700,16.7700,200,0
ACP.US,5,20131206,194500,16.7900,16.7900,16.7900,16.7900,100,0
ACP.US,5,20131206,195000,16.7800,16.7900,16.7800,16.7900,200,0
ACP.US,5,20131206,195500,16.7900,16.7900,16.7900,16.7900,100,0
ACP.US,5,20131206,200500,16.7900,16.7900,16.7900,16.7900,200,0
ACP.US,5,20131206,201000,16.7900,16.8200,16.7900,16.8200,200,0
ACP.US,5,20131206,201500,16.8200,16.8200,16.7900,16.8100,2300,0
ACP.US,5,20131206,202000,16.8000,16.8000,16.7800,16.7900,4400,0
ACP.US,5,20131206,203000,16.8200,16.8200,16.8200,16.8200,400,0
ACP.US,5,20131206,203500,16.8200,16.8200,16.8200,16.8200,400,0
ACP.US,5,20131206,204000,16.8100,16.8200,16.8000,16.8100,1523,0
ACP.US,5,20131206,205500,16.8300,16.8300,16.8100,16.8100,200,0
ACP.US,5,20131206,210500,16.8200,16.8300,16.8200,16.8300,200,0
ACP.US,5,20131206,211500,16.8300,16.8300,16.8200,16.8300,1700,0
ACP.US,5,20131206,212000,16.8000,16.8200,16.8000,16.8000,3000,0
ACP.US,5,20131206,212500,16.8300,16.8300,16.8000,16.8100,4765,0
ACP.US,5,20131206,213000,16.8100,16.8100,16.8100,16.8100,100,0
ACP.US,5,20131206,213500,16.8300,16.8300,16.8300,16.8300,200,0
ACP.US,5,20131206,214000,16.8300,16.8400,16.8200,16.8400,1435,0
ACP.US,5,20131206,214500,16.8500,16.8500,16.8500,16.8500,300,0
ACP.US,5,20131206,215000,16.8400,16.8600,16.8400,16.8600,1100,0
ACP.US,5,20131206,215500,16.8600,16.8700,16.8600,16.8700,1300,0
ACP.US,5,20131206,220000,16.8700,16.8700,16.8500,16.8500,2236,0
ACP.US,5,20131206,220500,16.8600,16.8600,16.8600,16.8600,285,0
ACP.US,5,20131209,153500,16.8900,16.9000,16.7700,16.7700,4338,0
ACP.US,5,20131209,160500,16.8100,16.8100,16.8100,16.8100,100,0
ACP.US,5,20131209,161000,16.7800,16.8200,16.7800,16.8200,502,0
ACP.US,5,20131209,162500,16.8000,16.8100,16.8000,16.8100,1700,0
ACP.US,5,20131209,163500,16.8300,16.8300,16.8000,16.8000,3377,0
ACP.US,5,20131209,164000,16.8300,16.8400,16.7900,16.7900,3709,0
ACP.US,5,20131209,164500,16.7900,16.7900,16.7900,16.7900,100,0
ACP.US,5,20131209,165000,16.7900,16.8400,16.7800,16.7800,2972,0
ACP.US,5,20131209,165500,16.7900,16.8400,16.7800,16.7800,1200,0
ACP.US,5,20131209,170000,16.7900,16.8400,16.7800,16.7900,1539,0
ACP.US,5,20131209,170500,16.7900,16.7900,16.7900,16.7900,300,0
ACP.US,5,20131209,171500,16.7900,16.7900,16.7900,16.7900,300,0
ACP.US,5,20131209,172500,16.8000,16.8300,16.8000,16.8000,600,0
ACP.US,5,20131209,173000,16.8200,16.8200,16.8200,16.8200,200,0
ACP.US,5,20131209,173500,16.8000,16.8100,16.8000,16.8100,1804,0
ACP.US,5,20131209,174500,16.8000,16.8000,16.8000,16.8000,200,0
ACP.US,5,20131209,175000,16.8000,16.8000,16.8000,16.8000,800,0
ACP.US,5,20131209,175500,16.8000,16.8000,16.8000,16.8000,200,0
ACP.US,5,20131209,181000,16.8000,16.8000,16.8000,16.8000,100,0
ACP.US,5,20131209,181500,16.8100,16.8100,16.8000,16.8000,2700,0
ACP.US,5,20131209,182000,16.8100,16.8100,16.8100,16.8100,100,0
ACP.US,5,20131209,182500,16.8000,16.8000,16.8000,16.8000,100,0
ACP.US,5,20131209,183000,16.8000,16.8000,16.8000,16.8000,100,0
ACP.US,5,20131209,183500,16.7900,16.8000,16.7900,16.8000,695,0
ACP.US,5,20131209,184000,16.8000,16.8000,16.8000,16.8000,100,0
ACP.US,5,20131209,184500,16.8000,16.8000,16.8000,16.8000,200,0
ACP.US,5,20131209,185000,16.8000,16.8300,16.8000,16.8300,200,0
ACP.US,5,20131209,185500,16.8000,16.8000,16.8000,16.8000,200,0
ACP.US,5,20131209,190000,16.8000,16.8000,16.8000,16.8000,200,0
ACP.US,5,20131209,190500,16.8000,16.8300,16.8000,16.8300,4000,0
ACP.US,5,20131209,191000,16.8000,16.8000,16.8000,16.8000,100,0
ACP.US,5,20131209,191500,16.8000,16.8300,16.8000,16.8300,200,0
ACP.US,5,20131209,192000,16.8300,16.8300,16.8000,16.8000,200,0
ACP.US,5,20131209,192500,16.8300,16.8300,16.8000,16.8000,300,0
ACP.US,5,20131209,193000,16.8000,16.8300,16.8000,16.8100,1811,0
ACP.US,5,20131209,193500,16.8100,16.8100,16.8000,16.8000,300,0
ACP.US,5,20131209,194000,16.8100,16.8100,16.8100,16.8100,300,0
ACP.US,5,20131209,194500,16.8100,16.8100,16.8000,16.8100,475,0
ACP.US,5,20131209,195000,16.8100,16.8100,16.8000,16.8100,9644,0
ACP.US,5,20131209,195500,16.8000,16.8300,16.8000,16.8300,5744,0
ACP.US,5,20131209,200000,16.8200,16.8400,16.8200,16.8400,1300,0
ACP.US,5,20131209,200500,16.8400,16.8400,16.8400,16.8400,300,0
ACP.US,5,20131209,201000,16.8400,16.8400,16.8400,16.8400,500,0
ACP.US,5,20131209,201500,16.8200,16.8300,16.8100,16.8300,3300,0
ACP.US,5,20131209,202000,16.8200,16.8300,16.8200,16.8300,1176,0
ACP.US,5,20131209,202500,16.8300,16.8300,16.8200,16.8200,1953,0
ACP.US,5,20131209,203000,16.8300,16.8300,16.8100,16.8100,300,0
ACP.US,5,20131209,203500,16.8300,16.8300,16.8100,16.8100,645,0
ACP.US,5,20131209,204000,16.8200,16.8200,16.8200,16.8200,200,0
ACP.US,5,20131209,204500,16.8000,16.8200,16.8000,16.8000,1246,0
ACP.US,5,20131209,205000,16.8200,16.8200,16.8000,16.8000,200,0
ACP.US,5,20131209,205500,16.8200,16.8200,16.8000,16.8000,600,0
ACP.US,5,20131209,210000,16.8200,16.8300,16.8200,16.8300,200,0
ACP.US,5,20131209,210500,16.8300,16.8300,16.8300,16.8300,100,0
ACP.US,5,20131209,211000,16.8100,16.8300,16.8100,16.8300,2100,0
ACP.US,5,20131209,211500,16.8300,16.8300,16.8300,16.8300,100,0
ACP.US,5,20131209,212000,16.8400,16.8400,16.8400,16.8400,200,0
ACP.US,5,20131209,212500,16.8400,16.8400,16.8100,16.8100,2267,0
ACP.US,5,20131209,213000,16.8300,16.8300,16.8100,16.8100,700,0
ACP.US,5,20131209,214000,16.8300,16.8300,16.8300,16.8300,100,0
ACP.US,5,20131209,214500,16.8300,16.8300,16.8100,16.8100,400,0
ACP.US,5,20131209,215000,16.8300,16.8300,16.8300,16.8300,300,0
ACP.US,5,20131209,215500,16.8300,16.8300,16.8100,16.8100,700,0
ACP.US,5,20131209,220000,16.8100,16.8500,16.8100,16.8400,1400,0
ACP.US,5,20131209,220500,16.8900,16.8900,16.8900,16.8900,1189,0
