<TICKER>,<PER>,<DTYYYYMMDD>,<TIME>,<OPEN>,<HIGH>,<LOW>,<CLOSE>,<VOL>,<OPENINT>
AGI.US,5,20131112,153500,13.6800,13.7100,13.6700,13.7100,900,0
AGI.US,5,20131112,154000,13.6600,13.6900,13.6500,13.6500,800,0
AGI.US,5,20131112,154500,13.6500,13.6500,13.5400,13.6100,2401,0
AGI.US,5,20131112,155000,13.5900,13.6500,13.5500,13.6500,1600,0
AGI.US,5,20131112,155500,13.5900,13.7700,13.5600,13.7600,2550,0
AGI.US,5,20131112,160000,13.7500,13.8300,13.7500,13.8300,3201,0
AGI.US,5,20131112,160500,13.7200,13.7200,13.6300,13.6700,2722,0
AGI.US,5,20131112,161000,13.6600,13.7400,13.6600,13.6900,3100,0
AGI.US,5,20131112,161500,13.6800,13.6800,13.6800,13.6800,600,0
AGI.US,5,20131112,162000,13.5800,13.5800,13.5100,13.5300,2181,0
AGI.US,5,20131112,162500,13.5100,13.5300,13.5000,13.5000,7600,0
AGI.US,5,20131112,163000,13.5000,13.5400,13.5000,13.5300,1600,0
AGI.US,5,20131112,164000,13.5600,13.5800,13.5600,13.5800,500,0
AGI.US,5,20131112,164500,13.6000,13.6100,13.6000,13.6100,400,0
AGI.US,5,20131112,165000,13.5800,13.6000,13.5800,13.6000,300,0
AGI.US,5,20131112,165500,13.5100,13.5100,13.5100,13.5100,174,0
AGI.US,5,20131112,170000,13.5600,13.5600,13.5300,13.5300,500,0
AGI.US,5,20131112,170500,13.5300,13.5300,13.4000,13.4000,2702,0
AGI.US,5,20131112,171000,13.4500,13.4600,13.3000,13.3000,1123,0
AGI.US,5,20131112,171500,13.3500,13.3600,13.3400,13.3400,503,0
AGI.US,5,20131112,172000,13.3300,13.3300,13.3000,13.3000,200,0
AGI.US,5,20131112,172500,13.2700,13.2700,13.2700,13.2700,500,0
AGI.US,5,20131112,173000,13.2600,13.2800,13.2600,13.2700,2000,0
AGI.US,5,20131112,173500,13.3000,13.3600,13.3000,13.3600,500,0
AGI.US,5,20131112,174000,13.3200,13.3400,13.3200,13.3400,1100,0
AGI.US,5,20131112,174500,13.3400,13.3400,13.2700,13.2700,630,0
AGI.US,5,20131112,175000,13.2700,13.2700,13.2500,13.2600,4138,0
AGI.US,5,20131112,175500,13.2600,13.2600,13.2400,13.2400,500,0
AGI.US,5,20131112,180000,13.2100,13.2200,13.2100,13.2100,600,0
AGI.US,5,20131112,180500,13.2100,13.2900,13.1900,13.2700,4903,0
AGI.US,5,20131112,181000,13.2300,13.2300,13.1800,13.2100,800,0
AGI.US,5,20131112,181500,13.2200,13.3500,13.2200,13.3000,1900,0
AGI.US,5,20131112,182000,13.2900,13.3100,13.2900,13.3100,1100,0
AGI.US,5,20131112,182500,13.3100,13.3200,13.2700,13.2800,800,0
AGI.US,5,20131112,183000,13.3300,13.3300,13.3100,13.3100,200,0
AGI.US,5,20131112,183500,13.2900,13.2900,13.2600,13.2600,600,0
AGI.US,5,20131112,184000,13.2600,13.2800,13.2600,13.2600,600,0
AGI.US,5,20131112,184500,13.2500,13.2600,13.2100,13.2100,1500,0
AGI.US,5,20131112,185000,13.2200,13.2200,13.2200,13.2200,200,0
AGI.US,5,20131112,185500,13.2200,13.2400,13.2200,13.2400,500,0
AGI.US,5,20131112,190000,13.2000,13.2600,13.2000,13.2500,3000,0
AGI.US,5,20131112,190500,13.2400,13.2700,13.2400,13.2700,500,0
AGI.US,5,20131112,191000,13.2500,13.2600,13.2100,13.2200,1600,0
AGI.US,5,20131112,191500,13.2100,13.2200,13.1900,13.2000,1784,0
AGI.US,5,20131112,192000,13.2100,13.2100,13.1900,13.1900,4500,0
AGI.US,5,20131112,192500,13.1900,13.2200,13.1900,13.2000,2500,0
AGI.US,5,20131112,193000,13.1800,13.2000,13.1300,13.1300,2400,0
AGI.US,5,20131112,193500,13.1600,13.2000,13.1400,13.1600,3800,0
AGI.US,5,20131112,194000,13.1600,13.2000,13.1600,13.1600,1500,0
AGI.US,5,20131112,194500,13.1400,13.1900,13.1400,13.1900,1000,0
AGI.US,5,20131112,195000,13.1700,13.1700,13.1300,13.1300,500,0
AGI.US,5,20131112,195500,13.1700,13.2100,13.1500,13.2100,3603,0
AGI.US,5,20131112,200000,13.1700,13.1900,13.1700,13.1800,300,0
AGI.US,5,20131112,200500,13.1500,13.1600,13.1200,13.1300,1450,0
AGI.US,5,20131112,201000,13.1000,13.1200,13.1000,13.1000,1550,0
AGI.US,5,20131112,201500,13.1100,13.1400,13.0900,13.0900,1400,0
AGI.US,5,20131112,202000,13.0900,13.1200,13.0500,13.1200,3257,0
AGI.US,5,20131112,202500,13.0900,13.1300,13.0900,13.0900,2250,0
AGI.US,5,20131112,203000,13.0700,13.1000,13.0700,13.1000,850,0
AGI.US,5,20131112,203500,13.0800,13.1200,13.0800,13.1200,802,0
AGI.US,5,20131112,204000,13.0900,13.0900,13.0400,13.0400,2100,0
AGI.US,5,20131112,204500,13.0500,13.1000,13.0500,13.0600,3902,0
AGI.US,5,20131112,205000,13.0500,13.0600,13.0300,13.0400,1100,0
AGI.US,5,20131112,205500,13.0500,13.0800,13.0400,13.0800,1700,0
AGI.US,5,20131112,210000,13.0900,13.2200,13.0800,13.2100,4631,0
AGI.US,5,20131112,210500,13.1900,13.2100,13.1600,13.2100,1200,0
AGI.US,5,20131112,211000,13.2000,13.2200,13.1900,13.2000,9124,0
AGI.US,5,20131112,211500,13.2000,13.2100,13.1700,13.1700,1100,0
AGI.US,5,20131112,212000,13.2000,13.2000,13.1700,13.1900,1100,0
AGI.US,5,20131112,212500,13.1600,13.1700,13.1500,13.1600,3800,0
AGI.US,5,20131112,213000,13.1600,13.1600,13.1400,13.1600,800,0
AGI.US,5,20131112,213500,13.1600,13.2700,13.1600,13.2700,6963,0
AGI.US,5,20131112,214000,13.2700,13.2700,13.1900,13.1900,2000,0
AGI.US,5,20131112,214500,13.1800,13.2100,13.1700,13.1700,3507,0
AGI.US,5,20131112,215000,13.1800,13.2300,13.1800,13.2300,1800,0
AGI.US,5,20131112,215500,13.2400,13.2700,13.2200,13.2200,6300,0
AGI.US,5,20131112,220000,13.2300,13.2300,13.1700,13.1800,16843,0
AGI.US,5,20131112,220500,13.2000,13.2000,13.2000,13.2000,2478,0
AGI.US,5,20131113,153500,13.2000,13.4800,13.1900,13.4500,11502,0
AGI.US,5,20131113,154000,13.4300,13.4700,13.3500,13.4300,22902,0
AGI.US,5,20131113,154500,13.4000,13.4400,13.3500,13.3500,3050,0
AGI.US,5,20131113,155000,13.4100,13.4200,13.3700,13.3700,2400,0
AGI.US,5,20131113,155500,13.3300,13.3300,13.1300,13.1400,17203,0
AGI.US,5,20131113,160000,13.0900,13.1000,13.0400,13.0800,2499,0
AGI.US,5,20131113,160500,13.0800,13.1000,13.0700,13.1000,500,0
AGI.US,5,20131113,161000,13.1100,13.1300,13.1000,13.1300,500,0
AGI.US,5,20131113,161500,13.1300,13.1300,13.0600,13.0600,600,0
AGI.US,5,20131113,162000,13.1000,13.1200,13.1000,13.1200,700,0
AGI.US,5,20131113,162500,13.1300,13.1300,13.1300,13.1300,850,0
AGI.US,5,20131113,163500,13.1200,13.1300,13.1200,13.1200,925,0
AGI.US,5,20131113,164000,13.1100,13.1300,13.1100,13.1300,300,0
AGI.US,5,20131113,164500,13.1100,13.1100,13.0400,13.0500,3400,0
AGI.US,5,20131113,165000,13.0700,13.0800,13.0200,13.0800,1752,0
AGI.US,5,20131113,170000,13.1000,13.1200,13.1000,13.1200,300,0
AGI.US,5,20131113,170500,13.1300,13.1900,13.1300,13.1900,700,0
AGI.US,5,20131113,171000,13.1700,13.1800,13.1700,13.1800,200,0
AGI.US,5,20131113,171500,13.1800,13.2100,13.1800,13.1900,1200,0
AGI.US,5,20131113,172000,13.1800,13.1800,13.1500,13.1500,1300,0
AGI.US,5,20131113,172500,13.1900,13.2000,13.1800,13.1900,1500,0
AGI.US,5,20131113,173000,13.1900,13.1900,13.1100,13.1100,800,0
AGI.US,5,20131113,173500,13.1500,13.2300,13.1200,13.2000,1700,0
AGI.US,5,20131113,174500,13.2100,13.2200,13.2100,13.2200,200,0
AGI.US,5,20131113,175000,13.2600,13.2600,13.2500,13.2600,700,0
AGI.US,5,20131113,175500,13.2500,13.2800,13.2200,13.2400,1400,0
AGI.US,5,20131113,180000,13.2200,13.2200,13.2000,13.2100,700,0
AGI.US,5,20131113,180500,13.2700,13.2700,13.2400,13.2500,1200,0
AGI.US,5,20131113,181000,13.2600,13.2600,13.2400,13.2400,600,0
AGI.US,5,20131113,182500,13.1500,13.1700,13.1500,13.1500,1200,0
AGI.US,5,20131113,183500,13.1400,13.1400,13.1000,13.1300,900,0
AGI.US,5,20131113,184500,13.1500,13.1500,13.1500,13.1500,100,0
AGI.US,5,20131113,185000,13.1800,13.1800,13.1800,13.1800,100,0
AGI.US,5,20131113,185500,13.1800,13.1800,13.1700,13.1700,400,0
AGI.US,5,20131113,190000,13.1600,13.1600,13.1200,13.1400,800,0
AGI.US,5,20131113,190500,13.1700,13.1900,13.1700,13.1900,1600,0
AGI.US,5,20131113,191500,13.1800,13.1900,13.1600,13.1600,300,0
AGI.US,5,20131113,192000,13.2000,13.2100,13.2000,13.2100,700,0
AGI.US,5,20131113,193000,13.2200,13.2200,13.1500,13.1700,1103,0
AGI.US,5,20131113,193500,13.1700,13.1800,13.1700,13.1800,200,0
AGI.US,5,20131113,194000,13.1700,13.1700,13.1700,13.1700,2000,0
AGI.US,5,20131113,195000,13.1700,13.1700,13.1700,13.1700,100,0
AGI.US,5,20131113,195500,13.1900,13.2000,13.1900,13.2000,300,0
AGI.US,5,20131113,200500,13.2000,13.2000,13.1900,13.1900,800,0
AGI.US,5,20131113,201000,13.2100,13.2100,13.1800,13.1800,1900,0
AGI.US,5,20131113,201500,13.1800,13.1900,13.1600,13.1800,3100,0
AGI.US,5,20131113,202500,13.1600,13.1800,13.1600,13.1800,800,0
AGI.US,5,20131113,203000,13.1600,13.1600,13.1600,13.1600,200,0
AGI.US,5,20131113,203500,13.1700,13.2000,13.1700,13.2000,2000,0
AGI.US,5,20131113,204000,13.2100,13.2100,13.1700,13.1700,1900,0
AGI.US,5,20131113,204500,13.1800,13.1800,13.1400,13.1400,1300,0
AGI.US,5,20131113,205000,13.1400,13.1600,13.1400,13.1600,700,0
AGI.US,5,20131113,205500,13.1400,13.1600,13.1400,13.1600,625,0
AGI.US,5,20131113,210000,13.1700,13.1700,13.1700,13.1700,100,0
AGI.US,5,20131113,210500,13.1600,13.1600,13.1500,13.1500,400,0
AGI.US,5,20131113,211000,13.1600,13.1800,13.1600,13.1700,900,0
AGI.US,5,20131113,211500,13.1800,13.1900,13.1800,13.1900,650,0
AGI.US,5,20131113,212000,13.1700,13.2000,13.1700,13.2000,200,0
AGI.US,5,20131113,212500,13.2100,13.2200,13.2100,13.2100,1200,0
AGI.US,5,20131113,213000,13.2100,13.2300,13.2100,13.2100,1400,0
AGI.US,5,20131113,213500,13.2200,13.2300,13.2200,13.2300,1200,0
AGI.US,5,20131113,214000,13.2100,13.2200,13.1900,13.2200,600,0
AGI.US,5,20131113,214500,13.2300,13.2400,13.2300,13.2400,400,0
AGI.US,5,20131113,215000,13.2200,13.2400,13.2200,13.2400,301,0
AGI.US,5,20131113,215500,13.2400,13.2400,13.1700,13.1700,3178,0
AGI.US,5,20131113,220000,13.1800,13.2300,13.1600,13.2300,15299,0
AGI.US,5,20131113,220500,13.2300,13.2300,13.1900,13.1900,875,0
AGI.US,5,20131114,153500,13.2900,13.4900,13.2900,13.4800,5442,0
AGI.US,5,20131114,154000,13.4600,13.4600,13.4200,13.4200,400,0
AGI.US,5,20131114,154500,13.4400,13.4400,13.4200,13.4200,877,0
AGI.US,5,20131114,155000,13.4200,13.4600,13.4200,13.4600,902,0
AGI.US,5,20131114,155500,13.4100,13.5100,13.4100,13.4900,1701,0
AGI.US,5,20131114,160000,13.5000,13.5000,13.4500,13.4500,701,0
AGI.US,5,20131114,160500,13.4300,13.4500,13.4100,13.4200,700,0
AGI.US,5,20131114,161000,13.4200,13.4200,13.4200,13.4200,400,0
AGI.US,5,20131114,161500,13.4100,13.4200,13.4100,13.4200,604,0
AGI.US,5,20131114,162000,13.4700,13.5100,13.4700,13.5100,1700,0
AGI.US,5,20131114,162500,13.5100,13.6900,13.5100,13.6100,7602,0
AGI.US,5,20131114,163000,13.6200,13.6200,13.5300,13.5300,600,0
AGI.US,5,20131114,163500,13.4700,13.5300,13.4600,13.4900,4102,0
AGI.US,5,20131114,164000,13.5200,13.5700,13.5200,13.5700,1234,0
AGI.US,5,20131114,164500,13.5500,13.5800,13.4800,13.4800,1667,0
AGI.US,5,20131114,165000,13.4900,13.5400,13.4900,13.5400,800,0
AGI.US,5,20131114,165500,13.5800,13.5800,13.5800,13.5800,200,0
AGI.US,5,20131114,170000,13.5800,13.5800,13.5200,13.5400,2373,0
AGI.US,5,20131114,170500,13.5100,13.5200,13.5000,13.5200,1050,0
AGI.US,5,20131114,171000,13.5200,13.5200,13.5200,13.5200,100,0
AGI.US,5,20131114,171500,13.5500,13.5500,13.5200,13.5200,800,0
AGI.US,5,20131114,172000,13.5100,13.5200,13.5100,13.5200,200,0
AGI.US,5,20131114,172500,13.5700,13.6100,13.5600,13.5600,3539,0
AGI.US,5,20131114,173000,13.5600,13.6000,13.5100,13.5400,3766,0
AGI.US,5,20131114,173500,13.4900,13.5600,13.4900,13.5000,1825,0
AGI.US,5,20131114,174000,13.4900,13.5000,13.4700,13.4700,600,0
AGI.US,5,20131114,174500,13.4500,13.5200,13.4500,13.5200,700,0
AGI.US,5,20131114,175000,13.5200,13.5200,13.5200,13.5200,100,0
AGI.US,5,20131114,175500,13.4900,13.4900,13.4900,13.4900,100,0
AGI.US,5,20131114,180000,13.4900,13.4900,13.4900,13.4900,100,0
AGI.US,5,20131114,180500,13.4900,13.4900,13.4700,13.4900,500,0
AGI.US,5,20131114,181000,13.4900,13.5000,13.4800,13.4800,900,0
AGI.US,5,20131114,181500,13.4500,13.5000,13.4500,13.5000,2381,0
AGI.US,5,20131114,182000,13.4800,13.5100,13.4500,13.4500,1700,0
AGI.US,5,20131114,183000,13.4400,13.4400,13.4400,13.4400,100,0
AGI.US,5,20131114,183500,13.4500,13.4500,13.4500,13.4500,100,0
AGI.US,5,20131114,184000,13.4800,13.5300,13.4700,13.5300,1200,0
AGI.US,5,20131114,184500,13.4800,13.5200,13.4800,13.5200,500,0
AGI.US,5,20131114,185000,13.5100,13.5300,13.4500,13.5300,1208,0
AGI.US,5,20131114,185500,13.5200,13.5200,13.5200,13.5200,100,0
AGI.US,5,20131114,190000,13.5200,13.5300,13.5200,13.5300,900,0
AGI.US,5,20131114,190500,13.5500,13.5600,13.5500,13.5600,1227,0
AGI.US,5,20131114,191000,13.5800,13.5900,13.5800,13.5900,800,0
AGI.US,5,20131114,191500,13.5300,13.5900,13.5300,13.5900,1700,0
AGI.US,5,20131114,192000,13.5900,13.6100,13.5800,13.5800,1400,0
AGI.US,5,20131114,192500,13.5600,13.5700,13.5600,13.5700,1100,0
AGI.US,5,20131114,193000,13.5500,13.6000,13.5500,13.6000,500,0
AGI.US,5,20131114,193500,13.6000,13.6100,13.6000,13.6100,1000,0
AGI.US,5,20131114,194000,13.6200,13.6200,13.5700,13.5900,1500,0
AGI.US,5,20131114,194500,13.5800,13.6100,13.5800,13.6100,300,0
AGI.US,5,20131114,195000,13.6100,13.6300,13.6100,13.6300,600,0
AGI.US,5,20131114,195500,13.6000,13.6000,13.6000,13.6000,100,0
AGI.US,5,20131114,200000,13.6000,13.6500,13.5800,13.6400,1816,0
AGI.US,5,20131114,200500,13.6300,13.6300,13.6300,13.6300,200,0
AGI.US,5,20131114,201500,13.5900,13.6300,13.5900,13.6100,700,0
AGI.US,5,20131114,202000,13.6100,13.6100,13.5800,13.5900,700,0
AGI.US,5,20131114,202500,13.5800,13.5900,13.5400,13.5400,2500,0
AGI.US,5,20131114,203000,13.5600,13.5700,13.5200,13.5500,3809,0
AGI.US,5,20131114,203500,13.5400,13.5700,13.5400,13.5500,1400,0
AGI.US,5,20131114,204000,13.5400,13.5400,13.5400,13.5400,200,0
AGI.US,5,20131114,204500,13.5100,13.5300,13.5100,13.5300,200,0
AGI.US,5,20131114,205000,13.5400,13.5400,13.5200,13.5200,200,0
AGI.US,5,20131114,205500,13.5200,13.5300,13.5200,13.5300,600,0
AGI.US,5,20131114,210000,13.5400,13.5400,13.5300,13.5400,604,0
AGI.US,5,20131114,210500,13.5100,13.5600,13.5100,13.5600,1012,0
AGI.US,5,20131114,211000,13.5500,13.5600,13.5400,13.5600,2200,0
AGI.US,5,20131114,211500,13.5600,13.5800,13.5600,13.5700,8122,0
AGI.US,5,20131114,212000,13.5700,13.5800,13.5500,13.5600,2600,0
AGI.US,5,20131114,212500,13.5600,13.5900,13.5600,13.5600,1200,0
AGI.US,5,20131114,213000,13.5500,13.5700,13.5400,13.5400,1600,0
AGI.US,5,20131114,213500,13.5600,13.5900,13.5500,13.5700,1355,0
AGI.US,5,20131114,214000,13.5700,13.5700,13.5400,13.5400,1300,0
AGI.US,5,20131114,214500,13.5600,13.6100,13.5600,13.6100,2812,0
AGI.US,5,20131114,215000,13.6100,13.6600,13.6100,13.6600,6102,0
AGI.US,5,20131114,215500,13.6600,13.6900,13.6300,13.6900,7621,0
AGI.US,5,20131114,220000,13.6900,13.7200,13.6800,13.7200,12467,0
AGI.US,5,20131114,220500,13.6900,13.6900,13.6900,13.6900,1794,0
AGI.US,5,20131115,153500,13.6900,13.7100,13.5600,13.5600,3548,0
AGI.US,5,20131115,154000,13.5500,13.5800,13.5400,13.5400,900,0
AGI.US,5,20131115,154500,13.5900,13.6500,13.5900,13.6500,1707,0
AGI.US,5,20131115,155000,13.6100,13.6200,13.5600,13.5900,925,0
AGI.US,5,20131115,155500,13.6000,13.6700,13.6000,13.6700,1901,0
AGI.US,5,20131115,160000,13.6700,13.7000,13.6700,13.6700,1050,0
AGI.US,5,20131115,160500,13.6700,13.6700,13.6500,13.6700,1299,0
AGI.US,5,20131115,161000,13.5900,13.6400,13.5900,13.6100,1738,0
AGI.US,5,20131115,161500,13.5800,13.6100,13.5700,13.6100,2200,0
AGI.US,5,20131115,162000,13.6000,13.6300,13.5600,13.5600,1185,0
AGI.US,5,20131115,162500,13.5400,13.5900,13.5400,13.5800,1400,0
AGI.US,5,20131115,163000,13.5500,13.5800,13.5500,13.5800,1100,0
AGI.US,5,20131115,163500,13.5700,13.5700,13.5100,13.5100,900,0
AGI.US,5,20131115,164000,13.5100,13.5100,13.5100,13.5100,200,0
AGI.US,5,20131115,164500,13.5200,13.5600,13.5200,13.5300,2400,0
AGI.US,5,20131115,165000,13.5200,13.5200,13.4800,13.4800,1400,0
AGI.US,5,20131115,170000,13.5100,13.5100,13.4800,13.4800,961,0
AGI.US,5,20131115,170500,13.4800,13.4800,13.4100,13.4100,1150,0
AGI.US,5,20131115,171000,13.4200,13.4200,13.4100,13.4200,900,0
AGI.US,5,20131115,171500,13.4600,13.4900,13.4600,13.4900,1700,0
AGI.US,5,20131115,172000,13.4900,13.4900,13.4400,13.4400,600,0
AGI.US,5,20131115,172500,13.4300,13.4400,13.4100,13.4400,1013,0
AGI.US,5,20131115,173000,13.4400,13.4900,13.4400,13.4900,2263,0
AGI.US,5,20131115,173500,13.4800,13.5600,13.4800,13.5600,3015,0
AGI.US,5,20131115,174000,13.5400,13.5800,13.5400,13.5600,1700,0
AGI.US,5,20131115,174500,13.5400,13.5400,13.5200,13.5200,300,0
AGI.US,5,20131115,175000,13.5200,13.5500,13.5200,13.5500,1000,0
AGI.US,5,20131115,175500,13.5100,13.5800,13.5100,13.5800,2900,0
AGI.US,5,20131115,180000,13.5900,13.6400,13.5900,13.6400,1200,0
AGI.US,5,20131115,180500,13.6200,13.6600,13.6200,13.6600,200,0
AGI.US,5,20131115,181000,13.6600,13.6800,13.6600,13.6800,500,0
AGI.US,5,20131115,181500,13.6600,13.6600,13.6400,13.6500,2601,0
AGI.US,5,20131115,182000,13.6300,13.6300,13.6300,13.6300,100,0
AGI.US,5,20131115,182500,13.6100,13.6100,13.5900,13.5900,200,0
AGI.US,5,20131115,183000,13.6100,13.6300,13.5900,13.6300,700,0
AGI.US,5,20131115,183500,13.6500,13.6700,13.6400,13.6700,819,0
AGI.US,5,20131115,184000,13.6500,13.6800,13.6500,13.6500,400,0
AGI.US,5,20131115,184500,13.6100,13.6100,13.5700,13.5800,1700,0
AGI.US,5,20131115,185500,13.5600,13.5600,13.5600,13.5600,200,0
AGI.US,5,20131115,190000,13.5100,13.5100,13.5100,13.5100,500,0
AGI.US,5,20131115,191500,13.5500,13.5500,13.5400,13.5500,400,0
AGI.US,5,20131115,192500,13.5500,13.5600,13.5300,13.5600,400,0
AGI.US,5,20131115,193000,13.5200,13.5500,13.5200,13.5500,200,0
AGI.US,5,20131115,193500,13.5400,13.5500,13.5400,13.5500,200,0
AGI.US,5,20131115,194000,13.5800,13.6200,13.5800,13.6200,2807,0
AGI.US,5,20131115,194500,13.5800,13.5800,13.5600,13.5600,500,0
AGI.US,5,20131115,195000,13.5500,13.5500,13.5300,13.5300,200,0
AGI.US,5,20131115,200000,13.5300,13.5300,13.5300,13.5300,100,0
AGI.US,5,20131115,201000,13.5300,13.5300,13.5300,13.5300,100,0
AGI.US,5,20131115,201500,13.5300,13.5400,13.5300,13.5300,500,0
AGI.US,5,20131115,202000,13.5400,13.5400,13.4500,13.4500,6100,0
AGI.US,5,20131115,202500,13.4400,13.4800,13.4400,13.4800,1993,0
AGI.US,5,20131115,203000,13.4700,13.5000,13.4700,13.5000,1200,0
AGI.US,5,20131115,203500,13.5000,13.5300,13.5000,13.5300,200,0
AGI.US,5,20131115,204000,13.5300,13.5300,13.5300,13.5300,500,0
AGI.US,5,20131115,205000,13.5100,13.5100,13.5100,13.5100,200,0
AGI.US,5,20131115,205500,13.4800,13.4800,13.4800,13.4800,600,0
AGI.US,5,20131115,210000,13.4800,13.5000,13.4800,13.5000,1300,0
AGI.US,5,20131115,210500,13.4800,13.5200,13.4800,13.5200,1000,0
AGI.US,5,20131115,211000,13.5100,13.6500,13.5000,13.5000,12600,0
AGI.US,5,20131115,211500,13.5100,13.5100,13.5000,13.5000,400,0
AGI.US,5,20131115,212000,13.5100,13.5200,13.5100,13.5200,900,0
AGI.US,5,20131115,212500,13.5200,13.5200,13.4900,13.4900,1100,0
AGI.US,5,20131115,213000,13.4800,13.4800,13.4800,13.4800,300,0
AGI.US,5,20131115,213500,13.4700,13.4700,13.4300,13.4400,4500,0
AGI.US,5,20131115,214000,13.4400,13.4800,13.4400,13.4800,1676,0
AGI.US,5,20131115,214500,13.4500,13.4700,13.4300,13.4700,3311,0
AGI.US,5,20131115,215000,13.4800,13.4800,13.4300,13.4300,900,0
AGI.US,5,20131115,215500,13.4400,13.4400,13.4300,13.4400,900,0
AGI.US,5,20131115,220000,13.4400,13.4400,13.3700,13.3800,23069,0
AGI.US,5,20131115,220500,13.4300,13.4300,13.4300,13.4300,8508,0
AGI.US,5,20131118,153500,13.4200,13.4800,13.4200,13.4700,400,0
AGI.US,5,20131118,154000,13.4600,13.5700,13.4600,13.5300,5550,0
AGI.US,5,20131118,154500,13.5000,13.6000,13.5000,13.6000,1302,0
AGI.US,5,20131118,155000,13.6100,13.6100,13.5400,13.5500,1350,0
AGI.US,5,20131118,160000,13.5100,13.5700,13.5100,13.5200,1300,0
AGI.US,5,20131118,160500,13.5700,13.5900,13.5500,13.5800,721,0
AGI.US,5,20131118,161000,13.5500,13.5600,13.5400,13.5600,604,0
AGI.US,5,20131118,161500,13.5700,13.5900,13.5600,13.5900,1600,0
AGI.US,5,20131118,162000,13.6000,13.6400,13.5900,13.6000,1400,0
AGI.US,5,20131118,162500,13.6300,13.6500,13.6300,13.6500,2900,0
AGI.US,5,20131118,163000,13.6400,13.6700,13.6300,13.6700,3302,0
AGI.US,5,20131118,163500,13.6700,13.7000,13.6700,13.7000,1898,0
AGI.US,5,20131118,164000,13.7000,13.7200,13.6900,13.7200,900,0
AGI.US,5,20131118,164500,13.7400,13.8000,13.7400,13.7600,1311,0
AGI.US,5,20131118,165000,13.7500,13.8000,13.7400,13.8000,1300,0
AGI.US,5,20131118,165500,13.7800,13.7800,13.7000,13.7000,1400,0
AGI.US,5,20131118,170000,13.6900,13.6900,13.6800,13.6800,3300,0
AGI.US,5,20131118,170500,13.6700,13.6700,13.6500,13.6700,500,0
AGI.US,5,20131118,171000,13.6600,13.6900,13.6600,13.6800,3100,0
AGI.US,5,20131118,171500,13.6800,13.6800,13.6700,13.6700,1300,0
AGI.US,5,20131118,172000,13.6700,13.6900,13.5500,13.5500,7249,0
AGI.US,5,20131118,172500,13.5700,13.6100,13.5700,13.6100,1300,0
AGI.US,5,20131118,173000,13.5800,13.5900,13.5700,13.5700,3100,0
AGI.US,5,20131118,173500,13.5800,13.6500,13.5800,13.6500,2201,0
AGI.US,5,20131118,174000,13.6000,13.6000,13.5600,13.5600,800,0
AGI.US,5,20131118,174500,13.5600,13.5600,13.4000,13.4300,9878,0
AGI.US,5,20131118,175000,13.4500,13.4900,13.4200,13.4900,2800,0
AGI.US,5,20131118,175500,13.4600,13.4900,13.4600,13.4900,900,0
AGI.US,5,20131118,180000,13.4900,13.4900,13.4600,13.4800,500,0
AGI.US,5,20131118,180500,13.4900,13.5600,13.4700,13.5300,3700,0
AGI.US,5,20131118,181000,13.5300,13.5500,13.5200,13.5500,2800,0
AGI.US,5,20131118,181500,13.5500,13.5500,13.5300,13.5300,200,0
AGI.US,5,20131118,182000,13.5500,13.5500,13.5000,13.5000,1100,0
AGI.US,5,20131118,182500,13.5000,13.5300,13.4900,13.5300,800,0
AGI.US,5,20131118,183000,13.5300,13.5300,13.5300,13.5300,200,0
AGI.US,5,20131118,183500,13.5000,13.5200,13.4900,13.4900,1300,0
AGI.US,5,20131118,184000,13.4900,13.4900,13.4300,13.4400,1500,0
AGI.US,5,20131118,184500,13.4400,13.4400,13.4400,13.4400,100,0
AGI.US,5,20131118,185000,13.4200,13.4600,13.4200,13.4600,700,0
AGI.US,5,20131118,185500,13.4600,13.4600,13.4600,13.4600,500,0
AGI.US,5,20131118,190000,13.4900,13.4900,13.4700,13.4700,200,0
AGI.US,5,20131118,190500,13.4900,13.4900,13.4900,13.4900,200,0
AGI.US,5,20131118,191000,13.5500,13.5600,13.5500,13.5500,600,0
AGI.US,5,20131118,192000,13.5200,13.5500,13.5200,13.5400,400,0
AGI.US,5,20131118,192500,13.5200,13.5400,13.5200,13.5400,500,0
AGI.US,5,20131118,193500,13.5100,13.5200,13.4900,13.4900,600,0
AGI.US,5,20131118,194000,13.5100,13.5100,13.5100,13.5100,800,0
AGI.US,5,20131118,194500,13.5100,13.5100,13.5100,13.5100,100,0
AGI.US,5,20131118,195000,13.5100,13.5100,13.4800,13.4800,300,0
AGI.US,5,20131118,195500,13.5000,13.5200,13.5000,13.5200,600,0
AGI.US,5,20131118,200000,13.5100,13.5200,13.5100,13.5100,800,0
AGI.US,5,20131118,200500,13.4900,13.4900,13.4900,13.4900,100,0
AGI.US,5,20131118,201000,13.5000,13.5200,13.5000,13.5200,2000,0
AGI.US,5,20131118,201500,13.5200,13.5200,13.5200,13.5200,300,0
AGI.US,5,20131118,202000,13.5300,13.5300,13.5300,13.5300,500,0
AGI.US,5,20131118,202500,13.5200,13.5200,13.5100,13.5200,400,0
AGI.US,5,20131118,203000,13.5200,13.5200,13.5100,13.5100,300,0
AGI.US,5,20131118,203500,13.5200,13.5300,13.5200,13.5300,800,0
AGI.US,5,20131118,204000,13.5000,13.5300,13.5000,13.5300,1700,0
AGI.US,5,20131118,204500,13.5100,13.5100,13.5000,13.5000,1500,0
AGI.US,5,20131118,205000,13.5000,13.5100,13.4800,13.4800,3500,0
AGI.US,5,20131118,205500,13.4900,13.4900,13.4800,13.4800,1100,0
AGI.US,5,20131118,210000,13.5100,13.5200,13.5000,13.5200,2000,0
AGI.US,5,20131118,210500,13.5300,13.5300,13.5200,13.5300,1500,0
AGI.US,5,20131118,211000,13.5400,13.5400,13.5200,13.5200,1800,0
AGI.US,5,20131118,211500,13.5100,13.5100,13.4900,13.5100,2200,0
AGI.US,5,20131118,212000,13.5200,13.5200,13.5000,13.5000,600,0
AGI.US,5,20131118,212500,13.5100,13.5200,13.5100,13.5200,300,0
AGI.US,5,20131118,213000,13.5100,13.5100,13.4900,13.5000,800,0
AGI.US,5,20131118,213500,13.4900,13.4900,13.4700,13.4700,550,0
AGI.US,5,20131118,214000,13.4400,13.4600,13.4400,13.4400,2153,0
AGI.US,5,20131118,214500,13.4500,13.5300,13.4500,13.5200,10000,0
AGI.US,5,20131118,215000,13.5100,13.5600,13.5100,13.5500,12501,0
AGI.US,5,20131118,215500,13.5500,13.5700,13.5300,13.5400,6332,0
AGI.US,5,20131118,220000,13.5400,13.5400,13.4700,13.4700,7422,0
AGI.US,5,20131118,220500,13.5000,13.5000,13.5000,13.5000,1700,0
AGI.US,5,20131119,153500,13.5100,13.5200,13.4900,13.4900,800,0
AGI.US,5,20131119,154000,13.5200,13.5900,13.5200,13.5800,4800,0
AGI.US,5,20131119,154500,13.5600,13.6300,13.5600,13.6300,2001,0
AGI.US,5,20131119,155000,13.6300,13.6400,13.5700,13.6000,1601,0
AGI.US,5,20131119,155500,13.5900,13.6000,13.5700,13.5700,800,0
AGI.US,5,20131119,160000,13.5600,13.6300,13.5000,13.6300,6500,0
AGI.US,5,20131119,160500,13.6000,13.6000,13.5700,13.5700,1400,0
AGI.US,5,20131119,161000,13.5600,13.5700,13.5200,13.5300,2601,0
AGI.US,5,20131119,161500,13.5400,13.5800,13.5200,13.5800,3200,0
AGI.US,5,20131119,162000,13.5900,13.6100,13.5800,13.6000,2700,0
AGI.US,5,20131119,162500,13.5700,13.5700,13.5700,13.5700,100,0
AGI.US,5,20131119,163000,13.5800,13.5800,13.4900,13.4900,900,0
AGI.US,5,20131119,163500,13.4900,13.4900,13.4400,13.4600,2900,0
AGI.US,5,20131119,164500,13.4900,13.4900,13.4900,13.4900,400,0
AGI.US,5,20131119,165000,13.4900,13.4900,13.4700,13.4700,1500,0
AGI.US,5,20131119,165500,13.4900,13.5100,13.4900,13.5100,1300,0
AGI.US,5,20131119,170000,13.5100,13.5200,13.4900,13.5000,1000,0
AGI.US,5,20131119,170500,13.5300,13.5300,13.4900,13.5100,700,0
AGI.US,5,20131119,171000,13.5000,13.5200,13.5000,13.5100,600,0
AGI.US,5,20131119,171500,13.5300,13.5400,13.4600,13.4700,3100,0
AGI.US,5,20131119,172000,13.4600,13.4600,13.4600,13.4600,300,0
AGI.US,5,20131119,172500,13.4600,13.4700,13.4500,13.4700,1000,0
AGI.US,5,20131119,173000,13.4800,13.4900,13.4800,13.4900,300,0
AGI.US,5,20131119,173500,13.4900,13.4900,13.4900,13.4900,700,0
AGI.US,5,20131119,174500,13.4700,13.4700,13.4400,13.4500,1200,0
AGI.US,5,20131119,175000,13.4400,13.4400,13.4400,13.4400,200,0
AGI.US,5,20131119,175500,13.4300,13.4400,13.4200,13.4200,1200,0
AGI.US,5,20131119,180000,13.4100,13.4100,13.3900,13.3900,1900,0
AGI.US,5,20131119,180500,13.3800,13.3900,13.3700,13.3800,600,0
AGI.US,5,20131119,181000,13.4100,13.4200,13.4100,13.4200,500,0
AGI.US,5,20131119,181500,13.4000,13.4000,13.3900,13.3900,500,0
AGI.US,5,20131119,182000,13.4000,13.4000,13.3700,13.3700,800,0
AGI.US,5,20131119,183000,13.3800,13.3900,13.3800,13.3900,900,0
AGI.US,5,20131119,183500,13.3800,13.3800,13.3800,13.3800,700,0
AGI.US,5,20131119,184000,13.4000,13.4200,13.3600,13.3600,17250,0
AGI.US,5,20131119,184500,13.3500,13.3500,13.3300,13.3300,500,0
AGI.US,5,20131119,185000,13.3300,13.3300,13.2900,13.2900,1200,0
AGI.US,5,20131119,185500,13.2900,13.3200,13.2900,13.3200,800,0
AGI.US,5,20131119,190000,13.3000,13.3000,13.2900,13.2900,300,0
AGI.US,5,20131119,191000,13.2700,13.2800,13.2400,13.2400,900,0
AGI.US,5,20131119,191500,13.2600,13.2700,13.2600,13.2700,400,0
AGI.US,5,20131119,192000,13.2900,13.2900,13.2900,13.2900,300,0
AGI.US,5,20131119,193000,13.2800,13.2800,13.2800,13.2800,400,0
AGI.US,5,20131119,193500,13.2600,13.2600,13.2600,13.2600,100,0
AGI.US,5,20131119,194000,13.2900,13.3000,13.2800,13.2800,1500,0
AGI.US,5,20131119,195000,13.2800,13.2800,13.2800,13.2800,300,0
AGI.US,5,20131119,195500,13.2600,13.2800,13.2600,13.2700,700,0
AGI.US,5,20131119,200000,13.2600,13.2600,13.2600,13.2600,618,0
AGI.US,5,20131119,200500,13.2600,13.2900,13.2600,13.2700,1600,0
AGI.US,5,20131119,201000,13.2500,13.2500,13.2500,13.2500,100,0
AGI.US,5,20131119,201500,13.2700,13.2700,13.2400,13.2500,1300,0
AGI.US,5,20131119,202000,13.2300,13.2300,13.2300,13.2300,301,0
AGI.US,5,20131119,202500,13.2300,13.2400,13.2300,13.2300,2500,0
AGI.US,5,20131119,203000,13.2300,13.2300,13.2100,13.2100,2600,0
AGI.US,5,20131119,203500,13.2000,13.2300,13.1700,13.2100,8155,0
AGI.US,5,20131119,204000,13.2200,13.2300,13.2000,13.2300,3645,0
AGI.US,5,20131119,205000,13.2700,13.2900,13.2700,13.2800,1200,0
AGI.US,5,20131119,205500,13.2800,13.2800,13.2800,13.2800,400,0
AGI.US,5,20131119,210000,13.2600,13.2700,13.2300,13.2300,1200,0
AGI.US,5,20131119,210500,13.2200,13.2700,13.2200,13.2700,900,0
AGI.US,5,20131119,211000,13.3000,13.3000,13.3000,13.3000,300,0
AGI.US,5,20131119,211500,13.3000,13.3000,13.3000,13.3000,600,0
AGI.US,5,20131119,212000,13.3000,13.3000,13.3000,13.3000,300,0
AGI.US,5,20131119,212500,13.3000,13.3000,13.2900,13.3000,500,0
AGI.US,5,20131119,213000,13.2800,13.2800,13.2400,13.2600,3200,0
AGI.US,5,20131119,213500,13.2500,13.2600,13.2200,13.2200,1200,0
AGI.US,5,20131119,214000,13.2100,13.2200,13.2100,13.2100,1900,0
AGI.US,5,20131119,214500,13.2100,13.2100,13.1800,13.1800,1000,0
AGI.US,5,20131119,215000,13.1800,13.1900,13.1800,13.1900,1175,0
AGI.US,5,20131119,215500,13.2000,13.2400,13.2000,13.2300,2600,0
AGI.US,5,20131119,220000,13.2300,13.2400,13.2100,13.2400,5747,0
AGI.US,5,20131119,220500,13.2200,13.2200,13.2200,13.2200,200,0
AGI.US,5,20131120,153500,13.0000,13.1000,12.9700,13.0700,5849,0
AGI.US,5,20131120,154000,13.0600,13.0600,12.9700,12.9700,700,0
AGI.US,5,20131120,154500,12.9500,12.9900,12.9500,12.9900,1100,0
AGI.US,5,20131120,155000,13.0000,13.0700,12.9900,13.0500,4500,0
AGI.US,5,20131120,155500,13.0600,13.0800,13.0200,13.0300,5100,0
AGI.US,5,20131120,160000,13.0400,13.0800,13.0200,13.0700,3500,0
AGI.US,5,20131120,160500,13.0400,13.1200,13.0400,13.0700,7400,0
AGI.US,5,20131120,161000,13.0600,13.1400,13.0600,13.1200,5600,0
AGI.US,5,20131120,161500,13.1000,13.1100,13.0500,13.1100,4800,0
AGI.US,5,20131120,162000,13.1100,13.1100,13.0700,13.0900,2516,0
AGI.US,5,20131120,162500,13.0900,13.2000,13.0900,13.1600,9509,0
AGI.US,5,20131120,163000,13.1400,13.2000,13.1100,13.1800,4201,0
AGI.US,5,20131120,163500,13.1700,13.1700,13.0500,13.0700,1500,0
AGI.US,5,20131120,164000,13.0600,13.0700,13.0200,13.0600,1900,0
AGI.US,5,20131120,164500,13.0900,13.1000,13.0700,13.0900,1100,0
AGI.US,5,20131120,165000,13.1100,13.1400,13.1100,13.1200,1101,0
AGI.US,5,20131120,165500,13.1700,13.1700,13.1200,13.1200,600,0
AGI.US,5,20131120,170000,13.1200,13.1200,13.1200,13.1200,300,0
AGI.US,5,20131120,170500,13.1400,13.1600,13.1300,13.1300,1200,0
AGI.US,5,20131120,171000,13.1100,13.1200,13.1100,13.1200,1000,0
AGI.US,5,20131120,171500,13.1200,13.1300,13.1200,13.1300,300,0
AGI.US,5,20131120,172000,13.1300,13.1700,13.1300,13.1500,1400,0
AGI.US,5,20131120,172500,13.1700,13.1700,13.1100,13.1100,1200,0
AGI.US,5,20131120,173000,13.1000,13.1400,13.0600,13.1200,1900,0
AGI.US,5,20131120,173500,13.1200,13.1900,13.1200,13.1900,1900,0
AGI.US,5,20131120,174000,13.1700,13.1700,13.1100,13.1200,3033,0
AGI.US,5,20131120,174500,13.1200,13.1200,13.1200,13.1200,400,0
AGI.US,5,20131120,175000,13.1100,13.1300,13.1100,13.1300,1800,0
AGI.US,5,20131120,175500,13.1200,13.1300,13.1200,13.1300,1600,0
AGI.US,5,20131120,180500,13.1300,13.1300,13.1000,13.1200,800,0
AGI.US,5,20131120,181000,13.1300,13.1300,13.1200,13.1200,400,0
AGI.US,5,20131120,181500,13.1200,13.1400,13.1200,13.1400,951,0
AGI.US,5,20131120,182000,13.1300,13.1500,13.1300,13.1500,600,0
AGI.US,5,20131120,182500,13.1300,13.1300,13.1200,13.1200,200,0
AGI.US,5,20131120,183000,13.1100,13.1100,13.1100,13.1100,300,0
AGI.US,5,20131120,183500,13.1100,13.1100,13.1100,13.1100,300,0
AGI.US,5,20131120,184000,13.1100,13.1600,13.1100,13.1300,1200,0
AGI.US,5,20131120,184500,13.1100,13.1500,13.1100,13.1500,500,0
AGI.US,5,20131120,185000,13.1700,13.1700,13.1700,13.1700,800,0
AGI.US,5,20131120,185500,13.2100,13.2100,13.2100,13.2100,300,0
AGI.US,5,20131120,190000,13.2000,13.2200,13.2000,13.2200,500,0
AGI.US,5,20131120,190500,13.2200,13.2500,13.2200,13.2300,900,0
AGI.US,5,20131120,191000,13.2200,13.2300,13.1900,13.1900,900,0
AGI.US,5,20131120,191500,13.2000,13.2000,13.2000,13.2000,100,0
AGI.US,5,20131120,192000,13.2200,13.2200,13.2000,13.2000,600,0
AGI.US,5,20131120,192500,13.1900,13.2000,13.1900,13.2000,2300,0
AGI.US,5,20131120,193000,13.2100,13.2100,13.1900,13.1900,500,0
AGI.US,5,20131120,193500,13.1700,13.1800,13.1600,13.1600,500,0
AGI.US,5,20131120,194000,13.1600,13.1600,13.1400,13.1500,1028,0
AGI.US,5,20131120,194500,13.1500,13.1600,13.1500,13.1600,477,0
AGI.US,5,20131120,195000,13.1800,13.1800,13.1500,13.1500,400,0
AGI.US,5,20131120,195500,13.1800,13.1800,13.1300,13.1400,1705,0
AGI.US,5,20131120,200000,13.1300,13.1400,13.1300,13.1400,1104,0
AGI.US,5,20131120,200500,13.0900,13.1800,13.0300,13.1200,8218,0
AGI.US,5,20131120,201000,13.1100,13.1200,13.0600,13.0700,1402,0
AGI.US,5,20131120,201500,13.1100,13.1500,13.0600,13.0700,3503,0
AGI.US,5,20131120,202000,13.0300,13.1200,13.0300,13.1200,1800,0
AGI.US,5,20131120,202500,13.0900,13.0900,13.0100,13.0700,1100,0
AGI.US,5,20131120,203000,13.0500,13.0500,12.9900,12.9900,1905,0
AGI.US,5,20131120,203500,12.9900,13.0100,12.9400,12.9400,1901,0
AGI.US,5,20131120,204000,12.9300,12.9300,12.9100,12.9300,5004,0
AGI.US,5,20131120,204500,12.9100,12.9100,12.9000,12.9000,2519,0
AGI.US,5,20131120,205000,12.9000,12.9000,12.8600,12.9000,3701,0
AGI.US,5,20131120,205500,12.8900,12.9000,12.8900,12.9000,300,0
AGI.US,5,20131120,210000,12.8700,12.8800,12.8400,12.8400,3995,0
AGI.US,5,20131120,210500,12.8400,12.8500,12.7500,12.7500,8925,0
AGI.US,5,20131120,211000,12.7400,12.7800,12.7300,12.7400,4540,0
AGI.US,5,20131120,211500,12.7800,12.8000,12.7400,12.7400,3950,0
AGI.US,5,20131120,212000,12.7700,12.8000,12.7500,12.7500,4645,0
AGI.US,5,20131120,212500,12.7500,12.8800,12.7500,12.8600,7438,0
AGI.US,5,20131120,213000,12.8500,12.8500,12.8200,12.8300,900,0
AGI.US,5,20131120,213500,12.8100,12.8100,12.8000,12.8100,800,0
AGI.US,5,20131120,214000,12.8400,12.8400,12.8400,12.8400,700,0
AGI.US,5,20131120,214500,12.8200,12.8600,12.8000,12.8600,4476,0
AGI.US,5,20131120,215000,12.8500,12.8500,12.7500,12.8300,5975,0
AGI.US,5,20131120,215500,12.8200,12.8400,12.7700,12.8200,2702,0
AGI.US,5,20131120,220000,12.8200,12.8300,12.7600,12.7800,12271,0
AGI.US,5,20131120,220500,12.7700,12.7700,12.7700,12.7700,3698,0
AGI.US,5,20131121,153500,12.6500,12.6600,12.5200,12.5400,2805,0
AGI.US,5,20131121,154000,12.5300,12.6800,12.5300,12.5900,6700,0
AGI.US,5,20131121,154500,12.5800,12.6300,12.5400,12.5400,2801,0
AGI.US,5,20131121,155000,12.5400,12.5900,12.4700,12.5500,3300,0
AGI.US,5,20131121,155500,12.5100,12.5900,12.5100,12.5800,3002,0
AGI.US,5,20131121,160000,12.5900,12.6700,12.5600,12.6600,5900,0
AGI.US,5,20131121,160500,12.6800,12.7100,12.6000,12.6700,4900,0
AGI.US,5,20131121,161000,12.6200,12.6700,12.5800,12.5900,15800,0
AGI.US,5,20131121,161500,12.5800,12.5800,12.4200,12.4200,4800,0
AGI.US,5,20131121,162000,12.4500,12.5900,12.4500,12.5800,7106,0
AGI.US,5,20131121,162500,12.5800,12.6400,12.5400,12.5400,6079,0
AGI.US,5,20131121,163000,12.5400,12.5400,12.5200,12.5200,1100,0
AGI.US,5,20131121,163500,12.5300,12.5700,12.5300,12.5500,1300,0
AGI.US,5,20131121,164000,12.5600,12.6300,12.5600,12.6300,2300,0
AGI.US,5,20131121,164500,12.6200,12.6200,12.5700,12.5700,800,0
AGI.US,5,20131121,165000,12.5700,12.6100,12.5700,12.5900,1200,0
AGI.US,5,20131121,165500,12.6000,12.6400,12.6000,12.6300,2900,0
AGI.US,5,20131121,170000,12.6300,12.6400,12.6100,12.6300,1200,0
AGI.US,5,20131121,170500,12.6000,12.6000,12.6000,12.6000,200,0
AGI.US,5,20131121,171000,12.5900,12.6100,12.5700,12.6100,1600,0
AGI.US,5,20131121,171500,12.6100,12.6200,12.6000,12.6100,500,0
AGI.US,5,20131121,172000,12.5900,12.6300,12.5900,12.6200,4102,0
AGI.US,5,20131121,172500,12.6200,12.6400,12.5700,12.5800,1500,0
AGI.US,5,20131121,173000,12.5800,12.5800,12.5000,12.5200,2900,0
AGI.US,5,20131121,173500,12.5200,12.5300,12.5200,12.5300,2000,0
AGI.US,5,20131121,174000,12.5400,12.5400,12.4900,12.4900,1252,0
AGI.US,5,20131121,174500,12.4700,12.4900,12.4100,12.4200,6200,0
AGI.US,5,20131121,175000,12.4300,12.4700,12.4300,12.4700,1509,0
AGI.US,5,20131121,175500,12.4700,12.4700,12.4400,12.4400,4600,0
AGI.US,5,20131121,180000,12.4600,12.4600,12.4200,12.4200,2200,0
AGI.US,5,20131121,180500,12.4300,12.4300,12.4200,12.4200,200,0
AGI.US,5,20131121,181000,12.4200,12.4400,12.4200,12.4300,1000,0
AGI.US,5,20131121,181500,12.4300,12.4800,12.4300,12.4800,1300,0
AGI.US,5,20131121,182000,12.5000,12.5000,12.4600,12.4900,1600,0
AGI.US,5,20131121,182500,12.5000,12.5700,12.5000,12.5700,850,0
AGI.US,5,20131121,183000,12.5600,12.5600,12.5400,12.5400,2400,0
AGI.US,5,20131121,183500,12.5500,12.5900,12.5500,12.5600,1100,0
AGI.US,5,20131121,184000,12.5500,12.5900,12.5500,12.5800,4100,0
AGI.US,5,20131121,184500,12.5700,12.5800,12.5500,12.5600,1600,0
AGI.US,5,20131121,185000,12.5500,12.5700,12.5500,12.5700,1500,0
AGI.US,5,20131121,185500,12.5700,12.5700,12.5100,12.5300,2600,0
AGI.US,5,20131121,190000,12.5300,12.5300,12.5000,12.5100,1200,0
AGI.US,5,20131121,190500,12.5200,12.5200,12.5100,12.5200,1100,0
AGI.US,5,20131121,191000,12.5300,12.5300,12.5300,12.5300,200,0
AGI.US,5,20131121,191500,12.5300,12.5500,12.5300,12.5300,1300,0
AGI.US,5,20131121,192000,12.5400,12.5400,12.5200,12.5400,900,0
AGI.US,5,20131121,192500,12.5400,12.5500,12.5400,12.5400,300,0
AGI.US,5,20131121,193000,12.5500,12.5500,12.5300,12.5500,1600,0
AGI.US,5,20131121,193500,12.5100,12.5300,12.5100,12.5200,1002,0
AGI.US,5,20131121,194000,12.5300,12.5400,12.5300,12.5400,300,0
AGI.US,5,20131121,194500,12.5500,12.5600,12.5300,12.5300,3300,0
AGI.US,5,20131121,195000,12.5600,12.5700,12.5400,12.5700,800,0
AGI.US,5,20131121,195500,12.5600,12.5600,12.5400,12.5400,1200,0
AGI.US,5,20131121,200000,12.5400,12.5700,12.5100,12.5100,1800,0
AGI.US,5,20131121,200500,12.5100,12.5100,12.5100,12.5100,100,0
AGI.US,5,20131121,201000,12.5300,12.5500,12.5200,12.5200,1404,0
AGI.US,5,20131121,202000,12.5200,12.5200,12.5100,12.5100,600,0
AGI.US,5,20131121,202500,12.5100,12.5300,12.5100,12.5300,300,0
AGI.US,5,20131121,203000,12.5200,12.5200,12.5200,12.5200,200,0
AGI.US,5,20131121,203500,12.5100,12.5200,12.5100,12.5200,300,0
AGI.US,5,20131121,204000,12.5200,12.5200,12.5100,12.5100,300,0
AGI.US,5,20131121,204500,12.5200,12.5200,12.5100,12.5100,600,0
AGI.US,5,20131121,205000,12.5100,12.5200,12.5000,12.5100,1000,0
AGI.US,5,20131121,205500,12.4900,12.4900,12.4500,12.4500,3000,0
AGI.US,5,20131121,210000,12.4500,12.4800,12.4400,12.4400,1900,0
AGI.US,5,20131121,210500,12.4600,12.4700,12.4300,12.4300,4600,0
AGI.US,5,20131121,211000,12.4400,12.4400,12.3900,12.4000,6400,0
AGI.US,5,20131121,211500,12.3900,12.4000,12.3800,12.3800,2300,0
AGI.US,5,20131121,212000,12.3800,12.4300,12.3800,12.4200,1900,0
AGI.US,5,20131121,212500,12.4300,12.4800,12.4300,12.4800,1600,0
AGI.US,5,20131121,213000,12.4700,12.4700,12.4100,12.4300,2800,0
AGI.US,5,20131121,213500,12.4300,12.4600,12.4300,12.4600,1500,0
AGI.US,5,20131121,214000,12.4600,12.5100,12.4600,12.5100,4100,0
AGI.US,5,20131121,214500,12.5000,12.5400,12.4800,12.5400,6083,0
AGI.US,5,20131121,215000,12.5400,12.5800,12.5300,12.5700,10312,0
AGI.US,5,20131121,215500,12.5700,12.6000,12.5300,12.6000,5839,0
AGI.US,5,20131121,220000,12.6000,12.6100,12.5900,12.5900,5933,0
AGI.US,5,20131121,220500,12.6000,12.6000,12.6000,12.6000,8204,0
AGI.US,5,20131122,153500,12.7300,12.9400,12.6700,12.8200,14300,0
AGI.US,5,20131122,154000,12.8200,12.9100,12.7800,12.7800,5201,0
AGI.US,5,20131122,154500,12.8200,12.9300,12.8200,12.8900,5900,0
AGI.US,5,20131122,155000,12.9100,12.9400,12.8700,12.9100,3696,0
AGI.US,5,20131122,155500,12.9200,12.9300,12.8600,12.8600,1200,0
AGI.US,5,20131122,160000,12.8600,12.8600,12.7800,12.8200,1300,0
AGI.US,5,20131122,160500,12.8200,12.8300,12.7700,12.8100,2100,0
AGI.US,5,20131122,161000,12.8200,12.8200,12.7100,12.7100,6500,0
AGI.US,5,20131122,161500,12.7200,12.7200,12.7000,12.7000,1100,0
AGI.US,5,20131122,162000,12.6800,12.7700,12.6800,12.7600,2300,0
AGI.US,5,20131122,162500,12.7600,12.7900,12.7600,12.7600,2250,0
AGI.US,5,20131122,163000,12.7800,12.8000,12.7700,12.7800,3150,0
AGI.US,5,20131122,163500,12.7800,12.7800,12.6600,12.6600,1800,0
AGI.US,5,20131122,164000,12.6400,12.7000,12.6400,12.6800,1500,0
AGI.US,5,20131122,164500,12.6900,12.7100,12.6700,12.6800,800,0
AGI.US,5,20131122,165000,12.6800,12.6800,12.6300,12.6400,1300,0
AGI.US,5,20131122,165500,12.6600,12.6600,12.6400,12.6500,300,0
AGI.US,5,20131122,170000,12.6600,12.7000,12.6400,12.6800,1600,0
AGI.US,5,20131122,170500,12.6600,12.6600,12.5800,12.5800,869,0
AGI.US,5,20131122,171000,12.5900,12.6200,12.5900,12.6200,1369,0
AGI.US,5,20131122,171500,12.6100,12.6100,12.5600,12.5800,1068,0
AGI.US,5,20131122,172000,12.5900,12.5900,12.5600,12.5700,1500,0
AGI.US,5,20131122,172500,12.5800,12.6200,12.5800,12.6200,3600,0
AGI.US,5,20131122,173000,12.6100,12.6300,12.5900,12.6300,1500,0
AGI.US,5,20131122,173500,12.6200,12.6300,12.4200,12.5000,14400,0
AGI.US,5,20131122,174000,12.5000,12.5500,12.5000,12.5500,3300,0
AGI.US,5,20131122,174500,12.5400,12.5900,12.5300,12.5900,2700,0
AGI.US,5,20131122,175000,12.5900,12.5900,12.5300,12.5300,2100,0
AGI.US,5,20131122,175500,12.5300,12.5600,12.5300,12.5600,1500,0
AGI.US,5,20131122,180000,12.5500,12.6000,12.5500,12.6000,1900,0
AGI.US,5,20131122,180500,12.6000,12.6000,12.5800,12.5800,600,0
AGI.US,5,20131122,181000,12.5800,12.5900,12.5000,12.5000,1600,0
AGI.US,5,20131122,181500,12.5200,12.5600,12.5200,12.5600,400,0
AGI.US,5,20131122,182000,12.5900,12.6100,12.5900,12.6100,400,0
AGI.US,5,20131122,182500,12.6100,12.6500,12.6100,12.6500,1126,0
AGI.US,5,20131122,183000,12.6700,12.6700,12.5900,12.5900,2500,0
AGI.US,5,20131122,183500,12.5600,12.5600,12.5500,12.5500,1400,0
AGI.US,5,20131122,184000,12.5400,12.5400,12.5200,12.5200,900,0
AGI.US,5,20131122,184500,12.5400,12.5800,12.5400,12.5800,600,0
AGI.US,5,20131122,185000,12.5700,12.5800,12.5300,12.5300,1500,0
AGI.US,5,20131122,185500,12.5300,12.5400,12.5300,12.5400,200,0
AGI.US,5,20131122,190000,12.5400,12.5600,12.5200,12.5300,2200,0
AGI.US,5,20131122,190500,12.5100,12.5200,12.4400,12.4400,3500,0
AGI.US,5,20131122,191000,12.4700,12.4900,12.4700,12.4900,300,0
AGI.US,5,20131122,191500,12.4900,12.4900,12.4700,12.4900,300,0
AGI.US,5,20131122,192000,12.4900,12.5200,12.4800,12.5200,1500,0
AGI.US,5,20131122,192500,12.5100,12.5100,12.5100,12.5100,400,0
AGI.US,5,20131122,193000,12.5000,12.5200,12.5000,12.5000,900,0
AGI.US,5,20131122,193500,12.5200,12.5200,12.5100,12.5200,3400,0
AGI.US,5,20131122,194000,12.5000,12.5100,12.5000,12.5100,455,0
AGI.US,5,20131122,194500,12.5200,12.5400,12.5200,12.5300,900,0
AGI.US,5,20131122,195000,12.5300,12.5300,12.5200,12.5200,1300,0
AGI.US,5,20131122,195500,12.5000,12.5000,12.4900,12.4900,1700,0
AGI.US,5,20131122,200000,12.4900,12.4900,12.4200,12.4200,3700,0
AGI.US,5,20131122,200500,12.4300,12.4300,12.4200,12.4300,1400,0
AGI.US,5,20131122,201000,12.4400,12.4700,12.4400,12.4600,600,0
AGI.US,5,20131122,201500,12.4700,12.4800,12.4200,12.4200,1800,0
AGI.US,5,20131122,202000,12.4200,12.4200,12.4100,12.4200,1900,0
AGI.US,5,20131122,202500,12.4300,12.4500,12.4300,12.4300,700,0
AGI.US,5,20131122,203000,12.4400,12.4500,12.4400,12.4400,2000,0
AGI.US,5,20131122,203500,12.4400,12.4400,12.4400,12.4400,300,0
AGI.US,5,20131122,204000,12.4600,12.4800,12.4600,12.4600,1200,0
AGI.US,5,20131122,204500,12.5500,12.5500,12.5000,12.5000,1500,0
AGI.US,5,20131122,205000,12.5100,12.5500,12.5100,12.5500,800,0
AGI.US,5,20131122,205500,12.5300,12.5400,12.5200,12.5200,800,0
AGI.US,5,20131122,210000,12.5300,12.5700,12.5200,12.5500,2100,0
AGI.US,5,20131122,210500,12.5400,12.5400,12.5300,12.5300,700,0
AGI.US,5,20131122,211000,12.5200,12.5300,12.5100,12.5100,600,0
AGI.US,5,20131122,211500,12.5000,12.5200,12.4800,12.5100,2500,0
AGI.US,5,20131122,212000,12.5000,12.5000,12.5000,12.5000,500,0
AGI.US,5,20131122,212500,12.5100,12.5200,12.4900,12.5100,2000,0
AGI.US,5,20131122,213000,12.4900,12.5000,12.4700,12.4700,1700,0
AGI.US,5,20131122,213500,12.4900,12.5100,12.4900,12.5100,1400,0
AGI.US,5,20131122,214000,12.5200,12.5200,12.5100,12.5200,900,0
AGI.US,5,20131122,214500,12.5100,12.5100,12.4900,12.5100,3901,0
AGI.US,5,20131122,215000,12.4900,12.5000,12.4800,12.4900,1600,0
AGI.US,5,20131122,215500,12.4700,12.4700,12.4400,12.4600,2531,0
AGI.US,5,20131122,220000,12.4400,12.4500,12.3500,12.3900,22487,0
AGI.US,5,20131122,220500,12.4100,12.4100,12.4100,12.4100,2311,0
AGI.US,5,20131125,153500,12.1800,12.1800,12.0100,12.0800,4300,0
AGI.US,5,20131125,154000,12.0700,12.2800,12.0700,12.2400,3307,0
AGI.US,5,20131125,154500,12.2500,12.3200,12.2400,12.2500,4000,0
AGI.US,5,20131125,155000,12.2400,12.2400,12.1400,12.1400,1000,0
AGI.US,5,20131125,155500,12.1400,12.2600,12.1400,12.2200,3081,0
AGI.US,5,20131125,160000,12.2200,12.2300,12.1900,12.2300,1200,0
AGI.US,5,20131125,160500,12.2100,12.2800,12.1800,12.2800,4493,0
AGI.US,5,20131125,161000,12.2900,12.3000,12.2300,12.2300,4200,0
AGI.US,5,20131125,161500,12.2500,12.3000,12.2500,12.2700,1100,0
AGI.US,5,20131125,162000,12.2700,12.2700,12.2100,12.2400,1700,0
AGI.US,5,20131125,162500,12.2300,12.2400,12.2100,12.2200,700,0
AGI.US,5,20131125,163000,12.1900,12.1900,12.1400,12.1700,2401,0
AGI.US,5,20131125,163500,12.1800,12.2900,12.1700,12.2900,2300,0
AGI.US,5,20131125,164000,12.2900,12.3100,12.2900,12.3100,1000,0
AGI.US,5,20131125,164500,12.3100,12.3200,12.2700,12.2700,2200,0
AGI.US,5,20131125,165000,12.2500,12.2600,12.2500,12.2500,600,0
AGI.US,5,20131125,165500,12.2400,12.2500,12.2100,12.2500,1500,0
AGI.US,5,20131125,170000,12.2700,12.2800,12.2700,12.2700,1000,0
AGI.US,5,20131125,170500,12.2500,12.2500,12.2000,12.2100,3600,0
AGI.US,5,20131125,171000,12.2100,12.2100,12.1700,12.1800,1500,0
AGI.US,5,20131125,171500,12.1800,12.1800,12.1700,12.1700,200,0
AGI.US,5,20131125,172000,12.1600,12.1600,12.1400,12.1400,1300,0
AGI.US,5,20131125,172500,12.1300,12.1700,12.1100,12.1300,4822,0
AGI.US,5,20131125,173000,12.1300,12.1400,12.0900,12.0900,1400,0
AGI.US,5,20131125,173500,12.0900,12.1200,12.0600,12.1200,1200,0
AGI.US,5,20131125,174000,12.1100,12.1100,12.1100,12.1100,401,0
AGI.US,5,20131125,174500,12.1000,12.1800,12.1000,12.1800,2200,0
AGI.US,5,20131125,175000,12.1800,12.2000,12.1700,12.2000,2700,0
AGI.US,5,20131125,175500,12.1800,12.1900,12.1800,12.1900,400,0
AGI.US,5,20131125,180000,12.1700,12.1800,12.1700,12.1700,900,0
AGI.US,5,20131125,180500,12.1700,12.1900,12.1600,12.1900,1100,0
AGI.US,5,20131125,181000,12.1800,12.1800,12.1600,12.1600,700,0
AGI.US,5,20131125,181500,12.1700,12.1700,12.1300,12.1300,2400,0
AGI.US,5,20131125,182000,12.1300,12.1400,12.0900,12.0900,2700,0
AGI.US,5,20131125,182500,12.0900,12.0900,12.0400,12.0600,2970,0
AGI.US,5,20131125,183000,12.0400,12.0600,12.0400,12.0600,1100,0
AGI.US,5,20131125,183500,12.0700,12.1000,12.0600,12.1000,2200,0
AGI.US,5,20131125,184000,12.1200,12.1700,12.1200,12.1400,3779,0
AGI.US,5,20131125,184500,12.1400,12.1700,12.1400,12.1600,1800,0
AGI.US,5,20131125,185000,12.1600,12.2100,12.1600,12.2100,900,0
AGI.US,5,20131125,185500,12.2100,12.2600,12.2100,12.2400,3006,0
AGI.US,5,20131125,190000,12.2600,12.3200,12.2600,12.2700,2100,0
AGI.US,5,20131125,190500,12.2700,12.2700,12.1900,12.1900,1900,0
AGI.US,5,20131125,191000,12.1600,12.1800,12.1600,12.1700,1000,0
AGI.US,5,20131125,191500,12.1800,12.2200,12.1800,12.2200,700,0
AGI.US,5,20131125,192000,12.2100,12.2100,12.1800,12.1800,200,0
AGI.US,5,20131125,192500,12.2000,12.2100,12.2000,12.2100,300,0
AGI.US,5,20131125,193000,12.1900,12.1900,12.1600,12.1600,700,0
AGI.US,5,20131125,193500,12.1600,12.1900,12.1600,12.1700,1200,0
AGI.US,5,20131125,194000,12.1900,12.1900,12.1600,12.1600,1650,0
AGI.US,5,20131125,194500,12.1300,12.1500,12.1300,12.1500,600,0
AGI.US,5,20131125,195000,12.1400,12.1400,12.1200,12.1300,700,0
AGI.US,5,20131125,195500,12.1200,12.1400,12.1100,12.1300,1700,0
AGI.US,5,20131125,200000,12.1400,12.1600,12.1400,12.1500,1600,0
AGI.US,5,20131125,200500,12.1400,12.2300,12.1400,12.2300,1800,0
AGI.US,5,20131125,201000,12.2500,12.3500,12.2500,12.3300,3101,0
AGI.US,5,20131125,201500,12.3100,12.3100,12.2600,12.2800,1100,0
AGI.US,5,20131125,202000,12.3100,12.3100,12.2700,12.2900,1700,0
AGI.US,5,20131125,202500,12.3000,12.3000,12.3000,12.3000,200,0
AGI.US,5,20131125,203000,12.3000,12.3100,12.3000,12.3100,700,0
AGI.US,5,20131125,203500,12.2800,12.2900,12.2800,12.2900,300,0
AGI.US,5,20131125,204000,12.2700,12.3100,12.2700,12.3100,900,0
AGI.US,5,20131125,204500,12.3400,12.3400,12.3000,12.3100,1600,0
AGI.US,5,20131125,205000,12.3100,12.3600,12.3000,12.3600,6700,0
AGI.US,5,20131125,205500,12.3900,12.5500,12.3900,12.5300,7054,0
AGI.US,5,20131125,210000,12.5000,12.6100,12.4900,12.5400,6900,0
AGI.US,5,20131125,210500,12.5400,12.5700,12.5200,12.5200,6300,0
AGI.US,5,20131125,211000,12.5300,12.6000,12.5300,12.5500,4500,0
AGI.US,5,20131125,211500,12.5300,12.5500,12.5200,12.5500,1600,0
AGI.US,5,20131125,212000,12.5600,12.5600,12.5400,12.5400,1000,0
AGI.US,5,20131125,212500,12.5500,12.5600,12.5400,12.5600,1600,0
AGI.US,5,20131125,213000,12.5600,12.5600,12.5400,12.5600,2200,0
AGI.US,5,20131125,213500,12.5600,12.6700,12.5600,12.6300,9600,0
AGI.US,5,20131125,214000,12.6300,12.6400,12.5900,12.6100,2300,0
AGI.US,5,20131125,214500,12.6100,12.6700,12.6100,12.6400,3300,0
AGI.US,5,20131125,215000,12.6300,12.6700,12.6200,12.6700,2800,0
AGI.US,5,20131125,215500,12.6700,12.6700,12.5600,12.6200,6354,0
AGI.US,5,20131125,220000,12.6000,12.6800,12.6000,12.6000,18688,0
AGI.US,5,20131125,220500,12.6200,12.6200,12.6200,12.6200,3338,0
AGI.US,5,20131126,153500,12.6200,12.6500,12.3900,12.4800,2200,0
AGI.US,5,20131126,154000,12.4900,12.5100,12.4400,12.4800,2600,0
AGI.US,5,20131126,154500,12.4600,12.5000,12.4300,12.4900,1700,0
AGI.US,5,20131126,155000,12.5000,12.5000,12.4800,12.4900,400,0
AGI.US,5,20131126,155500,12.4600,12.4900,12.4500,12.4900,1009,0
AGI.US,5,20131126,160000,12.4900,12.5100,12.4700,12.4800,1200,0
AGI.US,5,20131126,160500,12.4900,12.5000,12.4800,12.4900,7300,0
AGI.US,5,20131126,161000,12.4700,12.4700,12.4100,12.4200,3800,0
AGI.US,5,20131126,161500,12.3800,12.3900,12.3500,12.3900,800,0
AGI.US,5,20131126,162000,12.3700,12.4100,12.3700,12.3900,1700,0
AGI.US,5,20131126,162500,12.3800,12.4300,12.3800,12.4200,1300,0
AGI.US,5,20131126,163000,12.4400,12.4400,12.3800,12.3900,1400,0
AGI.US,5,20131126,163500,12.4000,12.4200,12.3300,12.3300,2800,0
AGI.US,5,20131126,164000,12.3000,12.3100,12.3000,12.3100,1600,0
AGI.US,5,20131126,164500,12.3100,12.3100,12.2400,12.2400,4800,0
AGI.US,5,20131126,165000,12.2400,12.3600,12.2400,12.3600,2000,0
AGI.US,5,20131126,165500,12.3700,12.4000,12.2900,12.3300,2800,0
AGI.US,5,20131126,170000,12.3000,12.3300,12.3000,12.3100,1404,0
AGI.US,5,20131126,170500,12.3400,12.3600,12.3400,12.3600,800,0
AGI.US,5,20131126,171000,12.4300,12.4300,12.3500,12.3600,1917,0
AGI.US,5,20131126,171500,12.3400,12.3900,12.2900,12.3800,4200,0
AGI.US,5,20131126,172000,12.4000,12.4000,12.3700,12.3700,1800,0
AGI.US,5,20131126,172500,12.3800,12.3900,12.3400,12.3400,1600,0
AGI.US,5,20131126,173000,12.3300,12.3300,12.3300,12.3300,100,0
AGI.US,5,20131126,173500,12.3300,12.3700,12.3000,12.3700,1800,0
AGI.US,5,20131126,174000,12.3600,12.3700,12.3400,12.3500,700,0
AGI.US,5,20131126,174500,12.3300,12.3300,12.3100,12.3200,500,0
AGI.US,5,20131126,175000,12.3100,12.3700,12.2900,12.3300,1000,0
AGI.US,5,20131126,175500,12.3600,12.3700,12.3600,12.3700,500,0
AGI.US,5,20131126,180000,12.3600,12.3600,12.3200,12.3200,800,0
AGI.US,5,20131126,180500,12.3300,12.3300,12.3100,12.3200,800,0
AGI.US,5,20131126,181000,12.3300,12.3300,12.3300,12.3300,300,0
AGI.US,5,20131126,181500,12.3500,12.3500,12.3300,12.3300,500,0
AGI.US,5,20131126,182000,12.3400,12.3500,12.3200,12.3300,4400,0
AGI.US,5,20131126,182500,12.3200,12.3600,12.3200,12.3400,1200,0
AGI.US,5,20131126,183000,12.3500,12.3700,12.3500,12.3700,300,0
AGI.US,5,20131126,183500,12.3700,12.3700,12.3400,12.3600,800,0
AGI.US,5,20131126,184000,12.3600,12.3600,12.3600,12.3600,500,0
AGI.US,5,20131126,184500,12.3500,12.4100,12.3500,12.4100,2300,0
AGI.US,5,20131126,185000,12.3900,12.4600,12.3900,12.4600,6500,0
AGI.US,5,20131126,185500,12.4400,12.4400,12.3900,12.4000,1000,0
AGI.US,5,20131126,190000,12.3900,12.4000,12.3900,12.4000,700,0
AGI.US,5,20131126,190500,12.4400,12.4500,12.4000,12.4000,2900,0
AGI.US,5,20131126,191000,12.4100,12.4200,12.4000,12.4100,1800,0
AGI.US,5,20131126,191500,12.4100,12.4400,12.4100,12.4400,1700,0
AGI.US,5,20131126,192000,12.4400,12.4900,12.4200,12.4200,4425,0
AGI.US,5,20131126,192500,12.4200,12.4700,12.4200,12.4500,1800,0
AGI.US,5,20131126,193000,12.4300,12.4300,12.4000,12.4000,800,0
AGI.US,5,20131126,193500,12.4000,12.4000,12.3800,12.3800,200,0
AGI.US,5,20131126,194000,12.3900,12.3900,12.3800,12.3800,300,0
AGI.US,5,20131126,194500,12.3700,12.3900,12.3700,12.3900,1000,0
AGI.US,5,20131126,195000,12.4100,12.4200,12.3700,12.3700,1300,0
AGI.US,5,20131126,195500,12.3700,12.3700,12.3300,12.3300,1400,0
AGI.US,5,20131126,200000,12.3200,12.3300,12.3200,12.3300,1000,0
AGI.US,5,20131126,200500,12.3300,12.3500,12.3300,12.3400,600,0
AGI.US,5,20131126,201000,12.3500,12.3800,12.3200,12.3800,4692,0
AGI.US,5,20131126,201500,12.3600,12.4100,12.3600,12.4000,1700,0
AGI.US,5,20131126,202000,12.4000,12.4600,12.4000,12.4200,7000,0
AGI.US,5,20131126,202500,12.4200,12.4200,12.3900,12.4000,1000,0
AGI.US,5,20131126,203000,12.3900,12.3900,12.3800,12.3800,300,0
AGI.US,5,20131126,203500,12.3600,12.4000,12.3600,12.4000,1300,0
AGI.US,5,20131126,204000,12.4000,12.4100,12.3900,12.3900,800,0
AGI.US,5,20131126,204500,12.4100,12.4100,12.4100,12.4100,400,0
AGI.US,5,20131126,205000,12.3900,12.3900,12.3700,12.3800,1600,0
AGI.US,5,20131126,205500,12.3700,12.3700,12.3600,12.3600,800,0
AGI.US,5,20131126,210000,12.3600,12.4100,12.3600,12.4100,1600,0
AGI.US,5,20131126,210500,12.4000,12.4000,12.3300,12.3500,5700,0
AGI.US,5,20131126,211000,12.3500,12.3500,12.3000,12.3100,3318,0
AGI.US,5,20131126,211500,12.3100,12.3200,12.2800,12.2900,4018,0
AGI.US,5,20131126,212000,12.2900,12.3400,12.2900,12.3400,1300,0
AGI.US,5,20131126,212500,12.3400,12.3400,12.3400,12.3400,200,0
AGI.US,5,20131126,213000,12.3100,12.3300,12.2900,12.3300,1900,0
AGI.US,5,20131126,213500,12.3200,12.3400,12.3200,12.3200,4400,0
AGI.US,5,20131126,214000,12.3200,12.3300,12.3200,12.3300,2200,0
AGI.US,5,20131126,214500,12.3300,12.3700,12.3200,12.3200,2800,0
AGI.US,5,20131126,215000,12.3200,12.3500,12.3200,12.3500,2004,0
AGI.US,5,20131126,215500,12.3500,12.3600,12.3100,12.3100,3802,0
AGI.US,5,20131126,220000,12.3100,12.3800,12.3100,12.3600,12687,0
AGI.US,5,20131126,220500,12.3300,12.3300,12.3300,12.3300,1788,0
AGI.US,5,20131127,153500,12.3500,12.5100,12.3400,12.4700,3345,0
AGI.US,5,20131127,154000,12.4900,12.5100,12.4900,12.5100,1800,0
AGI.US,5,20131127,154500,12.3900,12.4300,12.3800,12.3800,1611,0
AGI.US,5,20131127,155000,12.4200,12.4800,12.4100,12.4800,2600,0
AGI.US,5,20131127,155500,12.4800,12.4800,12.4700,12.4700,600,0
AGI.US,5,20131127,160000,12.4300,12.4400,12.4100,12.4200,3000,0
AGI.US,5,20131127,160500,12.4300,12.4300,12.3500,12.3500,4039,0
AGI.US,5,20131127,161000,12.3300,12.3800,12.3300,12.3500,2600,0
AGI.US,5,20131127,161500,12.3600,12.4000,12.3200,12.3400,4553,0
AGI.US,5,20131127,162000,12.3500,12.4100,12.3500,12.4000,2500,0
AGI.US,5,20131127,162500,12.4000,12.4000,12.3600,12.3600,2300,0
AGI.US,5,20131127,163000,12.3600,12.3700,12.3500,12.3500,1300,0
AGI.US,5,20131127,163500,12.3400,12.3400,12.3100,12.3400,1600,0
AGI.US,5,20131127,164000,12.3500,12.3900,12.3500,12.3800,500,0
AGI.US,5,20131127,164500,12.4000,12.4400,12.4000,12.4400,1500,0
AGI.US,5,20131127,165000,12.4400,12.4700,12.4300,12.4700,2600,0
AGI.US,5,20131127,165500,12.4800,12.4900,12.4800,12.4900,500,0
AGI.US,5,20131127,170000,12.4700,12.4800,12.4600,12.4700,1100,0
AGI.US,5,20131127,170500,12.4700,12.4900,12.4700,12.4800,800,0
AGI.US,5,20131127,171000,12.4900,12.4900,12.4600,12.4600,300,0
AGI.US,5,20131127,171500,12.4800,12.4800,12.4800,12.4800,500,0
AGI.US,5,20131127,172000,12.4600,12.4600,12.4500,12.4500,200,0
AGI.US,5,20131127,172500,12.4500,12.4500,12.4300,12.4500,500,0
AGI.US,5,20131127,173000,12.4500,12.4700,12.4500,12.4700,500,0
AGI.US,5,20131127,173500,12.4600,12.4600,12.4600,12.4600,100,0
AGI.US,5,20131127,174000,12.4600,12.4600,12.4400,12.4400,600,0
AGI.US,5,20131127,174500,12.3800,12.4000,12.3200,12.3200,6000,0
AGI.US,5,20131127,175000,12.3400,12.3600,12.3400,12.3600,300,0
AGI.US,5,20131127,175500,12.3500,12.3500,12.3200,12.3200,200,0
AGI.US,5,20131127,180000,12.3100,12.3200,12.2800,12.3000,2300,0
AGI.US,5,20131127,180500,12.2900,12.3500,12.2800,12.3500,1900,0
AGI.US,5,20131127,181000,12.3300,12.3400,12.3300,12.3400,800,0
AGI.US,5,20131127,181500,12.3600,12.3800,12.3600,12.3800,400,0
AGI.US,5,20131127,182000,12.3700,12.3900,12.3700,12.3900,500,0
AGI.US,5,20131127,182500,12.3900,12.4000,12.3900,12.4000,400,0
AGI.US,5,20131127,183000,12.3900,12.4000,12.3900,12.4000,200,0
AGI.US,5,20131127,183500,12.4100,12.4200,12.4100,12.4200,400,0
AGI.US,5,20131127,184500,12.4300,12.4400,12.3900,12.3900,2202,0
AGI.US,5,20131127,185000,12.4100,12.4300,12.4100,12.4100,800,0
AGI.US,5,20131127,185500,12.4300,12.4700,12.4300,12.4500,1950,0
AGI.US,5,20131127,190000,12.4500,12.4500,12.4300,12.4300,1000,0
AGI.US,5,20131127,190500,12.4500,12.4500,12.4500,12.4500,100,0
AGI.US,5,20131127,191000,12.4600,12.5200,12.4500,12.5000,5900,0
AGI.US,5,20131127,191500,12.5100,12.5100,12.4500,12.4500,2500,0
AGI.US,5,20131127,192000,12.4300,12.4600,12.4300,12.4600,2801,0
AGI.US,5,20131127,192500,12.4800,12.4900,12.4800,12.4800,800,0
AGI.US,5,20131127,193000,12.4700,12.4900,12.4200,12.4200,1400,0
AGI.US,5,20131127,193500,12.4000,12.4000,12.3700,12.3700,800,0
AGI.US,5,20131127,194000,12.4000,12.4100,12.3700,12.4100,1000,0
AGI.US,5,20131127,194500,12.4500,12.4500,12.4000,12.4400,900,0
AGI.US,5,20131127,195000,12.4200,12.4200,12.4100,12.4100,300,0
AGI.US,5,20131127,195500,12.3900,12.4000,12.3900,12.4000,800,0
AGI.US,5,20131127,200000,12.4100,12.4100,12.4100,12.4100,200,0
AGI.US,5,20131127,200500,12.4100,12.4100,12.4100,12.4100,100,0
AGI.US,5,20131127,201000,12.4000,12.4000,12.4000,12.4000,600,0
AGI.US,5,20131127,201500,12.4300,12.4300,12.4300,12.4300,200,0
AGI.US,5,20131127,202000,12.4300,12.4300,12.3800,12.3800,2300,0
AGI.US,5,20131127,202500,12.3900,12.3900,12.3800,12.3800,500,0
AGI.US,5,20131127,203000,12.3700,12.3700,12.3500,12.3500,400,0
AGI.US,5,20131127,203500,12.3600,12.3600,12.3600,12.3600,700,0
AGI.US,5,20131127,204000,12.3400,12.3500,12.3300,12.3300,400,0
AGI.US,5,20131127,204500,12.3100,12.3100,12.2700,12.3000,6600,0
AGI.US,5,20131127,205000,12.3500,12.3500,12.3400,12.3400,300,0
AGI.US,5,20131127,205500,12.3200,12.3400,12.3100,12.3100,400,0
AGI.US,5,20131127,210000,12.3100,12.3200,12.3100,12.3100,1000,0
AGI.US,5,20131127,210500,12.3100,12.3500,12.3100,12.3300,2800,0
AGI.US,5,20131127,211000,12.3400,12.3400,12.3300,12.3300,1500,0
AGI.US,5,20131127,211500,12.3000,12.3000,12.2900,12.3000,800,0
AGI.US,5,20131127,212000,12.2900,12.2900,12.2800,12.2900,600,0
AGI.US,5,20131127,212500,12.2800,12.2900,12.2800,12.2900,900,0
AGI.US,5,20131127,213000,12.2800,12.2800,12.2600,12.2600,1400,0
AGI.US,5,20131127,213500,12.2600,12.2600,12.2400,12.2600,2100,0
AGI.US,5,20131127,214000,12.2600,12.2600,12.2600,12.2600,100,0
AGI.US,5,20131127,214500,12.2700,12.2700,12.2600,12.2600,800,0
AGI.US,5,20131127,215000,12.2700,12.2800,12.2600,12.2800,3300,0
AGI.US,5,20131127,215500,12.2700,12.3000,12.2600,12.3000,5352,0
AGI.US,5,20131127,220000,12.3000,12.3100,12.2600,12.3000,19998,0
AGI.US,5,20131127,220500,12.2700,12.2700,12.2700,12.2700,3000,0
AGI.US,5,20131129,153500,12.5000,12.6700,12.4500,12.6700,5500,0
AGI.US,5,20131129,154000,12.6100,12.6100,12.5800,12.5900,500,0
AGI.US,5,20131129,154500,12.5300,12.7000,12.5300,12.7000,3627,0
AGI.US,5,20131129,155000,12.6400,12.7000,12.6200,12.6300,1200,0
AGI.US,5,20131129,155500,12.6200,12.6300,12.5600,12.6100,1800,0
AGI.US,5,20131129,160000,12.6200,12.6500,12.6200,12.6500,1900,0
AGI.US,5,20131129,160500,12.6700,12.7000,12.6600,12.6700,1100,0
AGI.US,5,20131129,161000,12.7600,12.7600,12.7300,12.7300,1178,0
AGI.US,5,20131129,161500,12.7000,12.7000,12.6200,12.6400,900,0
AGI.US,5,20131129,162000,12.6300,12.6500,12.6300,12.6400,1300,0
AGI.US,5,20131129,162500,12.6300,12.6300,12.5800,12.5800,1050,0
AGI.US,5,20131129,163000,12.5800,12.5900,12.5700,12.5900,1004,0
AGI.US,5,20131129,163500,12.6000,12.6000,12.5100,12.5100,3041,0
AGI.US,5,20131129,164000,12.5000,12.5100,12.4900,12.4900,1700,0
AGI.US,5,20131129,164500,12.5100,12.5100,12.5100,12.5100,100,0
AGI.US,5,20131129,165000,12.5300,12.5500,12.5300,12.5500,600,0
AGI.US,5,20131129,165500,12.5600,12.5700,12.5300,12.5300,800,0
AGI.US,5,20131129,170000,12.5300,12.5800,12.5300,12.5800,1200,0
AGI.US,5,20131129,171000,12.5700,12.6100,12.5700,12.6100,200,0
AGI.US,5,20131129,171500,12.6100,12.6100,12.6100,12.6100,100,0
AGI.US,5,20131129,172000,12.6000,12.6000,12.6000,12.6000,100,0
AGI.US,5,20131129,172500,12.6300,12.6400,12.6300,12.6400,1200,0
AGI.US,5,20131129,173000,12.6300,12.6300,12.6300,12.6300,300,0
AGI.US,5,20131129,173500,12.6500,12.6600,12.6400,12.6400,1400,0
AGI.US,5,20131129,174000,12.6700,12.6700,12.6600,12.6700,1100,0
AGI.US,5,20131129,174500,12.6600,12.6800,12.6600,12.6800,200,0
AGI.US,5,20131129,175000,12.6800,12.7000,12.6700,12.6900,3400,0
AGI.US,5,20131129,175500,12.6800,12.7200,12.6700,12.7200,1100,0
AGI.US,5,20131129,180000,12.7200,12.7300,12.7100,12.7100,1700,0
AGI.US,5,20131129,180500,12.7000,12.7100,12.7000,12.7100,600,0
AGI.US,5,20131129,181000,12.7100,12.7100,12.6500,12.6500,500,0
AGI.US,5,20131129,181500,12.6500,12.7000,12.6500,12.7000,1300,0
AGI.US,5,20131129,182000,12.7100,12.7100,12.7100,12.7100,500,0
AGI.US,5,20131129,182500,12.7100,12.7800,12.7100,12.7800,900,0
AGI.US,5,20131129,183000,12.7800,12.8000,12.7600,12.7800,4597,0
AGI.US,5,20131129,183500,12.7800,12.8200,12.7600,12.8200,3200,0
AGI.US,5,20131129,184000,12.8200,12.8600,12.8100,12.8100,1820,0
AGI.US,5,20131129,184500,12.8400,12.8500,12.8200,12.8400,1900,0
AGI.US,5,20131129,185000,12.8200,12.8800,12.8200,12.8300,2600,0
AGI.US,5,20131129,185500,12.8100,12.8500,12.8100,12.8300,1600,0
AGI.US,5,20131129,190000,12.8300,12.9100,12.8200,12.8200,28965,0
AGI.US,5,20131129,190500,12.8200,12.8200,12.8200,12.8200,2430,0
AGI.US,5,20131202,153500,12.6800,12.6800,12.3400,12.4600,5428,0
AGI.US,5,20131202,154000,12.4200,12.4900,12.3900,12.4900,4936,0
AGI.US,5,20131202,154500,12.4100,12.4100,12.3800,12.4100,1400,0
AGI.US,5,20131202,155000,12.4200,12.5300,12.4200,12.5300,2563,0
AGI.US,5,20131202,155500,12.5100,12.5100,12.5100,12.5100,100,0
AGI.US,5,20131202,160000,12.4600,12.5400,12.4600,12.5300,13371,0
AGI.US,5,20131202,160500,12.4900,12.6200,12.4500,12.5500,29800,0
AGI.US,5,20131202,161000,12.5500,12.5500,12.4500,12.4500,2000,0
AGI.US,5,20131202,161500,12.4100,12.4100,12.3500,12.3500,2500,0
AGI.US,5,20131202,162000,12.3200,12.3200,12.3000,12.3000,1000,0
AGI.US,5,20131202,162500,12.3000,12.3100,12.3000,12.3100,4200,0
AGI.US,5,20131202,163000,12.3100,12.3200,12.2000,12.2400,3900,0
AGI.US,5,20131202,163500,12.2300,12.2300,12.2300,12.2300,900,0
AGI.US,5,20131202,164000,12.2500,12.2600,12.2200,12.2200,1750,0
AGI.US,5,20131202,164500,12.2300,12.2300,12.1900,12.2000,2600,0
AGI.US,5,20131202,165000,12.1500,12.1700,12.1300,12.1700,2500,0
AGI.US,5,20131202,165500,12.1600,12.1900,12.1300,12.1700,1200,0
AGI.US,5,20131202,170000,12.1900,12.2600,12.1900,12.2600,2400,0
AGI.US,5,20131202,170500,12.2600,12.2600,12.2500,12.2600,1100,0
AGI.US,5,20131202,171000,12.2300,12.2300,12.1700,12.1700,500,0
AGI.US,5,20131202,171500,12.1300,12.1300,12.1200,12.1200,1500,0
AGI.US,5,20131202,172000,12.1000,12.1000,12.0200,12.0600,4800,0
AGI.US,5,20131202,172500,12.0600,12.0600,12.0200,12.0200,2300,0
AGI.US,5,20131202,173000,12.0300,12.0500,12.0300,12.0500,1770,0
AGI.US,5,20131202,173500,12.0500,12.0500,12.0400,12.0400,2000,0
AGI.US,5,20131202,174000,12.0400,12.0400,12.0200,12.0400,4939,0
AGI.US,5,20131202,174500,12.0200,12.0300,12.0200,12.0200,1500,0
AGI.US,5,20131202,175000,12.0200,12.0200,12.0100,12.0100,2400,0
AGI.US,5,20131202,175500,12.0000,12.0000,11.9900,11.9900,4100,0
AGI.US,5,20131202,180000,11.9800,11.9800,11.9700,11.9700,400,0
AGI.US,5,20131202,180500,11.9700,12.0000,11.9700,12.0000,1000,0
AGI.US,5,20131202,181000,12.0000,12.0000,11.9800,11.9800,7350,0
AGI.US,5,20131202,181500,11.9900,11.9900,11.9900,11.9900,200,0
AGI.US,5,20131202,182000,11.9800,11.9900,11.9800,11.9900,400,0
AGI.US,5,20131202,182500,11.9700,11.9700,11.9600,11.9600,300,0
AGI.US,5,20131202,183000,11.9500,11.9700,11.9300,11.9400,3108,0
AGI.US,5,20131202,183500,11.9500,11.9500,11.9300,11.9500,1400,0
AGI.US,5,20131202,184000,11.9300,11.9300,11.8900,11.8900,3020,0
AGI.US,5,20131202,184500,11.8900,11.8900,11.8500,11.8500,1900,0
AGI.US,5,20131202,185000,11.8500,11.9000,11.8500,11.9000,600,0
AGI.US,5,20131202,185500,11.8600,11.8700,11.8000,11.8100,3900,0
AGI.US,5,20131202,190000,11.8100,11.8200,11.8000,11.8100,4786,0
AGI.US,5,20131202,190500,11.8000,11.8000,11.7800,11.7900,1300,0
AGI.US,5,20131202,191000,11.7800,11.8000,11.7800,11.8000,1000,0
AGI.US,5,20131202,191500,11.7900,11.8000,11.7800,11.8000,1200,0
AGI.US,5,20131202,192000,11.7900,11.8400,11.7900,11.8400,2200,0
AGI.US,5,20131202,192500,11.8400,11.8400,11.8400,11.8400,400,0
AGI.US,5,20131202,193000,11.8400,11.8600,11.8100,11.8100,700,0
AGI.US,5,20131202,193500,11.7900,11.7900,11.7800,11.7900,700,0
AGI.US,5,20131202,194000,11.8000,11.8000,11.7900,11.7900,800,0
AGI.US,5,20131202,194500,11.8000,11.8400,11.8000,11.8400,3664,0
AGI.US,5,20131202,195000,11.8600,11.8900,11.8500,11.8900,4200,0
AGI.US,5,20131202,195500,11.8900,11.9000,11.8900,11.8900,1804,0
AGI.US,5,20131202,200000,11.8800,11.9100,11.8700,11.8900,3700,0
AGI.US,5,20131202,200500,11.9000,11.9300,11.9000,11.9300,2974,0
AGI.US,5,20131202,201000,11.9300,11.9300,11.8800,11.8800,2400,0
AGI.US,5,20131202,201500,11.8600,11.8600,11.8400,11.8400,700,0
AGI.US,5,20131202,202000,11.8300,11.8300,11.8000,11.8000,2600,0
AGI.US,5,20131202,202500,11.8000,11.8100,11.7900,11.8000,7374,0
AGI.US,5,20131202,203000,11.7900,11.8000,11.7700,11.8000,7300,0
AGI.US,5,20131202,203500,11.7800,11.7800,11.7700,11.7800,790,0
AGI.US,5,20131202,204000,11.7700,11.7700,11.6700,11.6800,1830,0
AGI.US,5,20131202,204500,11.6700,11.7100,11.6700,11.7100,3100,0
AGI.US,5,20131202,205000,11.7200,11.7200,11.7000,11.7100,963,0
AGI.US,5,20131202,205500,11.7300,11.7600,11.7300,11.7400,800,0
AGI.US,5,20131202,210000,11.7400,11.7400,11.7200,11.7400,1436,0
AGI.US,5,20131202,210500,11.7200,11.7300,11.6700,11.6700,1375,0
AGI.US,5,20131202,211000,11.6400,11.6700,11.6300,11.6600,2300,0
AGI.US,5,20131202,211500,11.6600,11.7300,11.6600,11.6900,5500,0
AGI.US,5,20131202,212000,11.6900,11.7200,11.6700,11.6800,3600,0
AGI.US,5,20131202,212500,11.6800,11.6800,11.6400,11.6500,3900,0
AGI.US,5,20131202,213000,11.6500,11.6500,11.6500,11.6500,900,0
AGI.US,5,20131202,213500,11.6400,11.6600,11.6300,11.6300,2701,0
AGI.US,5,20131202,214000,11.6400,11.6600,11.6300,11.6400,9300,0
AGI.US,5,20131202,214500,11.6400,11.7000,11.6400,11.6800,3300,0
AGI.US,5,20131202,215000,11.6900,11.7300,11.6700,11.6900,10427,0
AGI.US,5,20131202,215500,11.6900,11.7000,11.6600,11.6900,13465,0
AGI.US,5,20131202,220000,11.6700,11.6900,11.4900,11.5400,76775,0
AGI.US,5,20131202,220500,11.5400,11.5400,11.5400,11.5400,4933,0
AGI.US,5,20131203,153500,11.4500,11.4800,11.2600,11.3000,5166,0
AGI.US,5,20131203,154000,11.3100,11.5300,11.3100,11.5300,3493,0
AGI.US,5,20131203,154500,11.5400,11.6400,11.5300,11.5400,3859,0
AGI.US,5,20131203,155000,11.5200,11.5500,11.5100,11.5500,1800,0
AGI.US,5,20131203,155500,11.5500,11.5500,11.5000,11.5200,2300,0
AGI.US,5,20131203,160000,11.5300,11.5500,11.5100,11.5100,900,0
AGI.US,5,20131203,160500,11.5000,11.5100,11.5000,11.5100,1204,0
AGI.US,5,20131203,161000,11.5000,11.5000,11.4300,11.4700,2700,0
AGI.US,5,20131203,161500,11.5100,11.5100,11.4900,11.5000,1500,0
AGI.US,5,20131203,162000,11.4600,11.4800,11.4200,11.4200,2000,0
AGI.US,5,20131203,162500,11.4200,11.4700,11.4200,11.4700,3100,0
AGI.US,5,20131203,163000,11.4700,11.4700,11.4200,11.4200,2975,0
AGI.US,5,20131203,163500,11.4200,11.4200,11.4000,11.4000,1900,0
AGI.US,5,20131203,164000,11.4000,11.4500,11.3800,11.4200,8560,0
AGI.US,5,20131203,164500,11.4300,11.4400,11.3900,11.4300,18100,0
AGI.US,5,20131203,165000,11.4100,11.4500,11.4100,11.4400,45100,0
AGI.US,5,20131203,165500,11.4200,11.4300,11.4200,11.4300,2800,0
AGI.US,5,20131203,170000,11.4500,11.4900,11.4300,11.4500,5500,0
AGI.US,5,20131203,170500,11.4400,11.4400,11.4200,11.4200,2200,0
AGI.US,5,20131203,171000,11.4200,11.4300,11.4200,11.4200,1900,0
AGI.US,5,20131203,171500,11.4300,11.5500,11.4300,11.5500,7801,0
AGI.US,5,20131203,172000,11.5400,11.5400,11.4700,11.4700,4200,0
AGI.US,5,20131203,172500,11.4900,11.5400,11.4800,11.5400,1800,0
AGI.US,5,20131203,173000,11.5300,11.5300,11.5200,11.5200,1000,0
AGI.US,5,20131203,173500,11.5200,11.5400,11.5000,11.5400,1900,0
AGI.US,5,20131203,174000,11.5400,11.5400,11.5300,11.5300,300,0
AGI.US,5,20131203,174500,11.5300,11.5300,11.5200,11.5200,1030,0
AGI.US,5,20131203,175000,11.5200,11.5300,11.5200,11.5300,600,0
AGI.US,5,20131203,175500,11.5300,11.5700,11.5300,11.5600,4114,0
AGI.US,5,20131203,180000,11.5800,11.6100,11.5800,11.6000,1300,0
AGI.US,5,20131203,180500,11.6100,11.6100,11.5900,11.6100,2500,0
AGI.US,5,20131203,181000,11.6200,11.6700,11.6200,11.6200,1200,0
AGI.US,5,20131203,181500,11.6500,11.6500,11.6500,11.6500,300,0
AGI.US,5,20131203,182000,11.6600,11.7800,11.6600,11.7800,3200,0
AGI.US,5,20131203,182500,11.7700,11.7700,11.7100,11.7700,3300,0
AGI.US,5,20131203,183000,11.7800,11.7800,11.7600,11.7600,1000,0
AGI.US,5,20131203,183500,11.7900,11.7900,11.7800,11.7900,1700,0
AGI.US,5,20131203,184000,11.7800,11.7900,11.7700,11.7700,800,0
AGI.US,5,20131203,184500,11.7700,11.7700,11.7300,11.7300,700,0
AGI.US,5,20131203,185000,11.7100,11.7200,11.7100,11.7100,300,0
AGI.US,5,20131203,185500,11.7200,11.7300,11.7000,11.7000,1800,0
AGI.US,5,20131203,190000,11.6600,11.6700,11.6300,11.6300,1000,0
AGI.US,5,20131203,190500,11.6200,11.6300,11.6100,11.6300,500,0
AGI.US,5,20131203,191000,11.6400,11.6900,11.6400,11.6500,2306,0
AGI.US,5,20131203,191500,11.6800,11.6800,11.6300,11.6300,900,0
AGI.US,5,20131203,192000,11.6300,11.6300,11.6300,11.6300,1500,0
AGI.US,5,20131203,192500,11.6300,11.6400,11.6300,11.6300,1000,0
AGI.US,5,20131203,193000,11.6300,11.6300,11.6200,11.6300,1300,0
AGI.US,5,20131203,193500,11.6300,11.6300,11.6300,11.6300,400,0
AGI.US,5,20131203,194000,11.6300,11.6500,11.6300,11.6500,2300,0
AGI.US,5,20131203,194500,11.6500,11.6800,11.6500,11.6800,1500,0
AGI.US,5,20131203,195000,11.6800,11.6800,11.6800,11.6800,400,0
AGI.US,5,20131203,195500,11.6700,11.6800,11.6700,11.6700,900,0
AGI.US,5,20131203,200000,11.6800,11.6800,11.6400,11.6400,1500,0
AGI.US,5,20131203,200500,11.6400,11.6400,11.6300,11.6300,800,0
AGI.US,5,20131203,201000,11.6300,11.6700,11.6300,11.6600,3300,0
AGI.US,5,20131203,201500,11.6500,11.6500,11.6300,11.6500,2300,0
AGI.US,5,20131203,202000,11.6500,11.6800,11.6500,11.6800,2400,0
AGI.US,5,20131203,202500,11.6800,11.6800,11.6800,11.6800,600,0
AGI.US,5,20131203,203000,11.7000,11.7100,11.7000,11.7100,650,0
AGI.US,5,20131203,203500,11.7200,11.7200,11.7100,11.7100,700,0
AGI.US,5,20131203,204000,11.7100,11.7400,11.7100,11.7400,1800,0
AGI.US,5,20131203,204500,11.7500,11.7700,11.7500,11.7600,2300,0
AGI.US,5,20131203,205000,11.7600,11.7600,11.7500,11.7500,1300,0
AGI.US,5,20131203,205500,11.7400,11.7400,11.7200,11.7200,1000,0
AGI.US,5,20131203,210000,11.7100,11.7200,11.7100,11.7100,1000,0
AGI.US,5,20131203,210500,11.7000,11.7000,11.6900,11.6900,900,0
AGI.US,5,20131203,211000,11.6800,11.6800,11.6700,11.6700,800,0
AGI.US,5,20131203,211500,11.6900,11.6900,11.6800,11.6800,900,0
AGI.US,5,20131203,212000,11.6900,11.6900,11.6800,11.6800,1400,0
AGI.US,5,20131203,212500,11.6800,11.7000,11.6800,11.7000,2700,0
AGI.US,5,20131203,213000,11.7000,11.7000,11.6900,11.7000,800,0
AGI.US,5,20131203,213500,11.6900,11.7000,11.6500,11.6500,3800,0
AGI.US,5,20131203,214000,11.6400,11.6500,11.6400,11.6400,1700,0
AGI.US,5,20131203,214500,11.6500,11.6500,11.6400,11.6400,2000,0
AGI.US,5,20131203,215000,11.6400,11.6500,11.6400,11.6400,3100,0
AGI.US,5,20131203,215500,11.6500,11.6500,11.5700,11.6000,6730,0
AGI.US,5,20131203,220000,11.6000,11.6000,11.5700,11.5800,9144,0
AGI.US,5,20131203,220500,11.5800,11.5800,11.5800,11.5800,1459,0
AGI.US,5,20131204,153500,11.6600,11.7100,11.5800,11.6000,8494,0
AGI.US,5,20131204,154000,11.5400,11.6000,11.4900,11.5600,11483,0
AGI.US,5,20131204,154500,11.5600,11.5900,11.5500,11.5900,2600,0
AGI.US,5,20131204,155000,11.5600,11.5700,11.5100,11.5300,5000,0
AGI.US,5,20131204,155500,11.5400,11.6300,11.5300,11.5500,9782,0
AGI.US,5,20131204,160000,11.5600,11.5800,11.4800,11.5800,12191,0
AGI.US,5,20131204,160500,11.5300,11.6800,11.5100,11.5800,6509,0
AGI.US,5,20131204,161000,11.5800,11.5800,11.4300,11.4700,11220,0
AGI.US,5,20131204,161500,11.5000,11.5300,11.4300,11.5300,5039,0
AGI.US,5,20131204,162000,11.5100,11.5100,11.4900,11.5100,850,0
AGI.US,5,20131204,162500,11.5100,11.5300,11.5000,11.5200,3900,0
AGI.US,5,20131204,163000,11.5400,11.5400,11.5200,11.5200,1370,0
AGI.US,5,20131204,163500,11.5200,11.5400,11.5200,11.5400,700,0
AGI.US,5,20131204,164000,11.5200,11.5300,11.4900,11.5000,4241,0
AGI.US,5,20131204,164500,11.4900,11.5100,11.4900,11.5100,2300,0
AGI.US,5,20131204,165000,11.5100,11.5500,11.5100,11.5400,6780,0
AGI.US,5,20131204,165500,11.5100,11.5200,11.5100,11.5200,400,0
AGI.US,5,20131204,170000,11.5000,11.5100,11.5000,11.5100,800,0
AGI.US,5,20131204,170500,11.5100,11.5300,11.4600,11.5300,10117,0
AGI.US,5,20131204,171000,11.5400,11.5400,11.5100,11.5100,4217,0
AGI.US,5,20131204,171500,11.5000,11.5600,11.5000,11.5300,7276,0
AGI.US,5,20131204,172000,11.5400,11.5400,11.5400,11.5400,900,0
AGI.US,5,20131204,172500,11.5200,11.5700,11.5200,11.5500,4306,0
AGI.US,5,20131204,173000,11.5400,11.5700,11.5400,11.5700,1100,0
AGI.US,5,20131204,173500,11.5600,11.5600,11.5400,11.5400,700,0
AGI.US,5,20131204,174000,11.5300,11.5300,11.4800,11.4900,6100,0
AGI.US,5,20131204,174500,11.4800,11.5200,11.4500,11.4900,11300,0
AGI.US,5,20131204,175000,11.5000,11.5200,11.4600,11.4600,3000,0
AGI.US,5,20131204,175500,11.4700,11.4700,11.4700,11.4700,1700,0
AGI.US,5,20131204,180000,11.4700,11.5000,11.4600,11.4900,3949,0
AGI.US,5,20131204,180500,11.5000,11.5100,11.5000,11.5100,1600,0
AGI.US,5,20131204,181000,11.5000,11.5000,11.4700,11.4800,3151,0
AGI.US,5,20131204,181500,11.4800,11.5100,11.4800,11.4900,8656,0
AGI.US,5,20131204,182000,11.4900,11.5800,11.4900,11.5700,7111,0
AGI.US,5,20131204,182500,11.5900,11.7000,11.5700,11.7000,2900,0
AGI.US,5,20131204,183000,11.6900,11.7000,11.5700,11.5800,2100,0
AGI.US,5,20131204,183500,11.6300,11.7500,11.6300,11.7500,7200,0
AGI.US,5,20131204,184000,11.7700,11.8100,11.7500,11.7900,4600,0
AGI.US,5,20131204,184500,11.7800,11.8300,11.7800,11.8300,4800,0
AGI.US,5,20131204,185000,11.8500,11.9000,11.8200,11.9000,4700,0
AGI.US,5,20131204,185500,11.8900,11.9600,11.8900,11.8900,1200,0
AGI.US,5,20131204,190000,11.8800,11.9000,11.8400,11.9000,2700,0
AGI.US,5,20131204,190500,11.8600,11.8600,11.7800,11.7800,1800,0
AGI.US,5,20131204,191000,11.7600,11.7900,11.7500,11.7900,1800,0
AGI.US,5,20131204,191500,11.7900,11.8900,11.7800,11.8600,5030,0
AGI.US,5,20131204,192000,11.8500,11.8700,11.8200,11.8600,1463,0
AGI.US,5,20131204,192500,11.8300,11.8900,11.8300,11.8600,2600,0
AGI.US,5,20131204,193000,11.8300,11.8600,11.8100,11.8600,2940,0
AGI.US,5,20131204,193500,11.8600,11.8600,11.8200,11.8400,3630,0
AGI.US,5,20131204,194000,11.8200,11.8800,11.8200,11.8800,2352,0
AGI.US,5,20131204,194500,11.8800,11.9700,11.8800,11.9300,5310,0
AGI.US,5,20131204,195000,11.9100,11.9400,11.9100,11.9300,1700,0
AGI.US,5,20131204,195500,11.9200,11.9400,11.8900,11.9400,6200,0
AGI.US,5,20131204,200000,11.9400,11.9400,11.9100,11.9300,3842,0
AGI.US,5,20131204,200500,11.9300,11.9900,11.9000,11.9800,5200,0
AGI.US,5,20131204,201000,11.9600,12.0200,11.9600,12.0200,5348,0
AGI.US,5,20131204,201500,12.0100,12.0600,12.0000,12.0600,3121,0
AGI.US,5,20131204,202000,12.0400,12.0400,11.9400,11.9700,1921,0
AGI.US,5,20131204,202500,11.9800,12.0200,11.9800,12.0200,2600,0
AGI.US,5,20131204,203000,12.0100,12.0600,12.0100,12.0300,1700,0
AGI.US,5,20131204,203500,12.0100,12.0600,12.0100,12.0600,4396,0
AGI.US,5,20131204,204000,12.0600,12.0800,12.0500,12.0600,2200,0
AGI.US,5,20131204,204500,12.0600,12.0600,12.0500,12.0600,1053,0
AGI.US,5,20131204,205000,12.0500,12.1400,12.0500,12.1300,4666,0
AGI.US,5,20131204,205500,12.1500,12.1800,12.1300,12.1800,3800,0
AGI.US,5,20131204,210000,12.1800,12.2000,12.1600,12.2000,3735,0
AGI.US,5,20131204,210500,12.2000,12.2500,12.1700,12.2300,10581,0
AGI.US,5,20131204,211000,12.2400,12.2400,12.1600,12.1600,1300,0
AGI.US,5,20131204,211500,12.1600,12.2000,12.1600,12.1700,1900,0
AGI.US,5,20131204,212000,12.1700,12.2100,12.1300,12.1300,5300,0
AGI.US,5,20131204,212500,12.1400,12.1400,12.1100,12.1200,1951,0
AGI.US,5,20131204,213000,12.1400,12.1400,12.0900,12.1400,4724,0
AGI.US,5,20131204,213500,12.1300,12.1700,12.0900,12.1700,6313,0
AGI.US,5,20131204,214000,12.1600,12.2100,12.1400,12.1700,8428,0
AGI.US,5,20131204,214500,12.1700,12.2000,12.1400,12.1400,3400,0
AGI.US,5,20131204,215000,12.1100,12.1300,12.1100,12.1100,2875,0
AGI.US,5,20131204,215500,12.1300,12.2000,12.1200,12.1700,7909,0
AGI.US,5,20131204,220000,12.1600,12.2700,12.1400,12.1800,33668,0
AGI.US,5,20131204,220500,12.1800,12.1800,12.1800,12.1800,3661,0
AGI.US,5,20131205,153500,11.8700,11.8700,11.6800,11.7000,6015,0
AGI.US,5,20131205,154000,11.7400,11.7700,11.6300,11.6400,5781,0
AGI.US,5,20131205,154500,11.6500,11.6700,11.6300,11.6700,4456,0
AGI.US,5,20131205,155000,11.6800,11.7300,11.6400,11.6400,5259,0
AGI.US,5,20131205,155500,11.6500,11.7700,11.6500,11.6900,4400,0
AGI.US,5,20131205,160000,11.7000,11.7400,11.7000,11.7200,2186,0
AGI.US,5,20131205,160500,11.6700,11.6700,11.6500,11.6700,1900,0
AGI.US,5,20131205,161000,11.6800,11.7200,11.6700,11.7000,2200,0
AGI.US,5,20131205,161500,11.7000,11.8000,11.6800,11.6800,6600,0
AGI.US,5,20131205,162000,11.6900,11.7600,11.6800,11.7600,5200,0
AGI.US,5,20131205,162500,11.7300,11.7900,11.7300,11.7800,1600,0
AGI.US,5,20131205,163000,11.7900,11.8300,11.7000,11.7100,3500,0
AGI.US,5,20131205,163500,11.7600,11.7600,11.6500,11.6600,1650,0
AGI.US,5,20131205,164000,11.6500,11.7000,11.6500,11.6700,2600,0
AGI.US,5,20131205,164500,11.6900,11.7100,11.6600,11.6800,3500,0
AGI.US,5,20131205,165000,11.6700,11.7600,11.6700,11.7600,3200,0
AGI.US,5,20131205,165500,11.7500,11.7500,11.7300,11.7300,1330,0
AGI.US,5,20131205,170000,11.7100,11.7300,11.7000,11.7300,1000,0
AGI.US,5,20131205,170500,11.7000,11.7100,11.7000,11.7100,400,0
AGI.US,5,20131205,171000,11.7200,11.7500,11.6900,11.7500,2200,0
AGI.US,5,20131205,171500,11.7500,11.8300,11.7400,11.7900,6945,0
AGI.US,5,20131205,172000,11.7900,11.8300,11.7700,11.7900,6600,0
AGI.US,5,20131205,172500,11.7800,11.8300,11.7700,11.8100,6501,0
AGI.US,5,20131205,173000,11.8000,11.8000,11.7500,11.7500,3774,0
AGI.US,5,20131205,173500,11.7500,11.8000,11.7300,11.8000,2930,0
AGI.US,5,20131205,174000,11.8000,11.8900,11.8000,11.8900,5100,0
AGI.US,5,20131205,174500,11.8800,11.9100,11.8300,11.8500,2100,0
AGI.US,5,20131205,175000,11.8500,11.8500,11.8000,11.8000,3070,0
AGI.US,5,20131205,175500,11.8200,11.8300,11.8200,11.8200,800,0
AGI.US,5,20131205,180000,11.8100,11.8100,11.7700,11.7700,2700,0
AGI.US,5,20131205,180500,11.8000,11.8000,11.7800,11.7900,400,0
AGI.US,5,20131205,181000,11.7800,11.7800,11.7400,11.7800,2800,0
AGI.US,5,20131205,181500,11.7500,11.7700,11.7300,11.7700,600,0
AGI.US,5,20131205,182000,11.7600,11.7800,11.7600,11.7800,1150,0
AGI.US,5,20131205,182500,11.7700,11.7700,11.7500,11.7500,400,0
AGI.US,5,20131205,183000,11.7800,11.8200,11.7800,11.8200,1000,0
AGI.US,5,20131205,183500,11.8000,11.8000,11.7900,11.7900,400,0
AGI.US,5,20131205,184000,11.8100,11.8400,11.7800,11.7800,900,0
AGI.US,5,20131205,184500,11.7800,11.7900,11.7700,11.7700,1400,0
AGI.US,5,20131205,185000,11.7700,11.7700,11.7200,11.7200,2400,0
AGI.US,5,20131205,185500,11.7200,11.7800,11.7200,11.7600,900,0
AGI.US,5,20131205,190000,11.7500,11.7600,11.7500,11.7500,4200,0
AGI.US,5,20131205,190500,11.7600,11.7600,11.7500,11.7500,300,0
AGI.US,5,20131205,191000,11.7200,11.7200,11.7000,11.7100,600,0
AGI.US,5,20131205,191500,11.7100,11.7200,11.7100,11.7100,400,0
AGI.US,5,20131205,192000,11.7000,11.7000,11.6900,11.6900,700,0
AGI.US,5,20131205,192500,11.7000,11.7500,11.7000,11.7500,500,0
AGI.US,5,20131205,193000,11.7400,11.7600,11.7400,11.7400,500,0
AGI.US,5,20131205,193500,11.7400,11.7400,11.7400,11.7400,300,0
AGI.US,5,20131205,194000,11.7400,11.7600,11.7400,11.7600,700,0
AGI.US,5,20131205,194500,11.7700,11.7700,11.7600,11.7600,400,0
AGI.US,5,20131205,195000,11.7600,11.7600,11.7400,11.7400,200,0
AGI.US,5,20131205,195500,11.7300,11.8500,11.7300,11.8500,7175,0
AGI.US,5,20131205,200000,11.8400,11.8400,11.8000,11.8000,763,0
AGI.US,5,20131205,200500,11.8000,11.8100,11.7300,11.7400,3300,0
AGI.US,5,20131205,201000,11.7500,11.7900,11.7400,11.7900,1200,0
AGI.US,5,20131205,201500,11.8000,11.8000,11.7900,11.8000,700,0
AGI.US,5,20131205,202000,11.7700,11.8000,11.7700,11.8000,4200,0
AGI.US,5,20131205,202500,11.8100,11.8100,11.7800,11.7800,1100,0
AGI.US,5,20131205,203000,11.8000,11.8100,11.7900,11.8100,500,0
AGI.US,5,20131205,203500,11.8000,11.8100,11.8000,11.8100,800,0
AGI.US,5,20131205,204000,11.8000,11.8100,11.7500,11.7500,1900,0
AGI.US,5,20131205,204500,11.7500,11.7600,11.7000,11.7500,7066,0
AGI.US,5,20131205,205000,11.7400,11.7800,11.7400,11.7500,13915,0
AGI.US,5,20131205,205500,11.7800,11.8300,11.7600,11.8100,11000,0
AGI.US,5,20131205,210000,11.8100,11.8100,11.7700,11.8100,9600,0
AGI.US,5,20131205,210500,11.8200,11.8200,11.7200,11.7200,3050,0
AGI.US,5,20131205,211000,11.7100,11.7200,11.7000,11.7000,6400,0
AGI.US,5,20131205,211500,11.7000,11.7400,11.7000,11.7400,2300,0
AGI.US,5,20131205,212000,11.7200,11.7400,11.7200,11.7300,5500,0
AGI.US,5,20131205,212500,11.7200,11.7500,11.7200,11.7200,4501,0
AGI.US,5,20131205,213000,11.7200,11.7400,11.7000,11.7100,8800,0
AGI.US,5,20131205,213500,11.7100,11.7300,11.7000,11.7100,3700,0
AGI.US,5,20131205,214000,11.7100,11.7500,11.7100,11.7500,1946,0
AGI.US,5,20131205,214500,11.7500,11.7500,11.6500,11.6900,3700,0
AGI.US,5,20131205,215000,11.7000,11.7100,11.6500,11.6500,1800,0
AGI.US,5,20131205,215500,11.6600,11.6600,11.6500,11.6600,4000,0
AGI.US,5,20131205,220000,11.6500,11.6600,11.6200,11.6500,9414,0
AGI.US,5,20131205,220500,11.6400,11.6400,11.6400,11.6400,3553,0
AGI.US,5,20131206,153500,11.7700,11.8000,11.7100,11.7400,3930,0
AGI.US,5,20131206,154000,11.7200,11.7500,11.6500,11.6800,6630,0
AGI.US,5,20131206,154500,11.6900,11.7400,11.5900,11.6500,18516,0
AGI.US,5,20131206,155000,11.6400,11.6500,11.5900,11.6400,2700,0
AGI.US,5,20131206,155500,11.6400,11.7300,11.6400,11.6700,4734,0
AGI.US,5,20131206,160000,11.6500,11.6500,11.6100,11.6200,1602,0
AGI.US,5,20131206,160500,11.6100,11.6600,11.6000,11.6200,6440,0
AGI.US,5,20131206,161000,11.6300,11.6700,11.6300,11.6700,1200,0
AGI.US,5,20131206,161500,11.6600,11.7000,11.6600,11.6900,1100,0
AGI.US,5,20131206,162000,11.6900,11.6900,11.6600,11.6600,1500,0
AGI.US,5,20131206,162500,11.6700,11.6800,11.6000,11.6300,2820,0
AGI.US,5,20131206,163000,11.6300,11.6600,11.6100,11.6600,3000,0
AGI.US,5,20131206,163500,11.6500,11.6700,11.6500,11.6700,1700,0
AGI.US,5,20131206,164000,11.6700,11.6700,11.5700,11.5700,3500,0
AGI.US,5,20131206,164500,11.5800,11.6400,11.5600,11.6200,4202,0
AGI.US,5,20131206,165000,11.6400,11.6500,11.6400,11.6500,900,0
AGI.US,5,20131206,165500,11.6800,11.7100,11.6800,11.7000,1300,0
AGI.US,5,20131206,170000,11.7000,11.7300,11.6800,11.7300,5000,0
AGI.US,5,20131206,170500,11.7400,11.7400,11.7200,11.7200,400,0
AGI.US,5,20131206,171000,11.7000,11.7000,11.6800,11.6800,900,0
AGI.US,5,20131206,171500,11.6900,11.7100,11.6700,11.6800,1600,0
AGI.US,5,20131206,172000,11.6600,11.6600,11.6300,11.6600,7000,0
AGI.US,5,20131206,173000,11.6600,11.6600,11.6400,11.6400,1000,0
AGI.US,5,20131206,173500,11.6700,11.7000,11.6700,11.7000,9100,0
AGI.US,5,20131206,174000,11.7100,11.7100,11.7000,11.7000,1000,0
AGI.US,5,20131206,174500,11.6900,11.6900,11.6900,11.6900,300,0
AGI.US,5,20131206,175000,11.6800,11.6900,11.6800,11.6800,400,0
AGI.US,5,20131206,175500,11.6900,11.6900,11.6900,11.6900,800,0
AGI.US,5,20131206,180000,11.6900,11.6900,11.6900,11.6900,181,0
AGI.US,5,20131206,180500,11.6900,11.6900,11.6800,11.6900,700,0
AGI.US,5,20131206,181000,11.6800,11.7000,11.6500,11.6800,12500,0
AGI.US,5,20131206,181500,11.6800,11.6800,11.6600,11.6600,500,0
AGI.US,5,20131206,182000,11.6600,11.6700,11.6200,11.6600,5143,0
AGI.US,5,20131206,182500,11.6600,11.6600,11.6600,11.6600,200,0
AGI.US,5,20131206,183000,11.6900,11.7100,11.6800,11.6900,1500,0
AGI.US,5,20131206,183500,11.6800,11.6800,11.6800,11.6800,100,0
AGI.US,5,20131206,184000,11.6800,11.7300,11.6700,11.6900,1900,0
AGI.US,5,20131206,184500,11.6600,11.6700,11.6600,11.6700,500,0
AGI.US,5,20131206,185000,11.6700,11.6800,11.6600,11.6800,500,0
AGI.US,5,20131206,185500,11.6800,11.6900,11.6800,11.6900,900,0
AGI.US,5,20131206,190000,11.6800,11.7200,11.6800,11.7200,800,0
AGI.US,5,20131206,190500,11.7300,11.7300,11.7300,11.7300,100,0
AGI.US,5,20131206,191000,11.7300,11.7300,11.7300,11.7300,300,0
AGI.US,5,20131206,191500,11.7200,11.7200,11.7100,11.7100,400,0
AGI.US,5,20131206,192000,11.7200,11.7200,11.7100,11.7200,400,0
AGI.US,5,20131206,192500,11.7200,11.7300,11.7000,11.7100,3400,0
AGI.US,5,20131206,193000,11.7100,11.7200,11.7100,11.7200,8400,0
AGI.US,5,20131206,193500,11.7100,11.7100,11.6700,11.7000,2700,0
AGI.US,5,20131206,194000,11.6900,11.7300,11.6900,11.7200,13600,0
AGI.US,5,20131206,194500,11.7200,11.7300,11.7100,11.7100,4700,0
AGI.US,5,20131206,195000,11.7000,11.7200,11.6900,11.7200,5300,0
AGI.US,5,20131206,200000,11.6900,11.7300,11.6900,11.7100,3900,0
AGI.US,5,20131206,200500,11.7000,11.7000,11.6800,11.6900,900,0
AGI.US,5,20131206,201000,11.6900,11.7200,11.6900,11.7000,6200,0
AGI.US,5,20131206,201500,11.6800,11.6800,11.6500,11.6800,4300,0
AGI.US,5,20131206,202000,11.6500,11.6600,11.6300,11.6300,1000,0
AGI.US,5,20131206,202500,11.6000,11.6400,11.5900,11.6400,26200,0
AGI.US,5,20131206,203000,11.6100,11.6300,11.6000,11.6200,5700,0
AGI.US,5,20131206,203500,11.6100,11.6100,11.5800,11.5800,800,0
AGI.US,5,20131206,204000,11.6000,11.6000,11.5700,11.5700,500,0
AGI.US,5,20131206,204500,11.5700,11.6000,11.5700,11.5700,2500,0
AGI.US,5,20131206,205000,11.5800,11.5800,11.5400,11.5400,2032,0
AGI.US,5,20131206,205500,11.5400,11.5600,11.5000,11.5000,1500,0
AGI.US,5,20131206,210000,11.4900,11.5100,11.4700,11.4800,2205,0
AGI.US,5,20131206,210500,11.4800,11.4800,11.4300,11.4300,2200,0
AGI.US,5,20131206,211000,11.4300,11.5600,11.4300,11.5200,5802,0
AGI.US,5,20131206,211500,11.4800,11.5400,11.4800,11.5200,900,0
AGI.US,5,20131206,212000,11.5300,11.5500,11.5300,11.5500,1220,0
AGI.US,5,20131206,212500,11.5500,11.6100,11.5500,11.6100,3500,0
AGI.US,5,20131206,213000,11.6100,11.6300,11.6100,11.6300,1280,0
AGI.US,5,20131206,213500,11.6300,11.6300,11.5800,11.6000,2496,0
AGI.US,5,20131206,214000,11.5900,11.5900,11.5500,11.5600,700,0
AGI.US,5,20131206,214500,11.5500,11.5700,11.5400,11.5700,2100,0
AGI.US,5,20131206,215000,11.5700,11.5800,11.5600,11.5700,1400,0
AGI.US,5,20131206,215500,11.5600,11.5800,11.5500,11.5600,4300,0
AGI.US,5,20131206,220000,11.5600,11.5600,11.4700,11.4900,13322,0
AGI.US,5,20131206,220500,11.4900,11.4900,11.4900,11.4900,1475,0
AGI.US,5,20131209,153500,11.4900,11.6600,11.4900,11.6000,9080,0
AGI.US,5,20131209,154000,11.5900,11.6700,11.5500,11.6200,4100,0
AGI.US,5,20131209,154500,11.6400,11.6500,11.5900,11.5900,1700,0
AGI.US,5,20131209,155000,11.6000,11.6000,11.6000,11.6000,100,0
AGI.US,5,20131209,155500,11.6300,11.6300,11.5700,11.5700,300,0
AGI.US,5,20131209,160000,11.6000,11.6200,11.5700,11.5800,1300,0
AGI.US,5,20131209,160500,11.5900,11.6100,11.5900,11.6100,600,0
AGI.US,5,20131209,161000,11.6100,11.6200,11.5700,11.5700,3800,0
AGI.US,5,20131209,161500,11.5700,11.6100,11.5500,11.5800,8780,0
AGI.US,5,20131209,162000,11.5800,11.6000,11.5600,11.6000,4900,0
AGI.US,5,20131209,162500,11.6000,11.6100,11.5700,11.5900,4600,0
AGI.US,5,20131209,163000,11.5900,11.6000,11.5600,11.5700,1400,0
AGI.US,5,20131209,163500,11.5900,11.6100,11.5600,11.5800,2425,0
AGI.US,5,20131209,164000,11.5800,11.6100,11.5800,11.6100,3202,0
AGI.US,5,20131209,164500,11.6100,11.6100,11.6000,11.6100,1900,0
AGI.US,5,20131209,165000,11.6100,11.6200,11.5900,11.6000,1900,0
AGI.US,5,20131209,165500,11.6100,11.6200,11.5900,11.6000,2760,0
AGI.US,5,20131209,170000,11.5900,11.6000,11.5700,11.5800,7550,0
AGI.US,5,20131209,170500,11.5900,11.5900,11.5200,11.5300,5900,0
AGI.US,5,20131209,171000,11.5300,11.5300,11.5200,11.5300,2100,0
AGI.US,5,20131209,171500,11.5300,11.5300,11.5100,11.5200,1900,0
AGI.US,5,20131209,172000,11.5300,11.5400,11.5200,11.5400,1100,0
AGI.US,5,20131209,172500,11.5200,11.5700,11.5200,11.5700,2700,0
AGI.US,5,20131209,173000,11.5700,11.5800,11.5600,11.5700,800,0
AGI.US,5,20131209,173500,11.5700,11.5900,11.5700,11.5900,500,0
AGI.US,5,20131209,174000,11.6200,11.6200,11.5900,11.6100,2100,0
AGI.US,5,20131209,174500,11.6000,11.6100,11.6000,11.6100,800,0
AGI.US,5,20131209,175000,11.6000,11.6000,11.5800,11.5800,1100,0
AGI.US,5,20131209,175500,11.5700,11.5900,11.5600,11.5900,1000,0
AGI.US,5,20131209,180000,11.6000,11.6000,11.5800,11.5800,600,0
AGI.US,5,20131209,180500,11.5600,11.5800,11.5400,11.5600,1800,0
AGI.US,5,20131209,181000,11.5600,11.6300,11.5600,11.6100,5400,0
AGI.US,5,20131209,181500,11.6300,11.6300,11.5800,11.6300,4500,0
AGI.US,5,20131209,182000,11.6000,11.6000,11.5600,11.5800,3700,0
AGI.US,5,20131209,182500,11.5900,11.5900,11.5300,11.5300,5500,0
AGI.US,5,20131209,183000,11.5500,11.5500,11.5300,11.5400,1800,0
AGI.US,5,20131209,183500,11.5700,11.6100,11.5400,11.6100,6100,0
AGI.US,5,20131209,184000,11.5800,11.5800,11.5500,11.5600,3000,0
AGI.US,5,20131209,184500,11.5600,11.5600,11.5400,11.5500,900,0
AGI.US,5,20131209,185000,11.5400,11.5400,11.5300,11.5400,1100,0
AGI.US,5,20131209,185500,11.5400,11.5600,11.5300,11.5400,5900,0
AGI.US,5,20131209,190000,11.5400,11.5500,11.5400,11.5400,1600,0
AGI.US,5,20131209,190500,11.5400,11.5400,11.5400,11.5400,100,0
AGI.US,5,20131209,191000,11.5400,11.5700,11.5400,11.5700,2650,0
AGI.US,5,20131209,191500,11.5500,11.6000,11.5500,11.6000,1500,0
AGI.US,5,20131209,192000,11.6000,11.6000,11.5700,11.5800,2200,0
AGI.US,5,20131209,192500,11.5800,11.6100,11.5800,11.6100,2000,0
AGI.US,5,20131209,193000,11.6000,11.6300,11.6000,11.6300,2400,0
AGI.US,5,20131209,193500,11.6400,11.6400,11.6000,11.6200,2000,0
AGI.US,5,20131209,194000,11.6300,11.6400,11.6000,11.6100,1100,0
AGI.US,5,20131209,194500,11.6100,11.6200,11.6100,11.6200,1050,0
AGI.US,5,20131209,195000,11.6300,11.6400,11.6100,11.6100,900,0
AGI.US,5,20131209,195500,11.6100,11.6400,11.6100,11.6300,700,0
AGI.US,5,20131209,200000,11.6200,11.6300,11.6100,11.6200,1000,0
AGI.US,5,20131209,200500,11.6000,11.6000,11.5900,11.6000,700,0
AGI.US,5,20131209,201000,11.5900,11.6000,11.5900,11.6000,700,0
AGI.US,5,20131209,201500,11.5600,11.6100,11.5400,11.5900,5400,0
AGI.US,5,20131209,202000,11.6000,11.6100,11.5900,11.6100,500,0
AGI.US,5,20131209,202500,11.5800,11.5800,11.5600,11.5700,1100,0
AGI.US,5,20131209,203000,11.5700,11.6100,11.5700,11.6000,2200,0
AGI.US,5,20131209,203500,11.6000,11.6400,11.5800,11.6200,9100,0
AGI.US,5,20131209,204000,11.6300,11.6500,11.6300,11.6500,2500,0
AGI.US,5,20131209,204500,11.6600,11.6900,11.6600,11.6900,1400,0
AGI.US,5,20131209,205000,11.6800,11.7100,11.6800,11.7100,1400,0
AGI.US,5,20131209,205500,11.7100,11.7200,11.6900,11.6900,1200,0
AGI.US,5,20131209,210000,11.6800,11.7500,11.6800,11.7300,3600,0
AGI.US,5,20131209,210500,11.7200,11.7200,11.7000,11.7000,1500,0
AGI.US,5,20131209,211000,11.7200,11.7200,11.7000,11.7000,1050,0
AGI.US,5,20131209,211500,11.6900,11.7400,11.6900,11.7200,1100,0
AGI.US,5,20131209,212000,11.7800,11.7900,11.7500,11.7500,3400,0
AGI.US,5,20131209,212500,11.7400,11.7400,11.6800,11.7400,3500,0
AGI.US,5,20131209,213000,11.7000,11.7300,11.6800,11.7100,3000,0
AGI.US,5,20131209,213500,11.6900,11.7300,11.6900,11.7000,1300,0
AGI.US,5,20131209,214000,11.6900,11.6900,11.6600,11.6700,3400,0
AGI.US,5,20131209,214500,11.6900,11.7100,11.6900,11.7000,1300,0
AGI.US,5,20131209,215000,11.7000,11.7300,11.6900,11.7000,8100,0
AGI.US,5,20131209,215500,11.7000,11.7300,11.6900,11.7100,8800,0
AGI.US,5,20131209,220000,11.7100,11.7300,11.6900,11.7300,16091,0
AGI.US,5,20131209,220500,11.7400,11.7400,11.7400,11.7400,1177,0
