<TICKER>,<PER>,<DTYYYYMMDD>,<TIME>,<OPEN>,<HIGH>,<LOW>,<CLOSE>,<VOL>,<OPENINT>
AMH-A.US,5,20131112,153500,25.5000,25.5000,25.5000,25.5000,700,0
AMH-A.US,5,20131112,161000,25.5000,25.5000,25.5000,25.5000,600,0
AMH-A.US,5,20131112,171500,25.5000,25.5000,25.5000,25.5000,100,0
AMH-A.US,5,20131112,181000,25.4700,25.4700,25.4700,25.4700,400,0
AMH-A.US,5,20131112,183500,25.4600,25.5000,25.4600,25.5000,300,0
AMH-A.US,5,20131112,184500,25.4900,25.5000,25.4900,25.5000,450,0
AMH-A.US,5,20131112,190500,25.5000,25.5000,25.5000,25.5000,200,0
AMH-A.US,5,20131112,192000,25.5000,25.5000,25.5000,25.5000,600,0
AMH-A.US,5,20131112,194000,25.5000,25.5000,25.5000,25.5000,100,0
AMH-A.US,5,20131112,195000,25.5000,25.5000,25.5000,25.5000,350,0
AMH-A.US,5,20131112,213500,25.5000,25.5000,25.5000,25.5000,2000,0
AMH-A.US,5,20131112,214000,25.5000,25.5000,25.5000,25.5000,350,0
AMH-A.US,5,20131112,220000,25.4900,25.5000,25.4900,25.5000,1356,0
AMH-A.US,5,20131113,154000,25.5000,25.5000,25.5000,25.5000,300,0
AMH-A.US,5,20131113,154500,25.5000,25.5000,25.5000,25.5000,100,0
AMH-A.US,5,20131113,162000,25.5000,25.5000,25.5000,25.5000,200,0
AMH-A.US,5,20131113,165500,25.5000,25.5000,25.5000,25.5000,1573,0
AMH-A.US,5,20131113,170500,25.4500,25.4500,25.4500,25.4500,500,0
AMH-A.US,5,20131113,172500,25.5000,25.5000,25.5000,25.5000,100,0
AMH-A.US,5,20131113,173500,25.5000,25.5000,25.5000,25.5000,150,0
AMH-A.US,5,20131113,175500,25.5000,25.5000,25.5000,25.5000,1000,0
AMH-A.US,5,20131113,184000,25.5000,25.5000,25.5000,25.5000,1000,0
AMH-A.US,5,20131113,193500,25.4000,25.4000,25.4000,25.4000,170,0
AMH-A.US,5,20131113,202000,25.5000,25.5000,25.5000,25.5000,250,0
AMH-A.US,5,20131113,204000,25.5000,25.5000,25.5000,25.5000,300,0
AMH-A.US,5,20131113,210500,25.5000,25.5000,25.5000,25.5000,600,0
AMH-A.US,5,20131114,154000,25.5000,25.5000,25.5000,25.5000,500,0
AMH-A.US,5,20131114,155000,25.5000,25.5000,25.5000,25.5000,200,0
AMH-A.US,5,20131114,155500,25.5000,25.5000,25.5000,25.5000,100,0
AMH-A.US,5,20131114,160000,25.5000,25.5000,25.5000,25.5000,500,0
AMH-A.US,5,20131114,161500,25.5000,25.5000,25.5000,25.5000,300,0
AMH-A.US,5,20131114,162500,25.5000,25.5000,25.5000,25.5000,500,0
AMH-A.US,5,20131114,165500,25.5000,25.5000,25.5000,25.5000,2000,0
AMH-A.US,5,20131114,180500,25.5000,25.5000,25.5000,25.5000,8000,0
AMH-A.US,5,20131114,181500,25.5000,25.5000,25.5000,25.5000,400,0
AMH-A.US,5,20131114,191000,25.5000,25.5000,25.5000,25.5000,1400,0
AMH-A.US,5,20131114,191500,25.5000,25.5000,25.5000,25.5000,900,0
AMH-A.US,5,20131114,192000,25.5000,25.5000,25.5000,25.5000,1842,0
AMH-A.US,5,20131114,204500,26.1100,26.1100,26.1100,26.1100,200,0
AMH-A.US,5,20131114,205000,25.7700,25.9900,25.7700,25.7700,700,0
AMH-A.US,5,20131114,211500,25.5300,25.5300,25.5300,25.5300,151,0
AMH-A.US,5,20131115,160000,25.9400,25.9900,25.8900,25.9000,1170,0
AMH-A.US,5,20131115,163000,25.9800,25.9800,25.9800,25.9800,1000,0
AMH-A.US,5,20131115,170000,26.0000,26.0000,26.0000,26.0000,200,0
AMH-A.US,5,20131115,172500,25.9800,25.9800,25.9800,25.9800,642,0
AMH-A.US,5,20131115,174000,25.9700,25.9700,25.8900,25.9600,550,0
AMH-A.US,5,20131115,181500,25.9700,25.9700,25.9700,25.9700,100,0
AMH-A.US,5,20131115,184500,25.9700,25.9700,25.9700,25.9700,500,0
AMH-A.US,5,20131115,203000,25.5600,25.5600,25.5000,25.5000,1050,0
AMH-A.US,5,20131115,204500,25.4200,25.4500,25.4200,25.4500,700,0
AMH-A.US,5,20131115,211500,25.4200,25.4200,25.4100,25.4100,800,0
AMH-A.US,5,20131115,212500,25.5000,25.5000,25.5000,25.5000,800,0
AMH-A.US,5,20131115,213000,25.5500,25.5500,25.4100,25.4100,2400,0
AMH-A.US,5,20131115,214500,25.5000,25.5000,25.5000,25.5000,300,0
AMH-A.US,5,20131115,220000,25.5000,25.5000,25.5000,25.5000,100,0
AMH-A.US,5,20131118,165000,25.5200,25.5200,25.5200,25.5200,2000,0
AMH-A.US,5,20131118,174500,25.5200,25.5200,25.5200,25.5200,358,0
AMH-A.US,5,20131118,184000,25.8400,25.8400,25.8400,25.8400,100,0
AMH-A.US,5,20131118,191000,25.8900,25.8900,25.8900,25.8900,200,0
AMH-A.US,5,20131118,203000,25.9000,25.9000,25.9000,25.9000,600,0
AMH-A.US,5,20131119,154500,25.8000,25.8000,25.7500,25.8000,1200,0
AMH-A.US,5,20131119,163500,25.7500,25.7500,25.7500,25.7500,300,0
AMH-A.US,5,20131119,164000,25.6500,25.6500,25.6500,25.6500,100,0
AMH-A.US,5,20131119,165000,25.6800,25.6800,25.6800,25.6800,1000,0
AMH-A.US,5,20131119,171500,25.7300,25.7500,25.7300,25.7500,4300,0
AMH-A.US,5,20131119,173500,25.7500,25.7500,25.7500,25.7500,100,0
AMH-A.US,5,20131119,174500,25.7000,25.7000,25.7000,25.7000,1000,0
AMH-A.US,5,20131119,181500,25.6000,25.6000,25.6000,25.6000,3000,0
AMH-A.US,5,20131119,192000,25.7500,25.7500,25.7500,25.7500,100,0
AMH-A.US,5,20131119,195000,25.7400,25.7500,25.7400,25.7500,1115,0
AMH-A.US,5,20131119,201500,25.7500,25.7500,25.7500,25.7500,140,0
AMH-A.US,5,20131119,210500,25.7500,25.7500,25.7000,25.7000,1200,0
AMH-A.US,5,20131119,212000,25.7500,25.7500,25.7500,25.7500,600,0
AMH-A.US,5,20131119,214500,25.6500,25.6500,25.6500,25.6500,1000,0
AMH-A.US,5,20131119,215500,25.6700,25.6700,25.6700,25.6700,1000,0
AMH-A.US,5,20131120,155000,25.7500,25.7500,25.7500,25.7500,250,0
AMH-A.US,5,20131120,160000,25.7500,25.7500,25.7500,25.7500,2000,0
AMH-A.US,5,20131120,160500,25.7500,25.7500,25.7500,25.7500,1000,0
AMH-A.US,5,20131120,165000,25.7000,25.7000,25.7000,25.7000,500,0
AMH-A.US,5,20131120,165500,25.7000,25.7000,25.7000,25.7000,1165,0
AMH-A.US,5,20131120,173000,25.7000,25.7000,25.7000,25.7000,450,0
AMH-A.US,5,20131120,180500,25.7000,25.7000,25.7000,25.7000,500,0
AMH-A.US,5,20131120,184500,25.7300,25.7400,25.7300,25.7400,1350,0
AMH-A.US,5,20131120,185000,25.7500,25.7500,25.7500,25.7500,450,0
AMH-A.US,5,20131120,185500,25.7500,25.7500,25.7500,25.7500,1150,0
AMH-A.US,5,20131120,194500,25.7500,25.7500,25.7500,25.7500,600,0
AMH-A.US,5,20131120,195000,25.7500,25.7500,25.7500,25.7500,400,0
AMH-A.US,5,20131120,195500,25.7200,25.7200,25.7200,25.7200,1000,0
AMH-A.US,5,20131120,203000,25.7500,25.7500,25.7400,25.7400,2000,0
AMH-A.US,5,20131120,210500,25.7000,25.7000,25.6500,25.6500,3000,0
AMH-A.US,5,20131120,211000,25.7500,25.7500,25.7500,25.7500,200,0
AMH-A.US,5,20131121,161000,25.7100,25.7100,25.7100,25.7100,195,0
AMH-A.US,5,20131121,171500,25.7500,25.7500,25.7500,25.7500,600,0
AMH-A.US,5,20131121,172000,25.7500,25.7500,25.7500,25.7500,2800,0
AMH-A.US,5,20131121,172500,25.7500,25.7500,25.7500,25.7500,800,0
AMH-A.US,5,20131121,183000,25.7500,25.7500,25.7500,25.7500,1400,0
AMH-A.US,5,20131121,184000,25.7200,25.7200,25.7200,25.7200,600,0
AMH-A.US,5,20131121,191500,25.7200,25.7200,25.7200,25.7200,230,0
AMH-A.US,5,20131121,192000,25.7200,25.7200,25.7200,25.7200,100,0
AMH-A.US,5,20131121,200000,25.7300,25.7300,25.7300,25.7300,338,0
AMH-A.US,5,20131121,200500,25.7200,25.7200,25.7000,25.7000,400,0
AMH-A.US,5,20131121,201500,25.7000,25.7000,25.6200,25.6200,2000,0
AMH-A.US,5,20131121,202000,25.6200,25.6200,25.6000,25.6000,6400,0
AMH-A.US,5,20131121,202500,25.6000,25.6000,25.6000,25.6000,2100,0
AMH-A.US,5,20131121,203000,25.6000,25.6000,25.6000,25.6000,300,0
AMH-A.US,5,20131121,203500,25.7300,25.7300,25.7300,25.7300,480,0
AMH-A.US,5,20131122,171500,25.7200,25.7200,25.7200,25.7200,200,0
AMH-A.US,5,20131122,184000,25.7200,25.7200,25.7200,25.7200,100,0
AMH-A.US,5,20131122,184500,25.7200,25.7200,25.7200,25.7200,100,0
AMH-A.US,5,20131122,210500,25.7100,25.7100,25.7100,25.7100,150,0
AMH-A.US,5,20131122,212500,25.7200,25.7200,25.7200,25.7200,388,0
AMH-A.US,5,20131122,215500,25.7100,25.7100,25.7100,25.7100,400,0
AMH-A.US,5,20131125,154000,25.7400,25.7400,25.7400,25.7400,400,0
AMH-A.US,5,20131125,163500,25.7300,25.7300,25.7000,25.7000,1540,0
AMH-A.US,5,20131125,164000,25.7500,25.7500,25.7500,25.7500,400,0
AMH-A.US,5,20131125,165500,25.7500,25.7500,25.7500,25.7500,100,0
AMH-A.US,5,20131125,170000,25.7100,25.7100,25.7100,25.7100,400,0
AMH-A.US,5,20131125,172500,25.7500,25.7500,25.7500,25.7500,3000,0
AMH-A.US,5,20131125,174000,25.7500,25.7500,25.7500,25.7500,200,0
AMH-A.US,5,20131125,185500,25.7500,25.7500,25.7500,25.7500,150,0
AMH-A.US,5,20131125,190500,25.7500,25.7500,25.7500,25.7500,1000,0
AMH-A.US,5,20131125,191000,25.7500,25.7500,25.7500,25.7500,400,0
AMH-A.US,5,20131125,215500,25.7500,25.7500,25.7500,25.7500,1700,0
AMH-A.US,5,20131126,163500,25.7500,25.7500,25.7500,25.7500,300,0
AMH-A.US,5,20131126,165000,25.7500,25.7500,25.7500,25.7500,100,0
AMH-A.US,5,20131126,174000,25.7500,25.7500,25.7500,25.7500,5414,0
AMH-A.US,5,20131126,180000,25.7500,25.7500,25.7500,25.7500,200,0
AMH-A.US,5,20131126,182000,25.7300,25.7300,25.7300,25.7300,2000,0
AMH-A.US,5,20131126,182500,25.7300,25.7300,25.6000,25.6000,1920,0
AMH-A.US,5,20131126,185000,25.7400,25.7400,25.7100,25.7100,200,0
AMH-A.US,5,20131126,212000,25.6800,25.6800,25.6100,25.6100,3000,0
AMH-A.US,5,20131126,212500,25.6100,25.6100,25.6100,25.6100,3000,0
AMH-A.US,5,20131127,164000,25.6400,25.7300,25.6400,25.7300,500,0
AMH-A.US,5,20131127,165000,25.7400,25.7400,25.7400,25.7400,100,0
AMH-A.US,5,20131127,165500,25.7400,25.7400,25.7400,25.7400,100,0
AMH-A.US,5,20131127,170000,25.7400,25.7400,25.7100,25.7400,800,0
AMH-A.US,5,20131127,170500,25.7400,25.7400,25.7400,25.7400,100,0
AMH-A.US,5,20131127,171000,25.7400,25.7400,25.7400,25.7400,100,0
AMH-A.US,5,20131127,171500,25.7400,25.7400,25.7400,25.7400,100,0
AMH-A.US,5,20131127,172500,25.7400,25.7400,25.7400,25.7400,100,0
AMH-A.US,5,20131127,173000,25.7400,25.7400,25.7400,25.7400,100,0
AMH-A.US,5,20131127,173500,25.7400,25.7400,25.7400,25.7400,100,0
AMH-A.US,5,20131127,174000,25.7400,25.7400,25.7400,25.7400,100,0
AMH-A.US,5,20131127,175000,25.7400,25.7400,25.7400,25.7400,100,0
AMH-A.US,5,20131127,175500,25.7400,25.7400,25.7400,25.7400,100,0
AMH-A.US,5,20131127,180500,25.7400,25.7400,25.7400,25.7400,100,0
AMH-A.US,5,20131127,181000,25.7400,25.7400,25.7400,25.7400,100,0
AMH-A.US,5,20131127,182000,25.7500,25.7500,25.7500,25.7500,100,0
AMH-A.US,5,20131127,182500,25.7500,25.7500,25.7500,25.7500,100,0
AMH-A.US,5,20131127,183500,25.7500,25.7500,25.7500,25.7500,100,0
AMH-A.US,5,20131127,184500,25.7500,25.7500,25.7500,25.7500,100,0
AMH-A.US,5,20131127,185000,25.7500,25.7500,25.7500,25.7500,100,0
AMH-A.US,5,20131127,190000,25.7500,25.7500,25.7500,25.7500,100,0
AMH-A.US,5,20131127,191000,25.7500,25.7500,25.7500,25.7500,100,0
AMH-A.US,5,20131127,192000,25.7500,25.7500,25.7500,25.7500,100,0
AMH-A.US,5,20131127,193000,25.7500,25.7500,25.7500,25.7500,600,0
AMH-A.US,5,20131127,193500,25.7500,25.7500,25.7500,25.7500,100,0
AMH-A.US,5,20131127,194000,25.7500,25.7500,25.7500,25.7500,100,0
AMH-A.US,5,20131127,194500,25.7500,25.7500,25.7500,25.7500,1000,0
AMH-A.US,5,20131127,195000,25.7500,25.7500,25.7500,25.7500,100,0
AMH-A.US,5,20131127,195500,25.7500,25.7500,25.7500,25.7500,100,0
AMH-A.US,5,20131127,200000,25.7500,25.7500,25.7500,25.7500,1400,0
AMH-A.US,5,20131127,200500,25.7500,25.7500,25.7500,25.7500,900,0
AMH-A.US,5,20131127,203000,25.7400,25.7400,25.7400,25.7400,100,0
AMH-A.US,5,20131127,204000,25.7400,25.7400,25.7400,25.7400,100,0
AMH-A.US,5,20131127,204500,25.7400,25.7400,25.7400,25.7400,100,0
AMH-A.US,5,20131127,205000,25.7400,25.7400,25.7400,25.7400,200,0
AMH-A.US,5,20131127,210000,25.7400,25.7500,25.7400,25.7500,300,0
AMH-A.US,5,20131127,210500,25.7300,25.7300,25.7300,25.7300,400,0
AMH-A.US,5,20131127,211000,25.7200,25.7200,25.6600,25.6600,900,0
AMH-A.US,5,20131127,213000,25.7200,25.7200,25.7200,25.7200,200,0
AMH-A.US,5,20131127,213500,25.7300,25.7500,25.7300,25.7500,1200,0
AMH-A.US,5,20131127,214000,25.7500,25.7500,25.7500,25.7500,100,0
AMH-A.US,5,20131127,214500,25.7500,25.7500,25.7300,25.7500,1000,0
AMH-A.US,5,20131127,215000,25.7200,25.7200,25.6900,25.6900,600,0
AMH-A.US,5,20131127,215500,25.6800,25.6800,25.6800,25.6800,100,0
AMH-A.US,5,20131127,220000,25.6800,25.6800,25.6800,25.6800,100,0
AMH-A.US,5,20131129,154000,25.6300,25.6300,25.5500,25.5500,1200,0
AMH-A.US,5,20131129,165000,25.6500,25.6500,25.6500,25.6500,400,0
AMH-A.US,5,20131129,165500,25.5600,25.5600,25.5300,25.5300,1300,0
AMH-A.US,5,20131129,172500,25.5900,25.5900,25.5900,25.5900,300,0
AMH-A.US,5,20131129,173500,25.5700,25.5700,25.5300,25.5300,300,0
AMH-A.US,5,20131129,182500,25.5800,25.5800,25.5800,25.5800,200,0
AMH-A.US,5,20131129,183000,25.6000,25.6000,25.6000,25.6000,100,0
AMH-A.US,5,20131129,184000,25.7500,25.7500,25.5500,25.5500,200,0
AMH-A.US,5,20131129,190000,25.5600,25.5600,25.5600,25.5600,100,0
AMH-A.US,5,20131202,154000,25.5500,25.5500,25.5500,25.5500,100,0
AMH-A.US,5,20131202,164500,25.5600,25.5600,25.5500,25.5600,810,0
AMH-A.US,5,20131202,181000,25.5100,25.5100,25.5100,25.5100,100,0
AMH-A.US,5,20131202,190500,25.5900,25.5900,25.5100,25.5100,800,0
AMH-A.US,5,20131202,193000,25.5700,25.5900,25.5100,25.5100,300,0
AMH-A.US,5,20131202,202000,25.5900,25.5900,25.5200,25.5200,1180,0
AMH-A.US,5,20131202,204500,25.5900,25.5900,25.5900,25.5900,500,0
AMH-A.US,5,20131202,205000,25.5200,25.5200,25.5200,25.5200,100,0
AMH-A.US,5,20131202,213000,25.5900,25.6000,25.5200,25.5200,353,0
AMH-A.US,5,20131202,220000,25.5300,25.5300,25.5300,25.5300,200,0
AMH-A.US,5,20131203,153500,25.7400,25.7400,25.5100,25.5100,250,0
AMH-A.US,5,20131203,162500,25.7400,25.7400,25.6900,25.6900,500,0
AMH-A.US,5,20131203,163000,25.7400,25.7400,25.5100,25.5100,280,0
AMH-A.US,5,20131203,164500,25.6000,25.6000,25.6000,25.6000,1000,0
AMH-A.US,5,20131203,165500,25.6000,25.6000,25.6000,25.6000,200,0
AMH-A.US,5,20131203,170000,25.5200,25.5200,25.5200,25.5200,100,0
AMH-A.US,5,20131203,172000,25.6000,25.6000,25.5500,25.5500,1200,0
AMH-A.US,5,20131203,182000,25.6000,25.6000,25.6000,25.6000,200,0
AMH-A.US,5,20131203,184000,25.6300,25.6600,25.5500,25.5500,700,0
AMH-A.US,5,20131203,200000,25.6000,25.6000,25.6000,25.6000,2358,0
AMH-A.US,5,20131203,200500,25.6000,25.6000,25.6000,25.6000,1000,0
AMH-A.US,5,20131203,201000,25.5500,25.5500,25.5500,25.5500,100,0
AMH-A.US,5,20131204,165000,25.5500,25.5500,25.5500,25.5500,1000,0
AMH-A.US,5,20131204,184000,25.7200,25.7200,25.7200,25.7200,300,0
AMH-A.US,5,20131204,185000,25.5300,25.5300,25.5300,25.5300,200,0
AMH-A.US,5,20131204,193000,25.7200,25.7200,25.5200,25.5200,250,0
AMH-A.US,5,20131204,211000,25.6800,25.6800,25.6800,25.6800,392,0
AMH-A.US,5,20131204,211500,25.5500,25.5500,25.5500,25.5500,2000,0
AMH-A.US,5,20131204,215500,25.6500,25.6500,25.6500,25.6500,200,0
AMH-A.US,5,20131204,220000,25.5700,25.5700,25.5700,25.5700,200,0
AMH-A.US,5,20131205,192000,25.6600,25.6600,25.5800,25.5800,235,0
AMH-A.US,5,20131205,193000,25.6000,25.6000,25.5000,25.5000,768,0
AMH-A.US,5,20131205,194000,25.5000,25.5000,25.5000,25.5000,1486,0
AMH-A.US,5,20131205,214000,25.7000,25.7000,25.5000,25.5000,400,0
AMH-A.US,5,20131205,215500,25.7000,25.7000,25.5000,25.5000,400,0
AMH-A.US,5,20131206,181500,25.7500,25.7500,25.5600,25.5600,400,0
AMH-A.US,5,20131206,191000,25.6000,25.6000,25.6000,25.6000,500,0
AMH-A.US,5,20131206,205000,25.7500,25.7500,25.7000,25.7000,4600,0
AMH-A.US,5,20131206,210500,25.7500,25.7500,25.7000,25.7300,1200,0
AMH-A.US,5,20131206,213000,25.7500,25.7500,25.7500,25.7500,200,0
AMH-A.US,5,20131209,154500,25.7000,25.7000,25.7000,25.7000,100,0
AMH-A.US,5,20131209,171500,25.7300,25.7300,25.7300,25.7300,200,0
AMH-A.US,5,20131209,172000,25.6400,25.6700,25.6400,25.6700,200,0
AMH-A.US,5,20131209,174000,25.6700,25.6700,25.6700,25.6700,500,0
AMH-A.US,5,20131209,181000,25.7300,25.7300,25.6400,25.6700,580,0
AMH-A.US,5,20131209,183500,25.5600,25.5600,25.5600,25.5600,750,0
AMH-A.US,5,20131209,194000,25.6500,25.6500,25.6500,25.6500,200,0
AMH-A.US,5,20131209,194500,25.6900,25.6900,25.6900,25.6900,200,0
AMH-A.US,5,20131209,201500,25.6900,25.6900,25.6900,25.6900,400,0
AMH-A.US,5,20131209,204500,25.6900,25.6900,25.6900,25.6900,100,0
AMH-A.US,5,20131209,210500,25.6800,25.6800,25.6800,25.6800,100,0
AMH-A.US,5,20131209,212500,25.7000,25.7000,25.7000,25.7000,100,0
AMH-A.US,5,20131209,213000,25.6800,25.6800,25.6800,25.6800,200,0
AMH-A.US,5,20131209,213500,25.6900,25.6900,25.6900,25.6900,288,0
