<TICKER>,<PER>,<DTYYYYMMDD>,<TIME>,<OPEN>,<HIGH>,<LOW>,<CLOSE>,<VOL>,<OPENINT>
AOI.US,5,20131112,153500,2.9300,2.9400,2.9300,2.9300,2944,0
AOI.US,5,20131112,154000,2.9300,2.9400,2.9300,2.9300,651,0
AOI.US,5,20131112,154500,2.9400,2.9500,2.9400,2.9500,7049,0
AOI.US,5,20131112,155000,2.9500,2.9500,2.9500,2.9500,900,0
AOI.US,5,20131112,155500,2.9500,2.9500,2.9500,2.9500,600,0
AOI.US,5,20131112,160000,2.9500,3.0000,2.9500,3.0000,39581,0
AOI.US,5,20131112,160500,3.0000,3.0000,3.0000,3.0000,700,0
AOI.US,5,20131112,161000,3.0000,3.0000,3.0000,3.0000,400,0
AOI.US,5,20131112,161500,3.0000,3.0000,2.9900,2.9900,600,0
AOI.US,5,20131112,162000,3.0000,3.0000,2.9900,3.0000,500,0
AOI.US,5,20131112,162500,2.9900,2.9900,2.9500,2.9500,4400,0
AOI.US,5,20131112,163000,2.9500,2.9800,2.9500,2.9800,3790,0
AOI.US,5,20131112,163500,2.9800,3.0200,2.9800,3.0200,2900,0
AOI.US,5,20131112,164000,3.0200,3.0200,3.0100,3.0200,900,0
AOI.US,5,20131112,164500,3.0200,3.0200,3.0200,3.0200,400,0
AOI.US,5,20131112,165000,3.0200,3.0200,3.0100,3.0100,500,0
AOI.US,5,20131112,165500,3.0200,3.0200,2.9800,2.9800,5600,0
AOI.US,5,20131112,170000,2.9800,2.9800,2.9700,2.9800,1800,0
AOI.US,5,20131112,170500,2.9800,3.0000,2.9800,3.0000,1300,0
AOI.US,5,20131112,171000,3.0100,3.0100,3.0100,3.0100,300,0
AOI.US,5,20131112,171500,3.0100,3.0100,3.0100,3.0100,300,0
AOI.US,5,20131112,172000,3.0100,3.0100,3.0000,3.0000,600,0
AOI.US,5,20131112,172500,3.0100,3.0100,3.0000,3.0000,700,0
AOI.US,5,20131112,173000,3.0100,3.0100,3.0000,3.0100,600,0
AOI.US,5,20131112,173500,3.0100,3.0100,3.0100,3.0100,889,0
AOI.US,5,20131112,174000,3.0000,3.0100,3.0000,3.0100,3200,0
AOI.US,5,20131112,174500,3.0100,3.0100,3.0100,3.0100,300,0
AOI.US,5,20131112,175000,3.0100,3.0100,3.0000,3.0000,400,0
AOI.US,5,20131112,175500,3.0100,3.0100,3.0000,3.0100,1200,0
AOI.US,5,20131112,180000,3.0100,3.0200,3.0100,3.0200,2535,0
AOI.US,5,20131112,180500,3.0200,3.0200,3.0200,3.0200,5212,0
AOI.US,5,20131112,181000,3.0200,3.0200,2.9900,2.9900,4600,0
AOI.US,5,20131112,182000,2.9900,2.9900,2.9900,2.9900,400,0
AOI.US,5,20131112,182500,3.0000,3.0100,2.9900,3.0100,9700,0
AOI.US,5,20131112,183000,3.0100,3.0200,3.0100,3.0200,1802,0
AOI.US,5,20131112,183500,3.0200,3.0200,3.0100,3.0200,900,0
AOI.US,5,20131112,184000,3.0200,3.0200,3.0200,3.0200,2900,0
AOI.US,5,20131112,184500,3.0200,3.0300,3.0200,3.0300,3251,0
AOI.US,5,20131112,185000,3.0400,3.0500,3.0400,3.0500,1914,0
AOI.US,5,20131112,185500,3.0500,3.0600,3.0500,3.0600,400,0
AOI.US,5,20131112,190000,3.0600,3.0600,3.0500,3.0600,4300,0
AOI.US,5,20131112,190500,3.0600,3.0600,3.0600,3.0600,600,0
AOI.US,5,20131112,191000,3.0600,3.0700,3.0600,3.0700,5230,0
AOI.US,5,20131112,191500,3.0700,3.0700,3.0700,3.0700,200,0
AOI.US,5,20131112,192000,3.0700,3.0700,3.0700,3.0700,8090,0
AOI.US,5,20131112,192500,3.0800,3.0900,3.0800,3.0900,4900,0
AOI.US,5,20131112,193000,3.0900,3.0900,3.0900,3.0900,700,0
AOI.US,5,20131112,193500,3.0900,3.0900,3.0900,3.0900,900,0
AOI.US,5,20131112,194000,3.0900,3.0900,3.0800,3.0800,2150,0
AOI.US,5,20131112,194500,3.0900,3.0900,3.0900,3.0900,400,0
AOI.US,5,20131112,195000,3.0900,3.0900,3.0800,3.0800,1500,0
AOI.US,5,20131112,195500,3.0900,3.0900,3.0900,3.0900,500,0
AOI.US,5,20131112,200000,3.0900,3.0900,3.0900,3.0900,800,0
AOI.US,5,20131112,200500,3.0900,3.0900,3.0800,3.0900,800,0
AOI.US,5,20131112,201000,3.0900,3.0900,3.0900,3.0900,400,0
AOI.US,5,20131112,201500,3.0900,3.0900,3.0800,3.0900,900,0
AOI.US,5,20131112,202000,3.0900,3.0900,3.0800,3.0900,700,0
AOI.US,5,20131112,202500,3.0900,3.0900,3.0900,3.0900,400,0
AOI.US,5,20131112,203000,3.0900,3.0900,3.0900,3.0900,800,0
AOI.US,5,20131112,203500,3.0900,3.0900,3.0800,3.0900,700,0
AOI.US,5,20131112,204000,3.0900,3.0900,3.0800,3.0900,600,0
AOI.US,5,20131112,204500,3.0900,3.0900,3.0800,3.0800,4024,0
AOI.US,5,20131112,205000,3.0900,3.0900,3.0900,3.0900,275,0
AOI.US,5,20131112,205500,3.0900,3.0900,3.0800,3.0900,1200,0
AOI.US,5,20131112,210000,3.0900,3.0900,3.0800,3.0900,1875,0
AOI.US,5,20131112,210500,3.0900,3.0900,3.0800,3.0900,1600,0
AOI.US,5,20131112,211000,3.0900,3.0900,3.0800,3.0900,500,0
AOI.US,5,20131112,211500,3.0900,3.0900,3.0800,3.0900,1400,0
AOI.US,5,20131112,212000,3.0900,3.0900,3.0800,3.0900,4600,0
AOI.US,5,20131112,212500,3.0900,3.0900,3.0800,3.0900,1700,0
AOI.US,5,20131112,213000,3.0900,3.0900,3.0800,3.0900,1200,0
AOI.US,5,20131112,213500,3.0900,3.0900,3.0800,3.0900,3100,0
AOI.US,5,20131112,214000,3.0900,3.0900,3.0800,3.0900,5000,0
AOI.US,5,20131112,214500,3.0900,3.1000,3.0900,3.1000,10900,0
AOI.US,5,20131112,215000,3.1000,3.1000,3.0900,3.0900,9193,0
AOI.US,5,20131112,215500,3.1000,3.1000,3.0900,3.0900,10900,0
AOI.US,5,20131112,220000,3.1000,3.1100,3.0900,3.1000,43270,0
AOI.US,5,20131112,220500,3.1100,3.1100,3.1100,3.1100,25145,0
AOI.US,5,20131113,153500,3.0600,3.0700,3.0300,3.0700,1200,0
AOI.US,5,20131113,154000,3.0500,3.0600,3.0500,3.0600,1300,0
AOI.US,5,20131113,154500,3.0600,3.0600,3.0500,3.0500,400,0
AOI.US,5,20131113,155000,3.0600,3.0700,3.0600,3.0700,700,0
AOI.US,5,20131113,155500,3.0600,3.0700,3.0600,3.0700,700,0
AOI.US,5,20131113,160000,3.0700,3.0700,3.0700,3.0700,200,0
AOI.US,5,20131113,160500,3.0700,3.0900,3.0700,3.0800,800,0
AOI.US,5,20131113,161000,3.0900,3.1100,3.0900,3.1000,7600,0
AOI.US,5,20131113,161500,3.1000,3.1100,3.1000,3.1100,400,0
AOI.US,5,20131113,162000,3.1000,3.1100,3.1000,3.1100,300,0
AOI.US,5,20131113,163000,3.1100,3.1100,3.1000,3.1000,950,0
AOI.US,5,20131113,163500,3.1000,3.1100,3.1000,3.1000,700,0
AOI.US,5,20131113,164000,3.1000,3.1100,3.1000,3.1100,1400,0
AOI.US,5,20131113,164500,3.1000,3.1200,3.1000,3.1200,11000,0
AOI.US,5,20131113,165000,3.1200,3.1200,3.1100,3.1100,500,0
AOI.US,5,20131113,165500,3.1200,3.1200,3.1000,3.1000,1136,0
AOI.US,5,20131113,170000,3.1000,3.1000,3.1000,3.1000,2700,0
AOI.US,5,20131113,170500,3.1000,3.1100,3.1000,3.1000,1900,0
AOI.US,5,20131113,171000,3.1000,3.1100,3.1000,3.1100,1900,0
AOI.US,5,20131113,171500,3.1000,3.1100,3.1000,3.1000,500,0
AOI.US,5,20131113,172000,3.1000,3.1100,3.1000,3.1100,600,0
AOI.US,5,20131113,172500,3.1000,3.1000,3.1000,3.1000,300,0
AOI.US,5,20131113,173000,3.1000,3.1100,3.1000,3.1100,500,0
AOI.US,5,20131113,173500,3.1000,3.1000,3.0900,3.0900,2100,0
AOI.US,5,20131113,174000,3.0800,3.0900,3.0800,3.0800,400,0
AOI.US,5,20131113,174500,3.0700,3.0700,3.0600,3.0600,1000,0
AOI.US,5,20131113,175000,3.0500,3.0600,3.0500,3.0500,900,0
AOI.US,5,20131113,175500,3.0600,3.0600,3.0600,3.0600,2484,0
AOI.US,5,20131113,180000,3.0700,3.0700,3.0600,3.0600,200,0
AOI.US,5,20131113,180500,3.0600,3.0600,3.0600,3.0600,300,0
AOI.US,5,20131113,181000,3.0700,3.0700,3.0700,3.0700,100,0
AOI.US,5,20131113,181500,3.0600,3.0700,3.0600,3.0700,200,0
AOI.US,5,20131113,182500,3.0700,3.0700,3.0700,3.0700,600,0
AOI.US,5,20131113,183000,3.0600,3.0600,3.0600,3.0600,200,0
AOI.US,5,20131113,183500,3.0600,3.0700,3.0600,3.0600,606,0
AOI.US,5,20131113,184500,3.0600,3.0800,3.0600,3.0800,3925,0
AOI.US,5,20131113,185000,3.0600,3.0600,3.0600,3.0600,100,0
AOI.US,5,20131113,185500,3.0600,3.0800,3.0600,3.0800,500,0
AOI.US,5,20131113,190000,3.0800,3.0800,3.0800,3.0800,222,0
AOI.US,5,20131113,190500,3.0800,3.0800,3.0800,3.0800,257,0
AOI.US,5,20131113,191500,3.0800,3.0900,3.0800,3.0800,1700,0
AOI.US,5,20131113,192000,3.0900,3.0900,3.0900,3.0900,300,0
AOI.US,5,20131113,192500,3.1000,3.1000,3.1000,3.1000,100,0
AOI.US,5,20131113,193000,3.1000,3.1000,3.1000,3.1000,301,0
AOI.US,5,20131113,193500,3.1000,3.1100,3.1000,3.1100,5881,0
AOI.US,5,20131113,194000,3.1200,3.1200,3.1000,3.1000,400,0
AOI.US,5,20131113,194500,3.1000,3.1000,3.1000,3.1000,300,0
AOI.US,5,20131113,195000,3.1000,3.1100,3.1000,3.1000,800,0
AOI.US,5,20131113,195500,3.1000,3.1100,3.1000,3.1100,400,0
AOI.US,5,20131113,200000,3.1000,3.1200,3.1000,3.1000,300,0
AOI.US,5,20131113,200500,3.1100,3.1100,3.1000,3.1000,1800,0
AOI.US,5,20131113,201000,3.1100,3.1200,3.1100,3.1200,2075,0
AOI.US,5,20131113,201500,3.1100,3.1100,3.1100,3.1100,600,0
AOI.US,5,20131113,202000,3.1200,3.1200,3.1100,3.1100,200,0
AOI.US,5,20131113,202500,3.1100,3.1200,3.1000,3.1000,5000,0
AOI.US,5,20131113,203000,3.1000,3.1100,3.0800,3.0800,7566,0
AOI.US,5,20131113,203500,3.0800,3.0800,3.0800,3.0800,400,0
AOI.US,5,20131113,204000,3.0800,3.0800,3.0800,3.0800,300,0
AOI.US,5,20131113,204500,3.0800,3.0900,3.0600,3.0700,4833,0
AOI.US,5,20131113,205500,3.0600,3.0800,3.0600,3.0800,1200,0
AOI.US,5,20131113,210000,3.0700,3.0800,3.0700,3.0800,300,0
AOI.US,5,20131113,210500,3.0700,3.0700,3.0700,3.0700,100,0
AOI.US,5,20131113,211000,3.0800,3.0900,3.0800,3.0900,700,0
AOI.US,5,20131113,211500,3.0800,3.0900,3.0800,3.0900,200,0
AOI.US,5,20131113,212000,3.0900,3.0900,3.0800,3.0800,200,0
AOI.US,5,20131113,212500,3.0900,3.1000,3.0900,3.1000,1000,0
AOI.US,5,20131113,213000,3.1000,3.1000,3.0900,3.0900,900,0
AOI.US,5,20131113,213500,3.0900,3.1000,3.0900,3.1000,300,0
AOI.US,5,20131113,214000,3.1000,3.1000,3.0900,3.0900,500,0
AOI.US,5,20131113,214500,3.1000,3.1000,3.0900,3.1000,1950,0
AOI.US,5,20131113,215000,3.1000,3.1100,3.1000,3.1000,5578,0
AOI.US,5,20131113,215500,3.1100,3.1100,3.1000,3.1000,6792,0
AOI.US,5,20131113,220000,3.1100,3.1100,3.1000,3.1100,42308,0
AOI.US,5,20131113,220500,3.1100,3.1100,3.1000,3.1100,42180,0
AOI.US,5,20131114,154000,3.1200,3.1200,3.1100,3.1200,500,0
AOI.US,5,20131114,154500,3.1100,3.1100,3.1000,3.1000,1400,0
AOI.US,5,20131114,155000,3.1200,3.1200,3.1200,3.1200,100,0
AOI.US,5,20131114,155500,3.1000,3.1200,3.1000,3.1200,200,0
AOI.US,5,20131114,160000,3.1000,3.1300,3.1000,3.1300,3491,0
AOI.US,5,20131114,160500,3.1300,3.1400,3.1300,3.1400,500,0
AOI.US,5,20131114,161000,3.1500,3.1500,3.1300,3.1300,300,0
AOI.US,5,20131114,161500,3.1400,3.1400,3.1400,3.1400,100,0
AOI.US,5,20131114,162000,3.1200,3.1400,3.1200,3.1400,500,0
AOI.US,5,20131114,162500,3.1300,3.1300,3.1300,3.1300,200,0
AOI.US,5,20131114,163000,3.1400,3.1400,3.1400,3.1400,100,0
AOI.US,5,20131114,164000,3.1300,3.1400,3.1200,3.1200,600,0
AOI.US,5,20131114,164500,3.1200,3.1300,3.1200,3.1200,300,0
AOI.US,5,20131114,165500,3.1100,3.1200,3.1100,3.1200,600,0
AOI.US,5,20131114,170000,3.1100,3.1200,3.1100,3.1100,700,0
AOI.US,5,20131114,170500,3.1100,3.1100,3.1100,3.1100,400,0
AOI.US,5,20131114,171000,3.1100,3.1200,3.1100,3.1200,2600,0
AOI.US,5,20131114,171500,3.1200,3.1200,3.1200,3.1200,700,0
AOI.US,5,20131114,172000,3.1300,3.1300,3.1300,3.1300,100,0
AOI.US,5,20131114,172500,3.1300,3.1400,3.1300,3.1300,500,0
AOI.US,5,20131114,173000,3.1400,3.1400,3.1300,3.1300,1500,0
AOI.US,5,20131114,173500,3.1400,3.1400,3.1400,3.1400,100,0
AOI.US,5,20131114,174000,3.1300,3.1400,3.1300,3.1300,300,0
AOI.US,5,20131114,174500,3.1400,3.1400,3.1400,3.1400,3600,0
AOI.US,5,20131114,175000,3.1400,3.1400,3.1400,3.1400,200,0
AOI.US,5,20131114,175500,3.1400,3.1400,3.1400,3.1400,400,0
AOI.US,5,20131114,180000,3.1400,3.1400,3.1300,3.1300,200,0
AOI.US,5,20131114,180500,3.1400,3.1400,3.1300,3.1300,500,0
AOI.US,5,20131114,181000,3.1400,3.1400,3.1300,3.1300,1296,0
AOI.US,5,20131114,181500,3.1400,3.1400,3.1000,3.1000,9203,0
AOI.US,5,20131114,182500,3.0900,3.1000,3.0800,3.0900,3800,0
AOI.US,5,20131114,183000,3.0900,3.0900,3.0900,3.0900,100,0
AOI.US,5,20131114,183500,3.0900,3.0900,3.0900,3.0900,600,0
AOI.US,5,20131114,184000,3.0900,3.1000,3.0800,3.0900,3123,0
AOI.US,5,20131114,185000,3.1000,3.1000,3.0900,3.0900,200,0
AOI.US,5,20131114,185500,3.1000,3.1000,3.1000,3.1000,200,0
AOI.US,5,20131114,190000,3.0900,3.1000,3.0900,3.1000,300,0
AOI.US,5,20131114,190500,3.1000,3.1000,3.1000,3.1000,100,0
AOI.US,5,20131114,191000,3.0900,3.1100,3.0900,3.1100,809,0
AOI.US,5,20131114,191500,3.1100,3.1100,3.1100,3.1100,200,0
AOI.US,5,20131114,192000,3.1100,3.1100,3.1000,3.1000,300,0
AOI.US,5,20131114,192500,3.1100,3.1100,3.1100,3.1100,400,0
AOI.US,5,20131114,193000,3.1100,3.1100,3.1000,3.1000,300,0
AOI.US,5,20131114,193500,3.1100,3.1100,3.1100,3.1100,200,0
AOI.US,5,20131114,194000,3.1100,3.1100,3.1100,3.1100,300,0
AOI.US,5,20131114,194500,3.1000,3.1100,3.1000,3.1000,1300,0
AOI.US,5,20131114,195000,3.1100,3.1100,3.1100,3.1100,100,0
AOI.US,5,20131114,195500,3.1100,3.1100,3.1100,3.1100,500,0
AOI.US,5,20131114,200000,3.1100,3.1200,3.1100,3.1100,3400,0
AOI.US,5,20131114,200500,3.1100,3.1200,3.1100,3.1200,1200,0
AOI.US,5,20131114,201000,3.1100,3.1200,3.1100,3.1200,317,0
AOI.US,5,20131114,201500,3.1200,3.1200,3.1200,3.1200,100,0
AOI.US,5,20131114,202000,3.1200,3.1300,3.1100,3.1300,1800,0
AOI.US,5,20131114,202500,3.1300,3.1300,3.1200,3.1200,500,0
AOI.US,5,20131114,203000,3.1200,3.1300,3.1200,3.1300,1100,0
AOI.US,5,20131114,203500,3.1200,3.1400,3.1200,3.1400,1850,0
AOI.US,5,20131114,204000,3.1400,3.1400,3.1400,3.1400,100,0
AOI.US,5,20131114,204500,3.1400,3.1400,3.1400,3.1400,100,0
AOI.US,5,20131114,205000,3.1400,3.1400,3.1200,3.1300,3300,0
AOI.US,5,20131114,210000,3.1300,3.1300,3.1200,3.1300,400,0
AOI.US,5,20131114,210500,3.1300,3.1300,3.1200,3.1200,600,0
AOI.US,5,20131114,211000,3.1300,3.1300,3.1300,3.1300,100,0
AOI.US,5,20131114,211500,3.1300,3.1300,3.1200,3.1200,2100,0
AOI.US,5,20131114,212000,3.1200,3.1200,3.1100,3.1100,3126,0
AOI.US,5,20131114,212500,3.1100,3.1200,3.1100,3.1100,1500,0
AOI.US,5,20131114,213000,3.1100,3.1100,3.1000,3.1000,800,0
AOI.US,5,20131114,213500,3.1000,3.1000,3.1000,3.1000,400,0
AOI.US,5,20131114,214000,3.1000,3.1100,3.1000,3.1100,800,0
AOI.US,5,20131114,214500,3.1000,3.1100,3.1000,3.1000,800,0
AOI.US,5,20131114,215000,3.1000,3.1100,3.1000,3.1100,2600,0
AOI.US,5,20131114,215500,3.1000,3.1100,3.1000,3.1100,2600,0
AOI.US,5,20131114,220000,3.1100,3.1100,3.1000,3.1000,19442,0
AOI.US,5,20131114,220500,3.1000,3.1000,3.1000,3.1000,13582,0
AOI.US,5,20131115,155000,3.1000,3.1000,3.0400,3.0700,13100,0
AOI.US,5,20131115,155500,3.0600,3.0600,3.0600,3.0600,300,0
AOI.US,5,20131115,160000,3.0700,3.0800,3.0600,3.0600,3000,0
AOI.US,5,20131115,161000,3.0500,3.0800,3.0500,3.0800,623,0
AOI.US,5,20131115,161500,3.0700,3.0700,3.0700,3.0700,700,0
AOI.US,5,20131115,162000,3.0700,3.0700,3.0500,3.0700,900,0
AOI.US,5,20131115,162500,3.0700,3.0700,3.0500,3.0500,500,0
AOI.US,5,20131115,163000,3.0500,3.0500,3.0400,3.0400,600,0
AOI.US,5,20131115,164000,3.0500,3.0600,3.0400,3.0600,2000,0
AOI.US,5,20131115,164500,3.0500,3.0500,3.0500,3.0500,300,0
AOI.US,5,20131115,165000,3.0500,3.0500,3.0500,3.0500,200,0
AOI.US,5,20131115,165500,3.0500,3.0500,3.0500,3.0500,500,0
AOI.US,5,20131115,170000,3.0600,3.0600,3.0600,3.0600,200,0
AOI.US,5,20131115,171000,3.0500,3.0500,3.0400,3.0500,600,0
AOI.US,5,20131115,171500,3.0500,3.0600,3.0400,3.0600,700,0
AOI.US,5,20131115,172000,3.0500,3.0600,3.0400,3.0500,1200,0
AOI.US,5,20131115,172500,3.0500,3.0500,3.0500,3.0500,100,0
AOI.US,5,20131115,173000,3.0600,3.0600,3.0600,3.0600,100,0
AOI.US,5,20131115,173500,3.0400,3.0400,3.0400,3.0400,100,0
AOI.US,5,20131115,175000,3.0600,3.0600,3.0500,3.0500,600,0
AOI.US,5,20131115,175500,3.0600,3.0600,3.0600,3.0600,200,0
AOI.US,5,20131115,180000,3.0600,3.0700,3.0600,3.0700,2406,0
AOI.US,5,20131115,180500,3.0600,3.0700,3.0600,3.0700,430,0
AOI.US,5,20131115,181000,3.0700,3.0700,3.0700,3.0700,100,0
AOI.US,5,20131115,181500,3.0800,3.0800,3.0600,3.0600,200,0
AOI.US,5,20131115,182000,3.0700,3.0700,3.0700,3.0700,213,0
AOI.US,5,20131115,182500,3.0700,3.0700,3.0700,3.0700,300,0
AOI.US,5,20131115,183000,3.0700,3.0700,3.0600,3.0600,200,0
AOI.US,5,20131115,184500,3.0700,3.0800,3.0700,3.0800,387,0
AOI.US,5,20131115,185500,3.0700,3.0800,3.0700,3.0800,400,0
AOI.US,5,20131115,190000,3.0700,3.0700,3.0700,3.0700,100,0
AOI.US,5,20131115,190500,3.0800,3.0800,3.0800,3.0800,200,0
AOI.US,5,20131115,191000,3.0800,3.0800,3.0700,3.0700,300,0
AOI.US,5,20131115,192500,3.0700,3.0700,3.0700,3.0700,100,0
AOI.US,5,20131115,194000,3.0700,3.0700,3.0700,3.0700,200,0
AOI.US,5,20131115,195000,3.0700,3.0700,3.0700,3.0700,100,0
AOI.US,5,20131115,195500,3.0800,3.0800,3.0800,3.0800,100,0
AOI.US,5,20131115,200000,3.0700,3.0700,3.0700,3.0700,200,0
AOI.US,5,20131115,200500,3.0700,3.0800,3.0700,3.0800,200,0
AOI.US,5,20131115,201500,3.0800,3.0800,3.0800,3.0800,100,0
AOI.US,5,20131115,202000,3.0700,3.0700,3.0700,3.0700,100,0
AOI.US,5,20131115,203000,3.0800,3.0800,3.0700,3.0700,500,0
AOI.US,5,20131115,204000,3.0800,3.0800,3.0800,3.0800,100,0
AOI.US,5,20131115,204500,3.0700,3.0700,3.0700,3.0700,100,0
AOI.US,5,20131115,205000,3.0800,3.0800,3.0800,3.0800,200,0
AOI.US,5,20131115,210000,3.0800,3.0800,3.0700,3.0800,500,0
AOI.US,5,20131115,210500,3.0700,3.0700,3.0700,3.0700,100,0
AOI.US,5,20131115,211000,3.0800,3.0800,3.0800,3.0800,100,0
AOI.US,5,20131115,211500,3.0800,3.0800,3.0800,3.0800,100,0
AOI.US,5,20131115,212500,3.0800,3.0900,3.0800,3.0900,1850,0
AOI.US,5,20131115,213000,3.0900,3.0900,3.0800,3.0800,300,0
AOI.US,5,20131115,213500,3.0900,3.0900,3.0800,3.0900,300,0
AOI.US,5,20131115,214000,3.0900,3.0900,3.0900,3.0900,200,0
AOI.US,5,20131115,214500,3.0900,3.0900,3.0800,3.0800,5364,0
AOI.US,5,20131115,215000,3.0800,3.0900,3.0800,3.0900,2800,0
AOI.US,5,20131115,215500,3.0800,3.0900,3.0800,3.0800,5557,0
AOI.US,5,20131115,220000,3.0900,3.0900,3.0800,3.0900,16817,0
AOI.US,5,20131115,220500,3.0900,3.0900,3.0900,3.0900,25992,0
AOI.US,5,20131118,153500,3.0700,3.0700,3.0400,3.0600,8901,0
AOI.US,5,20131118,154000,3.0900,3.0900,3.0900,3.0900,100,0
AOI.US,5,20131118,154500,3.0700,3.0800,3.0700,3.0800,571,0
AOI.US,5,20131118,155000,3.0900,3.0900,3.0900,3.0900,200,0
AOI.US,5,20131118,155500,3.0900,3.1000,3.0700,3.1000,1105,0
AOI.US,5,20131118,160000,3.0900,3.1000,3.0900,3.0900,2200,0
AOI.US,5,20131118,160500,3.1000,3.1000,3.0900,3.0900,2500,0
AOI.US,5,20131118,161000,3.1100,3.1100,3.0900,3.1000,3700,0
AOI.US,5,20131118,161500,3.1000,3.1100,3.1000,3.1000,3350,0
AOI.US,5,20131118,162000,3.0900,3.1000,3.0900,3.1000,900,0
AOI.US,5,20131118,162500,3.1000,3.1000,3.0800,3.0800,2400,0
AOI.US,5,20131118,163000,3.0900,3.1000,3.0900,3.0900,1600,0
AOI.US,5,20131118,163500,3.0900,3.0900,3.0700,3.0800,2300,0
AOI.US,5,20131118,164000,3.0700,3.0700,3.0500,3.0600,7645,0
AOI.US,5,20131118,164500,3.0500,3.0700,3.0500,3.0500,1700,0
AOI.US,5,20131118,165000,3.0500,3.0700,3.0500,3.0600,1515,0
AOI.US,5,20131118,165500,3.0500,3.0700,3.0500,3.0600,1400,0
AOI.US,5,20131118,170000,3.0600,3.0700,3.0500,3.0500,1500,0
AOI.US,5,20131118,170500,3.0500,3.0600,3.0500,3.0600,1700,0
AOI.US,5,20131118,171000,3.0500,3.0600,3.0500,3.0600,2121,0
AOI.US,5,20131118,171500,3.0500,3.0600,3.0400,3.0500,3200,0
AOI.US,5,20131118,172000,3.0500,3.0600,3.0500,3.0600,700,0
AOI.US,5,20131118,172500,3.0500,3.0600,3.0500,3.0600,1800,0
AOI.US,5,20131118,173000,3.0600,3.0600,3.0500,3.0600,1200,0
AOI.US,5,20131118,173500,3.0600,3.0600,3.0500,3.0500,900,0
AOI.US,5,20131118,174000,3.0500,3.0600,3.0500,3.0600,600,0
AOI.US,5,20131118,174500,3.0600,3.0600,3.0500,3.0600,600,0
AOI.US,5,20131118,175000,3.0600,3.0600,3.0500,3.0500,700,0
AOI.US,5,20131118,175500,3.0500,3.0600,3.0500,3.0600,800,0
AOI.US,5,20131118,180000,3.0500,3.0500,3.0500,3.0500,5235,0
AOI.US,5,20131118,180500,3.0500,3.0500,3.0500,3.0500,700,0
AOI.US,5,20131118,181000,3.0500,3.0600,3.0500,3.0600,600,0
AOI.US,5,20131118,181500,3.0500,3.0600,3.0500,3.0500,1100,0
AOI.US,5,20131118,182000,3.0500,3.0600,3.0500,3.0600,800,0
AOI.US,5,20131118,182500,3.0600,3.0600,3.0500,3.0500,4500,0
AOI.US,5,20131118,183000,3.0600,3.0600,3.0500,3.0500,6607,0
AOI.US,5,20131118,183500,3.0500,3.0500,3.0500,3.0500,700,0
AOI.US,5,20131118,184000,3.0500,3.0500,3.0500,3.0500,2100,0
AOI.US,5,20131118,184500,3.0500,3.0500,3.0500,3.0500,5728,0
AOI.US,5,20131118,185000,3.0500,3.0500,3.0500,3.0500,600,0
AOI.US,5,20131118,185500,3.0500,3.0500,3.0500,3.0500,400,0
AOI.US,5,20131118,190500,3.0500,3.0500,3.0500,3.0500,400,0
AOI.US,5,20131118,191500,3.0500,3.0500,3.0500,3.0500,200,0
AOI.US,5,20131118,192000,3.0500,3.0500,3.0500,3.0500,200,0
AOI.US,5,20131118,192500,3.0500,3.0600,3.0400,3.0500,6145,0
AOI.US,5,20131118,193000,3.0400,3.0500,3.0400,3.0500,2850,0
AOI.US,5,20131118,193500,3.0500,3.0500,3.0500,3.0500,500,0
AOI.US,5,20131118,194500,3.0500,3.0500,3.0500,3.0500,500,0
AOI.US,5,20131118,195000,3.0500,3.0500,3.0500,3.0500,200,0
AOI.US,5,20131118,195500,3.0500,3.0500,3.0500,3.0500,600,0
AOI.US,5,20131118,200000,3.0500,3.0500,3.0400,3.0500,1500,0
AOI.US,5,20131118,200500,3.0500,3.0500,3.0400,3.0400,300,0
AOI.US,5,20131118,201000,3.0500,3.0500,3.0500,3.0500,400,0
AOI.US,5,20131118,201500,3.0500,3.0500,3.0500,3.0500,200,0
AOI.US,5,20131118,202000,3.0500,3.0500,3.0400,3.0500,1263,0
AOI.US,5,20131118,202500,3.0500,3.0500,3.0400,3.0400,4000,0
AOI.US,5,20131118,203000,3.0500,3.0500,3.0500,3.0500,400,0
AOI.US,5,20131118,203500,3.0500,3.0500,3.0500,3.0500,1700,0
AOI.US,5,20131118,204000,3.0500,3.0500,3.0500,3.0500,700,0
AOI.US,5,20131118,204500,3.0500,3.0500,3.0500,3.0500,400,0
AOI.US,5,20131118,205000,3.0500,3.0500,3.0400,3.0500,2500,0
AOI.US,5,20131118,205500,3.0400,3.0500,3.0400,3.0400,837,0
AOI.US,5,20131118,210000,3.0400,3.0500,3.0400,3.0400,2400,0
AOI.US,5,20131118,210500,3.0500,3.0500,3.0500,3.0500,300,0
AOI.US,5,20131118,211000,3.0500,3.0500,3.0400,3.0500,1000,0
AOI.US,5,20131118,211500,3.0500,3.0500,3.0400,3.0500,600,0
AOI.US,5,20131118,212000,3.0500,3.0500,3.0400,3.0500,3367,0
AOI.US,5,20131118,212500,3.0500,3.0500,3.0400,3.0400,3489,0
AOI.US,5,20131118,213000,3.0400,3.0500,3.0400,3.0500,1300,0
AOI.US,5,20131118,213500,3.0400,3.0500,3.0400,3.0500,700,0
AOI.US,5,20131118,214000,3.0500,3.0500,3.0400,3.0500,2400,0
AOI.US,5,20131118,214500,3.0500,3.0500,3.0400,3.0500,8901,0
AOI.US,5,20131118,215000,3.0500,3.0500,3.0400,3.0400,1400,0
AOI.US,5,20131118,215500,3.0500,3.0600,3.0400,3.0500,21692,0
AOI.US,5,20131118,220000,3.0500,3.0600,3.0100,3.0200,31876,0
AOI.US,5,20131118,220500,3.0200,3.0200,3.0200,3.0200,18922,0
AOI.US,5,20131119,153500,3.0300,3.0300,3.0300,3.0300,200,0
AOI.US,5,20131119,154000,3.0200,3.0200,3.0000,3.0000,600,0
AOI.US,5,20131119,154500,3.0100,3.0100,3.0100,3.0100,200,0
AOI.US,5,20131119,155000,3.0200,3.0200,3.0100,3.0200,800,0
AOI.US,5,20131119,155500,3.0100,3.0200,3.0000,3.0200,6068,0
AOI.US,5,20131119,160000,3.0200,3.0200,3.0100,3.0200,1600,0
AOI.US,5,20131119,160500,3.0100,3.0200,3.0100,3.0200,500,0
AOI.US,5,20131119,161000,3.0200,3.0200,3.0100,3.0200,800,0
AOI.US,5,20131119,161500,3.0100,3.0200,3.0000,3.0100,1900,0
AOI.US,5,20131119,162000,3.0100,3.0200,3.0000,3.0100,1100,0
AOI.US,5,20131119,162500,3.0100,3.0200,3.0100,3.0100,1100,0
AOI.US,5,20131119,163000,3.0100,3.0200,3.0000,3.0100,3200,0
AOI.US,5,20131119,163500,3.0100,3.0100,3.0100,3.0100,1036,0
AOI.US,5,20131119,164000,3.0200,3.0200,3.0000,3.0200,1717,0
AOI.US,5,20131119,164500,3.0200,3.0200,3.0100,3.0100,500,0
AOI.US,5,20131119,165000,3.0200,3.0200,3.0200,3.0200,1686,0
AOI.US,5,20131119,165500,3.0100,3.0200,3.0100,3.0200,500,0
AOI.US,5,20131119,170000,3.0200,3.0200,3.0200,3.0200,200,0
AOI.US,5,20131119,170500,3.0100,3.0300,3.0100,3.0300,6584,0
AOI.US,5,20131119,171000,3.0300,3.0300,3.0300,3.0300,2628,0
AOI.US,5,20131119,171500,3.0300,3.0400,3.0300,3.0300,1100,0
AOI.US,5,20131119,172000,3.0400,3.0400,3.0400,3.0400,100,0
AOI.US,5,20131119,172500,3.0300,3.0300,3.0300,3.0300,300,0
AOI.US,5,20131119,173000,3.0400,3.0400,3.0400,3.0400,100,0
AOI.US,5,20131119,173500,3.0400,3.0400,3.0400,3.0400,200,0
AOI.US,5,20131119,174500,3.0400,3.0500,3.0400,3.0500,2300,0
AOI.US,5,20131119,175000,3.0500,3.0500,3.0500,3.0500,100,0
AOI.US,5,20131119,175500,3.0500,3.0500,3.0500,3.0500,100,0
AOI.US,5,20131119,180000,3.0400,3.0400,3.0400,3.0400,100,0
AOI.US,5,20131119,180500,3.0500,3.0500,3.0500,3.0500,200,0
AOI.US,5,20131119,181000,3.0500,3.0700,3.0500,3.0600,2500,0
AOI.US,5,20131119,181500,3.0700,3.0700,3.0600,3.0700,2500,0
AOI.US,5,20131119,182000,3.0800,3.0800,3.0700,3.0800,400,0
AOI.US,5,20131119,182500,3.0700,3.0700,3.0700,3.0700,900,0
AOI.US,5,20131119,183000,3.0600,3.0600,3.0600,3.0600,100,0
AOI.US,5,20131119,183500,3.0700,3.0700,3.0600,3.0700,500,0
AOI.US,5,20131119,184000,3.0700,3.0700,3.0600,3.0600,500,0
AOI.US,5,20131119,184500,3.0700,3.0700,3.0600,3.0700,852,0
AOI.US,5,20131119,185000,3.0700,3.0700,3.0700,3.0700,400,0
AOI.US,5,20131119,185500,3.0700,3.0700,3.0700,3.0700,300,0
AOI.US,5,20131119,190000,3.0600,3.0700,3.0600,3.0700,900,0
AOI.US,5,20131119,190500,3.0700,3.0700,3.0700,3.0700,300,0
AOI.US,5,20131119,191000,3.0600,3.0700,3.0600,3.0700,400,0
AOI.US,5,20131119,191500,3.0600,3.0700,3.0600,3.0600,1700,0
AOI.US,5,20131119,192000,3.0700,3.0700,3.0600,3.0600,700,0
AOI.US,5,20131119,192500,3.0700,3.0700,3.0700,3.0700,300,0
AOI.US,5,20131119,193000,3.0700,3.0700,3.0600,3.0700,612,0
AOI.US,5,20131119,193500,3.0700,3.0700,3.0700,3.0700,200,0
AOI.US,5,20131119,194000,3.0700,3.0800,3.0700,3.0800,1800,0
AOI.US,5,20131119,194500,3.0800,3.0800,3.0700,3.0700,200,0
AOI.US,5,20131119,195000,3.0800,3.0900,3.0800,3.0900,2631,0
AOI.US,5,20131119,195500,3.1000,3.1000,3.0900,3.0900,300,0
AOI.US,5,20131119,200000,3.1000,3.1000,3.0700,3.0700,4238,0
AOI.US,5,20131119,200500,3.0700,3.0700,3.0600,3.0700,928,0
AOI.US,5,20131119,201000,3.0600,3.0600,3.0600,3.0600,100,0
AOI.US,5,20131119,201500,3.0700,3.0700,3.0600,3.0700,400,0
AOI.US,5,20131119,202000,3.0600,3.0700,3.0600,3.0600,1800,0
AOI.US,5,20131119,202500,3.0600,3.0700,3.0600,3.0700,400,0
AOI.US,5,20131119,203000,3.0700,3.0700,3.0700,3.0700,100,0
AOI.US,5,20131119,203500,3.0700,3.0700,3.0700,3.0700,500,0
AOI.US,5,20131119,204000,3.0700,3.0700,3.0600,3.0700,3441,0
AOI.US,5,20131119,204500,3.0700,3.0700,3.0600,3.0700,1067,0
AOI.US,5,20131119,205000,3.0700,3.0700,3.0600,3.0700,900,0
AOI.US,5,20131119,205500,3.0600,3.0700,3.0600,3.0700,200,0
AOI.US,5,20131119,210000,3.0600,3.0600,3.0600,3.0600,200,0
AOI.US,5,20131119,210500,3.0700,3.0700,3.0600,3.0700,1300,0
AOI.US,5,20131119,211000,3.0700,3.0700,3.0600,3.0600,700,0
AOI.US,5,20131119,211500,3.0600,3.0700,3.0600,3.0700,2300,0
AOI.US,5,20131119,212000,3.0600,3.0700,3.0600,3.0600,1297,0
AOI.US,5,20131119,212500,3.0600,3.0700,3.0600,3.0600,1300,0
AOI.US,5,20131119,213000,3.0600,3.0700,3.0600,3.0700,1500,0
AOI.US,5,20131119,213500,3.0600,3.0700,3.0600,3.0600,2200,0
AOI.US,5,20131119,214000,3.0600,3.0700,3.0600,3.0600,1600,0
AOI.US,5,20131119,214500,3.0600,3.0700,3.0600,3.0600,4300,0
AOI.US,5,20131119,215000,3.0600,3.0700,3.0600,3.0600,7000,0
AOI.US,5,20131119,215500,3.0600,3.0700,3.0600,3.0600,7100,0
AOI.US,5,20131119,220000,3.0600,3.0700,3.0500,3.0600,12041,0
AOI.US,5,20131119,220500,3.0600,3.0600,3.0600,3.0600,17854,0
AOI.US,5,20131120,153500,3.0600,3.0600,3.0600,3.0600,112,0
AOI.US,5,20131120,154000,3.0600,3.0600,3.0600,3.0600,564,0
AOI.US,5,20131120,154500,3.0600,3.0600,3.0500,3.0500,500,0
AOI.US,5,20131120,155000,3.0400,3.0500,3.0400,3.0500,200,0
AOI.US,5,20131120,155500,3.0500,3.0500,3.0500,3.0500,100,0
AOI.US,5,20131120,160000,3.0500,3.0500,3.0500,3.0500,649,0
AOI.US,5,20131120,160500,3.0400,3.0400,3.0400,3.0400,400,0
AOI.US,5,20131120,161000,3.0400,3.0400,3.0300,3.0300,218,0
AOI.US,5,20131120,162000,3.0300,3.0300,3.0300,3.0300,200,0
AOI.US,5,20131120,162500,3.0200,3.0200,3.0200,3.0200,400,0
AOI.US,5,20131120,163000,3.0400,3.0400,3.0200,3.0200,500,0
AOI.US,5,20131120,163500,3.0300,3.0400,3.0300,3.0400,300,0
AOI.US,5,20131120,164000,3.0400,3.0400,3.0300,3.0300,400,0
AOI.US,5,20131120,164500,3.0300,3.0400,3.0300,3.0400,300,0
AOI.US,5,20131120,165500,3.0400,3.0400,3.0400,3.0400,100,0
AOI.US,5,20131120,170000,3.0300,3.0300,3.0200,3.0200,4000,0
AOI.US,5,20131120,170500,3.0200,3.0200,3.0100,3.0200,300,0
AOI.US,5,20131120,172000,3.0100,3.0100,3.0100,3.0100,100,0
AOI.US,5,20131120,172500,3.0100,3.0100,3.0100,3.0100,200,0
AOI.US,5,20131120,173000,3.0200,3.0200,3.0200,3.0200,311,0
AOI.US,5,20131120,173500,3.0200,3.0200,3.0100,3.0100,300,0
AOI.US,5,20131120,174000,3.0200,3.0200,3.0200,3.0200,100,0
AOI.US,5,20131120,174500,3.0100,3.0100,3.0100,3.0100,100,0
AOI.US,5,20131120,175000,3.0100,3.0100,3.0100,3.0100,100,0
AOI.US,5,20131120,175500,3.0100,3.0200,3.0100,3.0200,500,0
AOI.US,5,20131120,181000,3.0200,3.0200,3.0200,3.0200,100,0
AOI.US,5,20131120,181500,3.0100,3.0200,3.0100,3.0200,1100,0
AOI.US,5,20131120,182000,3.0200,3.0200,3.0100,3.0200,1600,0
AOI.US,5,20131120,182500,3.0200,3.0200,3.0200,3.0200,100,0
AOI.US,5,20131120,183000,3.0200,3.0200,3.0100,3.0100,200,0
AOI.US,5,20131120,183500,3.0100,3.0200,3.0100,3.0200,350,0
AOI.US,5,20131120,184000,3.0100,3.0100,3.0100,3.0100,100,0
AOI.US,5,20131120,184500,3.0100,3.0100,3.0100,3.0100,100,0
AOI.US,5,20131120,185000,3.0100,3.0100,3.0100,3.0100,400,0
AOI.US,5,20131120,190000,3.0200,3.0200,3.0100,3.0100,300,0
AOI.US,5,20131120,191000,3.0100,3.0100,3.0100,3.0100,300,0
AOI.US,5,20131120,192000,3.0100,3.0100,2.9800,2.9800,3300,0
AOI.US,5,20131120,192500,2.9800,2.9800,2.9800,2.9800,1000,0
AOI.US,5,20131120,193000,2.9900,2.9900,2.9800,2.9800,3000,0
AOI.US,5,20131120,193500,2.9800,2.9900,2.9800,2.9900,500,0
AOI.US,5,20131120,194000,2.9800,2.9900,2.9800,2.9900,500,0
AOI.US,5,20131120,194500,2.9800,2.9900,2.9800,2.9800,500,0
AOI.US,5,20131120,195000,2.9900,2.9900,2.9800,2.9800,500,0
AOI.US,5,20131120,195500,2.9800,2.9900,2.9800,2.9900,2300,0
AOI.US,5,20131120,200000,2.9900,2.9900,2.9800,2.9800,700,0
AOI.US,5,20131120,200500,2.9800,2.9900,2.9800,2.9900,900,0
AOI.US,5,20131120,201000,2.9900,2.9900,2.9800,2.9800,500,0
AOI.US,5,20131120,201500,2.9900,2.9900,2.9800,2.9900,633,0
AOI.US,5,20131120,202000,2.9800,2.9900,2.9800,2.9900,1200,0
AOI.US,5,20131120,202500,2.9900,2.9900,2.9800,2.9800,2503,0
AOI.US,5,20131120,203000,2.9900,3.0000,2.9900,3.0000,5199,0
AOI.US,5,20131120,203500,3.0000,3.0100,3.0000,3.0000,600,0
AOI.US,5,20131120,204000,3.0100,3.0100,3.0000,3.0000,1900,0
AOI.US,5,20131120,204500,2.9900,3.0000,2.9900,3.0000,200,0
AOI.US,5,20131120,205000,2.9900,2.9900,2.9900,2.9900,600,0
AOI.US,5,20131120,205500,2.9900,2.9900,2.9900,2.9900,300,0
AOI.US,5,20131120,210000,2.9900,2.9900,2.9800,2.9800,300,0
AOI.US,5,20131120,210500,2.9800,2.9800,2.9800,2.9800,100,0
AOI.US,5,20131120,211000,2.9800,2.9900,2.9800,2.9900,650,0
AOI.US,5,20131120,211500,2.9800,2.9900,2.9800,2.9800,600,0
AOI.US,5,20131120,212000,2.9900,2.9900,2.9800,2.9900,7500,0
AOI.US,5,20131120,212500,2.9800,2.9900,2.9800,2.9800,1220,0
AOI.US,5,20131120,213000,2.9900,2.9900,2.9800,2.9800,2825,0
AOI.US,5,20131120,213500,2.9900,2.9900,2.9800,2.9900,400,0
AOI.US,5,20131120,214000,2.9900,2.9900,2.9800,2.9800,1000,0
AOI.US,5,20131120,214500,2.9800,2.9900,2.9800,2.9800,1940,0
AOI.US,5,20131120,215000,2.9800,2.9900,2.9800,2.9800,3000,0
AOI.US,5,20131120,215500,2.9800,2.9900,2.9800,2.9800,3000,0
AOI.US,5,20131120,220000,2.9800,2.9900,2.9800,2.9900,23154,0
AOI.US,5,20131120,220500,2.9800,2.9800,2.9800,2.9800,39308,0
AOI.US,5,20131121,153500,3.0400,3.0400,3.0400,3.0400,100,0
AOI.US,5,20131121,154500,3.0300,3.0300,2.9800,2.9900,4000,0
AOI.US,5,20131121,155000,2.9800,2.9900,2.9800,2.9900,6423,0
AOI.US,5,20131121,155500,2.9700,2.9700,2.9500,2.9500,500,0
AOI.US,5,20131121,160000,2.9700,2.9700,2.9700,2.9700,1066,0
AOI.US,5,20131121,160500,2.9800,3.0000,2.9800,3.0000,3900,0
AOI.US,5,20131121,161000,3.0000,3.0000,2.9800,2.9800,866,0
AOI.US,5,20131121,161500,2.9800,2.9800,2.9700,2.9800,1639,0
AOI.US,5,20131121,162000,2.9700,2.9800,2.9600,2.9600,1200,0
AOI.US,5,20131121,162500,2.9600,2.9600,2.9600,2.9600,400,0
AOI.US,5,20131121,163000,2.9600,2.9700,2.9600,2.9600,500,0
AOI.US,5,20131121,163500,2.9600,2.9700,2.9600,2.9600,1334,0
AOI.US,5,20131121,164000,2.9600,2.9600,2.9600,2.9600,400,0
AOI.US,5,20131121,164500,2.9600,2.9700,2.9600,2.9700,500,0
AOI.US,5,20131121,165000,2.9600,2.9600,2.9600,2.9600,2300,0
AOI.US,5,20131121,165500,2.9700,2.9800,2.9700,2.9800,3200,0
AOI.US,5,20131121,170000,2.9700,2.9700,2.9700,2.9700,100,0
AOI.US,5,20131121,170500,2.9800,2.9800,2.9800,2.9800,400,0
AOI.US,5,20131121,171000,2.9800,2.9800,2.9800,2.9800,600,0
AOI.US,5,20131121,171500,2.9700,2.9800,2.9700,2.9800,640,0
AOI.US,5,20131121,172000,2.9800,2.9900,2.9800,2.9900,5774,0
AOI.US,5,20131121,172500,2.9800,2.9800,2.9800,2.9800,100,0
AOI.US,5,20131121,173000,2.9800,2.9800,2.9800,2.9800,1800,0
AOI.US,5,20131121,173500,2.9800,2.9900,2.9800,2.9900,3363,0
AOI.US,5,20131121,174000,2.9800,2.9900,2.9800,2.9800,2800,0
AOI.US,5,20131121,174500,2.9800,2.9800,2.9700,2.9800,1000,0
AOI.US,5,20131121,175000,2.9700,2.9700,2.9700,2.9700,1600,0
AOI.US,5,20131121,175500,2.9700,2.9700,2.9700,2.9700,400,0
AOI.US,5,20131121,180000,2.9700,2.9700,2.9700,2.9700,2500,0
AOI.US,5,20131121,180500,2.9700,2.9700,2.9700,2.9700,700,0
AOI.US,5,20131121,181500,2.9600,2.9600,2.9600,2.9600,600,0
AOI.US,5,20131121,182000,2.9600,2.9600,2.9600,2.9600,100,0
AOI.US,5,20131121,182500,2.9500,2.9600,2.9500,2.9600,2900,0
AOI.US,5,20131121,183000,2.9600,2.9600,2.9600,2.9600,300,0
AOI.US,5,20131121,183500,2.9600,2.9600,2.9600,2.9600,439,0
AOI.US,5,20131121,184000,2.9600,2.9600,2.9500,2.9500,500,0
AOI.US,5,20131121,184500,2.9600,2.9600,2.9500,2.9600,1037,0
AOI.US,5,20131121,185000,2.9600,2.9600,2.9600,2.9600,300,0
AOI.US,5,20131121,190000,2.9500,2.9600,2.9500,2.9600,200,0
AOI.US,5,20131121,190500,2.9600,2.9600,2.9600,2.9600,200,0
AOI.US,5,20131121,191000,2.9600,2.9600,2.9500,2.9600,3243,0
AOI.US,5,20131121,191500,2.9600,2.9700,2.9500,2.9600,3500,0
AOI.US,5,20131121,192000,2.9700,2.9700,2.9600,2.9700,2600,0
AOI.US,5,20131121,192500,2.9700,2.9700,2.9700,2.9700,400,0
AOI.US,5,20131121,193000,2.9700,2.9700,2.9700,2.9700,200,0
AOI.US,5,20131121,193500,2.9600,2.9700,2.9600,2.9700,800,0
AOI.US,5,20131121,194000,2.9700,2.9700,2.9700,2.9700,500,0
AOI.US,5,20131121,194500,2.9700,2.9800,2.9700,2.9800,1500,0
AOI.US,5,20131121,195000,2.9800,2.9800,2.9800,2.9800,900,0
AOI.US,5,20131121,195500,2.9800,3.0000,2.9800,3.0000,2900,0
AOI.US,5,20131121,200000,2.9900,3.0000,2.9900,2.9900,1000,0
AOI.US,5,20131121,200500,3.0000,3.0000,3.0000,3.0000,200,0
AOI.US,5,20131121,201000,3.0000,3.0000,2.9900,3.0000,800,0
AOI.US,5,20131121,201500,3.0000,3.0000,3.0000,3.0000,300,0
AOI.US,5,20131121,202500,2.9900,3.0000,2.9900,3.0000,300,0
AOI.US,5,20131121,203000,2.9900,3.0000,2.9900,3.0000,2600,0
AOI.US,5,20131121,203500,2.9900,3.0000,2.9900,3.0000,400,0
AOI.US,5,20131121,204000,3.0000,3.0000,3.0000,3.0000,100,0
AOI.US,5,20131121,204500,2.9900,3.0000,2.9900,3.0000,1300,0
AOI.US,5,20131121,205000,3.0000,3.0000,3.0000,3.0000,400,0
AOI.US,5,20131121,205500,3.0000,3.0000,3.0000,3.0000,500,0
AOI.US,5,20131121,210000,3.0000,3.0000,3.0000,3.0000,600,0
AOI.US,5,20131121,210500,3.0000,3.0000,3.0000,3.0000,1200,0
AOI.US,5,20131121,211000,3.0000,3.0000,3.0000,3.0000,517,0
AOI.US,5,20131121,211500,3.0000,3.0000,2.9900,2.9900,1200,0
AOI.US,5,20131121,212000,2.9900,3.0000,2.9900,2.9900,3200,0
AOI.US,5,20131121,212500,2.9900,3.0000,2.9900,3.0000,2500,0
AOI.US,5,20131121,213000,2.9900,3.0000,2.9900,3.0000,1000,0
AOI.US,5,20131121,213500,2.9900,3.0000,2.9900,2.9900,2700,0
AOI.US,5,20131121,214000,2.9900,3.0000,2.9900,3.0000,3855,0
AOI.US,5,20131121,214500,2.9900,3.0000,2.9900,3.0000,3000,0
AOI.US,5,20131121,215000,2.9900,3.0000,2.9800,2.9900,5200,0
AOI.US,5,20131121,215500,2.9800,2.9900,2.9800,2.9900,5620,0
AOI.US,5,20131121,220000,2.9900,3.0000,2.9800,3.0000,34917,0
AOI.US,5,20131121,220500,3.0000,3.0000,3.0000,3.0000,79308,0
AOI.US,5,20131122,153500,2.9900,2.9900,2.9900,2.9900,2500,0
AOI.US,5,20131122,154000,2.9800,2.9800,2.9800,2.9800,100,0
AOI.US,5,20131122,155000,2.9500,2.9700,2.9500,2.9700,200,0
AOI.US,5,20131122,155500,2.9700,2.9700,2.9700,2.9700,400,0
AOI.US,5,20131122,160000,2.9600,2.9600,2.9600,2.9600,100,0
AOI.US,5,20131122,161000,2.9700,2.9800,2.9700,2.9700,800,0
AOI.US,5,20131122,161500,2.9700,2.9700,2.9700,2.9700,100,0
AOI.US,5,20131122,162000,2.9600,2.9700,2.9500,2.9600,2985,0
AOI.US,5,20131122,163000,2.9500,2.9500,2.9500,2.9500,200,0
AOI.US,5,20131122,163500,2.9500,2.9500,2.9500,2.9500,100,0
AOI.US,5,20131122,164000,2.9500,2.9600,2.9500,2.9600,200,0
AOI.US,5,20131122,164500,2.9500,2.9500,2.9500,2.9500,200,0
AOI.US,5,20131122,165000,2.9600,2.9600,2.9500,2.9500,300,0
AOI.US,5,20131122,165500,2.9600,2.9600,2.9500,2.9600,400,0
AOI.US,5,20131122,170000,2.9500,2.9500,2.9500,2.9500,562,0
AOI.US,5,20131122,170500,2.9600,2.9600,2.9500,2.9500,300,0
AOI.US,5,20131122,171000,2.9600,2.9600,2.9600,2.9600,1300,0
AOI.US,5,20131122,171500,2.9600,2.9600,2.9600,2.9600,700,0
AOI.US,5,20131122,172000,2.9600,2.9600,2.9600,2.9600,100,0
AOI.US,5,20131122,172500,2.9600,2.9600,2.9600,2.9600,100,0
AOI.US,5,20131122,173000,2.9600,2.9600,2.9600,2.9600,100,0
AOI.US,5,20131122,173500,2.9700,2.9700,2.9700,2.9700,200,0
AOI.US,5,20131122,174000,2.9600,2.9600,2.9600,2.9600,100,0
AOI.US,5,20131122,174500,2.9700,2.9700,2.9700,2.9700,1300,0
AOI.US,5,20131122,175000,2.9800,2.9800,2.9800,2.9800,1610,0
AOI.US,5,20131122,175500,2.9900,2.9900,2.9900,2.9900,100,0
AOI.US,5,20131122,180000,2.9900,3.0000,2.9800,3.0000,1705,0
AOI.US,5,20131122,180500,2.9900,3.0000,2.9900,3.0000,300,0
AOI.US,5,20131122,181000,3.0000,3.0000,3.0000,3.0000,100,0
AOI.US,5,20131122,181500,3.0000,3.0000,3.0000,3.0000,100,0
AOI.US,5,20131122,182000,2.9900,2.9900,2.9900,2.9900,100,0
AOI.US,5,20131122,182500,2.9900,3.0300,2.9900,3.0300,5757,0
AOI.US,5,20131122,183000,3.0300,3.0300,3.0200,3.0300,600,0
AOI.US,5,20131122,184000,3.0300,3.0300,3.0200,3.0200,200,0
AOI.US,5,20131122,184500,3.0300,3.0400,3.0300,3.0300,18922,0
AOI.US,5,20131122,185000,3.0300,3.0300,3.0300,3.0300,300,0
AOI.US,5,20131122,185500,3.0300,3.0300,3.0300,3.0300,300,0
AOI.US,5,20131122,190000,3.0300,3.0300,3.0300,3.0300,300,0
AOI.US,5,20131122,190500,3.0200,3.0200,3.0200,3.0200,100,0
AOI.US,5,20131122,191000,3.0300,3.0300,3.0200,3.0300,1522,0
AOI.US,5,20131122,192000,3.0300,3.0300,3.0300,3.0300,300,0
AOI.US,5,20131122,192500,3.0300,3.0300,3.0300,3.0300,2242,0
AOI.US,5,20131122,193500,3.0300,3.0300,3.0300,3.0300,200,0
AOI.US,5,20131122,194000,3.0300,3.0300,3.0300,3.0300,300,0
AOI.US,5,20131122,194500,3.0200,3.0300,3.0200,3.0300,1200,0
AOI.US,5,20131122,195000,3.0300,3.0300,3.0300,3.0300,400,0
AOI.US,5,20131122,195500,3.0300,3.0300,3.0300,3.0300,200,0
AOI.US,5,20131122,200000,3.0300,3.0300,3.0300,3.0300,100,0
AOI.US,5,20131122,200500,3.0300,3.0300,3.0200,3.0300,700,0
AOI.US,5,20131122,201000,3.0300,3.0300,3.0300,3.0300,700,0
AOI.US,5,20131122,201500,3.0300,3.0300,3.0300,3.0300,100,0
AOI.US,5,20131122,202000,3.0200,3.0300,3.0200,3.0300,200,0
AOI.US,5,20131122,202500,3.0300,3.0300,3.0300,3.0300,100,0
AOI.US,5,20131122,203000,3.0200,3.0300,3.0200,3.0300,13444,0
AOI.US,5,20131122,203500,3.0300,3.0300,3.0300,3.0300,2007,0
AOI.US,5,20131122,204000,3.0300,3.0300,3.0300,3.0300,300,0
AOI.US,5,20131122,204500,3.0300,3.0300,3.0300,3.0300,100,0
AOI.US,5,20131122,205000,3.0200,3.0300,3.0200,3.0300,4300,0
AOI.US,5,20131122,205500,3.0300,3.0300,3.0200,3.0300,4250,0
AOI.US,5,20131122,210500,3.0300,3.0300,3.0200,3.0300,5244,0
AOI.US,5,20131122,211000,3.0300,3.0300,3.0300,3.0300,300,0
AOI.US,5,20131122,211500,3.0300,3.0300,3.0300,3.0300,300,0
AOI.US,5,20131122,212000,3.0300,3.0300,3.0300,3.0300,1000,0
AOI.US,5,20131122,212500,3.0300,3.0300,3.0300,3.0300,13114,0
AOI.US,5,20131122,213000,3.0400,3.0400,3.0300,3.0400,1600,0
AOI.US,5,20131122,213500,3.0300,3.0400,3.0200,3.0300,3600,0
AOI.US,5,20131122,214000,3.0300,3.0300,3.0200,3.0300,800,0
AOI.US,5,20131122,214500,3.0300,3.0400,3.0300,3.0400,9443,0
AOI.US,5,20131122,215000,3.0300,3.0400,3.0300,3.0400,800,0
AOI.US,5,20131122,215500,3.0300,3.0400,3.0300,3.0400,1900,0
AOI.US,5,20131122,220000,3.0400,3.0800,3.0300,3.0700,91887,0
AOI.US,5,20131122,220500,3.0700,3.0700,3.0700,3.0700,27451,0
AOI.US,5,20131125,153500,3.0600,3.0600,3.0600,3.0600,100,0
AOI.US,5,20131125,154000,3.0500,3.0500,3.0500,3.0500,964,0
AOI.US,5,20131125,154500,3.0500,3.0500,3.0300,3.0300,300,0
AOI.US,5,20131125,155000,3.0400,3.0400,3.0400,3.0400,100,0
AOI.US,5,20131125,155500,3.0500,3.0500,3.0400,3.0500,700,0
AOI.US,5,20131125,160000,3.0700,3.0700,3.0500,3.0500,200,0
AOI.US,5,20131125,160500,3.0600,3.0700,3.0500,3.0700,2900,0
AOI.US,5,20131125,161000,3.0700,3.0700,3.0700,3.0700,100,0
AOI.US,5,20131125,161500,3.0600,3.0600,3.0400,3.0400,6698,0
AOI.US,5,20131125,162000,3.0600,3.0600,3.0500,3.0500,3400,0
AOI.US,5,20131125,162500,3.0500,3.0600,3.0500,3.0600,300,0
AOI.US,5,20131125,163000,3.0600,3.0600,3.0400,3.0500,1400,0
AOI.US,5,20131125,163500,3.0500,3.0500,3.0400,3.0400,400,0
AOI.US,5,20131125,164000,3.0500,3.0600,3.0400,3.0600,2500,0
AOI.US,5,20131125,164500,3.0600,3.0600,3.0600,3.0600,400,0
AOI.US,5,20131125,165000,3.0500,3.0600,3.0400,3.0400,2839,0
AOI.US,5,20131125,165500,3.0500,3.0500,3.0500,3.0500,100,0
AOI.US,5,20131125,170000,3.0500,3.0500,3.0400,3.0400,2200,0
AOI.US,5,20131125,170500,3.0500,3.0500,3.0400,3.0500,500,0
AOI.US,5,20131125,171000,3.0500,3.0500,3.0500,3.0500,100,0
AOI.US,5,20131125,171500,3.0500,3.0500,3.0400,3.0500,500,0
AOI.US,5,20131125,172000,3.0400,3.0500,3.0400,3.0500,200,0
AOI.US,5,20131125,172500,3.0500,3.0500,3.0500,3.0500,2200,0
AOI.US,5,20131125,173500,3.0500,3.0700,3.0400,3.0600,10400,0
AOI.US,5,20131125,174000,3.0600,3.0600,3.0600,3.0600,500,0
AOI.US,5,20131125,174500,3.0600,3.0600,3.0500,3.0500,924,0
AOI.US,5,20131125,175000,3.0600,3.0600,3.0500,3.0500,700,0
AOI.US,5,20131125,175500,3.0500,3.0700,3.0500,3.0600,6550,0
AOI.US,5,20131125,180000,3.0600,3.0700,3.0500,3.0600,4260,0
AOI.US,5,20131125,180500,3.0600,3.0700,3.0500,3.0600,4604,0
AOI.US,5,20131125,181000,3.0600,3.0600,3.0500,3.0500,1800,0
AOI.US,5,20131125,181500,3.0500,3.0500,3.0500,3.0500,500,0
AOI.US,5,20131125,182000,3.0400,3.0500,3.0400,3.0500,400,0
AOI.US,5,20131125,182500,3.0500,3.0500,3.0500,3.0500,200,0
AOI.US,5,20131125,183000,3.0500,3.0500,3.0500,3.0500,100,0
AOI.US,5,20131125,183500,3.0400,3.0500,3.0400,3.0500,300,0
AOI.US,5,20131125,184000,3.0500,3.0500,3.0500,3.0500,100,0
AOI.US,5,20131125,184500,3.0500,3.0500,3.0500,3.0500,1300,0
AOI.US,5,20131125,185000,3.0500,3.0500,3.0500,3.0500,900,0
AOI.US,5,20131125,185500,3.0500,3.0500,3.0500,3.0500,200,0
AOI.US,5,20131125,190000,3.0500,3.0500,3.0500,3.0500,1000,0
AOI.US,5,20131125,190500,3.0500,3.0500,3.0500,3.0500,200,0
AOI.US,5,20131125,191000,3.0500,3.0500,3.0500,3.0500,200,0
AOI.US,5,20131125,191500,3.0500,3.0500,3.0400,3.0500,600,0
AOI.US,5,20131125,192000,3.0500,3.0500,3.0300,3.0300,9500,0
AOI.US,5,20131125,192500,3.0400,3.0400,3.0300,3.0300,600,0
AOI.US,5,20131125,193000,3.0400,3.0400,3.0400,3.0400,800,0
AOI.US,5,20131125,193500,3.0400,3.0400,3.0400,3.0400,300,0
AOI.US,5,20131125,194000,3.0400,3.0400,3.0300,3.0400,600,0
AOI.US,5,20131125,194500,3.0400,3.0400,3.0300,3.0400,700,0
AOI.US,5,20131125,195000,3.0300,3.0300,3.0300,3.0300,100,0
AOI.US,5,20131125,195500,3.0400,3.0400,3.0400,3.0400,100,0
AOI.US,5,20131125,200000,3.0400,3.0400,3.0300,3.0400,800,0
AOI.US,5,20131125,200500,3.0400,3.0400,3.0300,3.0300,700,0
AOI.US,5,20131125,201000,3.0400,3.0400,3.0300,3.0300,600,0
AOI.US,5,20131125,201500,3.0400,3.0400,3.0400,3.0400,1000,0
AOI.US,5,20131125,202000,3.0400,3.0400,3.0400,3.0400,300,0
AOI.US,5,20131125,202500,3.0400,3.0400,3.0400,3.0400,200,0
AOI.US,5,20131125,203000,3.0400,3.0400,3.0300,3.0300,3200,0
AOI.US,5,20131125,203500,3.0400,3.0400,3.0300,3.0400,1800,0
AOI.US,5,20131125,204000,3.0400,3.0400,3.0000,3.0100,8200,0
AOI.US,5,20131125,204500,3.0100,3.0100,3.0000,3.0000,3100,0
AOI.US,5,20131125,205000,3.0100,3.0100,3.0100,3.0100,100,0
AOI.US,5,20131125,205500,3.0100,3.0100,3.0000,3.0100,1900,0
AOI.US,5,20131125,210000,3.0000,3.0200,3.0000,3.0200,6555,0
AOI.US,5,20131125,210500,3.0200,3.0200,3.0100,3.0100,300,0
AOI.US,5,20131125,211000,3.0200,3.0200,3.0100,3.0200,1100,0
AOI.US,5,20131125,211500,3.0200,3.0200,3.0100,3.0100,1200,0
AOI.US,5,20131125,212000,3.0100,3.0300,3.0100,3.0300,2350,0
AOI.US,5,20131125,212500,3.0300,3.0300,3.0300,3.0300,800,0
AOI.US,5,20131125,213000,3.0300,3.0300,3.0200,3.0200,400,0
AOI.US,5,20131125,213500,3.0300,3.0300,3.0200,3.0300,300,0
AOI.US,5,20131125,214000,3.0300,3.0300,3.0300,3.0300,400,0
AOI.US,5,20131125,214500,3.0200,3.0300,3.0200,3.0200,500,0
AOI.US,5,20131125,215000,3.0300,3.0400,3.0300,3.0400,3906,0
AOI.US,5,20131125,215500,3.0400,3.0400,3.0300,3.0400,9657,0
AOI.US,5,20131125,220000,3.0400,3.0700,3.0300,3.0700,34977,0
AOI.US,5,20131125,220500,3.0600,3.0600,3.0600,3.0600,65666,0
AOI.US,5,20131126,153500,3.0100,3.0300,3.0000,3.0000,902,0
AOI.US,5,20131126,154000,3.0200,3.0200,3.0100,3.0100,900,0
AOI.US,5,20131126,154500,3.0000,3.0000,3.0000,3.0000,600,0
AOI.US,5,20131126,155000,3.0100,3.0100,3.0100,3.0100,300,0
AOI.US,5,20131126,155500,3.0100,3.0100,3.0100,3.0100,200,0
AOI.US,5,20131126,160000,3.0100,3.0100,3.0000,3.0100,3540,0
AOI.US,5,20131126,160500,3.0200,3.0300,3.0200,3.0200,1200,0
AOI.US,5,20131126,161000,3.0300,3.0400,3.0100,3.0100,14700,0
AOI.US,5,20131126,161500,3.0100,3.0100,3.0000,3.0000,500,0
AOI.US,5,20131126,162000,3.0100,3.0100,2.9800,2.9800,12260,0
AOI.US,5,20131126,162500,2.9800,2.9800,2.9600,2.9600,3300,0
AOI.US,5,20131126,163000,2.9600,2.9600,2.9600,2.9600,700,0
AOI.US,5,20131126,163500,2.9500,2.9500,2.9500,2.9500,100,0
AOI.US,5,20131126,164000,2.9700,2.9700,2.9600,2.9600,300,0
AOI.US,5,20131126,164500,2.9700,2.9700,2.9700,2.9700,400,0
AOI.US,5,20131126,165500,2.9700,2.9700,2.9600,2.9600,2600,0
AOI.US,5,20131126,170000,2.9600,2.9600,2.9600,2.9600,900,0
AOI.US,5,20131126,170500,2.9700,2.9700,2.9600,2.9600,700,0
AOI.US,5,20131126,171500,2.9700,2.9700,2.9600,2.9700,500,0
AOI.US,5,20131126,172000,2.9700,2.9700,2.9600,2.9600,925,0
AOI.US,5,20131126,172500,2.9600,2.9700,2.9600,2.9600,400,0
AOI.US,5,20131126,173000,2.9600,2.9700,2.9600,2.9700,400,0
AOI.US,5,20131126,173500,2.9600,2.9700,2.9600,2.9600,2700,0
AOI.US,5,20131126,174000,2.9700,2.9700,2.9600,2.9600,2000,0
AOI.US,5,20131126,174500,2.9600,2.9800,2.9600,2.9800,4700,0
AOI.US,5,20131126,175000,2.9800,2.9800,2.9800,2.9800,774,0
AOI.US,5,20131126,175500,2.9800,2.9800,2.9800,2.9800,600,0
AOI.US,5,20131126,180000,2.9800,2.9800,2.9800,2.9800,400,0
AOI.US,5,20131126,180500,2.9800,2.9800,2.9700,2.9800,1882,0
AOI.US,5,20131126,181000,2.9700,2.9800,2.9700,2.9700,1500,0
AOI.US,5,20131126,181500,2.9800,2.9800,2.9700,2.9800,800,0
AOI.US,5,20131126,182000,2.9700,2.9800,2.9700,2.9700,2900,0
AOI.US,5,20131126,182500,2.9700,2.9700,2.9700,2.9700,100,0
AOI.US,5,20131126,183000,2.9800,2.9800,2.9700,2.9700,8630,0
AOI.US,5,20131126,183500,2.9800,2.9900,2.9800,2.9900,3204,0
AOI.US,5,20131126,184000,2.9900,3.0000,2.9800,3.0000,2278,0
AOI.US,5,20131126,184500,3.0000,3.0000,2.9900,3.0000,1200,0
AOI.US,5,20131126,185000,3.0000,3.0000,3.0000,3.0000,1400,0
AOI.US,5,20131126,185500,3.0000,3.0300,2.9900,3.0200,7714,0
AOI.US,5,20131126,190000,3.0300,3.0300,3.0200,3.0300,2931,0
AOI.US,5,20131126,190500,3.0300,3.0300,3.0300,3.0300,200,0
AOI.US,5,20131126,191000,3.0300,3.0300,3.0300,3.0300,300,0
AOI.US,5,20131126,191500,3.0300,3.0300,3.0300,3.0300,1500,0
AOI.US,5,20131126,192000,3.0300,3.0300,3.0300,3.0300,2412,0
AOI.US,5,20131126,192500,3.0300,3.0400,3.0300,3.0400,2400,0
AOI.US,5,20131126,193000,3.0400,3.0400,3.0300,3.0300,600,0
AOI.US,5,20131126,193500,3.0400,3.0400,3.0400,3.0400,119,0
AOI.US,5,20131126,194000,3.0400,3.0400,3.0400,3.0400,300,0
AOI.US,5,20131126,194500,3.0400,3.0500,3.0300,3.0400,6164,0
AOI.US,5,20131126,195000,3.0500,3.0500,3.0500,3.0500,600,0
AOI.US,5,20131126,200000,3.0500,3.0500,3.0400,3.0400,1400,0
AOI.US,5,20131126,200500,3.0500,3.0500,3.0400,3.0500,10687,0
AOI.US,5,20131126,201000,3.0500,3.0500,3.0400,3.0400,800,0
AOI.US,5,20131126,201500,3.0500,3.0500,3.0400,3.0500,2800,0
AOI.US,5,20131126,202000,3.0500,3.0500,3.0500,3.0500,200,0
AOI.US,5,20131126,202500,3.0500,3.0500,3.0400,3.0500,1600,0
AOI.US,5,20131126,203000,3.0400,3.0500,3.0400,3.0400,500,0
AOI.US,5,20131126,203500,3.0400,3.0500,3.0400,3.0500,3600,0
AOI.US,5,20131126,204000,3.0500,3.0500,3.0400,3.0500,3000,0
AOI.US,5,20131126,204500,3.0500,3.0500,3.0500,3.0500,503,0
AOI.US,5,20131126,205000,3.0500,3.0500,3.0400,3.0500,1800,0
AOI.US,5,20131126,205500,3.0500,3.0500,3.0400,3.0500,3269,0
AOI.US,5,20131126,210000,3.0500,3.0500,3.0400,3.0400,2200,0
AOI.US,5,20131126,210500,3.0500,3.0500,3.0400,3.0400,1300,0
AOI.US,5,20131126,211000,3.0400,3.0500,3.0400,3.0500,5606,0
AOI.US,5,20131126,211500,3.0500,3.0500,3.0400,3.0500,3200,0
AOI.US,5,20131126,212000,3.0400,3.0500,3.0400,3.0400,2100,0
AOI.US,5,20131126,212500,3.0400,3.0500,3.0400,3.0400,3800,0
AOI.US,5,20131126,213000,3.0400,3.0500,3.0200,3.0300,13193,0
AOI.US,5,20131126,213500,3.0300,3.0300,3.0200,3.0300,7200,0
AOI.US,5,20131126,214000,3.0200,3.0300,3.0200,3.0300,4300,0
AOI.US,5,20131126,214500,3.0200,3.0200,2.9800,3.0100,18050,0
AOI.US,5,20131126,215000,3.0000,3.0100,2.9900,2.9900,14115,0
AOI.US,5,20131126,215500,3.0000,3.0000,2.9900,2.9900,11433,0
AOI.US,5,20131126,220000,3.0000,3.0000,2.9900,3.0000,20879,0
AOI.US,5,20131126,220500,3.0000,3.0000,3.0000,3.0000,44742,0
AOI.US,5,20131127,154000,2.9900,2.9900,2.9900,2.9900,200,0
AOI.US,5,20131127,154500,2.9900,2.9900,2.9900,2.9900,200,0
AOI.US,5,20131127,155000,3.0000,3.0000,3.0000,3.0000,300,0
AOI.US,5,20131127,155500,3.0000,3.0000,3.0000,3.0000,900,0
AOI.US,5,20131127,160000,3.0000,3.0100,2.9900,2.9900,500,0
AOI.US,5,20131127,160500,2.9800,2.9800,2.9800,2.9800,100,0
AOI.US,5,20131127,161000,2.9900,3.0000,2.9900,3.0000,900,0
AOI.US,5,20131127,161500,3.0000,3.0100,3.0000,3.0100,800,0
AOI.US,5,20131127,162000,3.0100,3.0100,3.0100,3.0100,100,0
AOI.US,5,20131127,162500,3.0100,3.0100,3.0100,3.0100,100,0
AOI.US,5,20131127,163500,3.0100,3.0100,3.0000,3.0000,400,0
AOI.US,5,20131127,164000,3.0100,3.0100,3.0100,3.0100,400,0
AOI.US,5,20131127,164500,3.0100,3.0100,3.0100,3.0100,400,0
AOI.US,5,20131127,165000,3.0100,3.0100,3.0000,3.0000,2100,0
AOI.US,5,20131127,165500,3.0000,3.0100,3.0000,3.0100,2200,0
AOI.US,5,20131127,170000,3.0100,3.0100,3.0100,3.0100,200,0
AOI.US,5,20131127,170500,3.0000,3.0100,3.0000,3.0100,1161,0
AOI.US,5,20131127,171000,3.0100,3.0100,3.0100,3.0100,400,0
AOI.US,5,20131127,171500,3.0100,3.0100,3.0100,3.0100,2430,0
AOI.US,5,20131127,172000,3.0200,3.0300,3.0200,3.0200,1700,0
AOI.US,5,20131127,172500,3.0300,3.0400,3.0300,3.0400,1400,0
AOI.US,5,20131127,173000,3.0400,3.0500,3.0300,3.0500,2020,0
AOI.US,5,20131127,173500,3.0500,3.0500,3.0500,3.0500,300,0
AOI.US,5,20131127,174000,3.0500,3.0600,3.0500,3.0600,1400,0
AOI.US,5,20131127,174500,3.0600,3.0600,3.0500,3.0500,200,0
AOI.US,5,20131127,175000,3.0600,3.0600,3.0600,3.0600,300,0
AOI.US,5,20131127,175500,3.0600,3.0600,3.0600,3.0600,200,0
AOI.US,5,20131127,180000,3.0600,3.0600,3.0500,3.0600,700,0
AOI.US,5,20131127,180500,3.0600,3.0600,3.0500,3.0600,1300,0
AOI.US,5,20131127,181000,3.0600,3.0600,3.0600,3.0600,100,0
AOI.US,5,20131127,181500,3.0600,3.0900,3.0500,3.0800,10773,0
AOI.US,5,20131127,182500,3.0800,3.0900,3.0800,3.0900,3652,0
AOI.US,5,20131127,183000,3.0900,3.1000,3.0900,3.0900,1400,0
AOI.US,5,20131127,183500,3.1000,3.1000,3.0900,3.0900,8103,0
AOI.US,5,20131127,184000,3.1000,3.1300,3.0900,3.1300,4500,0
AOI.US,5,20131127,184500,3.1200,3.1300,3.1200,3.1300,400,0
AOI.US,5,20131127,185000,3.1200,3.1300,3.1200,3.1200,7500,0
AOI.US,5,20131127,185500,3.1300,3.1300,3.1200,3.1300,1200,0
AOI.US,5,20131127,190000,3.1300,3.1300,3.1300,3.1300,200,0
AOI.US,5,20131127,190500,3.1300,3.1300,3.1200,3.1300,792,0
AOI.US,5,20131127,191000,3.1300,3.1300,3.1300,3.1300,700,0
AOI.US,5,20131127,191500,3.1300,3.1300,3.1300,3.1300,300,0
AOI.US,5,20131127,192000,3.1300,3.1300,3.1300,3.1300,400,0
AOI.US,5,20131127,192500,3.1300,3.1300,3.1300,3.1300,100,0
AOI.US,5,20131127,193000,3.1200,3.1300,3.1200,3.1300,300,0
AOI.US,5,20131127,193500,3.1300,3.1300,3.1200,3.1200,4245,0
AOI.US,5,20131127,194000,3.1300,3.1300,3.1300,3.1300,1000,0
AOI.US,5,20131127,194500,3.1300,3.1300,3.1200,3.1300,1496,0
AOI.US,5,20131127,195000,3.1300,3.1300,3.1200,3.1200,2600,0
AOI.US,5,20131127,195500,3.1200,3.1300,3.1200,3.1300,1900,0
AOI.US,5,20131127,200000,3.1300,3.1300,3.1300,3.1300,500,0
AOI.US,5,20131127,200500,3.1300,3.1300,3.1300,3.1300,468,0
AOI.US,5,20131127,201000,3.1300,3.1300,3.1300,3.1300,100,0
AOI.US,5,20131127,201500,3.1300,3.1400,3.1200,3.1300,4714,0
AOI.US,5,20131127,202000,3.1300,3.1400,3.1300,3.1400,2900,0
AOI.US,5,20131127,202500,3.1300,3.1300,3.1300,3.1300,500,0
AOI.US,5,20131127,203000,3.1400,3.1400,3.1400,3.1400,300,0
AOI.US,5,20131127,203500,3.1400,3.1400,3.1400,3.1400,528,0
AOI.US,5,20131127,204000,3.1400,3.1400,3.1400,3.1400,600,0
AOI.US,5,20131127,204500,3.1400,3.1400,3.1300,3.1400,300,0
AOI.US,5,20131127,205000,3.1400,3.1400,3.1400,3.1400,4907,0
AOI.US,5,20131127,205500,3.1400,3.1400,3.1400,3.1400,500,0
AOI.US,5,20131127,210000,3.1400,3.1400,3.1400,3.1400,200,0
AOI.US,5,20131127,210500,3.1400,3.1400,3.1400,3.1400,1500,0
AOI.US,5,20131127,211000,3.1400,3.1400,3.1400,3.1400,1300,0
AOI.US,5,20131127,211500,3.1400,3.1400,3.1200,3.1200,10352,0
AOI.US,5,20131127,212000,3.1200,3.1200,3.1100,3.1100,5100,0
AOI.US,5,20131127,212500,3.1100,3.1200,3.1100,3.1100,3600,0
AOI.US,5,20131127,213000,3.1100,3.1200,3.1100,3.1200,708,0
AOI.US,5,20131127,213500,3.1200,3.1300,3.1200,3.1300,2300,0
AOI.US,5,20131127,214000,3.1300,3.1300,3.1200,3.1300,1200,0
AOI.US,5,20131127,214500,3.1300,3.1300,3.1200,3.1300,7616,0
AOI.US,5,20131127,215000,3.1300,3.1300,3.1200,3.1300,3038,0
AOI.US,5,20131127,215500,3.1300,3.1500,3.1200,3.1400,6816,0
AOI.US,5,20131127,220000,3.1400,3.1500,3.1400,3.1500,24583,0
AOI.US,5,20131127,220500,3.1500,3.1500,3.1500,3.1500,19874,0
AOI.US,5,20131129,153500,3.1500,3.1500,3.0700,3.0800,13036,0
AOI.US,5,20131129,154000,3.0900,3.0900,3.0800,3.0900,1400,0
AOI.US,5,20131129,154500,3.0900,3.0900,3.0900,3.0900,200,0
AOI.US,5,20131129,155000,3.0900,3.0900,3.0800,3.0800,200,0
AOI.US,5,20131129,155500,3.0800,3.0800,3.0800,3.0800,200,0
AOI.US,5,20131129,160500,3.0800,3.0800,3.0800,3.0800,265,0
AOI.US,5,20131129,161000,3.0800,3.0900,3.0700,3.0900,300,0
AOI.US,5,20131129,161500,3.0900,3.0900,3.0800,3.0800,200,0
AOI.US,5,20131129,162000,3.0900,3.1000,3.0800,3.0800,1177,0
AOI.US,5,20131129,162500,3.0800,3.0900,3.0800,3.0800,515,0
AOI.US,5,20131129,163000,3.0900,3.0900,3.0800,3.0900,9500,0
AOI.US,5,20131129,163500,3.0900,3.0900,3.0800,3.0800,500,0
AOI.US,5,20131129,164000,3.0900,3.0900,3.0800,3.0800,1300,0
AOI.US,5,20131129,164500,3.0900,3.1000,3.0800,3.1000,990,0
AOI.US,5,20131129,165000,3.1000,3.1000,3.0900,3.0900,200,0
AOI.US,5,20131129,165500,3.1000,3.1000,3.0900,3.0900,200,0
AOI.US,5,20131129,170000,3.1000,3.1000,3.0900,3.0900,300,0
AOI.US,5,20131129,170500,3.0900,3.1000,3.0900,3.1000,601,0
AOI.US,5,20131129,171000,3.1000,3.1000,3.0900,3.1000,300,0
AOI.US,5,20131129,171500,3.1000,3.1000,3.0900,3.0900,300,0
AOI.US,5,20131129,172000,3.1000,3.1000,3.0900,3.1000,1500,0
AOI.US,5,20131129,172500,3.1000,3.1000,3.0900,3.1000,2700,0
AOI.US,5,20131129,173000,3.0900,3.0900,3.0900,3.0900,100,0
AOI.US,5,20131129,173500,3.1000,3.1000,3.1000,3.1000,4300,0
AOI.US,5,20131129,174000,3.1000,3.1000,3.0900,3.1000,900,0
AOI.US,5,20131129,174500,3.1000,3.1000,3.1000,3.1000,400,0
AOI.US,5,20131129,175000,3.1000,3.1000,3.0900,3.0900,1600,0
AOI.US,5,20131129,175500,3.1000,3.1000,3.1000,3.1000,300,0
AOI.US,5,20131129,180000,3.1000,3.1000,3.0900,3.1000,438,0
AOI.US,5,20131129,180500,3.0900,3.0900,3.0900,3.0900,100,0
AOI.US,5,20131129,181000,3.1000,3.1000,3.0900,3.1000,400,0
AOI.US,5,20131129,181500,3.0900,3.1000,3.0900,3.0900,300,0
AOI.US,5,20131129,182000,3.1000,3.1000,3.0900,3.1000,4100,0
AOI.US,5,20131129,182500,3.1000,3.1000,3.1000,3.1000,100,0
AOI.US,5,20131129,183000,3.1000,3.1000,3.0900,3.0900,1000,0
AOI.US,5,20131129,183500,3.1000,3.1000,3.0900,3.1000,700,0
AOI.US,5,20131129,184000,3.1000,3.1000,3.0900,3.0900,600,0
AOI.US,5,20131129,184500,3.1000,3.1000,3.0900,3.0900,700,0
AOI.US,5,20131129,185000,3.1000,3.1000,3.0900,3.1000,2400,0
AOI.US,5,20131129,185500,3.1000,3.1000,3.0900,3.1000,700,0
AOI.US,5,20131129,190000,3.1000,3.1200,3.0800,3.0900,23905,0
AOI.US,5,20131129,190500,3.0900,3.0900,3.0900,3.0900,22528,0
AOI.US,5,20131202,153500,3.0700,3.0700,3.0500,3.0500,300,0
AOI.US,5,20131202,154000,3.0700,3.0700,3.0500,3.0500,3621,0
AOI.US,5,20131202,154500,3.0400,3.0400,3.0400,3.0400,100,0
AOI.US,5,20131202,155000,3.0600,3.0900,3.0600,3.0600,1000,0
AOI.US,5,20131202,155500,3.0500,3.0500,3.0500,3.0500,300,0
AOI.US,5,20131202,160000,3.0500,3.0700,3.0200,3.0300,1700,0
AOI.US,5,20131202,160500,3.0400,3.0400,3.0300,3.0300,600,0
AOI.US,5,20131202,161000,3.0200,3.0200,3.0100,3.0100,1000,0
AOI.US,5,20131202,161500,3.0200,3.0200,3.0100,3.0100,600,0
AOI.US,5,20131202,162000,3.0100,3.0100,3.0100,3.0100,500,0
AOI.US,5,20131202,162500,3.0100,3.0200,3.0100,3.0100,1000,0
AOI.US,5,20131202,163000,3.0100,3.0200,3.0100,3.0100,1100,0
AOI.US,5,20131202,163500,3.0100,3.0100,3.0000,3.0000,1500,0
AOI.US,5,20131202,164000,3.0000,3.0000,3.0000,3.0000,900,0
AOI.US,5,20131202,164500,3.0000,3.0000,3.0000,3.0000,200,0
AOI.US,5,20131202,165000,3.0000,3.0100,3.0000,3.0000,600,0
AOI.US,5,20131202,165500,3.0000,3.0000,3.0000,3.0000,100,0
AOI.US,5,20131202,170000,3.0000,3.0000,2.9900,3.0000,4886,0
AOI.US,5,20131202,170500,3.0000,3.0000,3.0000,3.0000,1600,0
AOI.US,5,20131202,171000,3.0100,3.0100,3.0000,3.0000,200,0
AOI.US,5,20131202,171500,3.0000,3.0000,3.0000,3.0000,600,0
AOI.US,5,20131202,172000,3.0100,3.0100,3.0100,3.0100,100,0
AOI.US,5,20131202,172500,3.0100,3.0100,3.0100,3.0100,200,0
AOI.US,5,20131202,173000,3.0000,3.0000,3.0000,3.0000,1700,0
AOI.US,5,20131202,173500,3.0100,3.0100,3.0000,3.0000,300,0
AOI.US,5,20131202,174000,3.0000,3.0000,3.0000,3.0000,1100,0
AOI.US,5,20131202,174500,3.0000,3.0000,3.0000,3.0000,200,0
AOI.US,5,20131202,175000,3.0100,3.0100,3.0000,3.0100,500,0
AOI.US,5,20131202,175500,3.0000,3.0100,3.0000,3.0100,1200,0
AOI.US,5,20131202,180000,3.0000,3.0000,3.0000,3.0000,100,0
AOI.US,5,20131202,180500,3.0000,3.0100,3.0000,3.0100,700,0
AOI.US,5,20131202,181000,3.0100,3.0100,3.0000,3.0100,2200,0
AOI.US,5,20131202,181500,3.0000,3.0100,3.0000,3.0000,900,0
AOI.US,5,20131202,182000,3.0000,3.0100,3.0000,3.0100,500,0
AOI.US,5,20131202,182500,3.0100,3.0100,3.0100,3.0100,300,0
AOI.US,5,20131202,183000,3.0000,3.0100,3.0000,3.0100,200,0
AOI.US,5,20131202,183500,3.0100,3.0100,3.0100,3.0100,249,0
AOI.US,5,20131202,184000,3.0100,3.0100,3.0100,3.0100,400,0
AOI.US,5,20131202,184500,3.0100,3.0200,3.0100,3.0200,3200,0
AOI.US,5,20131202,185000,3.0200,3.0300,3.0200,3.0300,2900,0
AOI.US,5,20131202,185500,3.0200,3.0300,3.0200,3.0200,1000,0
AOI.US,5,20131202,190000,3.0200,3.0200,3.0200,3.0200,300,0
AOI.US,5,20131202,190500,3.0200,3.0300,3.0200,3.0200,1200,0
AOI.US,5,20131202,191000,3.0200,3.0400,3.0200,3.0300,13600,0
AOI.US,5,20131202,191500,3.0300,3.0300,3.0200,3.0200,4300,0
AOI.US,5,20131202,192000,3.0200,3.0300,3.0200,3.0200,4626,0
AOI.US,5,20131202,192500,3.0200,3.0200,3.0200,3.0200,1380,0
AOI.US,5,20131202,193000,3.0200,3.0200,3.0200,3.0200,859,0
AOI.US,5,20131202,193500,3.0200,3.0300,3.0200,3.0300,500,0
AOI.US,5,20131202,194000,3.0300,3.0300,3.0200,3.0300,500,0
AOI.US,5,20131202,194500,3.0200,3.0300,3.0200,3.0200,300,0
AOI.US,5,20131202,195000,3.0300,3.0300,3.0200,3.0200,1000,0
AOI.US,5,20131202,195500,3.0200,3.0200,3.0200,3.0200,800,0
AOI.US,5,20131202,200000,3.0200,3.0200,3.0200,3.0200,200,0
AOI.US,5,20131202,201000,3.0200,3.0200,3.0000,3.0100,1795,0
AOI.US,5,20131202,201500,3.0000,3.0000,3.0000,3.0000,300,0
AOI.US,5,20131202,202000,3.0000,3.0000,3.0000,3.0000,2700,0
AOI.US,5,20131202,202500,3.0000,3.0100,3.0000,3.0000,500,0
AOI.US,5,20131202,203000,3.0000,3.0000,3.0000,3.0000,300,0
AOI.US,5,20131202,203500,3.0000,3.0300,3.0000,3.0100,24161,0
AOI.US,5,20131202,204000,3.0100,3.0200,3.0000,3.0000,2700,0
AOI.US,5,20131202,204500,3.0000,3.0100,2.9800,2.9900,2500,0
AOI.US,5,20131202,205000,2.9900,2.9900,2.9800,2.9800,1498,0
AOI.US,5,20131202,205500,2.9800,2.9900,2.9800,2.9900,300,0
AOI.US,5,20131202,210000,2.9900,2.9900,2.9900,2.9900,100,0
AOI.US,5,20131202,210500,2.9900,2.9900,2.9800,2.9800,700,0
AOI.US,5,20131202,211000,2.9900,2.9900,2.9800,2.9800,300,0
AOI.US,5,20131202,212000,2.9900,2.9900,2.9900,2.9900,100,0
AOI.US,5,20131202,212500,2.9900,2.9900,2.9800,2.9800,200,0
AOI.US,5,20131202,213500,2.9900,2.9900,2.9800,2.9800,1100,0
AOI.US,5,20131202,214000,2.9900,2.9900,2.9800,2.9800,600,0
AOI.US,5,20131202,214500,2.9800,2.9800,2.9800,2.9800,1200,0
AOI.US,5,20131202,215000,2.9900,2.9900,2.9800,2.9900,8325,0
AOI.US,5,20131202,215500,2.9800,3.0700,2.9800,3.0700,41954,0
AOI.US,5,20131202,220000,3.0700,3.1300,3.0600,3.1000,113110,0
AOI.US,5,20131202,220500,3.1000,3.1000,3.1000,3.1000,24104,0
AOI.US,5,20131203,153500,3.0900,3.0900,3.0200,3.0200,4730,0
AOI.US,5,20131203,154000,3.0200,3.0400,3.0200,3.0300,1500,0
AOI.US,5,20131203,154500,3.0400,3.0400,3.0300,3.0300,1800,0
AOI.US,5,20131203,155000,3.0300,3.0300,3.0200,3.0200,300,0
AOI.US,5,20131203,155500,3.0300,3.0300,3.0200,3.0200,1200,0
AOI.US,5,20131203,160000,3.0200,3.0300,3.0100,3.0300,700,0
AOI.US,5,20131203,160500,3.0200,3.0300,3.0200,3.0300,1200,0
AOI.US,5,20131203,161000,3.0300,3.0300,3.0200,3.0200,1300,0
AOI.US,5,20131203,161500,3.0200,3.0200,3.0100,3.0100,2300,0
AOI.US,5,20131203,162000,3.0100,3.0100,3.0000,3.0000,1398,0
AOI.US,5,20131203,162500,3.0100,3.0200,3.0100,3.0200,1501,0
AOI.US,5,20131203,163000,3.0200,3.0300,3.0200,3.0200,1200,0
AOI.US,5,20131203,164000,3.0100,3.0200,3.0100,3.0100,400,0
AOI.US,5,20131203,165000,3.0000,3.0100,3.0000,3.0000,700,0
AOI.US,5,20131203,165500,3.0000,3.0100,2.9900,2.9900,10558,0
AOI.US,5,20131203,170000,2.9900,3.0000,2.9900,3.0000,1500,0
AOI.US,5,20131203,170500,2.9900,2.9900,2.9800,2.9900,2100,0
AOI.US,5,20131203,171000,2.9900,2.9900,2.9800,2.9900,600,0
AOI.US,5,20131203,171500,2.9800,2.9900,2.9800,2.9900,1251,0
AOI.US,5,20131203,172000,2.9900,2.9900,2.9800,2.9800,200,0
AOI.US,5,20131203,172500,2.9800,2.9900,2.9800,2.9900,400,0
AOI.US,5,20131203,173000,2.9900,2.9900,2.9900,2.9900,300,0
AOI.US,5,20131203,173500,2.9800,2.9900,2.9800,2.9900,1500,0
AOI.US,5,20131203,174000,2.9900,2.9900,2.9800,2.9900,600,0
AOI.US,5,20131203,174500,2.9900,3.0000,2.9900,3.0000,900,0
AOI.US,5,20131203,175000,3.0000,3.0000,3.0000,3.0000,200,0
AOI.US,5,20131203,175500,2.9900,2.9900,2.9900,2.9900,100,0
AOI.US,5,20131203,180000,2.9900,2.9900,2.9900,2.9900,100,0
AOI.US,5,20131203,180500,2.9900,2.9900,2.9900,2.9900,100,0
AOI.US,5,20131203,181500,3.0000,3.0000,2.9900,3.0000,1500,0
AOI.US,5,20131203,182000,2.9900,2.9900,2.9900,2.9900,100,0
AOI.US,5,20131203,182500,2.9900,2.9900,2.9900,2.9900,200,0
AOI.US,5,20131203,183000,3.0000,3.0000,2.9900,3.0000,600,0
AOI.US,5,20131203,183500,3.0000,3.0000,2.9900,3.0000,400,0
AOI.US,5,20131203,184000,2.9900,3.0000,2.9900,2.9900,1400,0
AOI.US,5,20131203,184500,2.9900,2.9900,2.9900,2.9900,200,0
AOI.US,5,20131203,185000,3.0000,3.0000,2.9900,2.9900,834,0
AOI.US,5,20131203,190000,2.9900,3.0000,2.9900,2.9900,300,0
AOI.US,5,20131203,190500,2.9900,3.0000,2.9900,3.0000,600,0
AOI.US,5,20131203,191000,3.0000,3.0000,2.9900,2.9900,827,0
AOI.US,5,20131203,191500,2.9900,3.0000,2.9900,3.0000,300,0
AOI.US,5,20131203,192500,2.9900,2.9900,2.9900,2.9900,200,0
AOI.US,5,20131203,193000,3.0000,3.0000,3.0000,3.0000,300,0
AOI.US,5,20131203,194000,3.0000,3.0200,2.9900,3.0200,4740,0
AOI.US,5,20131203,194500,3.0100,3.0200,3.0100,3.0200,200,0
AOI.US,5,20131203,195000,3.0100,3.0200,3.0100,3.0200,300,0
AOI.US,5,20131203,195500,3.0100,3.0100,3.0100,3.0100,100,0
AOI.US,5,20131203,200000,3.0200,3.0200,3.0100,3.0100,300,0
AOI.US,5,20131203,200500,3.0200,3.0200,3.0200,3.0200,200,0
AOI.US,5,20131203,201000,3.0200,3.0200,3.0100,3.0100,1200,0
AOI.US,5,20131203,201500,3.0100,3.0100,3.0100,3.0100,200,0
AOI.US,5,20131203,202000,3.0100,3.0200,3.0100,3.0100,500,0
AOI.US,5,20131203,202500,3.0100,3.0200,3.0100,3.0100,625,0
AOI.US,5,20131203,203000,3.0100,3.0100,3.0100,3.0100,100,0
AOI.US,5,20131203,203500,3.0100,3.0100,3.0100,3.0100,100,0
AOI.US,5,20131203,204000,3.0100,3.0200,3.0100,3.0100,400,0
AOI.US,5,20131203,204500,3.0100,3.0100,3.0100,3.0100,100,0
AOI.US,5,20131203,205000,3.0100,3.0200,3.0100,3.0100,400,0
AOI.US,5,20131203,205500,3.0200,3.0200,3.0200,3.0200,100,0
AOI.US,5,20131203,210000,3.0200,3.0200,3.0100,3.0100,830,0
AOI.US,5,20131203,210500,3.0100,3.0200,3.0100,3.0100,1000,0
AOI.US,5,20131203,211000,3.0200,3.0200,3.0100,3.0200,800,0
AOI.US,5,20131203,211500,3.0100,3.0200,3.0100,3.0100,1600,0
AOI.US,5,20131203,212000,3.0200,3.0200,3.0100,3.0100,900,0
AOI.US,5,20131203,212500,3.0100,3.0100,3.0000,3.0000,3500,0
AOI.US,5,20131203,213000,3.0000,3.0100,3.0000,3.0100,700,0
AOI.US,5,20131203,213500,3.0000,3.0100,3.0000,3.0000,700,0
AOI.US,5,20131203,214000,3.0000,3.0100,3.0000,3.0000,1000,0
AOI.US,5,20131203,214500,3.0000,3.0100,3.0000,3.0100,2000,0
AOI.US,5,20131203,215000,3.0000,3.0100,3.0000,3.0100,500,0
AOI.US,5,20131203,215500,3.0000,3.0100,3.0000,3.0000,4700,0
AOI.US,5,20131203,220000,3.0100,3.0200,3.0000,3.0200,27014,0
AOI.US,5,20131203,220500,3.0100,3.0100,3.0100,3.0100,94986,0
AOI.US,5,20131204,154000,3.0200,3.0200,3.0200,3.0200,500,0
AOI.US,5,20131204,154500,3.0200,3.0200,3.0200,3.0200,1300,0
AOI.US,5,20131204,155000,3.0200,3.0200,3.0100,3.0200,3010,0
AOI.US,5,20131204,155500,3.0200,3.0200,3.0200,3.0200,100,0
AOI.US,5,20131204,160000,3.0200,3.0300,3.0100,3.0200,7100,0
AOI.US,5,20131204,160500,3.0200,3.0200,3.0200,3.0200,300,0
AOI.US,5,20131204,161000,3.0200,3.0200,3.0200,3.0200,400,0
AOI.US,5,20131204,161500,3.0200,3.0200,3.0200,3.0200,300,0
AOI.US,5,20131204,162000,3.0100,3.0200,3.0100,3.0100,2107,0
AOI.US,5,20131204,162500,3.0200,3.0200,3.0100,3.0200,1400,0
AOI.US,5,20131204,163000,3.0200,3.0200,3.0200,3.0200,100,0
AOI.US,5,20131204,163500,3.0100,3.0200,3.0100,3.0100,400,0
AOI.US,5,20131204,164000,3.0200,3.0400,3.0200,3.0300,6268,0
AOI.US,5,20131204,164500,3.0300,3.0400,3.0300,3.0300,1200,0
AOI.US,5,20131204,165000,3.0300,3.0300,2.9900,3.0000,12550,0
AOI.US,5,20131204,165500,3.0000,3.0000,2.9900,2.9900,1300,0
AOI.US,5,20131204,170000,2.9900,2.9900,2.9900,2.9900,300,0
AOI.US,5,20131204,170500,2.9900,3.0000,2.9900,2.9900,850,0
AOI.US,5,20131204,171000,3.0000,3.0000,2.9800,2.9800,3716,0
AOI.US,5,20131204,172000,2.9900,2.9900,2.9900,2.9900,100,0
AOI.US,5,20131204,172500,2.9800,2.9900,2.9800,2.9800,1497,0
AOI.US,5,20131204,173000,2.9900,2.9900,2.9800,2.9900,500,0
AOI.US,5,20131204,173500,2.9800,2.9900,2.9800,2.9900,600,0
AOI.US,5,20131204,174000,2.9900,2.9900,2.9900,2.9900,200,0
AOI.US,5,20131204,174500,2.9900,2.9900,2.9900,2.9900,200,0
AOI.US,5,20131204,175000,2.9800,2.9900,2.9800,2.9900,500,0
AOI.US,5,20131204,175500,2.9900,2.9900,2.9900,2.9900,200,0
AOI.US,5,20131204,180000,2.9800,2.9800,2.9800,2.9800,100,0
AOI.US,5,20131204,180500,2.9900,2.9900,2.9900,2.9900,100,0
AOI.US,5,20131204,181000,2.9900,3.0000,2.9900,2.9900,1200,0
AOI.US,5,20131204,181500,3.0000,3.0000,3.0000,3.0000,300,0
AOI.US,5,20131204,182000,2.9900,3.0000,2.9900,2.9900,4800,0
AOI.US,5,20131204,182500,2.9800,2.9800,2.9800,2.9800,100,0
AOI.US,5,20131204,183000,2.9800,2.9800,2.9800,2.9800,100,0
AOI.US,5,20131204,183500,2.9900,2.9900,2.9900,2.9900,850,0
AOI.US,5,20131204,184000,2.9900,2.9900,2.9900,2.9900,100,0
AOI.US,5,20131204,185000,2.9900,2.9900,2.9800,2.9800,1600,0
AOI.US,5,20131204,185500,2.9900,2.9900,2.9900,2.9900,200,0
AOI.US,5,20131204,190000,2.9800,2.9900,2.9800,2.9800,300,0
AOI.US,5,20131204,190500,2.9800,2.9800,2.9800,2.9800,100,0
AOI.US,5,20131204,191000,2.9900,2.9900,2.9900,2.9900,100,0
AOI.US,5,20131204,191500,2.9800,2.9800,2.9800,2.9800,200,0
AOI.US,5,20131204,192500,2.9900,2.9900,2.9800,2.9800,881,0
AOI.US,5,20131204,193500,2.9900,2.9900,2.9800,2.9800,582,0
AOI.US,5,20131204,194000,2.9800,2.9900,2.9800,2.9900,300,0
AOI.US,5,20131204,195000,2.9800,2.9900,2.9800,2.9900,1200,0
AOI.US,5,20131204,195500,2.9900,2.9900,2.9900,2.9900,200,0
AOI.US,5,20131204,200000,2.9900,2.9900,2.9800,2.9800,500,0
AOI.US,5,20131204,200500,2.9900,2.9900,2.9900,2.9900,300,0
AOI.US,5,20131204,201000,2.9800,2.9900,2.9800,2.9900,700,0
AOI.US,5,20131204,201500,2.9800,2.9800,2.9800,2.9800,100,0
AOI.US,5,20131204,202500,2.9800,2.9900,2.9800,2.9900,1040,0
AOI.US,5,20131204,203500,2.9900,2.9900,2.9800,2.9800,11743,0
AOI.US,5,20131204,204000,2.9800,2.9900,2.9800,2.9800,1900,0
AOI.US,5,20131204,204500,2.9900,2.9900,2.9800,2.9800,780,0
AOI.US,5,20131204,205000,2.9900,2.9900,2.9900,2.9900,300,0
AOI.US,5,20131204,205500,2.9800,2.9900,2.9800,2.9900,1100,0
AOI.US,5,20131204,210000,2.9900,2.9900,2.9800,2.9800,976,0
AOI.US,5,20131204,210500,2.9900,2.9900,2.9800,2.9900,300,0
AOI.US,5,20131204,211000,2.9900,2.9900,2.9800,2.9900,1600,0
AOI.US,5,20131204,211500,2.9800,2.9900,2.9800,2.9800,700,0
AOI.US,5,20131204,212000,2.9800,2.9900,2.9800,2.9900,2895,0
AOI.US,5,20131204,212500,2.9900,2.9900,2.9800,2.9800,3200,0
AOI.US,5,20131204,213000,2.9800,2.9900,2.9800,2.9900,7200,0
AOI.US,5,20131204,213500,2.9900,2.9900,2.9800,2.9800,1600,0
AOI.US,5,20131204,214000,2.9900,2.9900,2.9800,2.9900,3049,0
AOI.US,5,20131204,214500,2.9900,2.9900,2.9800,2.9900,4181,0
AOI.US,5,20131204,215000,2.9900,2.9900,2.9800,2.9900,1700,0
AOI.US,5,20131204,215500,2.9900,2.9900,2.9800,2.9900,4969,0
AOI.US,5,20131204,220000,2.9800,2.9900,2.9800,2.9800,17063,0
AOI.US,5,20131204,220500,2.9800,2.9800,2.9800,2.9800,27250,0
AOI.US,5,20131205,154000,2.9700,2.9800,2.9700,2.9800,500,0
AOI.US,5,20131205,154500,2.9700,2.9700,2.9500,2.9500,2096,0
AOI.US,5,20131205,155500,2.9600,2.9600,2.9600,2.9600,100,0
AOI.US,5,20131205,160000,2.9500,2.9500,2.9500,2.9500,100,0
AOI.US,5,20131205,160500,2.9600,2.9600,2.9600,2.9600,2600,0
AOI.US,5,20131205,161000,2.9600,2.9600,2.9600,2.9600,300,0
AOI.US,5,20131205,161500,2.9600,2.9600,2.9600,2.9600,2883,0
AOI.US,5,20131205,162000,2.9700,2.9700,2.9600,2.9600,1500,0
AOI.US,5,20131205,162500,2.9600,2.9600,2.9600,2.9600,400,0
AOI.US,5,20131205,163000,2.9600,2.9700,2.9600,2.9600,2000,0
AOI.US,5,20131205,164000,2.9700,2.9700,2.9700,2.9700,100,0
AOI.US,5,20131205,164500,2.9600,2.9600,2.9600,2.9600,1300,0
AOI.US,5,20131205,165000,2.9700,2.9700,2.9700,2.9700,100,0
AOI.US,5,20131205,165500,2.9600,2.9600,2.9600,2.9600,500,0
AOI.US,5,20131205,170000,2.9600,2.9700,2.9600,2.9700,300,0
AOI.US,5,20131205,170500,2.9700,2.9700,2.9700,2.9700,100,0
AOI.US,5,20131205,171000,2.9600,2.9600,2.9600,2.9600,600,0
AOI.US,5,20131205,171500,2.9600,2.9700,2.9600,2.9700,300,0
AOI.US,5,20131205,172000,2.9700,2.9700,2.9600,2.9600,800,0
AOI.US,5,20131205,172500,2.9600,2.9700,2.9600,2.9700,900,0
AOI.US,5,20131205,173000,2.9700,2.9700,2.9700,2.9700,1000,0
AOI.US,5,20131205,173500,2.9700,2.9700,2.9600,2.9700,800,0
AOI.US,5,20131205,174500,2.9700,2.9700,2.9700,2.9700,200,0
AOI.US,5,20131205,175000,2.9700,2.9700,2.9700,2.9700,900,0
AOI.US,5,20131205,175500,2.9700,2.9700,2.9600,2.9600,1500,0
AOI.US,5,20131205,180000,2.9700,2.9700,2.9700,2.9700,1400,0
AOI.US,5,20131205,180500,2.9700,2.9700,2.9600,2.9700,300,0
AOI.US,5,20131205,181000,2.9600,2.9700,2.9600,2.9600,500,0
AOI.US,5,20131205,181500,2.9600,2.9700,2.9600,2.9600,2700,0
AOI.US,5,20131205,182500,2.9700,2.9700,2.9700,2.9700,251,0
AOI.US,5,20131205,183000,2.9700,2.9700,2.9700,2.9700,100,0
AOI.US,5,20131205,183500,2.9700,2.9700,2.9600,2.9600,400,0
AOI.US,5,20131205,185000,2.9600,2.9600,2.9600,2.9600,500,0
AOI.US,5,20131205,185500,2.9700,2.9700,2.9600,2.9700,1100,0
AOI.US,5,20131205,190000,2.9700,2.9700,2.9600,2.9700,4436,0
AOI.US,5,20131205,190500,2.9800,2.9800,2.9800,2.9800,200,0
AOI.US,5,20131205,191000,2.9700,2.9700,2.9700,2.9700,100,0
AOI.US,5,20131205,191500,2.9800,2.9800,2.9800,2.9800,600,0
AOI.US,5,20131205,192500,2.9800,2.9800,2.9700,2.9700,400,0
AOI.US,5,20131205,193000,2.9700,2.9800,2.9700,2.9700,1900,0
AOI.US,5,20131205,193500,2.9800,2.9800,2.9700,2.9700,300,0
AOI.US,5,20131205,195000,2.9700,2.9800,2.9700,2.9800,800,0
AOI.US,5,20131205,195500,2.9700,2.9800,2.9700,2.9800,600,0
AOI.US,5,20131205,200500,2.9800,2.9800,2.9800,2.9800,1500,0
AOI.US,5,20131205,201000,2.9800,2.9800,2.9700,2.9800,1400,0
AOI.US,5,20131205,201500,2.9800,2.9800,2.9800,2.9800,100,0
AOI.US,5,20131205,202000,2.9700,2.9800,2.9700,2.9700,1078,0
AOI.US,5,20131205,202500,2.9800,2.9800,2.9800,2.9800,200,0
AOI.US,5,20131205,203000,2.9700,2.9800,2.9700,2.9700,800,0
AOI.US,5,20131205,203500,2.9800,2.9800,2.9800,2.9800,100,0
AOI.US,5,20131205,204000,2.9800,2.9800,2.9800,2.9800,200,0
AOI.US,5,20131205,204500,2.9800,2.9800,2.9800,2.9800,100,0
AOI.US,5,20131205,205000,2.9800,2.9800,2.9800,2.9800,200,0
AOI.US,5,20131205,205500,2.9800,2.9800,2.9800,2.9800,200,0
AOI.US,5,20131205,210000,2.9700,2.9800,2.9700,2.9800,2000,0
AOI.US,5,20131205,210500,2.9700,2.9800,2.9700,2.9700,1500,0
AOI.US,5,20131205,211000,2.9700,2.9700,2.9700,2.9700,300,0
AOI.US,5,20131205,211500,2.9600,2.9700,2.9600,2.9700,2300,0
AOI.US,5,20131205,212000,2.9600,2.9700,2.9600,2.9700,1300,0
AOI.US,5,20131205,212500,2.9600,2.9700,2.9600,2.9700,1200,0
AOI.US,5,20131205,213000,2.9700,2.9700,2.9600,2.9700,700,0
AOI.US,5,20131205,213500,2.9700,2.9700,2.9700,2.9700,300,0
AOI.US,5,20131205,214000,2.9700,2.9700,2.9700,2.9700,500,0
AOI.US,5,20131205,214500,2.9700,2.9700,2.9700,2.9700,1114,0
AOI.US,5,20131205,215000,2.9600,2.9700,2.9600,2.9700,2120,0
AOI.US,5,20131205,215500,2.9700,2.9700,2.9600,2.9700,1820,0
AOI.US,5,20131205,220000,2.9700,2.9700,2.9600,2.9600,12350,0
AOI.US,5,20131205,220500,2.9600,2.9600,2.9600,2.9600,12854,0
AOI.US,5,20131206,154000,2.9800,2.9800,2.9800,2.9800,100,0
AOI.US,5,20131206,154500,2.9700,2.9800,2.9700,2.9800,1400,0
AOI.US,5,20131206,160000,2.9800,2.9800,2.9600,2.9600,2380,0
AOI.US,5,20131206,160500,2.9700,2.9700,2.9700,2.9700,200,0
AOI.US,5,20131206,161000,2.9600,2.9700,2.9500,2.9700,3000,0
AOI.US,5,20131206,161500,2.9700,2.9700,2.9700,2.9700,2100,0
AOI.US,5,20131206,162000,2.9700,2.9800,2.9700,2.9800,2301,0
AOI.US,5,20131206,162500,2.9700,2.9800,2.9700,2.9800,1600,0
AOI.US,5,20131206,163000,2.9800,2.9800,2.9700,2.9700,1900,0
AOI.US,5,20131206,163500,2.9700,2.9700,2.9700,2.9700,600,0
AOI.US,5,20131206,164500,2.9700,2.9700,2.9600,2.9700,7400,0
AOI.US,5,20131206,165000,2.9700,2.9700,2.9700,2.9700,100,0
AOI.US,5,20131206,165500,2.9700,2.9700,2.9600,2.9700,600,0
AOI.US,5,20131206,170000,2.9700,2.9900,2.9700,2.9800,2118,0
AOI.US,5,20131206,170500,2.9900,2.9900,2.9900,2.9900,100,0
AOI.US,5,20131206,171000,2.9800,2.9800,2.9800,2.9800,100,0
AOI.US,5,20131206,171500,2.9800,3.0000,2.9800,3.0000,3640,0
AOI.US,5,20131206,172000,3.0000,3.0000,3.0000,3.0000,880,0
AOI.US,5,20131206,172500,3.0000,3.0000,3.0000,3.0000,200,0
AOI.US,5,20131206,173000,3.0000,3.0000,2.9900,3.0000,3540,0
AOI.US,5,20131206,173500,2.9900,2.9900,2.9500,2.9900,25382,0
AOI.US,5,20131206,174000,3.0000,3.0000,3.0000,3.0000,300,0
AOI.US,5,20131206,174500,3.0000,3.0000,2.9900,3.0000,1000,0
AOI.US,5,20131206,175000,2.9900,3.0000,2.9900,2.9900,1000,0
AOI.US,5,20131206,175500,3.0000,3.0000,3.0000,3.0000,400,0
AOI.US,5,20131206,180000,3.0000,3.0000,2.9900,2.9900,300,0
AOI.US,5,20131206,180500,2.9900,2.9900,2.9900,2.9900,200,0
AOI.US,5,20131206,181000,3.0000,3.0000,3.0000,3.0000,100,0
AOI.US,5,20131206,181500,3.0000,3.0000,3.0000,3.0000,200,0
AOI.US,5,20131206,182000,3.0000,3.0000,3.0000,3.0000,200,0
AOI.US,5,20131206,182500,3.0000,3.0000,3.0000,3.0000,200,0
AOI.US,5,20131206,183000,2.9900,3.0000,2.9900,2.9900,400,0
AOI.US,5,20131206,183500,3.0000,3.0000,3.0000,3.0000,1300,0
AOI.US,5,20131206,184000,2.9900,3.0200,2.9900,3.0200,5084,0
AOI.US,5,20131206,184500,3.0200,3.0200,3.0200,3.0200,900,0
AOI.US,5,20131206,185000,3.0200,3.0200,3.0200,3.0200,200,0
AOI.US,5,20131206,185500,3.0100,3.0200,3.0100,3.0200,200,0
AOI.US,5,20131206,190000,3.0100,3.0100,3.0100,3.0100,200,0
AOI.US,5,20131206,190500,3.0200,3.0200,2.9700,3.0000,17100,0
AOI.US,5,20131206,191000,3.0000,3.0000,3.0000,3.0000,100,0
AOI.US,5,20131206,191500,2.9900,3.0000,2.9900,3.0000,400,0
AOI.US,5,20131206,192000,2.9900,3.0000,2.9900,2.9900,500,0
AOI.US,5,20131206,192500,3.0000,3.0000,2.9900,2.9900,300,0
AOI.US,5,20131206,193000,2.9900,3.0000,2.9900,3.0000,200,0
AOI.US,5,20131206,193500,2.9900,3.0000,2.9900,2.9900,1600,0
AOI.US,5,20131206,194000,3.0000,3.0000,2.9900,3.0000,1104,0
AOI.US,5,20131206,194500,3.0000,3.0000,3.0000,3.0000,871,0
AOI.US,5,20131206,195000,3.0000,3.0000,2.9900,3.0000,856,0
AOI.US,5,20131206,200000,2.9900,2.9900,2.9900,2.9900,100,0
AOI.US,5,20131206,200500,2.9900,2.9900,2.9900,2.9900,500,0
AOI.US,5,20131206,201000,2.9900,3.0000,2.9900,3.0000,400,0
AOI.US,5,20131206,201500,2.9900,3.0000,2.9900,3.0000,900,0
AOI.US,5,20131206,202000,3.0000,3.0000,2.9900,3.0000,400,0
AOI.US,5,20131206,202500,2.9900,2.9900,2.9900,2.9900,400,0
AOI.US,5,20131206,203000,2.9900,3.0000,2.9900,3.0000,300,0
AOI.US,5,20131206,203500,2.9900,2.9900,2.9900,2.9900,100,0
AOI.US,5,20131206,204000,2.9900,3.0000,2.9900,3.0000,200,0
AOI.US,5,20131206,204500,2.9900,2.9900,2.9800,2.9800,4498,0
AOI.US,5,20131206,205000,2.9700,2.9800,2.9700,2.9800,400,0
AOI.US,5,20131206,205500,2.9800,2.9800,2.9700,2.9800,400,0
AOI.US,5,20131206,210000,2.9800,2.9800,2.9700,2.9800,800,0
AOI.US,5,20131206,210500,2.9700,2.9800,2.9700,2.9800,500,0
AOI.US,5,20131206,211000,2.9800,2.9800,2.9700,2.9800,1000,0
AOI.US,5,20131206,211500,2.9700,2.9800,2.9700,2.9800,200,0
AOI.US,5,20131206,212000,2.9700,2.9800,2.9700,2.9800,200,0
AOI.US,5,20131206,212500,2.9800,2.9900,2.9700,2.9800,7827,0
AOI.US,5,20131206,213000,2.9700,2.9800,2.9700,2.9800,1300,0
AOI.US,5,20131206,213500,2.9800,2.9800,2.9700,2.9800,1400,0
AOI.US,5,20131206,214000,2.9700,2.9800,2.9700,2.9700,1400,0
AOI.US,5,20131206,214500,2.9800,2.9800,2.9700,2.9800,2639,0
AOI.US,5,20131206,215000,2.9800,2.9800,2.9800,2.9800,5400,0
AOI.US,5,20131206,215500,2.9700,2.9900,2.9700,2.9900,7719,0
AOI.US,5,20131206,220000,2.9900,3.0000,2.9800,3.0000,28740,0
AOI.US,5,20131206,220500,3.0000,3.0000,3.0000,3.0000,9590,0
AOI.US,5,20131209,153500,3.0200,3.0800,3.0200,3.0400,38598,0
AOI.US,5,20131209,154000,3.0400,3.0400,3.0300,3.0300,1400,0
AOI.US,5,20131209,154500,3.0300,3.0300,3.0300,3.0300,200,0
AOI.US,5,20131209,155000,3.0300,3.0300,3.0300,3.0300,400,0
AOI.US,5,20131209,155500,3.0300,3.0300,3.0300,3.0300,500,0
AOI.US,5,20131209,160000,3.0200,3.0300,3.0200,3.0300,400,0
AOI.US,5,20131209,161000,3.0200,3.0200,3.0100,3.0100,400,0
AOI.US,5,20131209,161500,3.0100,3.0200,3.0100,3.0100,900,0
AOI.US,5,20131209,162000,3.0200,3.0200,3.0200,3.0200,200,0
AOI.US,5,20131209,163000,3.0200,3.0200,3.0000,3.0000,516,0
AOI.US,5,20131209,163500,3.0100,3.0100,3.0100,3.0100,200,0
AOI.US,5,20131209,164000,3.0100,3.0100,3.0100,3.0100,100,0
AOI.US,5,20131209,164500,3.0000,3.0000,3.0000,3.0000,4700,0
AOI.US,5,20131209,165500,3.0000,3.0000,2.9900,3.0000,491,0
AOI.US,5,20131209,170000,3.0000,3.0000,3.0000,3.0000,300,0
AOI.US,5,20131209,170500,2.9900,2.9900,2.9900,2.9900,100,0
AOI.US,5,20131209,171000,2.9900,2.9900,2.9900,2.9900,400,0
AOI.US,5,20131209,172000,3.0000,3.0000,3.0000,3.0000,400,0
AOI.US,5,20131209,172500,2.9900,2.9900,2.9900,2.9900,700,0
AOI.US,5,20131209,174000,2.9900,3.0000,2.9900,3.0000,600,0
AOI.US,5,20131209,175000,3.0000,3.0000,3.0000,3.0000,200,0
AOI.US,5,20131209,175500,2.9900,3.0000,2.9900,3.0000,1324,0
AOI.US,5,20131209,180000,3.0000,3.0000,3.0000,3.0000,400,0
AOI.US,5,20131209,180500,3.0000,3.0000,3.0000,3.0000,200,0
AOI.US,5,20131209,181500,2.9900,2.9900,2.9900,2.9900,300,0
AOI.US,5,20131209,182000,2.9900,2.9900,2.9900,2.9900,700,0
AOI.US,5,20131209,182500,2.9900,2.9900,2.9900,2.9900,200,0
AOI.US,5,20131209,183000,3.0000,3.0000,2.9800,2.9800,6627,0
AOI.US,5,20131209,184500,2.9800,2.9900,2.9800,2.9800,300,0
AOI.US,5,20131209,185000,2.9800,2.9900,2.9800,2.9900,200,0
AOI.US,5,20131209,185500,2.9800,2.9800,2.9800,2.9800,200,0
AOI.US,5,20131209,190000,2.9800,2.9900,2.9800,2.9900,800,0
AOI.US,5,20131209,191000,2.9800,2.9800,2.9800,2.9800,100,0
AOI.US,5,20131209,191500,2.9800,2.9900,2.9800,2.9900,600,0
AOI.US,5,20131209,192000,2.9800,2.9800,2.9800,2.9800,200,0
AOI.US,5,20131209,192500,2.9800,2.9900,2.9800,2.9900,500,0
AOI.US,5,20131209,193000,2.9800,2.9900,2.9800,2.9900,800,0
AOI.US,5,20131209,193500,2.9900,2.9900,2.9800,2.9800,800,0
AOI.US,5,20131209,194000,2.9800,2.9800,2.9800,2.9800,200,0
AOI.US,5,20131209,194500,2.9900,2.9900,2.9800,2.9900,1486,0
AOI.US,5,20131209,195000,2.9900,2.9900,2.9800,2.9900,400,0
AOI.US,5,20131209,195500,2.9900,2.9900,2.9800,2.9900,1978,0
AOI.US,5,20131209,200000,2.9800,2.9900,2.9800,2.9900,200,0
AOI.US,5,20131209,200500,2.9900,2.9900,2.9800,2.9900,900,0
AOI.US,5,20131209,201000,2.9800,2.9800,2.9800,2.9800,400,0
AOI.US,5,20131209,201500,2.9800,2.9900,2.9800,2.9900,500,0
AOI.US,5,20131209,202000,2.9900,2.9900,2.9800,2.9800,1900,0
AOI.US,5,20131209,202500,2.9800,2.9800,2.9800,2.9800,1700,0
AOI.US,5,20131209,203000,2.9800,2.9900,2.9800,2.9800,6621,0
AOI.US,5,20131209,203500,2.9800,2.9800,2.9800,2.9800,500,0
AOI.US,5,20131209,204000,2.9900,2.9900,2.9800,2.9900,300,0
AOI.US,5,20131209,204500,2.9800,2.9900,2.9700,2.9700,1600,0
AOI.US,5,20131209,205000,2.9700,2.9700,2.9700,2.9700,400,0
AOI.US,5,20131209,205500,2.9700,2.9700,2.9700,2.9700,300,0
AOI.US,5,20131209,210000,2.9700,2.9800,2.9700,2.9800,1372,0
AOI.US,5,20131209,210500,2.9700,2.9800,2.9700,2.9800,2235,0
AOI.US,5,20131209,211000,2.9800,2.9800,2.9700,2.9700,700,0
AOI.US,5,20131209,211500,2.9700,2.9700,2.9700,2.9700,3000,0
AOI.US,5,20131209,212000,2.9600,2.9600,2.9600,2.9600,1130,0
AOI.US,5,20131209,212500,2.9600,2.9600,2.9600,2.9600,200,0
AOI.US,5,20131209,213000,2.9600,2.9600,2.9600,2.9600,1300,0
AOI.US,5,20131209,213500,2.9700,2.9700,2.9600,2.9700,2800,0
AOI.US,5,20131209,214000,2.9600,2.9700,2.9600,2.9700,7000,0
AOI.US,5,20131209,214500,2.9700,2.9700,2.9600,2.9700,5607,0
AOI.US,5,20131209,215000,2.9700,2.9900,2.9600,2.9900,16287,0
AOI.US,5,20131209,215500,2.9800,3.0000,2.9800,2.9900,10135,0
AOI.US,5,20131209,220000,3.0000,3.0000,2.9900,3.0000,31196,0
AOI.US,5,20131209,220500,3.0000,3.0000,3.0000,3.0000,29677,0
