<TICKER>,<PER>,<DTYYYYMMDD>,<TIME>,<OPEN>,<HIGH>,<LOW>,<CLOSE>,<VOL>,<OPENINT>
BBN.US,5,20131112,153500,19.0200,19.0200,18.8800,18.8800,2500,0
BBN.US,5,20131112,154000,18.9100,18.9100,18.8500,18.8500,11536,0
BBN.US,5,20131112,154500,18.8500,18.8500,18.8100,18.8300,6663,0
BBN.US,5,20131112,155000,18.8100,18.8600,18.7800,18.8400,10430,0
BBN.US,5,20131112,155500,18.8300,18.8500,18.8000,18.8100,7810,0
BBN.US,5,20131112,160000,18.8000,18.8400,18.8000,18.8000,3506,0
BBN.US,5,20131112,160500,18.8100,18.8500,18.8100,18.8200,3129,0
BBN.US,5,20131112,161000,18.8200,18.8400,18.7900,18.8400,12007,0
BBN.US,5,20131112,161500,18.8200,18.8400,18.8100,18.8200,4493,0
BBN.US,5,20131112,162000,18.8200,18.8400,18.8200,18.8300,1445,0
BBN.US,5,20131112,162500,18.8200,18.8400,18.8100,18.8200,4019,0
BBN.US,5,20131112,163000,18.8200,18.8300,18.8100,18.8100,10475,0
BBN.US,5,20131112,163500,18.8300,18.8300,18.8300,18.8300,1200,0
BBN.US,5,20131112,164000,18.8400,18.8400,18.8100,18.8100,9458,0
BBN.US,5,20131112,164500,18.8200,18.8300,18.8100,18.8200,3820,0
BBN.US,5,20131112,165000,18.8100,18.8200,18.8000,18.8200,5037,0
BBN.US,5,20131112,165500,18.8200,18.8200,18.8200,18.8200,106,0
BBN.US,5,20131112,170000,18.8200,18.8200,18.7800,18.7800,5405,0
BBN.US,5,20131112,170500,18.7700,18.7900,18.7700,18.7900,2900,0
BBN.US,5,20131112,171000,18.8000,18.8000,18.7700,18.7700,6986,0
BBN.US,5,20131112,171500,18.7800,18.8000,18.7700,18.7800,2779,0
BBN.US,5,20131112,172000,18.7800,18.8100,18.7800,18.8000,1152,0
BBN.US,5,20131112,172500,18.7900,18.8100,18.7800,18.7900,1600,0
BBN.US,5,20131112,173000,18.7900,18.8100,18.7700,18.7800,3845,0
BBN.US,5,20131112,173500,18.7700,18.7900,18.7600,18.7900,3843,0
BBN.US,5,20131112,174000,18.7900,18.8000,18.7900,18.7900,2281,0
BBN.US,5,20131112,174500,18.7800,18.8000,18.7700,18.7800,10839,0
BBN.US,5,20131112,175000,18.7700,18.7700,18.7700,18.7700,250,0
BBN.US,5,20131112,175500,18.7700,18.7900,18.7700,18.7800,7332,0
BBN.US,5,20131112,180000,18.7900,18.7900,18.7700,18.7700,2500,0
BBN.US,5,20131112,180500,18.7800,18.7800,18.7700,18.7700,1450,0
BBN.US,5,20131112,181000,18.7900,18.7900,18.7800,18.7900,2600,0
BBN.US,5,20131112,181500,18.7700,18.8100,18.7700,18.8100,14444,0
BBN.US,5,20131112,182000,18.8000,18.8000,18.8000,18.8000,850,0
BBN.US,5,20131112,182500,18.8200,18.8200,18.8200,18.8200,1500,0
BBN.US,5,20131112,183000,18.8200,18.8200,18.8100,18.8100,1150,0
BBN.US,5,20131112,183500,18.8200,18.8200,18.8000,18.8100,3504,0
BBN.US,5,20131112,184000,18.7900,18.7900,18.7900,18.7900,1797,0
BBN.US,5,20131112,184500,18.7900,18.7900,18.7600,18.7600,3350,0
BBN.US,5,20131112,185000,18.7600,18.7600,18.7600,18.7600,600,0
BBN.US,5,20131112,185500,18.7700,18.7700,18.7600,18.7600,716,0
BBN.US,5,20131112,190000,18.7700,18.7700,18.7700,18.7700,750,0
BBN.US,5,20131112,190500,18.7900,18.7900,18.7700,18.7900,1587,0
BBN.US,5,20131112,191000,18.7700,18.7900,18.7700,18.7900,4600,0
BBN.US,5,20131112,191500,18.7700,18.7700,18.7700,18.7700,800,0
BBN.US,5,20131112,192000,18.7800,18.7900,18.7700,18.7900,1705,0
BBN.US,5,20131112,192500,18.7800,18.7800,18.7700,18.7700,1500,0
BBN.US,5,20131112,193000,18.7700,18.7700,18.7700,18.7700,711,0
BBN.US,5,20131112,193500,18.7800,18.8000,18.7800,18.8000,2509,0
BBN.US,5,20131112,194000,18.8000,18.8000,18.8000,18.8000,500,0
BBN.US,5,20131112,194500,18.7900,18.7900,18.7900,18.7900,200,0
BBN.US,5,20131112,195000,18.7900,18.7900,18.7800,18.7900,1369,0
BBN.US,5,20131112,195500,18.7900,18.7900,18.7600,18.7600,9225,0
BBN.US,5,20131112,200000,18.7800,18.7800,18.7700,18.7700,900,0
BBN.US,5,20131112,200500,18.7600,18.7800,18.7600,18.7800,1670,0
BBN.US,5,20131112,201000,18.7700,18.7900,18.7700,18.7800,2506,0
BBN.US,5,20131112,201500,18.7600,18.7600,18.7600,18.7600,300,0
BBN.US,5,20131112,202000,18.7800,18.7800,18.7500,18.7500,6235,0
BBN.US,5,20131112,202500,18.7600,18.7800,18.7500,18.7500,2371,0
BBN.US,5,20131112,203000,18.7700,18.7700,18.7700,18.7700,1250,0
BBN.US,5,20131112,203500,18.7700,18.7700,18.7500,18.7500,4546,0
BBN.US,5,20131112,204000,18.7500,18.7700,18.7500,18.7500,6619,0
BBN.US,5,20131112,204500,18.7800,18.7800,18.7500,18.7500,2155,0
BBN.US,5,20131112,205000,18.7600,18.7700,18.7600,18.7600,3308,0
BBN.US,5,20131112,205500,18.7600,18.7600,18.7400,18.7500,2113,0
BBN.US,5,20131112,210000,18.7600,18.7600,18.7300,18.7500,3267,0
BBN.US,5,20131112,210500,18.7500,18.7600,18.7400,18.7500,4592,0
BBN.US,5,20131112,211000,18.7500,18.7700,18.7400,18.7400,3937,0
BBN.US,5,20131112,211500,18.7500,18.7500,18.7400,18.7400,8560,0
BBN.US,5,20131112,212000,18.7500,18.7500,18.7000,18.7300,5211,0
BBN.US,5,20131112,212500,18.7300,18.7400,18.7300,18.7400,700,0
BBN.US,5,20131112,213000,18.7300,18.7300,18.7100,18.7200,7106,0
BBN.US,5,20131112,213500,18.7100,18.7300,18.7100,18.7100,3241,0
BBN.US,5,20131112,214000,18.7100,18.7100,18.7100,18.7100,300,0
BBN.US,5,20131112,214500,18.7200,18.7200,18.7000,18.7100,8177,0
BBN.US,5,20131112,215000,18.7100,18.7100,18.7000,18.7100,7966,0
BBN.US,5,20131112,215500,18.7000,18.7100,18.7000,18.7100,6250,0
BBN.US,5,20131112,220000,18.7100,18.7100,18.7000,18.7000,8804,0
BBN.US,5,20131113,153500,18.5900,18.5900,18.4800,18.5300,6502,0
BBN.US,5,20131113,154000,18.5100,18.5100,18.4600,18.4800,17971,0
BBN.US,5,20131113,154500,18.5300,18.5500,18.4900,18.4900,6530,0
BBN.US,5,20131113,155000,18.5100,18.5500,18.5100,18.5100,8500,0
BBN.US,5,20131113,155500,18.5200,18.5200,18.4800,18.5000,2960,0
BBN.US,5,20131113,160000,18.4800,18.5000,18.4800,18.5000,1000,0
BBN.US,5,20131113,160500,18.4900,18.4900,18.4900,18.4900,1000,0
BBN.US,5,20131113,161500,18.4900,18.5300,18.4900,18.5300,10940,0
BBN.US,5,20131113,162000,18.5100,18.5400,18.5100,18.5400,2600,0
BBN.US,5,20131113,162500,18.5200,18.5200,18.5200,18.5200,426,0
BBN.US,5,20131113,163000,18.5000,18.5400,18.5000,18.5200,1012,0
BBN.US,5,20131113,163500,18.5100,18.5300,18.5000,18.5000,2200,0
BBN.US,5,20131113,164000,18.5100,18.5300,18.5000,18.5300,3362,0
BBN.US,5,20131113,164500,18.5000,18.5200,18.5000,18.5200,2406,0
BBN.US,5,20131113,165000,18.5100,18.5300,18.5000,18.5100,2100,0
BBN.US,5,20131113,165500,18.5000,18.5000,18.4900,18.4900,3700,0
BBN.US,5,20131113,170000,18.5100,18.5300,18.4900,18.5100,4013,0
BBN.US,5,20131113,170500,18.5100,18.5300,18.5000,18.5100,9306,0
BBN.US,5,20131113,171000,18.5200,18.5300,18.5100,18.5300,1573,0
BBN.US,5,20131113,171500,18.5300,18.5300,18.5300,18.5300,4600,0
BBN.US,5,20131113,172000,18.5300,18.5400,18.5200,18.5400,1800,0
BBN.US,5,20131113,172500,18.5300,18.5300,18.5100,18.5300,2525,0
BBN.US,5,20131113,173000,18.5400,18.5400,18.5300,18.5300,2500,0
BBN.US,5,20131113,173500,18.5300,18.5400,18.5300,18.5400,700,0
BBN.US,5,20131113,174000,18.5300,18.5400,18.5100,18.5200,3167,0
BBN.US,5,20131113,174500,18.5200,18.5300,18.5000,18.5300,18054,0
BBN.US,5,20131113,175000,18.5300,18.5400,18.5200,18.5400,3100,0
BBN.US,5,20131113,175500,18.5300,18.5300,18.5200,18.5300,6221,0
BBN.US,5,20131113,180000,18.5200,18.5300,18.5100,18.5300,2446,0
BBN.US,5,20131113,180500,18.5300,18.5300,18.5300,18.5300,1975,0
BBN.US,5,20131113,181500,18.5400,18.5400,18.5200,18.5200,3350,0
BBN.US,5,20131113,182000,18.5400,18.5400,18.5300,18.5300,2876,0
BBN.US,5,20131113,182500,18.5300,18.5300,18.5200,18.5300,4601,0
BBN.US,5,20131113,183500,18.5300,18.5300,18.5300,18.5300,3100,0
BBN.US,5,20131113,184000,18.5400,18.5400,18.5400,18.5400,3618,0
BBN.US,5,20131113,184500,18.5400,18.5400,18.5400,18.5400,275,0
BBN.US,5,20131113,185500,18.5300,18.5400,18.5300,18.5300,2412,0
BBN.US,5,20131113,190000,18.5400,18.5400,18.5300,18.5300,4517,0
BBN.US,5,20131113,190500,18.5300,18.5300,18.5200,18.5200,531,0
BBN.US,5,20131113,191000,18.5400,18.5400,18.5400,18.5400,1400,0
BBN.US,5,20131113,191500,18.5400,18.5400,18.5200,18.5200,2177,0
BBN.US,5,20131113,192000,18.5300,18.5400,18.5200,18.5300,1315,0
BBN.US,5,20131113,192500,18.5300,18.5300,18.5300,18.5300,1700,0
BBN.US,5,20131113,193000,18.5400,18.5400,18.5200,18.5200,1450,0
BBN.US,5,20131113,193500,18.5400,18.5700,18.5400,18.5700,20868,0
BBN.US,5,20131113,194500,18.5500,18.5600,18.5500,18.5500,1469,0
BBN.US,5,20131113,195000,18.5600,18.5700,18.5600,18.5700,2500,0
BBN.US,5,20131113,195500,18.5700,18.5700,18.5600,18.5700,2208,0
BBN.US,5,20131113,200000,18.5700,18.5700,18.5600,18.5600,1350,0
BBN.US,5,20131113,200500,18.5600,18.5700,18.5200,18.5300,52109,0
BBN.US,5,20131113,201000,18.5300,18.5300,18.5200,18.5200,16143,0
BBN.US,5,20131113,201500,18.5300,18.5400,18.5200,18.5200,2000,0
BBN.US,5,20131113,202000,18.5200,18.5200,18.5100,18.5100,4534,0
BBN.US,5,20131113,202500,18.5000,18.5000,18.4600,18.4800,15778,0
BBN.US,5,20131113,203000,18.4800,18.4800,18.4700,18.4700,1160,0
BBN.US,5,20131113,203500,18.4900,18.5000,18.4800,18.5000,4027,0
BBN.US,5,20131113,204000,18.5000,18.5000,18.5000,18.5000,1400,0
BBN.US,5,20131113,204500,18.4900,18.4900,18.4700,18.4800,955,0
BBN.US,5,20131113,205000,18.5000,18.5000,18.4700,18.4700,3525,0
BBN.US,5,20131113,205500,18.4800,18.4800,18.4800,18.4800,1000,0
BBN.US,5,20131113,210000,18.4700,18.5000,18.4700,18.4900,8525,0
BBN.US,5,20131113,210500,18.4700,18.4700,18.4700,18.4700,600,0
BBN.US,5,20131113,211000,18.4700,18.4700,18.4600,18.4600,14118,0
BBN.US,5,20131113,211500,18.4600,18.4800,18.4200,18.4500,30450,0
BBN.US,5,20131113,212000,18.4500,18.4700,18.4200,18.4400,11195,0
BBN.US,5,20131113,212500,18.4500,18.4600,18.4500,18.4600,4205,0
BBN.US,5,20131113,213000,18.4500,18.4600,18.4500,18.4600,5062,0
BBN.US,5,20131113,213500,18.4500,18.4500,18.4200,18.4300,7763,0
BBN.US,5,20131113,214000,18.4200,18.4200,18.4200,18.4200,562,0
BBN.US,5,20131113,214500,18.4700,18.4700,18.4200,18.4200,10239,0
BBN.US,5,20131113,215000,18.4200,18.4200,18.4200,18.4200,700,0
BBN.US,5,20131113,215500,18.4200,18.4400,18.4100,18.4200,5553,0
BBN.US,5,20131113,220000,18.4200,18.4200,18.3800,18.3800,4592,0
BBN.US,5,20131113,220500,18.3800,18.3800,18.3800,18.3800,459,0
BBN.US,5,20131114,153500,18.4400,18.4500,18.4400,18.4500,400,0
BBN.US,5,20131114,154000,18.4400,18.4400,18.4100,18.4200,5815,0
BBN.US,5,20131114,154500,18.4200,18.4200,18.4200,18.4200,300,0
BBN.US,5,20131114,155000,18.4500,18.4500,18.4100,18.4100,2100,0
BBN.US,5,20131114,160000,18.4100,18.4200,18.4100,18.4200,660,0
BBN.US,5,20131114,160500,18.4400,18.4500,18.4400,18.4500,4700,0
BBN.US,5,20131114,161000,18.4500,18.4500,18.4100,18.4300,8096,0
BBN.US,5,20131114,161500,18.4300,18.4400,18.4300,18.4400,1100,0
BBN.US,5,20131114,162000,18.4300,18.4300,18.4300,18.4300,800,0
BBN.US,5,20131114,162500,18.4400,18.4500,18.4300,18.4300,1200,0
BBN.US,5,20131114,163000,18.4400,18.4400,18.4300,18.4400,1659,0
BBN.US,5,20131114,163500,18.4500,18.4500,18.4300,18.4300,1156,0
BBN.US,5,20131114,164000,18.4400,18.4500,18.4400,18.4500,1749,0
BBN.US,5,20131114,164500,18.4300,18.4500,18.4300,18.4500,1389,0
BBN.US,5,20131114,165000,18.4500,18.5200,18.4500,18.4700,15360,0
BBN.US,5,20131114,165500,18.5000,18.5100,18.4700,18.5100,4048,0
BBN.US,5,20131114,170000,18.5000,18.5200,18.5000,18.5000,3759,0
BBN.US,5,20131114,170500,18.5000,18.5000,18.4500,18.4700,10222,0
BBN.US,5,20131114,171000,18.4800,18.5000,18.4800,18.5000,1750,0
BBN.US,5,20131114,171500,18.5000,18.5000,18.4900,18.4900,3350,0
BBN.US,5,20131114,172000,18.4800,18.5000,18.4500,18.5000,17167,0
BBN.US,5,20131114,172500,18.4900,18.5000,18.4900,18.5000,4069,0
BBN.US,5,20131114,173000,18.4900,18.5300,18.4800,18.5300,6535,0
BBN.US,5,20131114,173500,18.5100,18.5200,18.5100,18.5200,1606,0
BBN.US,5,20131114,174000,18.5200,18.5500,18.5100,18.5500,3214,0
BBN.US,5,20131114,174500,18.5200,18.5400,18.4900,18.5100,9450,0
BBN.US,5,20131114,175000,18.5100,18.5300,18.5100,18.5300,1650,0
BBN.US,5,20131114,175500,18.5100,18.5300,18.5100,18.5300,3200,0
BBN.US,5,20131114,180000,18.5200,18.5200,18.5200,18.5200,1506,0
BBN.US,5,20131114,180500,18.5100,18.5200,18.5100,18.5200,2186,0
BBN.US,5,20131114,181000,18.5100,18.5200,18.5000,18.5200,1029,0
BBN.US,5,20131114,181500,18.5200,18.5200,18.5100,18.5100,2000,0
BBN.US,5,20131114,182000,18.5200,18.5200,18.4700,18.4900,5408,0
BBN.US,5,20131114,182500,18.5000,18.5000,18.4600,18.4700,3910,0
BBN.US,5,20131114,183000,18.4600,18.4700,18.4500,18.4500,4445,0
BBN.US,5,20131114,183500,18.4400,18.5000,18.4400,18.4600,2301,0
BBN.US,5,20131114,184000,18.4600,18.4600,18.4600,18.4600,325,0
BBN.US,5,20131114,184500,18.4800,18.4800,18.4800,18.4800,100,0
BBN.US,5,20131114,185000,18.4600,18.4900,18.4600,18.4900,260,0
BBN.US,5,20131114,185500,18.4600,18.4700,18.4600,18.4700,800,0
BBN.US,5,20131114,190000,18.4900,18.4900,18.4400,18.4400,1616,0
BBN.US,5,20131114,190500,18.4400,18.4400,18.4400,18.4400,1800,0
BBN.US,5,20131114,191000,18.4400,18.4400,18.4300,18.4300,1200,0
BBN.US,5,20131114,191500,18.4500,18.4500,18.4300,18.4400,1559,0
BBN.US,5,20131114,192000,18.4500,18.4500,18.4300,18.4500,3864,0
BBN.US,5,20131114,192500,18.4500,18.4700,18.4300,18.4700,3500,0
BBN.US,5,20131114,193000,18.4400,18.4400,18.4300,18.4300,600,0
BBN.US,5,20131114,193500,18.4300,18.4500,18.4300,18.4300,11105,0
BBN.US,5,20131114,194000,18.4300,18.4500,18.4300,18.4500,6700,0
BBN.US,5,20131114,194500,18.4400,18.4400,18.4400,18.4400,1500,0
BBN.US,5,20131114,195000,18.4300,18.4300,18.4300,18.4300,10444,0
BBN.US,5,20131114,195500,18.4300,18.4400,18.4200,18.4400,3900,0
BBN.US,5,20131114,200000,18.4300,18.4300,18.4300,18.4300,1183,0
BBN.US,5,20131114,200500,18.4400,18.4400,18.4300,18.4300,2311,0
BBN.US,5,20131114,201000,18.4200,18.4200,18.4200,18.4200,550,0
BBN.US,5,20131114,201500,18.4300,18.4400,18.4200,18.4400,2181,0
BBN.US,5,20131114,202000,18.4300,18.4300,18.4200,18.4300,7050,0
BBN.US,5,20131114,202500,18.4400,18.4400,18.4400,18.4400,200,0
BBN.US,5,20131114,203000,18.4300,18.4400,18.4300,18.4400,2850,0
BBN.US,5,20131114,203500,18.4300,18.4300,18.4200,18.4200,2705,0
BBN.US,5,20131114,204000,18.4300,18.4300,18.4300,18.4300,215,0
BBN.US,5,20131114,204500,18.4200,18.4300,18.4200,18.4300,1100,0
BBN.US,5,20131114,205000,18.4200,18.4300,18.4200,18.4200,912,0
BBN.US,5,20131114,205500,18.4400,18.4400,18.4300,18.4400,7500,0
BBN.US,5,20131114,210000,18.4400,18.4400,18.4200,18.4300,4787,0
BBN.US,5,20131114,210500,18.4400,18.4400,18.4300,18.4300,3000,0
BBN.US,5,20131114,211000,18.4400,18.4400,18.4200,18.4300,5223,0
BBN.US,5,20131114,211500,18.4300,18.4400,18.4200,18.4400,8403,0
BBN.US,5,20131114,212000,18.4200,18.4200,18.4200,18.4200,108,0
BBN.US,5,20131114,212500,18.4300,18.4300,18.4300,18.4300,150,0
BBN.US,5,20131114,213000,18.4200,18.4300,18.4200,18.4300,8026,0
BBN.US,5,20131114,213500,18.4300,18.4300,18.4300,18.4300,7300,0
BBN.US,5,20131114,214000,18.4200,18.4400,18.4200,18.4200,4300,0
BBN.US,5,20131114,214500,18.4300,18.4300,18.4200,18.4200,700,0
BBN.US,5,20131114,215000,18.4200,18.4400,18.4200,18.4400,5432,0
BBN.US,5,20131114,215500,18.4200,18.4300,18.4200,18.4300,2639,0
BBN.US,5,20131114,220000,18.4300,18.4400,18.4300,18.4400,4545,0
BBN.US,5,20131114,220500,18.4500,18.4500,18.4500,18.4500,459,0
BBN.US,5,20131115,153500,18.4700,18.4700,18.4400,18.4400,1600,0
BBN.US,5,20131115,154000,18.4600,18.4700,18.4600,18.4600,2000,0
BBN.US,5,20131115,154500,18.4600,18.4600,18.4400,18.4500,4467,0
BBN.US,5,20131115,155000,18.4600,18.4600,18.4600,18.4600,300,0
BBN.US,5,20131115,155500,18.4800,18.4900,18.4800,18.4900,2935,0
BBN.US,5,20131115,160000,18.4900,18.4900,18.4700,18.4700,2700,0
BBN.US,5,20131115,160500,18.4900,18.4900,18.4900,18.4900,1100,0
BBN.US,5,20131115,161000,18.4700,18.4900,18.4700,18.4800,750,0
BBN.US,5,20131115,161500,18.4900,18.4900,18.4900,18.4900,150,0
BBN.US,5,20131115,162000,18.4800,18.4900,18.4700,18.4700,4779,0
BBN.US,5,20131115,162500,18.4800,18.4800,18.4800,18.4800,200,0
BBN.US,5,20131115,163000,18.4700,18.4900,18.4700,18.4800,6853,0
BBN.US,5,20131115,163500,18.4700,18.4900,18.4700,18.4900,1500,0
BBN.US,5,20131115,164000,18.4800,18.4800,18.4700,18.4700,1440,0
BBN.US,5,20131115,164500,18.4700,18.4900,18.4700,18.4900,700,0
BBN.US,5,20131115,165000,18.4700,18.4900,18.4700,18.4700,1315,0
BBN.US,5,20131115,165500,18.4900,18.5000,18.4700,18.5000,6992,0
BBN.US,5,20131115,170500,18.5000,18.5000,18.4700,18.4700,6441,0
BBN.US,5,20131115,171000,18.4700,18.4900,18.4700,18.4800,1205,0
BBN.US,5,20131115,171500,18.4800,18.4800,18.4800,18.4800,2264,0
BBN.US,5,20131115,172000,18.4800,18.4900,18.4300,18.4600,14746,0
BBN.US,5,20131115,172500,18.4600,18.4600,18.4400,18.4400,10100,0
BBN.US,5,20131115,173000,18.4400,18.4500,18.4300,18.4300,2841,0
BBN.US,5,20131115,173500,18.4400,18.4600,18.4300,18.4300,12207,0
BBN.US,5,20131115,174000,18.4300,18.4400,18.4300,18.4300,3756,0
BBN.US,5,20131115,174500,18.4400,18.4500,18.4300,18.4500,4325,0
BBN.US,5,20131115,175000,18.4300,18.4400,18.4100,18.4100,2644,0
BBN.US,5,20131115,175500,18.4100,18.4300,18.4100,18.4300,14601,0
BBN.US,5,20131115,180000,18.4300,18.4300,18.4100,18.4200,2600,0
BBN.US,5,20131115,180500,18.4100,18.4200,18.4100,18.4200,6642,0
BBN.US,5,20131115,181000,18.4200,18.4300,18.4200,18.4200,2093,0
BBN.US,5,20131115,181500,18.4200,18.4300,18.4100,18.4300,4319,0
BBN.US,5,20131115,182000,18.4100,18.4300,18.4100,18.4300,1425,0
BBN.US,5,20131115,182500,18.4200,18.4300,18.4200,18.4200,1537,0
BBN.US,5,20131115,183000,18.4200,18.4200,18.4100,18.4100,9100,0
BBN.US,5,20131115,183500,18.4100,18.4100,18.4100,18.4100,300,0
BBN.US,5,20131115,184000,18.4100,18.4200,18.4100,18.4200,2610,0
BBN.US,5,20131115,184500,18.4200,18.4200,18.4100,18.4100,16340,0
BBN.US,5,20131115,185000,18.4100,18.4300,18.4100,18.4300,1780,0
BBN.US,5,20131115,185500,18.4300,18.4300,18.4200,18.4200,1000,0
BBN.US,5,20131115,190000,18.4200,18.4500,18.4000,18.4200,17200,0
BBN.US,5,20131115,190500,18.4100,18.4100,18.4100,18.4100,814,0
BBN.US,5,20131115,191000,18.4200,18.4200,18.4200,18.4200,117,0
BBN.US,5,20131115,191500,18.4500,18.4500,18.4300,18.4400,2331,0
BBN.US,5,20131115,192000,18.4300,18.4300,18.4300,18.4300,500,0
BBN.US,5,20131115,192500,18.4300,18.4400,18.4100,18.4300,3353,0
BBN.US,5,20131115,193000,18.4300,18.4300,18.4200,18.4200,1158,0
BBN.US,5,20131115,193500,18.4300,18.4400,18.4200,18.4200,2932,0
BBN.US,5,20131115,194000,18.4200,18.4300,18.4100,18.4200,3000,0
BBN.US,5,20131115,194500,18.4100,18.4400,18.4100,18.4400,5685,0
BBN.US,5,20131115,195000,18.4400,18.4400,18.4400,18.4400,200,0
BBN.US,5,20131115,195500,18.4200,18.4400,18.4200,18.4400,1608,0
BBN.US,5,20131115,200000,18.4400,18.4400,18.4300,18.4400,2100,0
BBN.US,5,20131115,200500,18.4400,18.4400,18.4100,18.4200,5240,0
BBN.US,5,20131115,201500,18.4300,18.4300,18.4300,18.4300,1105,0
BBN.US,5,20131115,202000,18.4100,18.4200,18.4100,18.4200,4614,0
BBN.US,5,20131115,202500,18.4100,18.4200,18.4100,18.4100,3286,0
BBN.US,5,20131115,203000,18.4200,18.4200,18.4200,18.4200,370,0
BBN.US,5,20131115,203500,18.4100,18.4100,18.4100,18.4100,3038,0
BBN.US,5,20131115,204000,18.4100,18.4200,18.4100,18.4100,4718,0
BBN.US,5,20131115,204500,18.4100,18.4200,18.4000,18.4000,8107,0
BBN.US,5,20131115,205000,18.4100,18.4200,18.4100,18.4200,4500,0
BBN.US,5,20131115,205500,18.4100,18.4200,18.4100,18.4100,2726,0
BBN.US,5,20131115,210000,18.4000,18.4000,18.4000,18.4000,600,0
BBN.US,5,20131115,211000,18.4000,18.4000,18.3900,18.3900,7699,0
BBN.US,5,20131115,211500,18.4100,18.4100,18.4100,18.4100,1000,0
BBN.US,5,20131115,212000,18.4100,18.4100,18.4100,18.4100,1000,0
BBN.US,5,20131115,212500,18.4100,18.4100,18.4000,18.4000,7295,0
BBN.US,5,20131115,213000,18.4000,18.4200,18.4000,18.4200,3600,0
BBN.US,5,20131115,213500,18.4200,18.4200,18.4100,18.4100,802,0
BBN.US,5,20131115,214000,18.3900,18.4000,18.3900,18.4000,2049,0
BBN.US,5,20131115,214500,18.4000,18.4000,18.3800,18.4000,6463,0
BBN.US,5,20131115,215000,18.4000,18.4000,18.3600,18.3800,15411,0
BBN.US,5,20131115,215500,18.3900,18.4000,18.3900,18.4000,6815,0
BBN.US,5,20131115,220000,18.3900,18.4000,18.3900,18.4000,6747,0
BBN.US,5,20131115,221000,18.3900,18.3900,18.3900,18.3900,217,0
BBN.US,5,20131118,153500,18.4400,18.4800,18.4400,18.4400,4102,0
BBN.US,5,20131118,154000,18.4600,18.4600,18.4600,18.4600,909,0
BBN.US,5,20131118,154500,18.4600,18.4700,18.4600,18.4700,2100,0
BBN.US,5,20131118,155000,18.4500,18.4700,18.4300,18.4300,3908,0
BBN.US,5,20131118,155500,18.4600,18.4600,18.4400,18.4600,3400,0
BBN.US,5,20131118,160000,18.4400,18.4400,18.4400,18.4400,200,0
BBN.US,5,20131118,160500,18.4600,18.4600,18.4400,18.4400,2065,0
BBN.US,5,20131118,161000,18.4400,18.4400,18.4300,18.4300,544,0
BBN.US,5,20131118,161500,18.4500,18.4500,18.4300,18.4300,1353,0
BBN.US,5,20131118,162500,18.4300,18.4300,18.4300,18.4300,1000,0
BBN.US,5,20131118,163500,18.4400,18.4400,18.4400,18.4400,1100,0
BBN.US,5,20131118,164000,18.4500,18.4500,18.4500,18.4500,800,0
BBN.US,5,20131118,164500,18.4500,18.4600,18.4400,18.4500,5088,0
BBN.US,5,20131118,165000,18.4500,18.4600,18.4500,18.4600,2180,0
BBN.US,5,20131118,165500,18.4600,18.4600,18.4600,18.4600,200,0
BBN.US,5,20131118,170000,18.4500,18.5000,18.4500,18.5000,10215,0
BBN.US,5,20131118,170500,18.5000,18.5000,18.4800,18.5000,2638,0
BBN.US,5,20131118,171000,18.4800,18.4800,18.4800,18.4800,1250,0
BBN.US,5,20131118,171500,18.4800,18.4800,18.4800,18.4800,825,0
BBN.US,5,20131118,172000,18.4900,18.5000,18.4700,18.4900,6950,0
BBN.US,5,20131118,172500,18.4900,18.5000,18.4900,18.4900,3904,0
BBN.US,5,20131118,173000,18.5000,18.5600,18.5000,18.5500,13766,0
BBN.US,5,20131118,173500,18.5600,18.5600,18.5600,18.5600,100,0
BBN.US,5,20131118,174000,18.5500,18.5500,18.5300,18.5500,907,0
BBN.US,5,20131118,174500,18.5500,18.5500,18.5500,18.5500,200,0
BBN.US,5,20131118,175000,18.5400,18.5400,18.5100,18.5300,5325,0
BBN.US,5,20131118,175500,18.5100,18.5200,18.5100,18.5200,3035,0
BBN.US,5,20131118,180000,18.5100,18.5100,18.5000,18.5000,6200,0
BBN.US,5,20131118,180500,18.5100,18.5300,18.5100,18.5300,2808,0
BBN.US,5,20131118,181000,18.5000,18.5300,18.5000,18.5100,1939,0
BBN.US,5,20131118,181500,18.5100,18.5300,18.5100,18.5300,5568,0
BBN.US,5,20131118,182000,18.5100,18.5300,18.5100,18.5300,730,0
BBN.US,5,20131118,183000,18.5100,18.5300,18.5100,18.5100,1275,0
BBN.US,5,20131118,183500,18.5000,18.5200,18.4800,18.4800,4200,0
BBN.US,5,20131118,184000,18.4800,18.4800,18.4700,18.4700,10195,0
BBN.US,5,20131118,184500,18.4700,18.4800,18.4400,18.4400,11694,0
BBN.US,5,20131118,185000,18.4400,18.4400,18.4300,18.4300,8000,0
BBN.US,5,20131118,185500,18.4200,18.4200,18.4000,18.4100,7988,0
BBN.US,5,20131118,190000,18.4100,18.4200,18.4100,18.4100,2505,0
BBN.US,5,20131118,190500,18.4200,18.4300,18.4200,18.4200,2084,0
BBN.US,5,20131118,191000,18.4300,18.4300,18.4300,18.4300,2000,0
BBN.US,5,20131118,191500,18.4300,18.4300,18.4200,18.4200,1724,0
BBN.US,5,20131118,192000,18.4200,18.4200,18.4200,18.4200,700,0
BBN.US,5,20131118,192500,18.4200,18.4400,18.4200,18.4400,1840,0
BBN.US,5,20131118,193000,18.4400,18.4400,18.4300,18.4300,2600,0
BBN.US,5,20131118,193500,18.4400,18.4400,18.4300,18.4300,900,0
BBN.US,5,20131118,194000,18.4400,18.4400,18.4400,18.4400,1670,0
BBN.US,5,20131118,195000,18.4500,18.4500,18.4300,18.4300,4955,0
BBN.US,5,20131118,195500,18.4300,18.4300,18.4100,18.4200,2578,0
BBN.US,5,20131118,200000,18.4200,18.4200,18.4000,18.4000,9753,0
BBN.US,5,20131118,200500,18.4200,18.4200,18.4200,18.4200,500,0
BBN.US,5,20131118,201000,18.4300,18.4300,18.4100,18.4100,1285,0
BBN.US,5,20131118,201500,18.4300,18.4300,18.4100,18.4300,3953,0
BBN.US,5,20131118,202000,18.4200,18.4300,18.4200,18.4300,1418,0
BBN.US,5,20131118,202500,18.4200,18.4200,18.4200,18.4200,2000,0
BBN.US,5,20131118,203000,18.4400,18.4400,18.4400,18.4400,2000,0
BBN.US,5,20131118,203500,18.4200,18.4200,18.4200,18.4200,4650,0
BBN.US,5,20131118,204000,18.4100,18.4300,18.4100,18.4100,6844,0
BBN.US,5,20131118,204500,18.4100,18.4100,18.4000,18.4100,2181,0
BBN.US,5,20131118,205000,18.4100,18.4200,18.4000,18.4100,7155,0
BBN.US,5,20131118,205500,18.4000,18.4200,18.4000,18.4200,722,0
BBN.US,5,20131118,210000,18.4000,18.4200,18.4000,18.4200,4391,0
BBN.US,5,20131118,210500,18.4000,18.4100,18.4000,18.4100,3825,0
BBN.US,5,20131118,211000,18.4000,18.4000,18.4000,18.4000,5410,0
BBN.US,5,20131118,211500,18.4100,18.4100,18.4000,18.4100,3655,0
BBN.US,5,20131118,212000,18.4100,18.4100,18.3900,18.4100,7422,0
BBN.US,5,20131118,212500,18.4100,18.4100,18.4000,18.4100,2475,0
BBN.US,5,20131118,213000,18.4200,18.4200,18.4000,18.4200,4437,0
BBN.US,5,20131118,213500,18.4100,18.4200,18.4100,18.4200,4352,0
BBN.US,5,20131118,214000,18.4100,18.4200,18.4100,18.4100,3160,0
BBN.US,5,20131118,214500,18.4100,18.4200,18.4100,18.4100,10600,0
BBN.US,5,20131118,215000,18.4200,18.4400,18.4100,18.4100,7345,0
BBN.US,5,20131118,215500,18.4200,18.4200,18.4200,18.4200,717,0
BBN.US,5,20131118,220000,18.4100,18.4100,18.4100,18.4100,4884,0
BBN.US,5,20131119,153500,18.4200,18.4200,18.3800,18.3800,2921,0
BBN.US,5,20131119,154000,18.3900,18.4000,18.3800,18.3900,6299,0
BBN.US,5,20131119,154500,18.3900,18.3900,18.3500,18.3500,5450,0
BBN.US,5,20131119,155000,18.3600,18.4000,18.3600,18.3700,5050,0
BBN.US,5,20131119,155500,18.3700,18.4000,18.3700,18.3800,2800,0
BBN.US,5,20131119,160000,18.3900,18.4000,18.3700,18.3800,10020,0
BBN.US,5,20131119,160500,18.3800,18.3800,18.3800,18.3800,400,0
BBN.US,5,20131119,161000,18.3700,18.3900,18.3700,18.3800,2406,0
BBN.US,5,20131119,161500,18.4000,18.4100,18.4000,18.4100,1318,0
BBN.US,5,20131119,162000,18.4100,18.4100,18.3900,18.3900,9390,0
BBN.US,5,20131119,162500,18.4000,18.4000,18.3900,18.3900,5378,0
BBN.US,5,20131119,163000,18.4000,18.4000,18.3900,18.4000,3099,0
BBN.US,5,20131119,163500,18.3900,18.4000,18.3900,18.3900,6884,0
BBN.US,5,20131119,164000,18.3900,18.3900,18.3900,18.3900,1345,0
BBN.US,5,20131119,164500,18.4000,18.4000,18.3900,18.4000,1539,0
BBN.US,5,20131119,165000,18.4000,18.4000,18.3900,18.3900,1925,0
BBN.US,5,20131119,165500,18.3900,18.3900,18.3800,18.3900,5887,0
BBN.US,5,20131119,170000,18.3800,18.3900,18.3800,18.3900,1003,0
BBN.US,5,20131119,170500,18.3900,18.3900,18.3800,18.3800,2675,0
BBN.US,5,20131119,171000,18.3800,18.4000,18.3800,18.4000,4940,0
BBN.US,5,20131119,171500,18.3800,18.4000,18.3800,18.4000,5608,0
BBN.US,5,20131119,172000,18.3900,18.3900,18.3800,18.3900,3000,0
BBN.US,5,20131119,172500,18.3900,18.3900,18.3900,18.3900,1450,0
BBN.US,5,20131119,173000,18.3800,18.3900,18.3800,18.3900,3679,0
BBN.US,5,20131119,173500,18.3800,18.3900,18.3800,18.3800,6077,0
BBN.US,5,20131119,174000,18.3900,18.3900,18.3800,18.3900,1400,0
BBN.US,5,20131119,174500,18.3800,18.3900,18.3800,18.3900,1360,0
BBN.US,5,20131119,175000,18.3800,18.3900,18.3800,18.3900,5600,0
BBN.US,5,20131119,175500,18.3800,18.3900,18.3800,18.3900,600,0
BBN.US,5,20131119,180000,18.3900,18.3900,18.3800,18.3900,2802,0
BBN.US,5,20131119,180500,18.3900,18.3900,18.3800,18.3900,3760,0
BBN.US,5,20131119,181000,18.3900,18.3900,18.3800,18.3800,12838,0
BBN.US,5,20131119,181500,18.3800,18.3900,18.3800,18.3900,1319,0
BBN.US,5,20131119,182000,18.3900,18.3900,18.3900,18.3900,3075,0
BBN.US,5,20131119,182500,18.3800,18.3800,18.3800,18.3800,2209,0
BBN.US,5,20131119,183000,18.3800,18.3800,18.3800,18.3800,1003,0
BBN.US,5,20131119,183500,18.3800,18.3800,18.3800,18.3800,4100,0
BBN.US,5,20131119,184500,18.3800,18.3900,18.3800,18.3900,1260,0
BBN.US,5,20131119,185000,18.3900,18.3900,18.3800,18.3800,2000,0
BBN.US,5,20131119,185500,18.3900,18.4200,18.3800,18.4200,8607,0
BBN.US,5,20131119,190000,18.4200,18.4400,18.4200,18.4400,1989,0
BBN.US,5,20131119,190500,18.4300,18.4400,18.4300,18.4300,1785,0
BBN.US,5,20131119,191000,18.4400,18.4400,18.4400,18.4400,2000,0
BBN.US,5,20131119,191500,18.4300,18.4300,18.4300,18.4300,1800,0
BBN.US,5,20131119,192000,18.4300,18.4400,18.4300,18.4300,2110,0
BBN.US,5,20131119,192500,18.4400,18.4400,18.4300,18.4300,5800,0
BBN.US,5,20131119,193000,18.4300,18.4300,18.4100,18.4100,14314,0
BBN.US,5,20131119,193500,18.4100,18.4200,18.4100,18.4200,1700,0
BBN.US,5,20131119,194000,18.4100,18.4100,18.4100,18.4100,1626,0
BBN.US,5,20131119,195000,18.4300,18.4300,18.4100,18.4200,7375,0
BBN.US,5,20131119,195500,18.4100,18.4200,18.4100,18.4100,4769,0
BBN.US,5,20131119,200000,18.4100,18.4200,18.4100,18.4100,4874,0
BBN.US,5,20131119,200500,18.4200,18.4300,18.4100,18.4100,3475,0
BBN.US,5,20131119,201000,18.4100,18.4400,18.4100,18.4400,2950,0
BBN.US,5,20131119,201500,18.4300,18.4300,18.4300,18.4300,3200,0
BBN.US,5,20131119,202000,18.4400,18.4500,18.4300,18.4300,2700,0
BBN.US,5,20131119,202500,18.4500,18.4500,18.4300,18.4300,1200,0
BBN.US,5,20131119,203000,18.4300,18.4300,18.4300,18.4300,3564,0
BBN.US,5,20131119,203500,18.4300,18.4400,18.4300,18.4300,500,0
BBN.US,5,20131119,204000,18.4300,18.4400,18.4300,18.4400,3200,0
BBN.US,5,20131119,204500,18.4400,18.4500,18.4300,18.4500,2500,0
BBN.US,5,20131119,205000,18.4500,18.4500,18.4000,18.4000,17080,0
BBN.US,5,20131119,205500,18.4000,18.4200,18.4000,18.4200,5338,0
BBN.US,5,20131119,210000,18.4200,18.4400,18.4000,18.4400,8828,0
BBN.US,5,20131119,210500,18.4400,18.4500,18.4300,18.4500,4500,0
BBN.US,5,20131119,211000,18.4500,18.4800,18.4400,18.4700,3900,0
BBN.US,5,20131119,211500,18.4700,18.4900,18.4500,18.4900,4200,0
BBN.US,5,20131119,212000,18.4900,18.5000,18.4800,18.4900,4900,0
BBN.US,5,20131119,212500,18.4900,18.5000,18.4600,18.4800,9700,0
BBN.US,5,20131119,213000,18.4900,18.5000,18.4700,18.5000,3935,0
BBN.US,5,20131119,213500,18.5000,18.5200,18.4900,18.5100,5924,0
BBN.US,5,20131119,214000,18.5300,18.5300,18.5000,18.5200,17233,0
BBN.US,5,20131119,214500,18.5300,18.5700,18.5100,18.5700,5730,0
BBN.US,5,20131119,215000,18.5500,18.5700,18.5100,18.5600,10952,0
BBN.US,5,20131119,215500,18.5600,18.5700,18.5200,18.5500,11100,0
BBN.US,5,20131119,220000,18.5300,18.5700,18.5200,18.5600,9788,0
BBN.US,5,20131120,154000,18.5300,18.5300,18.5300,18.5300,100,0
BBN.US,5,20131120,154500,18.5100,18.5200,18.4900,18.4900,640,0
BBN.US,5,20131120,155000,18.4900,18.4900,18.4800,18.4900,600,0
BBN.US,5,20131120,155500,18.4800,18.4800,18.4700,18.4800,2740,0
BBN.US,5,20131120,160000,18.4700,18.4700,18.4300,18.4400,8408,0
BBN.US,5,20131120,160500,18.4400,18.4700,18.4400,18.4700,2367,0
BBN.US,5,20131120,161000,18.4700,18.4700,18.4500,18.4500,1370,0
BBN.US,5,20131120,161500,18.4700,18.4900,18.4600,18.4900,3028,0
BBN.US,5,20131120,162000,18.4800,18.5100,18.4600,18.5100,4868,0
BBN.US,5,20131120,162500,18.5100,18.5100,18.4800,18.5000,2801,0
BBN.US,5,20131120,163000,18.5000,18.5000,18.4700,18.5000,4250,0
BBN.US,5,20131120,163500,18.4900,18.5000,18.4800,18.5000,2390,0
BBN.US,5,20131120,164000,18.5000,18.5100,18.5000,18.5000,893,0
BBN.US,5,20131120,164500,18.5000,18.5100,18.4900,18.5100,6838,0
BBN.US,5,20131120,165000,18.5200,18.5200,18.5000,18.5200,1075,0
BBN.US,5,20131120,165500,18.5200,18.5200,18.4900,18.4900,3288,0
BBN.US,5,20131120,170000,18.4900,18.4900,18.4900,18.4900,420,0
BBN.US,5,20131120,170500,18.4900,18.5100,18.4900,18.5100,760,0
BBN.US,5,20131120,171000,18.5000,18.5100,18.5000,18.5100,5300,0
BBN.US,5,20131120,171500,18.5100,18.5200,18.5000,18.5200,2204,0
BBN.US,5,20131120,172000,18.5200,18.5200,18.5100,18.5100,1181,0
BBN.US,5,20131120,172500,18.5000,18.5100,18.4900,18.5100,3782,0
BBN.US,5,20131120,173000,18.5100,18.5100,18.4900,18.4900,1250,0
BBN.US,5,20131120,173500,18.4900,18.5000,18.4900,18.5000,21921,0
BBN.US,5,20131120,174000,18.4800,18.4800,18.4800,18.4800,916,0
BBN.US,5,20131120,174500,18.4800,18.4900,18.4800,18.4900,4701,0
BBN.US,5,20131120,175000,18.4900,18.5000,18.4900,18.5000,15590,0
BBN.US,5,20131120,175500,18.5000,18.5000,18.4900,18.4900,6405,0
BBN.US,5,20131120,180000,18.5000,18.5000,18.4900,18.4900,4734,0
BBN.US,5,20131120,180500,18.4900,18.4900,18.4900,18.4900,1960,0
BBN.US,5,20131120,181000,18.5000,18.5000,18.4900,18.4900,3335,0
BBN.US,5,20131120,181500,18.4900,18.5000,18.4900,18.4900,2363,0
BBN.US,5,20131120,182000,18.4900,18.5000,18.4900,18.5000,200,0
BBN.US,5,20131120,182500,18.4900,18.4900,18.4600,18.4600,7624,0
BBN.US,5,20131120,183000,18.4800,18.4900,18.4700,18.4900,1300,0
BBN.US,5,20131120,183500,18.4900,18.4900,18.4800,18.4800,1876,0
BBN.US,5,20131120,184000,18.4900,18.5000,18.4900,18.5000,1600,0
BBN.US,5,20131120,185000,18.4800,18.5000,18.4800,18.5000,5864,0
BBN.US,5,20131120,185500,18.4900,18.4900,18.4900,18.4900,1235,0
BBN.US,5,20131120,190000,18.4900,18.4900,18.4800,18.4800,11300,0
BBN.US,5,20131120,190500,18.4800,18.4900,18.4600,18.4600,2449,0
BBN.US,5,20131120,191000,18.4800,18.4800,18.4800,18.4800,975,0
BBN.US,5,20131120,191500,18.4600,18.4900,18.4600,18.4900,4972,0
BBN.US,5,20131120,192000,18.4900,18.4900,18.4800,18.4800,2450,0
BBN.US,5,20131120,192500,18.4800,18.4800,18.4800,18.4800,100,0
BBN.US,5,20131120,193000,18.4700,18.4700,18.4700,18.4700,3221,0
BBN.US,5,20131120,193500,18.4900,18.5000,18.4900,18.5000,975,0
BBN.US,5,20131120,194000,18.4900,18.5100,18.4900,18.5100,3420,0
BBN.US,5,20131120,194500,18.4900,18.5000,18.4600,18.4800,14309,0
BBN.US,5,20131120,195000,18.4800,18.4900,18.4700,18.4800,2250,0
BBN.US,5,20131120,195500,18.4800,18.5000,18.4800,18.4900,3900,0
BBN.US,5,20131120,200000,18.4800,18.5000,18.4800,18.4900,2900,0
BBN.US,5,20131120,200500,18.4800,18.4900,18.4700,18.4800,3075,0
BBN.US,5,20131120,201000,18.4700,18.4800,18.4700,18.4800,8260,0
BBN.US,5,20131120,201500,18.4600,18.4700,18.4400,18.4600,8920,0
BBN.US,5,20131120,202000,18.4400,18.4600,18.4400,18.4600,2200,0
BBN.US,5,20131120,202500,18.4600,18.4600,18.4600,18.4600,180,0
BBN.US,5,20131120,203000,18.4500,18.4500,18.4000,18.4100,12893,0
BBN.US,5,20131120,203500,18.4100,18.4200,18.4100,18.4200,2800,0
BBN.US,5,20131120,204000,18.4200,18.4200,18.4000,18.4000,6958,0
BBN.US,5,20131120,204500,18.4000,18.4100,18.4000,18.4000,11652,0
BBN.US,5,20131120,205000,18.4100,18.4100,18.4000,18.4000,702,0
BBN.US,5,20131120,205500,18.4100,18.4200,18.4000,18.4000,3300,0
BBN.US,5,20131120,210000,18.4100,18.4100,18.4000,18.4100,800,0
BBN.US,5,20131120,210500,18.4100,18.4100,18.4000,18.4100,1915,0
BBN.US,5,20131120,211000,18.4000,18.4100,18.3800,18.3800,12567,0
BBN.US,5,20131120,211500,18.3800,18.3800,18.3300,18.3300,17601,0
BBN.US,5,20131120,212000,18.3300,18.3400,18.3000,18.3000,14225,0
BBN.US,5,20131120,212500,18.3100,18.3100,18.2700,18.2800,9819,0
BBN.US,5,20131120,213000,18.2800,18.3600,18.2800,18.3200,15541,0
BBN.US,5,20131120,213500,18.3100,18.3100,18.2700,18.2900,3442,0
BBN.US,5,20131120,214000,18.2700,18.3000,18.2700,18.2700,4513,0
BBN.US,5,20131120,214500,18.2800,18.2900,18.2700,18.2800,2313,0
BBN.US,5,20131120,215000,18.2800,18.3000,18.2700,18.2800,3647,0
BBN.US,5,20131120,215500,18.2800,18.2900,18.2700,18.2900,4100,0
BBN.US,5,20131120,220000,18.3000,18.4600,18.3000,18.4200,46899,0
BBN.US,5,20131120,221000,18.4000,18.4000,18.4000,18.4000,400,0
BBN.US,5,20131121,153500,18.3300,18.3300,18.2800,18.2900,5200,0
BBN.US,5,20131121,154000,18.2900,18.3000,18.2800,18.2900,4580,0
BBN.US,5,20131121,154500,18.2900,18.3300,18.2800,18.3200,10522,0
BBN.US,5,20131121,155000,18.3200,18.3200,18.2500,18.2500,16141,0
BBN.US,5,20131121,155500,18.2600,18.2700,18.2500,18.2700,10431,0
BBN.US,5,20131121,160000,18.2700,18.2900,18.2500,18.2900,1357,0
BBN.US,5,20131121,160500,18.2800,18.2900,18.2100,18.2100,21251,0
BBN.US,5,20131121,161000,18.2400,18.2700,18.2300,18.2700,5798,0
BBN.US,5,20131121,161500,18.2800,18.2800,18.2500,18.2500,3000,0
BBN.US,5,20131121,162000,18.2500,18.2500,18.2500,18.2500,300,0
BBN.US,5,20131121,162500,18.2500,18.2700,18.2500,18.2700,1650,0
BBN.US,5,20131121,163000,18.2700,18.2700,18.2500,18.2500,5912,0
BBN.US,5,20131121,163500,18.2700,18.2700,18.2500,18.2600,3561,0
BBN.US,5,20131121,164000,18.2700,18.2700,18.2500,18.2500,6284,0
BBN.US,5,20131121,164500,18.2600,18.2700,18.2500,18.2700,10230,0
BBN.US,5,20131121,165000,18.2500,18.2500,18.2500,18.2500,200,0
BBN.US,5,20131121,165500,18.2500,18.2500,18.2500,18.2500,1850,0
BBN.US,5,20131121,170000,18.2500,18.2600,18.2500,18.2600,7595,0
BBN.US,5,20131121,170500,18.2700,18.2700,18.2500,18.2700,15835,0
BBN.US,5,20131121,171000,18.2700,18.2700,18.2500,18.2500,8643,0
BBN.US,5,20131121,171500,18.2700,18.2700,18.2500,18.2700,3593,0
BBN.US,5,20131121,172000,18.2700,18.2700,18.2500,18.2500,5200,0
BBN.US,5,20131121,172500,18.2600,18.2800,18.2600,18.2800,8356,0
BBN.US,5,20131121,173000,18.2700,18.2800,18.2600,18.2800,5520,0
BBN.US,5,20131121,173500,18.2800,18.2800,18.2600,18.2800,10449,0
BBN.US,5,20131121,174000,18.2700,18.3000,18.2700,18.2800,8099,0
BBN.US,5,20131121,174500,18.2900,18.2900,18.2700,18.2900,5125,0
BBN.US,5,20131121,175000,18.2900,18.2900,18.2700,18.2700,660,0
BBN.US,5,20131121,175500,18.2700,18.2700,18.2600,18.2600,6021,0
BBN.US,5,20131121,180000,18.2600,18.2700,18.2600,18.2600,4610,0
BBN.US,5,20131121,180500,18.2500,18.2600,18.2500,18.2500,2700,0
BBN.US,5,20131121,181000,18.2500,18.2500,18.2500,18.2500,9415,0
BBN.US,5,20131121,181500,18.2500,18.2600,18.2400,18.2400,9151,0
BBN.US,5,20131121,182000,18.2500,18.2500,18.2300,18.2300,3220,0
BBN.US,5,20131121,182500,18.2200,18.2300,18.2200,18.2300,9850,0
BBN.US,5,20131121,183000,18.2300,18.2300,18.2200,18.2200,1525,0
BBN.US,5,20131121,183500,18.2300,18.2400,18.2300,18.2400,1811,0
BBN.US,5,20131121,184000,18.2300,18.2300,18.2300,18.2300,270,0
BBN.US,5,20131121,184500,18.2400,18.2400,18.2100,18.2200,8675,0
BBN.US,5,20131121,185000,18.2200,18.2200,18.2100,18.2200,7498,0
BBN.US,5,20131121,185500,18.2100,18.2200,18.2100,18.2100,1400,0
BBN.US,5,20131121,190000,18.2100,18.2300,18.2100,18.2200,9573,0
BBN.US,5,20131121,190500,18.2200,18.2200,18.2100,18.2200,1747,0
BBN.US,5,20131121,191000,18.2100,18.2200,18.2100,18.2200,2230,0
BBN.US,5,20131121,191500,18.2300,18.2300,18.2100,18.2100,5795,0
BBN.US,5,20131121,192000,18.2100,18.2300,18.2100,18.2100,3135,0
BBN.US,5,20131121,192500,18.2300,18.2300,18.1800,18.1900,16786,0
BBN.US,5,20131121,193000,18.1800,18.1900,18.1700,18.1700,4103,0
BBN.US,5,20131121,193500,18.1800,18.1800,18.1800,18.1800,7010,0
BBN.US,5,20131121,194000,18.1800,18.1800,18.1700,18.1800,2050,0
BBN.US,5,20131121,194500,18.1700,18.1800,18.1700,18.1800,4899,0
BBN.US,5,20131121,195000,18.1700,18.1800,18.1500,18.1700,14431,0
BBN.US,5,20131121,195500,18.1700,18.2200,18.1700,18.2200,15271,0
BBN.US,5,20131121,200000,18.2200,18.2300,18.2200,18.2300,6678,0
BBN.US,5,20131121,200500,18.2300,18.2300,18.2200,18.2200,2971,0
BBN.US,5,20131121,201000,18.2300,18.2300,18.2200,18.2200,6415,0
BBN.US,5,20131121,201500,18.2300,18.2300,18.2200,18.2200,3472,0
BBN.US,5,20131121,202000,18.2300,18.2300,18.2200,18.2200,1700,0
BBN.US,5,20131121,202500,18.2300,18.2300,18.2300,18.2300,500,0
BBN.US,5,20131121,203000,18.2300,18.2600,18.2300,18.2600,2450,0
BBN.US,5,20131121,203500,18.2500,18.2600,18.2500,18.2600,645,0
BBN.US,5,20131121,204000,18.2500,18.2600,18.2500,18.2500,2700,0
BBN.US,5,20131121,204500,18.2600,18.2700,18.2600,18.2700,4000,0
BBN.US,5,20131121,205500,18.2700,18.2700,18.2500,18.2500,6020,0
BBN.US,5,20131121,210000,18.2700,18.2700,18.2100,18.2100,7163,0
BBN.US,5,20131121,210500,18.2300,18.2400,18.2300,18.2400,200,0
BBN.US,5,20131121,211000,18.2300,18.2400,18.2200,18.2200,1350,0
BBN.US,5,20131121,211500,18.2200,18.2700,18.2200,18.2700,8250,0
BBN.US,5,20131121,212000,18.2500,18.2700,18.2100,18.2100,2359,0
BBN.US,5,20131121,212500,18.2200,18.2200,18.2100,18.2200,3000,0
BBN.US,5,20131121,213000,18.2100,18.2300,18.2100,18.2300,5632,0
BBN.US,5,20131121,213500,18.2300,18.2400,18.2100,18.2100,15048,0
BBN.US,5,20131121,214000,18.2100,18.2200,18.2100,18.2100,2691,0
BBN.US,5,20131121,214500,18.2100,18.2200,18.2100,18.2100,1527,0
BBN.US,5,20131121,215000,18.2100,18.2200,18.2100,18.2200,3350,0
BBN.US,5,20131121,215500,18.2100,18.2200,18.2100,18.2100,2325,0
BBN.US,5,20131121,220000,18.2100,18.2200,18.2000,18.2000,12603,0
BBN.US,5,20131122,153500,18.1900,18.2000,18.1900,18.1900,6220,0
BBN.US,5,20131122,154000,18.2400,18.2400,18.2000,18.2400,4385,0
BBN.US,5,20131122,154500,18.2200,18.2400,18.1900,18.2300,14765,0
BBN.US,5,20131122,155000,18.2000,18.2000,18.2000,18.2000,1200,0
BBN.US,5,20131122,155500,18.2200,18.2500,18.2100,18.2500,1290,0
BBN.US,5,20131122,160000,18.2500,18.3000,18.2500,18.3000,21050,0
BBN.US,5,20131122,160500,18.2800,18.2800,18.2800,18.2800,485,0
BBN.US,5,20131122,161000,18.2900,18.2900,18.2600,18.2900,1456,0
BBN.US,5,20131122,161500,18.2700,18.2900,18.2700,18.2900,400,0
BBN.US,5,20131122,162000,18.2700,18.2800,18.2500,18.2800,2200,0
BBN.US,5,20131122,162500,18.2500,18.2800,18.2500,18.2600,1500,0
BBN.US,5,20131122,163000,18.2600,18.2700,18.2500,18.2700,2400,0
BBN.US,5,20131122,163500,18.2600,18.2800,18.2500,18.2800,3600,0
BBN.US,5,20131122,164000,18.2600,18.2600,18.2600,18.2600,200,0
BBN.US,5,20131122,164500,18.2500,18.2700,18.2200,18.2300,7004,0
BBN.US,5,20131122,165000,18.2200,18.2300,18.2100,18.2100,2600,0
BBN.US,5,20131122,170000,18.2400,18.2400,18.2200,18.2200,600,0
BBN.US,5,20131122,170500,18.2200,18.2400,18.2200,18.2300,2800,0
BBN.US,5,20131122,171000,18.2400,18.2400,18.2200,18.2200,2955,0
BBN.US,5,20131122,171500,18.2400,18.2400,18.2300,18.2300,800,0
BBN.US,5,20131122,172000,18.2200,18.2300,18.2200,18.2300,1406,0
BBN.US,5,20131122,172500,18.2300,18.2400,18.2200,18.2200,1895,0
BBN.US,5,20131122,173000,18.2200,18.2300,18.2200,18.2300,17144,0
BBN.US,5,20131122,173500,18.2300,18.2300,18.2200,18.2200,6750,0
BBN.US,5,20131122,174000,18.2200,18.2400,18.2200,18.2400,975,0
BBN.US,5,20131122,174500,18.2400,18.2400,18.2400,18.2400,604,0
BBN.US,5,20131122,175000,18.2400,18.2400,18.2400,18.2400,782,0
BBN.US,5,20131122,175500,18.2600,18.2600,18.2500,18.2600,923,0
BBN.US,5,20131122,180000,18.2500,18.2600,18.2400,18.2400,1788,0
BBN.US,5,20131122,180500,18.2500,18.2600,18.2500,18.2500,8011,0
BBN.US,5,20131122,181000,18.2400,18.2500,18.2400,18.2400,2270,0
BBN.US,5,20131122,181500,18.2500,18.2700,18.2400,18.2400,2035,0
BBN.US,5,20131122,182000,18.2400,18.2600,18.2400,18.2600,2900,0
BBN.US,5,20131122,182500,18.2600,18.2600,18.2500,18.2600,1500,0
BBN.US,5,20131122,183000,18.2500,18.2500,18.2400,18.2400,5930,0
BBN.US,5,20131122,183500,18.2400,18.2600,18.2400,18.2400,3599,0
BBN.US,5,20131122,184000,18.2500,18.2500,18.2500,18.2500,627,0
BBN.US,5,20131122,184500,18.2500,18.2500,18.2500,18.2500,1500,0
BBN.US,5,20131122,185000,18.2400,18.2500,18.2400,18.2500,1500,0
BBN.US,5,20131122,185500,18.2500,18.2500,18.2400,18.2400,3521,0
BBN.US,5,20131122,190000,18.2500,18.2500,18.2500,18.2500,700,0
BBN.US,5,20131122,190500,18.2500,18.2500,18.2400,18.2400,1680,0
BBN.US,5,20131122,191000,18.2600,18.2700,18.2500,18.2600,1810,0
BBN.US,5,20131122,191500,18.2500,18.3000,18.2500,18.2800,6050,0
BBN.US,5,20131122,192000,18.2900,18.3000,18.2900,18.3000,2630,0
BBN.US,5,20131122,192500,18.2700,18.2800,18.2700,18.2800,3200,0
BBN.US,5,20131122,193000,18.2700,18.2700,18.2700,18.2700,150,0
BBN.US,5,20131122,193500,18.2500,18.2800,18.2500,18.2800,12180,0
BBN.US,5,20131122,194000,18.2800,18.2800,18.2500,18.2500,5357,0
BBN.US,5,20131122,194500,18.2500,18.3000,18.2400,18.3000,14473,0
BBN.US,5,20131122,195000,18.2900,18.3000,18.2900,18.3000,5206,0
BBN.US,5,20131122,195500,18.3000,18.3000,18.3000,18.3000,1915,0
BBN.US,5,20131122,200000,18.3100,18.3100,18.3000,18.3100,7000,0
BBN.US,5,20131122,200500,18.3100,18.3100,18.3000,18.3100,2500,0
BBN.US,5,20131122,201000,18.2900,18.3000,18.2800,18.2900,3700,0
BBN.US,5,20131122,201500,18.2800,18.3000,18.2800,18.3000,3591,0
BBN.US,5,20131122,202000,18.2900,18.3000,18.2800,18.3000,3500,0
BBN.US,5,20131122,202500,18.2900,18.3100,18.2700,18.3000,3050,0
BBN.US,5,20131122,203000,18.3000,18.3100,18.2700,18.2900,3731,0
BBN.US,5,20131122,203500,18.3000,18.3100,18.2800,18.3100,3100,0
BBN.US,5,20131122,204000,18.2800,18.3100,18.2800,18.3100,4331,0
BBN.US,5,20131122,204500,18.2900,18.2900,18.2800,18.2800,4503,0
BBN.US,5,20131122,205000,18.3100,18.3100,18.2800,18.3000,3600,0
BBN.US,5,20131122,205500,18.2700,18.3000,18.2700,18.2900,8789,0
BBN.US,5,20131122,210000,18.2800,18.2900,18.2500,18.2800,13750,0
BBN.US,5,20131122,210500,18.2800,18.2900,18.2700,18.2900,9780,0
BBN.US,5,20131122,211000,18.2700,18.2900,18.2700,18.2900,1300,0
BBN.US,5,20131122,211500,18.2800,18.2900,18.2600,18.2700,5550,0
BBN.US,5,20131122,212000,18.2700,18.2900,18.2500,18.2800,15527,0
BBN.US,5,20131122,212500,18.2900,18.2900,18.2900,18.2900,2100,0
BBN.US,5,20131122,213000,18.2900,18.2900,18.2700,18.2700,7701,0
BBN.US,5,20131122,213500,18.2900,18.2900,18.2900,18.2900,1350,0
BBN.US,5,20131122,214000,18.2700,18.2800,18.2600,18.2800,4909,0
BBN.US,5,20131122,214500,18.2900,18.2900,18.2800,18.2800,3380,0
BBN.US,5,20131122,215000,18.2700,18.2900,18.2700,18.2900,3778,0
BBN.US,5,20131122,215500,18.2800,18.3000,18.2800,18.3000,1100,0
BBN.US,5,20131122,220000,18.3000,18.3000,18.2500,18.2800,9178,0
BBN.US,5,20131122,221000,18.2600,18.2600,18.2600,18.2600,1779,0
BBN.US,5,20131125,153500,18.2300,18.2700,18.2200,18.2400,8527,0
BBN.US,5,20131125,154000,18.2500,18.2700,18.2200,18.2200,5189,0
BBN.US,5,20131125,154500,18.2300,18.2600,18.2300,18.2600,3750,0
BBN.US,5,20131125,155000,18.2400,18.2600,18.2200,18.2600,4900,0
BBN.US,5,20131125,155500,18.2300,18.2600,18.2300,18.2600,2300,0
BBN.US,5,20131125,160000,18.2500,18.2600,18.2400,18.2500,4044,0
BBN.US,5,20131125,160500,18.2400,18.2400,18.2300,18.2300,2650,0
BBN.US,5,20131125,161000,18.2300,18.2500,18.2300,18.2500,5260,0
BBN.US,5,20131125,161500,18.2300,18.2500,18.2300,18.2300,4010,0
BBN.US,5,20131125,162000,18.2300,18.2400,18.2200,18.2400,5412,0
BBN.US,5,20131125,162500,18.2300,18.2400,18.2200,18.2400,1648,0
BBN.US,5,20131125,163000,18.2400,18.2500,18.2400,18.2500,3600,0
BBN.US,5,20131125,163500,18.2400,18.2500,18.2400,18.2400,3687,0
BBN.US,5,20131125,164000,18.2300,18.2400,18.2300,18.2400,2300,0
BBN.US,5,20131125,164500,18.2300,18.2400,18.2200,18.2300,5248,0
BBN.US,5,20131125,165000,18.2300,18.2400,18.2200,18.2300,16459,0
BBN.US,5,20131125,165500,18.2200,18.2300,18.2200,18.2200,4185,0
BBN.US,5,20131125,170000,18.2300,18.2300,18.2100,18.2200,3700,0
BBN.US,5,20131125,170500,18.2200,18.2300,18.2200,18.2300,930,0
BBN.US,5,20131125,171000,18.2200,18.2300,18.2100,18.2200,16137,0
BBN.US,5,20131125,171500,18.2300,18.2300,18.2200,18.2200,1839,0
BBN.US,5,20131125,172000,18.2200,18.2200,18.2100,18.2200,9124,0
BBN.US,5,20131125,172500,18.2200,18.2200,18.2000,18.2100,14631,0
BBN.US,5,20131125,173000,18.2200,18.2300,18.2000,18.2100,8087,0
BBN.US,5,20131125,173500,18.2000,18.2100,18.2000,18.2100,1455,0
BBN.US,5,20131125,174000,18.2100,18.2100,18.2000,18.2000,3350,0
BBN.US,5,20131125,174500,18.2000,18.2100,18.2000,18.2000,7760,0
BBN.US,5,20131125,175000,18.2000,18.2000,18.1900,18.1900,2875,0
BBN.US,5,20131125,175500,18.1800,18.2100,18.1800,18.1900,4185,0
BBN.US,5,20131125,180000,18.1900,18.2000,18.1700,18.1900,9500,0
BBN.US,5,20131125,180500,18.1900,18.1900,18.1900,18.1900,1400,0
BBN.US,5,20131125,181000,18.1800,18.1900,18.1800,18.1900,4052,0
BBN.US,5,20131125,181500,18.1800,18.2100,18.1800,18.2100,2415,0
BBN.US,5,20131125,182000,18.2000,18.2100,18.1900,18.2000,3480,0
BBN.US,5,20131125,182500,18.1900,18.2100,18.1800,18.1800,3121,0
BBN.US,5,20131125,183500,18.2100,18.2100,18.2100,18.2100,2669,0
BBN.US,5,20131125,184000,18.2300,18.2300,18.2000,18.2000,1679,0
BBN.US,5,20131125,184500,18.2200,18.2200,18.2100,18.2100,1350,0
BBN.US,5,20131125,185000,18.2200,18.2300,18.2200,18.2200,6255,0
BBN.US,5,20131125,185500,18.2300,18.2300,18.2300,18.2300,500,0
BBN.US,5,20131125,190000,18.2300,18.2400,18.2300,18.2300,2365,0
BBN.US,5,20131125,190500,18.2300,18.2400,18.2100,18.2400,9784,0
BBN.US,5,20131125,191000,18.2300,18.2500,18.2300,18.2500,1200,0
BBN.US,5,20131125,191500,18.2400,18.2500,18.2400,18.2400,1950,0
BBN.US,5,20131125,192000,18.2400,18.2400,18.2100,18.2300,5537,0
BBN.US,5,20131125,192500,18.2300,18.2300,18.2300,18.2300,183,0
BBN.US,5,20131125,193000,18.2300,18.2400,18.2100,18.2100,4352,0
BBN.US,5,20131125,193500,18.2400,18.2400,18.2200,18.2200,563,0
BBN.US,5,20131125,194000,18.2300,18.2300,18.2300,18.2300,194,0
BBN.US,5,20131125,194500,18.2300,18.2300,18.2200,18.2300,713,0
BBN.US,5,20131125,195000,18.2300,18.2400,18.1900,18.1900,7050,0
BBN.US,5,20131125,195500,18.2100,18.2200,18.2100,18.2100,2831,0
BBN.US,5,20131125,200000,18.2100,18.2400,18.2100,18.2300,1634,0
BBN.US,5,20131125,200500,18.2400,18.2400,18.2300,18.2400,2172,0
BBN.US,5,20131125,201500,18.2300,18.2300,18.2200,18.2300,3419,0
BBN.US,5,20131125,202000,18.2200,18.2200,18.1700,18.1900,4673,0
BBN.US,5,20131125,202500,18.2100,18.2200,18.2100,18.2100,1464,0
BBN.US,5,20131125,203000,18.2200,18.2300,18.2100,18.2100,2330,0
BBN.US,5,20131125,203500,18.2300,18.2300,18.2200,18.2200,1813,0
BBN.US,5,20131125,204000,18.2200,18.2400,18.2200,18.2400,7430,0
BBN.US,5,20131125,204500,18.2400,18.2500,18.2200,18.2200,8141,0
BBN.US,5,20131125,205000,18.2100,18.2200,18.1900,18.2000,7614,0
BBN.US,5,20131125,205500,18.2000,18.2000,18.1500,18.1600,14584,0
BBN.US,5,20131125,210000,18.1800,18.2000,18.1700,18.1800,16595,0
BBN.US,5,20131125,210500,18.2000,18.2000,18.1800,18.1800,6739,0
BBN.US,5,20131125,211000,18.2000,18.2100,18.1900,18.2100,4691,0
BBN.US,5,20131125,211500,18.2100,18.2100,18.1800,18.1900,5850,0
BBN.US,5,20131125,212000,18.1900,18.1900,18.1900,18.1900,875,0
BBN.US,5,20131125,212500,18.1900,18.2200,18.1900,18.2000,4072,0
BBN.US,5,20131125,213000,18.2200,18.2200,18.2100,18.2100,3378,0
BBN.US,5,20131125,213500,18.2200,18.2300,18.2100,18.2300,7968,0
BBN.US,5,20131125,214000,18.2300,18.2400,18.2200,18.2400,7892,0
BBN.US,5,20131125,214500,18.2400,18.2500,18.2300,18.2400,2537,0
BBN.US,5,20131125,215000,18.2500,18.2500,18.2400,18.2400,2600,0
BBN.US,5,20131125,215500,18.2400,18.2400,18.2000,18.2000,8623,0
BBN.US,5,20131125,220000,18.2100,18.2400,18.2100,18.2400,3353,0
BBN.US,5,20131125,221000,18.2100,18.2100,18.2100,18.2100,381,0
BBN.US,5,20131126,153500,18.1900,18.1900,18.1900,18.1900,3111,0
BBN.US,5,20131126,154500,18.2100,18.2200,18.2000,18.2200,2955,0
BBN.US,5,20131126,155000,18.2100,18.2200,18.2000,18.2000,2600,0
BBN.US,5,20131126,155500,18.2100,18.2200,18.2100,18.2100,1400,0
BBN.US,5,20131126,160000,18.2200,18.2200,18.2200,18.2200,2519,0
BBN.US,5,20131126,160500,18.2100,18.2200,18.2100,18.2200,3235,0
BBN.US,5,20131126,161000,18.2000,18.2400,18.2000,18.2400,4500,0
BBN.US,5,20131126,161500,18.2300,18.2400,18.2300,18.2400,4600,0
BBN.US,5,20131126,162000,18.2200,18.2200,18.2100,18.2100,3819,0
BBN.US,5,20131126,162500,18.2300,18.2400,18.2300,18.2300,1342,0
BBN.US,5,20131126,163000,18.2300,18.2300,18.2300,18.2300,1300,0
BBN.US,5,20131126,163500,18.2400,18.2400,18.2400,18.2400,2955,0
BBN.US,5,20131126,164000,18.2400,18.2500,18.2300,18.2300,1877,0
BBN.US,5,20131126,164500,18.2500,18.2500,18.2300,18.2300,1800,0
BBN.US,5,20131126,165000,18.2500,18.2500,18.2500,18.2500,1247,0
BBN.US,5,20131126,165500,18.2600,18.2700,18.2400,18.2700,8394,0
BBN.US,5,20131126,170000,18.2600,18.2600,18.2400,18.2400,6673,0
BBN.US,5,20131126,170500,18.2700,18.2700,18.2700,18.2700,600,0
BBN.US,5,20131126,171000,18.2600,18.2600,18.2400,18.2600,4711,0
BBN.US,5,20131126,171500,18.2500,18.2500,18.2500,18.2500,550,0
BBN.US,5,20131126,172000,18.2300,18.2500,18.2300,18.2500,5952,0
BBN.US,5,20131126,172500,18.2500,18.2500,18.2500,18.2500,800,0
BBN.US,5,20131126,173000,18.2500,18.2600,18.2400,18.2500,6579,0
BBN.US,5,20131126,173500,18.2400,18.2400,18.2400,18.2400,1650,0
BBN.US,5,20131126,174000,18.2500,18.2600,18.2500,18.2600,911,0
BBN.US,5,20131126,174500,18.2400,18.2600,18.2400,18.2600,3641,0
BBN.US,5,20131126,175000,18.2600,18.2800,18.2600,18.2800,3312,0
BBN.US,5,20131126,175500,18.2800,18.2800,18.2800,18.2800,3860,0
BBN.US,5,20131126,180000,18.2700,18.3300,18.2700,18.3300,34629,0
BBN.US,5,20131126,180500,18.3200,18.3500,18.3200,18.3500,4577,0
BBN.US,5,20131126,181000,18.3500,18.3700,18.3400,18.3700,3425,0
BBN.US,5,20131126,181500,18.3400,18.3400,18.3300,18.3300,3001,0
BBN.US,5,20131126,182000,18.3300,18.3400,18.3300,18.3300,2500,0
BBN.US,5,20131126,182500,18.3500,18.3500,18.3500,18.3500,1150,0
BBN.US,5,20131126,183000,18.3300,18.3500,18.3300,18.3500,1630,0
BBN.US,5,20131126,183500,18.3300,18.3400,18.3300,18.3300,900,0
BBN.US,5,20131126,184000,18.3400,18.3400,18.3200,18.3200,4929,0
BBN.US,5,20131126,184500,18.3200,18.3600,18.3200,18.3600,7061,0
BBN.US,5,20131126,185000,18.3600,18.3700,18.3600,18.3700,2400,0
BBN.US,5,20131126,185500,18.3500,18.3500,18.3500,18.3500,2185,0
BBN.US,5,20131126,190000,18.3600,18.3700,18.3500,18.3700,5074,0
BBN.US,5,20131126,190500,18.3500,18.3600,18.3500,18.3600,732,0
BBN.US,5,20131126,191000,18.3500,18.3700,18.3500,18.3600,941,0
BBN.US,5,20131126,191500,18.3700,18.4200,18.3700,18.4200,4760,0
BBN.US,5,20131126,192000,18.3900,18.4300,18.3900,18.4300,6319,0
BBN.US,5,20131126,192500,18.4300,18.4300,18.4000,18.4200,8137,0
BBN.US,5,20131126,193500,18.4300,18.4300,18.4100,18.4100,977,0
BBN.US,5,20131126,194000,18.4200,18.4200,18.3900,18.3900,7588,0
BBN.US,5,20131126,194500,18.4000,18.4000,18.4000,18.4000,600,0
BBN.US,5,20131126,195500,18.4100,18.4100,18.3900,18.4000,4102,0
BBN.US,5,20131126,200000,18.4000,18.4100,18.3900,18.4000,1405,0
BBN.US,5,20131126,200500,18.4000,18.4100,18.3900,18.4100,3885,0
BBN.US,5,20131126,201000,18.3900,18.3900,18.3900,18.3900,1700,0
BBN.US,5,20131126,201500,18.3900,18.4100,18.3900,18.4100,2951,0
BBN.US,5,20131126,202000,18.3900,18.4100,18.3900,18.4100,7318,0
BBN.US,5,20131126,202500,18.3900,18.4000,18.3900,18.4000,1800,0
BBN.US,5,20131126,203000,18.3900,18.3900,18.3700,18.3900,4795,0
BBN.US,5,20131126,203500,18.3900,18.3900,18.3800,18.3800,4941,0
BBN.US,5,20131126,204000,18.4000,18.4300,18.4000,18.4300,3032,0
BBN.US,5,20131126,204500,18.4400,18.4400,18.4200,18.4300,1877,0
BBN.US,5,20131126,205000,18.4200,18.4500,18.4200,18.4500,3930,0
BBN.US,5,20131126,205500,18.4400,18.4600,18.4400,18.4500,4950,0
BBN.US,5,20131126,210000,18.4500,18.4700,18.4300,18.4700,6725,0
BBN.US,5,20131126,210500,18.4700,18.4900,18.4700,18.4900,4911,0
BBN.US,5,20131126,211000,18.4800,18.4800,18.4100,18.4600,4500,0
BBN.US,5,20131126,211500,18.4500,18.4700,18.4300,18.4300,4251,0
BBN.US,5,20131126,212000,18.4500,18.4700,18.4300,18.4700,1525,0
BBN.US,5,20131126,212500,18.4600,18.4700,18.4500,18.4700,3300,0
BBN.US,5,20131126,213000,18.4800,18.4800,18.4400,18.4600,5550,0
BBN.US,5,20131126,213500,18.4600,18.4600,18.4400,18.4600,5960,0
BBN.US,5,20131126,214000,18.4600,18.4700,18.4600,18.4700,5153,0
BBN.US,5,20131126,214500,18.4700,18.5000,18.4600,18.5000,7612,0
BBN.US,5,20131126,215000,18.4800,18.4900,18.4600,18.4600,5828,0
BBN.US,5,20131126,215500,18.4400,18.4600,18.4400,18.4500,6485,0
BBN.US,5,20131126,220000,18.4400,18.4500,18.4400,18.4500,1600,0
BBN.US,5,20131127,153500,18.4100,18.4100,18.4100,18.4100,250,0
BBN.US,5,20131127,154000,18.4300,18.4400,18.4300,18.4400,2450,0
BBN.US,5,20131127,154500,18.4100,18.4200,18.4000,18.4000,8331,0
BBN.US,5,20131127,155000,18.4300,18.4400,18.4200,18.4300,2800,0
BBN.US,5,20131127,155500,18.4300,18.4400,18.4200,18.4200,5117,0
BBN.US,5,20131127,160000,18.4200,18.4300,18.4200,18.4200,5150,0
BBN.US,5,20131127,160500,18.4200,18.4400,18.4200,18.4400,900,0
BBN.US,5,20131127,161000,18.4200,18.4200,18.4200,18.4200,300,0
BBN.US,5,20131127,161500,18.4200,18.4400,18.4200,18.4200,1650,0
BBN.US,5,20131127,162000,18.4300,18.4500,18.4300,18.4400,4046,0
BBN.US,5,20131127,162500,18.4400,18.4400,18.4200,18.4300,3663,0
BBN.US,5,20131127,163000,18.4400,18.4400,18.4400,18.4400,539,0
BBN.US,5,20131127,164000,18.4200,18.4300,18.4200,18.4200,3365,0
BBN.US,5,20131127,164500,18.4200,18.4200,18.4200,18.4200,1350,0
BBN.US,5,20131127,165000,18.4200,18.4400,18.4200,18.4300,4950,0
BBN.US,5,20131127,165500,18.4200,18.4400,18.4200,18.4200,6027,0
BBN.US,5,20131127,170000,18.4200,18.4400,18.4200,18.4200,5143,0
BBN.US,5,20131127,170500,18.4200,18.4200,18.3800,18.3800,13494,0
BBN.US,5,20131127,171000,18.4000,18.4000,18.4000,18.4000,2000,0
BBN.US,5,20131127,171500,18.4000,18.4000,18.4000,18.4000,1059,0
BBN.US,5,20131127,172000,18.4100,18.4200,18.4000,18.4100,1700,0
BBN.US,5,20131127,172500,18.4100,18.4200,18.4100,18.4200,900,0
BBN.US,5,20131127,173000,18.4000,18.4200,18.4000,18.4200,2100,0
BBN.US,5,20131127,173500,18.4200,18.4200,18.4000,18.4000,4484,0
BBN.US,5,20131127,174000,18.4000,18.4000,18.4000,18.4000,2350,0
BBN.US,5,20131127,174500,18.4000,18.4100,18.4000,18.4100,5916,0
BBN.US,5,20131127,175000,18.4000,18.4000,18.3900,18.4000,2976,0
BBN.US,5,20131127,175500,18.4000,18.4100,18.3800,18.3800,5454,0
BBN.US,5,20131127,180000,18.3900,18.3900,18.3700,18.3700,2050,0
BBN.US,5,20131127,180500,18.3800,18.3900,18.3800,18.3900,6622,0
BBN.US,5,20131127,181000,18.3900,18.4000,18.3900,18.4000,800,0
BBN.US,5,20131127,182000,18.4000,18.4000,18.4000,18.4000,500,0
BBN.US,5,20131127,182500,18.4000,18.4000,18.3800,18.3800,1411,0
BBN.US,5,20131127,183000,18.3800,18.4000,18.3800,18.3900,1954,0
BBN.US,5,20131127,183500,18.4000,18.4000,18.3800,18.3800,1300,0
BBN.US,5,20131127,184000,18.3800,18.3800,18.3700,18.3700,3834,0
BBN.US,5,20131127,184500,18.3700,18.4000,18.3600,18.3700,9516,0
BBN.US,5,20131127,185000,18.3600,18.3600,18.3400,18.3500,9800,0
BBN.US,5,20131127,185500,18.3500,18.3500,18.3500,18.3500,800,0
BBN.US,5,20131127,191000,18.3200,18.3300,18.3200,18.3300,1419,0
BBN.US,5,20131127,192000,18.3400,18.3400,18.3400,18.3400,635,0
BBN.US,5,20131127,192500,18.3200,18.3400,18.3200,18.3200,2025,0
BBN.US,5,20131127,193000,18.3300,18.3500,18.3200,18.3300,4600,0
BBN.US,5,20131127,193500,18.3100,18.3100,18.3100,18.3100,593,0
BBN.US,5,20131127,194000,18.3200,18.3200,18.3000,18.3000,2358,0
BBN.US,5,20131127,194500,18.3000,18.3000,18.3000,18.3000,109,0
BBN.US,5,20131127,195000,18.3200,18.3200,18.3000,18.3000,3638,0
BBN.US,5,20131127,195500,18.3100,18.3300,18.3000,18.3300,1900,0
BBN.US,5,20131127,200000,18.3200,18.3300,18.3200,18.3300,4112,0
BBN.US,5,20131127,200500,18.3100,18.3300,18.2700,18.2900,19131,0
BBN.US,5,20131127,201000,18.2800,18.2900,18.2700,18.2800,4659,0
BBN.US,5,20131127,201500,18.2800,18.2800,18.2700,18.2700,901,0
BBN.US,5,20131127,202000,18.2900,18.3000,18.2700,18.3000,9554,0
BBN.US,5,20131127,202500,18.2900,18.2900,18.2700,18.2700,1863,0
BBN.US,5,20131127,203000,18.2800,18.2900,18.2700,18.2700,2184,0
BBN.US,5,20131127,203500,18.2700,18.3300,18.2700,18.3300,28426,0
BBN.US,5,20131127,204000,18.3400,18.3500,18.3300,18.3300,1100,0
BBN.US,5,20131127,204500,18.3300,18.3400,18.3300,18.3300,7125,0
BBN.US,5,20131127,205000,18.3400,18.3400,18.3400,18.3400,700,0
BBN.US,5,20131127,205500,18.3500,18.3500,18.3500,18.3500,200,0
BBN.US,5,20131127,210000,18.3400,18.3400,18.3300,18.3300,3350,0
BBN.US,5,20131127,210500,18.3400,18.3400,18.3300,18.3400,2942,0
BBN.US,5,20131127,211000,18.3400,18.3500,18.3300,18.3300,2700,0
BBN.US,5,20131127,211500,18.3300,18.3600,18.3100,18.3600,11866,0
BBN.US,5,20131127,212000,18.3600,18.3600,18.3500,18.3600,1450,0
BBN.US,5,20131127,212500,18.3600,18.3700,18.3600,18.3600,952,0
BBN.US,5,20131127,213000,18.3500,18.3600,18.3500,18.3600,3828,0
BBN.US,5,20131127,213500,18.3600,18.3600,18.3300,18.3300,5868,0
BBN.US,5,20131127,214500,18.3600,18.3600,18.3400,18.3500,1200,0
BBN.US,5,20131127,215000,18.3500,18.3700,18.3100,18.3600,4930,0
BBN.US,5,20131127,215500,18.3600,18.3600,18.3500,18.3500,400,0
BBN.US,5,20131127,220000,18.3400,18.3600,18.3400,18.3600,6131,0
BBN.US,5,20131127,221000,18.3700,18.3700,18.3700,18.3700,490,0
BBN.US,5,20131129,153500,18.4000,18.4000,18.4000,18.4000,818,0
BBN.US,5,20131129,154500,18.3800,18.3800,18.3500,18.3500,643,0
BBN.US,5,20131129,155000,18.3600,18.4000,18.3500,18.4000,3508,0
BBN.US,5,20131129,155500,18.4000,18.4100,18.3800,18.3800,2388,0
BBN.US,5,20131129,160000,18.4200,18.4200,18.3800,18.4200,2950,0
BBN.US,5,20131129,160500,18.4400,18.4500,18.4300,18.4300,22482,0
BBN.US,5,20131129,161000,18.4200,18.4400,18.4200,18.4300,1300,0
BBN.US,5,20131129,161500,18.4300,18.4300,18.4300,18.4300,1100,0
BBN.US,5,20131129,162000,18.4200,18.4300,18.4200,18.4300,3364,0
BBN.US,5,20131129,162500,18.4300,18.4300,18.4200,18.4200,3800,0
BBN.US,5,20131129,163000,18.4300,18.4300,18.4200,18.4300,4140,0
BBN.US,5,20131129,163500,18.4200,18.4200,18.4200,18.4200,360,0
BBN.US,5,20131129,164500,18.4100,18.4300,18.4100,18.4300,4600,0
BBN.US,5,20131129,165000,18.4300,18.4300,18.4300,18.4300,300,0
BBN.US,5,20131129,165500,18.4300,18.4300,18.4300,18.4300,100,0
BBN.US,5,20131129,170000,18.4300,18.4300,18.4300,18.4300,1300,0
BBN.US,5,20131129,170500,18.4200,18.4200,18.4100,18.4200,2225,0
BBN.US,5,20131129,171000,18.4200,18.4300,18.4200,18.4300,300,0
BBN.US,5,20131129,171500,18.4100,18.4200,18.3900,18.3900,5587,0
BBN.US,5,20131129,172000,18.4200,18.4200,18.4200,18.4200,1000,0
BBN.US,5,20131129,172500,18.4100,18.4100,18.4000,18.4000,2710,0
BBN.US,5,20131129,173000,18.4100,18.4200,18.4100,18.4200,3409,0
BBN.US,5,20131129,173500,18.4200,18.4200,18.4000,18.4000,3300,0
BBN.US,5,20131129,174000,18.4100,18.4100,18.4100,18.4100,200,0
BBN.US,5,20131129,174500,18.4200,18.4200,18.4000,18.4000,1000,0
BBN.US,5,20131129,175000,18.3900,18.3900,18.3900,18.3900,204,0
BBN.US,5,20131129,175500,18.4100,18.4200,18.3900,18.4000,657,0
BBN.US,5,20131129,180000,18.4000,18.4000,18.4000,18.4000,760,0
BBN.US,5,20131129,180500,18.4200,18.4200,18.4000,18.4000,2993,0
BBN.US,5,20131129,181000,18.4000,18.4000,18.4000,18.4000,2250,0
BBN.US,5,20131129,181500,18.4100,18.4100,18.3800,18.3800,4580,0
BBN.US,5,20131129,182000,18.3900,18.3900,18.3900,18.3900,141,0
BBN.US,5,20131129,182500,18.3900,18.4000,18.3900,18.4000,422,0
BBN.US,5,20131129,183000,18.4100,18.4100,18.4100,18.4100,600,0
BBN.US,5,20131129,183500,18.4100,18.4100,18.4100,18.4100,373,0
BBN.US,5,20131129,184000,18.4000,18.4000,18.4000,18.4000,1180,0
BBN.US,5,20131129,184500,18.4100,18.4100,18.4000,18.4000,800,0
BBN.US,5,20131129,185000,18.4100,18.4100,18.4100,18.4100,889,0
BBN.US,5,20131129,185500,18.4000,18.4300,18.4000,18.4300,4585,0
BBN.US,5,20131129,190000,18.4100,18.4400,18.4100,18.4300,4209,0
BBN.US,5,20131129,190500,18.4100,18.4100,18.4100,18.4100,367,0
BBN.US,5,20131202,153500,18.4100,18.4800,18.4100,18.4500,5656,0
BBN.US,5,20131202,154000,18.4700,18.4700,18.4400,18.4400,1600,0
BBN.US,5,20131202,154500,18.4400,18.4600,18.4300,18.4400,8710,0
BBN.US,5,20131202,155000,18.4400,18.4600,18.4100,18.4200,4150,0
BBN.US,5,20131202,155500,18.4200,18.4600,18.4100,18.4400,26781,0
BBN.US,5,20131202,160000,18.4600,18.4700,18.4600,18.4700,2300,0
BBN.US,5,20131202,160500,18.4700,18.4700,18.4200,18.4400,7363,0
BBN.US,5,20131202,161000,18.4400,18.4500,18.4300,18.4300,4680,0
BBN.US,5,20131202,161500,18.4500,18.4600,18.4500,18.4600,1434,0
BBN.US,5,20131202,162000,18.4700,18.4700,18.4500,18.4700,5738,0
BBN.US,5,20131202,162500,18.4800,18.4900,18.4800,18.4900,1900,0
BBN.US,5,20131202,163000,18.4900,18.5000,18.4800,18.5000,11793,0
BBN.US,5,20131202,163500,18.5000,18.5000,18.4800,18.4900,3300,0
BBN.US,5,20131202,164000,18.5000,18.5000,18.5000,18.5000,3553,0
BBN.US,5,20131202,164500,18.4900,18.5100,18.4900,18.4900,8896,0
BBN.US,5,20131202,165000,18.5000,18.5200,18.5000,18.5100,2000,0
BBN.US,5,20131202,165500,18.5000,18.5000,18.5000,18.5000,600,0
BBN.US,5,20131202,170000,18.5000,18.5000,18.4800,18.5000,3275,0
BBN.US,5,20131202,170500,18.5000,18.5000,18.4800,18.5000,4130,0
BBN.US,5,20131202,171000,18.5000,18.5000,18.4900,18.4900,2050,0
BBN.US,5,20131202,171500,18.5000,18.5100,18.5000,18.5100,2376,0
BBN.US,5,20131202,172000,18.4900,18.5100,18.4900,18.5100,7054,0
BBN.US,5,20131202,172500,18.5000,18.5200,18.5000,18.5200,1650,0
BBN.US,5,20131202,173000,18.5100,18.5100,18.5100,18.5100,500,0
BBN.US,5,20131202,174000,18.5000,18.5000,18.5000,18.5000,500,0
BBN.US,5,20131202,174500,18.4700,18.4700,18.4600,18.4600,2000,0
BBN.US,5,20131202,175000,18.4500,18.4700,18.4500,18.4700,2648,0
BBN.US,5,20131202,175500,18.4600,18.4900,18.4500,18.4500,6236,0
BBN.US,5,20131202,180000,18.4500,18.4700,18.4500,18.4700,1100,0
BBN.US,5,20131202,180500,18.4700,18.4700,18.4700,18.4700,324,0
BBN.US,5,20131202,181500,18.4700,18.4800,18.4500,18.4500,8646,0
BBN.US,5,20131202,182000,18.4600,18.4600,18.4500,18.4600,2050,0
BBN.US,5,20131202,182500,18.4500,18.5100,18.4500,18.5100,7684,0
BBN.US,5,20131202,183000,18.5100,18.5100,18.4800,18.5000,1196,0
BBN.US,5,20131202,183500,18.4900,18.5200,18.4900,18.5200,5583,0
BBN.US,5,20131202,184000,18.5000,18.5200,18.5000,18.5200,2700,0
BBN.US,5,20131202,184500,18.5200,18.5200,18.5200,18.5200,1100,0
BBN.US,5,20131202,185000,18.5200,18.5300,18.5100,18.5100,1200,0
BBN.US,5,20131202,185500,18.5000,18.5100,18.5000,18.5100,3300,0
BBN.US,5,20131202,190000,18.5200,18.5200,18.5000,18.5000,3615,0
BBN.US,5,20131202,190500,18.5100,18.5100,18.5000,18.5000,2150,0
BBN.US,5,20131202,191000,18.5100,18.5100,18.4900,18.5100,1650,0
BBN.US,5,20131202,191500,18.5100,18.5200,18.5000,18.5200,5090,0
BBN.US,5,20131202,192000,18.5200,18.5300,18.5000,18.5100,2361,0
BBN.US,5,20131202,192500,18.5300,18.5400,18.5300,18.5400,400,0
BBN.US,5,20131202,193000,18.5400,18.5400,18.5000,18.5100,1800,0
BBN.US,5,20131202,193500,18.5300,18.5300,18.5000,18.5100,4923,0
BBN.US,5,20131202,194000,18.4900,18.5100,18.4900,18.4900,6052,0
BBN.US,5,20131202,194500,18.5000,18.5000,18.5000,18.5000,300,0
BBN.US,5,20131202,195000,18.5000,18.5000,18.4800,18.4900,2601,0
BBN.US,5,20131202,195500,18.5000,18.5000,18.4600,18.4600,44418,0
BBN.US,5,20131202,200000,18.4900,18.5000,18.4600,18.4600,425,0
BBN.US,5,20131202,200500,18.4900,18.4900,18.4600,18.4600,2493,0
BBN.US,5,20131202,201000,18.4600,18.5000,18.4600,18.4800,2715,0
BBN.US,5,20131202,201500,18.4700,18.4900,18.4700,18.4700,1518,0
BBN.US,5,20131202,202000,18.4900,18.4900,18.4600,18.4600,8242,0
BBN.US,5,20131202,202500,18.4800,18.4900,18.4600,18.4600,6459,0
BBN.US,5,20131202,203000,18.4900,18.5100,18.4800,18.5100,860,0
BBN.US,5,20131202,203500,18.5100,18.5100,18.5000,18.5100,2938,0
BBN.US,5,20131202,204000,18.5100,18.5200,18.5100,18.5200,3100,0
BBN.US,5,20131202,204500,18.5200,18.5300,18.5000,18.5000,2750,0
BBN.US,5,20131202,205000,18.5100,18.5200,18.5000,18.5000,6133,0
BBN.US,5,20131202,205500,18.5000,18.5200,18.5000,18.5200,2240,0
BBN.US,5,20131202,210000,18.5200,18.5200,18.5200,18.5200,1000,0
BBN.US,5,20131202,210500,18.5300,18.5300,18.5100,18.5300,3296,0
BBN.US,5,20131202,211000,18.5200,18.5300,18.5100,18.5300,1300,0
BBN.US,5,20131202,211500,18.5100,18.5300,18.5000,18.5100,2569,0
BBN.US,5,20131202,212000,18.5300,18.5300,18.5100,18.5300,2307,0
BBN.US,5,20131202,212500,18.5300,18.5300,18.5200,18.5300,4307,0
BBN.US,5,20131202,213000,18.5300,18.5300,18.5000,18.5200,4322,0
BBN.US,5,20131202,213500,18.5200,18.5300,18.5000,18.5300,4125,0
BBN.US,5,20131202,214000,18.5300,18.5300,18.4900,18.4900,1272,0
BBN.US,5,20131202,214500,18.4900,18.5200,18.4900,18.5200,3176,0
BBN.US,5,20131202,215000,18.4900,18.4900,18.4900,18.4900,750,0
BBN.US,5,20131202,215500,18.5000,18.5100,18.4900,18.4900,987,0
BBN.US,5,20131202,220000,18.5100,18.5100,18.4800,18.4800,3478,0
BBN.US,5,20131203,153500,18.4500,18.4500,18.4300,18.4300,500,0
BBN.US,5,20131203,154000,18.4700,18.4700,18.4700,18.4700,1500,0
BBN.US,5,20131203,154500,18.4400,18.4500,18.4400,18.4500,2100,0
BBN.US,5,20131203,155000,18.4700,18.5000,18.4700,18.4900,4500,0
BBN.US,5,20131203,155500,18.4800,18.5000,18.4800,18.5000,2100,0
BBN.US,5,20131203,160000,18.4800,18.5000,18.4800,18.4900,3136,0
BBN.US,5,20131203,160500,18.4800,18.4800,18.4700,18.4700,2225,0
BBN.US,5,20131203,161000,18.4900,18.4900,18.4400,18.4400,6588,0
BBN.US,5,20131203,161500,18.4600,18.4800,18.4500,18.4600,2809,0
BBN.US,5,20131203,162000,18.4700,18.4900,18.4600,18.4600,5658,0
BBN.US,5,20131203,162500,18.4700,18.4900,18.4600,18.4800,1500,0
BBN.US,5,20131203,163000,18.4700,18.4700,18.4600,18.4700,4325,0
BBN.US,5,20131203,163500,18.4800,18.4900,18.4700,18.4900,2335,0
BBN.US,5,20131203,164000,18.4800,18.4800,18.4800,18.4800,1000,0
BBN.US,5,20131203,164500,18.4700,18.4900,18.4700,18.4700,600,0
BBN.US,5,20131203,165000,18.4900,18.4900,18.4500,18.4600,4609,0
BBN.US,5,20131203,165500,18.4500,18.4800,18.4400,18.4400,6012,0
BBN.US,5,20131203,171000,18.4600,18.4800,18.4500,18.4500,5796,0
BBN.US,5,20131203,172000,18.4500,18.4500,18.4300,18.4300,13200,0
BBN.US,5,20131203,172500,18.4200,18.4400,18.4200,18.4300,1850,0
BBN.US,5,20131203,173000,18.4200,18.4400,18.4100,18.4100,2668,0
BBN.US,5,20131203,173500,18.4100,18.4400,18.3700,18.3800,21647,0
BBN.US,5,20131203,174000,18.3800,18.3800,18.3700,18.3800,4266,0
BBN.US,5,20131203,174500,18.3800,18.3800,18.3700,18.3800,3510,0
BBN.US,5,20131203,175000,18.3800,18.3800,18.3800,18.3800,1000,0
BBN.US,5,20131203,175500,18.3800,18.3800,18.3500,18.3700,6922,0
BBN.US,5,20131203,180000,18.3600,18.3700,18.3600,18.3700,3559,0
BBN.US,5,20131203,180500,18.3700,18.3900,18.3500,18.3900,1704,0
BBN.US,5,20131203,181000,18.3700,18.3700,18.3700,18.3700,300,0
BBN.US,5,20131203,181500,18.3800,18.3800,18.3800,18.3800,1060,0
BBN.US,5,20131203,182000,18.4100,18.4100,18.3900,18.4100,4441,0
BBN.US,5,20131203,182500,18.4000,18.4000,18.4000,18.4000,400,0
BBN.US,5,20131203,183000,18.3800,18.3800,18.3800,18.3800,1300,0
BBN.US,5,20131203,183500,18.4000,18.4000,18.3900,18.4000,1793,0
BBN.US,5,20131203,184000,18.4000,18.4000,18.4000,18.4000,1600,0
BBN.US,5,20131203,184500,18.4000,18.4100,18.4000,18.4100,2453,0
BBN.US,5,20131203,185000,18.3900,18.3900,18.3800,18.3800,1494,0
BBN.US,5,20131203,185500,18.4000,18.4000,18.3600,18.3600,4173,0
BBN.US,5,20131203,190000,18.3800,18.3800,18.3500,18.3600,2427,0
BBN.US,5,20131203,190500,18.3600,18.3600,18.3600,18.3600,1100,0
BBN.US,5,20131203,191000,18.3700,18.3800,18.3600,18.3600,2428,0
BBN.US,5,20131203,191500,18.3600,18.3700,18.3600,18.3700,958,0
BBN.US,5,20131203,192000,18.3700,18.3700,18.3700,18.3700,500,0
BBN.US,5,20131203,192500,18.3600,18.3700,18.3600,18.3700,2257,0
BBN.US,5,20131203,193000,18.3600,18.3700,18.3600,18.3600,1791,0
BBN.US,5,20131203,193500,18.3600,18.3600,18.3200,18.3400,2038,0
BBN.US,5,20131203,194000,18.3500,18.3500,18.3200,18.3200,5719,0
BBN.US,5,20131203,194500,18.3300,18.3400,18.3300,18.3400,656,0
BBN.US,5,20131203,195000,18.3500,18.3600,18.3500,18.3600,1074,0
BBN.US,5,20131203,195500,18.3500,18.3600,18.3300,18.3600,2596,0
BBN.US,5,20131203,200000,18.3500,18.3600,18.3500,18.3600,300,0
BBN.US,5,20131203,200500,18.3600,18.3600,18.3600,18.3600,200,0
BBN.US,5,20131203,201000,18.3400,18.3600,18.3400,18.3600,1200,0
BBN.US,5,20131203,201500,18.3400,18.3600,18.3400,18.3600,15572,0
BBN.US,5,20131203,202000,18.3300,18.3400,18.3000,18.3200,8156,0
BBN.US,5,20131203,202500,18.3300,18.3600,18.3200,18.3600,2258,0
BBN.US,5,20131203,203000,18.3400,18.3400,18.3400,18.3400,100,0
BBN.US,5,20131203,203500,18.3400,18.3400,18.3200,18.3200,2820,0
BBN.US,5,20131203,204000,18.3400,18.3400,18.3400,18.3400,2400,0
BBN.US,5,20131203,204500,18.3300,18.3300,18.3300,18.3300,872,0
BBN.US,5,20131203,205000,18.3200,18.3400,18.3200,18.3400,628,0
BBN.US,5,20131203,205500,18.3400,18.3400,18.3400,18.3400,100,0
BBN.US,5,20131203,210000,18.3400,18.3400,18.3300,18.3300,7251,0
BBN.US,5,20131203,210500,18.3300,18.3300,18.3200,18.3200,2500,0
BBN.US,5,20131203,211000,18.3200,18.3300,18.3000,18.3000,8399,0
BBN.US,5,20131203,211500,18.3200,18.3300,18.3000,18.3100,3624,0
BBN.US,5,20131203,212000,18.3100,18.3200,18.2900,18.2900,3643,0
BBN.US,5,20131203,212500,18.2900,18.3000,18.2900,18.2900,3582,0
BBN.US,5,20131203,213000,18.3000,18.3100,18.3000,18.3100,7000,0
BBN.US,5,20131203,213500,18.3100,18.3200,18.3100,18.3200,800,0
BBN.US,5,20131203,214000,18.2900,18.3300,18.2900,18.3100,7150,0
BBN.US,5,20131203,214500,18.3100,18.3300,18.3100,18.3300,500,0
BBN.US,5,20131203,215000,18.3100,18.3300,18.2900,18.3000,8958,0
BBN.US,5,20131203,215500,18.3300,18.3300,18.3100,18.3200,858,0
BBN.US,5,20131203,220000,18.3300,18.3300,18.3000,18.3100,3408,0
BBN.US,5,20131203,220500,18.3100,18.3100,18.3100,18.3100,723,0
BBN.US,5,20131204,153500,18.2800,18.2800,18.2700,18.2800,2138,0
BBN.US,5,20131204,154000,18.2700,18.2900,18.2700,18.2700,2900,0
BBN.US,5,20131204,154500,18.2800,18.2800,18.2800,18.2800,500,0
BBN.US,5,20131204,155000,18.2700,18.2700,18.2300,18.2300,600,0
BBN.US,5,20131204,155500,18.2300,18.2600,18.2300,18.2400,2100,0
BBN.US,5,20131204,160000,18.2500,18.2500,18.2200,18.2200,4900,0
BBN.US,5,20131204,160500,18.2400,18.2500,18.2400,18.2500,700,0
BBN.US,5,20131204,161000,18.2500,18.2500,18.2500,18.2500,1000,0
BBN.US,5,20131204,161500,18.2600,18.2800,18.2600,18.2800,2022,0
BBN.US,5,20131204,162000,18.2800,18.2800,18.2600,18.2700,4702,0
BBN.US,5,20131204,162500,18.2800,18.3100,18.2600,18.3100,15994,0
BBN.US,5,20131204,163000,18.3100,18.3100,18.2800,18.3100,1925,0
BBN.US,5,20131204,163500,18.2800,18.2800,18.2700,18.2700,852,0
BBN.US,5,20131204,164500,18.3100,18.3100,18.3100,18.3100,5100,0
BBN.US,5,20131204,165000,18.3000,18.3000,18.2800,18.3000,3500,0
BBN.US,5,20131204,165500,18.2900,18.2900,18.2900,18.2900,746,0
BBN.US,5,20131204,170000,18.2900,18.3100,18.2900,18.3100,1260,0
BBN.US,5,20131204,170500,18.2900,18.3100,18.2900,18.2900,5414,0
BBN.US,5,20131204,171000,18.2900,18.3200,18.2900,18.2900,11400,0
BBN.US,5,20131204,171500,18.3000,18.3000,18.3000,18.3000,515,0
BBN.US,5,20131204,172000,18.3100,18.3100,18.3100,18.3100,241,0
BBN.US,5,20131204,172500,18.3100,18.3100,18.3000,18.3000,200,0
BBN.US,5,20131204,173000,18.3100,18.3100,18.3000,18.3000,2645,0
BBN.US,5,20131204,173500,18.3100,18.3300,18.3100,18.3300,14889,0
BBN.US,5,20131204,174000,18.3300,18.3400,18.3200,18.3400,7404,0
BBN.US,5,20131204,174500,18.3200,18.3400,18.3200,18.3400,900,0
BBN.US,5,20131204,175000,18.3400,18.3400,18.3200,18.3200,2335,0
BBN.US,5,20131204,175500,18.3200,18.3400,18.3200,18.3300,8574,0
BBN.US,5,20131204,180000,18.3400,18.3800,18.3100,18.3400,24173,0
BBN.US,5,20131204,180500,18.3400,18.3600,18.3300,18.3400,3901,0
BBN.US,5,20131204,181000,18.3400,18.3600,18.3400,18.3600,3935,0
BBN.US,5,20131204,181500,18.3600,18.4200,18.3400,18.4200,7813,0
BBN.US,5,20131204,182000,18.4200,18.4200,18.3300,18.4100,9390,0
BBN.US,5,20131204,182500,18.3900,18.4000,18.3800,18.4000,3050,0
BBN.US,5,20131204,183000,18.4000,18.4200,18.4000,18.4200,4069,0
BBN.US,5,20131204,183500,18.4200,18.4200,18.4000,18.4000,7000,0
BBN.US,5,20131204,184000,18.4000,18.4100,18.3900,18.3900,3461,0
BBN.US,5,20131204,184500,18.4100,18.4100,18.3900,18.4100,3960,0
BBN.US,5,20131204,185000,18.4100,18.4200,18.3900,18.4200,2700,0
BBN.US,5,20131204,185500,18.4100,18.4200,18.3900,18.4000,12615,0
BBN.US,5,20131204,190000,18.4100,18.4500,18.3800,18.4000,48184,0
BBN.US,5,20131204,190500,18.4000,18.4000,18.3900,18.3900,23400,0
BBN.US,5,20131204,191000,18.4000,18.4000,18.3900,18.3900,15152,0
BBN.US,5,20131204,191500,18.3900,18.4100,18.3900,18.3900,12800,0
BBN.US,5,20131204,192000,18.4100,18.4500,18.3900,18.4300,17814,0
BBN.US,5,20131204,192500,18.4300,18.4500,18.4300,18.4500,4908,0
BBN.US,5,20131204,193000,18.4500,18.4500,18.4300,18.4500,10894,0
BBN.US,5,20131204,193500,18.4400,18.4400,18.4100,18.4100,4850,0
BBN.US,5,20131204,194000,18.4100,18.4100,18.4000,18.4000,3275,0
BBN.US,5,20131204,194500,18.4100,18.4100,18.3700,18.3700,10892,0
BBN.US,5,20131204,195000,18.3500,18.3900,18.3500,18.3900,1673,0
BBN.US,5,20131204,195500,18.3900,18.3900,18.3700,18.3700,1515,0
BBN.US,5,20131204,200000,18.3700,18.3800,18.3600,18.3600,2200,0
BBN.US,5,20131204,200500,18.3800,18.3800,18.3600,18.3600,1720,0
BBN.US,5,20131204,201000,18.3700,18.3700,18.3400,18.3700,2184,0
BBN.US,5,20131204,201500,18.3600,18.3600,18.3500,18.3600,1967,0
BBN.US,5,20131204,202000,18.3600,18.4500,18.3600,18.3900,37120,0
BBN.US,5,20131204,202500,18.4000,18.4100,18.3800,18.3900,16243,0
BBN.US,5,20131204,203000,18.3900,18.4100,18.3900,18.4000,12250,0
BBN.US,5,20131204,203500,18.4000,18.4100,18.3900,18.4100,4098,0
BBN.US,5,20131204,204000,18.4200,18.4500,18.4200,18.4500,5038,0
BBN.US,5,20131204,204500,18.4500,18.4500,18.4500,18.4500,3776,0
BBN.US,5,20131204,205000,18.4700,18.4700,18.4500,18.4500,11142,0
BBN.US,5,20131204,205500,18.4600,18.4600,18.4600,18.4600,509,0
BBN.US,5,20131204,210500,18.4700,18.4700,18.4600,18.4600,602,0
BBN.US,5,20131204,211000,18.4500,18.4700,18.4500,18.4700,1914,0
BBN.US,5,20131204,211500,18.4700,18.4700,18.4700,18.4700,2100,0
BBN.US,5,20131204,212000,18.4600,18.4700,18.4600,18.4700,4016,0
BBN.US,5,20131204,212500,18.4700,18.4700,18.4500,18.4500,6406,0
BBN.US,5,20131204,213000,18.4600,18.4600,18.4500,18.4500,3303,0
BBN.US,5,20131204,213500,18.4500,18.4600,18.4500,18.4500,6460,0
BBN.US,5,20131204,214000,18.4600,18.4600,18.4500,18.4600,5110,0
BBN.US,5,20131204,214500,18.4500,18.4600,18.4500,18.4500,15399,0
BBN.US,5,20131204,215000,18.4600,18.4600,18.4500,18.4500,1700,0
BBN.US,5,20131204,215500,18.4500,18.4600,18.4500,18.4500,3827,0
BBN.US,5,20131204,220000,18.4600,18.4800,18.4500,18.4800,6812,0
BBN.US,5,20131205,153500,18.4800,18.4900,18.4700,18.4900,1600,0
BBN.US,5,20131205,154000,18.4300,18.4300,18.4300,18.4300,190,0
BBN.US,5,20131205,154500,18.4400,18.4400,18.4300,18.4400,2925,0
BBN.US,5,20131205,155000,18.4300,18.4300,18.4300,18.4300,900,0
BBN.US,5,20131205,155500,18.4700,18.4700,18.4700,18.4700,1320,0
BBN.US,5,20131205,160000,18.4600,18.4800,18.4600,18.4700,5207,0
BBN.US,5,20131205,160500,18.4800,18.4900,18.4800,18.4800,3600,0
BBN.US,5,20131205,161000,18.4900,18.5300,18.4800,18.5100,22244,0
BBN.US,5,20131205,161500,18.5300,18.5400,18.5300,18.5400,4511,0
BBN.US,5,20131205,162000,18.5300,18.5800,18.5100,18.5200,16940,0
BBN.US,5,20131205,162500,18.5200,18.5300,18.5200,18.5300,4604,0
BBN.US,5,20131205,163000,18.5200,18.5200,18.5100,18.5200,4700,0
BBN.US,5,20131205,163500,18.5000,18.5200,18.5000,18.5200,6780,0
BBN.US,5,20131205,164000,18.5100,18.5300,18.4800,18.5100,3804,0
BBN.US,5,20131205,164500,18.5000,18.5300,18.5000,18.5300,5538,0
BBN.US,5,20131205,165000,18.5000,18.5300,18.5000,18.5100,7150,0
BBN.US,5,20131205,165500,18.5100,18.5300,18.5000,18.5200,4570,0
BBN.US,5,20131205,170000,18.5100,18.5200,18.5000,18.5100,12514,0
BBN.US,5,20131205,170500,18.5000,18.5000,18.4800,18.4900,5050,0
BBN.US,5,20131205,171000,18.4800,18.5300,18.4800,18.5300,1500,0
BBN.US,5,20131205,171500,18.5200,18.5300,18.5200,18.5300,1206,0
BBN.US,5,20131205,172000,18.5200,18.5200,18.5100,18.5100,1738,0
BBN.US,5,20131205,172500,18.5000,18.5200,18.5000,18.5100,4235,0
BBN.US,5,20131205,173000,18.5200,18.5200,18.5200,18.5200,1200,0
BBN.US,5,20131205,173500,18.5200,18.5200,18.5200,18.5200,2367,0
BBN.US,5,20131205,174000,18.5200,18.5200,18.5200,18.5200,400,0
BBN.US,5,20131205,174500,18.5200,18.5200,18.5200,18.5200,100,0
BBN.US,5,20131205,175000,18.5300,18.5300,18.5000,18.5100,7017,0
BBN.US,5,20131205,175500,18.5000,18.5000,18.5000,18.5000,302,0
BBN.US,5,20131205,180000,18.5000,18.5400,18.5000,18.5400,2000,0
BBN.US,5,20131205,180500,18.5300,18.5400,18.5100,18.5400,1900,0
BBN.US,5,20131205,181000,18.5400,18.5400,18.5400,18.5400,100,0
BBN.US,5,20131205,181500,18.5300,18.5300,18.5300,18.5300,200,0
BBN.US,5,20131205,182000,18.5200,18.5400,18.5200,18.5400,34400,0
BBN.US,5,20131205,182500,18.5400,18.5400,18.4900,18.5100,24010,0
BBN.US,5,20131205,183000,18.5300,18.5400,18.5100,18.5300,20400,0
BBN.US,5,20131205,183500,18.5400,18.5400,18.5300,18.5300,3445,0
BBN.US,5,20131205,184000,18.5100,18.5300,18.5100,18.5100,3059,0
BBN.US,5,20131205,184500,18.5100,18.5300,18.5100,18.5300,4565,0
BBN.US,5,20131205,185000,18.5100,18.5100,18.5100,18.5100,640,0
BBN.US,5,20131205,190000,18.5200,18.5200,18.5100,18.5100,2383,0
BBN.US,5,20131205,190500,18.5200,18.5300,18.5200,18.5300,3509,0
BBN.US,5,20131205,191000,18.5200,18.5200,18.5200,18.5200,1400,0
BBN.US,5,20131205,191500,18.5200,18.5200,18.5200,18.5200,2655,0
BBN.US,5,20131205,192500,18.5300,18.5300,18.5200,18.5200,10695,0
BBN.US,5,20131205,193000,18.5000,18.5000,18.5000,18.5000,2000,0
BBN.US,5,20131205,193500,18.5000,18.5100,18.4800,18.4800,6293,0
BBN.US,5,20131205,194000,18.5000,18.5000,18.5000,18.5000,1000,0
BBN.US,5,20131205,194500,18.5100,18.5100,18.4900,18.4900,1650,0
BBN.US,5,20131205,195500,18.4900,18.4900,18.4900,18.4900,9747,0
BBN.US,5,20131205,200000,18.4900,18.5100,18.4900,18.5000,13323,0
BBN.US,5,20131205,200500,18.4900,18.5000,18.4900,18.5000,4450,0
BBN.US,5,20131205,201000,18.5000,18.5000,18.4800,18.4800,6500,0
BBN.US,5,20131205,201500,18.4800,18.5600,18.4800,18.5200,31213,0
BBN.US,5,20131205,202000,18.5100,18.5200,18.5100,18.5100,4400,0
BBN.US,5,20131205,202500,18.5100,18.5300,18.5100,18.5300,400,0
BBN.US,5,20131205,203000,18.5100,18.5300,18.5100,18.5300,2172,0
BBN.US,5,20131205,203500,18.5100,18.5600,18.5100,18.5500,2800,0
BBN.US,5,20131205,204000,18.5300,18.5500,18.5300,18.5500,2217,0
BBN.US,5,20131205,204500,18.5400,18.5400,18.5300,18.5400,1578,0
BBN.US,5,20131205,205000,18.5400,18.5400,18.5400,18.5400,1200,0
BBN.US,5,20131205,205500,18.5300,18.5500,18.5300,18.5300,1942,0
BBN.US,5,20131205,210000,18.5500,18.5500,18.4900,18.4900,18524,0
BBN.US,5,20131205,210500,18.4900,18.4900,18.4700,18.4700,1240,0
BBN.US,5,20131205,211000,18.4700,18.5300,18.4700,18.5200,13506,0
BBN.US,5,20131205,211500,18.5200,18.5200,18.5200,18.5200,6800,0
BBN.US,5,20131205,212000,18.5000,18.5300,18.5000,18.5200,17719,0
BBN.US,5,20131205,212500,18.5200,18.5200,18.5000,18.5100,1400,0
BBN.US,5,20131205,213000,18.5100,18.5500,18.5100,18.5500,35300,0
BBN.US,5,20131205,213500,18.5200,18.5200,18.5100,18.5100,5619,0
BBN.US,5,20131205,214000,18.5200,18.5300,18.5100,18.5300,5421,0
BBN.US,5,20131205,214500,18.5300,18.5500,18.5300,18.5300,9450,0
BBN.US,5,20131205,215000,18.5400,18.5500,18.5100,18.5300,9901,0
BBN.US,5,20131205,215500,18.5400,18.5600,18.5200,18.5500,23682,0
BBN.US,5,20131205,220000,18.5600,18.5600,18.5000,18.5100,7200,0
BBN.US,5,20131205,220500,18.5100,18.5100,18.5100,18.5100,111,0
BBN.US,5,20131206,153500,18.5500,18.5500,18.5500,18.5500,200,0
BBN.US,5,20131206,154000,18.5500,18.5600,18.5100,18.5100,2000,0
BBN.US,5,20131206,154500,18.5100,18.5200,18.5100,18.5200,1165,0
BBN.US,5,20131206,155000,18.5000,18.5100,18.4600,18.5100,5309,0
BBN.US,5,20131206,155500,18.5100,18.5100,18.4800,18.5100,1625,0
BBN.US,5,20131206,160000,18.5100,18.5100,18.4700,18.4700,600,0
BBN.US,5,20131206,160500,18.4500,18.4900,18.4400,18.4900,6325,0
BBN.US,5,20131206,161500,18.4700,18.4900,18.4500,18.4900,4800,0
BBN.US,5,20131206,162000,18.4900,18.4900,18.4500,18.4900,4400,0
BBN.US,5,20131206,162500,18.4900,18.4900,18.4600,18.4900,4800,0
BBN.US,5,20131206,163000,18.4600,18.4900,18.4500,18.4900,2000,0
BBN.US,5,20131206,164000,18.4600,18.4900,18.4600,18.4900,5004,0
BBN.US,5,20131206,164500,18.4500,18.4500,18.4500,18.4500,1600,0
BBN.US,5,20131206,165000,18.4500,18.5300,18.4500,18.4800,27267,0
BBN.US,5,20131206,165500,18.4900,18.5200,18.4700,18.4700,2020,0
BBN.US,5,20131206,170000,18.4900,18.5800,18.4900,18.5600,12966,0
BBN.US,5,20131206,170500,18.5500,18.6100,18.5500,18.6000,9214,0
BBN.US,5,20131206,171000,18.6000,18.6500,18.6000,18.6500,14328,0
BBN.US,5,20131206,171500,18.6100,18.6600,18.6100,18.6200,5150,0
BBN.US,5,20131206,172000,18.6500,18.6600,18.6500,18.6600,1300,0
BBN.US,5,20131206,172500,18.6600,18.6800,18.6600,18.6800,900,0
BBN.US,5,20131206,173000,18.6800,18.6800,18.6400,18.6800,1556,0
BBN.US,5,20131206,173500,18.6800,18.6800,18.6100,18.6100,3500,0
BBN.US,5,20131206,174000,18.6200,18.6200,18.6100,18.6100,3325,0
BBN.US,5,20131206,174500,18.6300,18.6300,18.6000,18.6000,16600,0
BBN.US,5,20131206,175000,18.6100,18.6100,18.6000,18.6000,3510,0
BBN.US,5,20131206,175500,18.6000,18.6300,18.5900,18.6300,17800,0
BBN.US,5,20131206,180000,18.6100,18.6100,18.6100,18.6100,985,0
BBN.US,5,20131206,180500,18.6300,18.6600,18.6300,18.6500,10132,0
BBN.US,5,20131206,181000,18.6200,18.6600,18.6200,18.6600,767,0
BBN.US,5,20131206,181500,18.6400,18.6400,18.6400,18.6400,1441,0
BBN.US,5,20131206,182000,18.6200,18.6400,18.6200,18.6400,3209,0
BBN.US,5,20131206,182500,18.6600,18.6600,18.6400,18.6400,685,0
BBN.US,5,20131206,183000,18.6300,18.6300,18.6200,18.6300,2200,0
BBN.US,5,20131206,183500,18.6200,18.6200,18.6200,18.6200,400,0
BBN.US,5,20131206,184000,18.6300,18.6300,18.6300,18.6300,675,0
BBN.US,5,20131206,184500,18.6300,18.6500,18.6300,18.6500,3500,0
BBN.US,5,20131206,185000,18.6500,18.6500,18.6400,18.6400,2300,0
BBN.US,5,20131206,190000,18.6400,18.6500,18.6200,18.6200,4130,0
BBN.US,5,20131206,190500,18.6300,18.6300,18.6200,18.6200,2030,0
BBN.US,5,20131206,191000,18.6100,18.6200,18.6100,18.6100,1314,0
BBN.US,5,20131206,191500,18.6100,18.6300,18.6100,18.6200,2780,0
BBN.US,5,20131206,192000,18.6300,18.6500,18.6300,18.6300,1505,0
BBN.US,5,20131206,192500,18.6100,18.6100,18.6100,18.6100,2100,0
BBN.US,5,20131206,193000,18.6100,18.6100,18.6100,18.6100,1509,0
BBN.US,5,20131206,193500,18.6100,18.6200,18.6100,18.6100,1065,0
BBN.US,5,20131206,194000,18.6100,18.6300,18.6000,18.6000,1597,0
BBN.US,5,20131206,194500,18.6200,18.6300,18.6200,18.6300,3213,0
BBN.US,5,20131206,195000,18.6300,18.6500,18.6200,18.6400,5675,0
BBN.US,5,20131206,195500,18.6400,18.6400,18.6300,18.6300,750,0
BBN.US,5,20131206,200000,18.6400,18.6400,18.6200,18.6200,5450,0
BBN.US,5,20131206,200500,18.6300,18.6900,18.6300,18.6400,41363,0
BBN.US,5,20131206,201000,18.6400,18.6600,18.6300,18.6600,2825,0
BBN.US,5,20131206,201500,18.6500,18.6500,18.6400,18.6500,2431,0
BBN.US,5,20131206,202500,18.6400,18.6500,18.6400,18.6500,2164,0
BBN.US,5,20131206,203000,18.6500,18.6500,18.6500,18.6500,800,0
BBN.US,5,20131206,203500,18.6500,18.6700,18.6500,18.6600,8225,0
BBN.US,5,20131206,204000,18.6400,18.6600,18.6400,18.6600,2703,0
BBN.US,5,20131206,204500,18.6500,18.6500,18.6500,18.6500,200,0
BBN.US,5,20131206,205000,18.6600,18.6700,18.6600,18.6700,2350,0
BBN.US,5,20131206,205500,18.6600,18.6700,18.6500,18.6500,5598,0
BBN.US,5,20131206,210000,18.6500,18.6500,18.6500,18.6500,2086,0
BBN.US,5,20131206,210500,18.6500,18.7200,18.6500,18.6800,72195,0
BBN.US,5,20131206,211000,18.6700,18.7000,18.6700,18.6900,6467,0
BBN.US,5,20131206,211500,18.6900,18.7100,18.6800,18.6800,7238,0
BBN.US,5,20131206,212000,18.6600,18.6600,18.6600,18.6600,2200,0
BBN.US,5,20131206,212500,18.6600,18.6700,18.6600,18.6600,4800,0
BBN.US,5,20131206,213000,18.6600,18.7000,18.6600,18.6900,14271,0
BBN.US,5,20131206,213500,18.6900,18.6900,18.6600,18.6900,2681,0
BBN.US,5,20131206,214000,18.6900,18.6900,18.6500,18.6500,4520,0
BBN.US,5,20131206,214500,18.6700,18.6800,18.6700,18.6800,2556,0
BBN.US,5,20131206,215000,18.6800,18.7100,18.6800,18.7000,2657,0
BBN.US,5,20131206,215500,18.7000,18.7100,18.6700,18.6900,2523,0
BBN.US,5,20131206,220000,18.6700,18.6900,18.6600,18.6600,7125,0
BBN.US,5,20131206,220500,18.6800,18.6800,18.6800,18.6800,534,0
BBN.US,5,20131209,153500,18.6500,18.6700,18.6500,18.6700,2000,0
BBN.US,5,20131209,154000,18.6700,18.6800,18.6700,18.6800,452,0
BBN.US,5,20131209,154500,18.6800,18.6900,18.6700,18.6700,750,0
BBN.US,5,20131209,155000,18.6700,18.6700,18.6400,18.6400,2554,0
BBN.US,5,20131209,155500,18.6600,18.6600,18.6500,18.6500,600,0
BBN.US,5,20131209,160000,18.6700,18.6700,18.6700,18.6700,200,0
BBN.US,5,20131209,160500,18.6800,18.7000,18.6800,18.6900,1150,0
BBN.US,5,20131209,161000,18.6800,18.6900,18.6700,18.6800,2909,0
BBN.US,5,20131209,161500,18.6700,18.6800,18.6700,18.6800,500,0
BBN.US,5,20131209,162000,18.6700,18.6800,18.6700,18.6800,1500,0
BBN.US,5,20131209,162500,18.6800,18.6800,18.6800,18.6800,263,0
BBN.US,5,20131209,163000,18.6700,18.6800,18.6700,18.6800,2700,0
BBN.US,5,20131209,163500,18.6700,18.6700,18.6400,18.6400,9930,0
BBN.US,5,20131209,164000,18.6300,18.6400,18.5800,18.5800,16296,0
BBN.US,5,20131209,164500,18.5800,18.5800,18.5400,18.5600,8363,0
BBN.US,5,20131209,165000,18.5500,18.5500,18.5400,18.5500,10832,0
BBN.US,5,20131209,165500,18.5400,18.5700,18.5400,18.5700,862,0
BBN.US,5,20131209,170000,18.5400,18.5600,18.5400,18.5500,2507,0
BBN.US,5,20131209,170500,18.5500,18.5800,18.5400,18.5500,3355,0
BBN.US,5,20131209,171000,18.5600,18.5600,18.5600,18.5600,100,0
BBN.US,5,20131209,171500,18.5500,18.5900,18.5500,18.5600,5430,0
BBN.US,5,20131209,172000,18.5500,18.5500,18.5500,18.5500,210,0
BBN.US,5,20131209,172500,18.5500,18.5500,18.5400,18.5400,6624,0
BBN.US,5,20131209,173000,18.5400,18.5500,18.5300,18.5300,3391,0
BBN.US,5,20131209,173500,18.5200,18.5200,18.5200,18.5200,1395,0
BBN.US,5,20131209,174000,18.5200,18.5200,18.5200,18.5200,11679,0
BBN.US,5,20131209,174500,18.5100,18.5100,18.4900,18.5000,2951,0
BBN.US,5,20131209,175000,18.5000,18.5000,18.5000,18.5000,1672,0
BBN.US,5,20131209,175500,18.5300,18.5300,18.5200,18.5200,1100,0
BBN.US,5,20131209,180000,18.5100,18.5400,18.5100,18.5400,9888,0
BBN.US,5,20131209,180500,18.5300,18.5400,18.5100,18.5400,1186,0
BBN.US,5,20131209,181000,18.5100,18.5300,18.5000,18.5000,8966,0
BBN.US,5,20131209,181500,18.5100,18.5400,18.5100,18.5200,5700,0
BBN.US,5,20131209,182000,18.5300,18.5300,18.5200,18.5200,200,0
BBN.US,5,20131209,182500,18.5200,18.5200,18.4900,18.5000,3415,0
BBN.US,5,20131209,183000,18.5000,18.5000,18.4900,18.4900,4784,0
BBN.US,5,20131209,183500,18.4800,18.5000,18.4800,18.5000,1630,0
BBN.US,5,20131209,184000,18.4800,18.5000,18.4800,18.4900,6648,0
BBN.US,5,20131209,184500,18.4800,18.4800,18.4800,18.4800,2010,0
BBN.US,5,20131209,185000,18.4800,18.5000,18.4800,18.5000,3650,0
BBN.US,5,20131209,185500,18.5000,18.5800,18.5000,18.5800,16892,0
BBN.US,5,20131209,190000,18.5600,18.6800,18.5600,18.6400,34981,0
BBN.US,5,20131209,190500,18.6800,18.6800,18.6400,18.6500,3551,0
BBN.US,5,20131209,191000,18.6500,18.7600,18.6400,18.6500,89525,0
BBN.US,5,20131209,191500,18.6500,18.6500,18.6500,18.6500,2251,0
BBN.US,5,20131209,192000,18.6800,18.6800,18.6400,18.6400,1540,0
BBN.US,5,20131209,192500,18.6700,18.6900,18.6500,18.6800,4720,0
BBN.US,5,20131209,193000,18.6600,18.6600,18.6600,18.6600,1809,0
BBN.US,5,20131209,193500,18.6900,18.6900,18.6900,18.6900,2777,0
BBN.US,5,20131209,194000,18.7000,18.7100,18.6600,18.7100,6427,0
BBN.US,5,20131209,194500,18.6900,18.7000,18.6800,18.6800,5870,0
BBN.US,5,20131209,195000,18.7100,18.7100,18.7100,18.7100,100,0
BBN.US,5,20131209,195500,18.7000,18.7000,18.6900,18.6900,1200,0
BBN.US,5,20131209,200000,18.6700,18.6700,18.6700,18.6700,425,0
BBN.US,5,20131209,200500,18.6700,18.6900,18.6700,18.6900,1997,0
BBN.US,5,20131209,201000,18.6900,18.6900,18.6800,18.6800,500,0
BBN.US,5,20131209,201500,18.6700,18.6800,18.6700,18.6800,3819,0
BBN.US,5,20131209,202000,18.6700,18.6700,18.6600,18.6600,15290,0
BBN.US,5,20131209,202500,18.6700,18.6900,18.6600,18.6700,2800,0
BBN.US,5,20131209,203000,18.6800,18.6800,18.6800,18.6800,200,0
BBN.US,5,20131209,203500,18.6900,18.6900,18.6900,18.6900,1030,0
BBN.US,5,20131209,204000,18.7000,18.7100,18.7000,18.7100,1500,0
BBN.US,5,20131209,204500,18.7300,18.7400,18.7000,18.7200,11194,0
BBN.US,5,20131209,205500,18.7100,18.7100,18.7000,18.7000,889,0
BBN.US,5,20131209,210000,18.7200,18.7200,18.7000,18.7100,3737,0
BBN.US,5,20131209,210500,18.7200,18.7200,18.6800,18.6800,9363,0
BBN.US,5,20131209,211000,18.6800,18.6800,18.6400,18.6400,18100,0
BBN.US,5,20131209,211500,18.6400,18.6400,18.6400,18.6400,4715,0
BBN.US,5,20131209,212000,18.6500,18.6600,18.6500,18.6600,1350,0
BBN.US,5,20131209,212500,18.6700,18.6900,18.6500,18.6900,4970,0
BBN.US,5,20131209,213000,18.6600,18.6900,18.6500,18.6700,3183,0
BBN.US,5,20131209,213500,18.6700,18.6700,18.6500,18.6700,1643,0
BBN.US,5,20131209,214000,18.6800,18.7000,18.6700,18.6900,6374,0
BBN.US,5,20131209,214500,18.7000,18.7000,18.6800,18.6900,765,0
BBN.US,5,20131209,215000,18.6800,18.7100,18.6700,18.6800,5925,0
BBN.US,5,20131209,215500,18.7100,18.7200,18.6500,18.6500,5905,0
BBN.US,5,20131209,220000,18.6600,18.6700,18.6100,18.6600,6515,0
BBN.US,5,20131209,220500,18.6400,18.6400,18.6400,18.6400,264,0
