<TICKER>,<PER>,<DTYYYYMMDD>,<TIME>,<OPEN>,<HIGH>,<LOW>,<CLOSE>,<VOL>,<OPENINT>
BLK.US,5,20131112,153500,300.3600,301.7400,300.0000,300.9200,1500,0
BLK.US,5,20131112,154000,300.6100,300.6100,299.2700,299.5000,6815,0
BLK.US,5,20131112,154500,299.2400,300.9100,299.2400,300.8000,2266,0
BLK.US,5,20131112,155000,300.2800,302.0000,300.2800,301.7200,2606,0
BLK.US,5,20131112,155500,301.7600,301.7600,300.7900,300.8300,3900,0
BLK.US,5,20131112,160000,300.6600,301.2500,300.6600,301.1300,1172,0
BLK.US,5,20131112,160500,301.1200,301.1900,300.4500,301.0000,4361,0
BLK.US,5,20131112,161000,300.9200,300.9200,300.6100,300.8800,1988,0
BLK.US,5,20131112,161500,301.0300,301.0800,300.5500,300.5700,1500,0
BLK.US,5,20131112,162000,300.5700,301.3500,300.5700,301.2000,5183,0
BLK.US,5,20131112,162500,301.4700,301.7000,301.0700,301.7000,6500,0
BLK.US,5,20131112,163000,301.5800,302.0000,301.5100,302.0000,1901,0
BLK.US,5,20131112,163500,302.0700,302.2000,301.8000,302.0900,8575,0
BLK.US,5,20131112,164000,302.1000,302.3700,302.0200,302.0900,6974,0
BLK.US,5,20131112,164500,302.0900,302.1700,301.3500,301.9000,7872,0
BLK.US,5,20131112,165000,301.9000,302.0100,301.0300,301.1300,8098,0
BLK.US,5,20131112,165500,301.1000,301.3200,300.8200,300.8200,3400,0
BLK.US,5,20131112,170000,300.8300,300.8300,299.9000,300.1900,3943,0
BLK.US,5,20131112,170500,300.3500,300.4400,300.0800,300.4300,1580,0
BLK.US,5,20131112,171000,300.6500,300.9200,300.3800,300.3900,2984,0
BLK.US,5,20131112,171500,300.5200,300.9700,300.5200,300.9000,2130,0
BLK.US,5,20131112,172000,300.8400,301.0100,300.8400,300.9800,1900,0
BLK.US,5,20131112,172500,301.0600,301.0600,300.7000,300.8800,3282,0
BLK.US,5,20131112,173000,300.8900,301.0700,300.6900,300.9900,3306,0
BLK.US,5,20131112,173500,300.9300,301.2200,300.7100,301.1600,5252,0
BLK.US,5,20131112,174000,301.0200,301.0200,299.9000,299.9000,7493,0
BLK.US,5,20131112,174500,299.7800,300.1600,299.7800,300.0400,1000,0
BLK.US,5,20131112,175000,299.9900,300.0900,299.7200,299.7200,2100,0
BLK.US,5,20131112,175500,300.0800,300.0800,299.5500,299.5700,3032,0
BLK.US,5,20131112,180000,299.5700,299.7500,299.4700,299.4700,1300,0
BLK.US,5,20131112,180500,299.6700,299.9700,299.4900,299.4900,4412,0
BLK.US,5,20131112,181000,299.4700,299.6100,299.0400,299.2900,8899,0
BLK.US,5,20131112,181500,299.2900,299.2900,299.0100,299.1500,8699,0
BLK.US,5,20131112,182000,299.0600,299.0600,298.9100,298.9900,2588,0
BLK.US,5,20131112,182500,298.9700,299.0600,298.6100,298.6600,4200,0
BLK.US,5,20131112,183000,298.6700,299.0200,298.5900,299.0200,6192,0
BLK.US,5,20131112,183500,298.6700,298.7900,298.3100,298.5600,6000,0
BLK.US,5,20131112,184000,298.7000,298.9000,298.3100,298.5900,5600,0
BLK.US,5,20131112,184500,298.7000,298.8700,298.4500,298.8700,3400,0
BLK.US,5,20131112,185000,298.8800,298.8800,298.5900,298.5900,800,0
BLK.US,5,20131112,185500,298.7100,298.7700,298.4600,298.5700,6700,0
BLK.US,5,20131112,190000,298.5700,298.6800,298.3700,298.5500,1863,0
BLK.US,5,20131112,190500,298.5200,298.5400,298.1600,298.1600,3764,0
BLK.US,5,20131112,191000,298.2400,298.2600,298.1400,298.1400,600,0
BLK.US,5,20131112,191500,298.2800,298.6700,298.2800,298.6500,2700,0
BLK.US,5,20131112,192000,298.6400,298.6400,298.3700,298.3800,1300,0
BLK.US,5,20131112,192500,298.4900,298.4900,298.1900,298.2600,2650,0
BLK.US,5,20131112,193000,298.3300,298.3300,297.4800,297.4800,14565,0
BLK.US,5,20131112,193500,297.5000,297.6300,296.6000,296.6000,16173,0
BLK.US,5,20131112,194000,296.6900,296.8500,296.4400,296.7200,4698,0
BLK.US,5,20131112,194500,296.6800,297.1500,296.5000,297.1200,4845,0
BLK.US,5,20131112,195000,296.9200,297.0400,296.8800,296.9800,1300,0
BLK.US,5,20131112,195500,297.1300,297.1300,296.9500,297.0300,1832,0
BLK.US,5,20131112,200000,296.9800,297.2200,296.9800,297.1100,1540,0
BLK.US,5,20131112,200500,297.2000,297.6700,297.0500,297.4900,4200,0
BLK.US,5,20131112,201000,297.5000,297.6200,297.3200,297.4000,2800,0
BLK.US,5,20131112,201500,297.3300,297.5500,297.3300,297.3500,1200,0
BLK.US,5,20131112,202000,297.4500,297.9100,297.3500,297.9100,5200,0
BLK.US,5,20131112,202500,297.9900,298.1500,297.5900,297.6300,4655,0
BLK.US,5,20131112,203000,297.6700,297.7400,297.4900,297.5900,2800,0
BLK.US,5,20131112,203500,297.5200,297.8800,297.4500,297.8800,2296,0
BLK.US,5,20131112,204000,297.9000,298.2800,297.8300,297.9500,5044,0
BLK.US,5,20131112,204500,297.8700,298.2400,297.8700,297.9600,3300,0
BLK.US,5,20131112,205000,297.9800,298.4200,297.9300,298.2900,2480,0
BLK.US,5,20131112,205500,298.5900,298.5900,298.1100,298.1600,4000,0
BLK.US,5,20131112,210000,298.2500,298.9700,298.2100,298.4000,8507,0
BLK.US,5,20131112,210500,298.5200,298.8700,298.5200,298.6100,4012,0
BLK.US,5,20131112,211000,298.6900,298.7200,297.9900,298.7200,10700,0
BLK.US,5,20131112,211500,298.5900,298.7600,297.5400,297.5400,7400,0
BLK.US,5,20131112,212000,297.3700,298.0900,297.3000,298.0900,4311,0
BLK.US,5,20131112,212500,298.0700,298.1900,297.6500,297.8400,5487,0
BLK.US,5,20131112,213000,297.8000,298.0300,297.5100,297.5100,5922,0
BLK.US,5,20131112,213500,297.6000,298.0500,297.5100,297.8500,4984,0
BLK.US,5,20131112,214000,297.8500,297.9900,297.5600,297.7100,8505,0
BLK.US,5,20131112,214500,297.6900,297.8400,297.6700,297.8200,7000,0
BLK.US,5,20131112,215000,297.7900,297.7900,296.7800,297.0300,13676,0
BLK.US,5,20131112,215500,297.0700,297.3100,296.6300,296.6700,25247,0
BLK.US,5,20131112,220000,296.6700,297.2500,296.6700,296.9900,40209,0
BLK.US,5,20131112,220500,297.2100,297.2100,297.2100,297.2100,21944,0
BLK.US,5,20131113,153500,295.0000,296.6400,295.0000,295.3400,2358,0
BLK.US,5,20131113,154000,295.5400,296.0300,294.8200,295.5900,13431,0
BLK.US,5,20131113,154500,295.5400,295.9500,294.3700,294.4100,7918,0
BLK.US,5,20131113,155000,294.6200,295.4600,294.3800,295.0100,9734,0
BLK.US,5,20131113,155500,294.9500,296.0600,294.6800,295.8500,22025,0
BLK.US,5,20131113,160000,296.3000,296.4300,295.5500,296.3200,6464,0
BLK.US,5,20131113,160500,296.4300,296.6300,295.9400,296.1300,6500,0
BLK.US,5,20131113,161000,296.1400,296.3000,295.6800,295.6900,4298,0
BLK.US,5,20131113,161500,295.5900,296.3900,295.5900,296.3900,5687,0
BLK.US,5,20131113,162000,296.3800,296.4400,295.8900,295.8900,5756,0
BLK.US,5,20131113,162500,295.9700,296.2200,295.5600,296.0700,3987,0
BLK.US,5,20131113,163000,295.9000,296.4000,295.8300,296.0500,8504,0
BLK.US,5,20131113,163500,296.0500,296.2300,295.9000,296.0300,14889,0
BLK.US,5,20131113,164000,295.9500,296.5900,295.9500,296.3500,3900,0
BLK.US,5,20131113,164500,296.3200,296.6600,296.2800,296.6200,3669,0
BLK.US,5,20131113,165000,296.5000,296.6600,296.1300,296.5000,4130,0
BLK.US,5,20131113,165500,296.3500,296.5900,296.0400,296.2700,5009,0
BLK.US,5,20131113,170000,296.1200,296.1200,295.6400,295.6800,3689,0
BLK.US,5,20131113,170500,295.6200,295.6900,294.8400,295.3000,13623,0
BLK.US,5,20131113,171000,295.3000,295.4300,295.0100,295.2100,5942,0
BLK.US,5,20131113,171500,295.3300,295.3300,294.8900,294.9300,5264,0
BLK.US,5,20131113,172000,294.9300,294.9800,294.7100,294.8300,6843,0
BLK.US,5,20131113,172500,294.7800,295.2900,294.6400,295.1600,16834,0
BLK.US,5,20131113,173000,295.2100,295.5400,295.0100,295.2800,5964,0
BLK.US,5,20131113,173500,295.5000,296.0100,295.4400,295.8600,7781,0
BLK.US,5,20131113,174000,295.8100,296.0300,295.7200,295.7300,3784,0
BLK.US,5,20131113,174500,295.6500,295.6500,295.0900,295.3100,4600,0
BLK.US,5,20131113,175000,295.5900,295.7200,295.4300,295.4500,4305,0
BLK.US,5,20131113,175500,295.6900,295.8700,295.6200,295.6500,2222,0
BLK.US,5,20131113,180000,295.6400,295.7800,295.4300,295.6800,8300,0
BLK.US,5,20131113,180500,295.6800,295.7300,295.4700,295.6300,5291,0
BLK.US,5,20131113,181000,295.6300,295.7700,295.4600,295.5500,7439,0
BLK.US,5,20131113,181500,295.5100,295.5800,295.4500,295.5000,3200,0
BLK.US,5,20131113,182000,295.7900,295.8800,295.7100,295.8800,4855,0
BLK.US,5,20131113,182500,295.8500,296.5100,295.8500,296.1800,14019,0
BLK.US,5,20131113,183000,296.3400,296.8800,296.3400,296.6100,8780,0
BLK.US,5,20131113,183500,296.4600,296.6500,296.4100,296.6400,6419,0
BLK.US,5,20131113,184000,296.5000,296.7900,296.5000,296.6900,10106,0
BLK.US,5,20131113,184500,296.7000,297.2000,296.6000,297.2000,4768,0
BLK.US,5,20131113,185000,297.1900,297.5000,297.1100,297.5000,6110,0
BLK.US,5,20131113,185500,297.4400,297.5700,297.2200,297.3400,5017,0
BLK.US,5,20131113,190000,297.4500,297.5600,297.4100,297.5400,3100,0
BLK.US,5,20131113,190500,297.6100,297.6600,297.4600,297.5300,6145,0
BLK.US,5,20131113,191000,297.4900,297.5600,297.2800,297.2900,5400,0
BLK.US,5,20131113,191500,297.3900,297.4100,296.4600,296.7200,5474,0
BLK.US,5,20131113,192000,296.8200,297.0600,296.8100,296.9300,6724,0
BLK.US,5,20131113,192500,296.9500,297.1000,296.9000,297.0100,3126,0
BLK.US,5,20131113,193000,297.0200,297.3900,296.9300,297.3800,3061,0
BLK.US,5,20131113,193500,297.3800,297.4700,297.1600,297.3600,5400,0
BLK.US,5,20131113,194000,297.3100,297.4600,297.0900,297.1800,4900,0
BLK.US,5,20131113,194500,297.2200,297.2700,297.0400,297.0400,4484,0
BLK.US,5,20131113,195000,297.0400,297.7900,296.9500,297.6000,6270,0
BLK.US,5,20131113,195500,297.8000,297.8000,297.2800,297.3100,2550,0
BLK.US,5,20131113,200000,297.3400,297.3600,297.1700,297.2400,4247,0
BLK.US,5,20131113,200500,297.1600,297.3900,296.7600,297.0500,11292,0
BLK.US,5,20131113,201000,297.0100,297.0100,296.6300,296.6300,3200,0
BLK.US,5,20131113,201500,296.6300,296.8400,296.3900,296.4500,4542,0
BLK.US,5,20131113,202000,296.4400,296.6000,296.3200,296.3700,4266,0
BLK.US,5,20131113,202500,296.4600,296.8400,296.4600,296.8400,3376,0
BLK.US,5,20131113,203000,296.8600,297.2700,296.7700,296.9800,17942,0
BLK.US,5,20131113,203500,296.9800,297.2200,296.9300,297.2200,6600,0
BLK.US,5,20131113,204000,297.1000,297.1700,297.0000,297.1100,6475,0
BLK.US,5,20131113,204500,297.1800,297.3000,297.1100,297.2700,4625,0
BLK.US,5,20131113,205000,297.2500,297.6300,297.1200,297.5100,4195,0
BLK.US,5,20131113,205500,297.5100,297.7000,297.4200,297.4600,6352,0
BLK.US,5,20131113,210000,297.4600,297.5100,297.2500,297.2500,1900,0
BLK.US,5,20131113,210500,297.2300,297.5900,297.2300,297.5200,8101,0
BLK.US,5,20131113,211000,297.5200,297.6200,297.5200,297.5900,7500,0
BLK.US,5,20131113,211500,297.5900,297.6900,297.5400,297.5700,6243,0
BLK.US,5,20131113,212000,297.6100,297.7000,297.4300,297.7000,6423,0
BLK.US,5,20131113,212500,297.7100,297.9500,297.7000,297.9100,10609,0
BLK.US,5,20131113,213000,297.9400,297.9400,297.6900,297.9000,9071,0
BLK.US,5,20131113,213500,297.8100,297.9300,297.6600,297.8300,5238,0
BLK.US,5,20131113,214000,298.0000,298.3200,297.8900,298.2200,9321,0
BLK.US,5,20131113,214500,298.3000,298.5800,298.3000,298.3900,7314,0
BLK.US,5,20131113,215000,298.5400,298.8600,298.5100,298.7800,11248,0
BLK.US,5,20131113,215500,298.7800,298.8600,298.3900,298.4600,14727,0
BLK.US,5,20131113,220000,298.4700,298.7900,298.4400,298.6500,24593,0
BLK.US,5,20131113,220500,298.6800,298.6800,298.6800,298.6800,76498,0
BLK.US,5,20131114,153500,298.4300,300.4400,298.4300,300.2400,2682,0
BLK.US,5,20131114,154000,300.3000,301.7100,299.9300,301.5000,16645,0
BLK.US,5,20131114,154500,301.7000,301.7000,298.8900,299.1400,6722,0
BLK.US,5,20131114,155000,299.0800,300.3400,298.8700,299.7600,5106,0
BLK.US,5,20131114,155500,299.9000,299.9900,299.3300,299.3300,2562,0
BLK.US,5,20131114,160000,299.3600,299.6600,299.3300,299.5300,4500,0
BLK.US,5,20131114,160500,299.2300,299.2900,298.6100,298.6100,2300,0
BLK.US,5,20131114,161000,298.6300,298.6300,297.8800,297.8800,2500,0
BLK.US,5,20131114,161500,298.1200,298.8100,297.9900,298.8100,6000,0
BLK.US,5,20131114,162000,298.8300,299.6200,298.8300,299.2000,12000,0
BLK.US,5,20131114,162500,299.3100,299.6400,299.1000,299.1000,7304,0
BLK.US,5,20131114,163000,299.2400,299.3300,298.7700,298.8900,6946,0
BLK.US,5,20131114,163500,298.7100,299.7200,298.7100,299.6700,9216,0
BLK.US,5,20131114,164000,299.5100,299.6700,299.1900,299.2900,3025,0
BLK.US,5,20131114,164500,299.4500,299.9600,299.2900,299.8200,7794,0
BLK.US,5,20131114,165000,300.0300,300.8200,300.0300,300.4100,5270,0
BLK.US,5,20131114,165500,300.2900,300.7000,300.2900,300.6200,3600,0
BLK.US,5,20131114,170000,300.4900,300.6200,300.2500,300.3600,6400,0
BLK.US,5,20131114,170500,300.3600,300.6900,300.0500,300.6200,63453,0
BLK.US,5,20131114,171000,300.7100,300.7100,300.0000,300.4900,10883,0
BLK.US,5,20131114,171500,300.2700,300.8800,300.2700,300.8800,800,0
BLK.US,5,20131114,172000,301.1100,301.7000,301.0100,301.3900,2850,0
BLK.US,5,20131114,172500,301.4100,301.8100,301.2600,301.8100,5600,0
BLK.US,5,20131114,173000,301.6600,301.7700,301.4000,301.4200,4325,0
BLK.US,5,20131114,173500,301.6600,301.6900,301.0800,301.2200,3513,0
BLK.US,5,20131114,174000,301.0500,301.3300,301.0000,301.2000,20719,0
BLK.US,5,20131114,174500,301.2000,301.6000,301.0100,301.3500,30282,0
BLK.US,5,20131114,175000,301.7100,302.2200,301.6400,301.8100,3400,0
BLK.US,5,20131114,175500,301.9600,302.1100,301.8900,301.9300,4806,0
BLK.US,5,20131114,180000,301.9600,302.0900,301.6000,301.6000,4100,0
BLK.US,5,20131114,180500,301.7500,301.8000,301.3700,301.3700,2950,0
BLK.US,5,20131114,181000,301.5400,301.7700,301.4700,301.4700,2300,0
BLK.US,5,20131114,181500,301.5800,301.6800,301.4400,301.6800,1600,0
BLK.US,5,20131114,182000,301.5700,301.7800,301.5700,301.6600,1200,0
BLK.US,5,20131114,182500,301.5800,301.6300,301.4900,301.5900,5200,0
BLK.US,5,20131114,183000,301.4800,301.4800,301.3100,301.3100,3200,0
BLK.US,5,20131114,183500,301.3500,301.6500,301.3000,301.3300,10384,0
BLK.US,5,20131114,184000,301.5300,301.6200,301.3500,301.3500,3330,0
BLK.US,5,20131114,184500,301.2200,301.4500,301.2200,301.4300,1800,0
BLK.US,5,20131114,185000,301.4500,301.4500,301.2500,301.3100,3205,0
BLK.US,5,20131114,185500,301.4000,301.4000,300.9500,300.9500,4889,0
BLK.US,5,20131114,190000,301.1200,301.3200,300.7300,300.7300,13172,0
BLK.US,5,20131114,190500,300.8400,301.2000,300.8400,301.1000,2743,0
BLK.US,5,20131114,191000,301.1400,301.2400,300.9500,301.0300,3671,0
BLK.US,5,20131114,191500,301.0300,301.1500,300.9500,301.1500,1900,0
BLK.US,5,20131114,192000,301.0000,301.2300,300.8500,301.1400,6612,0
BLK.US,5,20131114,192500,301.1900,301.2400,301.0200,301.0200,6699,0
BLK.US,5,20131114,193000,301.0300,301.1200,300.7100,300.7300,5219,0
BLK.US,5,20131114,193500,300.8000,300.8200,300.6200,300.7500,1900,0
BLK.US,5,20131114,194000,300.7000,300.7200,300.4300,300.4300,2850,0
BLK.US,5,20131114,194500,300.6000,300.8700,300.5900,300.6100,4156,0
BLK.US,5,20131114,195000,300.6100,300.8700,300.6100,300.7900,3633,0
BLK.US,5,20131114,195500,300.7500,301.0000,300.4700,300.9300,6225,0
BLK.US,5,20131114,200000,300.9200,301.0000,300.6500,301.0000,5470,0
BLK.US,5,20131114,200500,300.8100,300.9300,300.5900,300.8300,6600,0
BLK.US,5,20131114,201000,300.8100,300.8200,300.6500,300.8200,2949,0
BLK.US,5,20131114,201500,300.7300,300.8500,300.6800,300.8000,5350,0
BLK.US,5,20131114,202000,300.8100,300.9100,300.7000,300.9100,8924,0
BLK.US,5,20131114,202500,300.9600,301.0000,300.8000,300.9500,8400,0
BLK.US,5,20131114,203000,300.9500,301.0000,300.8200,300.8800,3600,0
BLK.US,5,20131114,203500,300.9500,301.0000,300.8000,300.9100,4800,0
BLK.US,5,20131114,204000,300.9900,301.3000,300.9900,301.1700,5336,0
BLK.US,5,20131114,204500,301.2000,301.3000,301.0000,301.2600,5835,0
BLK.US,5,20131114,205000,301.1400,301.5200,301.1400,301.5000,4602,0
BLK.US,5,20131114,205500,301.4700,301.6100,301.2500,301.3600,5300,0
BLK.US,5,20131114,210000,301.4200,301.5800,301.3400,301.5100,5400,0
BLK.US,5,20131114,210500,301.5700,301.7200,301.4600,301.7200,3300,0
BLK.US,5,20131114,211000,301.6600,302.0300,301.6600,302.0000,8823,0
BLK.US,5,20131114,211500,302.0400,302.3400,302.0000,302.1700,8200,0
BLK.US,5,20131114,212000,302.1900,302.3200,302.1200,302.3000,6840,0
BLK.US,5,20131114,212500,302.1500,302.5100,302.1500,302.5100,6492,0
BLK.US,5,20131114,213000,302.5300,302.8400,302.4900,302.6400,12279,0
BLK.US,5,20131114,213500,302.7400,302.7500,302.3500,302.5300,12286,0
BLK.US,5,20131114,214000,302.5300,302.7100,302.5200,302.6900,7040,0
BLK.US,5,20131114,214500,302.6400,302.8500,302.5500,302.5500,16044,0
BLK.US,5,20131114,215000,302.6600,302.7300,302.2700,302.3400,12954,0
BLK.US,5,20131114,215500,302.2600,302.4100,302.2100,302.2700,12471,0
BLK.US,5,20131114,220000,302.3100,302.7800,302.2700,302.6000,29618,0
BLK.US,5,20131114,220500,302.6000,302.6000,302.6000,302.6000,24291,0
BLK.US,5,20131115,153500,302.6000,304.5100,301.7700,304.0700,6173,0
BLK.US,5,20131115,154000,304.1300,304.1700,302.3700,302.6700,8349,0
BLK.US,5,20131115,154500,302.9900,303.7900,302.7100,303.7900,8361,0
BLK.US,5,20131115,155000,303.5700,304.7200,303.3800,304.6000,9790,0
BLK.US,5,20131115,155500,304.4400,304.6900,303.9600,304.6900,4844,0
BLK.US,5,20131115,160000,304.5300,304.7900,303.8300,304.7900,3766,0
BLK.US,5,20131115,160500,304.8600,304.9600,304.0500,304.2300,4950,0
BLK.US,5,20131115,161000,304.2500,304.6700,304.2500,304.6700,3569,0
BLK.US,5,20131115,161500,304.6900,305.1600,304.6400,305.0600,16885,0
BLK.US,5,20131115,162000,305.1100,305.2900,304.8400,305.2900,8750,0
BLK.US,5,20131115,162500,305.3100,305.5700,305.1000,305.3000,6400,0
BLK.US,5,20131115,163000,305.2900,305.5700,305.1200,305.1200,4450,0
BLK.US,5,20131115,163500,305.2600,305.3900,304.5900,304.6800,12461,0
BLK.US,5,20131115,164000,304.7000,304.9900,304.6000,304.9900,3170,0
BLK.US,5,20131115,164500,304.9500,305.0500,304.5300,304.6700,9462,0
BLK.US,5,20131115,165000,304.6900,305.0200,304.6000,304.9500,5115,0
BLK.US,5,20131115,165500,304.9400,304.9900,304.7600,304.8200,2210,0
BLK.US,5,20131115,170000,304.7300,304.7300,304.3000,304.4800,1553,0
BLK.US,5,20131115,170500,304.6000,304.8000,304.2600,304.2600,6030,0
BLK.US,5,20131115,171000,304.1800,304.2400,303.6900,303.8400,4495,0
BLK.US,5,20131115,171500,303.9300,304.2700,303.7300,303.9600,7319,0
BLK.US,5,20131115,172000,303.9600,304.1500,303.8700,303.8700,5756,0
BLK.US,5,20131115,172500,303.8400,304.0500,303.8400,303.8500,900,0
BLK.US,5,20131115,173000,303.9300,304.0000,303.7100,303.7100,3123,0
BLK.US,5,20131115,173500,303.7800,303.7800,303.5200,303.6500,1305,0
BLK.US,5,20131115,174000,303.6500,304.0000,303.3900,303.4000,4660,0
BLK.US,5,20131115,174500,303.4000,303.4200,302.6400,302.6500,4753,0
BLK.US,5,20131115,175000,302.6700,303.4100,302.6700,303.2400,10657,0
BLK.US,5,20131115,175500,303.4100,303.5100,302.7700,302.7700,2455,0
BLK.US,5,20131115,180000,302.8900,303.1800,302.8700,303.1800,1200,0
BLK.US,5,20131115,180500,302.9700,303.1700,302.6700,302.8500,3292,0
BLK.US,5,20131115,181000,302.7200,303.0700,302.7200,303.0700,819,0
BLK.US,5,20131115,181500,303.0700,303.1100,302.8400,302.9900,2685,0
BLK.US,5,20131115,182000,302.9400,303.1600,302.9400,303.0400,865,0
BLK.US,5,20131115,182500,302.9800,303.2100,302.9300,303.1600,2504,0
BLK.US,5,20131115,183000,303.1000,303.1000,303.0700,303.0700,200,0
BLK.US,5,20131115,183500,303.1700,303.1700,303.1700,303.1700,100,0
BLK.US,5,20131115,184000,303.1800,303.3200,303.1600,303.1800,2283,0
BLK.US,5,20131115,184500,303.3000,303.7400,303.1900,303.7100,2363,0
BLK.US,5,20131115,185000,303.6500,303.7200,303.1900,303.1900,1679,0
BLK.US,5,20131115,185500,303.4000,303.4200,303.2800,303.2800,300,0
BLK.US,5,20131115,190000,303.3100,303.4000,303.2600,303.4000,600,0
BLK.US,5,20131115,190500,303.3000,303.4300,303.1200,303.1700,1000,0
BLK.US,5,20131115,191000,303.3100,303.5200,303.3100,303.4400,1311,0
BLK.US,5,20131115,191500,303.4300,303.6000,303.3800,303.4700,1160,0
BLK.US,5,20131115,192000,303.4100,303.4100,302.8500,302.8500,4354,0
BLK.US,5,20131115,192500,302.8900,302.9000,302.7000,302.8100,1000,0
BLK.US,5,20131115,193000,302.9200,303.0600,302.8600,302.9700,1300,0
BLK.US,5,20131115,193500,302.9900,303.1200,302.8600,302.9600,4580,0
BLK.US,5,20131115,194000,302.9200,303.0800,302.9200,303.0800,1300,0
BLK.US,5,20131115,194500,303.0500,303.2000,302.9800,303.0100,3700,0
BLK.US,5,20131115,195000,303.0400,303.0700,302.8600,303.0700,1900,0
BLK.US,5,20131115,195500,303.0000,303.0000,302.7300,302.8900,1100,0
BLK.US,5,20131115,200000,302.9600,303.1300,302.7000,302.9000,3347,0
BLK.US,5,20131115,200500,302.9900,303.1600,302.9900,303.1600,2335,0
BLK.US,5,20131115,201000,303.0600,303.2600,302.9100,302.9100,3400,0
BLK.US,5,20131115,201500,302.8700,303.0400,302.6200,302.9900,4400,0
BLK.US,5,20131115,202000,302.9600,303.1100,302.7100,303.0800,1103,0
BLK.US,5,20131115,202500,303.1200,303.1800,303.0000,303.0000,4103,0
BLK.US,5,20131115,203000,303.0000,303.1600,302.8700,303.0100,2700,0
BLK.US,5,20131115,203500,303.0500,303.1900,303.0500,303.1200,1454,0
BLK.US,5,20131115,204000,303.2300,303.5300,303.1300,303.3800,3085,0
BLK.US,5,20131115,204500,303.3200,303.5000,303.3200,303.4600,1342,0
BLK.US,5,20131115,205000,303.4600,303.5500,303.3300,303.5500,1500,0
BLK.US,5,20131115,205500,303.5500,303.5500,303.4000,303.4000,1800,0
BLK.US,5,20131115,210000,303.5300,303.5500,303.4400,303.4400,4318,0
BLK.US,5,20131115,210500,303.4300,303.6800,303.3800,303.5800,6697,0
BLK.US,5,20131115,211000,303.6100,303.7300,303.5000,303.5200,2140,0
BLK.US,5,20131115,211500,303.4700,303.8100,303.4700,303.7500,2727,0
BLK.US,5,20131115,212000,303.8400,304.0000,303.7400,303.9100,9508,0
BLK.US,5,20131115,212500,303.7300,303.8600,303.6400,303.8600,4862,0
BLK.US,5,20131115,213000,303.7800,303.9300,303.7100,303.7600,22947,0
BLK.US,5,20131115,213500,303.7700,303.8700,303.6300,303.6600,7841,0
BLK.US,5,20131115,214000,303.7900,303.9100,303.7600,303.7900,9492,0
BLK.US,5,20131115,214500,303.8100,304.0000,303.7500,303.7900,6103,0
BLK.US,5,20131115,215000,303.8800,303.9800,303.3600,303.3600,10599,0
BLK.US,5,20131115,215500,303.3700,303.7100,303.2700,303.3100,8009,0
BLK.US,5,20131115,220000,303.2000,303.4100,302.9900,303.1900,28170,0
BLK.US,5,20131115,220500,303.1900,303.1900,303.1900,303.1900,94856,0
BLK.US,5,20131118,153500,305.0400,306.5000,305.0400,306.5000,5834,0
BLK.US,5,20131118,154000,306.3200,306.6100,306.0300,306.3400,1806,0
BLK.US,5,20131118,154500,306.0000,306.2200,305.2100,305.2100,7501,0
BLK.US,5,20131118,155000,305.1300,305.5800,305.1300,305.2400,44100,0
BLK.US,5,20131118,155500,305.1000,305.1500,304.9100,304.9900,12790,0
BLK.US,5,20131118,160000,304.9400,304.9400,304.0000,304.2300,3000,0
BLK.US,5,20131118,160500,304.0900,304.0900,303.2800,303.2800,1600,0
BLK.US,5,20131118,161000,303.2200,303.9600,303.1600,303.9500,3402,0
BLK.US,5,20131118,161500,304.3100,304.4000,304.1000,304.4000,3294,0
BLK.US,5,20131118,162000,304.4200,304.9200,304.3300,304.9200,1800,0
BLK.US,5,20131118,162500,305.1800,305.6800,305.1800,305.3600,4237,0
BLK.US,5,20131118,163000,305.4000,305.6400,304.9800,305.1000,4020,0
BLK.US,5,20131118,163500,305.2400,305.3700,304.7200,305.1300,7281,0
BLK.US,5,20131118,164000,305.3500,305.8800,305.2900,305.4200,3400,0
BLK.US,5,20131118,164500,305.4000,305.6700,305.3000,305.3000,11411,0
BLK.US,5,20131118,165000,305.3000,305.6600,305.3000,305.6100,14943,0
BLK.US,5,20131118,165500,305.5200,305.8700,305.4500,305.7400,7439,0
BLK.US,5,20131118,170000,305.5000,305.7200,305.3600,305.3900,3803,0
BLK.US,5,20131118,170500,305.5300,305.8300,305.4300,305.6800,3800,0
BLK.US,5,20131118,171000,305.7800,305.8500,305.1900,305.2100,6940,0
BLK.US,5,20131118,171500,305.1100,305.2500,305.0600,305.2500,2800,0
BLK.US,5,20131118,172000,305.1700,305.3400,305.0600,305.3300,3440,0
BLK.US,5,20131118,172500,305.3300,305.5400,305.1100,305.4000,2750,0
BLK.US,5,20131118,173000,305.4000,305.5100,305.2800,305.3700,2405,0
BLK.US,5,20131118,173500,305.3500,305.3500,304.6400,304.6900,5100,0
BLK.US,5,20131118,174000,304.6400,304.8900,304.5700,304.5700,3307,0
BLK.US,5,20131118,174500,304.4200,304.9700,304.4200,304.8500,2700,0
BLK.US,5,20131118,175000,304.8700,305.1100,304.8700,304.9600,2500,0
BLK.US,5,20131118,175500,304.9900,305.3400,304.9900,305.2000,2859,0
BLK.US,5,20131118,180000,305.1700,305.1800,304.8100,304.8100,1700,0
BLK.US,5,20131118,180500,305.0000,305.2600,305.0000,305.1900,5332,0
BLK.US,5,20131118,181000,305.2400,305.5400,305.1700,305.5100,5132,0
BLK.US,5,20131118,181500,305.4500,305.4500,304.9300,304.9300,1500,0
BLK.US,5,20131118,182000,304.9900,305.2700,304.8400,305.2700,3704,0
BLK.US,5,20131118,182500,305.3400,305.5300,305.2800,305.5000,2561,0
BLK.US,5,20131118,183000,305.6100,305.6400,305.4700,305.5100,20832,0
BLK.US,5,20131118,183500,305.6400,305.9100,305.5200,305.9100,5187,0
BLK.US,5,20131118,184000,305.9000,305.9100,305.6400,305.6600,1897,0
BLK.US,5,20131118,184500,305.5900,305.5900,305.4900,305.5600,900,0
BLK.US,5,20131118,185000,305.5600,305.6500,305.4200,305.6500,2850,0
BLK.US,5,20131118,185500,305.4900,305.6800,305.4900,305.6800,2296,0
BLK.US,5,20131118,190000,305.6900,305.8400,305.6100,305.6200,1392,0
BLK.US,5,20131118,190500,305.7500,305.7500,305.3700,305.5100,3700,0
BLK.US,5,20131118,191000,305.5300,305.5300,305.4700,305.4900,500,0
BLK.US,5,20131118,191500,305.3900,305.7900,305.3800,305.4900,4400,0
BLK.US,5,20131118,192000,305.5800,305.8400,305.5600,305.8400,3637,0
BLK.US,5,20131118,192500,305.8100,305.8600,305.7200,305.7200,2800,0
BLK.US,5,20131118,193000,305.8600,305.9500,305.7600,305.8800,4840,0
BLK.US,5,20131118,193500,305.7300,305.9900,305.7300,305.8000,1797,0
BLK.US,5,20131118,194000,305.8000,305.9600,305.7600,305.9500,2354,0
BLK.US,5,20131118,194500,305.8800,306.0500,305.7600,305.8600,20732,0
BLK.US,5,20131118,195000,305.8600,305.9300,305.6700,305.7600,7764,0
BLK.US,5,20131118,195500,305.7900,305.8700,305.6700,305.7700,6952,0
BLK.US,5,20131118,200000,305.6900,305.8700,305.6700,305.8500,5547,0
BLK.US,5,20131118,200500,305.7800,305.9100,305.6700,305.6700,9994,0
BLK.US,5,20131118,201000,305.8500,305.8500,305.6700,305.6700,937,0
BLK.US,5,20131118,201500,305.6700,305.7300,305.6200,305.6200,2307,0
BLK.US,5,20131118,202000,305.6200,305.8600,305.5800,305.7300,1393,0
BLK.US,5,20131118,202500,305.7200,305.9400,305.7200,305.7500,3100,0
BLK.US,5,20131118,203000,305.7000,305.9000,305.6400,305.7400,4040,0
BLK.US,5,20131118,203500,305.8500,305.8500,305.5900,305.5900,1100,0
BLK.US,5,20131118,204000,305.5700,305.5700,305.3200,305.3200,1800,0
BLK.US,5,20131118,204500,305.4500,305.4500,304.9800,304.9800,2361,0
BLK.US,5,20131118,205000,304.9900,304.9900,304.5700,304.5700,2100,0
BLK.US,5,20131118,205500,304.6100,304.8400,304.6100,304.8200,1901,0
BLK.US,5,20131118,210000,304.8100,304.9900,304.6000,304.6600,5253,0
BLK.US,5,20131118,210500,304.4800,304.5600,304.2800,304.4600,1516,0
BLK.US,5,20131118,211000,304.3400,304.7600,304.3400,304.4500,5652,0
BLK.US,5,20131118,211500,304.4200,304.4500,303.6800,303.6800,8164,0
BLK.US,5,20131118,212000,303.6700,304.2200,303.6200,304.0800,4918,0
BLK.US,5,20131118,212500,304.0700,304.2400,303.8800,303.8900,6300,0
BLK.US,5,20131118,213000,303.6400,303.8300,303.1900,303.4800,19298,0
BLK.US,5,20131118,213500,303.3700,303.4800,302.9900,303.4800,4716,0
BLK.US,5,20131118,214000,303.5000,303.7100,303.2400,303.7000,6470,0
BLK.US,5,20131118,214500,303.6400,303.9600,303.3700,303.7400,6073,0
BLK.US,5,20131118,215000,303.7200,303.8600,303.4300,303.7000,5959,0
BLK.US,5,20131118,215500,303.4800,303.8600,303.3000,303.3600,8977,0
BLK.US,5,20131118,220000,303.2700,304.1300,303.2700,303.9900,13151,0
BLK.US,5,20131118,220500,303.9400,303.9400,303.9400,303.9400,190504,0
BLK.US,5,20131119,153500,303.2900,304.6000,303.2500,304.3600,2575,0
BLK.US,5,20131119,154000,304.4700,305.6200,304.0200,305.3400,4051,0
BLK.US,5,20131119,154500,305.0500,305.0500,303.3200,303.3200,3000,0
BLK.US,5,20131119,155000,303.3700,303.5200,303.0500,303.3900,2800,0
BLK.US,5,20131119,155500,303.0900,303.6000,303.0600,303.2700,3791,0
BLK.US,5,20131119,160000,303.4900,304.0500,303.4900,303.8500,5424,0
BLK.US,5,20131119,160500,303.8500,304.5400,303.8500,304.3200,8900,0
BLK.US,5,20131119,161000,304.4200,305.1600,304.4200,304.7700,7297,0
BLK.US,5,20131119,161500,304.7500,305.1300,304.7500,304.9600,1000,0
BLK.US,5,20131119,162000,305.0600,305.4500,305.0500,305.2400,1476,0
BLK.US,5,20131119,162500,305.2800,305.3100,304.6200,305.1400,4451,0
BLK.US,5,20131119,163000,305.1400,305.1400,304.6000,304.7400,4200,0
BLK.US,5,20131119,163500,304.7300,304.9100,304.6800,304.9000,1276,0
BLK.US,5,20131119,164000,305.0700,306.0100,304.8400,305.7600,6536,0
BLK.US,5,20131119,164500,305.6600,305.8300,305.5600,305.5800,11376,0
BLK.US,5,20131119,165000,305.6300,305.9100,305.1500,305.2400,4858,0
BLK.US,5,20131119,165500,305.1600,305.5800,305.1300,305.2600,4765,0
BLK.US,5,20131119,170000,305.3100,305.3100,305.0000,305.2000,1700,0
BLK.US,5,20131119,170500,305.2500,305.4100,304.6100,304.6200,5266,0
BLK.US,5,20131119,171000,304.6600,305.0000,304.3900,304.5600,10847,0
BLK.US,5,20131119,171500,304.3700,304.5800,304.2600,304.5300,3344,0
BLK.US,5,20131119,172000,304.5700,304.5700,304.2900,304.2900,300,0
BLK.US,5,20131119,172500,304.4600,304.4700,304.0200,304.0200,2500,0
BLK.US,5,20131119,173000,304.1500,304.1500,303.8100,303.8100,8468,0
BLK.US,5,20131119,173500,303.9700,304.3100,303.9700,304.1700,5497,0
BLK.US,5,20131119,174000,304.4500,304.4900,304.2200,304.3700,1000,0
BLK.US,5,20131119,174500,304.3100,304.3100,303.7300,303.9200,3762,0
BLK.US,5,20131119,175000,304.0000,304.1600,303.4000,303.6300,4881,0
BLK.US,5,20131119,175500,303.8300,303.9800,303.7000,303.9800,1100,0
BLK.US,5,20131119,180000,304.0900,304.0900,303.7700,303.7700,800,0
BLK.US,5,20131119,180500,303.7700,303.9100,303.6600,303.7200,2812,0
BLK.US,5,20131119,181000,303.7800,304.2800,303.7800,304.2800,3570,0
BLK.US,5,20131119,181500,304.1700,304.4100,304.1700,304.3800,400,0
BLK.US,5,20131119,182000,304.4000,304.4100,304.1700,304.2100,2879,0
BLK.US,5,20131119,182500,304.2100,304.8400,304.2100,304.5500,1600,0
BLK.US,5,20131119,183000,304.7400,304.7400,304.4700,304.4900,2000,0
BLK.US,5,20131119,183500,304.4900,304.5500,304.2400,304.2400,5546,0
BLK.US,5,20131119,184000,304.3700,304.3700,303.9700,304.1600,3410,0
BLK.US,5,20131119,184500,304.1300,304.1300,303.9500,303.9900,2666,0
BLK.US,5,20131119,185000,303.9100,304.0700,303.8800,303.9100,800,0
BLK.US,5,20131119,185500,303.9500,303.9500,303.7700,303.7700,2199,0
BLK.US,5,20131119,190000,303.5900,303.6100,303.3400,303.3400,1000,0
BLK.US,5,20131119,190500,303.3500,303.6200,303.1400,303.3100,1700,0
BLK.US,5,20131119,191000,303.3000,303.3000,303.0500,303.0700,1828,0
BLK.US,5,20131119,191500,303.0800,303.1400,302.9000,302.9000,1315,0
BLK.US,5,20131119,192000,302.8000,303.1900,302.6800,302.7700,2900,0
BLK.US,5,20131119,192500,302.9500,302.9500,302.1400,302.1400,2900,0
BLK.US,5,20131119,193000,301.9500,302.3500,301.8900,302.0500,2023,0
BLK.US,5,20131119,193500,301.9800,302.6400,301.6100,302.6400,2498,0
BLK.US,5,20131119,194000,302.3700,302.7300,302.0800,302.4200,2484,0
BLK.US,5,20131119,194500,302.1000,302.4200,302.0700,302.4200,1300,0
BLK.US,5,20131119,195000,302.7600,302.7600,302.3100,302.5200,300,0
BLK.US,5,20131119,195500,302.1800,302.1800,301.8300,302.0000,3609,0
BLK.US,5,20131119,200000,302.0000,302.1400,301.9400,302.0200,2000,0
BLK.US,5,20131119,200500,302.1800,302.8400,302.1800,302.5000,2000,0
BLK.US,5,20131119,201000,302.4300,302.5600,302.0900,302.0900,3074,0
BLK.US,5,20131119,201500,302.2100,302.4800,302.0300,302.4000,2830,0
BLK.US,5,20131119,202000,302.3300,302.7000,302.2400,302.4300,1000,0
BLK.US,5,20131119,202500,302.4900,302.7900,302.4000,302.7500,1446,0
BLK.US,5,20131119,203000,302.6100,302.6100,302.0400,302.0600,3040,0
BLK.US,5,20131119,203500,302.1400,302.5200,302.1400,302.4400,3100,0
BLK.US,5,20131119,204000,302.5000,303.1300,302.4200,303.1300,3700,0
BLK.US,5,20131119,204500,303.1300,303.4500,302.8600,302.9000,3410,0
BLK.US,5,20131119,205000,302.9000,303.1300,302.9000,303.1300,800,0
BLK.US,5,20131119,205500,302.8800,302.9500,302.6100,302.9500,4811,0
BLK.US,5,20131119,210000,302.8600,302.8600,302.5800,302.5800,2666,0
BLK.US,5,20131119,210500,302.5700,303.2700,302.5700,303.1400,3300,0
BLK.US,5,20131119,211000,302.8800,303.2400,302.8100,303.1300,6330,0
BLK.US,5,20131119,211500,303.2500,303.3400,303.1200,303.2500,1900,0
BLK.US,5,20131119,212000,303.3300,303.7400,303.2200,303.7200,3624,0
BLK.US,5,20131119,212500,303.7100,303.7100,303.1400,303.1400,2238,0
BLK.US,5,20131119,213000,303.2000,303.3900,303.2000,303.3900,2000,0
BLK.US,5,20131119,213500,303.3200,303.3200,302.5900,302.7600,8661,0
BLK.US,5,20131119,214000,302.4700,302.7400,302.3000,302.3000,3483,0
BLK.US,5,20131119,214500,302.2400,302.4400,302.1500,302.2500,5401,0
BLK.US,5,20131119,215000,302.2100,302.4500,302.0100,302.2800,7662,0
BLK.US,5,20131119,215500,302.3400,302.3700,302.0400,302.1000,9976,0
BLK.US,5,20131119,220000,302.2300,302.6400,302.0100,302.3900,14669,0
BLK.US,5,20131119,220500,302.4000,302.4000,302.4000,302.4000,54222,0
BLK.US,5,20131120,153500,301.6300,304.0600,301.6300,303.7700,600,0
BLK.US,5,20131120,154000,303.8900,303.8900,301.8300,302.3200,5137,0
BLK.US,5,20131120,154500,301.8900,302.1000,301.7500,301.9800,1000,0
BLK.US,5,20131120,155000,301.9800,303.8100,301.6600,303.3200,5942,0
BLK.US,5,20131120,155500,303.3900,303.3900,302.6600,302.8100,3100,0
BLK.US,5,20131120,160000,302.8100,303.4200,302.6000,303.3800,2500,0
BLK.US,5,20131120,160500,303.1400,303.3700,302.5100,303.3700,2700,0
BLK.US,5,20131120,161000,303.3500,303.9300,302.9000,303.1600,2500,0
BLK.US,5,20131120,161500,303.1600,303.7000,303.1600,303.2700,5004,0
BLK.US,5,20131120,162000,303.6900,304.2500,303.2000,303.2000,6859,0
BLK.US,5,20131120,162500,303.4300,304.8100,303.4300,304.5400,8734,0
BLK.US,5,20131120,163000,304.5200,305.2400,304.5200,304.8600,6228,0
BLK.US,5,20131120,163500,304.9700,305.1600,304.5900,304.5900,4777,0
BLK.US,5,20131120,164000,304.5900,305.1700,304.0900,305.1700,6240,0
BLK.US,5,20131120,164500,305.0400,305.0400,304.3700,304.6300,5733,0
BLK.US,5,20131120,165000,304.3300,304.6100,304.2400,304.4800,6954,0
BLK.US,5,20131120,165500,304.1500,304.3000,303.7400,304.0100,4821,0
BLK.US,5,20131120,170000,303.9900,304.0000,302.9400,303.3800,3470,0
BLK.US,5,20131120,170500,303.4900,303.4900,303.2300,303.2300,1200,0
BLK.US,5,20131120,171000,303.4500,303.7300,303.3600,303.6500,4100,0
BLK.US,5,20131120,171500,303.5600,303.6200,302.9300,302.9300,2217,0
BLK.US,5,20131120,172000,303.1800,303.1900,302.8200,302.8200,4283,0
BLK.US,5,20131120,172500,303.0900,303.0900,302.9200,302.9200,2900,0
BLK.US,5,20131120,173000,302.9000,303.4600,302.7700,303.0000,5079,0
BLK.US,5,20131120,173500,303.0000,303.3400,302.9400,303.2900,3104,0
BLK.US,5,20131120,174000,303.3500,303.6700,303.0300,303.0300,3567,0
BLK.US,5,20131120,174500,303.1500,303.3800,302.9900,303.0000,1500,0
BLK.US,5,20131120,175000,303.1500,303.1800,302.7400,302.8400,3100,0
BLK.US,5,20131120,175500,302.8400,303.0300,302.8000,302.9900,1300,0
BLK.US,5,20131120,180000,302.9900,302.9900,302.6900,302.6900,857,0
BLK.US,5,20131120,180500,302.8600,303.1700,302.8600,302.9100,4100,0
BLK.US,5,20131120,181000,302.9100,303.1000,302.7900,302.8800,3651,0
BLK.US,5,20131120,181500,302.8700,303.0000,302.5200,302.6700,2200,0
BLK.US,5,20131120,182000,302.7200,302.7200,302.6000,302.6800,500,0
BLK.US,5,20131120,182500,302.8500,302.9100,302.8000,302.8000,1718,0
BLK.US,5,20131120,183000,302.9400,302.9400,302.6900,302.8400,1600,0
BLK.US,5,20131120,183500,302.7000,303.0100,302.7000,302.8700,2290,0
BLK.US,5,20131120,184000,303.2500,303.2500,303.0000,303.1400,647,0
BLK.US,5,20131120,184500,302.8300,302.8300,302.8300,302.8300,100,0
BLK.US,5,20131120,185000,302.8300,303.0600,302.7700,302.9200,2309,0
BLK.US,5,20131120,185500,302.9100,303.0400,302.7400,302.8300,2933,0
BLK.US,5,20131120,190000,302.7100,302.8100,302.3900,302.5100,1700,0
BLK.US,5,20131120,190500,302.4200,302.7500,302.4000,302.7100,2624,0
BLK.US,5,20131120,191000,302.5000,302.7300,302.5000,302.5500,2000,0
BLK.US,5,20131120,191500,302.4000,302.5700,302.4000,302.4500,700,0
BLK.US,5,20131120,192000,302.4700,302.8000,302.3700,302.3700,8464,0
BLK.US,5,20131120,192500,302.3400,302.3400,302.3300,302.3300,500,0
BLK.US,5,20131120,193000,302.1600,302.4600,302.1600,302.3800,1322,0
BLK.US,5,20131120,193500,302.3000,302.8900,302.3000,302.8300,6125,0
BLK.US,5,20131120,194000,302.8200,302.8400,302.7700,302.8000,1300,0
BLK.US,5,20131120,194500,302.8000,302.9500,302.7900,302.8700,1602,0
BLK.US,5,20131120,195000,303.0800,303.3100,302.8900,302.8900,3607,0
BLK.US,5,20131120,195500,303.0300,303.0400,302.9900,303.0000,500,0
BLK.US,5,20131120,200000,303.1200,303.1700,302.9900,303.1700,1100,0
BLK.US,5,20131120,200500,303.0000,303.0000,302.0000,302.4600,6908,0
BLK.US,5,20131120,201000,302.4700,302.6800,301.8900,302.1200,4055,0
BLK.US,5,20131120,201500,301.9400,301.9400,301.0000,301.0700,4700,0
BLK.US,5,20131120,202000,301.0200,301.8900,300.8200,301.8300,9200,0
BLK.US,5,20131120,202500,301.7800,301.9800,300.9500,301.3000,13845,0
BLK.US,5,20131120,203000,301.3400,301.4400,301.1400,301.1600,5600,0
BLK.US,5,20131120,203500,301.1800,301.5400,300.7700,300.7700,8685,0
BLK.US,5,20131120,204000,300.8300,301.0500,300.3700,300.3700,3756,0
BLK.US,5,20131120,204500,300.4200,300.6000,299.0900,299.7400,16070,0
BLK.US,5,20131120,205000,299.6300,300.0500,299.6300,300.0200,3200,0
BLK.US,5,20131120,205500,300.1200,300.1200,299.3600,299.3900,11475,0
BLK.US,5,20131120,210000,299.4000,299.6300,299.2000,299.5100,5213,0
BLK.US,5,20131120,210500,299.3700,299.5500,298.7200,298.7200,3751,0
BLK.US,5,20131120,211000,298.5500,298.8900,298.1600,298.2300,14104,0
BLK.US,5,20131120,211500,298.1900,298.3100,297.9000,297.9600,11395,0
BLK.US,5,20131120,212000,297.9800,298.5300,297.6100,297.8700,15847,0
BLK.US,5,20131120,212500,297.8100,298.4100,297.3800,298.0600,7653,0
BLK.US,5,20131120,213000,297.9700,298.2900,297.6900,298.2100,7590,0
BLK.US,5,20131120,213500,297.9500,298.0000,297.6400,297.7400,5630,0
BLK.US,5,20131120,214000,297.8300,298.2800,297.7100,298.2700,7976,0
BLK.US,5,20131120,214500,298.3400,298.8800,298.2800,298.4000,10002,0
BLK.US,5,20131120,215000,298.4700,298.8600,298.4400,298.7800,14740,0
BLK.US,5,20131120,215500,298.7600,299.0000,298.5900,298.7700,10976,0
BLK.US,5,20131120,220000,298.8500,299.5300,298.8500,299.0300,34427,0
BLK.US,5,20131120,220500,299.0300,299.0300,299.0300,299.0300,30925,0
BLK.US,5,20131121,153500,299.0800,300.0400,299.0600,299.5500,8436,0
BLK.US,5,20131121,154000,299.5600,299.5600,298.2000,298.2000,9906,0
BLK.US,5,20131121,154500,298.1900,299.0300,297.8100,299.0300,10141,0
BLK.US,5,20131121,155000,299.3100,300.3300,299.3100,300.3300,6106,0
BLK.US,5,20131121,155500,300.3000,300.7700,300.2500,300.5500,3015,0
BLK.US,5,20131121,160000,300.6300,300.7200,300.0000,300.1800,5325,0
BLK.US,5,20131121,160500,300.5100,301.1100,300.1100,300.1700,4083,0
BLK.US,5,20131121,161000,300.4600,300.8500,300.4600,300.8300,2200,0
BLK.US,5,20131121,161500,300.9000,301.5400,300.8500,301.4000,1700,0
BLK.US,5,20131121,162000,301.4400,301.6100,301.2800,301.2800,2700,0
BLK.US,5,20131121,162500,301.4000,301.9100,301.1400,301.6300,1839,0
BLK.US,5,20131121,163000,301.3600,301.6200,301.3600,301.6000,600,0
BLK.US,5,20131121,163500,301.6800,302.1200,301.6800,302.0500,2300,0
BLK.US,5,20131121,164000,301.8300,301.8900,301.5700,301.6400,3300,0
BLK.US,5,20131121,164500,301.7900,302.1100,301.7400,301.9800,6027,0
BLK.US,5,20131121,165000,301.9000,302.1300,301.8900,301.9900,700,0
BLK.US,5,20131121,165500,302.1400,302.1400,301.9200,301.9300,1600,0
BLK.US,5,20131121,170000,302.0700,302.1800,301.9000,302.0200,2470,0
BLK.US,5,20131121,170500,302.0500,302.5300,302.0500,302.5200,5341,0
BLK.US,5,20131121,171000,302.4800,302.4800,301.9800,301.9800,606,0
BLK.US,5,20131121,171500,302.0300,302.3500,302.0300,302.3500,2427,0
BLK.US,5,20131121,172000,302.2400,302.4700,302.1600,302.1600,600,0
BLK.US,5,20131121,172500,302.1800,302.6000,302.1800,302.3800,1012,0
BLK.US,5,20131121,173000,302.3800,302.4700,301.9900,302.0100,3400,0
BLK.US,5,20131121,173500,302.2400,302.4900,301.8200,302.0600,4803,0
BLK.US,5,20131121,174000,301.9300,301.9300,301.6700,301.8900,1200,0
BLK.US,5,20131121,174500,301.9900,302.2500,301.9100,302.2500,13800,0
BLK.US,5,20131121,175000,302.3400,302.8100,302.3400,302.6700,3816,0
BLK.US,5,20131121,175500,302.6800,302.7100,302.2100,302.4000,2072,0
BLK.US,5,20131121,180000,302.2300,302.8700,302.2300,302.7200,1380,0
BLK.US,5,20131121,180500,302.9000,302.9000,302.6100,302.6500,2164,0
BLK.US,5,20131121,181000,302.7200,302.9100,302.5600,302.5700,2700,0
BLK.US,5,20131121,181500,302.6700,302.6700,302.2900,302.2900,500,0
BLK.US,5,20131121,182000,302.4200,302.5300,302.4200,302.5300,500,0
BLK.US,5,20131121,182500,302.6000,302.6700,302.3700,302.3700,2895,0
BLK.US,5,20131121,183000,302.6200,302.6700,302.4500,302.4500,1215,0
BLK.US,5,20131121,183500,302.7900,302.7900,302.5200,302.6300,1028,0
BLK.US,5,20131121,184000,302.5200,302.5200,302.3600,302.3600,1300,0
BLK.US,5,20131121,184500,302.4700,302.4800,302.3400,302.4800,1400,0
BLK.US,5,20131121,185000,302.5800,302.6000,301.9500,301.9500,2750,0
BLK.US,5,20131121,185500,301.9400,301.9400,301.6200,301.6200,5100,0
BLK.US,5,20131121,190000,301.6200,301.6400,301.5900,301.6400,300,0
BLK.US,5,20131121,190500,301.8000,301.9100,301.8000,301.8300,2800,0
BLK.US,5,20131121,191000,302.0500,302.2900,302.0500,302.1000,1300,0
BLK.US,5,20131121,191500,302.1000,302.4300,302.0300,302.2500,3614,0
BLK.US,5,20131121,192000,302.2100,302.4000,302.0600,302.2800,5800,0
BLK.US,5,20131121,192500,302.2700,302.6700,302.2700,302.6100,2500,0
BLK.US,5,20131121,193000,302.5500,302.7300,302.5400,302.6800,800,0
BLK.US,5,20131121,193500,302.6100,302.9300,302.5900,302.8600,1982,0
BLK.US,5,20131121,194000,302.8900,302.8900,302.8600,302.8600,300,0
BLK.US,5,20131121,194500,302.7900,303.2400,302.7900,303.2400,3294,0
BLK.US,5,20131121,195000,303.3500,303.6100,303.3500,303.5900,7080,0
BLK.US,5,20131121,195500,303.6900,303.8700,303.6900,303.8100,2874,0
BLK.US,5,20131121,200000,303.7800,303.8700,303.5600,303.7000,12260,0
BLK.US,5,20131121,200500,303.7100,303.7600,303.3600,303.4300,2635,0
BLK.US,5,20131121,201000,303.3200,303.4600,303.2700,303.3400,1957,0
BLK.US,5,20131121,201500,303.3600,303.6000,303.3600,303.3800,2855,0
BLK.US,5,20131121,202000,303.6300,303.8800,303.5000,303.5800,7552,0
BLK.US,5,20131121,202500,303.6100,303.6800,303.4300,303.4300,12253,0
BLK.US,5,20131121,203000,303.4400,303.6200,303.4300,303.4800,1900,0
BLK.US,5,20131121,203500,303.3000,303.3700,303.1800,303.3700,600,0
BLK.US,5,20131121,204000,303.3000,303.6600,303.1700,303.1700,3100,0
BLK.US,5,20131121,204500,303.3300,303.8700,303.2300,303.7500,4075,0
BLK.US,5,20131121,205000,303.7800,303.7800,303.2600,303.2600,2500,0
BLK.US,5,20131121,205500,303.3600,303.5100,303.3300,303.4000,2150,0
BLK.US,5,20131121,210000,303.3700,303.3700,303.2300,303.3000,1500,0
BLK.US,5,20131121,210500,303.3200,303.4400,303.2700,303.3200,4300,0
BLK.US,5,20131121,211000,303.3700,303.5000,303.3700,303.5000,3436,0
BLK.US,5,20131121,211500,303.5300,303.5700,303.1200,303.2100,13678,0
BLK.US,5,20131121,212000,303.2100,303.3500,303.0600,303.2200,5300,0
BLK.US,5,20131121,212500,303.1600,303.4200,302.9700,302.9700,6867,0
BLK.US,5,20131121,213000,302.9400,303.1200,302.7800,303.0800,6148,0
BLK.US,5,20131121,213500,303.1200,303.2200,302.9600,302.9900,6100,0
BLK.US,5,20131121,214000,302.9900,303.2500,302.9900,303.2500,2712,0
BLK.US,5,20131121,214500,303.2400,303.4700,303.2000,303.4300,6765,0
BLK.US,5,20131121,215000,303.4100,303.4100,302.8500,302.9800,8582,0
BLK.US,5,20131121,215500,303.0400,303.2800,302.9800,303.1700,10638,0
BLK.US,5,20131121,220000,303.1600,303.6300,303.1400,303.4400,34549,0
BLK.US,5,20131121,220500,303.4300,303.4300,303.4300,303.4300,60304,0
BLK.US,5,20131122,153500,303.9700,303.9800,302.4600,302.8500,8733,0
BLK.US,5,20131122,154000,302.5300,303.2000,302.2600,302.6800,10352,0
BLK.US,5,20131122,154500,302.6900,303.0000,302.1800,302.9100,5292,0
BLK.US,5,20131122,155000,302.9900,303.3000,302.5000,303.0000,7000,0
BLK.US,5,20131122,155500,303.2000,303.2000,302.9100,303.0800,6640,0
BLK.US,5,20131122,160000,303.0400,303.5000,302.9500,303.4700,15980,0
BLK.US,5,20131122,160500,303.3000,303.4300,302.4700,302.8400,10264,0
BLK.US,5,20131122,161000,302.7100,303.0900,302.7100,303.0700,3200,0
BLK.US,5,20131122,161500,303.0400,303.6200,302.6400,303.6200,9236,0
BLK.US,5,20131122,162000,303.5200,303.6800,303.1900,303.2400,6800,0
BLK.US,5,20131122,162500,303.3000,303.3100,302.9300,303.0100,4900,0
BLK.US,5,20131122,163000,303.0900,303.1200,302.5900,302.5900,1500,0
BLK.US,5,20131122,163500,302.7300,302.7500,302.0900,302.1800,4500,0
BLK.US,5,20131122,164000,302.0900,302.6600,301.9600,302.6500,8517,0
BLK.US,5,20131122,164500,302.5300,302.6500,302.3600,302.4900,1920,0
BLK.US,5,20131122,165000,302.3300,302.3300,302.2500,302.2600,2000,0
BLK.US,5,20131122,165500,302.2600,302.3300,302.1000,302.2100,3800,0
BLK.US,5,20131122,170000,302.3100,302.3400,302.0900,302.1000,5883,0
BLK.US,5,20131122,170500,302.0400,302.0900,301.8000,301.8300,1900,0
BLK.US,5,20131122,171000,301.8400,301.9000,301.4400,301.6100,3923,0
BLK.US,5,20131122,171500,301.6800,301.6800,300.9400,300.9400,6060,0
BLK.US,5,20131122,172000,301.0700,301.5700,300.9200,301.5700,6990,0
BLK.US,5,20131122,172500,301.5300,301.7600,301.5300,301.7600,1997,0
BLK.US,5,20131122,173000,301.7700,301.7900,301.6300,301.6400,2816,0
BLK.US,5,20131122,173500,301.7800,302.2500,301.6400,302.2500,6031,0
BLK.US,5,20131122,174000,302.3500,302.3500,302.1000,302.1600,1600,0
BLK.US,5,20131122,174500,302.1600,302.6900,302.1600,302.5700,7115,0
BLK.US,5,20131122,175000,302.5400,302.5500,302.3200,302.4100,708,0
BLK.US,5,20131122,175500,302.4900,302.5200,302.3000,302.4900,3821,0
BLK.US,5,20131122,180000,302.8500,303.2600,302.8500,303.2500,2412,0
BLK.US,5,20131122,180500,303.2400,303.2400,302.6400,302.8900,33376,0
BLK.US,5,20131122,181000,302.8600,302.9900,302.7600,302.7600,700,0
BLK.US,5,20131122,181500,302.7600,302.8600,302.6600,302.8300,4600,0
BLK.US,5,20131122,182000,302.7900,302.8600,302.5900,302.6300,1300,0
BLK.US,5,20131122,182500,302.6100,302.7400,302.3600,302.3600,2300,0
BLK.US,5,20131122,183000,302.3700,302.3700,302.1700,302.3300,900,0
BLK.US,5,20131122,183500,302.3400,302.5700,302.2700,302.5400,2421,0
BLK.US,5,20131122,184000,302.5200,302.6600,302.4300,302.4300,2050,0
BLK.US,5,20131122,184500,302.4300,302.8300,302.3700,302.8300,3404,0
BLK.US,5,20131122,185000,302.8300,302.9100,302.7800,302.9100,2046,0
BLK.US,5,20131122,185500,302.9000,303.0000,302.9000,302.9900,1900,0
BLK.US,5,20131122,190000,303.0000,303.0000,302.8100,302.8600,1701,0
BLK.US,5,20131122,190500,302.8800,302.9700,302.8800,302.9400,2012,0
BLK.US,5,20131122,191000,302.8000,303.0100,302.8000,302.9100,2300,0
BLK.US,5,20131122,191500,302.9300,303.0200,302.9300,302.9700,1400,0
BLK.US,5,20131122,192000,302.8600,302.8600,302.8000,302.8000,1300,0
BLK.US,5,20131122,192500,302.7400,302.9300,302.7100,302.9300,1100,0
BLK.US,5,20131122,193000,302.9200,302.9500,302.8800,302.9500,3072,0
BLK.US,5,20131122,193500,302.9600,303.0100,302.9200,302.9200,3200,0
BLK.US,5,20131122,194000,302.9200,302.9200,302.4300,302.4300,4400,0
BLK.US,5,20131122,194500,302.4600,302.4600,302.1600,302.1600,2443,0
BLK.US,5,20131122,195000,302.1900,302.1900,301.7500,301.7500,3626,0
BLK.US,5,20131122,195500,301.8800,302.0400,301.7800,301.9900,1400,0
BLK.US,5,20131122,200000,301.9700,301.9700,301.7600,301.9700,2700,0
BLK.US,5,20131122,200500,302.0000,302.2800,301.9900,302.2800,3405,0
BLK.US,5,20131122,201000,302.4100,302.6300,302.4000,302.6300,3600,0
BLK.US,5,20131122,201500,302.8100,303.0600,302.6500,302.8800,3920,0
BLK.US,5,20131122,202000,302.7100,303.1100,302.6800,302.8300,5103,0
BLK.US,5,20131122,202500,302.7700,303.0900,302.7700,303.0100,9832,0
BLK.US,5,20131122,203000,303.0000,303.4400,302.8300,303.3500,3450,0
BLK.US,5,20131122,203500,303.4000,303.6000,303.3700,303.5200,3020,0
BLK.US,5,20131122,204000,303.5200,303.5400,303.2700,303.3900,2500,0
BLK.US,5,20131122,204500,303.5000,303.5100,303.2900,303.2900,11680,0
BLK.US,5,20131122,205000,303.3500,303.3500,303.0900,303.0900,10109,0
BLK.US,5,20131122,205500,303.0600,303.2800,303.0600,303.1900,9064,0
BLK.US,5,20131122,210000,303.0800,303.1800,303.0300,303.1500,1230,0
BLK.US,5,20131122,210500,303.1700,303.2400,303.1400,303.2000,10871,0
BLK.US,5,20131122,211000,303.1800,303.2500,303.0600,303.0800,11100,0
BLK.US,5,20131122,211500,303.0700,303.2200,302.9100,303.2200,32280,0
BLK.US,5,20131122,212000,303.3900,303.3900,302.8700,302.8700,10830,0
BLK.US,5,20131122,212500,302.8800,303.1100,302.8800,303.0400,11890,0
BLK.US,5,20131122,213000,303.0300,303.0500,302.8100,302.9000,5895,0
BLK.US,5,20131122,213500,302.8200,303.0700,302.7700,303.0700,5234,0
BLK.US,5,20131122,214000,303.0300,303.1400,302.8500,302.9000,9213,0
BLK.US,5,20131122,214500,302.9000,303.0000,302.8000,302.9000,8722,0
BLK.US,5,20131122,215000,302.9000,303.3300,302.9000,303.2700,40754,0
BLK.US,5,20131122,215500,303.2900,303.6300,303.2300,303.6300,18614,0
BLK.US,5,20131122,220000,303.6300,303.8300,303.5500,303.7600,28533,0
BLK.US,5,20131122,220500,303.7600,303.7600,303.7600,303.7600,124194,0
BLK.US,5,20131125,153500,304.8800,305.0000,304.2400,304.9000,6072,0
BLK.US,5,20131125,154000,304.7300,304.9100,304.2300,304.9100,3055,0
BLK.US,5,20131125,154500,304.6700,304.7900,304.1000,304.4900,3800,0
BLK.US,5,20131125,155000,304.5600,304.9900,304.1600,304.2000,4447,0
BLK.US,5,20131125,155500,304.0000,304.0300,303.5000,303.9600,13100,0
BLK.US,5,20131125,160000,303.8000,304.5200,303.5300,304.5200,2177,0
BLK.US,5,20131125,160500,304.5200,304.7100,303.9300,303.9800,4936,0
BLK.US,5,20131125,161000,303.8400,303.8400,303.3700,303.5900,2015,0
BLK.US,5,20131125,161500,303.6800,304.0500,303.6700,304.0400,1375,0
BLK.US,5,20131125,162000,304.1700,304.5000,304.0700,304.5000,1600,0
BLK.US,5,20131125,162500,304.4900,304.5700,304.4700,304.4700,1600,0
BLK.US,5,20131125,163000,304.2800,304.2800,303.8900,303.9400,3104,0
BLK.US,5,20131125,163500,303.9900,304.2800,303.8000,303.8000,1283,0
BLK.US,5,20131125,164000,303.8000,304.5200,303.8000,304.5000,2545,0
BLK.US,5,20131125,164500,304.5000,304.6300,304.4700,304.4800,3600,0
BLK.US,5,20131125,165000,304.4300,304.4900,304.1500,304.1500,6028,0
BLK.US,5,20131125,165500,304.1600,304.1600,303.8700,303.8700,12521,0
BLK.US,5,20131125,170000,303.8700,303.8900,303.7600,303.8900,1745,0
BLK.US,5,20131125,170500,303.9100,304.0600,303.7100,303.9700,2000,0
BLK.US,5,20131125,171000,303.8300,303.9500,303.5000,303.6500,1877,0
BLK.US,5,20131125,171500,303.8500,303.8900,303.8500,303.8800,700,0
BLK.US,5,20131125,172000,303.9500,304.2700,303.6900,304.2500,2100,0
BLK.US,5,20131125,172500,304.2000,304.5700,303.9600,304.0300,12372,0
BLK.US,5,20131125,173000,304.0100,304.0500,303.8100,304.0500,2025,0
BLK.US,5,20131125,173500,304.0400,304.1200,304.0200,304.1200,1000,0
BLK.US,5,20131125,174000,304.1400,304.3200,304.1400,304.1900,1300,0
BLK.US,5,20131125,174500,304.3400,304.3400,304.0100,304.0900,3450,0
BLK.US,5,20131125,175000,303.9600,304.0100,303.9600,303.9900,450,0
BLK.US,5,20131125,175500,304.1600,304.2700,303.9000,304.0000,2100,0
BLK.US,5,20131125,180000,304.0000,304.0600,303.8200,304.0300,1100,0
BLK.US,5,20131125,180500,303.8200,304.1900,303.6400,304.1900,966,0
BLK.US,5,20131125,181000,304.0200,304.0200,303.6700,303.7700,1650,0
BLK.US,5,20131125,181500,303.7300,303.7300,303.5800,303.5800,500,0
BLK.US,5,20131125,182000,303.7700,303.8800,303.7100,303.8800,2100,0
BLK.US,5,20131125,182500,303.8400,303.8600,303.6900,303.7700,4094,0
BLK.US,5,20131125,183000,303.6800,303.7500,303.4800,303.7500,2905,0
BLK.US,5,20131125,183500,303.7500,303.7500,303.5000,303.5000,1000,0
BLK.US,5,20131125,184000,303.5900,303.8400,303.5900,303.6400,3008,0
BLK.US,5,20131125,184500,303.6400,303.6900,303.6400,303.6900,211,0
BLK.US,5,20131125,185000,303.6000,303.7100,303.6000,303.7100,900,0
BLK.US,5,20131125,185500,303.7200,303.7200,303.5300,303.5300,1100,0
BLK.US,5,20131125,190000,303.5000,303.7300,303.4700,303.7100,500,0
BLK.US,5,20131125,190500,303.6400,303.6400,303.5700,303.6100,1755,0
BLK.US,5,20131125,191000,303.5000,303.5500,303.4800,303.4800,400,0
BLK.US,5,20131125,191500,303.6400,303.8600,303.6000,303.6000,1100,0
BLK.US,5,20131125,192000,303.8300,303.8300,303.3800,303.5200,1592,0
BLK.US,5,20131125,192500,303.4800,303.4800,303.4800,303.4800,200,0
BLK.US,5,20131125,193000,303.4200,303.5400,303.2900,303.2900,1400,0
BLK.US,5,20131125,193500,303.4000,303.5400,303.4000,303.5400,1560,0
BLK.US,5,20131125,194000,303.4300,303.5200,303.4000,303.4000,600,0
BLK.US,5,20131125,194500,303.4000,303.7200,303.4000,303.6200,5086,0
BLK.US,5,20131125,195000,303.6000,303.8400,303.5300,303.7000,9771,0
BLK.US,5,20131125,195500,303.7000,303.8100,303.4900,303.5100,5894,0
BLK.US,5,20131125,200000,303.6700,303.7200,303.6700,303.7200,2191,0
BLK.US,5,20131125,200500,303.7300,303.7300,303.7000,303.7000,500,0
BLK.US,5,20131125,201000,303.6200,303.6900,303.6200,303.6700,1600,0
BLK.US,5,20131125,201500,303.6900,303.7000,303.4800,303.5400,1500,0
BLK.US,5,20131125,202000,303.5400,303.6600,303.4100,303.5100,2978,0
BLK.US,5,20131125,202500,303.4000,303.4000,303.2100,303.3600,2400,0
BLK.US,5,20131125,203000,303.3100,303.3600,303.0600,303.3400,3674,0
BLK.US,5,20131125,203500,303.4500,303.5600,303.2200,303.3000,1225,0
BLK.US,5,20131125,204000,303.3800,303.4500,303.0400,303.2200,2700,0
BLK.US,5,20131125,204500,303.3100,303.3100,302.9100,303.0200,8314,0
BLK.US,5,20131125,205000,302.9500,302.9800,302.7600,302.7600,1803,0
BLK.US,5,20131125,205500,302.7100,303.0300,302.7000,303.0300,876,0
BLK.US,5,20131125,210000,302.8600,303.0600,302.8100,302.9700,1801,0
BLK.US,5,20131125,210500,302.9700,302.9700,302.6400,302.6700,2500,0
BLK.US,5,20131125,211000,302.7300,302.7400,302.0900,302.2300,3851,0
BLK.US,5,20131125,211500,301.9800,302.2600,301.9800,301.9800,1600,0
BLK.US,5,20131125,212000,302.0000,302.1800,301.8300,301.8700,4655,0
BLK.US,5,20131125,212500,301.9200,301.9200,301.4900,301.4900,3300,0
BLK.US,5,20131125,213000,301.5700,301.7000,301.4500,301.5900,8500,0
BLK.US,5,20131125,213500,301.5600,301.9500,301.4000,301.9500,5851,0
BLK.US,5,20131125,214000,301.9400,302.0100,301.3700,301.4000,5075,0
BLK.US,5,20131125,214500,301.3900,301.5600,301.3600,301.5000,5653,0
BLK.US,5,20131125,215000,301.4700,302.0700,301.4700,301.8000,8784,0
BLK.US,5,20131125,215500,301.8000,301.8000,301.4800,301.5000,8209,0
BLK.US,5,20131125,220000,301.4300,301.7700,301.2100,301.7300,19533,0
BLK.US,5,20131125,220500,301.6200,301.6200,301.6200,301.6200,22373,0
BLK.US,5,20131126,153500,299.0800,303.8000,299.0800,303.2000,3200,0
BLK.US,5,20131126,154000,303.1900,303.1900,302.0400,302.4000,24442,0
BLK.US,5,20131126,154500,302.6000,302.9400,302.5000,302.6900,4496,0
BLK.US,5,20131126,155000,302.5100,303.0100,301.7500,302.7600,10696,0
BLK.US,5,20131126,155500,302.7500,303.0800,302.3200,302.6800,8370,0
BLK.US,5,20131126,160000,302.6000,302.9800,302.6000,302.7800,3000,0
BLK.US,5,20131126,160500,302.7900,303.3300,302.4100,302.8000,5392,0
BLK.US,5,20131126,161000,302.4500,302.6400,301.9700,302.6400,9298,0
BLK.US,5,20131126,161500,302.5300,303.0600,302.3800,302.9100,7300,0
BLK.US,5,20131126,162000,302.9100,303.0700,302.6300,302.6300,7388,0
BLK.US,5,20131126,162500,302.7200,303.2600,302.6300,303.1300,5460,0
BLK.US,5,20131126,163000,303.1300,303.9900,303.1300,303.8500,14605,0
BLK.US,5,20131126,163500,303.8500,304.5300,303.8300,303.8300,11500,0
BLK.US,5,20131126,164000,303.9200,304.6000,303.9200,304.6000,31917,0
BLK.US,5,20131126,164500,304.6000,304.6900,303.9800,304.1400,14500,0
BLK.US,5,20131126,165000,304.3500,304.4900,304.0800,304.4300,2850,0
BLK.US,5,20131126,165500,304.4200,304.5800,304.3400,304.3800,3441,0
BLK.US,5,20131126,170000,304.4400,304.5500,304.2500,304.5500,5380,0
BLK.US,5,20131126,170500,304.5500,304.5500,303.9900,304.2000,6475,0
BLK.US,5,20131126,171000,304.1900,304.2100,303.9300,304.0400,26680,0
BLK.US,5,20131126,171500,304.1000,304.4200,304.0500,304.3200,1900,0
BLK.US,5,20131126,172000,304.5200,304.6800,304.2900,304.4000,4959,0
BLK.US,5,20131126,172500,304.5000,304.9200,304.5000,304.8500,2449,0
BLK.US,5,20131126,173000,304.8500,305.1400,304.8300,305.0300,20137,0
BLK.US,5,20131126,173500,304.9000,305.3900,304.8200,304.9800,23078,0
BLK.US,5,20131126,174000,305.1700,305.3800,305.1600,305.3800,3128,0
BLK.US,5,20131126,174500,305.4400,305.6100,304.7400,304.9400,15464,0
BLK.US,5,20131126,175000,304.8300,305.0000,304.8300,305.0000,4300,0
BLK.US,5,20131126,175500,305.0000,305.0400,304.6500,304.8000,6910,0
BLK.US,5,20131126,180000,304.7900,305.3600,304.6600,305.1800,31970,0
BLK.US,5,20131126,180500,305.2100,305.4100,305.1800,305.1800,2000,0
BLK.US,5,20131126,181000,305.6000,305.7400,304.8200,304.8200,7352,0
BLK.US,5,20131126,181500,304.4900,304.7500,304.4900,304.7500,773,0
BLK.US,5,20131126,182000,304.8800,304.9400,304.6500,304.7300,600,0
BLK.US,5,20131126,182500,304.9900,305.2600,304.9900,305.1800,2720,0
BLK.US,5,20131126,183000,305.1500,305.2400,304.9700,305.0600,2492,0
BLK.US,5,20131126,183500,305.1200,305.4000,305.0300,305.1900,1400,0
BLK.US,5,20131126,184000,305.2100,305.3900,304.9400,305.3900,3750,0
BLK.US,5,20131126,184500,305.3900,305.5500,305.3900,305.5500,400,0
BLK.US,5,20131126,185000,305.3900,305.5600,304.8000,304.8000,4608,0
BLK.US,5,20131126,185500,304.8100,304.9400,304.7000,304.9300,800,0
BLK.US,5,20131126,190000,305.0000,305.0000,304.7200,304.8500,5216,0
BLK.US,5,20131126,190500,304.8500,304.9600,304.6500,304.6500,1700,0
BLK.US,5,20131126,191000,304.6600,304.6700,304.3700,304.3700,1307,0
BLK.US,5,20131126,191500,304.5300,304.8500,304.5300,304.8500,1800,0
BLK.US,5,20131126,192000,304.7200,304.8900,304.6000,304.6000,2300,0
BLK.US,5,20131126,192500,304.7200,304.9200,304.4700,304.4700,7935,0
BLK.US,5,20131126,193000,304.5000,304.6300,304.1100,304.2200,27751,0
BLK.US,5,20131126,193500,304.1100,304.3400,304.0500,304.1000,2813,0
BLK.US,5,20131126,194000,304.3000,304.3300,304.0100,304.0400,1948,0
BLK.US,5,20131126,194500,304.1100,304.4900,304.0900,304.4000,3000,0
BLK.US,5,20131126,195000,304.3800,304.3800,304.1000,304.3000,2229,0
BLK.US,5,20131126,195500,304.2500,304.4100,304.1900,304.1900,3116,0
BLK.US,5,20131126,200000,304.1700,304.2900,304.1100,304.2900,1400,0
BLK.US,5,20131126,200500,304.1300,304.4400,304.1300,304.3400,1500,0
BLK.US,5,20131126,201000,304.4200,304.4400,304.0300,304.0600,2608,0
BLK.US,5,20131126,201500,304.0700,304.1100,303.9400,304.0100,4337,0
BLK.US,5,20131126,202000,303.9000,304.1000,303.8200,303.9100,2135,0
BLK.US,5,20131126,202500,303.8800,304.2500,303.8800,304.1500,2400,0
BLK.US,5,20131126,203000,304.2500,304.6500,304.1700,304.5200,2200,0
BLK.US,5,20131126,203500,304.4700,305.1600,304.4700,305.1400,3100,0
BLK.US,5,20131126,204000,305.1700,305.2600,305.1600,305.2000,3130,0
BLK.US,5,20131126,204500,305.3100,305.4300,305.2000,305.2000,6500,0
BLK.US,5,20131126,205000,305.2900,305.3000,305.1300,305.2500,1400,0
BLK.US,5,20131126,205500,305.3100,305.5800,305.2600,305.4300,3780,0
BLK.US,5,20131126,210000,305.4300,305.4800,305.3400,305.3400,2400,0
BLK.US,5,20131126,210500,305.2900,305.4500,305.1900,305.2400,3500,0
BLK.US,5,20131126,211000,305.2400,305.3600,305.2100,305.3500,3634,0
BLK.US,5,20131126,211500,305.3900,305.5400,304.9300,304.9400,11010,0
BLK.US,5,20131126,212000,304.9800,305.0100,304.7500,305.0100,8233,0
BLK.US,5,20131126,212500,305.0100,305.0100,304.8100,304.8900,3239,0
BLK.US,5,20131126,213000,304.9000,304.9000,304.6900,304.6900,10700,0
BLK.US,5,20131126,213500,304.6600,305.1200,304.6600,305.0900,30817,0
BLK.US,5,20131126,214000,305.1300,305.1500,304.8200,304.8300,11138,0
BLK.US,5,20131126,214500,304.8500,305.0000,304.8400,304.8400,7471,0
BLK.US,5,20131126,215000,304.8300,304.8300,303.7200,303.8100,12293,0
BLK.US,5,20131126,215500,303.8100,303.9100,303.4800,303.5300,11071,0
BLK.US,5,20131126,220000,303.4900,303.4900,303.2400,303.4300,14590,0
BLK.US,5,20131126,220500,303.4400,303.4400,303.4400,303.4400,86562,0
BLK.US,5,20131126,221500,303.4400,303.4400,303.4400,303.4400,291,0
BLK.US,5,20131127,153500,304.1600,304.9700,303.5800,304.9300,3613,0
BLK.US,5,20131127,154000,304.9200,305.5000,304.4600,304.8300,9571,0
BLK.US,5,20131127,154500,304.3100,305.3000,304.3100,305.3000,2090,0
BLK.US,5,20131127,155000,304.8100,304.8300,304.1900,304.8300,900,0
BLK.US,5,20131127,155500,305.0700,305.3300,304.5800,304.8900,1448,0
BLK.US,5,20131127,160000,304.5000,304.9000,304.3700,304.3700,3250,0
BLK.US,5,20131127,160500,304.5900,304.9600,304.1100,304.1100,4628,0
BLK.US,5,20131127,161000,304.5200,304.9800,304.5200,304.9000,3100,0
BLK.US,5,20131127,161500,304.8100,305.8500,304.7800,305.0200,50810,0
BLK.US,5,20131127,162000,304.8800,305.6600,304.8800,305.6100,4404,0
BLK.US,5,20131127,162500,305.6200,305.6900,305.3900,305.4300,2800,0
BLK.US,5,20131127,163000,305.3200,305.9700,305.3200,305.9700,7900,0
BLK.US,5,20131127,163500,306.0200,306.1000,305.7000,305.7000,2600,0
BLK.US,5,20131127,164000,305.7200,306.1100,305.6400,306.1100,2526,0
BLK.US,5,20131127,164500,306.1100,306.8800,306.1100,306.6800,4778,0
BLK.US,5,20131127,165000,306.6200,306.8400,306.4700,306.5100,10145,0
BLK.US,5,20131127,165500,306.5800,306.5800,306.2600,306.3900,974,0
BLK.US,5,20131127,170000,306.4000,306.6400,306.4000,306.4000,600,0
BLK.US,5,20131127,170500,306.6000,306.7100,306.4700,306.5700,2600,0
BLK.US,5,20131127,171000,306.5700,306.6100,306.3700,306.6100,3100,0
BLK.US,5,20131127,171500,306.7800,306.8900,306.7300,306.8700,1877,0
BLK.US,5,20131127,172000,306.7400,306.9100,306.6600,306.7200,2640,0
BLK.US,5,20131127,172500,306.7300,306.9900,306.7300,306.9900,2564,0
BLK.US,5,20131127,173000,307.0000,307.2000,306.9300,307.2000,2205,0
BLK.US,5,20131127,173500,307.2300,307.4000,307.2100,307.3400,3344,0
BLK.US,5,20131127,174000,307.2900,307.3700,307.0900,307.0900,2191,0
BLK.US,5,20131127,174500,307.1200,307.5500,307.0300,307.5500,4220,0
BLK.US,5,20131127,175000,307.6000,307.7800,307.4900,307.5100,2600,0
BLK.US,5,20131127,175500,307.4400,307.6600,307.3700,307.3800,3603,0
BLK.US,5,20131127,180000,307.3600,307.4500,307.3600,307.4000,2556,0
BLK.US,5,20131127,180500,307.4300,307.4300,307.0000,307.0200,1000,0
BLK.US,5,20131127,181000,307.0500,307.1300,306.9800,306.9800,800,0
BLK.US,5,20131127,181500,307.1300,307.1700,306.9500,306.9600,2300,0
BLK.US,5,20131127,182000,306.8800,307.0100,306.8800,307.0100,418,0
BLK.US,5,20131127,182500,306.9000,307.0900,306.8700,307.0200,3426,0
BLK.US,5,20131127,183000,306.9300,307.1100,306.9300,307.1100,3549,0
BLK.US,5,20131127,183500,307.1300,307.1600,306.5100,306.5400,2650,0
BLK.US,5,20131127,184000,306.3600,306.5100,306.3600,306.5100,600,0
BLK.US,5,20131127,184500,306.4400,306.6300,306.4400,306.5800,800,0
BLK.US,5,20131127,185000,306.5800,306.6700,306.3800,306.3800,800,0
BLK.US,5,20131127,185500,306.1400,306.2700,306.0400,306.2100,1300,0
BLK.US,5,20131127,190000,306.2400,306.4000,305.7400,305.7400,7100,0
BLK.US,5,20131127,190500,305.9200,306.2500,305.9000,305.9000,3400,0
BLK.US,5,20131127,191000,305.8600,306.1000,305.8600,306.1000,790,0
BLK.US,5,20131127,191500,306.0400,306.0500,305.4800,305.6200,2060,0
BLK.US,5,20131127,192000,305.4700,305.4700,305.4700,305.4700,100,0
BLK.US,5,20131127,192500,305.1800,305.4000,305.1800,305.3600,1886,0
BLK.US,5,20131127,193000,305.5000,305.6800,305.4400,305.6700,1800,0
BLK.US,5,20131127,193500,305.6100,305.8700,305.6000,305.7300,1990,0
BLK.US,5,20131127,194000,305.6600,305.8000,305.6600,305.6900,1840,0
BLK.US,5,20131127,194500,305.7200,305.9600,305.7200,305.9600,1414,0
BLK.US,5,20131127,195000,306.0400,306.0600,305.9300,305.9500,900,0
BLK.US,5,20131127,195500,306.0300,306.1200,305.9000,306.1200,1234,0
BLK.US,5,20131127,200000,306.0300,306.0900,305.9800,305.9800,1000,0
BLK.US,5,20131127,200500,306.1000,306.1000,306.0100,306.0200,800,0
BLK.US,5,20131127,201000,306.0500,306.1600,306.0500,306.1600,850,0
BLK.US,5,20131127,201500,306.2000,306.2900,306.1100,306.2500,2150,0
BLK.US,5,20131127,202000,306.2100,306.2500,306.1000,306.1600,2100,0
BLK.US,5,20131127,202500,306.1400,306.4400,306.1400,306.3300,2400,0
BLK.US,5,20131127,203000,306.4100,306.5500,306.4100,306.5000,1733,0
BLK.US,5,20131127,203500,306.5300,306.7300,306.5000,306.6000,3078,0
BLK.US,5,20131127,204000,306.6000,306.6000,306.2600,306.2600,2100,0
BLK.US,5,20131127,204500,306.2600,306.2600,306.2600,306.2600,100,0
BLK.US,5,20131127,205000,306.4200,306.8100,306.4200,306.8100,3208,0
BLK.US,5,20131127,205500,306.8300,306.9600,306.7700,306.9600,3268,0
BLK.US,5,20131127,210000,306.7600,306.9500,306.7600,306.8600,2900,0
BLK.US,5,20131127,210500,306.7800,307.2800,306.7600,307.2700,5200,0
BLK.US,5,20131127,211000,307.1400,307.3800,307.0100,307.3800,6259,0
BLK.US,5,20131127,211500,307.4800,307.5800,307.3300,307.3900,4970,0
BLK.US,5,20131127,212000,307.4300,307.4600,307.2700,307.3700,4642,0
BLK.US,5,20131127,212500,307.2100,307.3700,307.2100,307.3000,1835,0
BLK.US,5,20131127,213000,307.3700,307.4300,307.2500,307.4300,2900,0
BLK.US,5,20131127,213500,307.4300,307.5400,307.3300,307.3900,6671,0
BLK.US,5,20131127,214000,307.3800,307.3800,307.1800,307.2300,6500,0
BLK.US,5,20131127,214500,307.2300,307.4900,307.2300,307.3000,5516,0
BLK.US,5,20131127,215000,307.2800,307.4600,307.2400,307.2800,6861,0
BLK.US,5,20131127,215500,307.1800,307.4300,306.8800,307.4000,10793,0
BLK.US,5,20131127,220000,307.3800,307.8600,307.3700,307.6800,36761,0
BLK.US,5,20131127,220500,307.6000,307.6000,307.6000,307.6000,52071,0
BLK.US,5,20131129,153500,309.8500,309.8500,306.5100,307.8900,3750,0
BLK.US,5,20131129,154000,308.2000,308.3000,305.9500,306.4000,12232,0
BLK.US,5,20131129,154500,306.4500,306.6200,306.0200,306.3400,3680,0
BLK.US,5,20131129,155000,305.9400,306.4400,305.9100,306.0400,3204,0
BLK.US,5,20131129,155500,306.1600,306.3200,305.9400,306.3200,3900,0
BLK.US,5,20131129,160000,306.1400,306.1800,305.6200,305.6200,4388,0
BLK.US,5,20131129,160500,305.7200,305.7600,305.0000,305.0000,8272,0
BLK.US,5,20131129,161000,304.9700,306.0100,304.7400,305.9800,6000,0
BLK.US,5,20131129,161500,306.0100,306.0100,305.6000,305.6100,1689,0
BLK.US,5,20131129,162000,306.0000,306.0000,305.0500,305.3600,2300,0
BLK.US,5,20131129,162500,305.7300,305.7300,305.6800,305.6900,700,0
BLK.US,5,20131129,163000,305.4100,305.4100,305.3100,305.3100,505,0
BLK.US,5,20131129,163500,305.4400,305.7300,305.3200,305.4300,1700,0
BLK.US,5,20131129,164000,305.4700,305.5000,305.1500,305.1500,1600,0
BLK.US,5,20131129,164500,304.9900,305.1500,304.3100,304.5300,5443,0
BLK.US,5,20131129,165000,304.3600,304.5400,304.0300,304.0300,3359,0
BLK.US,5,20131129,165500,304.0400,304.4000,304.0300,304.4000,3565,0
BLK.US,5,20131129,170000,304.4000,304.4700,304.1800,304.4700,2300,0
BLK.US,5,20131129,170500,304.4200,304.5200,304.2900,304.3000,1600,0
BLK.US,5,20131129,171000,304.3400,304.9400,304.3400,304.7800,2400,0
BLK.US,5,20131129,171500,304.7500,304.9700,304.7400,304.9700,1500,0
BLK.US,5,20131129,172000,305.0000,305.3300,305.0000,305.3200,1287,0
BLK.US,5,20131129,172500,305.3700,305.3800,304.7700,304.9000,3000,0
BLK.US,5,20131129,173000,304.9100,305.3800,304.9100,305.0900,2100,0
BLK.US,5,20131129,173500,305.1200,305.1200,304.7500,304.7500,900,0
BLK.US,5,20131129,174000,304.6900,304.6900,304.3300,304.3300,1213,0
BLK.US,5,20131129,174500,304.5100,304.5100,304.3300,304.4900,2578,0
BLK.US,5,20131129,175000,304.3700,304.6900,304.3300,304.5100,3066,0
BLK.US,5,20131129,175500,304.6000,304.6300,304.3300,304.3300,1492,0
BLK.US,5,20131129,180000,304.5200,304.5200,304.3500,304.3800,400,0
BLK.US,5,20131129,180500,304.3600,304.6600,304.3600,304.5600,2702,0
BLK.US,5,20131129,181000,304.5400,304.7600,304.3000,304.5500,2854,0
BLK.US,5,20131129,181500,304.4100,305.2400,304.4100,305.2300,15500,0
BLK.US,5,20131129,182000,305.3500,305.5900,305.2400,305.3300,4388,0
BLK.US,5,20131129,182500,304.9900,305.3300,304.8300,305.0100,7456,0
BLK.US,5,20131129,183000,305.2800,305.3100,305.2800,305.3100,500,0
BLK.US,5,20131129,183500,305.0400,305.0400,304.9900,304.9900,300,0
BLK.US,5,20131129,184000,304.8000,304.8000,304.2600,304.4900,1075,0
BLK.US,5,20131129,184500,304.3100,304.8600,304.3100,304.4100,3300,0
BLK.US,5,20131129,185000,304.2800,304.2800,303.3400,303.4400,5500,0
BLK.US,5,20131129,185500,303.4000,303.7600,302.7400,303.7600,8824,0
BLK.US,5,20131129,190000,303.8100,303.8100,302.4900,302.7500,17165,0
BLK.US,5,20131129,190500,302.4100,302.7500,302.4100,302.7500,51593,0
BLK.US,5,20131202,153500,303.0000,304.0100,303.0000,303.3400,1368,0
BLK.US,5,20131202,154000,303.8800,304.4600,303.8300,304.1200,3133,0
BLK.US,5,20131202,154500,304.1200,304.4400,303.8400,304.4300,1400,0
BLK.US,5,20131202,155000,304.3100,304.4300,303.4400,303.4900,4208,0
BLK.US,5,20131202,155500,303.3800,303.6700,303.3800,303.4800,1000,0
BLK.US,5,20131202,160000,303.4000,304.2800,303.4000,303.9600,5674,0
BLK.US,5,20131202,160500,303.8300,304.3400,303.4600,304.3400,2500,0
BLK.US,5,20131202,161000,304.3700,305.3700,304.2000,305.3700,4960,0
BLK.US,5,20131202,161500,305.3700,305.7900,305.0600,305.0600,5850,0
BLK.US,5,20131202,162000,305.4100,305.6500,305.3600,305.6000,5971,0
BLK.US,5,20131202,162500,305.3900,305.6500,305.3900,305.6500,800,0
BLK.US,5,20131202,163000,305.6400,305.7000,305.3700,305.5600,6329,0
BLK.US,5,20131202,163500,305.6600,306.3400,305.6100,306.0500,4336,0
BLK.US,5,20131202,164000,306.1600,306.3900,305.8100,305.8500,6900,0
BLK.US,5,20131202,164500,305.7700,305.8800,305.5900,305.8800,3711,0
BLK.US,5,20131202,165000,305.9500,306.4500,305.9500,306.4500,700,0
BLK.US,5,20131202,165500,306.2400,306.4200,306.0700,306.3300,5147,0
BLK.US,5,20131202,170000,306.4100,306.7700,306.3800,306.6200,6332,0
BLK.US,5,20131202,170500,306.6100,306.7600,306.5200,306.5200,1101,0
BLK.US,5,20131202,171000,306.5200,306.8600,306.5200,306.8600,2843,0
BLK.US,5,20131202,171500,306.7500,306.9600,306.7300,306.8200,2900,0
BLK.US,5,20131202,172000,306.8300,306.8300,306.3600,306.3600,2085,0
BLK.US,5,20131202,172500,306.3400,306.3700,306.3400,306.3700,600,0
BLK.US,5,20131202,173000,306.5300,306.6800,306.2300,306.2500,4200,0
BLK.US,5,20131202,173500,306.4500,306.4800,306.3000,306.4800,3157,0
BLK.US,5,20131202,174000,306.4000,306.4900,306.2500,306.4800,1510,0
BLK.US,5,20131202,174500,306.4800,306.4800,306.0100,306.2200,4300,0
BLK.US,5,20131202,175000,306.3900,306.4600,306.3000,306.4600,1300,0
BLK.US,5,20131202,175500,306.3900,306.9500,306.3900,306.9500,1901,0
BLK.US,5,20131202,180000,306.8200,307.2800,306.8000,307.1500,4343,0
BLK.US,5,20131202,180500,306.9400,306.9400,306.8700,306.8700,800,0
BLK.US,5,20131202,181000,306.6500,306.8900,306.6500,306.8900,1134,0
BLK.US,5,20131202,181500,306.8900,306.8900,306.5900,306.6600,3333,0
BLK.US,5,20131202,182000,306.6600,306.8200,306.6600,306.8100,2100,0
BLK.US,5,20131202,182500,306.6400,307.4200,306.6400,307.4100,2499,0
BLK.US,5,20131202,183000,307.3900,307.6500,307.3900,307.6500,6559,0
BLK.US,5,20131202,183500,307.7400,307.8600,307.7400,307.8600,1400,0
BLK.US,5,20131202,184000,307.8600,307.8900,307.6100,307.6100,9700,0
BLK.US,5,20131202,184500,307.6500,307.9300,307.5900,307.9300,5500,0
BLK.US,5,20131202,185000,307.9400,308.3400,307.8000,308.3400,10432,0
BLK.US,5,20131202,185500,308.2600,308.8000,308.1700,308.7000,6267,0
BLK.US,5,20131202,190000,308.8000,308.8000,308.4800,308.6800,2926,0
BLK.US,5,20131202,190500,308.6800,308.6800,308.4300,308.5900,5345,0
BLK.US,5,20131202,191000,308.5000,308.5600,308.3800,308.5000,7949,0
BLK.US,5,20131202,191500,308.4900,308.5400,308.3100,308.5300,5621,0
BLK.US,5,20131202,192000,308.5800,308.7700,308.5200,308.5500,2226,0
BLK.US,5,20131202,192500,308.6700,309.0000,308.6700,308.9500,9516,0
BLK.US,5,20131202,193000,309.0300,309.2100,308.7900,308.7900,11405,0
BLK.US,5,20131202,193500,308.7900,308.9400,308.6200,308.7200,7800,0
BLK.US,5,20131202,194000,308.7200,308.8500,308.5600,308.7600,6257,0
BLK.US,5,20131202,194500,308.7900,308.8000,308.6800,308.7400,7113,0
BLK.US,5,20131202,195000,308.6300,308.7900,308.2500,308.4100,19809,0
BLK.US,5,20131202,195500,308.3500,308.5400,308.0900,308.0900,4726,0
BLK.US,5,20131202,200000,308.1100,308.2300,307.9000,308.2300,1550,0
BLK.US,5,20131202,200500,308.2300,308.2600,308.1500,308.1500,1900,0
BLK.US,5,20131202,201000,308.1600,308.3200,308.0700,308.1300,3000,0
BLK.US,5,20131202,201500,308.0600,308.0600,307.8400,307.8500,3200,0
BLK.US,5,20131202,202000,307.7400,307.7400,307.2600,307.6700,8700,0
BLK.US,5,20131202,202500,307.6700,307.6700,307.1400,307.1400,3965,0
BLK.US,5,20131202,203000,307.2900,307.3800,307.1100,307.2600,1000,0
BLK.US,5,20131202,203500,307.3000,307.6900,307.3000,307.6700,2800,0
BLK.US,5,20131202,204000,307.4700,307.6000,307.2000,307.2400,5213,0
BLK.US,5,20131202,204500,307.2000,307.3000,307.1500,307.2100,7300,0
BLK.US,5,20131202,205000,307.1300,307.1300,306.8400,307.0200,2950,0
BLK.US,5,20131202,205500,307.0400,307.3300,307.0300,307.2500,4403,0
BLK.US,5,20131202,210000,307.0800,307.2400,307.0400,307.2200,1800,0
BLK.US,5,20131202,210500,307.2400,307.2700,307.0000,307.0300,1960,0
BLK.US,5,20131202,211000,306.9900,307.0200,306.9300,307.0100,1821,0
BLK.US,5,20131202,211500,306.9000,306.9600,306.6100,306.6100,3851,0
BLK.US,5,20131202,212000,306.7000,306.8700,306.6800,306.7700,1400,0
BLK.US,5,20131202,212500,306.7800,306.8500,306.7700,306.7700,6541,0
BLK.US,5,20131202,213000,306.7700,306.8300,306.0000,306.0700,2749,0
BLK.US,5,20131202,213500,306.0200,306.0700,305.2900,305.3100,6100,0
BLK.US,5,20131202,214000,305.3100,305.5100,305.2600,305.3900,4659,0
BLK.US,5,20131202,214500,305.5100,305.5900,305.0900,305.0900,6520,0
BLK.US,5,20131202,215000,304.9500,305.3800,304.8900,305.0500,10151,0
BLK.US,5,20131202,215500,304.9000,305.0900,304.7100,304.9300,12707,0
BLK.US,5,20131202,220000,304.9100,305.0300,304.4700,304.8600,18169,0
BLK.US,5,20131202,220500,305.0000,305.0000,305.0000,305.0000,158523,0
BLK.US,5,20131203,153500,303.9000,303.9000,302.6800,303.7400,3124,0
BLK.US,5,20131203,154000,304.0900,304.5500,302.8300,302.9200,5263,0
BLK.US,5,20131203,154500,302.6500,302.6800,301.8800,302.0500,5160,0
BLK.US,5,20131203,155000,301.9500,302.4700,301.7300,301.7300,4100,0
BLK.US,5,20131203,155500,301.7800,302.6900,301.7800,302.0900,4111,0
BLK.US,5,20131203,160000,302.0400,302.6200,302.0400,302.6000,3233,0
BLK.US,5,20131203,160500,302.4500,303.0300,302.3800,302.5800,6938,0
BLK.US,5,20131203,161000,302.5500,302.7500,302.4300,302.4300,3058,0
BLK.US,5,20131203,161500,302.4300,302.5300,301.3100,301.3100,5613,0
BLK.US,5,20131203,162000,301.4500,301.6100,301.2700,301.4900,4108,0
BLK.US,5,20131203,162500,301.6900,301.8200,301.1800,301.4800,6901,0
BLK.US,5,20131203,163000,301.4600,301.8500,301.3700,301.5100,9177,0
BLK.US,5,20131203,163500,301.6100,301.9600,301.5500,301.8700,2500,0
BLK.US,5,20131203,164000,301.7900,302.1100,301.4600,302.1100,3321,0
BLK.US,5,20131203,164500,301.8900,302.4200,301.8500,302.1200,10368,0
BLK.US,5,20131203,165000,302.2500,302.6000,302.0700,302.1200,2838,0
BLK.US,5,20131203,165500,302.1100,302.1100,301.5800,301.6900,2299,0
BLK.US,5,20131203,170000,301.7000,301.8000,301.6200,301.6200,4300,0
BLK.US,5,20131203,170500,301.6100,301.6100,301.1400,301.2900,8000,0
BLK.US,5,20131203,171000,301.3500,301.4500,301.1300,301.1300,2510,0
BLK.US,5,20131203,171500,301.1800,301.2400,301.0100,301.0100,2300,0
BLK.US,5,20131203,172000,301.0300,301.1700,300.2900,300.2900,3293,0
BLK.US,5,20131203,172500,300.2600,300.5500,300.2600,300.5500,2200,0
BLK.US,5,20131203,173000,300.6000,300.7600,300.3000,300.4600,9470,0
BLK.US,5,20131203,173500,300.4400,300.4400,300.0400,300.1700,2700,0
BLK.US,5,20131203,174000,300.1600,300.2300,300.0100,300.0100,1600,0
BLK.US,5,20131203,174500,300.0400,300.0400,299.3900,299.7900,7338,0
BLK.US,5,20131203,175000,299.7000,299.7000,299.1100,299.1100,2700,0
BLK.US,5,20131203,175500,299.0100,299.4100,298.9100,299.4100,4454,0
BLK.US,5,20131203,180000,299.4100,299.5000,298.9700,299.1500,5815,0
BLK.US,5,20131203,180500,299.2000,299.3200,299.0400,299.2400,7977,0
BLK.US,5,20131203,181000,299.2900,299.9500,299.2900,299.9500,1201,0
BLK.US,5,20131203,181500,299.9500,300.0000,299.8300,299.8700,1900,0
BLK.US,5,20131203,182000,299.8600,299.8600,299.7200,299.7500,1200,0
BLK.US,5,20131203,182500,299.6200,299.7200,299.5000,299.5000,2000,0
BLK.US,5,20131203,183000,299.5900,299.6000,299.0300,299.0500,5195,0
BLK.US,5,20131203,183500,299.0100,299.0400,298.7000,298.8500,5502,0
BLK.US,5,20131203,184000,298.7700,299.1100,298.7700,298.9600,3635,0
BLK.US,5,20131203,184500,298.9500,298.9500,298.6600,298.6800,7149,0
BLK.US,5,20131203,185000,298.6900,298.7300,298.5700,298.6000,2738,0
BLK.US,5,20131203,185500,298.6000,298.7400,298.3000,298.7100,4588,0
BLK.US,5,20131203,190000,298.6100,298.6700,298.4000,298.4900,3475,0
BLK.US,5,20131203,190500,298.4900,298.4900,297.9600,297.9600,5400,0
BLK.US,5,20131203,191000,297.9600,298.1200,297.9200,297.9400,3500,0
BLK.US,5,20131203,191500,297.9600,298.0700,297.4500,297.4500,4002,0
BLK.US,5,20131203,192000,297.4500,297.4500,296.9600,297.1600,12069,0
BLK.US,5,20131203,192500,297.1800,297.2900,296.9600,296.9600,4421,0
BLK.US,5,20131203,193000,297.0000,297.0000,296.4000,296.5900,7044,0
BLK.US,5,20131203,193500,296.6400,297.0900,296.6400,297.0200,1534,0
BLK.US,5,20131203,194000,297.0800,297.1900,296.9900,297.1100,3250,0
BLK.US,5,20131203,194500,297.1600,297.4000,296.9200,297.0200,4950,0
BLK.US,5,20131203,195000,297.1800,297.6600,297.1800,297.6600,2926,0
BLK.US,5,20131203,195500,297.6600,297.9200,297.6600,297.8100,2075,0
BLK.US,5,20131203,200000,297.8200,298.1700,297.7000,297.7000,3000,0
BLK.US,5,20131203,200500,297.7600,297.8800,297.6000,297.6000,1600,0
BLK.US,5,20131203,201000,297.6300,297.8000,297.5700,297.8000,2131,0
BLK.US,5,20131203,201500,297.7100,297.9800,297.5400,297.8400,2160,0
BLK.US,5,20131203,202000,297.7500,297.7900,297.2400,297.2900,3769,0
BLK.US,5,20131203,202500,297.7400,297.8500,297.3800,297.6600,1300,0
BLK.US,5,20131203,203000,297.7900,298.0400,297.6300,297.9600,1600,0
BLK.US,5,20131203,203500,297.9200,298.5000,297.9200,298.5000,7395,0
BLK.US,5,20131203,204000,298.4600,298.8000,298.4600,298.5900,3800,0
BLK.US,5,20131203,204500,298.5500,298.7500,298.5200,298.6100,3267,0
BLK.US,5,20131203,205000,298.7800,298.9900,298.6000,298.9900,2307,0
BLK.US,5,20131203,205500,298.9700,299.0400,298.9100,298.9100,4517,0
BLK.US,5,20131203,210000,299.0800,299.1600,298.9100,298.9400,3736,0
BLK.US,5,20131203,210500,298.9100,298.9900,298.3300,298.6000,4453,0
BLK.US,5,20131203,211000,298.6700,298.7500,298.4400,298.4900,5273,0
BLK.US,5,20131203,211500,298.5100,298.6300,298.0900,298.3400,4171,0
BLK.US,5,20131203,212000,298.2800,298.4700,298.2100,298.3900,4228,0
BLK.US,5,20131203,212500,298.4800,298.4800,298.2100,298.2100,8975,0
BLK.US,5,20131203,213000,298.3700,298.3900,298.2000,298.2200,2100,0
BLK.US,5,20131203,213500,298.2700,298.7500,298.0200,298.6000,17578,0
BLK.US,5,20131203,214000,298.6400,298.8100,298.6400,298.7400,4499,0
BLK.US,5,20131203,214500,298.7400,298.7900,298.2600,298.4200,9900,0
BLK.US,5,20131203,215000,298.4100,299.0900,298.4100,298.9900,10605,0
BLK.US,5,20131203,215500,298.9700,299.1700,298.6800,298.7500,15411,0
BLK.US,5,20131203,220000,298.7600,299.0700,298.4900,298.5000,37098,0
BLK.US,5,20131203,220500,298.4100,298.4100,298.4100,298.4100,79967,0
BLK.US,5,20131204,153500,297.0300,299.8900,296.7200,298.0500,5200,0
BLK.US,5,20131204,154000,298.6600,298.6900,298.0800,298.6900,2230,0
BLK.US,5,20131204,154500,299.5500,299.7700,298.8600,298.9300,10854,0
BLK.US,5,20131204,155000,299.1000,299.3500,298.1600,298.1600,11951,0
BLK.US,5,20131204,155500,298.6300,298.6300,297.5700,297.8600,3779,0
BLK.US,5,20131204,160000,298.0500,299.3800,297.9500,299.2900,9329,0
BLK.US,5,20131204,160500,299.0400,300.4200,299.0400,299.9300,15489,0
BLK.US,5,20131204,161000,300.0100,300.3000,299.7300,300.1300,10485,0
BLK.US,5,20131204,161500,300.2800,300.2800,299.5200,300.2100,6705,0
BLK.US,5,20131204,162000,300.2100,300.2700,299.6100,299.6100,2102,0
BLK.US,5,20131204,162500,299.8000,300.1400,299.5400,299.5900,3420,0
BLK.US,5,20131204,163000,299.5800,299.7500,299.1700,299.4000,2200,0
BLK.US,5,20131204,163500,299.4800,299.9300,299.3300,299.5900,4965,0
BLK.US,5,20131204,164000,299.1800,299.3200,299.0700,299.2100,1029,0
BLK.US,5,20131204,164500,299.2200,299.6200,298.8900,298.8900,1966,0
BLK.US,5,20131204,165000,299.0000,299.2300,298.9100,299.0000,2804,0
BLK.US,5,20131204,165500,299.1800,299.4900,298.8800,298.8900,2900,0
BLK.US,5,20131204,170000,298.9800,299.0400,298.7400,298.8400,2773,0
BLK.US,5,20131204,170500,298.8500,298.9000,298.4900,298.5300,2318,0
BLK.US,5,20131204,171000,298.5400,298.6300,298.3600,298.3600,3400,0
BLK.US,5,20131204,171500,298.3200,298.5000,297.8000,297.8000,4225,0
BLK.US,5,20131204,172000,297.9100,297.9100,297.0600,297.0600,3400,0
BLK.US,5,20131204,172500,297.0800,297.6700,297.0700,297.3200,8267,0
BLK.US,5,20131204,173000,297.1700,297.2800,297.0100,297.0100,1900,0
BLK.US,5,20131204,173500,297.2200,297.6000,297.0200,297.2900,3500,0
BLK.US,5,20131204,174000,297.2000,297.5400,297.2000,297.5200,1600,0
BLK.US,5,20131204,174500,297.4600,297.5400,297.2900,297.4400,1900,0
BLK.US,5,20131204,175000,297.3100,297.4900,297.1400,297.1400,2200,0
BLK.US,5,20131204,175500,297.1700,297.2800,296.7600,297.0600,2950,0
BLK.US,5,20131204,180000,297.0600,297.3300,297.0200,297.0800,3910,0
BLK.US,5,20131204,180500,297.0800,297.1600,296.0800,296.0800,6716,0
BLK.US,5,20131204,181000,296.0800,296.2100,295.9300,296.0200,2600,0
BLK.US,5,20131204,181500,296.1200,296.1300,295.4200,295.5700,3339,0
BLK.US,5,20131204,182000,295.6100,295.6100,295.1100,295.1100,6500,0
BLK.US,5,20131204,182500,295.0700,295.0700,294.6200,294.7200,8678,0
BLK.US,5,20131204,183000,294.7100,294.7100,294.2100,294.3100,4100,0
BLK.US,5,20131204,183500,294.2800,294.9000,294.2800,294.8900,3254,0
BLK.US,5,20131204,184000,294.9000,294.9200,294.4900,294.7400,1200,0
BLK.US,5,20131204,184500,294.6300,294.6300,294.2900,294.5600,1300,0
BLK.US,5,20131204,185000,294.5500,294.8000,294.3200,294.3200,1900,0
BLK.US,5,20131204,185500,294.3600,294.5600,294.1400,294.1600,1900,0
BLK.US,5,20131204,190000,294.1900,294.5300,294.0500,294.0500,4213,0
BLK.US,5,20131204,190500,294.1100,294.9400,294.0700,294.8900,4700,0
BLK.US,5,20131204,191000,295.0500,295.1700,294.3800,294.4900,5610,0
BLK.US,5,20131204,191500,294.6900,294.6900,294.1600,294.1600,4400,0
BLK.US,5,20131204,192000,294.1800,294.1900,293.6600,293.9600,7698,0
BLK.US,5,20131204,192500,294.1400,294.1600,293.0500,293.3400,9199,0
BLK.US,5,20131204,193000,293.2600,293.3400,292.8600,292.8600,7664,0
BLK.US,5,20131204,193500,292.8000,293.1200,292.0200,293.0600,9708,0
BLK.US,5,20131204,194000,293.0600,293.5800,293.0600,293.5700,3800,0
BLK.US,5,20131204,194500,293.5400,293.7300,293.2200,293.7300,4077,0
BLK.US,5,20131204,195000,293.5600,294.2600,293.5600,294.1900,2500,0
BLK.US,5,20131204,195500,294.1900,294.3700,293.9400,294.2800,5500,0
BLK.US,5,20131204,200000,294.3300,294.5800,293.5300,294.5100,19245,0
BLK.US,5,20131204,200500,294.3800,295.0500,294.3200,294.9600,9229,0
BLK.US,5,20131204,201000,294.9900,295.3000,294.9000,294.9000,1847,0
BLK.US,5,20131204,201500,294.9600,296.1000,294.9300,295.6900,10217,0
BLK.US,5,20131204,202000,295.7500,296.1100,295.5500,296.1100,2000,0
BLK.US,5,20131204,202500,296.0000,296.1000,295.5300,295.7100,2195,0
BLK.US,5,20131204,203000,295.9000,296.0200,295.6000,295.7100,4960,0
BLK.US,5,20131204,203500,295.8000,296.4200,295.8000,296.2600,3388,0
BLK.US,5,20131204,204000,296.2600,296.6300,296.2600,296.6300,1100,0
BLK.US,5,20131204,204500,296.6700,297.1900,296.6700,297.1900,3661,0
BLK.US,5,20131204,205000,297.0700,297.1100,296.8900,297.0800,2700,0
BLK.US,5,20131204,205500,297.2200,297.4300,297.1800,297.3600,2100,0
BLK.US,5,20131204,210000,297.3800,297.4300,297.0100,297.3800,2000,0
BLK.US,5,20131204,210500,297.6100,297.6200,297.1000,297.1000,2315,0
BLK.US,5,20131204,211000,297.1700,297.5500,297.1700,297.3100,3932,0
BLK.US,5,20131204,211500,297.2300,297.4300,297.1300,297.3800,2005,0
BLK.US,5,20131204,212000,297.3700,297.8700,297.2100,297.8700,2800,0
BLK.US,5,20131204,212500,297.9500,297.9500,297.5000,297.6000,2955,0
BLK.US,5,20131204,213000,297.5400,297.9400,297.5400,297.9400,1650,0
BLK.US,5,20131204,213500,298.0500,298.3200,297.4900,298.3200,8833,0
BLK.US,5,20131204,214000,298.3200,298.5200,298.2700,298.2700,2430,0
BLK.US,5,20131204,214500,298.2200,298.4400,298.1400,298.3700,5200,0
BLK.US,5,20131204,215000,298.3900,298.5600,298.0100,298.0100,6696,0
BLK.US,5,20131204,215500,297.9700,298.0400,297.7300,298.0300,5797,0
BLK.US,5,20131204,220000,298.0400,298.0700,297.4500,297.4600,12054,0
BLK.US,5,20131204,220500,297.4600,297.4600,297.4600,297.4600,31425,0
BLK.US,5,20131205,153500,294.5300,296.2400,294.5300,295.5100,2500,0
BLK.US,5,20131205,154000,295.6500,296.3100,295.6300,296.3100,6855,0
BLK.US,5,20131205,154500,296.1700,296.1700,293.9900,294.5900,8465,0
BLK.US,5,20131205,155000,294.8600,294.9400,294.3700,294.9400,8650,0
BLK.US,5,20131205,155500,294.8100,294.9400,294.0000,294.5000,16508,0
BLK.US,5,20131205,160000,294.6800,295.4700,294.5200,295.2500,4200,0
BLK.US,5,20131205,160500,295.2400,295.6000,294.8700,295.6000,3312,0
BLK.US,5,20131205,161000,295.5200,296.5100,295.5200,296.2500,4800,0
BLK.US,5,20131205,161500,296.4300,296.5700,295.6800,295.7400,3131,0
BLK.US,5,20131205,162000,295.7100,296.0800,295.7100,296.0500,4760,0
BLK.US,5,20131205,162500,296.0300,296.0300,295.1000,295.2200,3319,0
BLK.US,5,20131205,163000,295.0100,295.1500,294.5300,294.9600,10419,0
BLK.US,5,20131205,163500,294.9900,295.4300,294.7900,294.7900,2338,0
BLK.US,5,20131205,164000,294.9800,294.9800,294.6400,294.7400,10480,0
BLK.US,5,20131205,164500,294.7900,294.8000,294.0600,294.0600,3727,0
BLK.US,5,20131205,165000,294.0500,294.1300,293.4300,293.8000,4647,0
BLK.US,5,20131205,165500,294.0800,294.3900,294.0400,294.0400,1300,0
BLK.US,5,20131205,170000,294.3100,294.5200,294.1100,294.3400,1568,0
BLK.US,5,20131205,170500,294.3200,294.4700,293.7200,294.4700,3138,0
BLK.US,5,20131205,171000,294.8300,295.0500,294.7400,294.8200,1400,0
BLK.US,5,20131205,171500,294.6100,294.9500,294.6100,294.8600,1700,0
BLK.US,5,20131205,172000,294.9100,295.3700,294.8900,295.3700,3600,0
BLK.US,5,20131205,172500,295.2400,295.3700,294.9900,295.0100,3400,0
BLK.US,5,20131205,173000,295.0300,295.1200,294.6200,294.6300,1880,0
BLK.US,5,20131205,173500,294.7400,294.9900,294.4800,294.9700,3604,0
BLK.US,5,20131205,174000,294.8300,294.9200,294.6300,294.6900,2500,0
BLK.US,5,20131205,174500,294.7300,294.8300,294.4000,294.8200,4719,0
BLK.US,5,20131205,175000,294.6800,294.8400,294.3500,294.3600,1800,0
BLK.US,5,20131205,175500,294.4200,294.8400,294.3200,294.5600,5750,0
BLK.US,5,20131205,180000,294.6500,294.6600,294.2600,294.2600,1500,0
BLK.US,5,20131205,180500,294.3700,294.8900,294.3200,294.8900,4700,0
BLK.US,5,20131205,181000,294.8400,294.9400,294.7800,294.8300,1100,0
BLK.US,5,20131205,181500,294.9500,295.2200,294.7800,294.8400,3800,0
BLK.US,5,20131205,182000,294.8200,294.9400,294.7500,294.7500,800,0
BLK.US,5,20131205,182500,294.5600,294.6200,294.0400,294.1900,3600,0
BLK.US,5,20131205,183000,294.2400,294.6500,294.2100,294.3200,23516,0
BLK.US,5,20131205,183500,294.2800,294.4600,294.0100,294.0100,2371,0
BLK.US,5,20131205,184000,294.0400,294.3300,294.0100,294.2100,2919,0
BLK.US,5,20131205,184500,294.1400,294.1500,294.0000,294.0600,1800,0
BLK.US,5,20131205,185000,294.0200,294.2800,294.0000,294.0900,5700,0
BLK.US,5,20131205,185500,294.0900,294.3000,294.0400,294.2600,3075,0
BLK.US,5,20131205,190000,294.3700,294.7500,294.3700,294.6200,2400,0
BLK.US,5,20131205,190500,294.5900,294.8000,294.5200,294.5700,7644,0
BLK.US,5,20131205,191000,294.7100,294.8000,294.6300,294.6400,22555,0
BLK.US,5,20131205,191500,294.7200,294.8000,294.5000,294.5000,4500,0
BLK.US,5,20131205,192000,294.5100,294.7400,294.5100,294.5100,700,0
BLK.US,5,20131205,192500,294.5100,294.5100,294.0200,294.3300,2900,0
BLK.US,5,20131205,193000,294.3300,294.3300,294.0100,294.0100,2200,0
BLK.US,5,20131205,193500,294.0800,294.3500,294.0800,294.1500,3413,0
BLK.US,5,20131205,194000,294.2700,294.5100,294.2700,294.5100,1300,0
BLK.US,5,20131205,194500,294.5900,294.5900,294.2100,294.2100,1916,0
BLK.US,5,20131205,195000,294.2800,294.3400,294.1900,294.3400,700,0
BLK.US,5,20131205,195500,294.1200,294.5200,294.1200,294.5200,1300,0
BLK.US,5,20131205,200000,294.5900,294.7900,294.4200,294.5200,11293,0
BLK.US,5,20131205,200500,294.5600,294.8900,294.5600,294.8900,1200,0
BLK.US,5,20131205,201000,294.9500,296.0400,294.9300,295.6200,7300,0
BLK.US,5,20131205,201500,295.2400,295.3400,294.8100,294.8100,3000,0
BLK.US,5,20131205,202000,294.8800,295.0400,294.6300,294.9600,3865,0
BLK.US,5,20131205,202500,294.9500,295.0500,294.9100,295.0500,1119,0
BLK.US,5,20131205,203000,295.0000,295.2900,294.7100,295.2900,3100,0
BLK.US,5,20131205,203500,295.2500,295.3900,295.2500,295.3900,900,0
BLK.US,5,20131205,204000,295.3300,295.7700,295.2700,295.7700,1300,0
BLK.US,5,20131205,204500,295.7700,295.9200,295.6100,295.8700,5800,0
BLK.US,5,20131205,205000,295.9000,296.0400,295.5600,295.5600,4100,0
BLK.US,5,20131205,205500,295.5500,295.6200,295.2500,295.2500,1810,0
BLK.US,5,20131205,210000,295.2300,295.6100,294.9200,295.3000,3400,0
BLK.US,5,20131205,210500,295.3300,295.4700,295.0800,295.2700,3275,0
BLK.US,5,20131205,211000,295.4500,295.6700,295.3500,295.6600,4100,0
BLK.US,5,20131205,211500,295.6600,295.6900,295.3700,295.6900,4676,0
BLK.US,5,20131205,212000,295.5900,295.5900,295.3500,295.5100,2900,0
BLK.US,5,20131205,212500,295.3800,295.6000,295.2700,295.6000,4498,0
BLK.US,5,20131205,213000,295.6000,295.8100,295.3500,295.3500,15239,0
BLK.US,5,20131205,213500,295.3500,295.9400,295.2800,295.8100,7170,0
BLK.US,5,20131205,214000,295.8400,295.9600,295.5400,295.6100,3434,0
BLK.US,5,20131205,214500,295.6600,295.6600,295.1500,295.2000,5117,0
BLK.US,5,20131205,215000,295.1200,295.1200,294.7200,295.0000,8719,0
BLK.US,5,20131205,215500,294.9100,295.3800,294.8200,295.3700,24842,0
BLK.US,5,20131205,220000,295.2700,295.6500,295.0100,295.5100,27043,0
BLK.US,5,20131205,220500,295.5500,295.5500,295.5500,295.5500,140418,0
BLK.US,5,20131206,153500,299.5900,300.0000,299.4600,300.0000,2355,0
BLK.US,5,20131206,154000,299.9400,300.3000,299.2500,299.2600,7493,0
BLK.US,5,20131206,154500,299.4900,300.7000,299.4900,300.5000,18158,0
BLK.US,5,20131206,155000,300.3900,300.5000,299.2700,299.2900,16162,0
BLK.US,5,20131206,155500,299.2900,300.6300,299.2800,300.6300,5670,0
BLK.US,5,20131206,160000,300.4000,300.8800,300.0500,300.0500,19400,0
BLK.US,5,20131206,160500,299.9200,300.2500,299.2600,299.4300,6200,0
BLK.US,5,20131206,161000,299.6900,300.3100,299.4400,300.3100,23126,0
BLK.US,5,20131206,161500,300.1100,300.3400,299.8900,300.0900,2050,0
BLK.US,5,20131206,162000,300.3700,300.4100,300.1800,300.1800,4850,0
BLK.US,5,20131206,162500,300.3700,301.1000,300.2100,300.3600,15739,0
BLK.US,5,20131206,163000,300.4700,300.7500,300.0700,300.0800,3200,0
BLK.US,5,20131206,163500,300.0100,300.2000,299.5400,300.1800,12700,0
BLK.US,5,20131206,164000,300.1500,300.5000,300.0500,300.1800,16046,0
BLK.US,5,20131206,164500,300.0300,300.2000,299.6000,299.6000,2800,0
BLK.US,5,20131206,165000,299.5500,299.7500,299.2000,299.4500,6708,0
BLK.US,5,20131206,165500,299.4900,299.6100,299.3000,299.3300,10568,0
BLK.US,5,20131206,170000,299.4600,299.6900,299.3100,299.3100,3904,0
BLK.US,5,20131206,170500,299.6200,300.5000,299.5000,300.4100,2062,0
BLK.US,5,20131206,171000,300.4500,300.4500,300.1900,300.4300,3800,0
BLK.US,5,20131206,171500,300.4900,300.8000,300.2700,300.8000,1600,0
BLK.US,5,20131206,172000,300.7800,300.7800,300.3400,300.4700,1593,0
BLK.US,5,20131206,172500,300.3300,300.5500,300.3300,300.4600,965,0
BLK.US,5,20131206,173000,300.4900,300.6500,300.4000,300.4000,10288,0
BLK.US,5,20131206,173500,300.5400,301.0000,300.5300,300.8500,3317,0
BLK.US,5,20131206,174000,300.9000,300.9800,300.7100,300.7700,2800,0
BLK.US,5,20131206,174500,300.7700,300.7800,300.4400,300.5200,4672,0
BLK.US,5,20131206,175000,300.4600,300.6900,300.4600,300.6900,300,0
BLK.US,5,20131206,175500,300.6500,300.8600,300.5400,300.7200,973,0
BLK.US,5,20131206,180000,300.7800,301.0000,300.6400,300.8000,3977,0
BLK.US,5,20131206,180500,300.6600,301.0000,300.6200,300.9700,49100,0
BLK.US,5,20131206,181000,300.7800,301.0000,300.6700,300.6700,1900,0
BLK.US,5,20131206,181500,300.6700,300.8400,300.6700,300.6800,1100,0
BLK.US,5,20131206,182000,300.6800,300.9000,300.5400,300.8000,2800,0
BLK.US,5,20131206,182500,300.8100,300.8100,300.6000,300.6000,400,0
BLK.US,5,20131206,183000,300.6200,300.7300,300.6000,300.6500,1000,0
BLK.US,5,20131206,183500,300.6200,301.0500,300.6200,301.0500,1500,0
BLK.US,5,20131206,184000,301.1100,301.4400,301.0200,301.3000,3400,0
BLK.US,5,20131206,184500,301.5400,301.6200,301.1500,301.1500,1500,0
BLK.US,5,20131206,185000,301.2600,301.2800,301.2200,301.2200,600,0
BLK.US,5,20131206,185500,301.4000,301.5100,301.2600,301.3100,2635,0
BLK.US,5,20131206,190000,301.3000,301.6600,301.3000,301.6600,2800,0
BLK.US,5,20131206,190500,301.6700,301.7200,301.5600,301.7200,1507,0
BLK.US,5,20131206,191000,301.7600,301.7700,301.4300,301.4300,2915,0
BLK.US,5,20131206,191500,301.4100,301.4100,301.0600,301.1900,4388,0
BLK.US,5,20131206,192000,301.0800,301.4300,301.0800,301.4300,2877,0
BLK.US,5,20131206,192500,301.3600,301.3600,301.2600,301.2600,385,0
BLK.US,5,20131206,193000,301.2800,301.2800,301.1000,301.1000,1280,0
BLK.US,5,20131206,193500,301.1200,301.1300,300.9900,300.9900,800,0
BLK.US,5,20131206,194000,301.0200,301.7000,301.0200,301.7000,3584,0
BLK.US,5,20131206,194500,301.6900,301.7900,301.5700,301.6400,2125,0
BLK.US,5,20131206,195000,301.8000,302.0800,301.7300,302.0300,5025,0
BLK.US,5,20131206,195500,301.8700,301.9200,301.7200,301.7200,1000,0
BLK.US,5,20131206,200000,301.7200,301.7800,301.5600,301.6200,2700,0
BLK.US,5,20131206,200500,301.6200,301.6300,301.5000,301.5300,2500,0
BLK.US,5,20131206,201000,301.3600,301.5900,301.3600,301.5100,2500,0
BLK.US,5,20131206,201500,301.6900,301.7300,301.5100,301.5100,1717,0
BLK.US,5,20131206,202000,301.4700,301.4900,301.2800,301.2800,2938,0
BLK.US,5,20131206,202500,301.1300,301.1800,300.9700,300.9700,3800,0
BLK.US,5,20131206,203000,300.9500,300.9700,300.9400,300.9700,1259,0
BLK.US,5,20131206,203500,301.0200,301.1800,301.0200,301.1800,1700,0
BLK.US,5,20131206,204000,301.3000,301.3400,301.2000,301.2000,502,0
BLK.US,5,20131206,204500,301.3500,301.3500,301.1600,301.2200,1500,0
BLK.US,5,20131206,205000,301.1400,301.5000,301.1300,301.4900,4226,0
BLK.US,5,20131206,205500,301.3400,301.3500,301.0800,301.1000,1300,0
BLK.US,5,20131206,210000,301.0200,301.0200,300.9600,300.9600,300,0
BLK.US,5,20131206,210500,301.0200,301.1400,300.9400,301.0500,2091,0
BLK.US,5,20131206,211000,301.0700,301.4300,301.0700,301.2900,3359,0
BLK.US,5,20131206,211500,301.1800,301.2600,300.9600,301.2300,2400,0
BLK.US,5,20131206,212000,301.2900,301.2900,301.1500,301.1600,6287,0
BLK.US,5,20131206,212500,301.2700,301.2900,301.1500,301.2400,3692,0
BLK.US,5,20131206,213000,301.2600,301.4100,301.1800,301.1800,2500,0
BLK.US,5,20131206,213500,301.1800,301.6700,301.1800,301.6700,4400,0
BLK.US,5,20131206,214000,301.6600,301.6600,301.0900,301.1900,6643,0
BLK.US,5,20131206,214500,301.2700,301.6500,301.2300,301.3400,5900,0
BLK.US,5,20131206,215000,301.3800,301.6500,301.3300,301.6100,8300,0
BLK.US,5,20131206,215500,301.6500,301.9400,301.6100,301.9400,14036,0
BLK.US,5,20131206,220000,301.9700,301.9700,301.5100,301.7000,24943,0
BLK.US,5,20131206,220500,301.8300,301.8300,301.8300,301.8300,40558,0
BLK.US,5,20131209,153500,302.6500,302.6500,300.7000,301.1500,18075,0
BLK.US,5,20131209,154000,301.1600,301.2300,300.4600,300.9500,8587,0
BLK.US,5,20131209,154500,300.9400,301.6000,300.9400,301.4900,8596,0
BLK.US,5,20131209,155000,301.2900,302.4700,301.2900,302.4700,5300,0
BLK.US,5,20131209,155500,302.5200,302.5200,301.7600,302.0700,4651,0
BLK.US,5,20131209,160000,302.0400,302.6300,301.9600,302.5800,8799,0
BLK.US,5,20131209,160500,302.4500,303.1600,302.2900,302.4100,11651,0
BLK.US,5,20131209,161000,302.3300,302.3300,301.8500,302.0200,7027,0
BLK.US,5,20131209,161500,302.1800,302.4900,302.0900,302.4900,4833,0
BLK.US,5,20131209,162000,302.4900,302.6700,301.8300,301.8300,8170,0
BLK.US,5,20131209,162500,301.8100,301.9200,301.2700,301.6200,6500,0
BLK.US,5,20131209,163000,301.7400,301.7500,301.4300,301.6900,3233,0
BLK.US,5,20131209,163500,301.6000,301.6100,301.1400,301.1400,7800,0
BLK.US,5,20131209,164000,301.1300,301.3100,301.0700,301.0700,4800,0
BLK.US,5,20131209,164500,301.3500,301.5500,300.9600,301.4400,6300,0
BLK.US,5,20131209,165000,301.4600,301.4600,301.0700,301.1800,2600,0
BLK.US,5,20131209,165500,301.2300,301.9800,301.2000,301.9800,4200,0
BLK.US,5,20131209,170000,302.0000,302.1800,301.6200,301.9100,5390,0
BLK.US,5,20131209,170500,301.8800,301.8800,301.8800,301.8800,1400,0
BLK.US,5,20131209,171000,302.1900,302.8000,302.1300,302.5100,15798,0
BLK.US,5,20131209,171500,302.3000,302.6600,302.2700,302.6100,16800,0
BLK.US,5,20131209,172000,302.6000,302.9600,302.4900,302.9600,11609,0
BLK.US,5,20131209,172500,302.8400,303.4500,302.8400,303.4500,5850,0
BLK.US,5,20131209,173000,303.4500,303.7400,303.4500,303.6700,3600,0
BLK.US,5,20131209,173500,303.4800,303.9200,303.4800,303.7600,6377,0
BLK.US,5,20131209,174000,303.7600,304.1900,303.7600,304.0500,6100,0
BLK.US,5,20131209,174500,304.0500,304.1200,303.6800,304.0200,7000,0
BLK.US,5,20131209,175000,304.0300,304.1600,304.0100,304.0100,2800,0
BLK.US,5,20131209,175500,304.1300,304.5000,304.1100,304.5000,6997,0
BLK.US,5,20131209,180000,304.4400,304.5300,304.3200,304.3200,5688,0
BLK.US,5,20131209,180500,304.4700,304.9300,304.4300,304.4300,9380,0
BLK.US,5,20131209,181000,304.3200,304.3200,304.0200,304.0300,3722,0
BLK.US,5,20131209,181500,304.0000,304.0000,303.6400,303.6700,5760,0
BLK.US,5,20131209,182000,303.7400,303.7400,303.7100,303.7300,2700,0
BLK.US,5,20131209,182500,303.8800,304.1000,303.8800,304.1000,2100,0
BLK.US,5,20131209,183000,303.8600,303.8600,303.7400,303.8500,4300,0
BLK.US,5,20131209,183500,303.6100,303.7800,303.6100,303.6500,2700,0
BLK.US,5,20131209,184000,303.7000,303.9400,303.6000,303.6900,4600,0
BLK.US,5,20131209,184500,304.0400,304.1100,303.8400,303.9500,1700,0
BLK.US,5,20131209,185000,304.1200,304.2900,304.1100,304.2200,1614,0
BLK.US,5,20131209,185500,304.1500,304.2800,303.6700,303.6700,11300,0
BLK.US,5,20131209,190000,303.5400,303.8900,303.3800,303.6900,4500,0
BLK.US,5,20131209,190500,303.6900,303.8000,303.6200,303.6200,6600,0
BLK.US,5,20131209,191000,303.5700,303.5700,303.3600,303.5700,2100,0
BLK.US,5,20131209,191500,303.4300,303.8900,303.4300,303.5500,2900,0
BLK.US,5,20131209,192000,303.5500,303.5500,303.3800,303.3800,5069,0
BLK.US,5,20131209,192500,303.4000,303.5900,303.4000,303.4900,5300,0
BLK.US,5,20131209,193000,303.5500,303.7300,303.4500,303.5100,4300,0
BLK.US,5,20131209,193500,303.5800,303.5900,303.4100,303.5100,3500,0
BLK.US,5,20131209,194000,303.4200,303.5600,303.1600,303.1600,4100,0
BLK.US,5,20131209,194500,303.2600,303.2900,303.1500,303.2200,4000,0
BLK.US,5,20131209,195000,303.2400,303.3500,302.8700,303.1900,6500,0
BLK.US,5,20131209,195500,303.2200,303.4700,303.0800,303.0800,3500,0
BLK.US,5,20131209,200000,303.1900,303.2200,303.0800,303.1600,2700,0
BLK.US,5,20131209,200500,303.1200,303.2700,303.1200,303.1900,3925,0
BLK.US,5,20131209,201000,303.1200,303.3400,303.0800,303.0800,4000,0
BLK.US,5,20131209,201500,302.9700,303.0000,302.8600,302.8600,4310,0
BLK.US,5,20131209,202000,302.8600,303.1600,302.7800,302.9700,2984,0
BLK.US,5,20131209,202500,302.7400,302.7400,302.5100,302.5500,4400,0
BLK.US,5,20131209,203000,302.4800,303.2900,302.2400,302.9600,8148,0
BLK.US,5,20131209,203500,302.9600,303.1300,302.9600,303.0000,2500,0
BLK.US,5,20131209,204000,303.0800,303.0800,302.7100,302.8200,5000,0
BLK.US,5,20131209,204500,302.7600,303.0800,302.7600,303.0400,4000,0
BLK.US,5,20131209,205000,303.0200,303.1800,302.8800,303.0000,3600,0
BLK.US,5,20131209,205500,303.0000,303.0800,302.8800,303.0600,3766,0
BLK.US,5,20131209,210000,302.9200,302.9400,302.8000,302.9100,3900,0
BLK.US,5,20131209,210500,302.9500,303.1500,302.8700,303.1100,7600,0
BLK.US,5,20131209,211000,303.1000,303.1000,302.7500,303.0000,6300,0
BLK.US,5,20131209,211500,303.0100,303.3300,302.9200,303.1400,7505,0
BLK.US,5,20131209,212000,303.1600,303.2400,302.7200,302.9200,14033,0
BLK.US,5,20131209,212500,302.8300,302.9700,302.7600,302.8200,7600,0
BLK.US,5,20131209,213000,302.8500,302.9800,302.5900,302.7200,9127,0
BLK.US,5,20131209,213500,302.7300,302.9500,302.6600,302.6600,5827,0
BLK.US,5,20131209,214000,302.6500,302.8100,302.6200,302.7100,3730,0
BLK.US,5,20131209,214500,302.6700,302.8300,302.5600,302.8300,8000,0
BLK.US,5,20131209,215000,302.7800,302.8900,302.6700,302.8300,11255,0
BLK.US,5,20131209,215500,302.8300,302.8300,302.5200,302.5200,22051,0
BLK.US,5,20131209,220000,302.4900,302.7300,302.2600,302.6200,46755,0
BLK.US,5,20131209,220500,302.7100,302.7100,302.7100,302.7100,261400,0
