<TICKER>,<PER>,<DTYYYYMMDD>,<TIME>,<OPEN>,<HIGH>,<LOW>,<CLOSE>,<VOL>,<OPENINT>
BXC.US,5,20131112,153500,1.7000,1.7100,1.7000,1.7100,524,0
BXC.US,5,20131112,154000,1.7100,1.7100,1.7100,1.7100,342,0
BXC.US,5,20131112,154500,1.7200,1.7200,1.7200,1.7200,1500,0
BXC.US,5,20131112,155000,1.7000,1.7000,1.7000,1.7000,200,0
BXC.US,5,20131112,155500,1.7000,1.7000,1.6800,1.6800,1900,0
BXC.US,5,20131112,160000,1.6800,1.6900,1.6800,1.6900,300,0
BXC.US,5,20131112,160500,1.6900,1.6900,1.6800,1.6800,1000,0
BXC.US,5,20131112,161000,1.6800,1.6800,1.6800,1.6800,100,0
BXC.US,5,20131112,161500,1.6800,1.6800,1.6800,1.6800,100,0
BXC.US,5,20131112,162000,1.6700,1.6800,1.6700,1.6700,600,0
BXC.US,5,20131112,162500,1.6700,1.6700,1.6700,1.6700,100,0
BXC.US,5,20131112,163000,1.6600,1.6800,1.6600,1.6700,800,0
BXC.US,5,20131112,163500,1.6700,1.6700,1.6700,1.6700,100,0
BXC.US,5,20131112,164000,1.6600,1.6800,1.6600,1.6800,1300,0
BXC.US,5,20131112,164500,1.6700,1.6900,1.6700,1.6800,2200,0
BXC.US,5,20131112,165000,1.6800,1.6800,1.6800,1.6800,1200,0
BXC.US,5,20131112,165500,1.6700,1.6800,1.6700,1.6800,700,0
BXC.US,5,20131112,170000,1.6800,1.6800,1.6800,1.6800,500,0
BXC.US,5,20131112,170500,1.6900,1.7100,1.6900,1.7100,1900,0
BXC.US,5,20131112,171000,1.7000,1.7000,1.7000,1.7000,200,0
BXC.US,5,20131112,172000,1.6800,1.6800,1.6800,1.6800,200,0
BXC.US,5,20131112,172500,1.6800,1.6800,1.6800,1.6800,400,0
BXC.US,5,20131112,173500,1.6800,1.6900,1.6800,1.6900,800,0
BXC.US,5,20131112,174500,1.6800,1.6800,1.6800,1.6800,200,0
BXC.US,5,20131112,175000,1.6800,1.6800,1.6700,1.6700,2449,0
BXC.US,5,20131112,180000,1.6800,1.6800,1.6700,1.6800,1900,0
BXC.US,5,20131112,180500,1.6900,1.6900,1.6900,1.6900,150,0
BXC.US,5,20131112,181000,1.6800,1.6900,1.6800,1.6800,4624,0
BXC.US,5,20131112,181500,1.6700,1.6800,1.6700,1.6800,400,0
BXC.US,5,20131112,182000,1.6800,1.6800,1.6700,1.6800,1333,0
BXC.US,5,20131112,183000,1.6900,1.7300,1.6800,1.7300,14435,0
BXC.US,5,20131112,184000,1.7000,1.7000,1.6500,1.6700,62330,0
BXC.US,5,20131112,184500,1.6800,1.6800,1.6800,1.6800,1222,0
BXC.US,5,20131112,185000,1.6800,1.6800,1.6800,1.6800,200,0
BXC.US,5,20131112,185500,1.6700,1.6800,1.6700,1.6800,600,0
BXC.US,5,20131112,190000,1.6800,1.6800,1.6800,1.6800,500,0
BXC.US,5,20131112,190500,1.6700,1.6800,1.6700,1.6800,800,0
BXC.US,5,20131112,191000,1.6800,1.6800,1.6700,1.6700,900,0
BXC.US,5,20131112,191500,1.6700,1.6800,1.6700,1.6800,660,0
BXC.US,5,20131112,192000,1.6800,1.6800,1.6700,1.6700,1000,0
BXC.US,5,20131112,192500,1.6800,1.6800,1.6800,1.6800,400,0
BXC.US,5,20131112,193000,1.6800,1.6800,1.6800,1.6800,500,0
BXC.US,5,20131112,194000,1.6900,1.6900,1.6700,1.6700,400,0
BXC.US,5,20131112,194500,1.6700,1.6800,1.6700,1.6800,500,0
BXC.US,5,20131112,195500,1.6700,1.6800,1.6700,1.6800,1000,0
BXC.US,5,20131112,200500,1.6800,1.6800,1.6800,1.6800,500,0
BXC.US,5,20131112,201000,1.6800,1.6800,1.6700,1.6700,300,0
BXC.US,5,20131112,201500,1.6800,1.6800,1.6800,1.6800,700,0
BXC.US,5,20131112,202500,1.6800,1.6800,1.6800,1.6800,500,0
BXC.US,5,20131112,203000,1.6800,1.6800,1.6800,1.6800,100,0
BXC.US,5,20131112,203500,1.6800,1.6800,1.6800,1.6800,300,0
BXC.US,5,20131112,204000,1.6800,1.6800,1.6800,1.6800,200,0
BXC.US,5,20131112,204500,1.6800,1.6900,1.6800,1.6800,3000,0
BXC.US,5,20131112,205000,1.6800,1.6800,1.6800,1.6800,100,0
BXC.US,5,20131112,205500,1.6800,1.6800,1.6800,1.6800,1500,0
BXC.US,5,20131112,210000,1.6800,1.6800,1.6800,1.6800,2370,0
BXC.US,5,20131112,210500,1.6800,1.6800,1.6800,1.6800,400,0
BXC.US,5,20131112,211000,1.6800,1.6800,1.6800,1.6800,200,0
BXC.US,5,20131112,211500,1.6800,1.6900,1.6800,1.6900,365,0
BXC.US,5,20131112,212500,1.6900,1.6900,1.6800,1.6800,1435,0
BXC.US,5,20131112,213000,1.6900,1.6900,1.6900,1.6900,300,0
BXC.US,5,20131112,215000,1.6900,1.7000,1.6900,1.7000,400,0
BXC.US,5,20131112,215500,1.6800,1.6800,1.6800,1.6800,300,0
BXC.US,5,20131112,220000,1.6900,1.6900,1.6800,1.6800,2004,0
BXC.US,5,20131112,220500,1.6900,1.6900,1.6900,1.6900,7213,0
BXC.US,5,20131113,154000,1.7200,1.7200,1.6800,1.6800,200,0
BXC.US,5,20131113,154500,1.7100,1.7100,1.7100,1.7100,200,0
BXC.US,5,20131113,155000,1.7100,1.7100,1.7100,1.7100,300,0
BXC.US,5,20131113,155500,1.7100,1.7100,1.7100,1.7100,200,0
BXC.US,5,20131113,160000,1.7100,1.7400,1.7000,1.7400,7800,0
BXC.US,5,20131113,160500,1.7300,1.7400,1.7300,1.7400,1100,0
BXC.US,5,20131113,161000,1.7300,1.7300,1.7300,1.7300,788,0
BXC.US,5,20131113,162000,1.7000,1.7000,1.6900,1.6900,400,0
BXC.US,5,20131113,162500,1.6900,1.6900,1.6900,1.6900,200,0
BXC.US,5,20131113,163000,1.6900,1.6900,1.6900,1.6900,300,0
BXC.US,5,20131113,163500,1.6800,1.6800,1.6800,1.6800,600,0
BXC.US,5,20131113,164000,1.6700,1.6700,1.6700,1.6700,200,0
BXC.US,5,20131113,164500,1.6600,1.6600,1.6600,1.6600,100,0
BXC.US,5,20131113,165000,1.6600,1.6600,1.6600,1.6600,200,0
BXC.US,5,20131113,165500,1.6800,1.6800,1.6700,1.6800,700,0
BXC.US,5,20131113,170500,1.6800,1.6800,1.6800,1.6800,400,0
BXC.US,5,20131113,171000,1.7000,1.7000,1.6900,1.7000,5000,0
BXC.US,5,20131113,171500,1.7000,1.7000,1.7000,1.7000,1700,0
BXC.US,5,20131113,172000,1.7100,1.7100,1.7100,1.7100,400,0
BXC.US,5,20131113,173000,1.7100,1.7100,1.7100,1.7100,400,0
BXC.US,5,20131113,173500,1.7200,1.7200,1.7100,1.7100,1200,0
BXC.US,5,20131113,174000,1.7100,1.7100,1.7000,1.7000,200,0
BXC.US,5,20131113,174500,1.7100,1.7500,1.7100,1.7500,10100,0
BXC.US,5,20131113,175500,1.7200,1.7200,1.7200,1.7200,200,0
BXC.US,5,20131113,180000,1.7200,1.7200,1.7200,1.7200,100,0
BXC.US,5,20131113,180500,1.7300,1.7300,1.7200,1.7200,600,0
BXC.US,5,20131113,181500,1.7200,1.7200,1.7200,1.7200,200,0
BXC.US,5,20131113,182000,1.7200,1.7200,1.7100,1.7100,300,0
BXC.US,5,20131113,182500,1.7100,1.7300,1.7100,1.7300,500,0
BXC.US,5,20131113,183000,1.7300,1.7300,1.7300,1.7300,100,0
BXC.US,5,20131113,184000,1.7300,1.7300,1.7300,1.7300,200,0
BXC.US,5,20131113,184500,1.7300,1.7300,1.7300,1.7300,300,0
BXC.US,5,20131113,185000,1.7400,1.7500,1.7400,1.7500,847,0
BXC.US,5,20131113,185500,1.7600,1.7600,1.7600,1.7600,6000,0
BXC.US,5,20131113,190000,1.7500,1.7500,1.7500,1.7500,200,0
BXC.US,5,20131113,190500,1.7500,1.7500,1.7500,1.7500,200,0
BXC.US,5,20131113,191000,1.7500,1.7500,1.7500,1.7500,300,0
BXC.US,5,20131113,191500,1.7500,1.7500,1.7500,1.7500,200,0
BXC.US,5,20131113,192000,1.7500,1.7500,1.7400,1.7400,5053,0
BXC.US,5,20131113,192500,1.7300,1.7300,1.7300,1.7300,200,0
BXC.US,5,20131113,193000,1.7300,1.7300,1.7300,1.7300,800,0
BXC.US,5,20131113,193500,1.7400,1.7400,1.7400,1.7400,400,0
BXC.US,5,20131113,194000,1.7300,1.7300,1.7300,1.7300,200,0
BXC.US,5,20131113,194500,1.7500,1.7500,1.7300,1.7300,400,0
BXC.US,5,20131113,195000,1.7300,1.7300,1.7300,1.7300,200,0
BXC.US,5,20131113,195500,1.7300,1.7300,1.7300,1.7300,100,0
BXC.US,5,20131113,200000,1.7300,1.7400,1.7300,1.7400,500,0
BXC.US,5,20131113,200500,1.7500,1.7500,1.7300,1.7300,300,0
BXC.US,5,20131113,201500,1.7300,1.7300,1.7300,1.7300,300,0
BXC.US,5,20131113,202000,1.7400,1.7400,1.7300,1.7300,300,0
BXC.US,5,20131113,203000,1.7300,1.7400,1.7300,1.7300,400,0
BXC.US,5,20131113,203500,1.7300,1.7300,1.7300,1.7300,200,0
BXC.US,5,20131113,204000,1.7300,1.7300,1.7300,1.7300,2200,0
BXC.US,5,20131113,204500,1.7300,1.7300,1.7300,1.7300,100,0
BXC.US,5,20131113,205000,1.7400,1.7400,1.7400,1.7400,300,0
BXC.US,5,20131113,205500,1.7300,1.7300,1.7300,1.7300,500,0
BXC.US,5,20131113,210000,1.7300,1.7400,1.7300,1.7400,400,0
BXC.US,5,20131113,210500,1.7400,1.7400,1.7400,1.7400,500,0
BXC.US,5,20131113,211000,1.7500,1.7500,1.7500,1.7500,600,0
BXC.US,5,20131113,211500,1.7500,1.7500,1.7300,1.7300,900,0
BXC.US,5,20131113,212000,1.7400,1.7500,1.7400,1.7500,800,0
BXC.US,5,20131113,212500,1.7300,1.7400,1.7300,1.7400,3000,0
BXC.US,5,20131113,213000,1.7500,1.7500,1.7400,1.7500,1300,0
BXC.US,5,20131113,213500,1.7400,1.7400,1.7300,1.7300,314,0
BXC.US,5,20131113,214500,1.7500,1.7500,1.7400,1.7500,5697,0
BXC.US,5,20131113,215000,1.7500,1.7500,1.7500,1.7500,153,0
BXC.US,5,20131113,215500,1.7500,1.7500,1.7400,1.7400,26237,0
BXC.US,5,20131113,220000,1.7500,1.7500,1.7400,1.7500,14673,0
BXC.US,5,20131113,220500,1.7600,1.7600,1.7600,1.7600,10213,0
BXC.US,5,20131114,153500,1.7900,1.7900,1.7600,1.7600,1200,0
BXC.US,5,20131114,154500,1.7400,1.7400,1.7400,1.7400,400,0
BXC.US,5,20131114,155000,1.7200,1.7200,1.7200,1.7200,200,0
BXC.US,5,20131114,155500,1.7200,1.7200,1.7200,1.7200,300,0
BXC.US,5,20131114,160000,1.6900,1.7200,1.6900,1.7200,942,0
BXC.US,5,20131114,160500,1.7200,1.7300,1.6900,1.7300,2050,0
BXC.US,5,20131114,161000,1.7000,1.7000,1.7000,1.7000,300,0
BXC.US,5,20131114,162000,1.7000,1.7000,1.7000,1.7000,300,0
BXC.US,5,20131114,162500,1.7000,1.7000,1.7000,1.7000,200,0
BXC.US,5,20131114,163000,1.7000,1.7300,1.7000,1.7300,1200,0
BXC.US,5,20131114,164000,1.7100,1.7100,1.7100,1.7100,200,0
BXC.US,5,20131114,164500,1.7100,1.7100,1.7100,1.7100,200,0
BXC.US,5,20131114,165000,1.7100,1.7100,1.7100,1.7100,200,0
BXC.US,5,20131114,165500,1.7100,1.7100,1.7100,1.7100,400,0
BXC.US,5,20131114,170000,1.7100,1.7100,1.7100,1.7100,500,0
BXC.US,5,20131114,170500,1.7100,1.7300,1.7100,1.7300,3000,0
BXC.US,5,20131114,171500,1.7200,1.7200,1.7200,1.7200,200,0
BXC.US,5,20131114,172000,1.7200,1.7200,1.7200,1.7200,100,0
BXC.US,5,20131114,172500,1.7200,1.7200,1.7200,1.7200,200,0
BXC.US,5,20131114,173000,1.7100,1.7100,1.7100,1.7100,300,0
BXC.US,5,20131114,173500,1.7300,1.7300,1.7200,1.7200,900,0
BXC.US,5,20131114,174000,1.7300,1.7300,1.7200,1.7200,1500,0
BXC.US,5,20131114,175000,1.7200,1.7200,1.7200,1.7200,200,0
BXC.US,5,20131114,175500,1.7200,1.7200,1.7200,1.7200,200,0
BXC.US,5,20131114,180000,1.7200,1.7200,1.7200,1.7200,100,0
BXC.US,5,20131114,180500,1.7200,1.7200,1.7200,1.7200,300,0
BXC.US,5,20131114,181000,1.7200,1.7300,1.7200,1.7300,1200,0
BXC.US,5,20131114,182000,1.7200,1.7200,1.7200,1.7200,200,0
BXC.US,5,20131114,182500,1.7200,1.7200,1.7200,1.7200,100,0
BXC.US,5,20131114,183000,1.7200,1.7200,1.7200,1.7200,500,0
BXC.US,5,20131114,183500,1.7200,1.7200,1.7200,1.7200,300,0
BXC.US,5,20131114,184000,1.7300,1.7300,1.7300,1.7300,1000,0
BXC.US,5,20131114,184500,1.7200,1.7300,1.7200,1.7300,5200,0
BXC.US,5,20131114,185500,1.7200,1.7200,1.7200,1.7200,300,0
BXC.US,5,20131114,190000,1.7200,1.7200,1.7200,1.7200,300,0
BXC.US,5,20131114,191000,1.7200,1.7300,1.7200,1.7300,2500,0
BXC.US,5,20131114,192000,1.7200,1.7200,1.7200,1.7200,300,0
BXC.US,5,20131114,192500,1.7200,1.7300,1.7200,1.7300,400,0
BXC.US,5,20131114,193000,1.7200,1.7200,1.7200,1.7200,100,0
BXC.US,5,20131114,193500,1.7200,1.7300,1.7200,1.7300,500,0
BXC.US,5,20131114,194000,1.7200,1.7200,1.7200,1.7200,200,0
BXC.US,5,20131114,194500,1.7200,1.7300,1.7200,1.7200,4400,0
BXC.US,5,20131114,195000,1.7200,1.7300,1.7200,1.7300,300,0
BXC.US,5,20131114,195500,1.7300,1.7300,1.7300,1.7300,400,0
BXC.US,5,20131114,200000,1.7300,1.7300,1.7200,1.7200,600,0
BXC.US,5,20131114,200500,1.7300,1.7300,1.7300,1.7300,200,0
BXC.US,5,20131114,201000,1.7300,1.7300,1.7300,1.7300,100,0
BXC.US,5,20131114,201500,1.7200,1.7300,1.7200,1.7200,600,0
BXC.US,5,20131114,202000,1.7200,1.7300,1.7200,1.7300,1500,0
BXC.US,5,20131114,203000,1.7300,1.7300,1.7300,1.7300,300,0
BXC.US,5,20131114,204000,1.7300,1.7300,1.7300,1.7300,800,0
BXC.US,5,20131114,204500,1.7300,1.7300,1.7300,1.7300,200,0
BXC.US,5,20131114,205000,1.7300,1.7300,1.7300,1.7300,400,0
BXC.US,5,20131114,210000,1.7300,1.7300,1.7300,1.7300,300,0
BXC.US,5,20131114,210500,1.7300,1.7400,1.7300,1.7400,1400,0
BXC.US,5,20131114,211000,1.7400,1.7400,1.7400,1.7400,200,0
BXC.US,5,20131114,212000,1.7300,1.7300,1.7300,1.7300,200,0
BXC.US,5,20131114,212500,1.7300,1.7300,1.7300,1.7300,300,0
BXC.US,5,20131114,213000,1.7300,1.7300,1.7300,1.7300,300,0
BXC.US,5,20131114,213500,1.7400,1.7400,1.7400,1.7400,300,0
BXC.US,5,20131114,214500,1.7300,1.7400,1.7300,1.7400,400,0
BXC.US,5,20131114,215000,1.7400,1.7400,1.7300,1.7300,600,0
BXC.US,5,20131114,215500,1.7400,1.7400,1.7300,1.7300,600,0
BXC.US,5,20131114,220000,1.7300,1.7400,1.7300,1.7300,2271,0
BXC.US,5,20131114,220500,1.7300,1.7500,1.7300,1.7500,6844,0
BXC.US,5,20131115,153500,1.7200,1.7200,1.7200,1.7200,100,0
BXC.US,5,20131115,154500,1.7100,1.7100,1.7100,1.7100,300,0
BXC.US,5,20131115,155000,1.7000,1.7000,1.7000,1.7000,200,0
BXC.US,5,20131115,155500,1.7200,1.7200,1.7200,1.7200,5000,0
BXC.US,5,20131115,160000,1.7200,1.7400,1.7200,1.7400,7900,0
BXC.US,5,20131115,161500,1.7400,1.7500,1.7400,1.7500,5300,0
BXC.US,5,20131115,162000,1.7400,1.7400,1.7400,1.7400,100,0
BXC.US,5,20131115,163000,1.7400,1.7400,1.7400,1.7400,400,0
BXC.US,5,20131115,163500,1.7400,1.7500,1.7400,1.7500,1700,0
BXC.US,5,20131115,164000,1.7400,1.7400,1.7400,1.7400,200,0
BXC.US,5,20131115,164500,1.7400,1.7400,1.7400,1.7400,300,0
BXC.US,5,20131115,165000,1.7500,1.7500,1.7500,1.7500,1600,0
BXC.US,5,20131115,165500,1.7500,1.7500,1.7400,1.7400,400,0
BXC.US,5,20131115,170000,1.7400,1.7400,1.7400,1.7400,100,0
BXC.US,5,20131115,170500,1.7400,1.7400,1.7400,1.7400,5391,0
BXC.US,5,20131115,171000,1.7200,1.7200,1.7200,1.7200,200,0
BXC.US,5,20131115,171500,1.7200,1.7200,1.7200,1.7200,200,0
BXC.US,5,20131115,172000,1.7200,1.7200,1.7200,1.7200,300,0
BXC.US,5,20131115,172500,1.7200,1.7200,1.7200,1.7200,500,0
BXC.US,5,20131115,173000,1.7200,1.7200,1.7200,1.7200,200,0
BXC.US,5,20131115,173500,1.7200,1.7200,1.7200,1.7200,600,0
BXC.US,5,20131115,174000,1.7100,1.7100,1.7100,1.7100,800,0
BXC.US,5,20131115,174500,1.7200,1.7200,1.7100,1.7100,200,0
BXC.US,5,20131115,175000,1.7200,1.7200,1.7200,1.7200,1200,0
BXC.US,5,20131115,175500,1.7200,1.7200,1.7200,1.7200,100,0
BXC.US,5,20131115,180000,1.7300,1.7300,1.7300,1.7300,2000,0
BXC.US,5,20131115,180500,1.7200,1.7200,1.7200,1.7200,400,0
BXC.US,5,20131115,181000,1.7200,1.7300,1.7200,1.7300,3400,0
BXC.US,5,20131115,182000,1.7200,1.7200,1.7200,1.7200,1000,0
BXC.US,5,20131115,182500,1.7200,1.7200,1.7200,1.7200,400,0
BXC.US,5,20131115,183000,1.7200,1.7400,1.7200,1.7400,5300,0
BXC.US,5,20131115,183500,1.7200,1.7200,1.7200,1.7200,300,0
BXC.US,5,20131115,184500,1.7200,1.7300,1.7200,1.7200,400,0
BXC.US,5,20131115,185000,1.7200,1.7200,1.7200,1.7200,200,0
BXC.US,5,20131115,185500,1.7200,1.7200,1.7100,1.7100,10100,0
BXC.US,5,20131115,190000,1.7100,1.7200,1.7100,1.7200,500,0
BXC.US,5,20131115,190500,1.7100,1.7200,1.7100,1.7200,1200,0
BXC.US,5,20131115,191500,1.7200,1.7200,1.7200,1.7200,500,0
BXC.US,5,20131115,192000,1.7100,1.7200,1.7100,1.7200,300,0
BXC.US,5,20131115,192500,1.7200,1.7200,1.7200,1.7200,100,0
BXC.US,5,20131115,193000,1.7200,1.7200,1.7100,1.7100,400,0
BXC.US,5,20131115,193500,1.7100,1.7200,1.7100,1.7200,2800,0
BXC.US,5,20131115,194000,1.7100,1.7100,1.7100,1.7100,200,0
BXC.US,5,20131115,195000,1.7100,1.7100,1.7100,1.7100,200,0
BXC.US,5,20131115,195500,1.7100,1.7200,1.7100,1.7200,600,0
BXC.US,5,20131115,200500,1.7200,1.7200,1.7200,1.7200,100,0
BXC.US,5,20131115,201000,1.7200,1.7200,1.7200,1.7200,300,0
BXC.US,5,20131115,201500,1.7200,1.7200,1.7200,1.7200,400,0
BXC.US,5,20131115,202000,1.7200,1.7200,1.7200,1.7200,249,0
BXC.US,5,20131115,202500,1.7200,1.7200,1.7200,1.7200,3800,0
BXC.US,5,20131115,203000,1.7200,1.7200,1.7200,1.7200,300,0
BXC.US,5,20131115,203500,1.7200,1.7200,1.7200,1.7200,1293,0
BXC.US,5,20131115,204000,1.7200,1.7200,1.7200,1.7200,1100,0
BXC.US,5,20131115,204500,1.7200,1.7200,1.7200,1.7200,300,0
BXC.US,5,20131115,205000,1.7200,1.7200,1.7200,1.7200,400,0
BXC.US,5,20131115,210000,1.7200,1.7200,1.7200,1.7200,300,0
BXC.US,5,20131115,210500,1.7200,1.7300,1.7200,1.7300,1500,0
BXC.US,5,20131115,211000,1.7200,1.7200,1.7200,1.7200,100,0
BXC.US,5,20131115,211500,1.7200,1.7200,1.7200,1.7200,400,0
BXC.US,5,20131115,212000,1.7300,1.7300,1.7200,1.7200,600,0
BXC.US,5,20131115,212500,1.7200,1.7300,1.7200,1.7300,1000,0
BXC.US,5,20131115,213000,1.7200,1.7200,1.7200,1.7200,500,0
BXC.US,5,20131115,213500,1.7200,1.7200,1.7200,1.7200,200,0
BXC.US,5,20131115,214000,1.7200,1.7300,1.7200,1.7300,300,0
BXC.US,5,20131115,214500,1.7200,1.7200,1.7200,1.7200,12954,0
BXC.US,5,20131115,215000,1.7200,1.7300,1.7200,1.7300,500,0
BXC.US,5,20131115,215500,1.7300,1.7300,1.7200,1.7300,2616,0
BXC.US,5,20131115,220000,1.7200,1.7300,1.7200,1.7300,2014,0
BXC.US,5,20131115,220500,1.7300,1.7300,1.7300,1.7300,12200,0
BXC.US,5,20131118,153500,1.7600,1.7700,1.7600,1.7700,4400,0
BXC.US,5,20131118,154500,1.7300,1.7300,1.7300,1.7300,200,0
BXC.US,5,20131118,155000,1.7200,1.7200,1.7200,1.7200,100,0
BXC.US,5,20131118,155500,1.7200,1.7200,1.7200,1.7200,200,0
BXC.US,5,20131118,160000,1.7200,1.7200,1.7200,1.7200,300,0
BXC.US,5,20131118,160500,1.7200,1.7200,1.7200,1.7200,200,0
BXC.US,5,20131118,161000,1.7200,1.7300,1.7200,1.7300,500,0
BXC.US,5,20131118,162000,1.7200,1.7200,1.7200,1.7200,300,0
BXC.US,5,20131118,162500,1.7200,1.7200,1.7200,1.7200,200,0
BXC.US,5,20131118,163000,1.7200,1.7200,1.7200,1.7200,100,0
BXC.US,5,20131118,163500,1.7200,1.7200,1.7000,1.7000,432,0
BXC.US,5,20131118,164000,1.7000,1.7200,1.7000,1.7200,300,0
BXC.US,5,20131118,164500,1.7200,1.7400,1.7200,1.7200,4000,0
BXC.US,5,20131118,165500,1.7200,1.7400,1.7200,1.7400,700,0
BXC.US,5,20131118,170000,1.7300,1.7300,1.7300,1.7300,300,0
BXC.US,5,20131118,170500,1.7300,1.7300,1.7300,1.7300,200,0
BXC.US,5,20131118,171500,1.7200,1.7200,1.7200,1.7200,300,0
BXC.US,5,20131118,172000,1.7200,1.7200,1.7200,1.7200,500,0
BXC.US,5,20131118,172500,1.7200,1.7300,1.7200,1.7300,3300,0
BXC.US,5,20131118,173000,1.7200,1.7200,1.7200,1.7200,200,0
BXC.US,5,20131118,173500,1.7200,1.7200,1.7200,1.7200,200,0
BXC.US,5,20131118,174000,1.7200,1.7200,1.7200,1.7200,300,0
BXC.US,5,20131118,174500,1.7200,1.7200,1.7200,1.7200,200,0
BXC.US,5,20131118,175000,1.7200,1.7200,1.7200,1.7200,100,0
BXC.US,5,20131118,175500,1.7200,1.7200,1.7200,1.7200,398,0
BXC.US,5,20131118,180000,1.7200,1.7200,1.7200,1.7200,300,0
BXC.US,5,20131118,180500,1.7200,1.7200,1.7200,1.7200,300,0
BXC.US,5,20131118,181500,1.7200,1.7200,1.7200,1.7200,300,0
BXC.US,5,20131118,182000,1.7200,1.7200,1.7200,1.7200,200,0
BXC.US,5,20131118,182500,1.7200,1.7200,1.7200,1.7200,100,0
BXC.US,5,20131118,183000,1.7200,1.7200,1.7200,1.7200,100,0
BXC.US,5,20131118,183500,1.7200,1.7200,1.7200,1.7200,200,0
BXC.US,5,20131118,184000,1.7200,1.7200,1.7200,1.7200,100,0
BXC.US,5,20131118,184500,1.7300,1.7300,1.7200,1.7200,246,0
BXC.US,5,20131118,185000,1.7200,1.7200,1.7200,1.7200,300,0
BXC.US,5,20131118,185500,1.7200,1.7200,1.7200,1.7200,200,0
BXC.US,5,20131118,190500,1.7200,1.7200,1.7200,1.7200,100,0
BXC.US,5,20131118,191000,1.7200,1.7200,1.7200,1.7200,300,0
BXC.US,5,20131118,192000,1.7200,1.7200,1.7200,1.7200,300,0
BXC.US,5,20131118,192500,1.7200,1.7200,1.7200,1.7200,200,0
BXC.US,5,20131118,193500,1.7200,1.7200,1.7200,1.7200,298,0
BXC.US,5,20131118,194000,1.7200,1.7200,1.7200,1.7200,300,0
BXC.US,5,20131118,195000,1.7200,1.7200,1.7200,1.7200,100,0
BXC.US,5,20131118,195500,1.7200,1.7200,1.7200,1.7200,200,0
BXC.US,5,20131118,200000,1.7300,1.7300,1.7200,1.7200,200,0
BXC.US,5,20131118,201000,1.7200,1.7200,1.7200,1.7200,100,0
BXC.US,5,20131118,201500,1.7200,1.7200,1.7200,1.7200,202,0
BXC.US,5,20131118,202000,1.7200,1.7200,1.7200,1.7200,3100,0
BXC.US,5,20131118,202500,1.7200,1.7200,1.7200,1.7200,200,0
BXC.US,5,20131118,203000,1.7200,1.7200,1.7200,1.7200,300,0
BXC.US,5,20131118,204000,1.7200,1.7200,1.7200,1.7200,300,0
BXC.US,5,20131118,204500,1.7200,1.7200,1.7000,1.7100,5501,0
BXC.US,5,20131118,205000,1.7000,1.7100,1.7000,1.7100,600,0
BXC.US,5,20131118,205500,1.7000,1.7000,1.7000,1.7000,200,0
BXC.US,5,20131118,210000,1.7000,1.7200,1.7000,1.7200,4570,0
BXC.US,5,20131118,210500,1.7200,1.7200,1.7200,1.7200,400,0
BXC.US,5,20131118,211000,1.7100,1.7200,1.7100,1.7200,600,0
BXC.US,5,20131118,211500,1.7100,1.7200,1.7100,1.7200,600,0
BXC.US,5,20131118,212000,1.7200,1.7300,1.7200,1.7300,1300,0
BXC.US,5,20131118,212500,1.7200,1.7300,1.7200,1.7200,706,0
BXC.US,5,20131118,213000,1.7200,1.7200,1.7200,1.7200,2800,0
BXC.US,5,20131118,213500,1.7200,1.7200,1.7200,1.7200,200,0
BXC.US,5,20131118,214000,1.7300,1.7300,1.7300,1.7300,493,0
BXC.US,5,20131118,214500,1.7300,1.7300,1.7300,1.7300,900,0
BXC.US,5,20131118,215000,1.7400,1.7400,1.7300,1.7400,1200,0
BXC.US,5,20131118,215500,1.7300,1.7300,1.7300,1.7300,300,0
BXC.US,5,20131118,220000,1.7300,1.7400,1.7300,1.7300,2924,0
BXC.US,5,20131118,220500,1.7400,1.7400,1.7400,1.7400,5175,0
BXC.US,5,20131119,153500,1.7600,1.7700,1.7600,1.7600,1500,0
BXC.US,5,20131119,154500,1.7100,1.7100,1.7100,1.7100,200,0
BXC.US,5,20131119,155000,1.7000,1.7000,1.7000,1.7000,100,0
BXC.US,5,20131119,155500,1.7000,1.7000,1.7000,1.7000,200,0
BXC.US,5,20131119,160000,1.7000,1.7000,1.7000,1.7000,300,0
BXC.US,5,20131119,160500,1.7100,1.7100,1.7100,1.7100,100,0
BXC.US,5,20131119,161000,1.7000,1.7000,1.7000,1.7000,300,0
BXC.US,5,20131119,161500,1.7100,1.7100,1.7100,1.7100,200,0
BXC.US,5,20131119,162000,1.7000,1.7000,1.7000,1.7000,100,0
BXC.US,5,20131119,162500,1.7000,1.7000,1.7000,1.7000,200,0
BXC.US,5,20131119,163000,1.7000,1.7000,1.7000,1.7000,100,0
BXC.US,5,20131119,163500,1.7100,1.7100,1.7000,1.7000,1400,0
BXC.US,5,20131119,164000,1.7000,1.7000,1.7000,1.7000,200,0
BXC.US,5,20131119,164500,1.7000,1.7100,1.7000,1.7100,400,0
BXC.US,5,20131119,165000,1.7100,1.7100,1.7100,1.7100,100,0
BXC.US,5,20131119,165500,1.7100,1.7100,1.7100,1.7100,100,0
BXC.US,5,20131119,170000,1.7100,1.7100,1.7100,1.7100,200,0
BXC.US,5,20131119,170500,1.7100,1.7100,1.7100,1.7100,400,0
BXC.US,5,20131119,171000,1.7200,1.7200,1.7200,1.7200,200,0
BXC.US,5,20131119,171500,1.7200,1.7200,1.7200,1.7200,400,0
BXC.US,5,20131119,172500,1.7200,1.7200,1.7200,1.7200,300,0
BXC.US,5,20131119,173000,1.7200,1.7200,1.7200,1.7200,300,0
BXC.US,5,20131119,174000,1.7200,1.7200,1.7200,1.7200,300,0
BXC.US,5,20131119,174500,1.7200,1.7200,1.7200,1.7200,200,0
BXC.US,5,20131119,175000,1.7200,1.7200,1.7200,1.7200,100,0
BXC.US,5,20131119,175500,1.7200,1.7200,1.7200,1.7200,200,0
BXC.US,5,20131119,180000,1.7200,1.7200,1.7200,1.7200,300,0
BXC.US,5,20131119,180500,1.7200,1.7200,1.7200,1.7200,300,0
BXC.US,5,20131119,181500,1.7200,1.7200,1.7200,1.7200,500,0
BXC.US,5,20131119,182000,1.7200,1.7200,1.7200,1.7200,200,0
BXC.US,5,20131119,182500,1.7200,1.7200,1.7200,1.7200,100,0
BXC.US,5,20131119,183000,1.7100,1.7200,1.7100,1.7200,345,0
BXC.US,5,20131119,184000,1.7200,1.7200,1.7200,1.7200,746,0
BXC.US,5,20131119,184500,1.7200,1.7200,1.7200,1.7200,254,0
BXC.US,5,20131119,185000,1.7200,1.7200,1.7200,1.7200,200,0
BXC.US,5,20131119,190000,1.7200,1.7200,1.7200,1.7200,100,0
BXC.US,5,20131119,190500,1.7200,1.7200,1.7200,1.7200,409,0
BXC.US,5,20131119,191000,1.7200,1.7200,1.7200,1.7200,200,0
BXC.US,5,20131119,192000,1.7200,1.7200,1.7200,1.7200,491,0
BXC.US,5,20131119,192500,1.7200,1.7200,1.7100,1.7200,600,0
BXC.US,5,20131119,193500,1.7200,1.7200,1.7200,1.7200,300,0
BXC.US,5,20131119,194000,1.7200,1.7200,1.7200,1.7200,400,0
BXC.US,5,20131119,195000,1.7200,1.7200,1.7200,1.7200,200,0
BXC.US,5,20131119,195500,1.7200,1.7200,1.7200,1.7200,200,0
BXC.US,5,20131119,200000,1.7200,1.7200,1.7200,1.7200,200,0
BXC.US,5,20131119,200500,1.7200,1.7200,1.7200,1.7200,400,0
BXC.US,5,20131119,201500,1.7200,1.7200,1.7200,1.7200,1145,0
BXC.US,5,20131119,202000,1.7100,1.7100,1.7100,1.7100,300,0
BXC.US,5,20131119,202500,1.7100,1.7100,1.7100,1.7100,200,0
BXC.US,5,20131119,203000,1.7200,1.7200,1.7200,1.7200,1613,0
BXC.US,5,20131119,204000,1.7200,1.7200,1.7200,1.7200,300,0
BXC.US,5,20131119,204500,1.7200,1.7200,1.7200,1.7200,200,0
BXC.US,5,20131119,205000,1.7200,1.7200,1.7200,1.7200,100,0
BXC.US,5,20131119,205500,1.7200,1.7200,1.7200,1.7200,200,0
BXC.US,5,20131119,210000,1.7200,1.7200,1.7200,1.7200,200,0
BXC.US,5,20131119,210500,1.7200,1.7200,1.7200,1.7200,500,0
BXC.US,5,20131119,211000,1.7200,1.7200,1.7200,1.7200,100,0
BXC.US,5,20131119,211500,1.7200,1.7200,1.7200,1.7200,300,0
BXC.US,5,20131119,212000,1.7200,1.7200,1.7200,1.7200,300,0
BXC.US,5,20131119,212500,1.7200,1.7200,1.7200,1.7200,100,0
BXC.US,5,20131119,213000,1.7200,1.7200,1.7200,1.7200,200,0
BXC.US,5,20131119,213500,1.7200,1.7200,1.7200,1.7200,200,0
BXC.US,5,20131119,214500,1.7200,1.7200,1.7200,1.7200,200,0
BXC.US,5,20131119,215000,1.7200,1.7200,1.7200,1.7200,200,0
BXC.US,5,20131119,215500,1.7200,1.7200,1.7200,1.7200,100,0
BXC.US,5,20131119,220000,1.7300,1.7300,1.7300,1.7300,1105,0
BXC.US,5,20131119,220500,1.7300,1.7300,1.7300,1.7300,9378,0
BXC.US,5,20131120,153500,1.7500,1.7700,1.7500,1.7700,822,0
BXC.US,5,20131120,154000,1.7300,1.7300,1.7300,1.7300,100,0
BXC.US,5,20131120,155000,1.7300,1.7300,1.7300,1.7300,300,0
BXC.US,5,20131120,155500,1.7200,1.7200,1.7200,1.7200,300,0
BXC.US,5,20131120,160000,1.7000,1.7000,1.7000,1.7000,200,0
BXC.US,5,20131120,161000,1.7000,1.7000,1.6900,1.6900,300,0
BXC.US,5,20131120,161500,1.7100,1.7100,1.7100,1.7100,400,0
BXC.US,5,20131120,162500,1.7100,1.7300,1.7100,1.7100,1200,0
BXC.US,5,20131120,163500,1.7000,1.7000,1.7000,1.7000,300,0
BXC.US,5,20131120,164500,1.7000,1.7100,1.7000,1.7100,507,0
BXC.US,5,20131120,165000,1.7000,1.7000,1.7000,1.7000,200,0
BXC.US,5,20131120,165500,1.7000,1.7100,1.7000,1.7100,1300,0
BXC.US,5,20131120,170000,1.7000,1.7000,1.7000,1.7000,200,0
BXC.US,5,20131120,171000,1.7000,1.7000,1.7000,1.7000,200,0
BXC.US,5,20131120,171500,1.7000,1.7000,1.7000,1.7000,300,0
BXC.US,5,20131120,172000,1.7000,1.7000,1.7000,1.7000,200,0
BXC.US,5,20131120,172500,1.7000,1.7100,1.7000,1.7100,1404,0
BXC.US,5,20131120,173500,1.7000,1.7000,1.7000,1.7000,200,0
BXC.US,5,20131120,174000,1.7000,1.7000,1.7000,1.7000,300,0
BXC.US,5,20131120,175000,1.7000,1.7000,1.7000,1.7000,300,0
BXC.US,5,20131120,175500,1.7000,1.7100,1.7000,1.7100,1100,0
BXC.US,5,20131120,180500,1.7000,1.7000,1.7000,1.7000,600,0
BXC.US,5,20131120,181500,1.7000,1.7000,1.7000,1.7000,400,0
BXC.US,5,20131120,182000,1.7000,1.7000,1.7000,1.7000,300,0
BXC.US,5,20131120,182500,1.7000,1.7000,1.7000,1.7000,200,0
BXC.US,5,20131120,183000,1.7000,1.7100,1.7000,1.7100,1300,0
BXC.US,5,20131120,183500,1.7000,1.7000,1.7000,1.7000,300,0
BXC.US,5,20131120,184000,1.7000,1.7000,1.7000,1.7000,100,0
BXC.US,5,20131120,184500,1.7000,1.7000,1.7000,1.7000,300,0
BXC.US,5,20131120,185000,1.7000,1.7000,1.7000,1.7000,400,0
BXC.US,5,20131120,190000,1.7000,1.7000,1.7000,1.7000,600,0
BXC.US,5,20131120,190500,1.7000,1.7000,1.7000,1.7000,2000,0
BXC.US,5,20131120,191000,1.7100,1.7100,1.7000,1.7000,2350,0
BXC.US,5,20131120,192000,1.7000,1.7000,1.7000,1.7000,300,0
BXC.US,5,20131120,192500,1.7000,1.7100,1.7000,1.7000,1900,0
BXC.US,5,20131120,193000,1.7000,1.7000,1.7000,1.7000,800,0
BXC.US,5,20131120,193500,1.7000,1.7000,1.7000,1.7000,400,0
BXC.US,5,20131120,194000,1.7000,1.7000,1.7000,1.7000,2092,0
BXC.US,5,20131120,194500,1.7000,1.7000,1.7000,1.7000,100,0
BXC.US,5,20131120,195000,1.7000,1.7000,1.7000,1.7000,300,0
BXC.US,5,20131120,195500,1.7000,1.7100,1.7000,1.7000,600,0
BXC.US,5,20131120,200500,1.7000,1.7000,1.7000,1.7000,100,0
BXC.US,5,20131120,201000,1.7000,1.7000,1.7000,1.7000,200,0
BXC.US,5,20131120,201500,1.7000,1.7000,1.7000,1.7000,300,0
BXC.US,5,20131120,202000,1.7000,1.7000,1.7000,1.7000,100,0
BXC.US,5,20131120,202500,1.7000,1.7100,1.7000,1.7000,400,0
BXC.US,5,20131120,203000,1.7000,1.7000,1.7000,1.7000,300,0
BXC.US,5,20131120,203500,1.7000,1.7000,1.7000,1.7000,643,0
BXC.US,5,20131120,204000,1.7000,1.7000,1.7000,1.7000,300,0
BXC.US,5,20131120,204500,1.7000,1.7000,1.7000,1.7000,200,0
BXC.US,5,20131120,205000,1.7000,1.7000,1.7000,1.7000,100,0
BXC.US,5,20131120,205500,1.7000,1.7000,1.7000,1.7000,200,0
BXC.US,5,20131120,210000,1.7000,1.7000,1.7000,1.7000,300,0
BXC.US,5,20131120,210500,1.7000,1.7000,1.7000,1.7000,100,0
BXC.US,5,20131120,211000,1.7000,1.7000,1.7000,1.7000,200,0
BXC.US,5,20131120,211500,1.7000,1.7000,1.7000,1.7000,400,0
BXC.US,5,20131120,212500,1.7000,1.7000,1.7000,1.7000,100,0
BXC.US,5,20131120,213000,1.7000,1.7000,1.7000,1.7000,200,0
BXC.US,5,20131120,213500,1.7000,1.7000,1.7000,1.7000,200,0
BXC.US,5,20131120,215000,1.7100,1.7100,1.7000,1.7000,300,0
BXC.US,5,20131120,215500,1.7000,1.7000,1.7000,1.7000,400,0
BXC.US,5,20131120,220000,1.7100,1.7100,1.7100,1.7100,1030,0
BXC.US,5,20131120,220500,1.7000,1.7000,1.7000,1.7000,8389,0
BXC.US,5,20131121,154500,1.6800,1.6800,1.6800,1.6800,300,0
BXC.US,5,20131121,155000,1.6800,1.7000,1.6800,1.7000,5300,0
BXC.US,5,20131121,155500,1.6800,1.6800,1.6800,1.6800,200,0
BXC.US,5,20131121,160000,1.7000,1.7000,1.6900,1.7000,500,0
BXC.US,5,20131121,161000,1.6900,1.6900,1.6900,1.6900,200,0
BXC.US,5,20131121,161500,1.6900,1.6900,1.6900,1.6900,300,0
BXC.US,5,20131121,162500,1.6800,1.6800,1.6800,1.6800,500,0
BXC.US,5,20131121,163500,1.6800,1.6800,1.6800,1.6800,300,0
BXC.US,5,20131121,164000,1.6800,1.6800,1.6800,1.6800,200,0
BXC.US,5,20131121,164500,1.6900,1.6900,1.6900,1.6900,106,0
BXC.US,5,20131121,165000,1.6900,1.6900,1.6800,1.6800,500,0
BXC.US,5,20131121,165500,1.6900,1.6900,1.6800,1.6900,500,0
BXC.US,5,20131121,170500,1.6800,1.6800,1.6800,1.6800,200,0
BXC.US,5,20131121,171000,1.6800,1.6900,1.6800,1.6900,500,0
BXC.US,5,20131121,172000,1.7000,1.7000,1.7000,1.7000,100,0
BXC.US,5,20131121,172500,1.7000,1.7000,1.7000,1.7000,100,0
BXC.US,5,20131121,173000,1.7000,1.7000,1.6900,1.7000,2100,0
BXC.US,5,20131121,173500,1.7000,1.7000,1.7000,1.7000,1000,0
BXC.US,5,20131121,174000,1.7000,1.7000,1.7000,1.7000,950,0
BXC.US,5,20131121,174500,1.6900,1.6900,1.6900,1.6900,900,0
BXC.US,5,20131121,175000,1.6900,1.7000,1.6900,1.7000,1300,0
BXC.US,5,20131121,175500,1.7000,1.7000,1.6500,1.6600,7192,0
BXC.US,5,20131121,180000,1.6600,1.6600,1.6600,1.6600,100,0
BXC.US,5,20131121,180500,1.6600,1.6600,1.6600,1.6600,200,0
BXC.US,5,20131121,181000,1.6700,1.6800,1.6700,1.6800,1800,0
BXC.US,5,20131121,181500,1.6800,1.6900,1.6800,1.6900,400,0
BXC.US,5,20131121,182000,1.6900,1.6900,1.6800,1.6900,600,0
BXC.US,5,20131121,182500,1.6900,1.6900,1.6900,1.6900,200,0
BXC.US,5,20131121,183000,1.6900,1.6900,1.6900,1.6900,500,0
BXC.US,5,20131121,183500,1.7000,1.7000,1.7000,1.7000,800,0
BXC.US,5,20131121,184000,1.7000,1.7000,1.7000,1.7000,100,0
BXC.US,5,20131121,184500,1.7000,1.7100,1.7000,1.7100,4200,0
BXC.US,5,20131121,190000,1.7000,1.7100,1.7000,1.7100,669,0
BXC.US,5,20131121,191000,1.7000,1.7000,1.7000,1.7000,200,0
BXC.US,5,20131121,191500,1.7000,1.7000,1.7000,1.7000,100,0
BXC.US,5,20131121,192000,1.7000,1.7000,1.7000,1.7000,200,0
BXC.US,5,20131121,192500,1.7000,1.7000,1.7000,1.7000,400,0
BXC.US,5,20131121,193000,1.7100,1.7100,1.7100,1.7100,200,0
BXC.US,5,20131121,193500,1.7000,1.7000,1.7000,1.7000,200,0
BXC.US,5,20131121,194500,1.7000,1.7000,1.7000,1.7000,300,0
BXC.US,5,20131121,195000,1.7100,1.7200,1.7000,1.7100,500,0
BXC.US,5,20131121,195500,1.7100,1.7100,1.7100,1.7100,100,0
BXC.US,5,20131121,200000,1.7200,1.7200,1.7200,1.7200,100,0
BXC.US,5,20131121,201000,1.7100,1.7300,1.7100,1.7300,538,0
BXC.US,5,20131121,202000,1.7200,1.7200,1.7200,1.7200,300,0
BXC.US,5,20131121,203000,1.7200,1.7200,1.7200,1.7200,300,0
BXC.US,5,20131121,203500,1.7200,1.7200,1.7200,1.7200,200,0
BXC.US,5,20131121,204000,1.7300,1.7300,1.7200,1.7200,493,0
BXC.US,5,20131121,204500,1.7400,1.7400,1.7400,1.7400,100,0
BXC.US,5,20131121,205000,1.7400,1.7400,1.7200,1.7400,400,0
BXC.US,5,20131121,205500,1.7400,1.7400,1.7100,1.7100,2140,0
BXC.US,5,20131121,210000,1.7300,1.7300,1.7300,1.7300,100,0
BXC.US,5,20131121,210500,1.7100,1.7300,1.7100,1.7100,500,0
BXC.US,5,20131121,211000,1.7100,1.7200,1.7100,1.7200,400,0
BXC.US,5,20131121,212000,1.7200,1.7300,1.7200,1.7300,1100,0
BXC.US,5,20131121,212500,1.7200,1.7200,1.7200,1.7200,1400,0
BXC.US,5,20131121,213000,1.7300,1.7300,1.7300,1.7300,500,0
BXC.US,5,20131121,213500,1.7200,1.7200,1.7200,1.7200,200,0
BXC.US,5,20131121,214500,1.7400,1.7400,1.7400,1.7400,141,0
BXC.US,5,20131121,215000,1.7200,1.7300,1.7200,1.7300,500,0
BXC.US,5,20131121,215500,1.7200,1.7200,1.7200,1.7200,100,0
BXC.US,5,20131121,220000,1.7300,1.7500,1.7300,1.7500,2926,0
BXC.US,5,20131121,220500,1.7500,1.7500,1.7500,1.7500,13527,0
BXC.US,5,20131122,154500,1.7100,1.7400,1.7100,1.7400,600,0
BXC.US,5,20131122,155500,1.7300,1.7400,1.7300,1.7400,673,0
BXC.US,5,20131122,160000,1.7500,1.7500,1.7500,1.7500,200,0
BXC.US,5,20131122,161000,1.7300,1.7300,1.7100,1.7300,600,0
BXC.US,5,20131122,162000,1.7100,1.7100,1.7100,1.7100,300,0
BXC.US,5,20131122,162500,1.7100,1.7100,1.7100,1.7100,200,0
BXC.US,5,20131122,163000,1.7100,1.7100,1.7100,1.7100,200,0
BXC.US,5,20131122,163500,1.7100,1.7100,1.7000,1.7000,700,0
BXC.US,5,20131122,164000,1.7000,1.7100,1.7000,1.7100,425,0
BXC.US,5,20131122,164500,1.7000,1.7000,1.7000,1.7000,200,0
BXC.US,5,20131122,165000,1.7000,1.7000,1.7000,1.7000,200,0
BXC.US,5,20131122,165500,1.7000,1.7000,1.7000,1.7000,100,0
BXC.US,5,20131122,170000,1.7000,1.7000,1.6900,1.6900,4600,0
BXC.US,5,20131122,170500,1.6900,1.7000,1.6900,1.6900,5600,0
BXC.US,5,20131122,171000,1.7100,1.7100,1.7100,1.7100,100,0
BXC.US,5,20131122,172000,1.7000,1.7000,1.7000,1.7000,300,0
BXC.US,5,20131122,172500,1.7000,1.7000,1.7000,1.7000,200,0
BXC.US,5,20131122,173000,1.7000,1.7200,1.7000,1.7100,700,0
BXC.US,5,20131122,174000,1.7100,1.7100,1.7100,1.7100,200,0
BXC.US,5,20131122,175000,1.7100,1.7100,1.7000,1.7100,1400,0
BXC.US,5,20131122,175500,1.7000,1.7000,1.7000,1.7000,400,0
BXC.US,5,20131122,180000,1.7000,1.7000,1.7000,1.7000,200,0
BXC.US,5,20131122,180500,1.7000,1.7000,1.7000,1.7000,2300,0
BXC.US,5,20131122,181000,1.7000,1.7000,1.7000,1.7000,200,0
BXC.US,5,20131122,181500,1.7100,1.7100,1.7000,1.7000,400,0
BXC.US,5,20131122,182500,1.7000,1.7000,1.7000,1.7000,300,0
BXC.US,5,20131122,183000,1.7100,1.7100,1.7000,1.7000,300,0
BXC.US,5,20131122,183500,1.7000,1.7000,1.7000,1.7000,200,0
BXC.US,5,20131122,184000,1.7000,1.7000,1.7000,1.7000,300,0
BXC.US,5,20131122,184500,1.7000,1.7000,1.7000,1.7000,500,0
BXC.US,5,20131122,185000,1.7000,1.7000,1.7000,1.7000,100,0
BXC.US,5,20131122,185500,1.7000,1.7000,1.7000,1.7000,200,0
BXC.US,5,20131122,190000,1.7000,1.7000,1.7000,1.7000,700,0
BXC.US,5,20131122,191000,1.7000,1.7000,1.7000,1.7000,300,0
BXC.US,5,20131122,191500,1.7000,1.7000,1.7000,1.7000,312,0
BXC.US,5,20131122,192000,1.7000,1.7000,1.7000,1.7000,200,0
BXC.US,5,20131122,192500,1.7100,1.7100,1.7000,1.7000,4100,0
BXC.US,5,20131122,193000,1.7000,1.7000,1.7000,1.7000,100,0
BXC.US,5,20131122,193500,1.7000,1.7100,1.7000,1.7000,400,0
BXC.US,5,20131122,194500,1.7000,1.7000,1.7000,1.7000,700,0
BXC.US,5,20131122,195000,1.7000,1.7000,1.7000,1.7000,200,0
BXC.US,5,20131122,195500,1.7000,1.7000,1.7000,1.7000,100,0
BXC.US,5,20131122,200000,1.7000,1.7000,1.7000,1.7000,300,0
BXC.US,5,20131122,200500,1.7000,1.7000,1.7000,1.7000,400,0
BXC.US,5,20131122,201500,1.7000,1.7000,1.7000,1.7000,200,0
BXC.US,5,20131122,202000,1.7000,1.7000,1.7000,1.7000,300,0
BXC.US,5,20131122,202500,1.7000,1.7000,1.7000,1.7000,200,0
BXC.US,5,20131122,203000,1.7000,1.7000,1.7000,1.7000,100,0
BXC.US,5,20131122,203500,1.7000,1.7100,1.7000,1.7100,500,0
BXC.US,5,20131122,204000,1.7100,1.7100,1.7000,1.7000,3711,0
BXC.US,5,20131122,204500,1.7000,1.7100,1.7000,1.7100,200,0
BXC.US,5,20131122,205000,1.7000,1.7000,1.7000,1.7000,400,0
BXC.US,5,20131122,205500,1.7000,1.7000,1.7000,1.7000,200,0
BXC.US,5,20131122,210000,1.7000,1.7000,1.7000,1.7000,100,0
BXC.US,5,20131122,210500,1.7000,1.7100,1.7000,1.7100,3805,0
BXC.US,5,20131122,211000,1.7100,1.7100,1.7100,1.7100,2500,0
BXC.US,5,20131122,212000,1.7000,1.7100,1.7000,1.7100,1100,0
BXC.US,5,20131122,213000,1.7200,1.7200,1.7200,1.7200,200,0
BXC.US,5,20131122,213500,1.7000,1.7200,1.7000,1.7200,800,0
BXC.US,5,20131122,214500,1.7200,1.7300,1.7200,1.7300,1396,0
BXC.US,5,20131122,215000,1.7400,1.7400,1.7400,1.7400,100,0
BXC.US,5,20131122,215500,1.7300,1.7400,1.7300,1.7400,203,0
BXC.US,5,20131122,220000,1.7500,1.7500,1.7400,1.7400,400,0
BXC.US,5,20131122,220500,1.7400,1.7400,1.7400,1.7400,11001,0
BXC.US,5,20131125,154000,1.7100,1.7100,1.7100,1.7100,1000,0
BXC.US,5,20131125,154500,1.7100,1.7200,1.7100,1.7200,400,0
BXC.US,5,20131125,155000,1.7100,1.7100,1.7100,1.7100,200,0
BXC.US,5,20131125,155500,1.7100,1.7300,1.7100,1.7300,600,0
BXC.US,5,20131125,160500,1.7200,1.7200,1.7200,1.7200,200,0
BXC.US,5,20131125,161000,1.7200,1.7300,1.7200,1.7300,400,0
BXC.US,5,20131125,161500,1.7300,1.7300,1.7300,1.7300,100,0
BXC.US,5,20131125,162000,1.7300,1.7300,1.7200,1.7200,400,0
BXC.US,5,20131125,163000,1.7200,1.7200,1.7200,1.7200,500,0
BXC.US,5,20131125,163500,1.7200,1.7200,1.7200,1.7200,200,0
BXC.US,5,20131125,164000,1.7200,1.7200,1.7200,1.7200,100,0
BXC.US,5,20131125,164500,1.7200,1.7200,1.7200,1.7200,300,0
BXC.US,5,20131125,165000,1.7200,1.7200,1.7200,1.7200,200,0
BXC.US,5,20131125,165500,1.7200,1.7200,1.7200,1.7200,100,0
BXC.US,5,20131125,170000,1.7200,1.7200,1.7200,1.7200,200,0
BXC.US,5,20131125,170500,1.7200,1.7200,1.7200,1.7200,400,0
BXC.US,5,20131125,171000,1.7300,1.7300,1.7300,1.7300,100,0
BXC.US,5,20131125,171500,1.7200,1.7200,1.7200,1.7200,400,0
BXC.US,5,20131125,172000,1.7200,1.7200,1.7200,1.7200,200,0
BXC.US,5,20131125,172500,1.7200,1.7200,1.7200,1.7200,300,0
BXC.US,5,20131125,173000,1.7200,1.7200,1.7200,1.7200,100,0
BXC.US,5,20131125,173500,1.7200,1.7300,1.7200,1.7300,1000,0
BXC.US,5,20131125,174500,1.7200,1.7200,1.7200,1.7200,200,0
BXC.US,5,20131125,175000,1.7200,1.7200,1.7200,1.7200,100,0
BXC.US,5,20131125,175500,1.7400,1.7400,1.7200,1.7200,1200,0
BXC.US,5,20131125,180000,1.7200,1.7200,1.7200,1.7200,300,0
BXC.US,5,20131125,180500,1.7300,1.7400,1.7300,1.7300,400,0
BXC.US,5,20131125,181000,1.7300,1.7300,1.7300,1.7300,100,0
BXC.US,5,20131125,181500,1.7300,1.7300,1.7300,1.7300,400,0
BXC.US,5,20131125,182000,1.7200,1.7200,1.7200,1.7200,100,0
BXC.US,5,20131125,182500,1.7300,1.7300,1.7200,1.7300,600,0
BXC.US,5,20131125,183000,1.7200,1.7300,1.7200,1.7300,600,0
BXC.US,5,20131125,183500,1.7400,1.7400,1.7300,1.7400,3700,0
BXC.US,5,20131125,184500,1.7400,1.7500,1.7400,1.7500,1600,0
BXC.US,5,20131125,185000,1.7400,1.7400,1.7400,1.7400,100,0
BXC.US,5,20131125,185500,1.7400,1.7400,1.7300,1.7300,600,0
BXC.US,5,20131125,190000,1.7300,1.7300,1.7300,1.7300,200,0
BXC.US,5,20131125,190500,1.7300,1.7400,1.7300,1.7400,800,0
BXC.US,5,20131125,191500,1.7300,1.7300,1.7300,1.7300,200,0
BXC.US,5,20131125,192000,1.7300,1.7300,1.7300,1.7300,200,0
BXC.US,5,20131125,192500,1.7300,1.7300,1.7300,1.7300,100,0
BXC.US,5,20131125,193000,1.7300,1.7300,1.7300,1.7300,200,0
BXC.US,5,20131125,193500,1.7300,1.7300,1.7300,1.7300,300,0
BXC.US,5,20131125,194000,1.7300,1.7300,1.7300,1.7300,100,0
BXC.US,5,20131125,194500,1.7300,1.7400,1.7300,1.7400,700,0
BXC.US,5,20131125,195000,1.7400,1.7400,1.7400,1.7400,400,0
BXC.US,5,20131125,200000,1.7300,1.7300,1.7300,1.7300,200,0
BXC.US,5,20131125,201000,1.7300,1.7300,1.7300,1.7300,300,0
BXC.US,5,20131125,201500,1.7300,1.7300,1.7000,1.7100,16980,0
BXC.US,5,20131125,202000,1.7100,1.7200,1.7100,1.7200,2189,0
BXC.US,5,20131125,202500,1.7100,1.7200,1.7100,1.7200,400,0
BXC.US,5,20131125,203000,1.7200,1.7200,1.7200,1.7200,400,0
BXC.US,5,20131125,203500,1.7200,1.7200,1.7100,1.7100,400,0
BXC.US,5,20131125,204000,1.7100,1.7100,1.7100,1.7100,600,0
BXC.US,5,20131125,204500,1.7000,1.7000,1.7000,1.7000,200,0
BXC.US,5,20131125,205000,1.7100,1.7100,1.7000,1.7100,600,0
BXC.US,5,20131125,205500,1.7100,1.7100,1.7100,1.7100,800,0
BXC.US,5,20131125,210000,1.7100,1.7100,1.7100,1.7100,100,0
BXC.US,5,20131125,210500,1.7100,1.7100,1.7100,1.7100,300,0
BXC.US,5,20131125,211000,1.7100,1.7100,1.7100,1.7100,100,0
BXC.US,5,20131125,211500,1.7100,1.7100,1.7100,1.7100,300,0
BXC.US,5,20131125,212000,1.7100,1.7100,1.7100,1.7100,300,0
BXC.US,5,20131125,212500,1.7100,1.7100,1.7100,1.7100,200,0
BXC.US,5,20131125,213000,1.7100,1.7200,1.7100,1.7100,1074,0
BXC.US,5,20131125,213500,1.7100,1.7100,1.7100,1.7100,400,0
BXC.US,5,20131125,214000,1.7100,1.7200,1.7100,1.7200,1200,0
BXC.US,5,20131125,214500,1.7200,1.7200,1.7200,1.7200,400,0
BXC.US,5,20131125,215000,1.7300,1.7300,1.7300,1.7300,100,0
BXC.US,5,20131125,215500,1.7200,1.7200,1.7100,1.7100,800,0
BXC.US,5,20131125,220000,1.7100,1.7200,1.7100,1.7200,2963,0
BXC.US,5,20131125,220500,1.7300,1.7300,1.7300,1.7300,5393,0
BXC.US,5,20131126,154500,1.7200,1.7200,1.7200,1.7200,300,0
BXC.US,5,20131126,155000,1.7500,1.7500,1.7500,1.7500,2400,0
BXC.US,5,20131126,155500,1.7600,1.7600,1.7500,1.7600,5000,0
BXC.US,5,20131126,160000,1.7600,1.7700,1.7600,1.7600,5000,0
BXC.US,5,20131126,160500,1.7700,1.7700,1.7600,1.7600,6600,0
BXC.US,5,20131126,161000,1.7600,1.7600,1.7600,1.7600,700,0
BXC.US,5,20131126,161500,1.7600,1.7600,1.7600,1.7600,250,0
BXC.US,5,20131126,162000,1.7400,1.7400,1.7400,1.7400,300,0
BXC.US,5,20131126,162500,1.7400,1.7400,1.7300,1.7300,300,0
BXC.US,5,20131126,163000,1.7300,1.7300,1.7300,1.7300,100,0
BXC.US,5,20131126,163500,1.7300,1.7300,1.7300,1.7300,300,0
BXC.US,5,20131126,164000,1.7300,1.7300,1.7200,1.7200,200,0
BXC.US,5,20131126,164500,1.7200,1.7200,1.7200,1.7200,100,0
BXC.US,5,20131126,165000,1.7200,1.7200,1.7200,1.7200,200,0
BXC.US,5,20131126,165500,1.7200,1.7400,1.7200,1.7300,500,0
BXC.US,5,20131126,170500,1.7300,1.7300,1.7300,1.7300,200,0
BXC.US,5,20131126,171000,1.7400,1.7400,1.7400,1.7400,300,0
BXC.US,5,20131126,172000,1.7300,1.7300,1.7300,1.7300,300,0
BXC.US,5,20131126,172500,1.7300,1.7300,1.7300,1.7300,200,0
BXC.US,5,20131126,173000,1.7200,1.7200,1.7200,1.7200,300,0
BXC.US,5,20131126,174000,1.7200,1.7200,1.7200,1.7200,300,0
BXC.US,5,20131126,174500,1.7400,1.7400,1.7400,1.7400,203,0
BXC.US,5,20131126,175000,1.7400,1.7400,1.7400,1.7400,100,0
BXC.US,5,20131126,175500,1.7200,1.7200,1.7200,1.7200,200,0
BXC.US,5,20131126,180000,1.7200,1.7200,1.7200,1.7200,100,0
BXC.US,5,20131126,180500,1.7200,1.7300,1.7200,1.7300,600,0
BXC.US,5,20131126,181500,1.7200,1.7300,1.7200,1.7300,200,0
BXC.US,5,20131126,182000,1.7200,1.7200,1.7200,1.7200,200,0
BXC.US,5,20131126,182500,1.7200,1.7200,1.7200,1.7200,300,0
BXC.US,5,20131126,183000,1.7200,1.7200,1.7200,1.7200,200,0
BXC.US,5,20131126,183500,1.7200,1.7200,1.7200,1.7200,100,0
BXC.US,5,20131126,184000,1.7200,1.7300,1.7200,1.7300,300,0
BXC.US,5,20131126,184500,1.7300,1.7300,1.7200,1.7200,500,0
BXC.US,5,20131126,185000,1.7300,1.7300,1.7200,1.7200,200,0
BXC.US,5,20131126,185500,1.7200,1.7300,1.7200,1.7300,700,0
BXC.US,5,20131126,190000,1.7200,1.7200,1.7200,1.7200,300,0
BXC.US,5,20131126,190500,1.7300,1.7300,1.7300,1.7300,700,0
BXC.US,5,20131126,191000,1.7200,1.7200,1.7200,1.7200,400,0
BXC.US,5,20131126,191500,1.7200,1.7300,1.7200,1.7300,300,0
BXC.US,5,20131126,192000,1.7300,1.7300,1.7200,1.7200,423,0
BXC.US,5,20131126,192500,1.7200,1.7200,1.7200,1.7200,200,0
BXC.US,5,20131126,193000,1.7200,1.7300,1.7200,1.7300,400,0
BXC.US,5,20131126,193500,1.7200,1.7200,1.7200,1.7200,300,0
BXC.US,5,20131126,194000,1.7300,1.7300,1.7300,1.7300,506,0
BXC.US,5,20131126,194500,1.7300,1.7300,1.7200,1.7200,600,0
BXC.US,5,20131126,195000,1.7200,1.7200,1.7200,1.7200,200,0
BXC.US,5,20131126,195500,1.7200,1.7200,1.7200,1.7200,100,0
BXC.US,5,20131126,200000,1.7200,1.7200,1.7200,1.7200,200,0
BXC.US,5,20131126,200500,1.7200,1.7200,1.7200,1.7200,300,0
BXC.US,5,20131126,201000,1.7300,1.7300,1.7300,1.7300,1300,0
BXC.US,5,20131126,201500,1.7200,1.7200,1.7200,1.7200,200,0
BXC.US,5,20131126,202000,1.7200,1.7300,1.7200,1.7300,1400,0
BXC.US,5,20131126,202500,1.7300,1.7300,1.7300,1.7300,100,0
BXC.US,5,20131126,203000,1.7200,1.7200,1.7200,1.7200,300,0
BXC.US,5,20131126,203500,1.7300,1.7300,1.7200,1.7200,400,0
BXC.US,5,20131126,204000,1.7200,1.7200,1.7200,1.7200,300,0
BXC.US,5,20131126,204500,1.7200,1.7200,1.7200,1.7200,200,0
BXC.US,5,20131126,205000,1.7200,1.7300,1.7200,1.7300,1400,0
BXC.US,5,20131126,205500,1.7300,1.7300,1.7300,1.7300,1300,0
BXC.US,5,20131126,210000,1.7300,1.7300,1.7300,1.7300,400,0
BXC.US,5,20131126,210500,1.7200,1.7200,1.7200,1.7200,200,0
BXC.US,5,20131126,211500,1.7200,1.7200,1.7200,1.7200,300,0
BXC.US,5,20131126,212000,1.7200,1.7200,1.7200,1.7200,200,0
BXC.US,5,20131126,212500,1.7300,1.7300,1.7300,1.7300,500,0
BXC.US,5,20131126,213000,1.7300,1.7300,1.7300,1.7300,299,0
BXC.US,5,20131126,213500,1.7200,1.7300,1.7200,1.7300,600,0
BXC.US,5,20131126,214500,1.7300,1.7300,1.7300,1.7300,100,0
BXC.US,5,20131126,215000,1.7200,1.7300,1.7200,1.7200,600,0
BXC.US,5,20131126,215500,1.7300,1.7300,1.7200,1.7300,1731,0
BXC.US,5,20131126,220000,1.7300,1.7300,1.7200,1.7300,1046,0
BXC.US,5,20131126,220500,1.7300,1.7300,1.7300,1.7300,6780,0
BXC.US,5,20131127,154500,1.7200,1.7200,1.7200,1.7200,300,0
BXC.US,5,20131127,155000,1.7200,1.7200,1.7200,1.7200,400,0
BXC.US,5,20131127,155500,1.7300,1.7300,1.7000,1.7300,2926,0
BXC.US,5,20131127,160000,1.7200,1.7300,1.7000,1.7000,788,0
BXC.US,5,20131127,161000,1.7000,1.7100,1.7000,1.7100,500,0
BXC.US,5,20131127,161500,1.7000,1.7100,1.7000,1.7100,3974,0
BXC.US,5,20131127,162000,1.7000,1.7000,1.7000,1.7000,600,0
BXC.US,5,20131127,162500,1.7000,1.7000,1.7000,1.7000,400,0
BXC.US,5,20131127,163000,1.7000,1.7000,1.7000,1.7000,200,0
BXC.US,5,20131127,163500,1.7000,1.7000,1.7000,1.7000,300,0
BXC.US,5,20131127,164000,1.7100,1.7100,1.7000,1.7000,500,0
BXC.US,5,20131127,164500,1.7000,1.7000,1.7000,1.7000,200,0
BXC.US,5,20131127,165000,1.7000,1.7100,1.7000,1.7100,700,0
BXC.US,5,20131127,165500,1.7100,1.7100,1.7000,1.7000,1600,0
BXC.US,5,20131127,170000,1.7100,1.7100,1.7000,1.7100,1800,0
BXC.US,5,20131127,170500,1.7000,1.7000,1.7000,1.7000,700,0
BXC.US,5,20131127,171000,1.7000,1.7100,1.7000,1.7000,3702,0
BXC.US,5,20131127,171500,1.7000,1.7100,1.7000,1.7100,1000,0
BXC.US,5,20131127,172000,1.7100,1.7100,1.7000,1.7000,1600,0
BXC.US,5,20131127,172500,1.7000,1.7300,1.7000,1.7300,7778,0
BXC.US,5,20131127,173000,1.7100,1.7100,1.7000,1.7000,2100,0
BXC.US,5,20131127,173500,1.7100,1.7100,1.7000,1.7000,1800,0
BXC.US,5,20131127,174000,1.7000,1.7000,1.7000,1.7000,2000,0
BXC.US,5,20131127,174500,1.7000,1.7000,1.7000,1.7000,600,0
BXC.US,5,20131127,175000,1.7100,1.7100,1.7000,1.7000,1011,0
BXC.US,5,20131127,175500,1.7000,1.7000,1.7000,1.7000,500,0
BXC.US,5,20131127,180000,1.7000,1.7000,1.6900,1.6900,2347,0
BXC.US,5,20131127,180500,1.7000,1.7000,1.6900,1.6900,800,0
BXC.US,5,20131127,181000,1.7000,1.7000,1.6900,1.7000,1000,0
BXC.US,5,20131127,181500,1.7000,1.7000,1.6900,1.6900,1100,0
BXC.US,5,20131127,182000,1.6900,1.6900,1.6900,1.6900,200,0
BXC.US,5,20131127,182500,1.7000,1.7100,1.7000,1.7100,2200,0
BXC.US,5,20131127,183000,1.7200,1.7200,1.7000,1.7100,2000,0
BXC.US,5,20131127,183500,1.7000,1.7100,1.7000,1.7100,2300,0
BXC.US,5,20131127,184000,1.7100,1.7100,1.7100,1.7100,800,0
BXC.US,5,20131127,184500,1.7000,1.7000,1.7000,1.7000,300,0
BXC.US,5,20131127,185000,1.7000,1.7000,1.7000,1.7000,300,0
BXC.US,5,20131127,185500,1.7100,1.7100,1.7100,1.7100,700,0
BXC.US,5,20131127,190000,1.7100,1.7100,1.7100,1.7100,100,0
BXC.US,5,20131127,190500,1.7000,1.7000,1.7000,1.7000,200,0
BXC.US,5,20131127,191000,1.7100,1.7100,1.7100,1.7100,400,0
BXC.US,5,20131127,192000,1.7100,1.7100,1.7100,1.7100,500,0
BXC.US,5,20131127,192500,1.7100,1.7100,1.7100,1.7100,200,0
BXC.US,5,20131127,193000,1.7100,1.7100,1.7100,1.7100,200,0
BXC.US,5,20131127,194000,1.7200,1.7200,1.7100,1.7100,400,0
BXC.US,5,20131127,194500,1.7200,1.7200,1.7100,1.7100,400,0
BXC.US,5,20131127,195500,1.7100,1.7100,1.7100,1.7100,300,0
BXC.US,5,20131127,200000,1.7100,1.7100,1.7100,1.7100,200,0
BXC.US,5,20131127,200500,1.7100,1.7100,1.7100,1.7100,600,0
BXC.US,5,20131127,201000,1.7100,1.7100,1.7100,1.7100,200,0
BXC.US,5,20131127,201500,1.7100,1.7200,1.7100,1.7200,400,0
BXC.US,5,20131127,202000,1.7100,1.7200,1.7100,1.7100,1200,0
BXC.US,5,20131127,202500,1.7100,1.7200,1.7100,1.7200,2400,0
BXC.US,5,20131127,203000,1.7200,1.7200,1.7200,1.7200,1000,0
BXC.US,5,20131127,203500,1.7300,1.7300,1.7300,1.7300,500,0
BXC.US,5,20131127,204000,1.7200,1.7300,1.7200,1.7200,3000,0
BXC.US,5,20131127,204500,1.7300,1.7300,1.7200,1.7200,2400,0
BXC.US,5,20131127,205000,1.7100,1.7200,1.7100,1.7200,1000,0
BXC.US,5,20131127,210000,1.7100,1.7100,1.7100,1.7100,1200,0
BXC.US,5,20131127,211000,1.7100,1.7200,1.7100,1.7200,1740,0
BXC.US,5,20131127,211500,1.7200,1.7200,1.7200,1.7200,597,0
BXC.US,5,20131127,212500,1.7200,1.7300,1.7200,1.7300,400,0
BXC.US,5,20131127,213000,1.7200,1.7200,1.7200,1.7200,200,0
BXC.US,5,20131127,213500,1.7200,1.7200,1.7200,1.7200,300,0
BXC.US,5,20131127,214000,1.7200,1.7200,1.7200,1.7200,700,0
BXC.US,5,20131127,214500,1.7200,1.7200,1.7200,1.7200,300,0
BXC.US,5,20131127,215000,1.7300,1.7300,1.7100,1.7100,5900,0
BXC.US,5,20131127,215500,1.7300,1.7300,1.7200,1.7300,5900,0
BXC.US,5,20131127,220000,1.7200,1.7300,1.7200,1.7300,2097,0
BXC.US,5,20131127,220500,1.7300,1.7300,1.7300,1.7300,2197,0
BXC.US,5,20131129,153500,1.7200,1.7500,1.7200,1.7500,1432,0
BXC.US,5,20131129,162000,1.7200,1.7300,1.7200,1.7300,300,0
BXC.US,5,20131129,163000,1.7300,1.7400,1.7200,1.7200,498,0
BXC.US,5,20131129,163500,1.7300,1.7300,1.7300,1.7300,500,0
BXC.US,5,20131129,164500,1.7300,1.7300,1.7300,1.7300,100,0
BXC.US,5,20131129,165000,1.7400,1.7400,1.7400,1.7400,1000,0
BXC.US,5,20131129,165500,1.7300,1.7300,1.7300,1.7300,600,0
BXC.US,5,20131129,170500,1.7400,1.7400,1.7300,1.7300,471,0
BXC.US,5,20131129,171000,1.7400,1.7400,1.7400,1.7400,100,0
BXC.US,5,20131129,171500,1.7200,1.7200,1.7200,1.7200,2100,0
BXC.US,5,20131129,172000,1.7300,1.7300,1.7300,1.7300,700,0
BXC.US,5,20131129,173000,1.7200,1.7200,1.7200,1.7200,100,0
BXC.US,5,20131129,175000,1.7200,1.7200,1.7200,1.7200,100,0
BXC.US,5,20131129,175500,1.7300,1.7300,1.7300,1.7300,100,0
BXC.US,5,20131129,180000,1.7200,1.7200,1.7200,1.7200,200,0
BXC.US,5,20131129,180500,1.7200,1.7200,1.7200,1.7200,500,0
BXC.US,5,20131129,181000,1.7200,1.7200,1.7200,1.7200,700,0
BXC.US,5,20131129,181500,1.7200,1.7200,1.7200,1.7200,800,0
BXC.US,5,20131129,182000,1.7200,1.7200,1.7100,1.7100,500,0
BXC.US,5,20131129,182500,1.7100,1.7100,1.7100,1.7100,700,0
BXC.US,5,20131129,183000,1.7100,1.7100,1.7100,1.7100,500,0
BXC.US,5,20131129,183500,1.7100,1.7100,1.7000,1.7000,400,0
BXC.US,5,20131129,184500,1.7200,1.7200,1.7000,1.7000,3900,0
BXC.US,5,20131129,185000,1.7200,1.7400,1.7100,1.7300,4684,0
BXC.US,5,20131129,185500,1.7400,1.7500,1.7300,1.7500,15273,0
BXC.US,5,20131129,190000,1.7500,1.7800,1.7500,1.7800,41766,0
BXC.US,5,20131129,190500,1.7800,1.7800,1.7800,1.7800,12294,0
BXC.US,5,20131202,153500,1.7900,1.8000,1.7900,1.8000,900,0
BXC.US,5,20131202,154000,1.7600,1.7600,1.7400,1.7500,608,0
BXC.US,5,20131202,154500,1.7600,1.7600,1.7500,1.7600,5000,0
BXC.US,5,20131202,155500,1.7600,1.7600,1.7400,1.7600,15200,0
BXC.US,5,20131202,160000,1.7500,1.7600,1.7500,1.7600,2384,0
BXC.US,5,20131202,160500,1.7600,1.7800,1.7600,1.7700,900,0
BXC.US,5,20131202,161000,1.7700,1.7800,1.7700,1.7700,500,0
BXC.US,5,20131202,162000,1.7700,1.7800,1.7700,1.7800,900,0
BXC.US,5,20131202,162500,1.7600,1.7600,1.7600,1.7600,200,0
BXC.US,5,20131202,163000,1.7700,1.7700,1.7700,1.7700,500,0
BXC.US,5,20131202,164000,1.7700,1.7700,1.7700,1.7700,500,0
BXC.US,5,20131202,164500,1.7800,1.7800,1.7800,1.7800,100,0
BXC.US,5,20131202,165000,1.7700,1.7700,1.7700,1.7700,700,0
BXC.US,5,20131202,170000,1.7700,1.7700,1.7700,1.7700,1000,0
BXC.US,5,20131202,170500,1.7600,1.7600,1.7600,1.7600,200,0
BXC.US,5,20131202,171500,1.7600,1.7600,1.7600,1.7600,300,0
BXC.US,5,20131202,172000,1.7600,1.7700,1.7600,1.7600,700,0
BXC.US,5,20131202,172500,1.7700,1.7700,1.7600,1.7600,300,0
BXC.US,5,20131202,173000,1.7600,1.7700,1.7600,1.7700,400,0
BXC.US,5,20131202,173500,1.7700,1.7700,1.7600,1.7600,2600,0
BXC.US,5,20131202,174000,1.7600,1.7600,1.7500,1.7500,1485,0
BXC.US,5,20131202,174500,1.7600,1.7600,1.7600,1.7600,100,0
BXC.US,5,20131202,175000,1.7400,1.7400,1.7400,1.7400,900,0
BXC.US,5,20131202,175500,1.7500,1.7500,1.7300,1.7300,300,0
BXC.US,5,20131202,180000,1.7300,1.7400,1.7300,1.7400,200,0
BXC.US,5,20131202,180500,1.7300,1.7300,1.7300,1.7300,200,0
BXC.US,5,20131202,181500,1.7300,1.7400,1.7300,1.7300,400,0
BXC.US,5,20131202,182000,1.7300,1.7400,1.7300,1.7400,2450,0
BXC.US,5,20131202,182500,1.7300,1.7300,1.7300,1.7300,400,0
BXC.US,5,20131202,183000,1.7400,1.7400,1.7400,1.7400,525,0
BXC.US,5,20131202,183500,1.7300,1.7400,1.7300,1.7400,500,0
BXC.US,5,20131202,184000,1.7300,1.7300,1.7300,1.7300,200,0
BXC.US,5,20131202,184500,1.7300,1.7400,1.7300,1.7300,2500,0
BXC.US,5,20131202,185000,1.7400,1.7500,1.7300,1.7300,9400,0
BXC.US,5,20131202,185500,1.7400,1.7500,1.7400,1.7500,2987,0
BXC.US,5,20131202,190500,1.7600,1.7600,1.7500,1.7500,200,0
BXC.US,5,20131202,191500,1.7600,1.7600,1.7500,1.7500,500,0
BXC.US,5,20131202,192000,1.7500,1.7500,1.7500,1.7500,11400,0
BXC.US,5,20131202,193000,1.7600,1.7600,1.7600,1.7600,100,0
BXC.US,5,20131202,193500,1.7500,1.7600,1.7500,1.7600,400,0
BXC.US,5,20131202,194500,1.7600,1.7600,1.7600,1.7600,100,0
BXC.US,5,20131202,195000,1.7500,1.7600,1.7500,1.7600,200,0
BXC.US,5,20131202,200000,1.7600,1.7600,1.7400,1.7500,2600,0
BXC.US,5,20131202,201000,1.7400,1.7400,1.7400,1.7400,300,0
BXC.US,5,20131202,201500,1.7400,1.7500,1.7400,1.7500,200,0
BXC.US,5,20131202,202000,1.7400,1.7500,1.7400,1.7500,7700,0
BXC.US,5,20131202,202500,1.7600,1.7600,1.7600,1.7600,100,0
BXC.US,5,20131202,203000,1.7600,1.7600,1.7600,1.7600,1900,0
BXC.US,5,20131202,203500,1.7500,1.7600,1.7500,1.7600,9600,0
BXC.US,5,20131202,204000,1.7500,1.7600,1.7500,1.7600,32500,0
BXC.US,5,20131202,204500,1.7500,1.7600,1.7500,1.7600,300,0
BXC.US,5,20131202,205000,1.7600,1.7600,1.7500,1.7600,3900,0
BXC.US,5,20131202,205500,1.7600,1.7600,1.7600,1.7600,200,0
BXC.US,5,20131202,210000,1.7700,1.7700,1.7600,1.7600,300,0
BXC.US,5,20131202,210500,1.7700,1.7800,1.7700,1.7800,3700,0
BXC.US,5,20131202,211000,1.7700,1.7800,1.7700,1.7800,1200,0
BXC.US,5,20131202,211500,1.7700,1.7700,1.7700,1.7700,400,0
BXC.US,5,20131202,212000,1.7700,1.7800,1.7700,1.7800,300,0
BXC.US,5,20131202,212500,1.7700,1.7700,1.7600,1.7600,2721,0
BXC.US,5,20131202,213000,1.7700,1.7700,1.7700,1.7700,300,0
BXC.US,5,20131202,213500,1.7700,1.7800,1.7600,1.7800,1770,0
BXC.US,5,20131202,214000,1.7800,1.7800,1.7800,1.7800,736,0
BXC.US,5,20131202,214500,1.7800,1.7800,1.7800,1.7800,200,0
BXC.US,5,20131202,215000,1.7700,1.7700,1.7700,1.7700,200,0
BXC.US,5,20131202,215500,1.7800,1.7800,1.7700,1.7700,1100,0
BXC.US,5,20131202,220000,1.7800,1.7800,1.7600,1.7700,5691,0
BXC.US,5,20131202,220500,1.7700,1.7700,1.7700,1.7700,5227,0
BXC.US,5,20131203,153500,1.7500,1.7500,1.7500,1.7500,420,0
BXC.US,5,20131203,154500,1.7400,1.7500,1.7400,1.7500,600,0
BXC.US,5,20131203,155000,1.7400,1.7500,1.7400,1.7500,200,0
BXC.US,5,20131203,155500,1.7400,1.7500,1.7400,1.7500,1645,0
BXC.US,5,20131203,160000,1.7600,1.7600,1.7600,1.7600,650,0
BXC.US,5,20131203,161000,1.7500,1.7600,1.7400,1.7400,2100,0
BXC.US,5,20131203,161500,1.7500,1.7500,1.7400,1.7400,3500,0
BXC.US,5,20131203,162000,1.7400,1.7400,1.7400,1.7400,100,0
BXC.US,5,20131203,162500,1.7400,1.7400,1.7400,1.7400,200,0
BXC.US,5,20131203,163000,1.7400,1.7400,1.7400,1.7400,100,0
BXC.US,5,20131203,163500,1.7200,1.7300,1.7200,1.7300,3300,0
BXC.US,5,20131203,164000,1.7300,1.7300,1.7200,1.7200,1100,0
BXC.US,5,20131203,164500,1.7200,1.7300,1.7200,1.7300,1600,0
BXC.US,5,20131203,165000,1.7300,1.7300,1.7300,1.7300,700,0
BXC.US,5,20131203,165500,1.7300,1.7300,1.7300,1.7300,500,0
BXC.US,5,20131203,170000,1.7300,1.7300,1.7200,1.7200,400,0
BXC.US,5,20131203,170500,1.7200,1.7200,1.7200,1.7200,600,0
BXC.US,5,20131203,171000,1.7200,1.7200,1.7100,1.7100,2600,0
BXC.US,5,20131203,171500,1.7100,1.7100,1.7100,1.7100,800,0
BXC.US,5,20131203,172000,1.7100,1.7100,1.7100,1.7100,400,0
BXC.US,5,20131203,172500,1.7100,1.7100,1.7000,1.7000,7900,0
BXC.US,5,20131203,173000,1.7000,1.7000,1.7000,1.7000,1814,0
BXC.US,5,20131203,173500,1.7000,1.7000,1.7000,1.7000,500,0
BXC.US,5,20131203,174000,1.7000,1.7000,1.7000,1.7000,400,0
BXC.US,5,20131203,175000,1.7000,1.7000,1.7000,1.7000,600,0
BXC.US,5,20131203,175500,1.7000,1.7000,1.6900,1.7000,800,0
BXC.US,5,20131203,180000,1.6900,1.6900,1.6900,1.6900,100,0
BXC.US,5,20131203,180500,1.6900,1.6900,1.6900,1.6900,300,0
BXC.US,5,20131203,181000,1.6900,1.6900,1.6900,1.6900,200,0
BXC.US,5,20131203,181500,1.6900,1.6900,1.6900,1.6900,100,0
BXC.US,5,20131203,182000,1.6900,1.6900,1.6900,1.6900,300,0
BXC.US,5,20131203,182500,1.6800,1.6800,1.6800,1.6800,200,0
BXC.US,5,20131203,183000,1.6800,1.6800,1.6800,1.6800,300,0
BXC.US,5,20131203,183500,1.6800,1.6800,1.6800,1.6800,600,0
BXC.US,5,20131203,184000,1.6800,1.6800,1.6700,1.6700,800,0
BXC.US,5,20131203,184500,1.6700,1.6700,1.6700,1.6700,1300,0
BXC.US,5,20131203,185000,1.6800,1.6900,1.6800,1.6900,3437,0
BXC.US,5,20131203,185500,1.6900,1.6900,1.6900,1.6900,100,0
BXC.US,5,20131203,191000,1.6900,1.6900,1.6800,1.6800,300,0
BXC.US,5,20131203,191500,1.6800,1.6900,1.6800,1.6900,6500,0
BXC.US,5,20131203,192000,1.6900,1.6900,1.6900,1.6900,300,0
BXC.US,5,20131203,192500,1.6800,1.6800,1.6800,1.6800,200,0
BXC.US,5,20131203,193000,1.6800,1.6800,1.6800,1.6800,200,0
BXC.US,5,20131203,193500,1.6800,1.6800,1.6800,1.6800,300,0
BXC.US,5,20131203,194500,1.6800,1.6800,1.6800,1.6800,300,0
BXC.US,5,20131203,195000,1.6800,1.6800,1.6800,1.6800,200,0
BXC.US,5,20131203,195500,1.6800,1.6900,1.6800,1.6900,700,0
BXC.US,5,20131203,200500,1.6800,1.6800,1.6800,1.6800,200,0
BXC.US,5,20131203,201000,1.6800,1.6800,1.6800,1.6800,200,0
BXC.US,5,20131203,201500,1.6800,1.6800,1.6800,1.6800,1100,0
BXC.US,5,20131203,202000,1.6800,1.6800,1.6800,1.6800,100,0
BXC.US,5,20131203,202500,1.6800,1.6900,1.6800,1.6900,800,0
BXC.US,5,20131203,203000,1.6800,1.6800,1.6800,1.6800,300,0
BXC.US,5,20131203,204000,1.6800,1.6800,1.6800,1.6800,600,0
BXC.US,5,20131203,204500,1.6800,1.6900,1.6800,1.6800,600,0
BXC.US,5,20131203,205500,1.6800,1.6900,1.6800,1.6900,400,0
BXC.US,5,20131203,210000,1.6800,1.6900,1.6800,1.6900,900,0
BXC.US,5,20131203,210500,1.6900,1.6900,1.6800,1.6900,26748,0
BXC.US,5,20131203,211500,1.6800,1.6900,1.6800,1.6900,800,0
BXC.US,5,20131203,212000,1.6900,1.6900,1.6800,1.6900,800,0
BXC.US,5,20131203,212500,1.6900,1.6900,1.6800,1.6900,1200,0
BXC.US,5,20131203,213000,1.6900,1.6900,1.6900,1.6900,400,0
BXC.US,5,20131203,213500,1.6900,1.6900,1.6900,1.6900,900,0
BXC.US,5,20131203,214000,1.6900,1.6900,1.6900,1.6900,1300,0
BXC.US,5,20131203,214500,1.6900,1.6900,1.6800,1.6900,1000,0
BXC.US,5,20131203,215000,1.6900,1.6900,1.6900,1.6900,300,0
BXC.US,5,20131203,215500,1.7000,1.7000,1.6900,1.6900,900,0
BXC.US,5,20131203,220000,1.7000,1.7000,1.6900,1.7000,1400,0
BXC.US,5,20131203,220500,1.6900,1.6900,1.6900,1.6900,18961,0
BXC.US,5,20131204,154500,1.6800,1.6800,1.6800,1.6800,300,0
BXC.US,5,20131204,155000,1.6800,1.6800,1.6800,1.6800,300,0
BXC.US,5,20131204,155500,1.6800,1.6800,1.6800,1.6800,200,0
BXC.US,5,20131204,160000,1.6800,1.6800,1.6800,1.6800,300,0
BXC.US,5,20131204,160500,1.6800,1.6800,1.6800,1.6800,200,0
BXC.US,5,20131204,161000,1.6800,1.6800,1.6800,1.6800,300,0
BXC.US,5,20131204,161500,1.6800,1.6800,1.6800,1.6800,100,0
BXC.US,5,20131204,162000,1.6800,1.6800,1.6800,1.6800,300,0
BXC.US,5,20131204,162500,1.6800,1.6800,1.6800,1.6800,200,0
BXC.US,5,20131204,163000,1.6800,1.6800,1.6800,1.6800,2000,0
BXC.US,5,20131204,163500,1.6800,1.6800,1.6700,1.6700,4632,0
BXC.US,5,20131204,164000,1.6700,1.6700,1.6700,1.6700,2300,0
BXC.US,5,20131204,164500,1.6700,1.6700,1.6600,1.6700,3623,0
BXC.US,5,20131204,165000,1.6600,1.6800,1.6600,1.6800,1800,0
BXC.US,5,20131204,165500,1.6700,1.6700,1.6700,1.6700,400,0
BXC.US,5,20131204,170000,1.6700,1.6800,1.6700,1.6700,500,0
BXC.US,5,20131204,170500,1.6800,1.6800,1.6700,1.6800,4100,0
BXC.US,5,20131204,171000,1.6700,1.6700,1.6700,1.6700,800,0
BXC.US,5,20131204,171500,1.6700,1.6700,1.6700,1.6700,600,0
BXC.US,5,20131204,172000,1.6700,1.6700,1.6700,1.6700,400,0
BXC.US,5,20131204,172500,1.6700,1.6700,1.6700,1.6700,200,0
BXC.US,5,20131204,173000,1.6700,1.6700,1.6700,1.6700,300,0
BXC.US,5,20131204,173500,1.6800,1.6800,1.6700,1.6700,9400,0
BXC.US,5,20131204,174000,1.6700,1.6700,1.6700,1.6700,300,0
BXC.US,5,20131204,175000,1.6700,1.6700,1.6700,1.6700,400,0
BXC.US,5,20131204,175500,1.6700,1.6700,1.6700,1.6700,400,0
BXC.US,5,20131204,180000,1.6700,1.6700,1.6700,1.6700,300,0
BXC.US,5,20131204,180500,1.6700,1.6700,1.6700,1.6700,2700,0
BXC.US,5,20131204,181000,1.6700,1.6700,1.6700,1.6700,300,0
BXC.US,5,20131204,181500,1.6700,1.6700,1.6700,1.6700,1200,0
BXC.US,5,20131204,182000,1.6700,1.6700,1.6700,1.6700,300,0
BXC.US,5,20131204,182500,1.6700,1.6700,1.6700,1.6700,600,0
BXC.US,5,20131204,183000,1.6700,1.6700,1.6700,1.6700,300,0
BXC.US,5,20131204,183500,1.6700,1.6800,1.6500,1.6600,11626,0
BXC.US,5,20131204,184000,1.6600,1.6700,1.6600,1.6600,1500,0
BXC.US,5,20131204,184500,1.6600,1.6700,1.6600,1.6700,10700,0
BXC.US,5,20131204,185000,1.6600,1.6700,1.6600,1.6600,10000,0
BXC.US,5,20131204,185500,1.6500,1.6600,1.6500,1.6600,243,0
BXC.US,5,20131204,190000,1.6600,1.7200,1.6600,1.6800,26499,0
BXC.US,5,20131204,191000,1.6800,1.6900,1.6800,1.6900,5000,0
BXC.US,5,20131204,192000,1.6800,1.6800,1.6800,1.6800,300,0
BXC.US,5,20131204,192500,1.6900,1.6900,1.6800,1.6800,10400,0
BXC.US,5,20131204,193000,1.6700,1.6800,1.6700,1.6700,700,0
BXC.US,5,20131204,193500,1.6800,1.6800,1.6700,1.6700,808,0
BXC.US,5,20131204,194000,1.6800,1.6800,1.6700,1.6800,600,0
BXC.US,5,20131204,194500,1.6600,1.6700,1.6600,1.6700,2100,0
BXC.US,5,20131204,195000,1.6700,1.6700,1.6700,1.6700,500,0
BXC.US,5,20131204,200000,1.6800,1.6800,1.6700,1.6700,400,0
BXC.US,5,20131204,200500,1.6800,1.6800,1.6500,1.6700,5300,0
BXC.US,5,20131204,201000,1.6500,1.6700,1.6500,1.6700,1043,0
BXC.US,5,20131204,201500,1.6700,1.6700,1.6700,1.6700,500,0
BXC.US,5,20131204,202500,1.6700,1.6700,1.6700,1.6700,10200,0
BXC.US,5,20131204,203500,1.6500,1.6600,1.6500,1.6600,600,0
BXC.US,5,20131204,204000,1.6500,1.6700,1.6500,1.6700,29100,0
BXC.US,5,20131204,204500,1.6700,1.6800,1.6700,1.6800,200,0
BXC.US,5,20131204,205000,1.6700,1.6700,1.6700,1.6700,100,0
BXC.US,5,20131204,205500,1.6700,1.6800,1.6700,1.6800,28200,0
BXC.US,5,20131204,210000,1.6700,1.6700,1.6700,1.6700,200,0
BXC.US,5,20131204,210500,1.6700,1.6700,1.6700,1.6700,200,0
BXC.US,5,20131204,211000,1.6700,1.6700,1.6700,1.6700,300,0
BXC.US,5,20131204,211500,1.6700,1.6700,1.6700,1.6700,300,0
BXC.US,5,20131204,212500,1.6700,1.6700,1.6700,1.6700,400,0
BXC.US,5,20131204,213000,1.6700,1.6700,1.6700,1.6700,200,0
BXC.US,5,20131204,213500,1.6700,1.6900,1.6700,1.6900,3500,0
BXC.US,5,20131204,214000,1.7000,1.7000,1.7000,1.7000,100,0
BXC.US,5,20131204,214500,1.7000,1.7000,1.7000,1.7000,200,0
BXC.US,5,20131204,215500,1.6900,1.6900,1.6900,1.6900,100,0
BXC.US,5,20131204,220000,1.6900,1.6900,1.6800,1.6900,3706,0
BXC.US,5,20131204,220500,1.6800,1.6800,1.6800,1.6800,11896,0
BXC.US,5,20131205,154000,1.7200,1.7200,1.7000,1.7200,400,0
BXC.US,5,20131205,154500,1.7300,1.7300,1.7300,1.7300,341,0
BXC.US,5,20131205,155500,1.6900,1.6900,1.6600,1.6700,430,0
BXC.US,5,20131205,160000,1.6600,1.6600,1.6600,1.6600,700,0
BXC.US,5,20131205,161000,1.6600,1.6600,1.6500,1.6500,500,0
BXC.US,5,20131205,161500,1.6600,1.6600,1.6600,1.6600,700,0
BXC.US,5,20131205,162000,1.6500,1.6600,1.6500,1.6600,3100,0
BXC.US,5,20131205,162500,1.6600,1.6600,1.6500,1.6500,10900,0
BXC.US,5,20131205,163000,1.6500,1.6500,1.6500,1.6500,200,0
BXC.US,5,20131205,163500,1.6500,1.6500,1.6500,1.6500,300,0
BXC.US,5,20131205,164000,1.6500,1.6500,1.6500,1.6500,729,0
BXC.US,5,20131205,164500,1.6500,1.6500,1.6500,1.6500,7800,0
BXC.US,5,20131205,165000,1.6500,1.6500,1.6400,1.6500,19377,0
BXC.US,5,20131205,165500,1.6500,1.6500,1.6500,1.6500,100,0
BXC.US,5,20131205,170000,1.6600,1.6600,1.6600,1.6600,576,0
BXC.US,5,20131205,170500,1.6600,1.6600,1.6500,1.6500,300,0
BXC.US,5,20131205,171500,1.6500,1.6600,1.6500,1.6600,700,0
BXC.US,5,20131205,172000,1.6600,1.6600,1.6600,1.6600,100,0
BXC.US,5,20131205,173000,1.6600,1.6600,1.6600,1.6600,600,0
BXC.US,5,20131205,174000,1.6600,1.6600,1.6600,1.6600,400,0
BXC.US,5,20131205,174500,1.6600,1.6600,1.6600,1.6600,500,0
BXC.US,5,20131205,175000,1.6600,1.6600,1.6600,1.6600,500,0
BXC.US,5,20131205,175500,1.6700,1.6700,1.6600,1.6600,1200,0
BXC.US,5,20131205,180500,1.6600,1.6600,1.6600,1.6600,200,0
BXC.US,5,20131205,181000,1.6600,1.6600,1.6600,1.6600,400,0
BXC.US,5,20131205,181500,1.6600,1.6700,1.6600,1.6700,900,0
BXC.US,5,20131205,182000,1.6600,1.6600,1.6600,1.6600,200,0
BXC.US,5,20131205,182500,1.6700,1.6700,1.6700,1.6700,300,0
BXC.US,5,20131205,183500,1.6600,1.6600,1.6600,1.6600,400,0
BXC.US,5,20131205,184000,1.6600,1.6600,1.6600,1.6600,200,0
BXC.US,5,20131205,184500,1.6600,1.6700,1.6600,1.6700,700,0
BXC.US,5,20131205,190000,1.6600,1.6600,1.6600,1.6600,400,0
BXC.US,5,20131205,190500,1.6600,1.6600,1.6600,1.6600,300,0
BXC.US,5,20131205,191000,1.6600,1.6600,1.6600,1.6600,100,0
BXC.US,5,20131205,191500,1.6600,1.6600,1.6600,1.6600,200,0
BXC.US,5,20131205,192000,1.6600,1.6600,1.6600,1.6600,300,0
BXC.US,5,20131205,192500,1.6600,1.6600,1.6600,1.6600,100,0
BXC.US,5,20131205,193000,1.6600,1.6600,1.6600,1.6600,300,0
BXC.US,5,20131205,193500,1.6600,1.6600,1.6600,1.6600,200,0
BXC.US,5,20131205,194000,1.6600,1.6600,1.6600,1.6600,100,0
BXC.US,5,20131205,194500,1.6600,1.6600,1.6600,1.6600,500,0
BXC.US,5,20131205,195000,1.6600,1.6600,1.6600,1.6600,200,0
BXC.US,5,20131205,195500,1.6600,1.6600,1.6600,1.6600,300,0
BXC.US,5,20131205,200000,1.6600,1.6700,1.6600,1.6700,1300,0
BXC.US,5,20131205,200500,1.6600,1.6600,1.6600,1.6600,100,0
BXC.US,5,20131205,201000,1.6600,1.6600,1.6600,1.6600,300,0
BXC.US,5,20131205,201500,1.6600,1.6600,1.6600,1.6600,200,0
BXC.US,5,20131205,202000,1.6600,1.6600,1.6600,1.6600,9372,0
BXC.US,5,20131205,202500,1.6500,1.6500,1.6500,1.6500,100,0
BXC.US,5,20131205,203000,1.6500,1.6500,1.6500,1.6500,200,0
BXC.US,5,20131205,203500,1.6500,1.6600,1.6500,1.6500,500,0
BXC.US,5,20131205,204000,1.6500,1.6600,1.6500,1.6600,800,0
BXC.US,5,20131205,205000,1.6500,1.6600,1.6500,1.6600,800,0
BXC.US,5,20131205,205500,1.6500,1.6600,1.6500,1.6500,1054,0
BXC.US,5,20131205,210000,1.6500,1.6500,1.6500,1.6500,104,0
BXC.US,5,20131205,210500,1.6500,1.6500,1.6500,1.6500,300,0
BXC.US,5,20131205,211000,1.6500,1.6500,1.6500,1.6500,300,0
BXC.US,5,20131205,211500,1.6500,1.6500,1.6500,1.6500,500,0
BXC.US,5,20131205,212000,1.6500,1.6500,1.6400,1.6400,19043,0
BXC.US,5,20131205,213000,1.6400,1.6500,1.6400,1.6400,900,0
BXC.US,5,20131205,213500,1.6400,1.6400,1.6400,1.6400,200,0
BXC.US,5,20131205,214000,1.6500,1.6500,1.6500,1.6500,1000,0
BXC.US,5,20131205,214500,1.6500,1.6500,1.6500,1.6500,300,0
BXC.US,5,20131205,220000,1.6600,1.6600,1.6500,1.6500,1070,0
BXC.US,5,20131205,220500,1.6600,1.6600,1.6600,1.6600,3528,0
BXC.US,5,20131206,153500,1.6600,1.6600,1.6600,1.6600,100,0
BXC.US,5,20131206,154500,1.6600,1.6600,1.6500,1.6500,400,0
BXC.US,5,20131206,155000,1.6500,1.6500,1.6500,1.6500,100,0
BXC.US,5,20131206,155500,1.6500,1.6500,1.6500,1.6500,200,0
BXC.US,5,20131206,160000,1.6800,1.6800,1.6700,1.6700,500,0
BXC.US,5,20131206,160500,1.6600,1.6600,1.6600,1.6600,500,0
BXC.US,5,20131206,161000,1.7000,1.7000,1.6700,1.6700,800,0
BXC.US,5,20131206,162000,1.6700,1.6700,1.6700,1.6700,500,0
BXC.US,5,20131206,162500,1.6600,1.6700,1.6600,1.6700,300,0
BXC.US,5,20131206,163500,1.6600,1.6600,1.6600,1.6600,400,0
BXC.US,5,20131206,164000,1.6600,1.6600,1.6500,1.6500,300,0
BXC.US,5,20131206,164500,1.6500,1.6500,1.6400,1.6400,200,0
BXC.US,5,20131206,165000,1.6500,1.6500,1.6400,1.6400,400,0
BXC.US,5,20131206,165500,1.6400,1.6500,1.6400,1.6400,3000,0
BXC.US,5,20131206,170000,1.6500,1.6500,1.6400,1.6400,3600,0
BXC.US,5,20131206,170500,1.6400,1.6400,1.6400,1.6400,1800,0
BXC.US,5,20131206,171000,1.6400,1.6500,1.6400,1.6400,1100,0
BXC.US,5,20131206,171500,1.6500,1.6500,1.6400,1.6500,700,0
BXC.US,5,20131206,172000,1.6400,1.6400,1.6300,1.6400,15008,0
BXC.US,5,20131206,172500,1.6400,1.6400,1.6300,1.6400,9250,0
BXC.US,5,20131206,173000,1.6300,1.6400,1.6300,1.6400,1200,0
BXC.US,5,20131206,173500,1.6300,1.6400,1.6300,1.6300,3717,0
BXC.US,5,20131206,174000,1.6300,1.6400,1.6300,1.6300,2000,0
BXC.US,5,20131206,174500,1.6400,1.6400,1.6300,1.6400,3963,0
BXC.US,5,20131206,175000,1.6400,1.6400,1.6300,1.6300,2040,0
BXC.US,5,20131206,175500,1.6300,1.6300,1.6300,1.6300,100,0
BXC.US,5,20131206,180000,1.6300,1.6400,1.6300,1.6400,14906,0
BXC.US,5,20131206,180500,1.6400,1.6400,1.6400,1.6400,200,0
BXC.US,5,20131206,181000,1.6400,1.6400,1.6400,1.6400,600,0
BXC.US,5,20131206,181500,1.6400,1.6400,1.6400,1.6400,200,0
BXC.US,5,20131206,182000,1.6400,1.6400,1.6400,1.6400,300,0
BXC.US,5,20131206,182500,1.6400,1.6500,1.6400,1.6400,500,0
BXC.US,5,20131206,183000,1.6400,1.6400,1.6400,1.6400,3900,0
BXC.US,5,20131206,183500,1.6400,1.6400,1.6400,1.6400,200,0
BXC.US,5,20131206,184000,1.6500,1.6500,1.6400,1.6500,507,0
BXC.US,5,20131206,184500,1.6500,1.6500,1.6400,1.6400,300,0
BXC.US,5,20131206,185000,1.6500,1.6600,1.6500,1.6500,700,0
BXC.US,5,20131206,185500,1.6600,1.6600,1.6500,1.6500,400,0
BXC.US,5,20131206,190000,1.6500,1.6500,1.6400,1.6400,900,0
BXC.US,5,20131206,190500,1.6400,1.6400,1.6400,1.6400,200,0
BXC.US,5,20131206,191000,1.6400,1.6400,1.6400,1.6400,300,0
BXC.US,5,20131206,192000,1.6500,1.6500,1.6400,1.6500,3900,0
BXC.US,5,20131206,192500,1.6400,1.6400,1.6400,1.6400,200,0
BXC.US,5,20131206,193000,1.6400,1.6500,1.6400,1.6500,912,0
BXC.US,5,20131206,194000,1.6600,1.6600,1.6600,1.6600,400,0
BXC.US,5,20131206,194500,1.6500,1.6500,1.6500,1.6500,1500,0
BXC.US,5,20131206,195000,1.6500,1.6500,1.6500,1.6500,300,0
BXC.US,5,20131206,195500,1.6400,1.6400,1.6400,1.6400,200,0
BXC.US,5,20131206,200000,1.6400,1.6400,1.6400,1.6400,100,0
BXC.US,5,20131206,200500,1.6400,1.6400,1.6400,1.6400,300,0
BXC.US,5,20131206,201000,1.6500,1.6500,1.6500,1.6500,900,0
BXC.US,5,20131206,201500,1.6400,1.6400,1.6400,1.6400,200,0
BXC.US,5,20131206,202000,1.6500,1.6500,1.6500,1.6500,300,0
BXC.US,5,20131206,203000,1.6500,1.6500,1.6500,1.6500,300,0
BXC.US,5,20131206,203500,1.6500,1.6500,1.6500,1.6500,100,0
BXC.US,5,20131206,204000,1.6500,1.6500,1.6500,1.6500,400,0
BXC.US,5,20131206,205500,1.6500,1.6500,1.6400,1.6500,600,0
BXC.US,5,20131206,210000,1.6600,1.6600,1.6600,1.6600,1000,0
BXC.US,5,20131206,210500,1.6600,1.6600,1.6500,1.6500,640,0
BXC.US,5,20131206,211000,1.6600,1.6600,1.6600,1.6600,700,0
BXC.US,5,20131206,211500,1.6500,1.6500,1.6500,1.6500,100,0
BXC.US,5,20131206,212000,1.6500,1.6500,1.6500,1.6500,200,0
BXC.US,5,20131206,212500,1.6600,1.6600,1.6600,1.6600,598,0
BXC.US,5,20131206,213000,1.6700,1.6700,1.6600,1.6600,500,0
BXC.US,5,20131206,213500,1.6600,1.6600,1.6600,1.6600,400,0
BXC.US,5,20131206,214000,1.6600,1.6600,1.6600,1.6600,100,0
BXC.US,5,20131206,214500,1.6700,1.6700,1.6700,1.6700,144,0
BXC.US,5,20131206,215000,1.6600,1.6600,1.6400,1.6400,2500,0
BXC.US,5,20131206,215500,1.6500,1.6500,1.6400,1.6500,3400,0
BXC.US,5,20131206,220000,1.6500,1.6600,1.6500,1.6500,3947,0
BXC.US,5,20131206,220500,1.6500,1.6500,1.6500,1.6500,3495,0
BXC.US,5,20131209,153500,1.6500,1.6500,1.6500,1.6500,13958,0
BXC.US,5,20131209,154000,1.6600,1.6900,1.6600,1.6600,1100,0
BXC.US,5,20131209,154500,1.6500,1.6500,1.6500,1.6500,100,0
BXC.US,5,20131209,155000,1.6500,1.6500,1.6500,1.6500,200,0
BXC.US,5,20131209,155500,1.6500,1.6600,1.6500,1.6600,300,0
BXC.US,5,20131209,160000,1.6600,1.6600,1.6600,1.6600,100,0
BXC.US,5,20131209,160500,1.6600,1.6600,1.6600,1.6600,200,0
BXC.US,5,20131209,161000,1.6700,1.6700,1.6600,1.6600,600,0
BXC.US,5,20131209,161500,1.6600,1.6600,1.6600,1.6600,500,0
BXC.US,5,20131209,162000,1.6600,1.6600,1.6600,1.6600,600,0
BXC.US,5,20131209,162500,1.6500,1.6500,1.6500,1.6500,200,0
BXC.US,5,20131209,163000,1.6500,1.6500,1.6500,1.6500,300,0
BXC.US,5,20131209,163500,1.6500,1.6500,1.6500,1.6500,200,0
BXC.US,5,20131209,164000,1.6500,1.6500,1.6500,1.6500,200,0
BXC.US,5,20131209,164500,1.6500,1.6500,1.6500,1.6500,300,0
BXC.US,5,20131209,165000,1.6600,1.6600,1.6500,1.6500,1100,0
BXC.US,5,20131209,165500,1.6500,1.6500,1.6500,1.6500,100,0
BXC.US,5,20131209,170000,1.6500,1.6500,1.6500,1.6500,300,0
BXC.US,5,20131209,170500,1.6500,1.6500,1.6500,1.6500,500,0
BXC.US,5,20131209,171000,1.6500,1.6500,1.6500,1.6500,8029,0
BXC.US,5,20131209,171500,1.6400,1.6400,1.6300,1.6300,400,0
BXC.US,5,20131209,172500,1.6300,1.6300,1.6300,1.6300,700,0
BXC.US,5,20131209,173000,1.6300,1.6300,1.6200,1.6300,2400,0
BXC.US,5,20131209,173500,1.6300,1.6300,1.6300,1.6300,600,0
BXC.US,5,20131209,174000,1.6200,1.6200,1.6200,1.6200,500,0
BXC.US,5,20131209,175000,1.6200,1.6200,1.6200,1.6200,300,0
BXC.US,5,20131209,175500,1.6200,1.6200,1.6200,1.6200,300,0
BXC.US,5,20131209,180000,1.6200,1.6500,1.6200,1.6500,4000,0
BXC.US,5,20131209,181500,1.6500,1.6500,1.6500,1.6500,300,0
BXC.US,5,20131209,182000,1.6600,1.6600,1.6500,1.6500,300,0
BXC.US,5,20131209,182500,1.6500,1.6500,1.6500,1.6500,200,0
BXC.US,5,20131209,183000,1.6500,1.6500,1.6500,1.6500,1100,0
BXC.US,5,20131209,183500,1.6500,1.6600,1.6500,1.6600,1500,0
BXC.US,5,20131209,184000,1.6500,1.6500,1.6500,1.6500,200,0
BXC.US,5,20131209,184500,1.6700,1.6700,1.6500,1.6500,300,0
BXC.US,5,20131209,185500,1.6500,1.6500,1.6500,1.6500,300,0
BXC.US,5,20131209,190000,1.6500,1.6500,1.6400,1.6400,15965,0
BXC.US,5,20131209,190500,1.6400,1.6400,1.6400,1.6400,5112,0
BXC.US,5,20131209,191000,1.6400,1.6500,1.6400,1.6500,8523,0
BXC.US,5,20131209,192000,1.6400,1.6400,1.6400,1.6400,200,0
BXC.US,5,20131209,192500,1.6400,1.6400,1.6400,1.6400,200,0
BXC.US,5,20131209,193000,1.6400,1.6400,1.6400,1.6400,100,0
BXC.US,5,20131209,193500,1.6400,1.6400,1.6400,1.6400,200,0
BXC.US,5,20131209,194000,1.6400,1.6400,1.6400,1.6400,500,0
BXC.US,5,20131209,194500,1.6400,1.6400,1.6400,1.6400,100,0
BXC.US,5,20131209,195000,1.6400,1.6400,1.6400,1.6400,500,0
BXC.US,5,20131209,195500,1.6300,1.6300,1.6300,1.6300,300,0
BXC.US,5,20131209,200000,1.6300,1.6300,1.6300,1.6300,200,0
BXC.US,5,20131209,200500,1.6300,1.6300,1.6300,1.6300,200,0
BXC.US,5,20131209,201000,1.6300,1.6400,1.6300,1.6400,400,0
BXC.US,5,20131209,201500,1.6300,1.6300,1.6300,1.6300,300,0
BXC.US,5,20131209,202500,1.6300,1.6300,1.6300,1.6300,1200,0
BXC.US,5,20131209,203500,1.6200,1.6400,1.6200,1.6400,400,0
BXC.US,5,20131209,204000,1.6200,1.6200,1.6200,1.6200,300,0
BXC.US,5,20131209,205000,1.6200,1.6200,1.6200,1.6200,3400,0
BXC.US,5,20131209,205500,1.6200,1.6200,1.6100,1.6100,476,0
BXC.US,5,20131209,210000,1.6100,1.6200,1.6100,1.6200,313,0
BXC.US,5,20131209,210500,1.6100,1.6100,1.6100,1.6100,200,0
BXC.US,5,20131209,211000,1.6100,1.6100,1.6100,1.6100,7200,0
BXC.US,5,20131209,211500,1.6100,1.6100,1.6100,1.6100,2772,0
BXC.US,5,20131209,212000,1.6100,1.6100,1.6100,1.6100,490,0
BXC.US,5,20131209,212500,1.6000,1.6000,1.6000,1.6000,300,0
BXC.US,5,20131209,213000,1.6100,1.6100,1.6100,1.6100,447,0
BXC.US,5,20131209,213500,1.6100,1.6100,1.6000,1.6000,400,0
BXC.US,5,20131209,214000,1.6100,1.6100,1.6100,1.6100,473,0
BXC.US,5,20131209,215000,1.6100,1.6100,1.6100,1.6100,6996,0
BXC.US,5,20131209,215500,1.6100,1.6100,1.6000,1.6100,700,0
BXC.US,5,20131209,220000,1.6000,1.6100,1.6000,1.6100,8950,0
BXC.US,5,20131209,221000,1.6000,1.6000,1.6000,1.6000,9777,0
