<TICKER>,<PER>,<DTYYYYMMDD>,<TIME>,<OPEN>,<HIGH>,<LOW>,<CLOSE>,<VOL>,<OPENINT>
BYM.US,5,20131112,153500,12.8100,12.8100,12.8000,12.8000,8966,0
BYM.US,5,20131112,154500,12.8000,12.8000,12.8000,12.8000,300,0
BYM.US,5,20131112,155500,12.8100,12.8100,12.8100,12.8100,100,0
BYM.US,5,20131112,160000,12.8100,12.8100,12.8100,12.8100,100,0
BYM.US,5,20131112,160500,12.8000,12.8000,12.8000,12.8000,750,0
BYM.US,5,20131112,161000,12.8100,12.8100,12.8100,12.8100,100,0
BYM.US,5,20131112,161500,12.8000,12.8000,12.8000,12.8000,1765,0
BYM.US,5,20131112,162000,12.8100,12.8100,12.8100,12.8100,900,0
BYM.US,5,20131112,163000,12.8300,12.8300,12.8300,12.8300,100,0
BYM.US,5,20131112,163500,12.8300,12.8300,12.8200,12.8200,500,0
BYM.US,5,20131112,164000,12.8000,12.8100,12.8000,12.8100,1641,0
BYM.US,5,20131112,165000,12.8100,12.8100,12.8000,12.8000,930,0
BYM.US,5,20131112,165500,12.8000,12.8100,12.8000,12.8100,12422,0
BYM.US,5,20131112,170500,12.8000,12.8000,12.8000,12.8000,3068,0
BYM.US,5,20131112,171500,12.8000,12.8100,12.8000,12.8100,2726,0
BYM.US,5,20131112,172000,12.8000,12.8100,12.7700,12.7700,7561,0
BYM.US,5,20131112,175500,12.7800,12.8000,12.7700,12.7700,8400,0
BYM.US,5,20131112,180000,12.7900,12.7900,12.7900,12.7900,100,0
BYM.US,5,20131112,182000,12.7700,12.7700,12.7700,12.7700,500,0
BYM.US,5,20131112,183000,12.7700,12.7700,12.7700,12.7700,600,0
BYM.US,5,20131112,183500,12.7700,12.7700,12.7700,12.7700,700,0
BYM.US,5,20131112,191000,12.7900,12.7900,12.7900,12.7900,400,0
BYM.US,5,20131112,191500,12.7800,12.7800,12.7700,12.7700,2208,0
BYM.US,5,20131112,193500,12.7700,12.7800,12.7700,12.7700,3225,0
BYM.US,5,20131112,194000,12.7500,12.7500,12.7500,12.7500,1900,0
BYM.US,5,20131112,200000,12.7600,12.7800,12.7600,12.7800,7660,0
BYM.US,5,20131112,202000,12.7500,12.7500,12.7500,12.7500,1098,0
BYM.US,5,20131112,202500,12.7500,12.7800,12.7500,12.7600,1400,0
BYM.US,5,20131112,203000,12.7400,12.7400,12.7400,12.7400,304,0
BYM.US,5,20131112,204000,12.7500,12.7800,12.7300,12.7300,4838,0
BYM.US,5,20131112,205000,12.7500,12.7500,12.7500,12.7500,1000,0
BYM.US,5,20131112,212500,12.7300,12.7300,12.7300,12.7300,300,0
BYM.US,5,20131112,214000,12.7200,12.7300,12.7100,12.7300,3517,0
BYM.US,5,20131112,214500,12.7200,12.7200,12.7100,12.7100,2761,0
BYM.US,5,20131112,215500,12.7200,12.7200,12.7200,12.7200,2000,0
BYM.US,5,20131112,220000,12.7200,12.7200,12.7100,12.7100,913,0
BYM.US,5,20131112,221000,12.7300,12.7300,12.7300,12.7300,1881,0
BYM.US,5,20131113,153500,12.6800,12.7000,12.6800,12.6900,700,0
BYM.US,5,20131113,154000,12.6900,12.6900,12.6800,12.6800,700,0
BYM.US,5,20131113,154500,12.6800,12.6800,12.6800,12.6800,100,0
BYM.US,5,20131113,155000,12.6800,12.6800,12.6700,12.6700,1500,0
BYM.US,5,20131113,160000,12.6800,12.6800,12.6600,12.6600,1600,0
BYM.US,5,20131113,160500,12.6600,12.6600,12.6600,12.6600,100,0
BYM.US,5,20131113,161000,12.6500,12.6600,12.6500,12.6600,1560,0
BYM.US,5,20131113,161500,12.6500,12.6500,12.6500,12.6500,400,0
BYM.US,5,20131113,162000,12.6600,12.6600,12.6600,12.6600,816,0
BYM.US,5,20131113,163500,12.6600,12.6600,12.6600,12.6600,390,0
BYM.US,5,20131113,164000,12.6600,12.6600,12.6600,12.6600,1000,0
BYM.US,5,20131113,171000,12.6600,12.6700,12.6600,12.6700,3212,0
BYM.US,5,20131113,172000,12.6800,12.6900,12.6600,12.6600,16350,0
BYM.US,5,20131113,172500,12.6700,12.6700,12.6700,12.6700,2300,0
BYM.US,5,20131113,173000,12.6700,12.6700,12.6700,12.6700,100,0
BYM.US,5,20131113,174500,12.6700,12.6700,12.6700,12.6700,300,0
BYM.US,5,20131113,175500,12.6700,12.6900,12.6700,12.6900,700,0
BYM.US,5,20131113,180500,12.6900,12.6900,12.6600,12.6600,900,0
BYM.US,5,20131113,181000,12.6700,12.6700,12.6700,12.6700,200,0
BYM.US,5,20131113,181500,12.6700,12.6700,12.6700,12.6700,2632,0
BYM.US,5,20131113,182000,12.6700,12.6700,12.6600,12.6700,900,0
BYM.US,5,20131113,183000,12.6700,12.6700,12.6700,12.6700,100,0
BYM.US,5,20131113,183500,12.6700,12.6700,12.6700,12.6700,100,0
BYM.US,5,20131113,184000,12.6900,12.6900,12.6600,12.6800,10300,0
BYM.US,5,20131113,185000,12.6800,12.6800,12.6800,12.6800,100,0
BYM.US,5,20131113,185500,12.6800,12.6800,12.6800,12.6800,100,0
BYM.US,5,20131113,190000,12.6800,12.6800,12.6800,12.6800,100,0
BYM.US,5,20131113,190500,12.6800,12.6800,12.6800,12.6800,100,0
BYM.US,5,20131113,191000,12.6800,12.6800,12.6800,12.6800,100,0
BYM.US,5,20131113,191500,12.6800,12.6800,12.6800,12.6800,100,0
BYM.US,5,20131113,192000,12.6800,12.6800,12.6800,12.6800,100,0
BYM.US,5,20131113,194000,12.6800,12.6900,12.6800,12.6800,300,0
BYM.US,5,20131113,194500,12.6900,12.6900,12.6900,12.6900,2300,0
BYM.US,5,20131113,195500,12.6900,12.6900,12.6900,12.6900,500,0
BYM.US,5,20131113,200000,12.6900,12.6900,12.6900,12.6900,100,0
BYM.US,5,20131113,200500,12.6900,12.7000,12.6900,12.6900,1310,0
BYM.US,5,20131113,201000,12.6900,12.6900,12.6900,12.6900,1800,0
BYM.US,5,20131113,204500,12.6900,12.6900,12.6900,12.6900,180,0
BYM.US,5,20131113,212500,12.7000,12.7000,12.6900,12.6900,2599,0
BYM.US,5,20131113,220000,12.6900,12.7000,12.6900,12.6900,2627,0
BYM.US,5,20131114,153500,12.6500,12.6500,12.6500,12.6500,100,0
BYM.US,5,20131114,154000,12.6400,12.6500,12.6400,12.6500,1169,0
BYM.US,5,20131114,154500,12.6600,12.6700,12.6600,12.6700,1736,0
BYM.US,5,20131114,155000,12.6800,12.6800,12.6800,12.6800,119,0
BYM.US,5,20131114,155500,12.6700,12.6800,12.6700,12.6800,500,0
BYM.US,5,20131114,160000,12.6900,12.6900,12.6900,12.6900,1800,0
BYM.US,5,20131114,160500,12.6900,12.6900,12.6900,12.6900,100,0
BYM.US,5,20131114,161000,12.7000,12.7200,12.7000,12.7200,8043,0
BYM.US,5,20131114,161500,12.7300,12.7300,12.7300,12.7300,1400,0
BYM.US,5,20131114,162000,12.7500,12.7500,12.7500,12.7500,100,0
BYM.US,5,20131114,162500,12.7500,12.7500,12.7500,12.7500,1700,0
BYM.US,5,20131114,163000,12.7500,12.7500,12.7500,12.7500,500,0
BYM.US,5,20131114,165000,12.7200,12.7200,12.7200,12.7200,100,0
BYM.US,5,20131114,170000,12.7200,12.7200,12.7200,12.7200,100,0
BYM.US,5,20131114,174500,12.7500,12.7700,12.7500,12.7600,700,0
BYM.US,5,20131114,175000,12.7600,12.7600,12.7400,12.7400,700,0
BYM.US,5,20131114,180500,12.7700,12.7700,12.7700,12.7700,1000,0
BYM.US,5,20131114,181000,12.7700,12.7700,12.7600,12.7600,3000,0
BYM.US,5,20131114,181500,12.7400,12.7400,12.7400,12.7400,573,0
BYM.US,5,20131114,182000,12.7400,12.7400,12.7400,12.7400,401,0
BYM.US,5,20131114,183500,12.7600,12.7600,12.7600,12.7600,118,0
BYM.US,5,20131114,185000,12.7600,12.7600,12.7600,12.7600,2880,0
BYM.US,5,20131114,185500,12.7400,12.7400,12.7400,12.7400,850,0
BYM.US,5,20131114,191000,12.7400,12.7400,12.7400,12.7400,1700,0
BYM.US,5,20131114,193500,12.7400,12.7400,12.7400,12.7400,209,0
BYM.US,5,20131114,202000,12.7400,12.7400,12.7400,12.7400,1400,0
BYM.US,5,20131114,205000,12.7300,12.7300,12.7300,12.7300,306,0
BYM.US,5,20131114,212500,12.7400,12.7500,12.7400,12.7500,870,0
BYM.US,5,20131114,213500,12.7400,12.7400,12.7400,12.7400,518,0
BYM.US,5,20131114,214000,12.7400,12.7400,12.7400,12.7400,600,0
BYM.US,5,20131114,215000,12.7500,12.7500,12.7500,12.7500,913,0
BYM.US,5,20131114,220000,12.7400,12.7600,12.7400,12.7400,2100,0
BYM.US,5,20131114,220500,12.7600,12.7600,12.7600,12.7600,276,0
BYM.US,5,20131115,154500,12.8200,12.8300,12.8200,12.8300,2200,0
BYM.US,5,20131115,155500,12.8200,12.8300,12.8200,12.8300,3100,0
BYM.US,5,20131115,160000,12.8300,12.8300,12.8200,12.8200,1200,0
BYM.US,5,20131115,160500,12.8200,12.8200,12.8200,12.8200,175,0
BYM.US,5,20131115,161000,12.8200,12.8200,12.8200,12.8200,600,0
BYM.US,5,20131115,161500,12.8100,12.8100,12.8100,12.8100,300,0
BYM.US,5,20131115,162000,12.8100,12.8200,12.8100,12.8100,2415,0
BYM.US,5,20131115,162500,12.8200,12.8200,12.8200,12.8200,100,0
BYM.US,5,20131115,163000,12.8200,12.8200,12.8200,12.8200,100,0
BYM.US,5,20131115,163500,12.8200,12.8200,12.8200,12.8200,100,0
BYM.US,5,20131115,164000,12.8200,12.8200,12.8200,12.8200,100,0
BYM.US,5,20131115,164500,12.8300,12.8300,12.8200,12.8200,200,0
BYM.US,5,20131115,165000,12.8100,12.8100,12.8100,12.8100,380,0
BYM.US,5,20131115,165500,12.8100,12.8200,12.8100,12.8100,800,0
BYM.US,5,20131115,170000,12.8300,12.8300,12.8200,12.8200,300,0
BYM.US,5,20131115,171500,12.8000,12.8000,12.8000,12.8000,293,0
BYM.US,5,20131115,172000,12.8300,12.8300,12.8300,12.8300,100,0
BYM.US,5,20131115,172500,12.8300,12.8300,12.8300,12.8300,100,0
BYM.US,5,20131115,173000,12.8300,12.8300,12.8300,12.8300,100,0
BYM.US,5,20131115,173500,12.8300,12.8300,12.8300,12.8300,100,0
BYM.US,5,20131115,174000,12.8200,12.8300,12.8200,12.8300,1100,0
BYM.US,5,20131115,174500,12.8300,12.8300,12.8000,12.8000,295,0
BYM.US,5,20131115,175000,12.8300,12.8300,12.8300,12.8300,100,0
BYM.US,5,20131115,175500,12.8300,12.8300,12.8300,12.8300,100,0
BYM.US,5,20131115,180000,12.8000,12.8000,12.8000,12.8000,201,0
BYM.US,5,20131115,180500,12.8000,12.8000,12.8000,12.8000,100,0
BYM.US,5,20131115,181000,12.8100,12.8100,12.8100,12.8100,100,0
BYM.US,5,20131115,181500,12.8300,12.8300,12.8300,12.8300,100,0
BYM.US,5,20131115,182000,12.8100,12.8100,12.8100,12.8100,100,0
BYM.US,5,20131115,182500,12.8000,12.8000,12.8000,12.8000,100,0
BYM.US,5,20131115,183000,12.8200,12.8200,12.8000,12.8000,600,0
BYM.US,5,20131115,183500,12.8300,12.8300,12.8300,12.8300,100,0
BYM.US,5,20131115,184000,12.8100,12.8100,12.8100,12.8100,100,0
BYM.US,5,20131115,184500,12.8100,12.8100,12.8100,12.8100,100,0
BYM.US,5,20131115,185500,12.8000,12.8200,12.8000,12.8100,1600,0
BYM.US,5,20131115,190000,12.8300,12.8300,12.7900,12.8200,4555,0
BYM.US,5,20131115,190500,12.8300,12.8300,12.8300,12.8300,100,0
BYM.US,5,20131115,191000,12.8300,12.8300,12.8300,12.8300,100,0
BYM.US,5,20131115,191500,12.8300,12.8300,12.8300,12.8300,100,0
BYM.US,5,20131115,192000,12.8300,12.8300,12.8300,12.8300,100,0
BYM.US,5,20131115,193500,12.8200,12.8200,12.8200,12.8200,100,0
BYM.US,5,20131115,194000,12.8200,12.8200,12.8200,12.8200,100,0
BYM.US,5,20131115,195000,12.8200,12.8200,12.8200,12.8200,100,0
BYM.US,5,20131115,195500,12.8200,12.8200,12.8200,12.8200,100,0
BYM.US,5,20131115,200000,12.8200,12.8200,12.8200,12.8200,100,0
BYM.US,5,20131115,201000,12.8200,12.8200,12.8200,12.8200,100,0
BYM.US,5,20131115,201500,12.8200,12.8200,12.8200,12.8200,100,0
BYM.US,5,20131115,202000,12.8200,12.8200,12.8200,12.8200,100,0
BYM.US,5,20131115,202500,12.8200,12.8200,12.8200,12.8200,100,0
BYM.US,5,20131115,203000,12.8000,12.8000,12.8000,12.8000,100,0
BYM.US,5,20131115,204000,12.7900,12.7900,12.7900,12.7900,100,0
BYM.US,5,20131115,204500,12.7900,12.7900,12.7900,12.7900,100,0
BYM.US,5,20131115,205000,12.7900,12.7900,12.7900,12.7900,100,0
BYM.US,5,20131115,205500,12.7700,12.7700,12.7700,12.7700,100,0
BYM.US,5,20131115,210000,12.7800,12.7800,12.7800,12.7800,100,0
BYM.US,5,20131115,210500,12.8100,12.8300,12.8100,12.8200,2941,0
BYM.US,5,20131115,211000,12.8000,12.8000,12.8000,12.8000,100,0
BYM.US,5,20131115,211500,12.8000,12.8000,12.8000,12.8000,100,0
BYM.US,5,20131115,212000,12.8000,12.8000,12.8000,12.8000,100,0
BYM.US,5,20131115,212500,12.8000,12.8000,12.8000,12.8000,100,0
BYM.US,5,20131115,213000,12.8200,12.8300,12.8100,12.8100,3339,0
BYM.US,5,20131115,214000,12.7900,12.7900,12.7900,12.7900,200,0
BYM.US,5,20131115,214500,12.7800,12.7800,12.7800,12.7800,200,0
BYM.US,5,20131115,215000,12.7900,12.7900,12.7900,12.7900,100,0
BYM.US,5,20131115,215500,12.7900,12.7900,12.7900,12.7900,300,0
BYM.US,5,20131115,220000,12.8200,12.8200,12.7800,12.7800,721,0
BYM.US,5,20131118,153500,12.8000,12.8000,12.8000,12.8000,4237,0
BYM.US,5,20131118,154000,12.7800,12.7800,12.7800,12.7800,200,0
BYM.US,5,20131118,154500,12.7800,12.7900,12.7800,12.7800,1100,0
BYM.US,5,20131118,155000,12.7600,12.7700,12.7600,12.7700,300,0
BYM.US,5,20131118,155500,12.7700,12.7700,12.7700,12.7700,200,0
BYM.US,5,20131118,160000,12.7900,12.8000,12.7700,12.7700,1332,0
BYM.US,5,20131118,161000,12.7700,12.7700,12.7700,12.7700,300,0
BYM.US,5,20131118,162000,12.7900,12.7900,12.7900,12.7900,621,0
BYM.US,5,20131118,162500,12.7900,12.7900,12.7900,12.7900,400,0
BYM.US,5,20131118,163000,12.7900,12.8000,12.7900,12.7900,6200,0
BYM.US,5,20131118,163500,12.7900,12.7900,12.7900,12.7900,600,0
BYM.US,5,20131118,164000,12.7900,12.8000,12.7900,12.8000,2372,0
BYM.US,5,20131118,165000,12.8000,12.8000,12.8000,12.8000,3290,0
BYM.US,5,20131118,165500,12.8000,12.8200,12.7900,12.8200,2183,0
BYM.US,5,20131118,170500,12.7900,12.7900,12.7900,12.7900,300,0
BYM.US,5,20131118,171000,12.8100,12.8100,12.8100,12.8100,375,0
BYM.US,5,20131118,171500,12.7900,12.7900,12.7900,12.7900,300,0
BYM.US,5,20131118,172500,12.8000,12.8000,12.8000,12.8000,300,0
BYM.US,5,20131118,173000,12.8000,12.8200,12.8000,12.8200,2300,0
BYM.US,5,20131118,173500,12.8000,12.8000,12.8000,12.8000,300,0
BYM.US,5,20131118,174000,12.8000,12.8000,12.7900,12.7900,600,0
BYM.US,5,20131118,174500,12.8000,12.8000,12.7900,12.7900,574,0
BYM.US,5,20131118,175500,12.7900,12.7900,12.7900,12.7900,200,0
BYM.US,5,20131118,180500,12.7900,12.7900,12.7900,12.7900,200,0
BYM.US,5,20131118,181000,12.7900,12.8000,12.7900,12.8000,400,0
BYM.US,5,20131118,181500,12.8100,12.8100,12.8100,12.8100,100,0
BYM.US,5,20131118,182000,12.8200,12.8200,12.8200,12.8200,500,0
BYM.US,5,20131118,182500,12.8100,12.8100,12.8100,12.8100,100,0
BYM.US,5,20131118,183000,12.8000,12.8000,12.8000,12.8000,400,0
BYM.US,5,20131118,183500,12.8000,12.8000,12.8000,12.8000,100,0
BYM.US,5,20131118,184000,12.8000,12.8000,12.8000,12.8000,700,0
BYM.US,5,20131118,184500,12.8000,12.8000,12.8000,12.8000,100,0
BYM.US,5,20131118,185000,12.7900,12.8000,12.7900,12.8000,200,0
BYM.US,5,20131118,185500,12.8000,12.8100,12.8000,12.8100,6100,0
BYM.US,5,20131118,190500,12.8000,12.8000,12.8000,12.8000,100,0
BYM.US,5,20131118,191000,12.8000,12.8000,12.8000,12.8000,300,0
BYM.US,5,20131118,192000,12.8000,12.8000,12.8000,12.8000,100,0
BYM.US,5,20131118,192500,12.8000,12.8000,12.7900,12.7900,240,0
BYM.US,5,20131118,193500,12.7900,12.7900,12.7900,12.7900,100,0
BYM.US,5,20131118,194500,12.7900,12.8000,12.7900,12.8000,3652,0
BYM.US,5,20131118,200000,12.8000,12.8000,12.8000,12.8000,300,0
BYM.US,5,20131118,201500,12.8000,12.8000,12.8000,12.8000,1400,0
BYM.US,5,20131118,202000,12.8000,12.8000,12.8000,12.8000,200,0
BYM.US,5,20131118,202500,12.7900,12.7900,12.7900,12.7900,300,0
BYM.US,5,20131118,203000,12.7900,12.7900,12.7800,12.7900,1200,0
BYM.US,5,20131118,203500,12.7800,12.7800,12.7800,12.7800,300,0
BYM.US,5,20131118,204000,12.7800,12.7900,12.7800,12.7800,2469,0
BYM.US,5,20131118,204500,12.7800,12.7800,12.7800,12.7800,100,0
BYM.US,5,20131118,205000,12.7800,12.7800,12.7800,12.7800,1000,0
BYM.US,5,20131118,205500,12.7800,12.7800,12.7700,12.7700,1400,0
BYM.US,5,20131118,210500,12.7700,12.7700,12.7700,12.7700,200,0
BYM.US,5,20131118,211000,12.7700,12.7700,12.7600,12.7600,700,0
BYM.US,5,20131118,211500,12.7600,12.7600,12.7600,12.7600,1700,0
BYM.US,5,20131118,212000,12.7700,12.8000,12.7700,12.8000,1605,0
BYM.US,5,20131118,212500,12.8000,12.8100,12.8000,12.8100,600,0
BYM.US,5,20131118,213000,12.8000,12.8000,12.7800,12.7800,1000,0
BYM.US,5,20131118,214000,12.7800,12.7800,12.7600,12.7600,2000,0
BYM.US,5,20131118,214500,12.7600,12.7600,12.7500,12.7500,300,0
BYM.US,5,20131118,215000,12.7400,12.7400,12.7400,12.7400,100,0
BYM.US,5,20131118,215500,12.7400,12.7400,12.7400,12.7400,600,0
BYM.US,5,20131118,220000,12.7400,12.7600,12.7400,12.7600,550,0
BYM.US,5,20131118,221000,12.7800,12.7800,12.7800,12.7800,252,0
BYM.US,5,20131119,153500,12.7400,12.7500,12.7400,12.7500,1676,0
BYM.US,5,20131119,154000,12.7400,12.7400,12.7300,12.7300,2000,0
BYM.US,5,20131119,154500,12.7300,12.7300,12.7300,12.7300,400,0
BYM.US,5,20131119,155000,12.7300,12.7300,12.7300,12.7300,222,0
BYM.US,5,20131119,155500,12.7300,12.7300,12.7300,12.7300,343,0
BYM.US,5,20131119,160000,12.7300,12.7300,12.7200,12.7300,2511,0
BYM.US,5,20131119,162500,12.7300,12.7300,12.7300,12.7300,842,0
BYM.US,5,20131119,163000,12.7400,12.7400,12.7400,12.7400,200,0
BYM.US,5,20131119,164500,12.7300,12.7300,12.7300,12.7300,508,0
BYM.US,5,20131119,165000,12.7300,12.7300,12.7300,12.7300,1000,0
BYM.US,5,20131119,170500,12.7300,12.7300,12.7100,12.7200,1100,0
BYM.US,5,20131119,173500,12.7400,12.7400,12.7400,12.7400,1460,0
BYM.US,5,20131119,175000,12.7300,12.7300,12.7300,12.7300,764,0
BYM.US,5,20131119,180000,12.7300,12.7300,12.7300,12.7300,1400,0
BYM.US,5,20131119,180500,12.7200,12.7200,12.7200,12.7200,600,0
BYM.US,5,20131119,181500,12.7200,12.7200,12.7200,12.7200,1000,0
BYM.US,5,20131119,185500,12.7300,12.7300,12.7300,12.7300,139,0
BYM.US,5,20131119,194500,12.7400,12.7600,12.7400,12.7400,2572,0
BYM.US,5,20131119,195000,12.7600,12.7600,12.7300,12.7300,4860,0
BYM.US,5,20131119,195500,12.7400,12.7400,12.7400,12.7400,200,0
BYM.US,5,20131119,200000,12.7200,12.7200,12.7200,12.7200,700,0
BYM.US,5,20131119,200500,12.7400,12.7400,12.7400,12.7400,750,0
BYM.US,5,20131119,202500,12.7400,12.7400,12.7300,12.7300,500,0
BYM.US,5,20131119,203000,12.7200,12.7200,12.7200,12.7200,2000,0
BYM.US,5,20131119,203500,12.7400,12.7400,12.7200,12.7200,3755,0
BYM.US,5,20131119,204500,12.7400,12.7400,12.7400,12.7400,300,0
BYM.US,5,20131119,205500,12.7400,12.7400,12.7200,12.7200,2300,0
BYM.US,5,20131119,214000,12.7300,12.7300,12.7300,12.7300,100,0
BYM.US,5,20131119,214500,12.7200,12.7200,12.7200,12.7200,700,0
BYM.US,5,20131119,215000,12.7300,12.7300,12.7300,12.7300,1000,0
BYM.US,5,20131119,220000,12.7200,12.7300,12.7200,12.7300,800,0
BYM.US,5,20131120,153500,12.6800,12.6800,12.6800,12.6800,100,0
BYM.US,5,20131120,154000,12.7200,12.7200,12.7100,12.7100,726,0
BYM.US,5,20131120,155000,12.7100,12.7100,12.7100,12.7100,300,0
BYM.US,5,20131120,160500,12.7100,12.7100,12.7100,12.7100,338,0
BYM.US,5,20131120,162000,12.7100,12.7200,12.7000,12.7200,2550,0
BYM.US,5,20131120,162500,12.6900,12.6900,12.6900,12.6900,100,0
BYM.US,5,20131120,164000,12.6900,12.6900,12.6900,12.6900,100,0
BYM.US,5,20131120,164500,12.6900,12.7000,12.6900,12.7000,2400,0
BYM.US,5,20131120,165500,12.6900,12.6900,12.6900,12.6900,1100,0
BYM.US,5,20131120,171000,12.6900,12.6900,12.6900,12.6900,200,0
BYM.US,5,20131120,172000,12.6900,12.7000,12.6900,12.7000,950,0
BYM.US,5,20131120,172500,12.7100,12.7100,12.7100,12.7100,114,0
BYM.US,5,20131120,173000,12.7000,12.7000,12.7000,12.7000,250,0
BYM.US,5,20131120,174500,12.7100,12.7100,12.7100,12.7100,200,0
BYM.US,5,20131120,180000,12.7100,12.7100,12.7100,12.7100,200,0
BYM.US,5,20131120,180500,12.7000,12.7000,12.7000,12.7000,230,0
BYM.US,5,20131120,181000,12.7000,12.7000,12.7000,12.7000,1000,0
BYM.US,5,20131120,182000,12.6800,12.7000,12.6800,12.7000,2000,0
BYM.US,5,20131120,183000,12.6800,12.6800,12.6800,12.6800,200,0
BYM.US,5,20131120,183500,12.6700,12.6800,12.6600,12.6600,8295,0
BYM.US,5,20131120,190000,12.6700,12.6700,12.6700,12.6700,775,0
BYM.US,5,20131120,191000,12.6700,12.6800,12.6500,12.6600,3500,0
BYM.US,5,20131120,191500,12.6600,12.6600,12.6600,12.6600,400,0
BYM.US,5,20131120,192500,12.6500,12.6500,12.6500,12.6500,200,0
BYM.US,5,20131120,194000,12.6400,12.6400,12.6400,12.6400,1990,0
BYM.US,5,20131120,194500,12.6500,12.6500,12.6500,12.6500,100,0
BYM.US,5,20131120,195000,12.6500,12.6500,12.6500,12.6500,100,0
BYM.US,5,20131120,201500,12.6600,12.6600,12.6600,12.6600,300,0
BYM.US,5,20131120,202000,12.6700,12.6700,12.6700,12.6700,900,0
BYM.US,5,20131120,202500,12.6700,12.6700,12.6700,12.6700,2200,0
BYM.US,5,20131120,203500,12.6800,12.7000,12.6800,12.6900,4420,0
BYM.US,5,20131120,204000,12.7000,12.7000,12.6900,12.7000,5100,0
BYM.US,5,20131120,210000,12.6700,12.6700,12.6400,12.6400,4098,0
BYM.US,5,20131120,212000,12.6400,12.6400,12.6400,12.6400,100,0
BYM.US,5,20131120,212500,12.6600,12.6600,12.6600,12.6600,570,0
BYM.US,5,20131120,213500,12.6600,12.6600,12.6600,12.6600,2208,0
BYM.US,5,20131120,214000,12.6500,12.6500,12.6500,12.6500,100,0
BYM.US,5,20131120,215500,12.6400,12.6400,12.6400,12.6400,400,0
BYM.US,5,20131120,220000,12.6400,12.6500,12.6300,12.6300,2928,0
BYM.US,5,20131120,220500,12.6500,12.6500,12.6500,12.6500,116,0
BYM.US,5,20131121,153500,12.7000,12.7000,12.6800,12.6800,1100,0
BYM.US,5,20131121,154000,12.6900,12.6900,12.6900,12.6900,500,0
BYM.US,5,20131121,154500,12.6500,12.6900,12.6500,12.6900,700,0
BYM.US,5,20131121,155000,12.6900,12.6900,12.6900,12.6900,100,0
BYM.US,5,20131121,155500,12.6900,12.6900,12.6900,12.6900,100,0
BYM.US,5,20131121,160000,12.6800,12.6900,12.6800,12.6900,500,0
BYM.US,5,20131121,160500,12.6600,12.6600,12.6600,12.6600,2000,0
BYM.US,5,20131121,161000,12.6600,12.6600,12.6600,12.6600,800,0
BYM.US,5,20131121,161500,12.6600,12.6600,12.6600,12.6600,200,0
BYM.US,5,20131121,162500,12.6600,12.6800,12.6600,12.6800,750,0
BYM.US,5,20131121,163000,12.6700,12.6900,12.6700,12.6900,260,0
BYM.US,5,20131121,163500,12.6900,12.6900,12.6900,12.6900,185,0
BYM.US,5,20131121,164000,12.6700,12.6700,12.6700,12.6700,2615,0
BYM.US,5,20131121,170500,12.6900,12.6900,12.6900,12.6900,300,0
BYM.US,5,20131121,171000,12.6900,12.6900,12.6500,12.6500,1417,0
BYM.US,5,20131121,171500,12.6600,12.6600,12.6600,12.6600,200,0
BYM.US,5,20131121,172000,12.6700,12.6900,12.6700,12.6900,3462,0
BYM.US,5,20131121,172500,12.6900,12.7000,12.6800,12.7000,1431,0
BYM.US,5,20131121,173000,12.7000,12.7000,12.6800,12.6800,3652,0
BYM.US,5,20131121,173500,12.6800,12.6800,12.6800,12.6800,399,0
BYM.US,5,20131121,174000,12.7000,12.7200,12.7000,12.7200,1305,0
BYM.US,5,20131121,180500,12.6800,12.7000,12.6800,12.7000,3316,0
BYM.US,5,20131121,182000,12.6800,12.6800,12.6800,12.6800,5145,0
BYM.US,5,20131121,182500,12.7200,12.7200,12.6700,12.6700,2712,0
BYM.US,5,20131121,183500,12.6600,12.6800,12.6600,12.6600,2100,0
BYM.US,5,20131121,191500,12.6700,12.6700,12.6700,12.6700,400,0
BYM.US,5,20131121,192000,12.6500,12.6500,12.5800,12.6000,19000,0
BYM.US,5,20131121,192500,12.6000,12.6200,12.6000,12.6200,2531,0
BYM.US,5,20131121,193000,12.6200,12.6400,12.6000,12.6100,2315,0
BYM.US,5,20131121,193500,12.6000,12.6000,12.5900,12.5900,300,0
BYM.US,5,20131121,194500,12.6000,12.6300,12.5900,12.6300,700,0
BYM.US,5,20131121,200000,12.5900,12.5900,12.5800,12.5900,1100,0
BYM.US,5,20131121,201000,12.5700,12.5700,12.5700,12.5700,1993,0
BYM.US,5,20131121,202500,12.5700,12.6000,12.5600,12.5700,5634,0
BYM.US,5,20131121,203000,12.5700,12.5700,12.5700,12.5700,500,0
BYM.US,5,20131121,203500,12.5700,12.5700,12.5700,12.5700,500,0
BYM.US,5,20131121,204000,12.5700,12.5700,12.5700,12.5700,400,0
BYM.US,5,20131121,204500,12.5700,12.5700,12.5700,12.5700,101,0
BYM.US,5,20131121,210000,12.6100,12.6100,12.6100,12.6100,125,0
BYM.US,5,20131121,211000,12.6000,12.6000,12.6000,12.6000,3074,0
BYM.US,5,20131121,211500,12.5700,12.5900,12.5700,12.5900,2235,0
BYM.US,5,20131121,213000,12.6000,12.6000,12.6000,12.6000,2302,0
BYM.US,5,20131121,215500,12.6100,12.6100,12.6100,12.6100,100,0
BYM.US,5,20131121,220000,12.6100,12.6100,12.6000,12.6000,300,0
BYM.US,5,20131121,220500,12.6100,12.6100,12.6100,12.6100,364,0
BYM.US,5,20131122,153500,12.5700,12.5700,12.5700,12.5700,100,0
BYM.US,5,20131122,154000,12.5700,12.5700,12.5700,12.5700,1300,0
BYM.US,5,20131122,154500,12.5900,12.5900,12.5500,12.5500,2100,0
BYM.US,5,20131122,155000,12.5700,12.5700,12.5400,12.5400,3124,0
BYM.US,5,20131122,155500,12.5500,12.5500,12.5400,12.5400,2500,0
BYM.US,5,20131122,160000,12.5400,12.5500,12.5400,12.5500,200,0
BYM.US,5,20131122,160500,12.5400,12.5500,12.5400,12.5400,1285,0
BYM.US,5,20131122,161000,12.5500,12.5500,12.5500,12.5500,900,0
BYM.US,5,20131122,161500,12.5500,12.5700,12.5500,12.5700,710,0
BYM.US,5,20131122,162000,12.5700,12.5700,12.5500,12.5500,300,0
BYM.US,5,20131122,163000,12.5500,12.5700,12.5500,12.5700,510,0
BYM.US,5,20131122,165500,12.5600,12.5600,12.5500,12.5500,1600,0
BYM.US,5,20131122,170000,12.5500,12.5500,12.5500,12.5500,100,0
BYM.US,5,20131122,170500,12.5500,12.5500,12.5500,12.5500,100,0
BYM.US,5,20131122,173000,12.5700,12.5800,12.5700,12.5700,7100,0
BYM.US,5,20131122,173500,12.5700,12.5700,12.5700,12.5700,500,0
BYM.US,5,20131122,174500,12.5700,12.5700,12.5700,12.5700,100,0
BYM.US,5,20131122,175000,12.5700,12.5700,12.5700,12.5700,317,0
BYM.US,5,20131122,175500,12.5700,12.5700,12.5700,12.5700,100,0
BYM.US,5,20131122,180000,12.5700,12.5700,12.5700,12.5700,100,0
BYM.US,5,20131122,181000,12.5700,12.5700,12.5700,12.5700,100,0
BYM.US,5,20131122,181500,12.5700,12.5700,12.5700,12.5700,100,0
BYM.US,5,20131122,182000,12.5700,12.5700,12.5700,12.5700,200,0
BYM.US,5,20131122,182500,12.5700,12.5700,12.5700,12.5700,100,0
BYM.US,5,20131122,184000,12.5800,12.5800,12.5800,12.5800,600,0
BYM.US,5,20131122,184500,12.5900,12.5900,12.5700,12.5700,500,0
BYM.US,5,20131122,185000,12.5900,12.5900,12.5700,12.5700,400,0
BYM.US,5,20131122,193000,12.5900,12.5900,12.5700,12.5700,1450,0
BYM.US,5,20131122,193500,12.5800,12.5800,12.5800,12.5800,100,0
BYM.US,5,20131122,194500,12.5700,12.5700,12.5700,12.5700,200,0
BYM.US,5,20131122,195500,12.5700,12.5900,12.5700,12.5900,880,0
BYM.US,5,20131122,200000,12.5800,12.5900,12.5800,12.5900,4200,0
BYM.US,5,20131122,200500,12.5900,12.5900,12.5600,12.5600,3781,0
BYM.US,5,20131122,201000,12.5600,12.5600,12.5600,12.5600,3200,0
BYM.US,5,20131122,205500,12.5700,12.5700,12.5700,12.5700,1630,0
BYM.US,5,20131122,210000,12.5900,12.5900,12.5900,12.5900,100,0
BYM.US,5,20131122,211000,12.5700,12.5700,12.5500,12.5500,3300,0
BYM.US,5,20131122,212500,12.5600,12.5600,12.5500,12.5500,6080,0
BYM.US,5,20131122,213000,12.5400,12.5400,12.5400,12.5400,120,0
BYM.US,5,20131122,213500,12.5500,12.5500,12.5400,12.5400,1700,0
BYM.US,5,20131122,214000,12.5600,12.5600,12.5600,12.5600,1000,0
BYM.US,5,20131122,214500,12.5600,12.5600,12.5500,12.5500,4007,0
BYM.US,5,20131122,215000,12.5600,12.5600,12.5600,12.5600,3585,0
BYM.US,5,20131122,215500,12.5600,12.5600,12.5600,12.5600,400,0
BYM.US,5,20131122,220000,12.5600,12.5700,12.5600,12.5600,500,0
BYM.US,5,20131125,153500,12.5400,12.5400,12.5400,12.5400,200,0
BYM.US,5,20131125,154000,12.5300,12.5300,12.5300,12.5300,400,0
BYM.US,5,20131125,154500,12.5200,12.5300,12.5100,12.5100,2814,0
BYM.US,5,20131125,155000,12.5000,12.5000,12.5000,12.5000,300,0
BYM.US,5,20131125,155500,12.5000,12.5100,12.5000,12.5100,2000,0
BYM.US,5,20131125,160000,12.5000,12.5000,12.5000,12.5000,700,0
BYM.US,5,20131125,160500,12.5000,12.5000,12.5000,12.5000,500,0
BYM.US,5,20131125,161000,12.5000,12.5000,12.5000,12.5000,400,0
BYM.US,5,20131125,161500,12.5000,12.5300,12.5000,12.5300,1047,0
BYM.US,5,20131125,162000,12.5000,12.5200,12.4900,12.4900,5419,0
BYM.US,5,20131125,162500,12.4900,12.4900,12.4900,12.4900,100,0
BYM.US,5,20131125,164000,12.5000,12.5000,12.5000,12.5000,100,0
BYM.US,5,20131125,164500,12.5000,12.5000,12.5000,12.5000,100,0
BYM.US,5,20131125,165000,12.5200,12.5300,12.5200,12.5300,300,0
BYM.US,5,20131125,165500,12.5200,12.5200,12.5200,12.5200,200,0
BYM.US,5,20131125,170000,12.5000,12.5000,12.5000,12.5000,100,0
BYM.US,5,20131125,170500,12.5000,12.5200,12.5000,12.5200,4270,0
BYM.US,5,20131125,171000,12.5100,12.5400,12.5100,12.5200,3431,0
BYM.US,5,20131125,173000,12.5200,12.5200,12.5200,12.5200,300,0
BYM.US,5,20131125,173500,12.5200,12.5200,12.5200,12.5200,500,0
BYM.US,5,20131125,175000,12.5300,12.5300,12.5200,12.5200,1850,0
BYM.US,5,20131125,180000,12.5300,12.5300,12.5300,12.5300,100,0
BYM.US,5,20131125,181500,12.5300,12.5300,12.5300,12.5300,1000,0
BYM.US,5,20131125,182000,12.5200,12.5200,12.5200,12.5200,500,0
BYM.US,5,20131125,183000,12.5200,12.5200,12.5200,12.5200,1880,0
BYM.US,5,20131125,184000,12.5200,12.5200,12.5200,12.5200,460,0
BYM.US,5,20131125,190000,12.5200,12.5200,12.5200,12.5200,2700,0
BYM.US,5,20131125,190500,12.5200,12.5200,12.5200,12.5200,600,0
BYM.US,5,20131125,192000,12.5200,12.5300,12.5200,12.5300,1645,0
BYM.US,5,20131125,193000,12.5200,12.5200,12.5200,12.5200,1070,0
BYM.US,5,20131125,194000,12.5200,12.5200,12.5200,12.5200,1186,0
BYM.US,5,20131125,194500,12.5200,12.5200,12.5200,12.5200,300,0
BYM.US,5,20131125,202000,12.5300,12.5300,12.5300,12.5300,110,0
BYM.US,5,20131125,202500,12.5300,12.5300,12.5200,12.5300,516,0
BYM.US,5,20131125,203000,12.5300,12.5300,12.5300,12.5300,213,0
BYM.US,5,20131125,204000,12.5200,12.5200,12.5200,12.5200,500,0
BYM.US,5,20131125,204500,12.5300,12.5500,12.5200,12.5400,12814,0
BYM.US,5,20131125,210000,12.5300,12.5300,12.5300,12.5300,700,0
BYM.US,5,20131125,212500,12.5500,12.6700,12.5500,12.6700,22116,0
BYM.US,5,20131125,213000,12.6200,12.6400,12.6200,12.6400,3358,0
BYM.US,5,20131125,214000,12.6200,12.6200,12.6200,12.6200,6854,0
BYM.US,5,20131125,214500,12.6200,12.6200,12.6200,12.6200,3383,0
BYM.US,5,20131125,215500,12.6200,12.6300,12.6200,12.6200,4517,0
BYM.US,5,20131125,220000,12.6200,12.6200,12.5900,12.5900,200,0
BYM.US,5,20131125,220500,12.6100,12.6100,12.6100,12.6100,253,0
BYM.US,5,20131126,154000,12.6000,12.6200,12.5900,12.5900,9300,0
BYM.US,5,20131126,154500,12.5900,12.5900,12.5800,12.5800,1800,0
BYM.US,5,20131126,155000,12.5800,12.5900,12.5800,12.5900,1190,0
BYM.US,5,20131126,155500,12.5800,12.5900,12.5600,12.5900,4200,0
BYM.US,5,20131126,160000,12.5800,12.5800,12.5600,12.5600,1114,0
BYM.US,5,20131126,160500,12.5600,12.5600,12.5500,12.5500,600,0
BYM.US,5,20131126,161000,12.5500,12.5900,12.5500,12.5900,900,0
BYM.US,5,20131126,162000,12.5600,12.5600,12.5600,12.5600,800,0
BYM.US,5,20131126,162500,12.5900,12.5900,12.5600,12.5600,800,0
BYM.US,5,20131126,163000,12.5700,12.5900,12.5700,12.5700,2100,0
BYM.US,5,20131126,163500,12.5700,12.5700,12.5600,12.5600,1530,0
BYM.US,5,20131126,164000,12.5600,12.5700,12.5600,12.5600,4932,0
BYM.US,5,20131126,164500,12.5800,12.5800,12.5600,12.5600,1025,0
BYM.US,5,20131126,165000,12.5600,12.5600,12.5600,12.5600,200,0
BYM.US,5,20131126,165500,12.5600,12.5600,12.5600,12.5600,100,0
BYM.US,5,20131126,170000,12.5600,12.5700,12.5600,12.5700,3500,0
BYM.US,5,20131126,171000,12.5600,12.5700,12.5600,12.5600,500,0
BYM.US,5,20131126,171500,12.5600,12.5600,12.5600,12.5600,100,0
BYM.US,5,20131126,172500,12.5600,12.5600,12.5600,12.5600,400,0
BYM.US,5,20131126,174000,12.5700,12.5700,12.5500,12.5700,1201,0
BYM.US,5,20131126,174500,12.5700,12.5700,12.5700,12.5700,201,0
BYM.US,5,20131126,175000,12.5500,12.5600,12.5500,12.5600,300,0
BYM.US,5,20131126,175500,12.5600,12.5700,12.5600,12.5600,3228,0
BYM.US,5,20131126,180000,12.5800,12.5800,12.5800,12.5800,100,0
BYM.US,5,20131126,180500,12.5700,12.5800,12.5700,12.5800,400,0
BYM.US,5,20131126,181000,12.5800,12.5800,12.5800,12.5800,200,0
BYM.US,5,20131126,181500,12.5800,12.5900,12.5700,12.5700,4870,0
BYM.US,5,20131126,182000,12.5900,12.5900,12.5900,12.5900,929,0
BYM.US,5,20131126,182500,12.6000,12.6000,12.6000,12.6000,100,0
BYM.US,5,20131126,183500,12.5800,12.5800,12.5800,12.5800,200,0
BYM.US,5,20131126,184000,12.5800,12.5800,12.5800,12.5800,1043,0
BYM.US,5,20131126,184500,12.5800,12.5800,12.5800,12.5800,100,0
BYM.US,5,20131126,185000,12.5900,12.5900,12.5900,12.5900,100,0
BYM.US,5,20131126,185500,12.5800,12.5800,12.5700,12.5800,2560,0
BYM.US,5,20131126,190000,12.5700,12.5700,12.5700,12.5700,200,0
BYM.US,5,20131126,190500,12.5800,12.5900,12.5800,12.5900,7075,0
BYM.US,5,20131126,191000,12.6000,12.6000,12.5600,12.5600,2100,0
BYM.US,5,20131126,191500,12.5700,12.5700,12.5700,12.5700,100,0
BYM.US,5,20131126,192000,12.5700,12.5800,12.5700,12.5800,200,0
BYM.US,5,20131126,193000,12.5700,12.5700,12.5700,12.5700,100,0
BYM.US,5,20131126,193500,12.5700,12.5700,12.5700,12.5700,100,0
BYM.US,5,20131126,194000,12.6100,12.6100,12.5700,12.5700,200,0
BYM.US,5,20131126,194500,12.5800,12.5800,12.5700,12.5700,1600,0
BYM.US,5,20131126,195000,12.5700,12.5700,12.5700,12.5700,5400,0
BYM.US,5,20131126,195500,12.5700,12.5700,12.5600,12.5700,2400,0
BYM.US,5,20131126,200000,12.5700,12.5900,12.5700,12.5800,5400,0
BYM.US,5,20131126,201000,12.5700,12.5700,12.5700,12.5700,200,0
BYM.US,5,20131126,201500,12.5900,12.5900,12.5700,12.5700,5100,0
BYM.US,5,20131126,202000,12.5700,12.5700,12.5700,12.5700,100,0
BYM.US,5,20131126,203000,12.5700,12.5900,12.5700,12.5900,350,0
BYM.US,5,20131126,203500,12.5700,12.5800,12.5700,12.5700,5800,0
BYM.US,5,20131126,204000,12.5600,12.5600,12.5600,12.5600,100,0
BYM.US,5,20131126,204500,12.5600,12.5600,12.5600,12.5600,1726,0
BYM.US,5,20131126,205000,12.5600,12.5600,12.5600,12.5600,1769,0
BYM.US,5,20131126,205500,12.5600,12.5700,12.5600,12.5700,4200,0
BYM.US,5,20131126,210000,12.5700,12.5800,12.5700,12.5800,3500,0
BYM.US,5,20131126,211000,12.5600,12.5600,12.5600,12.5600,100,0
BYM.US,5,20131126,211500,12.5600,12.5600,12.5600,12.5600,100,0
BYM.US,5,20131126,212000,12.5600,12.5600,12.5600,12.5600,100,0
BYM.US,5,20131126,212500,12.5600,12.5800,12.5600,12.5800,1100,0
BYM.US,5,20131126,213000,12.5600,12.5600,12.5600,12.5600,200,0
BYM.US,5,20131126,213500,12.5600,12.5700,12.5600,12.5700,200,0
BYM.US,5,20131126,214000,12.5600,12.5600,12.5600,12.5600,300,0
BYM.US,5,20131126,214500,12.5600,12.6000,12.5600,12.5800,8000,0
BYM.US,5,20131126,215000,12.5900,12.6300,12.5800,12.6100,9200,0
BYM.US,5,20131126,215500,12.5900,12.5900,12.5900,12.5900,300,0
BYM.US,5,20131126,220000,12.5900,12.5900,12.5900,12.5900,360,0
BYM.US,5,20131126,220500,12.6200,12.6200,12.6200,12.6200,169,0
BYM.US,5,20131127,154000,12.5800,12.5800,12.5700,12.5700,700,0
BYM.US,5,20131127,154500,12.5700,12.5700,12.5700,12.5700,900,0
BYM.US,5,20131127,155000,12.5800,12.5800,12.5700,12.5700,600,0
BYM.US,5,20131127,155500,12.5700,12.5800,12.5700,12.5800,700,0
BYM.US,5,20131127,160000,12.5800,12.5800,12.5700,12.5800,600,0
BYM.US,5,20131127,161500,12.6100,12.6200,12.6100,12.6200,1000,0
BYM.US,5,20131127,162500,12.5900,12.5900,12.5900,12.5900,100,0
BYM.US,5,20131127,163000,12.6000,12.6300,12.5800,12.5800,4650,0
BYM.US,5,20131127,163500,12.5900,12.5900,12.5900,12.5900,800,0
BYM.US,5,20131127,164500,12.6000,12.6200,12.5800,12.5800,1886,0
BYM.US,5,20131127,165000,12.5800,12.6000,12.5800,12.6000,5100,0
BYM.US,5,20131127,165500,12.5900,12.5900,12.5900,12.5900,100,0
BYM.US,5,20131127,170500,12.5800,12.5800,12.5800,12.5800,100,0
BYM.US,5,20131127,171000,12.6000,12.6000,12.6000,12.6000,1650,0
BYM.US,5,20131127,171500,12.6200,12.6200,12.6200,12.6200,500,0
BYM.US,5,20131127,172000,12.5800,12.6200,12.5800,12.6200,4696,0
BYM.US,5,20131127,173000,12.5800,12.5900,12.5800,12.5800,1424,0
BYM.US,5,20131127,173500,12.6000,12.6000,12.6000,12.6000,4393,0
BYM.US,5,20131127,174000,12.6100,12.6400,12.6100,12.6100,1782,0
BYM.US,5,20131127,175000,12.6000,12.6000,12.6000,12.6000,200,0
BYM.US,5,20131127,175500,12.6000,12.6000,12.6000,12.6000,100,0
BYM.US,5,20131127,180500,12.5800,12.5800,12.5800,12.5800,400,0
BYM.US,5,20131127,181500,12.6000,12.6000,12.6000,12.6000,300,0
BYM.US,5,20131127,182500,12.6000,12.6000,12.6000,12.6000,200,0
BYM.US,5,20131127,183000,12.6000,12.6000,12.6000,12.6000,300,0
BYM.US,5,20131127,183500,12.6000,12.6200,12.6000,12.6000,7128,0
BYM.US,5,20131127,184000,12.6000,12.6000,12.6000,12.6000,300,0
BYM.US,5,20131127,184500,12.6000,12.6000,12.6000,12.6000,200,0
BYM.US,5,20131127,185000,12.6000,12.6200,12.6000,12.6100,1100,0
BYM.US,5,20131127,185500,12.6100,12.6100,12.6100,12.6100,100,0
BYM.US,5,20131127,190000,12.6100,12.6100,12.6100,12.6100,100,0
BYM.US,5,20131127,190500,12.6100,12.6200,12.6100,12.6100,1200,0
BYM.US,5,20131127,191000,12.6100,12.6100,12.6100,12.6100,100,0
BYM.US,5,20131127,191500,12.6200,12.6200,12.6200,12.6200,250,0
BYM.US,5,20131127,192000,12.6100,12.6100,12.6000,12.6000,1000,0
BYM.US,5,20131127,192500,12.6000,12.6000,12.6000,12.6000,200,0
BYM.US,5,20131127,193000,12.6000,12.6000,12.6000,12.6000,2248,0
BYM.US,5,20131127,194000,12.6000,12.6000,12.6000,12.6000,200,0
BYM.US,5,20131127,194500,12.6000,12.6000,12.6000,12.6000,200,0
BYM.US,5,20131127,195000,12.6000,12.6000,12.6000,12.6000,200,0
BYM.US,5,20131127,200000,12.6000,12.6000,12.6000,12.6000,200,0
BYM.US,5,20131127,200500,12.6000,12.6000,12.6000,12.6000,100,0
BYM.US,5,20131127,201000,12.6000,12.6000,12.6000,12.6000,200,0
BYM.US,5,20131127,201500,12.5800,12.5800,12.5800,12.5800,1500,0
BYM.US,5,20131127,202500,12.5900,12.5900,12.5900,12.5900,715,0
BYM.US,5,20131127,203500,12.5900,12.5900,12.5900,12.5900,300,0
BYM.US,5,20131127,204000,12.5900,12.5900,12.5900,12.5900,300,0
BYM.US,5,20131127,204500,12.5900,12.5900,12.5900,12.5900,1203,0
BYM.US,5,20131127,205000,12.5900,12.6000,12.5900,12.5900,500,0
BYM.US,5,20131127,205500,12.5900,12.5900,12.5900,12.5900,100,0
BYM.US,5,20131127,210000,12.5900,12.5900,12.5900,12.5900,400,0
BYM.US,5,20131127,210500,12.5800,12.5800,12.5800,12.5800,100,0
BYM.US,5,20131127,211000,12.5800,12.5800,12.5700,12.5700,1200,0
BYM.US,5,20131127,211500,12.5700,12.5700,12.5700,12.5700,100,0
BYM.US,5,20131127,212000,12.5800,12.5800,12.5600,12.5600,2371,0
BYM.US,5,20131127,213000,12.5600,12.5600,12.5500,12.5600,3411,0
BYM.US,5,20131127,213500,12.5500,12.5600,12.5500,12.5600,500,0
BYM.US,5,20131127,214000,12.5600,12.5600,12.5500,12.5500,1000,0
BYM.US,5,20131127,215000,12.5400,12.5400,12.5400,12.5400,1000,0
BYM.US,5,20131127,215500,12.5400,12.5400,12.5400,12.5400,900,0
BYM.US,5,20131127,220000,12.5400,12.5600,12.5300,12.5400,2100,0
BYM.US,5,20131129,153500,12.5300,12.5300,12.5300,12.5300,800,0
BYM.US,5,20131129,154000,12.5300,12.5300,12.5200,12.5200,2062,0
BYM.US,5,20131129,154500,12.5700,12.5700,12.5200,12.5200,13877,0
BYM.US,5,20131129,155000,12.5200,12.5600,12.5200,12.5300,2700,0
BYM.US,5,20131129,155500,12.5300,12.5300,12.5300,12.5300,700,0
BYM.US,5,20131129,160000,12.5300,12.5300,12.5300,12.5300,700,0
BYM.US,5,20131129,160500,12.5300,12.5400,12.5300,12.5300,400,0
BYM.US,5,20131129,161000,12.5300,12.5300,12.5300,12.5300,1725,0
BYM.US,5,20131129,161500,12.5300,12.5300,12.5300,12.5300,700,0
BYM.US,5,20131129,162000,12.5300,12.5300,12.5300,12.5300,1557,0
BYM.US,5,20131129,162500,12.5300,12.5300,12.5300,12.5300,810,0
BYM.US,5,20131129,163000,12.5300,12.5300,12.5200,12.5200,963,0
BYM.US,5,20131129,163500,12.5200,12.5200,12.5200,12.5200,1701,0
BYM.US,5,20131129,164000,12.5200,12.5200,12.5200,12.5200,400,0
BYM.US,5,20131129,164500,12.5200,12.5300,12.5200,12.5300,1000,0
BYM.US,5,20131129,165000,12.5200,12.5200,12.5200,12.5200,200,0
BYM.US,5,20131129,165500,12.5200,12.5300,12.5100,12.5200,800,0
BYM.US,5,20131129,170000,12.5200,12.5200,12.5200,12.5200,653,0
BYM.US,5,20131129,170500,12.5200,12.5200,12.5200,12.5200,100,0
BYM.US,5,20131129,171000,12.5200,12.5200,12.5200,12.5200,100,0
BYM.US,5,20131129,171500,12.5200,12.5400,12.5200,12.5400,1900,0
BYM.US,5,20131129,172000,12.5600,12.5600,12.5600,12.5600,900,0
BYM.US,5,20131129,173000,12.5500,12.5500,12.5500,12.5500,100,0
BYM.US,5,20131129,173500,12.5400,12.5400,12.5400,12.5400,100,0
BYM.US,5,20131129,174000,12.5400,12.5400,12.5400,12.5400,100,0
BYM.US,5,20131129,174500,12.5300,12.5300,12.5300,12.5300,100,0
BYM.US,5,20131129,175000,12.5400,12.5400,12.5300,12.5300,1500,0
BYM.US,5,20131129,175500,12.5300,12.5400,12.5300,12.5400,512,0
BYM.US,5,20131129,180000,12.5300,12.5300,12.5300,12.5300,100,0
BYM.US,5,20131129,180500,12.5300,12.5300,12.5300,12.5300,100,0
BYM.US,5,20131129,181000,12.5300,12.5400,12.5300,12.5400,400,0
BYM.US,5,20131129,181500,12.5600,12.5600,12.5600,12.5600,4896,0
BYM.US,5,20131129,182500,12.5400,12.5400,12.5400,12.5400,1100,0
BYM.US,5,20131129,183000,12.5400,12.5400,12.5400,12.5400,100,0
BYM.US,5,20131129,183500,12.5500,12.5500,12.5400,12.5400,3600,0
BYM.US,5,20131129,184000,12.5500,12.5500,12.5400,12.5500,4600,0
BYM.US,5,20131129,184500,12.5400,12.5500,12.5400,12.5500,4401,0
BYM.US,5,20131129,185000,12.5400,12.5400,12.5400,12.5400,800,0
BYM.US,5,20131129,185500,12.5400,12.5500,12.5300,12.5300,4000,0
BYM.US,5,20131129,190000,12.5300,12.5500,12.5300,12.5500,1139,0
BYM.US,5,20131129,190500,12.5500,12.5500,12.5500,12.5500,1000,0
BYM.US,5,20131202,153500,12.5500,12.5600,12.5300,12.5400,726,0
BYM.US,5,20131202,154000,12.5300,12.5400,12.5200,12.5200,2193,0
BYM.US,5,20131202,154500,12.5100,12.5100,12.5100,12.5100,700,0
BYM.US,5,20131202,155000,12.5100,12.5100,12.5100,12.5100,2200,0
BYM.US,5,20131202,155500,12.5000,12.5000,12.5000,12.5000,1000,0
BYM.US,5,20131202,160000,12.5000,12.5100,12.5000,12.5000,400,0
BYM.US,5,20131202,160500,12.5100,12.5100,12.4800,12.4800,13863,0
BYM.US,5,20131202,161000,12.4800,12.4900,12.4800,12.4800,700,0
BYM.US,5,20131202,161500,12.4900,12.4900,12.4800,12.4900,1300,0
BYM.US,5,20131202,162000,12.4900,12.4900,12.4800,12.4900,566,0
BYM.US,5,20131202,162500,12.4800,12.4900,12.4800,12.4900,3179,0
BYM.US,5,20131202,163000,12.4800,12.4800,12.4700,12.4700,500,0
BYM.US,5,20131202,163500,12.4700,12.4800,12.4700,12.4800,1135,0
BYM.US,5,20131202,164000,12.4700,12.4700,12.4700,12.4700,400,0
BYM.US,5,20131202,164500,12.4700,12.4700,12.4700,12.4700,300,0
BYM.US,5,20131202,165000,12.4800,12.4800,12.4700,12.4700,200,0
BYM.US,5,20131202,165500,12.4700,12.4700,12.4700,12.4700,820,0
BYM.US,5,20131202,170500,12.4800,12.4800,12.4800,12.4800,900,0
BYM.US,5,20131202,171000,12.4700,12.4700,12.4700,12.4700,160,0
BYM.US,5,20131202,171500,12.4700,12.4700,12.4700,12.4700,200,0
BYM.US,5,20131202,172000,12.4700,12.4700,12.4700,12.4700,474,0
BYM.US,5,20131202,172500,12.4600,12.4600,12.4600,12.4600,200,0
BYM.US,5,20131202,173000,12.4700,12.4800,12.4600,12.4800,8400,0
BYM.US,5,20131202,173500,12.4800,12.4800,12.4800,12.4800,890,0
BYM.US,5,20131202,174500,12.4600,12.4600,12.4600,12.4600,146,0
BYM.US,5,20131202,175000,12.4700,12.4700,12.4700,12.4700,950,0
BYM.US,5,20131202,180500,12.4700,12.4700,12.4700,12.4700,507,0
BYM.US,5,20131202,182000,12.4700,12.4700,12.4700,12.4700,100,0
BYM.US,5,20131202,182500,12.4800,12.4800,12.4800,12.4800,700,0
BYM.US,5,20131202,183500,12.4800,12.4800,12.4800,12.4800,800,0
BYM.US,5,20131202,191000,12.4800,12.4800,12.4800,12.4800,1500,0
BYM.US,5,20131202,191500,12.4700,12.4700,12.4700,12.4700,6984,0
BYM.US,5,20131202,194000,12.4700,12.4700,12.4700,12.4700,1350,0
BYM.US,5,20131202,194500,12.4800,12.4800,12.4700,12.4800,2550,0
BYM.US,5,20131202,195000,12.4800,12.4800,12.4700,12.4700,1208,0
BYM.US,5,20131202,195500,12.4700,12.4700,12.4700,12.4700,6700,0
BYM.US,5,20131202,200000,12.4800,12.5000,12.4800,12.4800,22801,0
BYM.US,5,20131202,200500,12.4800,12.4800,12.4800,12.4800,13083,0
BYM.US,5,20131202,202000,12.4800,12.4800,12.4800,12.4800,100,0
BYM.US,5,20131202,203000,12.4800,12.4800,12.4800,12.4800,524,0
BYM.US,5,20131202,203500,12.4900,12.4900,12.4900,12.4900,400,0
BYM.US,5,20131202,205000,12.4900,12.4900,12.4800,12.4800,1012,0
BYM.US,5,20131202,210500,12.4800,12.4800,12.4800,12.4800,100,0
BYM.US,5,20131202,211000,12.4800,12.4800,12.4800,12.4800,300,0
BYM.US,5,20131202,212000,12.4800,12.4800,12.4800,12.4800,200,0
BYM.US,5,20131202,212500,12.4800,12.4900,12.4800,12.4900,700,0
BYM.US,5,20131202,213000,12.4800,12.4800,12.4800,12.4800,300,0
BYM.US,5,20131202,213500,12.4800,12.4800,12.4800,12.4800,200,0
BYM.US,5,20131202,214000,12.4800,12.4800,12.4700,12.4700,400,0
BYM.US,5,20131202,214500,12.4700,12.4700,12.4700,12.4700,2900,0
BYM.US,5,20131202,215000,12.4700,12.4900,12.4700,12.4700,600,0
BYM.US,5,20131202,215500,12.4700,12.4700,12.4700,12.4700,700,0
BYM.US,5,20131202,220000,12.4700,12.4900,12.4600,12.4600,2149,0
BYM.US,5,20131202,220500,12.5000,12.5000,12.5000,12.5000,118,0
BYM.US,5,20131203,153500,12.4500,12.4500,12.4500,12.4500,459,0
BYM.US,5,20131203,154000,12.5000,12.5000,12.4500,12.4500,4116,0
BYM.US,5,20131203,154500,12.4700,12.4700,12.4700,12.4700,200,0
BYM.US,5,20131203,155000,12.4800,12.4800,12.4800,12.4800,100,0
BYM.US,5,20131203,155500,12.4700,12.4700,12.4700,12.4700,632,0
BYM.US,5,20131203,160500,12.4800,12.4800,12.4700,12.4700,1452,0
BYM.US,5,20131203,161000,12.4700,12.4700,12.4700,12.4700,200,0
BYM.US,5,20131203,161500,12.4800,12.4800,12.4800,12.4800,1200,0
BYM.US,5,20131203,162000,12.4700,12.4700,12.4400,12.4400,3885,0
BYM.US,5,20131203,162500,12.4500,12.4500,12.4500,12.4500,1000,0
BYM.US,5,20131203,163000,12.4500,12.4500,12.4200,12.4400,6630,0
BYM.US,5,20131203,163500,12.4500,12.4600,12.4500,12.4500,8200,0
BYM.US,5,20131203,164500,12.4500,12.4500,12.4200,12.4300,5643,0
BYM.US,5,20131203,165500,12.4100,12.4100,12.4100,12.4100,1417,0
BYM.US,5,20131203,170500,12.4100,12.4500,12.4000,12.4500,2682,0
BYM.US,5,20131203,171000,12.4500,12.4600,12.4500,12.4600,900,0
BYM.US,5,20131203,172000,12.4500,12.4800,12.4500,12.4800,705,0
BYM.US,5,20131203,173000,12.4600,12.4700,12.4600,12.4700,1882,0
BYM.US,5,20131203,175500,12.4700,12.4800,12.4600,12.4800,993,0
BYM.US,5,20131203,180000,12.4800,12.5400,12.4800,12.5300,17125,0
BYM.US,5,20131203,180500,12.5100,12.5200,12.5100,12.5200,3607,0
BYM.US,5,20131203,181500,12.5100,12.5100,12.5100,12.5100,2040,0
BYM.US,5,20131203,182000,12.5200,12.5200,12.5200,12.5200,744,0
BYM.US,5,20131203,182500,12.5300,12.5300,12.5300,12.5300,500,0
BYM.US,5,20131203,183000,12.5200,12.5200,12.5200,12.5200,100,0
BYM.US,5,20131203,183500,12.5200,12.5200,12.5200,12.5200,328,0
BYM.US,5,20131203,184000,12.5300,12.5300,12.5300,12.5300,268,0
BYM.US,5,20131203,190000,12.5200,12.5200,12.5200,12.5200,2300,0
BYM.US,5,20131203,190500,12.5200,12.5200,12.5200,12.5200,850,0
BYM.US,5,20131203,192500,12.5300,12.5300,12.5300,12.5300,200,0
BYM.US,5,20131203,201500,12.5300,12.5400,12.5300,12.5400,2372,0
BYM.US,5,20131203,202500,12.5300,12.5300,12.5100,12.5100,2663,0
BYM.US,5,20131203,203000,12.5200,12.5200,12.5200,12.5200,1200,0
BYM.US,5,20131203,204000,12.5100,12.5100,12.5000,12.5000,400,0
BYM.US,5,20131203,205000,12.5100,12.5100,12.5100,12.5100,100,0
BYM.US,5,20131203,205500,12.5200,12.5200,12.5200,12.5200,100,0
BYM.US,5,20131203,210000,12.5300,12.5300,12.5300,12.5300,100,0
BYM.US,5,20131203,210500,12.5400,12.5400,12.5300,12.5400,4120,0
BYM.US,5,20131203,211000,12.5300,12.5300,12.5000,12.5000,3210,0
BYM.US,5,20131203,211500,12.5200,12.5200,12.5200,12.5200,100,0
BYM.US,5,20131203,212000,12.5300,12.5400,12.5300,12.5400,360,0
BYM.US,5,20131203,212500,12.5400,12.5400,12.5200,12.5200,985,0
BYM.US,5,20131203,213000,12.5300,12.5300,12.5300,12.5300,100,0
BYM.US,5,20131203,213500,12.5300,12.5300,12.5300,12.5300,995,0
BYM.US,5,20131203,214000,12.5400,12.5400,12.5400,12.5400,200,0
BYM.US,5,20131203,214500,12.5500,12.5500,12.5500,12.5500,200,0
BYM.US,5,20131203,215000,12.5500,12.5500,12.5300,12.5400,1000,0
BYM.US,5,20131203,215500,12.5500,12.5500,12.5500,12.5500,700,0
BYM.US,5,20131203,220000,12.5500,12.5600,12.5400,12.5600,800,0
BYM.US,5,20131204,153500,12.4800,12.4800,12.4800,12.4800,652,0
BYM.US,5,20131204,154000,12.5000,12.5000,12.4700,12.4700,1600,0
BYM.US,5,20131204,155000,12.4900,12.5300,12.4700,12.5300,3400,0
BYM.US,5,20131204,160000,12.5100,12.5100,12.4800,12.4900,1400,0
BYM.US,5,20131204,160500,12.4800,12.4800,12.4800,12.4800,100,0
BYM.US,5,20131204,161500,12.5000,12.5000,12.4800,12.4900,2318,0
BYM.US,5,20131204,162000,12.5000,12.5000,12.5000,12.5000,600,0
BYM.US,5,20131204,162500,12.5000,12.5000,12.5000,12.5000,400,0
BYM.US,5,20131204,163000,12.5000,12.5000,12.5000,12.5000,300,0
BYM.US,5,20131204,163500,12.5100,12.5100,12.4900,12.5100,2223,0
BYM.US,5,20131204,164000,12.5100,12.5100,12.5100,12.5100,100,0
BYM.US,5,20131204,170500,12.5000,12.5000,12.5000,12.5000,200,0
BYM.US,5,20131204,171000,12.5000,12.5000,12.5000,12.5000,900,0
BYM.US,5,20131204,171500,12.5000,12.5000,12.5000,12.5000,5004,0
BYM.US,5,20131204,172000,12.5000,12.5000,12.5000,12.5000,4616,0
BYM.US,5,20131204,172500,12.5000,12.5100,12.4800,12.4800,9390,0
BYM.US,5,20131204,173500,12.4800,12.4800,12.4800,12.4800,100,0
BYM.US,5,20131204,174500,12.4800,12.4800,12.4800,12.4800,1512,0
BYM.US,5,20131204,175000,12.4800,12.4800,12.4700,12.4700,1670,0
BYM.US,5,20131204,180000,12.4700,12.4700,12.4700,12.4700,100,0
BYM.US,5,20131204,181000,12.4700,12.4800,12.4700,12.4700,6800,0
BYM.US,5,20131204,181500,12.4700,12.4800,12.4700,12.4700,3400,0
BYM.US,5,20131204,182000,12.4700,12.4700,12.4600,12.4600,2402,0
BYM.US,5,20131204,182500,12.4600,12.4700,12.4500,12.4500,6289,0
BYM.US,5,20131204,184500,12.4600,12.4600,12.4500,12.4600,19708,0
BYM.US,5,20131204,191000,12.4700,12.4800,12.4700,12.4800,600,0
BYM.US,5,20131204,191500,12.4800,12.4800,12.4800,12.4800,100,0
BYM.US,5,20131204,192000,12.4900,12.4900,12.4900,12.4900,1100,0
BYM.US,5,20131204,192500,12.4800,12.4800,12.4800,12.4800,300,0
BYM.US,5,20131204,193500,12.4800,12.4800,12.4800,12.4800,300,0
BYM.US,5,20131204,194000,12.4800,12.5200,12.4800,12.5200,2900,0
BYM.US,5,20131204,200500,12.5000,12.5000,12.5000,12.5000,200,0
BYM.US,5,20131204,201500,12.5000,12.5000,12.5000,12.5000,2550,0
BYM.US,5,20131204,203000,12.5000,12.5000,12.5000,12.5000,3900,0
BYM.US,5,20131204,203500,12.4900,12.4900,12.4900,12.4900,1000,0
BYM.US,5,20131204,204500,12.4800,12.4900,12.4700,12.4900,7100,0
BYM.US,5,20131204,205000,12.4900,12.4900,12.4900,12.4900,350,0
BYM.US,5,20131204,210500,12.4900,12.4900,12.4900,12.4900,500,0
BYM.US,5,20131204,212000,12.5000,12.5000,12.5000,12.5000,663,0
BYM.US,5,20131204,212500,12.5100,12.5100,12.5000,12.5000,3061,0
BYM.US,5,20131204,215000,12.5100,12.5100,12.5100,12.5100,800,0
BYM.US,5,20131204,215500,12.5100,12.5100,12.5100,12.5100,1000,0
BYM.US,5,20131204,220000,12.5200,12.5300,12.5200,12.5300,1200,0
BYM.US,5,20131204,220500,12.5200,12.5200,12.5200,12.5200,130,0
BYM.US,5,20131205,153500,12.4900,12.4900,12.4800,12.4800,500,0
BYM.US,5,20131205,154500,12.4900,12.4900,12.4900,12.4900,1624,0
BYM.US,5,20131205,155000,12.4900,12.4900,12.4800,12.4900,500,0
BYM.US,5,20131205,160000,12.5000,12.5000,12.4900,12.4900,1267,0
BYM.US,5,20131205,162000,12.5000,12.5100,12.5000,12.5100,452,0
BYM.US,5,20131205,162500,12.5000,12.5100,12.5000,12.5100,793,0
BYM.US,5,20131205,163000,12.5100,12.5100,12.5000,12.5000,200,0
BYM.US,5,20131205,163500,12.5000,12.5200,12.5000,12.5200,4978,0
BYM.US,5,20131205,164000,12.5300,12.5300,12.5200,12.5200,1211,0
BYM.US,5,20131205,165000,12.5100,12.5200,12.5000,12.5000,13800,0
BYM.US,5,20131205,170000,12.5100,12.5100,12.5000,12.5000,1900,0
BYM.US,5,20131205,170500,12.5200,12.5200,12.5000,12.5000,2100,0
BYM.US,5,20131205,171000,12.5200,12.5200,12.5000,12.5000,2100,0
BYM.US,5,20131205,172000,12.5200,12.5200,12.5200,12.5200,750,0
BYM.US,5,20131205,172500,12.5100,12.5100,12.5100,12.5100,100,0
BYM.US,5,20131205,173500,12.5000,12.5000,12.4800,12.4900,5513,0
BYM.US,5,20131205,174000,12.4900,12.4900,12.4900,12.4900,100,0
BYM.US,5,20131205,180000,12.4800,12.4800,12.4700,12.4800,300,0
BYM.US,5,20131205,180500,12.4800,12.4800,12.4700,12.4700,300,0
BYM.US,5,20131205,181000,12.4800,12.4800,12.4800,12.4800,800,0
BYM.US,5,20131205,181500,12.5100,12.5100,12.5100,12.5100,450,0
BYM.US,5,20131205,183500,12.4800,12.4800,12.4800,12.4800,2685,0
BYM.US,5,20131205,184000,12.4900,12.4900,12.4800,12.4800,3222,0
BYM.US,5,20131205,185000,12.5000,12.5000,12.4800,12.4800,250,0
BYM.US,5,20131205,190000,12.4800,12.4800,12.4800,12.4800,1100,0
BYM.US,5,20131205,190500,12.4800,12.5000,12.4800,12.5000,850,0
BYM.US,5,20131205,192500,12.4800,12.4800,12.4800,12.4800,100,0
BYM.US,5,20131205,193500,12.4800,12.4800,12.4800,12.4800,2500,0
BYM.US,5,20131205,194000,12.4800,12.4800,12.4700,12.4800,2843,0
BYM.US,5,20131205,195000,12.4700,12.4700,12.4700,12.4700,100,0
BYM.US,5,20131205,195500,12.4800,12.4800,12.4800,12.4800,4000,0
BYM.US,5,20131205,200000,12.4800,12.4800,12.4800,12.4800,3857,0
BYM.US,5,20131205,201500,12.4700,12.4700,12.4700,12.4700,100,0
BYM.US,5,20131205,203500,12.4700,12.4700,12.4700,12.4700,100,0
BYM.US,5,20131205,204000,12.4700,12.4700,12.4700,12.4700,100,0
BYM.US,5,20131205,204500,12.4700,12.4700,12.4700,12.4700,4535,0
BYM.US,5,20131205,205000,12.4800,12.4800,12.4800,12.4800,410,0
BYM.US,5,20131205,205500,12.4700,12.4700,12.4700,12.4700,100,0
BYM.US,5,20131205,211000,12.4700,12.4700,12.4700,12.4700,100,0
BYM.US,5,20131205,211500,12.4800,12.4800,12.4800,12.4800,100,0
BYM.US,5,20131205,212500,12.4700,12.4700,12.4700,12.4700,100,0
BYM.US,5,20131205,213500,12.4700,12.4700,12.4600,12.4600,1950,0
BYM.US,5,20131205,214000,12.4600,12.4600,12.4500,12.4500,1932,0
BYM.US,5,20131205,214500,12.4600,12.4600,12.4600,12.4600,100,0
BYM.US,5,20131205,215000,12.4600,12.4600,12.4600,12.4600,100,0
BYM.US,5,20131205,215500,12.4800,12.4800,12.4600,12.4600,1600,0
BYM.US,5,20131205,220000,12.4600,12.4700,12.4500,12.4500,1552,0
BYM.US,5,20131206,154500,12.4800,12.4800,12.4500,12.4500,9176,0
BYM.US,5,20131206,155000,12.4600,12.4600,12.4600,12.4600,500,0
BYM.US,5,20131206,155500,12.4600,12.4600,12.4500,12.4500,4100,0
BYM.US,5,20131206,160000,12.4500,12.4500,12.4500,12.4500,1800,0
BYM.US,5,20131206,160500,12.4600,12.4600,12.4600,12.4600,200,0
BYM.US,5,20131206,161000,12.4500,12.4900,12.4500,12.4800,4200,0
BYM.US,5,20131206,161500,12.4600,12.4800,12.4500,12.4800,3500,0
BYM.US,5,20131206,163500,12.4500,12.4800,12.4500,12.4800,4200,0
BYM.US,5,20131206,164000,12.4800,12.4800,12.4800,12.4800,100,0
BYM.US,5,20131206,164500,12.4800,12.4800,12.4500,12.4800,1101,0
BYM.US,5,20131206,165000,12.4600,12.4700,12.4500,12.4600,4645,0
BYM.US,5,20131206,165500,12.4800,12.4800,12.4800,12.4800,200,0
BYM.US,5,20131206,170000,12.4700,12.4800,12.4700,12.4800,1000,0
BYM.US,5,20131206,170500,12.4800,12.4800,12.4600,12.4600,750,0
BYM.US,5,20131206,171000,12.4700,12.4800,12.4700,12.4800,1925,0
BYM.US,5,20131206,171500,12.4800,12.4800,12.4800,12.4800,200,0
BYM.US,5,20131206,172000,12.4800,12.4800,12.4800,12.4800,100,0
BYM.US,5,20131206,172500,12.4800,12.4800,12.4700,12.4800,1300,0
BYM.US,5,20131206,173000,12.4800,12.4800,12.4700,12.4700,1100,0
BYM.US,5,20131206,173500,12.4800,12.4800,12.4600,12.4600,200,0
BYM.US,5,20131206,174000,12.4700,12.4700,12.4700,12.4700,100,0
BYM.US,5,20131206,174500,12.4700,12.4700,12.4600,12.4600,1200,0
BYM.US,5,20131206,175000,12.4600,12.4600,12.4500,12.4600,825,0
BYM.US,5,20131206,175500,12.4600,12.4600,12.4500,12.4500,660,0
BYM.US,5,20131206,180000,12.4500,12.4500,12.4500,12.4500,100,0
BYM.US,5,20131206,180500,12.4700,12.4700,12.4700,12.4700,300,0
BYM.US,5,20131206,181000,12.4500,12.4700,12.4500,12.4500,6355,0
BYM.US,5,20131206,182500,12.4500,12.4700,12.4300,12.4700,16380,0
BYM.US,5,20131206,183500,12.4700,12.4900,12.4700,12.4800,13949,0
BYM.US,5,20131206,184500,12.4800,12.4800,12.4800,12.4800,200,0
BYM.US,5,20131206,185000,12.4800,12.4800,12.4800,12.4800,200,0
BYM.US,5,20131206,190000,12.4800,12.4800,12.4800,12.4800,700,0
BYM.US,5,20131206,190500,12.4800,12.4800,12.4800,12.4800,1100,0
BYM.US,5,20131206,191500,12.4800,12.4800,12.4800,12.4800,200,0
BYM.US,5,20131206,192000,12.4800,12.4800,12.4800,12.4800,200,0
BYM.US,5,20131206,193000,12.4800,12.4800,12.4800,12.4800,200,0
BYM.US,5,20131206,193500,12.4700,12.4700,12.4700,12.4700,200,0
BYM.US,5,20131206,194000,12.4700,12.4700,12.4700,12.4700,200,0
BYM.US,5,20131206,194500,12.4700,12.4800,12.4700,12.4800,200,0
BYM.US,5,20131206,195000,12.4700,12.4700,12.4600,12.4700,8042,0
BYM.US,5,20131206,195500,12.4600,12.4700,12.4200,12.4500,26242,0
BYM.US,5,20131206,200000,12.4700,12.4700,12.4700,12.4700,395,0
BYM.US,5,20131206,200500,12.4600,12.4600,12.4500,12.4500,1500,0
BYM.US,5,20131206,201000,12.4600,12.4600,12.4600,12.4600,100,0
BYM.US,5,20131206,201500,12.4600,12.4600,12.4500,12.4500,450,0
BYM.US,5,20131206,202000,12.4500,12.4600,12.4200,12.4300,4950,0
BYM.US,5,20131206,202500,12.4200,12.4200,12.4200,12.4200,2300,0
BYM.US,5,20131206,203000,12.4400,12.4400,12.4300,12.4400,300,0
BYM.US,5,20131206,203500,12.4600,12.4600,12.4600,12.4600,200,0
BYM.US,5,20131206,204000,12.4200,12.4400,12.4200,12.4300,400,0
BYM.US,5,20131206,204500,12.4600,12.4600,12.4200,12.4400,300,0
BYM.US,5,20131206,205000,12.4200,12.4600,12.4200,12.4600,400,0
BYM.US,5,20131206,205500,12.4600,12.4600,12.4400,12.4400,200,0
BYM.US,5,20131206,210000,12.4500,12.4600,12.4500,12.4600,200,0
BYM.US,5,20131206,210500,12.4600,12.4600,12.4400,12.4400,600,0
BYM.US,5,20131206,211000,12.4400,12.4500,12.4200,12.4300,1463,0
BYM.US,5,20131206,211500,12.4200,12.4300,12.4200,12.4200,1150,0
BYM.US,5,20131206,212000,12.4300,12.4400,12.4200,12.4200,9050,0
BYM.US,5,20131206,212500,12.4300,12.4400,12.4200,12.4200,900,0
BYM.US,5,20131206,213000,12.4400,12.4400,12.4200,12.4200,1100,0
BYM.US,5,20131206,213500,12.4300,12.4400,12.4200,12.4200,637,0
BYM.US,5,20131206,214000,12.4300,12.4300,12.4000,12.4200,3700,0
BYM.US,5,20131206,214500,12.4000,12.4300,12.4000,12.4100,4500,0
BYM.US,5,20131206,215000,12.4300,12.4300,12.4100,12.4300,500,0
BYM.US,5,20131206,215500,12.4200,12.4200,12.4000,12.4200,2200,0
BYM.US,5,20131206,220000,12.4200,12.4200,12.4000,12.4100,1800,0
BYM.US,5,20131206,220500,12.4400,12.4400,12.4400,12.4400,316,0
BYM.US,5,20131209,153500,12.4300,12.4300,12.4300,12.4300,100,0
BYM.US,5,20131209,154000,12.4400,12.4400,12.4400,12.4400,500,0
BYM.US,5,20131209,154500,12.4000,12.4000,12.4000,12.4000,350,0
BYM.US,5,20131209,155000,12.4000,12.4400,12.4000,12.4000,4800,0
BYM.US,5,20131209,155500,12.4300,12.4400,12.4300,12.4400,2300,0
BYM.US,5,20131209,160000,12.4500,12.4500,12.4300,12.4500,12126,0
BYM.US,5,20131209,160500,12.4300,12.4400,12.4300,12.4400,5500,0
BYM.US,5,20131209,161500,12.4300,12.4300,12.4300,12.4300,4535,0
BYM.US,5,20131209,162500,12.4300,12.4400,12.4300,12.4400,800,0
BYM.US,5,20131209,163000,12.4400,12.4400,12.4300,12.4400,9200,0
BYM.US,5,20131209,163500,12.4300,12.4300,12.4200,12.4200,1736,0
BYM.US,5,20131209,164000,12.4200,12.4200,12.4200,12.4200,300,0
BYM.US,5,20131209,164500,12.4300,12.4300,12.4200,12.4300,585,0
BYM.US,5,20131209,165000,12.4200,12.4400,12.4100,12.4100,11345,0
BYM.US,5,20131209,165500,12.4100,12.4300,12.4100,12.4300,300,0
BYM.US,5,20131209,170000,12.4100,12.4100,12.4100,12.4100,1150,0
BYM.US,5,20131209,170500,12.4300,12.4300,12.4000,12.4000,12850,0
BYM.US,5,20131209,171000,12.4000,12.4000,12.4000,12.4000,3540,0
BYM.US,5,20131209,171500,12.4000,12.4000,12.4000,12.4000,4945,0
BYM.US,5,20131209,172000,12.4000,12.4000,12.4000,12.4000,300,0
BYM.US,5,20131209,172500,12.4100,12.4100,12.4000,12.4000,1600,0
BYM.US,5,20131209,173000,12.4000,12.4000,12.4000,12.4000,200,0
BYM.US,5,20131209,173500,12.4000,12.4000,12.3900,12.4000,1500,0
BYM.US,5,20131209,174000,12.4000,12.4000,12.3900,12.4000,2009,0
BYM.US,5,20131209,174500,12.4000,12.4000,12.4000,12.4000,100,0
BYM.US,5,20131209,175000,12.4000,12.4000,12.4000,12.4000,100,0
BYM.US,5,20131209,175500,12.4200,12.4200,12.4000,12.4000,600,0
BYM.US,5,20131209,180000,12.4000,12.4000,12.4000,12.4000,2200,0
BYM.US,5,20131209,180500,12.4000,12.4000,12.4000,12.4000,4183,0
BYM.US,5,20131209,181000,12.4100,12.4200,12.4100,12.4100,10246,0
BYM.US,5,20131209,181500,12.4200,12.4200,12.4100,12.4100,2300,0
BYM.US,5,20131209,182000,12.4100,12.4100,12.4100,12.4100,200,0
BYM.US,5,20131209,182500,12.4100,12.4100,12.4100,12.4100,200,0
BYM.US,5,20131209,183000,12.4100,12.4100,12.4100,12.4100,200,0
BYM.US,5,20131209,183500,12.4100,12.4100,12.4100,12.4100,400,0
BYM.US,5,20131209,184000,12.4100,12.4100,12.4100,12.4100,200,0
BYM.US,5,20131209,184500,12.4100,12.4100,12.4100,12.4100,1078,0
BYM.US,5,20131209,185000,12.4100,12.4100,12.4000,12.4000,200,0
BYM.US,5,20131209,185500,12.4000,12.4000,12.4000,12.4000,200,0
BYM.US,5,20131209,190000,12.4000,12.4000,12.4000,12.4000,1530,0
BYM.US,5,20131209,190500,12.4000,12.4000,12.4000,12.4000,200,0
BYM.US,5,20131209,191000,12.4100,12.4100,12.4000,12.4000,2200,0
BYM.US,5,20131209,191500,12.4100,12.4400,12.4100,12.4400,3300,0
BYM.US,5,20131209,192000,12.4000,12.4200,12.4000,12.4200,2200,0
BYM.US,5,20131209,192500,12.4200,12.4300,12.4100,12.4300,4400,0
BYM.US,5,20131209,193000,12.4100,12.4100,12.4000,12.4000,200,0
BYM.US,5,20131209,193500,12.4300,12.4300,12.4000,12.4100,600,0
BYM.US,5,20131209,194000,12.4000,12.4000,12.4000,12.4000,200,0
BYM.US,5,20131209,194500,12.4000,12.4100,12.3700,12.3800,20300,0
BYM.US,5,20131209,195000,12.3900,12.3900,12.3800,12.3800,800,0
BYM.US,5,20131209,195500,12.4000,12.4000,12.3800,12.3800,500,0
BYM.US,5,20131209,200000,12.3800,12.3800,12.3800,12.3800,200,0
BYM.US,5,20131209,200500,12.3800,12.4000,12.3700,12.3700,4200,0
BYM.US,5,20131209,201000,12.3700,12.3700,12.3700,12.3700,200,0
BYM.US,5,20131209,201500,12.3800,12.3800,12.3800,12.3800,300,0
BYM.US,5,20131209,202000,12.3800,12.3800,12.3700,12.3700,3440,0
BYM.US,5,20131209,202500,12.3800,12.3800,12.3700,12.3700,800,0
BYM.US,5,20131209,203000,12.3700,12.3700,12.3600,12.3600,2359,0
BYM.US,5,20131209,203500,12.3800,12.3800,12.3700,12.3700,600,0
BYM.US,5,20131209,204000,12.3800,12.3800,12.3800,12.3800,200,0
BYM.US,5,20131209,204500,12.3700,12.3900,12.3600,12.3900,4378,0
BYM.US,5,20131209,205000,12.3800,12.3800,12.3800,12.3800,200,0
BYM.US,5,20131209,205500,12.3800,12.3800,12.3800,12.3800,200,0
BYM.US,5,20131209,210000,12.3800,12.3900,12.3800,12.3900,3800,0
BYM.US,5,20131209,210500,12.3900,12.4000,12.3800,12.3800,2300,0
BYM.US,5,20131209,211000,12.3800,12.3800,12.3600,12.3700,2950,0
BYM.US,5,20131209,211500,12.3700,12.3700,12.3700,12.3700,300,0
BYM.US,5,20131209,212000,12.3700,12.3700,12.3600,12.3600,994,0
BYM.US,5,20131209,212500,12.3600,12.3600,12.3600,12.3600,500,0
BYM.US,5,20131209,213000,12.3700,12.3700,12.3600,12.3600,2800,0
BYM.US,5,20131209,213500,12.3600,12.3800,12.3600,12.3800,6226,0
BYM.US,5,20131209,214000,12.3800,12.3800,12.3700,12.3700,1990,0
BYM.US,5,20131209,214500,12.3800,12.3800,12.3800,12.3800,200,0
BYM.US,5,20131209,215000,12.3800,12.3800,12.3800,12.3800,300,0
BYM.US,5,20131209,215500,12.3800,12.3900,12.3800,12.3800,1260,0
BYM.US,5,20131209,220000,12.3800,12.3800,12.3700,12.3800,756,0
BYM.US,5,20131209,220500,12.3800,12.3800,12.3800,12.3800,100,0
