<TICKER>,<PER>,<DTYYYYMMDD>,<TIME>,<OPEN>,<HIGH>,<LOW>,<CLOSE>,<VOL>,<OPENINT>
CEM.US,5,20131112,154500,27.2200,27.2200,27.1700,27.1700,300,0
CEM.US,5,20131112,155000,27.2800,27.2800,27.1400,27.1400,1322,0
CEM.US,5,20131112,155500,27.1300,27.1300,27.1300,27.1300,369,0
CEM.US,5,20131112,160500,27.1500,27.1600,27.1500,27.1600,500,0
CEM.US,5,20131112,161500,27.2400,27.2400,27.1200,27.1300,5366,0
CEM.US,5,20131112,162500,27.1400,27.1400,27.1300,27.1300,450,0
CEM.US,5,20131112,163000,27.1400,27.1400,27.1300,27.1300,500,0
CEM.US,5,20131112,163500,27.1400,27.1400,27.1400,27.1400,100,0
CEM.US,5,20131112,164500,27.1400,27.1400,27.1400,27.1400,300,0
CEM.US,5,20131112,165000,27.1200,27.1200,27.0900,27.0900,3140,0
CEM.US,5,20131112,165500,27.0900,27.0900,27.0900,27.0900,640,0
CEM.US,5,20131112,170000,27.1500,27.1500,27.1000,27.1300,1544,0
CEM.US,5,20131112,170500,27.1200,27.1200,27.0800,27.0800,350,0
CEM.US,5,20131112,171000,27.1100,27.1100,27.1100,27.1100,1628,0
CEM.US,5,20131112,171500,27.1400,27.1400,27.1100,27.1300,1413,0
CEM.US,5,20131112,172000,27.1000,27.1000,27.1000,27.1000,670,0
CEM.US,5,20131112,172500,27.1200,27.1200,27.1200,27.1200,103,0
CEM.US,5,20131112,173000,27.1200,27.1300,27.1100,27.1300,630,0
CEM.US,5,20131112,173500,27.1300,27.1300,27.1300,27.1300,1286,0
CEM.US,5,20131112,174000,27.1100,27.1400,27.1100,27.1100,1369,0
CEM.US,5,20131112,174500,27.1500,27.1500,27.1500,27.1500,500,0
CEM.US,5,20131112,175000,27.1400,27.1400,27.1000,27.1000,1433,0
CEM.US,5,20131112,175500,27.1100,27.1500,27.1100,27.1500,1789,0
CEM.US,5,20131112,180500,27.1500,27.1800,27.1400,27.1800,1368,0
CEM.US,5,20131112,181000,27.1900,27.1900,27.1900,27.1900,100,0
CEM.US,5,20131112,181500,27.1900,27.1900,27.1800,27.1900,2586,0
CEM.US,5,20131112,182000,27.1800,27.1900,27.1800,27.1900,1020,0
CEM.US,5,20131112,182500,27.1900,27.1900,27.1900,27.1900,100,0
CEM.US,5,20131112,183000,27.1800,27.1900,27.1800,27.1900,400,0
CEM.US,5,20131112,183500,27.1600,27.1900,27.1600,27.1900,850,0
CEM.US,5,20131112,184000,27.1800,27.1900,27.1800,27.1900,1000,0
CEM.US,5,20131112,185000,27.1900,27.1900,27.1900,27.1900,100,0
CEM.US,5,20131112,185500,27.1700,27.1800,27.1400,27.1700,1835,0
CEM.US,5,20131112,190000,27.1800,27.1800,27.1800,27.1800,100,0
CEM.US,5,20131112,190500,27.1800,27.1800,27.1800,27.1800,400,0
CEM.US,5,20131112,191000,27.1600,27.1600,27.1600,27.1600,200,0
CEM.US,5,20131112,192000,27.1800,27.2000,27.1700,27.2000,1300,0
CEM.US,5,20131112,192500,27.1200,27.2000,27.1200,27.1900,1022,0
CEM.US,5,20131112,193500,27.2000,27.2000,27.1400,27.2000,875,0
CEM.US,5,20131112,194000,27.1600,27.1600,27.1300,27.1300,2300,0
CEM.US,5,20131112,194500,27.1400,27.1400,27.1400,27.1400,150,0
CEM.US,5,20131112,195000,27.1900,27.2000,27.1300,27.1800,1800,0
CEM.US,5,20131112,195500,27.2000,27.2000,27.1300,27.2000,325,0
CEM.US,5,20131112,200000,27.1900,27.2000,27.1400,27.1400,1609,0
CEM.US,5,20131112,200500,27.2000,27.2000,27.2000,27.2000,415,0
CEM.US,5,20131112,202000,27.2000,27.2000,27.2000,27.2000,900,0
CEM.US,5,20131112,203000,27.1800,27.1800,27.1800,27.1800,920,0
CEM.US,5,20131112,203500,27.1900,27.1900,27.1900,27.1900,1590,0
CEM.US,5,20131112,204000,27.1900,27.2000,27.1900,27.2000,410,0
CEM.US,5,20131112,204500,27.1700,27.1700,27.1700,27.1700,750,0
CEM.US,5,20131112,205000,27.2000,27.2000,27.2000,27.2000,100,0
CEM.US,5,20131112,205500,27.2000,27.2000,27.1600,27.1900,9233,0
CEM.US,5,20131112,210000,27.2900,27.3300,27.2700,27.2800,3042,0
CEM.US,5,20131112,210500,27.3200,27.3300,27.2900,27.2900,1771,0
CEM.US,5,20131112,211000,27.2900,27.3000,27.2900,27.3000,529,0
CEM.US,5,20131112,211500,27.3100,27.3500,27.3100,27.3500,2050,0
CEM.US,5,20131112,212500,27.2700,27.2900,27.2400,27.2400,2897,0
CEM.US,5,20131112,213000,27.2600,27.2800,27.2200,27.2800,5525,0
CEM.US,5,20131112,213500,27.2500,27.2500,27.2100,27.2100,986,0
CEM.US,5,20131112,214000,27.2300,27.2600,27.2300,27.2600,605,0
CEM.US,5,20131112,215000,27.2800,27.2800,27.2800,27.2800,875,0
CEM.US,5,20131112,215500,27.2600,27.2600,27.2400,27.2600,1151,0
CEM.US,5,20131112,220000,27.2600,27.2600,27.2300,27.2300,1651,0
CEM.US,5,20131112,220500,27.2800,27.2800,27.2800,27.2800,129,0
CEM.US,5,20131113,153500,27.1700,27.1700,27.0600,27.0700,5052,0
CEM.US,5,20131113,154000,27.0700,27.0800,27.0200,27.0400,3652,0
CEM.US,5,20131113,154500,27.0500,27.0500,27.0100,27.0200,2500,0
CEM.US,5,20131113,155000,27.1000,27.1000,27.0300,27.0300,3430,0
CEM.US,5,20131113,155500,27.0100,27.0100,27.0100,27.0100,100,0
CEM.US,5,20131113,160000,27.0000,27.0000,26.9700,26.9700,370,0
CEM.US,5,20131113,160500,26.9500,26.9900,26.9500,26.9500,2255,0
CEM.US,5,20131113,161000,26.9900,26.9900,26.9900,26.9900,305,0
CEM.US,5,20131113,162000,26.9700,26.9900,26.9700,26.9700,2785,0
CEM.US,5,20131113,162500,26.9800,26.9900,26.9500,26.9500,2500,0
CEM.US,5,20131113,163000,26.9700,26.9700,26.9000,26.9100,2624,0
CEM.US,5,20131113,163500,26.9200,26.9700,26.9200,26.9700,1623,0
CEM.US,5,20131113,165000,26.9400,26.9700,26.9400,26.9500,759,0
CEM.US,5,20131113,165500,26.9700,26.9700,26.9500,26.9700,500,0
CEM.US,5,20131113,170000,26.9500,26.9700,26.9500,26.9700,1700,0
CEM.US,5,20131113,170500,26.9600,26.9600,26.9600,26.9600,175,0
CEM.US,5,20131113,171500,26.9400,27.0800,26.9400,27.0800,5800,0
CEM.US,5,20131113,172000,27.1200,27.1200,27.0000,27.0000,4249,0
CEM.US,5,20131113,174000,27.0000,27.0000,27.0000,27.0000,200,0
CEM.US,5,20131113,174500,26.9900,26.9900,26.9800,26.9800,760,0
CEM.US,5,20131113,175000,26.9900,26.9900,26.9500,26.9500,1627,0
CEM.US,5,20131113,175500,26.9500,26.9500,26.9500,26.9500,3325,0
CEM.US,5,20131113,180000,26.9400,27.0200,26.9400,27.0000,2724,0
CEM.US,5,20131113,181000,26.9800,26.9900,26.9600,26.9600,1052,0
CEM.US,5,20131113,182000,26.9800,26.9800,26.9500,26.9500,400,0
CEM.US,5,20131113,182500,26.9600,27.0100,26.9600,27.0100,912,0
CEM.US,5,20131113,183000,27.0500,27.0500,27.0500,27.0500,400,0
CEM.US,5,20131113,183500,27.0500,27.0500,27.0100,27.0100,1522,0
CEM.US,5,20131113,184000,26.9600,27.0500,26.9600,27.0200,3123,0
CEM.US,5,20131113,184500,26.9600,26.9600,26.9600,26.9600,976,0
CEM.US,5,20131113,185000,26.9800,26.9800,26.9800,26.9800,180,0
CEM.US,5,20131113,185500,26.9900,27.0400,26.9600,27.0400,905,0
CEM.US,5,20131113,190000,27.0400,27.2000,27.0300,27.1300,7254,0
CEM.US,5,20131113,190500,27.1800,27.1800,27.1000,27.1200,2515,0
CEM.US,5,20131113,191000,27.1700,27.1900,27.1100,27.1100,4625,0
CEM.US,5,20131113,191500,27.1000,27.1000,27.1000,27.1000,500,0
CEM.US,5,20131113,192000,27.1900,27.1900,27.1900,27.1900,170,0
CEM.US,5,20131113,192500,27.1100,27.2700,27.1100,27.2600,10086,0
CEM.US,5,20131113,193000,27.2400,27.2900,27.2400,27.2900,589,0
CEM.US,5,20131113,194000,27.2500,27.2500,27.2500,27.2500,123,0
CEM.US,5,20131113,195500,27.2700,27.2700,27.2700,27.2700,720,0
CEM.US,5,20131113,200500,27.2300,27.2600,27.2300,27.2600,654,0
CEM.US,5,20131113,201000,27.2100,27.2600,27.2100,27.2600,1378,0
CEM.US,5,20131113,202000,27.2500,27.2500,27.2500,27.2500,243,0
CEM.US,5,20131113,202500,27.1700,27.1700,27.1700,27.1700,113,0
CEM.US,5,20131113,203000,27.1700,27.2300,27.1700,27.2300,1455,0
CEM.US,5,20131113,204000,27.1700,27.1700,27.1100,27.1100,396,0
CEM.US,5,20131113,205000,27.0800,27.2000,27.0800,27.1700,5287,0
CEM.US,5,20131113,211000,27.1600,27.1600,27.1600,27.1600,110,0
CEM.US,5,20131113,211500,27.1800,27.1800,27.1800,27.1800,1500,0
CEM.US,5,20131113,213000,27.1900,27.1900,27.1900,27.1900,313,0
CEM.US,5,20131113,214000,27.1900,27.1900,27.1300,27.1300,1355,0
CEM.US,5,20131113,214500,27.1200,27.1900,27.1200,27.1900,3922,0
CEM.US,5,20131113,215000,27.1400,27.1400,27.1400,27.1400,100,0
CEM.US,5,20131113,215500,27.1200,27.1200,26.9800,26.9800,3911,0
CEM.US,5,20131113,220000,26.9900,27.0400,26.9800,27.0100,2171,0
CEM.US,5,20131113,220500,27.0700,27.0700,27.0700,27.0700,279,0
CEM.US,5,20131114,153500,27.0800,27.0800,26.9800,26.9800,2928,0
CEM.US,5,20131114,154000,27.0700,27.0700,26.9700,27.0000,3811,0
CEM.US,5,20131114,154500,27.0700,27.1000,27.0200,27.0200,5670,0
CEM.US,5,20131114,155000,27.0100,27.0100,26.9800,26.9800,900,0
CEM.US,5,20131114,155500,27.0100,27.1000,27.0100,27.1000,1964,0
CEM.US,5,20131114,160000,27.1200,27.1500,27.0900,27.0900,1954,0
CEM.US,5,20131114,160500,27.1200,27.1700,27.1200,27.1700,750,0
CEM.US,5,20131114,161000,27.1000,27.1600,27.0700,27.1600,1516,0
CEM.US,5,20131114,161500,27.1700,27.3700,27.1500,27.2800,5507,0
CEM.US,5,20131114,163000,27.2400,27.2700,27.2400,27.2700,1762,0
CEM.US,5,20131114,163500,27.2900,27.2900,27.2900,27.2900,100,0
CEM.US,5,20131114,164000,27.2100,27.2100,27.2100,27.2100,764,0
CEM.US,5,20131114,164500,27.2900,27.3000,27.2200,27.3000,600,0
CEM.US,5,20131114,165500,27.3000,27.3000,27.2600,27.2900,5660,0
CEM.US,5,20131114,170000,27.3000,27.4700,27.3000,27.3800,11431,0
CEM.US,5,20131114,171000,27.2900,27.2900,27.2800,27.2800,3100,0
CEM.US,5,20131114,171500,27.3200,27.4600,27.3200,27.3800,1600,0
CEM.US,5,20131114,172000,27.4400,27.4900,27.3800,27.4900,7160,0
CEM.US,5,20131114,172500,27.4400,27.4400,27.3900,27.3900,3131,0
CEM.US,5,20131114,173000,27.3700,27.4400,27.3500,27.3800,7224,0
CEM.US,5,20131114,173500,27.4100,27.4100,27.3100,27.4100,870,0
CEM.US,5,20131114,174000,27.4700,27.4700,27.4200,27.4200,3379,0
CEM.US,5,20131114,174500,27.3900,27.4400,27.3600,27.4400,2500,0
CEM.US,5,20131114,175000,27.3600,27.4500,27.3600,27.3600,498,0
CEM.US,5,20131114,175500,27.4600,27.4600,27.4100,27.4100,470,0
CEM.US,5,20131114,180000,27.4000,27.4500,27.4000,27.4200,537,0
CEM.US,5,20131114,180500,27.4400,27.4400,27.4000,27.4300,3688,0
CEM.US,5,20131114,181500,27.4300,27.4300,27.4000,27.4000,3390,0
CEM.US,5,20131114,182000,27.4000,27.4300,27.4000,27.4200,2985,0
CEM.US,5,20131114,183000,27.3500,27.3900,27.3500,27.3900,360,0
CEM.US,5,20131114,183500,27.3400,27.3400,27.3400,27.3400,371,0
CEM.US,5,20131114,185000,27.3500,27.3700,27.3500,27.3700,1000,0
CEM.US,5,20131114,185500,27.3800,27.3800,27.3300,27.3400,1419,0
CEM.US,5,20131114,190500,27.3500,27.3500,27.3500,27.3500,100,0
CEM.US,5,20131114,191000,27.3000,27.3600,27.3000,27.3600,375,0
CEM.US,5,20131114,191500,27.3500,27.3500,27.3500,27.3500,677,0
CEM.US,5,20131114,192000,27.3600,27.3600,27.3500,27.3500,1881,0
CEM.US,5,20131114,192500,27.3600,27.3600,27.3600,27.3600,100,0
CEM.US,5,20131114,193000,27.3700,27.3900,27.3700,27.3700,1098,0
CEM.US,5,20131114,193500,27.3700,27.3700,27.3700,27.3700,192,0
CEM.US,5,20131114,194000,27.3800,27.3900,27.3800,27.3900,761,0
CEM.US,5,20131114,195000,27.3700,27.3700,27.3700,27.3700,172,0
CEM.US,5,20131114,195500,27.3500,27.3500,27.3500,27.3500,116,0
CEM.US,5,20131114,200000,27.3900,27.3900,27.3200,27.3200,1300,0
CEM.US,5,20131114,200500,27.3400,27.3400,27.3400,27.3400,1042,0
CEM.US,5,20131114,201000,27.3600,27.3700,27.3600,27.3700,319,0
CEM.US,5,20131114,201500,27.3400,27.3400,27.3400,27.3400,100,0
CEM.US,5,20131114,202000,27.3100,27.3400,27.3100,27.3400,512,0
CEM.US,5,20131114,202500,27.3200,27.3200,27.3200,27.3200,600,0
CEM.US,5,20131114,203500,27.3300,27.3300,27.3300,27.3300,500,0
CEM.US,5,20131114,204000,27.3100,27.3600,27.3100,27.3600,1600,0
CEM.US,5,20131114,204500,27.3100,27.3100,27.3100,27.3100,800,0
CEM.US,5,20131114,205000,27.3400,27.3400,27.3400,27.3400,335,0
CEM.US,5,20131114,205500,27.3600,27.3600,27.2900,27.2900,1000,0
CEM.US,5,20131114,210000,27.2900,27.3300,27.2700,27.3100,3952,0
CEM.US,5,20131114,210500,27.3300,27.3300,27.2900,27.2900,1316,0
CEM.US,5,20131114,211000,27.3400,27.3400,27.3400,27.3400,3000,0
CEM.US,5,20131114,211500,27.3300,27.3300,27.3300,27.3300,200,0
CEM.US,5,20131114,212000,27.3400,27.3400,27.2900,27.2900,1324,0
CEM.US,5,20131114,212500,27.3200,27.3300,27.3200,27.3300,2615,0
CEM.US,5,20131114,213000,27.3200,27.3200,27.3200,27.3200,112,0
CEM.US,5,20131114,214000,27.3200,27.3200,27.3200,27.3200,185,0
CEM.US,5,20131114,214500,27.3400,27.3400,27.3400,27.3400,100,0
CEM.US,5,20131114,215000,27.3400,27.3400,27.3200,27.3200,2310,0
CEM.US,5,20131114,215500,27.3000,27.3200,27.3000,27.3000,2346,0
CEM.US,5,20131114,220000,27.3000,27.3000,27.2800,27.2800,2321,0
CEM.US,5,20131114,220500,27.3000,27.3000,27.3000,27.3000,200,0
CEM.US,5,20131115,153500,27.4500,27.4500,27.3500,27.4300,3940,0
CEM.US,5,20131115,154000,27.3900,27.4000,27.3900,27.4000,500,0
CEM.US,5,20131115,154500,27.4900,27.4900,27.3600,27.3700,965,0
CEM.US,5,20131115,155000,27.4900,27.4900,27.4000,27.4000,500,0
CEM.US,5,20131115,155500,27.4700,27.4700,27.4100,27.4100,2188,0
CEM.US,5,20131115,160000,27.4900,27.4900,27.4000,27.4000,3612,0
CEM.US,5,20131115,161000,27.4100,27.4600,27.4100,27.4600,344,0
CEM.US,5,20131115,161500,27.4100,27.5000,27.4100,27.4900,872,0
CEM.US,5,20131115,162000,27.4800,27.4800,27.4500,27.4500,494,0
CEM.US,5,20131115,162500,27.4600,27.4800,27.4600,27.4800,1100,0
CEM.US,5,20131115,163000,27.4600,27.4800,27.4300,27.4300,4049,0
CEM.US,5,20131115,164000,27.4800,27.4800,27.4800,27.4800,109,0
CEM.US,5,20131115,164500,27.4400,27.4500,27.4400,27.4400,1250,0
CEM.US,5,20131115,165000,27.4700,27.4800,27.4400,27.4400,900,0
CEM.US,5,20131115,165500,27.4600,27.4600,27.4600,27.4600,100,0
CEM.US,5,20131115,170000,27.4600,27.4800,27.4600,27.4800,2046,0
CEM.US,5,20131115,170500,27.4700,27.4800,27.4700,27.4800,1000,0
CEM.US,5,20131115,171000,27.4600,27.4600,27.4600,27.4600,100,0
CEM.US,5,20131115,171500,27.4600,27.4600,27.4600,27.4600,825,0
CEM.US,5,20131115,172000,27.4600,27.4900,27.4600,27.4900,1140,0
CEM.US,5,20131115,172500,27.5000,27.5000,27.5000,27.5000,1281,0
CEM.US,5,20131115,173000,27.4800,27.5500,27.4800,27.5500,4484,0
CEM.US,5,20131115,173500,27.5600,27.7200,27.5600,27.7200,4200,0
CEM.US,5,20131115,174000,27.6800,27.7000,27.5900,27.7000,1450,0
CEM.US,5,20131115,174500,27.6500,27.6500,27.6500,27.6500,523,0
CEM.US,5,20131115,175000,27.6500,27.6500,27.5700,27.5700,300,0
CEM.US,5,20131115,175500,27.5900,27.5900,27.5900,27.5900,100,0
CEM.US,5,20131115,180000,27.6800,27.6800,27.5900,27.5900,687,0
CEM.US,5,20131115,180500,27.5800,27.6200,27.5800,27.6200,440,0
CEM.US,5,20131115,181000,27.6500,27.6500,27.5800,27.5800,1132,0
CEM.US,5,20131115,181500,27.6400,27.6400,27.5800,27.6400,1034,0
CEM.US,5,20131115,182000,27.6000,27.6400,27.5800,27.5800,2033,0
CEM.US,5,20131115,182500,27.5800,27.6600,27.5800,27.6400,1849,0
CEM.US,5,20131115,183000,27.5800,27.5800,27.5800,27.5800,350,0
CEM.US,5,20131115,183500,27.5800,27.5800,27.5800,27.5800,105,0
CEM.US,5,20131115,184500,27.6300,27.6500,27.6300,27.6500,2045,0
CEM.US,5,20131115,185000,27.6500,27.6500,27.6500,27.6500,362,0
CEM.US,5,20131115,185500,27.6300,27.6300,27.5900,27.5900,200,0
CEM.US,5,20131115,190000,27.6300,27.6300,27.5700,27.5700,800,0
CEM.US,5,20131115,190500,27.5600,27.5600,27.5600,27.5600,300,0
CEM.US,5,20131115,192000,27.6300,27.6300,27.5700,27.6300,1100,0
CEM.US,5,20131115,192500,27.6200,27.6400,27.6200,27.6300,1415,0
CEM.US,5,20131115,193000,27.6400,27.6400,27.6300,27.6300,525,0
CEM.US,5,20131115,193500,27.6400,27.6400,27.6400,27.6400,365,0
CEM.US,5,20131115,194000,27.6400,27.6400,27.6400,27.6400,365,0
CEM.US,5,20131115,194500,27.6400,27.6400,27.6400,27.6400,623,0
CEM.US,5,20131115,195000,27.6300,27.6300,27.6100,27.6200,2189,0
CEM.US,5,20131115,200500,27.6200,27.6400,27.6200,27.6300,1200,0
CEM.US,5,20131115,201000,27.6000,27.6000,27.5900,27.5900,736,0
CEM.US,5,20131115,202000,27.6200,27.6300,27.6200,27.6300,525,0
CEM.US,5,20131115,202500,27.6400,27.6400,27.6400,27.6400,575,0
CEM.US,5,20131115,203000,27.6400,27.6400,27.6100,27.6100,350,0
CEM.US,5,20131115,203500,27.6400,27.6400,27.6400,27.6400,379,0
CEM.US,5,20131115,204000,27.6100,27.6400,27.6100,27.6400,1487,0
CEM.US,5,20131115,204500,27.6500,27.6500,27.6400,27.6400,2668,0
CEM.US,5,20131115,205000,27.6000,27.6000,27.6000,27.6000,500,0
CEM.US,5,20131115,205500,27.6100,27.6100,27.5700,27.5700,744,0
CEM.US,5,20131115,210000,27.6300,27.7100,27.6300,27.7100,5000,0
CEM.US,5,20131115,211000,27.6500,27.6700,27.6500,27.6700,2600,0
CEM.US,5,20131115,211500,27.6900,27.7000,27.6700,27.6700,450,0
CEM.US,5,20131115,212000,27.6700,27.6900,27.6700,27.6900,804,0
CEM.US,5,20131115,212500,27.6800,27.6900,27.6600,27.6900,998,0
CEM.US,5,20131115,213000,27.6800,27.6800,27.6800,27.6800,400,0
CEM.US,5,20131115,213500,27.6800,27.7000,27.6500,27.7000,2986,0
CEM.US,5,20131115,214000,27.7200,27.7200,27.7200,27.7200,100,0
CEM.US,5,20131115,214500,27.6700,27.6700,27.6700,27.6700,200,0
CEM.US,5,20131115,215000,27.7100,27.7100,27.6900,27.6900,1005,0
CEM.US,5,20131115,215500,27.6900,27.7300,27.6800,27.7200,1135,0
CEM.US,5,20131115,220000,27.7000,27.7000,27.6300,27.6800,1326,0
CEM.US,5,20131118,153500,27.7000,27.7700,27.7000,27.7700,2955,0
CEM.US,5,20131118,154500,27.6500,27.6500,27.6500,27.6500,254,0
CEM.US,5,20131118,155000,27.7300,27.7300,27.7300,27.7300,100,0
CEM.US,5,20131118,155500,27.6700,27.7200,27.6100,27.6300,1050,0
CEM.US,5,20131118,160000,27.6500,27.6500,27.6500,27.6500,1000,0
CEM.US,5,20131118,160500,27.6600,27.7000,27.6100,27.7000,866,0
CEM.US,5,20131118,161000,27.6100,27.6100,27.6100,27.6100,100,0
CEM.US,5,20131118,161500,27.6500,27.6500,27.5900,27.5900,300,0
CEM.US,5,20131118,162000,27.6800,27.6800,27.6700,27.6700,900,0
CEM.US,5,20131118,163500,27.6200,27.6200,27.6200,27.6200,130,0
CEM.US,5,20131118,164000,27.6600,27.6800,27.6600,27.6800,860,0
CEM.US,5,20131118,165000,27.6900,27.6900,27.6700,27.6900,1405,0
CEM.US,5,20131118,165500,27.6100,27.7000,27.6100,27.7000,745,0
CEM.US,5,20131118,170000,27.7000,27.7000,27.6300,27.6300,1780,0
CEM.US,5,20131118,171000,27.6800,27.6800,27.6800,27.6800,200,0
CEM.US,5,20131118,171500,27.6500,27.6900,27.6500,27.6900,2400,0
CEM.US,5,20131118,172000,27.6800,27.6900,27.6800,27.6900,612,0
CEM.US,5,20131118,172500,27.6700,27.6800,27.6500,27.6800,2612,0
CEM.US,5,20131118,173000,27.6400,27.6500,27.5400,27.5400,3899,0
CEM.US,5,20131118,173500,27.5900,27.5900,27.5900,27.5900,250,0
CEM.US,5,20131118,174500,27.5200,27.5200,27.5200,27.5200,375,0
CEM.US,5,20131118,175000,27.5900,27.5900,27.5900,27.5900,200,0
CEM.US,5,20131118,180000,27.5900,27.5900,27.5600,27.5900,754,0
CEM.US,5,20131118,180500,27.5400,27.5400,27.4800,27.4800,4241,0
CEM.US,5,20131118,183500,27.6300,27.6300,27.6300,27.6300,109,0
CEM.US,5,20131118,184000,27.5100,27.5100,27.5100,27.5100,610,0
CEM.US,5,20131118,184500,27.6400,27.6400,27.5700,27.5700,1200,0
CEM.US,5,20131118,185000,27.5500,27.6100,27.5500,27.6100,1083,0
CEM.US,5,20131118,185500,27.6300,27.6300,27.6200,27.6300,562,0
CEM.US,5,20131118,190000,27.6300,27.6300,27.5700,27.6000,2573,0
CEM.US,5,20131118,190500,27.6200,27.6200,27.5300,27.6000,1454,0
CEM.US,5,20131118,191000,27.5700,27.6200,27.5700,27.6200,777,0
CEM.US,5,20131118,191500,27.5400,27.5400,27.5400,27.5400,100,0
CEM.US,5,20131118,192000,27.6100,27.6100,27.6100,27.6100,100,0
CEM.US,5,20131118,192500,27.6200,27.6400,27.6100,27.6400,1625,0
CEM.US,5,20131118,193000,27.6200,27.6200,27.5900,27.5900,500,0
CEM.US,5,20131118,193500,27.6200,27.6600,27.6100,27.6100,3433,0
CEM.US,5,20131118,194000,27.6200,27.6200,27.6200,27.6200,250,0
CEM.US,5,20131118,195000,27.6100,27.6100,27.5400,27.5400,1100,0
CEM.US,5,20131118,195500,27.6000,27.6200,27.5700,27.5700,1600,0
CEM.US,5,20131118,200000,27.6400,27.6400,27.6300,27.6300,280,0
CEM.US,5,20131118,200500,27.6300,27.6300,27.6200,27.6200,1070,0
CEM.US,5,20131118,201000,27.6000,27.6000,27.5600,27.5600,1100,0
CEM.US,5,20131118,201500,27.5600,27.6000,27.5600,27.6000,200,0
CEM.US,5,20131118,202000,27.5500,27.5600,27.5500,27.5600,1447,0
CEM.US,5,20131118,202500,27.5900,27.5900,27.5400,27.5400,653,0
CEM.US,5,20131118,203000,27.5400,27.5400,27.5400,27.5400,289,0
CEM.US,5,20131118,203500,27.5600,27.5800,27.5500,27.5500,1000,0
CEM.US,5,20131118,204500,27.6000,27.6000,27.6000,27.6000,979,0
CEM.US,5,20131118,205000,27.5900,27.5900,27.5400,27.5500,2176,0
CEM.US,5,20131118,205500,27.5400,27.5700,27.5100,27.5200,1873,0
CEM.US,5,20131118,210500,27.5000,27.5000,27.5000,27.5000,2414,0
CEM.US,5,20131118,211500,27.5300,27.5300,27.4500,27.4500,400,0
CEM.US,5,20131118,212000,27.4300,27.5000,27.4000,27.5000,1659,0
CEM.US,5,20131118,212500,27.4100,27.5200,27.4100,27.5200,1145,0
CEM.US,5,20131118,213000,27.4300,27.4300,27.4300,27.4300,100,0
CEM.US,5,20131118,213500,27.4100,27.4100,27.4100,27.4100,1411,0
CEM.US,5,20131118,214000,27.5300,27.5300,27.5300,27.5300,225,0
CEM.US,5,20131118,214500,27.5000,27.5200,27.4900,27.4900,2537,0
CEM.US,5,20131118,215000,27.5000,27.5000,27.5000,27.5000,108,0
CEM.US,5,20131118,215500,27.4600,27.4800,27.4100,27.4800,3800,0
CEM.US,5,20131118,220000,27.4600,27.4900,27.4300,27.4300,400,0
CEM.US,5,20131118,220500,27.5000,27.5000,27.5000,27.5000,126,0
CEM.US,5,20131119,153500,27.4800,27.5100,27.4800,27.5000,5441,0
CEM.US,5,20131119,154000,27.4000,27.6100,27.4000,27.6100,1322,0
CEM.US,5,20131119,154500,27.6000,27.6000,27.5400,27.5400,4896,0
CEM.US,5,20131119,155000,27.4900,27.4900,27.2400,27.2500,2375,0
CEM.US,5,20131119,160000,27.3700,27.3700,27.3700,27.3700,475,0
CEM.US,5,20131119,160500,27.3000,27.3000,27.3000,27.3000,188,0
CEM.US,5,20131119,161000,27.3400,27.3400,27.2700,27.3000,2300,0
CEM.US,5,20131119,161500,27.3000,27.3100,27.3000,27.3100,700,0
CEM.US,5,20131119,162000,27.3600,27.3900,27.3500,27.3600,3330,0
CEM.US,5,20131119,162500,27.3300,27.3300,27.3300,27.3300,900,0
CEM.US,5,20131119,164000,27.3500,27.3500,27.3500,27.3500,804,0
CEM.US,5,20131119,165000,27.4000,27.4000,27.4000,27.4000,2200,0
CEM.US,5,20131119,165500,27.3700,27.3700,27.3000,27.3000,1413,0
CEM.US,5,20131119,170000,27.3000,27.3400,27.2800,27.3400,1774,0
CEM.US,5,20131119,170500,27.2800,27.2800,27.2800,27.2800,132,0
CEM.US,5,20131119,171000,27.2800,27.3200,27.2800,27.3200,2000,0
CEM.US,5,20131119,171500,27.3300,27.3400,27.2800,27.2800,1207,0
CEM.US,5,20131119,172000,27.3300,27.3300,27.2900,27.3000,1369,0
CEM.US,5,20131119,172500,27.3000,27.3000,27.2900,27.2900,200,0
CEM.US,5,20131119,173000,27.2900,27.3000,27.2700,27.3000,1216,0
CEM.US,5,20131119,173500,27.2900,27.3800,27.2900,27.3600,2600,0
CEM.US,5,20131119,174000,27.3600,27.3900,27.2600,27.3300,5250,0
CEM.US,5,20131119,174500,27.2500,27.3500,27.2500,27.2500,1925,0
CEM.US,5,20131119,175000,27.3200,27.3600,27.3200,27.3600,2955,0
CEM.US,5,20131119,175500,27.3600,27.3600,27.3600,27.3600,650,0
CEM.US,5,20131119,180000,27.3600,27.3600,27.3500,27.3600,930,0
CEM.US,5,20131119,180500,27.3600,27.3600,27.3300,27.3300,2090,0
CEM.US,5,20131119,181000,27.3600,27.4500,27.3500,27.4500,8504,0
CEM.US,5,20131119,181500,27.4400,27.4400,27.3800,27.3800,5221,0
CEM.US,5,20131119,182000,27.4200,27.4200,27.3900,27.3900,1500,0
CEM.US,5,20131119,183000,27.4200,27.4200,27.3700,27.3700,448,0
CEM.US,5,20131119,183500,27.3800,27.4200,27.3600,27.3600,1803,0
CEM.US,5,20131119,184000,27.3600,27.3600,27.3200,27.3200,348,0
CEM.US,5,20131119,185000,27.2500,27.3500,27.2500,27.3300,1101,0
CEM.US,5,20131119,190000,27.3100,27.3100,27.2400,27.2800,1455,0
CEM.US,5,20131119,190500,27.3400,27.3400,27.3400,27.3400,202,0
CEM.US,5,20131119,191000,27.3400,27.3400,27.2500,27.2500,2291,0
CEM.US,5,20131119,191500,27.3000,27.3000,27.3000,27.3000,201,0
CEM.US,5,20131119,192500,27.3300,27.3300,27.3300,27.3300,545,0
CEM.US,5,20131119,193000,27.2700,27.3300,27.2700,27.3300,534,0
CEM.US,5,20131119,193500,27.3000,27.3200,27.2500,27.2500,2400,0
CEM.US,5,20131119,194000,27.2900,27.3200,27.2900,27.3200,2150,0
CEM.US,5,20131119,194500,27.3200,27.3200,27.3000,27.3000,500,0
CEM.US,5,20131119,195000,27.3000,27.3000,27.2800,27.3000,2600,0
CEM.US,5,20131119,195500,27.3000,27.3400,27.3000,27.3300,1382,0
CEM.US,5,20131119,200000,27.3200,27.3300,27.3000,27.3100,1004,0
CEM.US,5,20131119,200500,27.3200,27.3200,27.3000,27.3200,1000,0
CEM.US,5,20131119,201000,27.3200,27.3200,27.2700,27.3000,2729,0
CEM.US,5,20131119,201500,27.2700,27.3000,27.2700,27.2900,2550,0
CEM.US,5,20131119,202000,27.2800,27.2900,27.2800,27.2900,2347,0
CEM.US,5,20131119,202500,27.2700,27.2700,27.2100,27.2100,8600,0
CEM.US,5,20131119,203000,27.2600,27.3400,27.2400,27.3400,2786,0
CEM.US,5,20131119,203500,27.3400,27.3400,27.3000,27.3400,2900,0
CEM.US,5,20131119,204000,27.3500,27.3500,27.3500,27.3500,610,0
CEM.US,5,20131119,204500,27.3500,27.3500,27.3200,27.3500,2042,0
CEM.US,5,20131119,205000,27.3500,27.3900,27.3000,27.3000,3060,0
CEM.US,5,20131119,205500,27.3900,27.3900,27.3000,27.3700,664,0
CEM.US,5,20131119,210000,27.3700,27.3900,27.3200,27.3800,1294,0
CEM.US,5,20131119,210500,27.3800,27.3900,27.3300,27.3900,800,0
CEM.US,5,20131119,211000,27.3900,27.3900,27.3800,27.3900,600,0
CEM.US,5,20131119,211500,27.3900,27.4300,27.3600,27.3900,2794,0
CEM.US,5,20131119,212000,27.3900,27.4100,27.3200,27.3200,3400,0
CEM.US,5,20131119,212500,27.3600,27.3700,27.3100,27.3100,2880,0
CEM.US,5,20131119,213000,27.3100,27.3100,27.3100,27.3100,617,0
CEM.US,5,20131119,213500,27.3500,27.3500,27.3500,27.3500,1100,0
CEM.US,5,20131119,214000,27.3600,27.3600,27.3100,27.3400,2367,0
CEM.US,5,20131119,215000,27.3300,27.3500,27.3300,27.3300,1000,0
CEM.US,5,20131119,215500,27.3100,27.3100,27.3100,27.3100,1509,0
CEM.US,5,20131119,220000,27.3100,27.3600,27.3100,27.3500,4618,0
CEM.US,5,20131119,220500,27.3400,27.3400,27.3400,27.3400,113,0
CEM.US,5,20131120,153500,27.0300,27.1100,26.8800,26.8800,2375,0
CEM.US,5,20131120,154000,26.8700,26.8800,26.8200,26.8300,2187,0
CEM.US,5,20131120,154500,26.8500,26.8500,26.7800,26.8200,4385,0
CEM.US,5,20131120,155000,26.8300,26.8600,26.8300,26.8600,684,0
CEM.US,5,20131120,155500,26.8700,26.8700,26.8400,26.8500,800,0
CEM.US,5,20131120,160000,26.8800,26.8800,26.8700,26.8700,1350,0
CEM.US,5,20131120,160500,26.8500,26.8600,26.8000,26.8600,4512,0
CEM.US,5,20131120,161000,26.8600,26.8600,26.8600,26.8600,2710,0
CEM.US,5,20131120,161500,26.8500,26.8500,26.8500,26.8500,100,0
CEM.US,5,20131120,162000,26.8500,26.9300,26.8500,26.9200,2200,0
CEM.US,5,20131120,162500,26.8200,27.0000,26.8200,26.9300,3783,0
CEM.US,5,20131120,163000,27.0000,27.0000,27.0000,27.0000,430,0
CEM.US,5,20131120,163500,26.8900,26.9800,26.8700,26.9700,2520,0
CEM.US,5,20131120,164000,26.9800,26.9800,26.8800,26.8800,3700,0
CEM.US,5,20131120,164500,26.9200,26.9400,26.8500,26.8700,1500,0
CEM.US,5,20131120,165500,26.8700,26.8700,26.8700,26.8700,1310,0
CEM.US,5,20131120,170000,26.9300,26.9300,26.9000,26.9100,1260,0
CEM.US,5,20131120,170500,26.9200,26.9200,26.9200,26.9200,123,0
CEM.US,5,20131120,171500,26.8700,26.8700,26.8700,26.8700,325,0
CEM.US,5,20131120,172000,26.9200,26.9200,26.9200,26.9200,1393,0
CEM.US,5,20131120,172500,26.8500,26.9100,26.8500,26.9100,1668,0
CEM.US,5,20131120,173000,26.9000,26.9000,26.8400,26.8400,600,0
CEM.US,5,20131120,173500,26.9100,26.9100,26.9000,26.9000,728,0
CEM.US,5,20131120,174000,26.9000,26.9000,26.8900,26.8900,760,0
CEM.US,5,20131120,174500,26.9100,26.9100,26.9100,26.9100,565,0
CEM.US,5,20131120,175000,26.9100,26.9100,26.8600,26.9100,1376,0
CEM.US,5,20131120,175500,26.8800,26.8800,26.8800,26.8800,110,0
CEM.US,5,20131120,180000,26.9100,27.0100,26.9100,27.0100,9978,0
CEM.US,5,20131120,180500,27.0300,27.0300,27.0300,27.0300,300,0
CEM.US,5,20131120,181000,27.0100,27.0100,27.0100,27.0100,260,0
CEM.US,5,20131120,181500,26.9700,26.9700,26.9700,26.9700,1750,0
CEM.US,5,20131120,182000,27.0300,27.0300,26.9700,26.9700,1940,0
CEM.US,5,20131120,183500,27.0400,27.0500,27.0100,27.0100,400,0
CEM.US,5,20131120,184000,27.0100,27.0200,26.9600,26.9600,416,0
CEM.US,5,20131120,184500,27.0200,27.0800,27.0200,27.0800,650,0
CEM.US,5,20131120,185000,27.0700,27.0800,27.0700,27.0700,300,0
CEM.US,5,20131120,185500,27.0600,27.0600,27.0200,27.0200,1200,0
CEM.US,5,20131120,190000,27.0800,27.0800,27.0600,27.0600,200,0
CEM.US,5,20131120,190500,27.0600,27.0600,27.0600,27.0600,200,0
CEM.US,5,20131120,191000,27.0900,27.0900,27.0500,27.0900,450,0
CEM.US,5,20131120,191500,27.0500,27.1100,27.0500,27.0600,690,0
CEM.US,5,20131120,192000,27.1100,27.1300,27.0600,27.0600,600,0
CEM.US,5,20131120,192500,27.1100,27.1100,27.1100,27.1100,300,0
CEM.US,5,20131120,193000,27.1100,27.1100,27.0800,27.0900,2071,0
CEM.US,5,20131120,193500,27.0900,27.0900,27.0800,27.0900,500,0
CEM.US,5,20131120,194000,27.0900,27.1100,27.0900,27.1100,1982,0
CEM.US,5,20131120,194500,27.1100,27.1800,27.0800,27.1300,3303,0
CEM.US,5,20131120,195000,27.1300,27.1300,27.0800,27.0900,1400,0
CEM.US,5,20131120,195500,27.0500,27.0500,27.0200,27.0200,1735,0
CEM.US,5,20131120,200000,27.0400,27.0600,27.0200,27.0600,15045,0
CEM.US,5,20131120,200500,27.0200,27.0200,26.9600,27.0200,5415,0
CEM.US,5,20131120,201000,27.0200,27.0200,27.0100,27.0100,200,0
CEM.US,5,20131120,201500,27.0100,27.0100,27.0000,27.0100,300,0
CEM.US,5,20131120,202000,27.0000,27.0000,26.9500,27.0000,784,0
CEM.US,5,20131120,202500,27.0000,27.0800,27.0000,27.0100,1400,0
CEM.US,5,20131120,203000,27.0200,27.0200,27.0200,27.0200,300,0
CEM.US,5,20131120,203500,27.0200,27.0900,27.0200,27.0900,1600,0
CEM.US,5,20131120,204000,27.0200,27.0200,26.9700,26.9700,1725,0
CEM.US,5,20131120,204500,27.0200,27.0200,26.9500,27.0100,2230,0
CEM.US,5,20131120,205000,27.0000,27.0100,27.0000,27.0100,300,0
CEM.US,5,20131120,205500,27.0100,27.0300,27.0100,27.0300,3622,0
CEM.US,5,20131120,210000,27.0300,27.0400,26.9900,27.0400,4031,0
CEM.US,5,20131120,210500,27.0400,27.0400,27.0100,27.0100,935,0
CEM.US,5,20131120,211000,27.0400,27.0400,27.0400,27.0400,2400,0
CEM.US,5,20131120,211500,27.0400,27.0400,27.0000,27.0000,8943,0
CEM.US,5,20131120,212000,27.0000,27.0200,27.0000,27.0200,4242,0
CEM.US,5,20131120,212500,27.0200,27.0200,27.0000,27.0200,1735,0
CEM.US,5,20131120,213000,27.0200,27.0300,27.0200,27.0300,500,0
CEM.US,5,20131120,213500,27.0200,27.0300,27.0200,27.0300,1058,0
CEM.US,5,20131120,214000,27.0300,27.0300,27.0000,27.0300,2106,0
CEM.US,5,20131120,214500,27.0300,27.0500,27.0100,27.0300,1400,0
CEM.US,5,20131120,215000,27.0300,27.0300,27.0100,27.0100,1869,0
CEM.US,5,20131120,215500,27.0300,27.0300,27.0000,27.0000,15282,0
CEM.US,5,20131120,220000,26.9900,26.9900,26.8800,26.9300,3372,0
CEM.US,5,20131120,220500,26.9500,26.9500,26.9500,26.9500,376,0
CEM.US,5,20131121,153500,26.8900,26.9800,26.8700,26.9800,1000,0
CEM.US,5,20131121,154000,26.9500,26.9600,26.9500,26.9600,400,0
CEM.US,5,20131121,154500,26.9600,26.9600,26.9400,26.9400,400,0
CEM.US,5,20131121,155000,26.8800,26.9900,26.8600,26.9900,3300,0
CEM.US,5,20131121,155500,26.9900,26.9900,26.9000,26.9800,2000,0
CEM.US,5,20131121,160000,26.9700,26.9900,26.9500,26.9500,500,0
CEM.US,5,20131121,160500,26.9800,27.0900,26.9800,27.0900,1050,0
CEM.US,5,20131121,161000,27.1000,27.1000,27.0300,27.0800,1250,0
CEM.US,5,20131121,161500,27.0600,27.1000,27.0400,27.0400,2650,0
CEM.US,5,20131121,162000,27.0400,27.1000,26.9500,26.9500,4317,0
CEM.US,5,20131121,162500,26.9500,27.0000,26.9100,26.9200,2820,0
CEM.US,5,20131121,163000,26.9400,26.9400,26.9200,26.9200,422,0
CEM.US,5,20131121,163500,26.9700,26.9700,26.9600,26.9600,982,0
CEM.US,5,20131121,164000,26.9700,27.0100,26.9400,27.0100,432,0
CEM.US,5,20131121,164500,27.0200,27.0200,27.0100,27.0100,200,0
CEM.US,5,20131121,165000,27.0100,27.0800,26.9600,27.0700,2500,0
CEM.US,5,20131121,165500,27.0800,27.0800,27.0800,27.0800,1100,0
CEM.US,5,20131121,170000,27.0800,27.0800,27.0800,27.0800,200,0
CEM.US,5,20131121,170500,27.0800,27.0800,27.0800,27.0800,200,0
CEM.US,5,20131121,171000,27.0900,27.0900,27.0300,27.0800,9768,0
CEM.US,5,20131121,171500,27.0800,27.0800,27.0800,27.0800,960,0
CEM.US,5,20131121,172000,27.0600,27.0800,27.0400,27.0800,1912,0
CEM.US,5,20131121,172500,27.0300,27.0800,27.0300,27.0800,1502,0
CEM.US,5,20131121,173000,27.1000,27.1100,27.0300,27.0700,3200,0
CEM.US,5,20131121,173500,27.1000,27.1100,27.0300,27.0300,4413,0
CEM.US,5,20131121,174000,27.0400,27.0900,27.0300,27.0400,3940,0
CEM.US,5,20131121,174500,27.0200,27.0400,27.0200,27.0300,500,0
CEM.US,5,20131121,175000,27.0800,27.0900,27.0300,27.0400,2415,0
CEM.US,5,20131121,175500,27.0800,27.0800,27.0300,27.0400,1344,0
CEM.US,5,20131121,180000,27.0800,27.0800,27.0400,27.0800,514,0
CEM.US,5,20131121,180500,27.0400,27.0700,27.0300,27.0400,1368,0
CEM.US,5,20131121,181000,27.0800,27.0800,27.0800,27.0800,1000,0
CEM.US,5,20131121,181500,27.0500,27.0500,27.0100,27.0200,2166,0
CEM.US,5,20131121,182000,27.0200,27.0200,27.0100,27.0200,1700,0
CEM.US,5,20131121,182500,27.0100,27.0600,27.0100,27.0100,900,0
CEM.US,5,20131121,183000,27.0100,27.0600,27.0100,27.0600,2717,0
CEM.US,5,20131121,184000,27.0600,27.0600,27.0600,27.0600,200,0
CEM.US,5,20131121,184500,27.0800,27.0800,27.0300,27.0800,800,0
CEM.US,5,20131121,185000,27.0300,27.0800,27.0300,27.0800,1245,0
CEM.US,5,20131121,185500,27.0800,27.0800,27.0400,27.0800,1481,0
CEM.US,5,20131121,190000,27.0500,27.0900,27.0000,27.0400,1525,0
CEM.US,5,20131121,190500,27.0800,27.0800,27.0800,27.0800,5000,0
CEM.US,5,20131121,191000,27.0400,27.0400,27.0400,27.0400,180,0
CEM.US,5,20131121,191500,27.0700,27.0700,27.0200,27.0200,575,0
CEM.US,5,20131121,192000,27.0700,27.0700,27.0400,27.0700,300,0
CEM.US,5,20131121,192500,27.0600,27.0600,27.0200,27.0200,3572,0
CEM.US,5,20131121,193000,27.0900,27.0900,27.0900,27.0900,100,0
CEM.US,5,20131121,193500,27.0800,27.0800,27.0800,27.0800,100,0
CEM.US,5,20131121,194000,27.0800,27.0800,27.0500,27.0800,1015,0
CEM.US,5,20131121,194500,27.0500,27.0600,27.0200,27.0600,4417,0
CEM.US,5,20131121,195500,27.0600,27.0600,27.0200,27.0600,2995,0
CEM.US,5,20131121,200000,27.0500,27.0500,27.0100,27.0100,790,0
CEM.US,5,20131121,200500,27.0500,27.0500,27.0200,27.0500,717,0
CEM.US,5,20131121,201000,27.0500,27.0500,27.0300,27.0500,2952,0
CEM.US,5,20131121,201500,27.0600,27.0600,27.0600,27.0600,300,0
CEM.US,5,20131121,202000,27.0600,27.0600,27.0600,27.0600,200,0
CEM.US,5,20131121,202500,27.0800,27.0800,27.0500,27.0600,3400,0
CEM.US,5,20131121,203000,27.0800,27.0800,27.0300,27.0700,1476,0
CEM.US,5,20131121,203500,27.0400,27.1000,27.0400,27.1000,3411,0
CEM.US,5,20131121,204000,27.0900,27.1000,27.0800,27.1000,5860,0
CEM.US,5,20131121,204500,27.1000,27.1000,27.1000,27.1000,300,0
CEM.US,5,20131121,205000,27.1000,27.1000,27.0900,27.1000,1222,0
CEM.US,5,20131121,205500,27.0500,27.1000,27.0400,27.0900,3919,0
CEM.US,5,20131121,210000,27.0500,27.0900,27.0500,27.0900,960,0
CEM.US,5,20131121,210500,27.0500,27.0500,27.0300,27.0300,2299,0
CEM.US,5,20131121,211000,27.0500,27.0800,27.0400,27.0800,3546,0
CEM.US,5,20131121,211500,27.0800,27.0800,27.0600,27.0700,1706,0
CEM.US,5,20131121,212000,27.0800,27.0800,27.0600,27.0600,300,0
CEM.US,5,20131121,212500,27.0700,27.0700,27.0500,27.0500,600,0
CEM.US,5,20131121,213000,27.0700,27.0800,27.0400,27.0700,2614,0
CEM.US,5,20131121,213500,27.0900,27.0900,27.0000,27.0400,6286,0
CEM.US,5,20131121,214000,27.0000,27.0300,27.0000,27.0300,6218,0
CEM.US,5,20131121,214500,27.0400,27.0700,27.0400,27.0700,1743,0
CEM.US,5,20131121,215000,27.0700,27.0700,27.0400,27.0500,3100,0
CEM.US,5,20131121,215500,27.0800,27.0800,27.0500,27.0800,3410,0
CEM.US,5,20131121,220000,27.0800,27.0800,27.0400,27.0400,3731,0
CEM.US,5,20131121,220500,27.0400,27.0400,27.0400,27.0400,200,0
CEM.US,5,20131122,153500,26.9700,26.9700,26.9400,26.9400,600,0
CEM.US,5,20131122,154000,26.9600,26.9800,26.9600,26.9800,1829,0
CEM.US,5,20131122,154500,27.0700,27.0700,27.0200,27.0200,4140,0
CEM.US,5,20131122,155000,26.9800,26.9800,26.9500,26.9500,7180,0
CEM.US,5,20131122,155500,26.9500,26.9500,26.9500,26.9500,496,0
CEM.US,5,20131122,160000,26.9400,27.0600,26.9400,27.0600,8676,0
CEM.US,5,20131122,160500,26.9700,27.0400,26.9700,27.0400,2660,0
CEM.US,5,20131122,161000,26.9700,27.0100,26.9700,27.0100,1649,0
CEM.US,5,20131122,161500,26.9800,26.9800,26.9800,26.9800,686,0
CEM.US,5,20131122,162000,27.0500,27.0500,27.0500,27.0500,125,0
CEM.US,5,20131122,162500,27.0400,27.0400,27.0200,27.0200,736,0
CEM.US,5,20131122,164000,27.0700,27.0700,27.0700,27.0700,400,0
CEM.US,5,20131122,165000,27.0600,27.1500,27.0600,27.1100,11637,0
CEM.US,5,20131122,170500,27.1100,27.1100,27.1000,27.1000,565,0
CEM.US,5,20131122,171000,27.1000,27.1500,27.1000,27.1200,2094,0
CEM.US,5,20131122,171500,27.1500,27.1500,27.1400,27.1400,600,0
CEM.US,5,20131122,172000,27.1500,27.2000,27.1400,27.1700,2136,0
CEM.US,5,20131122,172500,27.2000,27.2200,27.2000,27.2200,600,0
CEM.US,5,20131122,173000,27.2300,27.2500,27.2300,27.2400,1240,0
CEM.US,5,20131122,173500,27.1600,27.1600,27.1600,27.1600,400,0
CEM.US,5,20131122,174000,27.3000,27.3000,27.3000,27.3000,950,0
CEM.US,5,20131122,174500,27.3100,27.3100,27.3100,27.3100,1545,0
CEM.US,5,20131122,175000,27.2900,27.2900,27.2900,27.2900,200,0
CEM.US,5,20131122,175500,27.2200,27.2200,27.2200,27.2200,1239,0
CEM.US,5,20131122,180000,27.2500,27.2500,27.2500,27.2500,750,0
CEM.US,5,20131122,180500,27.2300,27.2300,27.2300,27.2300,700,0
CEM.US,5,20131122,181000,27.2100,27.3600,27.2100,27.2600,4416,0
CEM.US,5,20131122,181500,27.3400,27.3400,27.3400,27.3400,150,0
CEM.US,5,20131122,182000,27.3200,27.3200,27.2100,27.2300,2318,0
CEM.US,5,20131122,182500,27.2700,27.2700,27.2700,27.2700,180,0
CEM.US,5,20131122,183500,27.2300,27.2300,27.2000,27.2000,2500,0
CEM.US,5,20131122,184000,27.2000,27.2500,27.2000,27.2500,1460,0
CEM.US,5,20131122,184500,27.2500,27.2500,27.2500,27.2500,200,0
CEM.US,5,20131122,185000,27.2400,27.2500,27.2400,27.2400,2300,0
CEM.US,5,20131122,185500,27.2500,27.3000,27.2400,27.3000,4400,0
CEM.US,5,20131122,190000,27.3200,27.3200,27.3200,27.3200,1435,0
CEM.US,5,20131122,190500,27.3000,27.3000,27.2800,27.2800,693,0
CEM.US,5,20131122,191000,27.3000,27.3000,27.3000,27.3000,3020,0
CEM.US,5,20131122,191500,27.3000,27.3000,27.2500,27.2900,1200,0
CEM.US,5,20131122,192000,27.2500,27.3000,27.2500,27.3000,1859,0
CEM.US,5,20131122,192500,27.2800,27.3100,27.2500,27.3100,4010,0
CEM.US,5,20131122,193000,27.3300,27.3300,27.2900,27.2900,533,0
CEM.US,5,20131122,193500,27.3000,27.3400,27.3000,27.3400,1437,0
CEM.US,5,20131122,194000,27.3600,27.3600,27.2700,27.2700,1118,0
CEM.US,5,20131122,194500,27.3100,27.3200,27.3100,27.3200,300,0
CEM.US,5,20131122,200000,27.3100,27.3100,27.3100,27.3100,400,0
CEM.US,5,20131122,200500,27.3600,27.3600,27.3300,27.3300,757,0
CEM.US,5,20131122,201000,27.3000,27.3300,27.3000,27.3300,1164,0
CEM.US,5,20131122,201500,27.3200,27.3200,27.3000,27.3000,2343,0
CEM.US,5,20131122,202000,27.3000,27.3000,27.3000,27.3000,758,0
CEM.US,5,20131122,202500,27.3000,27.3000,27.3000,27.3000,1085,0
CEM.US,5,20131122,203000,27.3000,27.3400,27.3000,27.3400,2206,0
CEM.US,5,20131122,203500,27.3500,27.3500,27.3400,27.3400,455,0
CEM.US,5,20131122,204000,27.3400,27.3600,27.3200,27.3300,5474,0
CEM.US,5,20131122,204500,27.3100,27.3100,27.3000,27.3000,5295,0
CEM.US,5,20131122,205000,27.3200,27.3200,27.3000,27.3000,1642,0
CEM.US,5,20131122,205500,27.3000,27.3000,27.2200,27.2400,3166,0
CEM.US,5,20131122,210500,27.2100,27.2500,27.2100,27.2500,674,0
CEM.US,5,20131122,212000,27.1800,27.2000,27.1800,27.2000,2041,0
CEM.US,5,20131122,213000,27.1500,27.1500,27.1500,27.1500,660,0
CEM.US,5,20131122,213500,27.1500,27.1700,27.1500,27.1500,1850,0
CEM.US,5,20131122,214000,27.1600,27.1600,27.1600,27.1600,1007,0
CEM.US,5,20131122,214500,27.1500,27.1500,27.1500,27.1500,500,0
CEM.US,5,20131122,215000,27.2000,27.2000,27.2000,27.2000,710,0
CEM.US,5,20131122,215500,27.1800,27.2500,27.1800,27.2500,750,0
CEM.US,5,20131122,220000,27.2100,27.2100,27.1700,27.2100,2039,0
CEM.US,5,20131122,220500,27.2100,27.2100,27.2100,27.2100,491,0
CEM.US,5,20131125,153500,27.3200,27.4000,27.3200,27.3900,1149,0
CEM.US,5,20131125,154000,27.3000,27.3300,27.3000,27.3300,200,0
CEM.US,5,20131125,155000,27.3000,27.3000,27.3000,27.3000,100,0
CEM.US,5,20131125,155500,27.2900,27.2900,27.2500,27.2900,750,0
CEM.US,5,20131125,160000,27.2900,27.2900,27.1800,27.1800,3250,0
CEM.US,5,20131125,160500,27.1800,27.1900,27.1600,27.1600,1150,0
CEM.US,5,20131125,161000,27.2600,27.2600,27.2600,27.2600,1500,0
CEM.US,5,20131125,161500,27.1900,27.1900,27.1900,27.1900,100,0
CEM.US,5,20131125,162000,27.1200,27.1800,27.1200,27.1800,300,0
CEM.US,5,20131125,162500,27.1600,27.2100,27.1500,27.2000,3944,0
CEM.US,5,20131125,163000,27.2100,27.2900,27.2100,27.2800,4380,0
CEM.US,5,20131125,163500,27.2500,27.2500,27.2500,27.2500,100,0
CEM.US,5,20131125,164000,27.2500,27.2500,27.2500,27.2500,200,0
CEM.US,5,20131125,164500,27.2100,27.2200,27.2100,27.2200,200,0
CEM.US,5,20131125,165000,27.2800,27.3000,27.2200,27.3000,7702,0
CEM.US,5,20131125,165500,27.2700,27.2700,27.2700,27.2700,180,0
CEM.US,5,20131125,170500,27.2800,27.2800,27.2800,27.2800,100,0
CEM.US,5,20131125,171000,27.3000,27.3000,27.2300,27.2400,1420,0
CEM.US,5,20131125,171500,27.3000,27.3000,27.2600,27.3000,2600,0
CEM.US,5,20131125,172000,27.2700,27.3000,27.2600,27.3000,1689,0
CEM.US,5,20131125,172500,27.3000,27.3000,27.2600,27.2600,1350,0
CEM.US,5,20131125,173000,27.3200,27.3300,27.3100,27.3100,1865,0
CEM.US,5,20131125,173500,27.3500,27.3700,27.3200,27.3700,1385,0
CEM.US,5,20131125,174500,27.3600,27.3800,27.3600,27.3600,300,0
CEM.US,5,20131125,175000,27.3600,27.3600,27.3600,27.3600,100,0
CEM.US,5,20131125,175500,27.3700,27.3700,27.3700,27.3700,200,0
CEM.US,5,20131125,180000,27.3700,27.3700,27.3700,27.3700,300,0
CEM.US,5,20131125,180500,27.3700,27.3800,27.3700,27.3800,1400,0
CEM.US,5,20131125,181000,27.3800,27.3800,27.3700,27.3800,712,0
CEM.US,5,20131125,181500,27.3800,27.4300,27.3800,27.4300,2700,0
CEM.US,5,20131125,182000,27.4300,27.4300,27.4000,27.4300,950,0
CEM.US,5,20131125,182500,27.4300,27.4300,27.3900,27.4300,3500,0
CEM.US,5,20131125,183000,27.4100,27.4400,27.4000,27.4000,3700,0
CEM.US,5,20131125,183500,27.4100,27.4100,27.4000,27.4000,1950,0
CEM.US,5,20131125,184000,27.4000,27.4100,27.4000,27.4100,1719,0
CEM.US,5,20131125,184500,27.4100,27.4100,27.4000,27.4100,1500,0
CEM.US,5,20131125,185000,27.4100,27.4200,27.4100,27.4200,3100,0
CEM.US,5,20131125,185500,27.4000,27.4200,27.4000,27.4100,2510,0
CEM.US,5,20131125,190000,27.4200,27.4200,27.4000,27.4000,950,0
CEM.US,5,20131125,190500,27.4100,27.4100,27.4100,27.4100,100,0
CEM.US,5,20131125,191000,27.4100,27.4200,27.4000,27.4000,875,0
CEM.US,5,20131125,191500,27.4000,27.4000,27.3600,27.3600,800,0
CEM.US,5,20131125,192000,27.4000,27.4200,27.4000,27.4200,300,0
CEM.US,5,20131125,192500,27.4200,27.4300,27.4100,27.4100,700,0
CEM.US,5,20131125,193000,27.4300,27.4300,27.4100,27.4100,1118,0
CEM.US,5,20131125,193500,27.4100,27.4100,27.3800,27.3800,589,0
CEM.US,5,20131125,195000,27.4300,27.4400,27.3400,27.4000,4517,0
CEM.US,5,20131125,200000,27.3800,27.4300,27.3800,27.4300,666,0
CEM.US,5,20131125,200500,27.4700,27.4700,27.3600,27.3700,3707,0
CEM.US,5,20131125,201000,27.4600,27.4600,27.3700,27.3700,1000,0
CEM.US,5,20131125,201500,27.3700,27.3700,27.2600,27.2600,4350,0
CEM.US,5,20131125,202000,27.3200,27.3200,27.2500,27.2500,1208,0
CEM.US,5,20131125,202500,27.2500,27.3000,27.2500,27.2700,1579,0
CEM.US,5,20131125,203000,27.2900,27.2900,27.2900,27.2900,107,0
CEM.US,5,20131125,203500,27.3000,27.3000,27.2600,27.3000,595,0
CEM.US,5,20131125,204000,27.3000,27.3000,27.2600,27.3000,719,0
CEM.US,5,20131125,204500,27.2600,27.2700,27.2600,27.2700,1654,0
CEM.US,5,20131125,205000,27.2700,27.3000,27.2400,27.3000,2099,0
CEM.US,5,20131125,205500,27.2700,27.3000,27.2700,27.2900,1341,0
CEM.US,5,20131125,210000,27.2900,27.2900,27.2900,27.2900,235,0
CEM.US,5,20131125,210500,27.2900,27.2900,27.2900,27.2900,2200,0
CEM.US,5,20131125,211000,27.2800,27.3000,27.2200,27.2900,4924,0
CEM.US,5,20131125,211500,27.2700,27.2900,27.2700,27.2900,310,0
CEM.US,5,20131125,212000,27.2900,27.2900,27.2000,27.2000,2153,0
CEM.US,5,20131125,212500,27.2700,27.2700,27.1500,27.1500,1304,0
CEM.US,5,20131125,213000,27.2700,27.2700,27.1500,27.1500,1053,0
CEM.US,5,20131125,213500,27.2000,27.2500,27.1200,27.2500,3288,0
CEM.US,5,20131125,214000,27.1300,27.1300,27.1300,27.1300,299,0
CEM.US,5,20131125,214500,27.1900,27.2000,27.0900,27.1000,6460,0
CEM.US,5,20131125,215000,27.1700,27.1700,27.1100,27.1700,629,0
CEM.US,5,20131125,215500,27.1100,27.1500,27.0800,27.1500,1372,0
CEM.US,5,20131125,220000,27.0900,27.1000,26.9500,27.0300,15928,0
CEM.US,5,20131125,220500,27.0800,27.0800,27.0800,27.0800,165,0
CEM.US,5,20131126,153500,27.0000,27.0100,27.0000,27.0100,600,0
CEM.US,5,20131126,154000,27.1000,27.1000,27.1000,27.1000,300,0
CEM.US,5,20131126,154500,27.0800,27.0800,27.0500,27.0600,2080,0
CEM.US,5,20131126,155000,27.0600,27.1000,27.0600,27.1000,500,0
CEM.US,5,20131126,155500,27.0700,27.0900,27.0500,27.0700,1881,0
CEM.US,5,20131126,160000,26.9900,27.0000,26.9800,26.9800,2900,0
CEM.US,5,20131126,160500,27.0500,27.0500,27.0500,27.0500,100,0
CEM.US,5,20131126,161000,27.0600,27.0700,27.0600,27.0700,3700,0
CEM.US,5,20131126,161500,26.9900,27.0000,26.9600,26.9600,3033,0
CEM.US,5,20131126,162000,26.9600,27.0000,26.9000,27.0000,1100,0
CEM.US,5,20131126,162500,27.0000,27.0300,27.0000,27.0100,1900,0
CEM.US,5,20131126,163000,27.0100,27.0300,27.0000,27.0000,1200,0
CEM.US,5,20131126,163500,26.9900,27.0100,26.9900,27.0100,400,0
CEM.US,5,20131126,165000,27.0200,27.0300,26.9900,26.9900,1033,0
CEM.US,5,20131126,165500,27.0000,27.0000,27.0000,27.0000,3376,0
CEM.US,5,20131126,170000,27.0000,27.0000,26.9900,27.0000,700,0
CEM.US,5,20131126,171500,26.9900,26.9900,26.9700,26.9700,4461,0
CEM.US,5,20131126,172000,26.9500,26.9500,26.9500,26.9500,1429,0
CEM.US,5,20131126,172500,26.9500,26.9500,26.9500,26.9500,200,0
CEM.US,5,20131126,173000,26.9500,26.9500,26.8800,26.8800,6167,0
CEM.US,5,20131126,173500,26.9600,26.9600,26.9400,26.9400,495,0
CEM.US,5,20131126,174000,26.9000,26.9000,26.8700,26.8700,406,0
CEM.US,5,20131126,174500,26.9400,26.9900,26.9400,26.9700,12489,0
CEM.US,5,20131126,175000,26.9600,26.9600,26.9600,26.9600,310,0
CEM.US,5,20131126,175500,26.9300,26.9300,26.9300,26.9300,123,0
CEM.US,5,20131126,180000,26.8900,26.9300,26.8900,26.9300,710,0
CEM.US,5,20131126,180500,26.8800,26.9500,26.8800,26.9300,1208,0
CEM.US,5,20131126,181000,26.9400,26.9500,26.8700,26.9500,1686,0
CEM.US,5,20131126,181500,26.9500,26.9700,26.8800,26.8800,450,0
CEM.US,5,20131126,182000,26.9400,26.9700,26.9400,26.9700,827,0
CEM.US,5,20131126,183000,26.9600,26.9600,26.8700,26.8700,1450,0
CEM.US,5,20131126,183500,26.8700,26.9500,26.8700,26.9500,453,0
CEM.US,5,20131126,184000,26.8700,26.8700,26.8700,26.8700,675,0
CEM.US,5,20131126,184500,26.9300,26.9500,26.9200,26.9500,313,0
CEM.US,5,20131126,190000,26.9800,26.9800,26.9800,26.9800,400,0
CEM.US,5,20131126,190500,26.9800,26.9900,26.9700,26.9900,800,0
CEM.US,5,20131126,191000,26.9800,27.0000,26.9100,26.9900,5718,0
CEM.US,5,20131126,191500,26.9900,26.9900,26.9100,26.9600,3050,0
CEM.US,5,20131126,192000,26.9800,26.9900,26.9600,26.9900,700,0
CEM.US,5,20131126,192500,26.9900,26.9900,26.9200,26.9900,2436,0
CEM.US,5,20131126,193000,26.9900,27.0000,26.9800,27.0000,1705,0
CEM.US,5,20131126,193500,26.9300,26.9700,26.9100,26.9700,6297,0
CEM.US,5,20131126,194000,26.9800,26.9800,26.9800,26.9800,376,0
CEM.US,5,20131126,194500,26.9800,26.9800,26.9700,26.9700,717,0
CEM.US,5,20131126,195000,26.9300,26.9700,26.9300,26.9400,1094,0
CEM.US,5,20131126,195500,26.9400,26.9800,26.9300,26.9800,465,0
CEM.US,5,20131126,200000,26.9800,26.9800,26.9800,26.9800,545,0
CEM.US,5,20131126,200500,26.9800,26.9800,26.9800,26.9800,370,0
CEM.US,5,20131126,201500,26.9600,26.9600,26.9600,26.9600,234,0
CEM.US,5,20131126,202000,26.9300,26.9800,26.9300,26.9800,3015,0
CEM.US,5,20131126,202500,26.9800,26.9800,26.9800,26.9800,369,0
CEM.US,5,20131126,203500,26.9800,26.9800,26.9800,26.9800,141,0
CEM.US,5,20131126,204500,26.9800,26.9800,26.9300,26.9800,2187,0
CEM.US,5,20131126,205000,26.9600,26.9600,26.9200,26.9200,864,0
CEM.US,5,20131126,205500,26.9400,26.9400,26.9400,26.9400,236,0
CEM.US,5,20131126,210000,26.9300,26.9500,26.9000,26.9500,2318,0
CEM.US,5,20131126,210500,26.9100,26.9500,26.9000,26.9300,2376,0
CEM.US,5,20131126,211000,26.9400,26.9400,26.9200,26.9200,520,0
CEM.US,5,20131126,211500,26.9300,26.9300,26.9000,26.9000,850,0
CEM.US,5,20131126,212500,26.9000,26.9000,26.9000,26.9000,416,0
CEM.US,5,20131126,213000,26.9300,26.9300,26.9100,26.9100,470,0
CEM.US,5,20131126,213500,26.9100,26.9100,26.9000,26.9000,900,0
CEM.US,5,20131126,214000,26.9300,26.9400,26.8700,26.8900,8497,0
CEM.US,5,20131126,214500,26.9300,26.9300,26.9300,26.9300,900,0
CEM.US,5,20131126,215000,26.9300,26.9300,26.9000,26.9000,455,0
CEM.US,5,20131126,215500,26.8900,26.9400,26.8900,26.9400,850,0
CEM.US,5,20131126,220000,26.9300,26.9300,26.8800,26.8900,3581,0
CEM.US,5,20131126,220500,26.8900,26.8900,26.8900,26.8900,196,0
CEM.US,5,20131127,153500,26.9000,26.9400,26.8400,26.9300,2528,0
CEM.US,5,20131127,154000,26.8600,26.9000,26.8600,26.9000,700,0
CEM.US,5,20131127,154500,26.9300,26.9500,26.9300,26.9400,3625,0
CEM.US,5,20131127,155000,26.9300,26.9300,26.9300,26.9300,1100,0
CEM.US,5,20131127,155500,26.9200,26.9900,26.9200,26.9500,1842,0
CEM.US,5,20131127,160000,26.9700,26.9700,26.9700,26.9700,150,0
CEM.US,5,20131127,160500,26.9200,26.9700,26.8900,26.8900,2034,0
CEM.US,5,20131127,161000,26.9100,26.9100,26.9100,26.9100,100,0
CEM.US,5,20131127,161500,26.9100,26.9300,26.8800,26.9300,3282,0
CEM.US,5,20131127,162000,26.8900,26.9300,26.8900,26.9100,3760,0
CEM.US,5,20131127,162500,26.9300,26.9300,26.9100,26.9300,1227,0
CEM.US,5,20131127,163000,26.9200,26.9800,26.9200,26.9800,500,0
CEM.US,5,20131127,163500,26.9400,27.0600,26.9400,27.0600,3350,0
CEM.US,5,20131127,164000,27.0600,27.1000,27.0500,27.0800,2406,0
CEM.US,5,20131127,164500,27.0900,27.1400,27.0900,27.1000,705,0
CEM.US,5,20131127,165000,27.1600,27.1600,27.0600,27.1000,2196,0
CEM.US,5,20131127,165500,27.1300,27.2300,27.1200,27.1200,5400,0
CEM.US,5,20131127,170000,27.1300,27.1300,27.1300,27.1300,172,0
CEM.US,5,20131127,170500,27.1100,27.1300,27.1100,27.1300,848,0
CEM.US,5,20131127,171000,27.0900,27.0900,27.0900,27.0900,312,0
CEM.US,5,20131127,171500,27.0400,27.0400,27.0400,27.0400,100,0
CEM.US,5,20131127,172000,27.1000,27.1000,27.0500,27.0500,3400,0
CEM.US,5,20131127,172500,27.1000,27.1200,27.0700,27.0700,3905,0
CEM.US,5,20131127,173000,27.0900,27.1200,27.0600,27.1200,2005,0
CEM.US,5,20131127,173500,27.0600,27.0600,27.0600,27.0600,120,0
CEM.US,5,20131127,175000,27.1100,27.1100,27.0600,27.0600,1600,0
CEM.US,5,20131127,181000,27.1000,27.1100,27.0500,27.1100,3220,0
CEM.US,5,20131127,181500,27.1100,27.1100,27.0700,27.0700,2165,0
CEM.US,5,20131127,182500,27.1000,27.1000,27.0900,27.0900,965,0
CEM.US,5,20131127,183000,27.0900,27.0900,27.0500,27.0500,314,0
CEM.US,5,20131127,183500,27.0500,27.0900,27.0500,27.0900,1237,0
CEM.US,5,20131127,184500,27.0800,27.1100,27.0800,27.1100,1037,0
CEM.US,5,20131127,185500,27.0800,27.0800,27.0800,27.0800,318,0
CEM.US,5,20131127,190500,27.0400,27.0500,27.0000,27.0500,2947,0
CEM.US,5,20131127,192000,27.0600,27.0600,27.0600,27.0600,311,0
CEM.US,5,20131127,193500,27.0800,27.1200,27.0800,27.1200,1478,0
CEM.US,5,20131127,194000,27.0800,27.0800,27.0800,27.0800,312,0
CEM.US,5,20131127,194500,27.1300,27.1300,27.1100,27.1100,686,0
CEM.US,5,20131127,195000,27.0800,27.1400,27.0800,27.1400,701,0
CEM.US,5,20131127,195500,27.1300,27.1300,27.1300,27.1300,129,0
CEM.US,5,20131127,200000,27.1000,27.1400,27.1000,27.1000,1174,0
CEM.US,5,20131127,202000,27.1100,27.1100,27.0500,27.0500,1273,0
CEM.US,5,20131127,204000,27.0600,27.0900,27.0600,27.0900,429,0
CEM.US,5,20131127,204500,27.1200,27.1200,27.0700,27.0800,602,0
CEM.US,5,20131127,205000,27.1300,27.1300,27.1300,27.1300,1100,0
CEM.US,5,20131127,210000,27.1200,27.1200,27.1200,27.1200,258,0
CEM.US,5,20131127,210500,27.0800,27.0800,27.0800,27.0800,124,0
CEM.US,5,20131127,211000,27.0900,27.0900,27.0900,27.0900,341,0
CEM.US,5,20131127,212000,27.0800,27.0800,27.0800,27.0800,400,0
CEM.US,5,20131127,212500,27.0800,27.0800,27.0800,27.0800,200,0
CEM.US,5,20131127,214000,27.1100,27.1200,27.1100,27.1200,1730,0
CEM.US,5,20131127,214500,27.1100,27.1100,27.0500,27.0900,2397,0
CEM.US,5,20131127,215000,27.0800,27.0900,27.0800,27.0900,1500,0
CEM.US,5,20131127,215500,27.0800,27.0800,27.0300,27.0700,1030,0
CEM.US,5,20131127,220000,27.0800,27.0800,27.0300,27.0500,4030,0
CEM.US,5,20131127,220500,27.0700,27.0700,27.0700,27.0700,1251,0
CEM.US,5,20131129,153500,28.0000,28.7800,27.7000,27.7300,8018,0
CEM.US,5,20131129,154000,27.7500,27.7500,27.2700,27.3000,12691,0
CEM.US,5,20131129,154500,27.3000,27.3000,27.1100,27.1300,6981,0
CEM.US,5,20131129,155000,27.0600,27.1800,27.0500,27.1800,1649,0
CEM.US,5,20131129,155500,27.1900,27.1900,27.1800,27.1800,200,0
CEM.US,5,20131129,160000,27.1300,27.1300,27.1100,27.1300,1513,0
CEM.US,5,20131129,160500,27.1300,27.4900,27.1300,27.2400,35179,0
CEM.US,5,20131129,161000,27.2700,27.2700,27.2400,27.2400,400,0
CEM.US,5,20131129,161500,27.2800,27.2800,27.2800,27.2800,500,0
CEM.US,5,20131129,162000,27.2900,27.3000,27.2900,27.2900,763,0
CEM.US,5,20131129,163000,27.3100,27.3100,27.3100,27.3100,500,0
CEM.US,5,20131129,163500,27.2900,27.3000,27.2800,27.2800,1900,0
CEM.US,5,20131129,164000,27.2500,27.2500,27.2200,27.2400,625,0
CEM.US,5,20131129,164500,27.2400,27.2400,27.1700,27.1900,1008,0
CEM.US,5,20131129,165000,27.1800,27.1900,27.1800,27.1900,200,0
CEM.US,5,20131129,170000,27.2600,27.3000,27.2600,27.2700,611,0
CEM.US,5,20131129,170500,27.3100,27.3100,27.3000,27.3000,720,0
CEM.US,5,20131129,171000,27.3100,27.4600,27.3100,27.4500,3404,0
CEM.US,5,20131129,171500,27.4200,27.4200,27.3100,27.3100,2823,0
CEM.US,5,20131129,172500,27.3200,27.3200,27.3100,27.3100,852,0
CEM.US,5,20131129,174000,27.3100,27.3500,27.3100,27.3400,1185,0
CEM.US,5,20131129,175500,27.3400,27.3400,27.3200,27.3200,500,0
CEM.US,5,20131129,180500,27.3300,27.3400,27.3300,27.3300,1915,0
CEM.US,5,20131129,181000,27.3300,27.3300,27.3300,27.3300,600,0
CEM.US,5,20131129,182000,27.3500,27.3600,27.3500,27.3500,1150,0
CEM.US,5,20131129,182500,27.3800,27.4200,27.3200,27.3200,1700,0
CEM.US,5,20131129,183000,27.3800,27.3800,27.3600,27.3600,200,0
CEM.US,5,20131129,183500,27.3600,27.3800,27.3600,27.3800,1700,0
CEM.US,5,20131129,184000,27.3500,27.3500,27.3500,27.3500,100,0
CEM.US,5,20131129,184500,27.3900,27.4300,27.3800,27.3800,2355,0
CEM.US,5,20131129,185000,27.3900,27.4000,27.3900,27.3900,700,0
CEM.US,5,20131129,185500,27.3800,27.3800,27.3400,27.3600,1100,0
CEM.US,5,20131129,190000,27.2700,27.2700,27.2600,27.2600,200,0
CEM.US,5,20131129,190500,27.3500,27.3500,27.3500,27.3500,900,0
CEM.US,5,20131202,153500,27.4000,27.4000,27.3200,27.3200,200,0
CEM.US,5,20131202,154000,27.4000,27.4000,27.3300,27.3300,400,0
CEM.US,5,20131202,154500,27.3300,27.3600,27.3300,27.3600,600,0
CEM.US,5,20131202,155500,27.3300,27.3300,27.3100,27.3200,455,0
CEM.US,5,20131202,160000,27.3200,27.3500,27.3000,27.3000,1336,0
CEM.US,5,20131202,160500,27.3100,27.3200,27.2700,27.2700,3131,0
CEM.US,5,20131202,161000,27.2700,27.2700,27.2600,27.2600,760,0
CEM.US,5,20131202,161500,27.3200,27.3200,27.2800,27.3200,1506,0
CEM.US,5,20131202,162000,27.2700,27.3500,27.2600,27.3500,4400,0
CEM.US,5,20131202,163000,27.3200,27.3200,27.3200,27.3200,100,0
CEM.US,5,20131202,163500,27.3300,27.3300,27.2300,27.3100,10659,0
CEM.US,5,20131202,164000,27.3100,27.3300,27.3100,27.3300,1930,0
CEM.US,5,20131202,164500,27.3100,27.3400,27.3100,27.3100,800,0
CEM.US,5,20131202,165000,27.3100,27.3400,27.2900,27.3100,6074,0
CEM.US,5,20131202,165500,27.3000,27.3100,27.2600,27.2600,6380,0
CEM.US,5,20131202,170500,27.2900,27.3100,27.2900,27.3100,508,0
CEM.US,5,20131202,171000,27.3200,27.3200,27.3200,27.3200,100,0
CEM.US,5,20131202,171500,27.3000,27.3000,27.2900,27.2900,700,0
CEM.US,5,20131202,172000,27.3100,27.3200,27.3100,27.3200,300,0
CEM.US,5,20131202,172500,27.3400,27.3400,27.3400,27.3400,100,0
CEM.US,5,20131202,173000,27.3200,27.3200,27.3100,27.3100,200,0
CEM.US,5,20131202,173500,27.3700,27.3700,27.3000,27.3600,1160,0
CEM.US,5,20131202,174000,27.3700,27.3700,27.3000,27.3000,250,0
CEM.US,5,20131202,174500,27.3000,27.3200,27.2900,27.2900,1824,0
CEM.US,5,20131202,175000,27.3300,27.3300,27.2900,27.2900,676,0
CEM.US,5,20131202,175500,27.3200,27.3300,27.3200,27.3300,2120,0
CEM.US,5,20131202,180000,27.3400,27.3500,27.3000,27.3300,1200,0
CEM.US,5,20131202,180500,27.3200,27.3200,27.3100,27.3100,850,0
CEM.US,5,20131202,181000,27.3200,27.3200,27.3100,27.3100,2287,0
CEM.US,5,20131202,181500,27.3300,27.3300,27.3100,27.3100,300,0
CEM.US,5,20131202,182500,27.3000,27.3000,27.3000,27.3000,100,0
CEM.US,5,20131202,183000,27.2800,27.2900,27.2800,27.2900,850,0
CEM.US,5,20131202,183500,27.3000,27.3000,27.3000,27.3000,200,0
CEM.US,5,20131202,184000,27.3100,27.3400,27.3000,27.3300,4900,0
CEM.US,5,20131202,184500,27.3100,27.3100,27.3000,27.3000,600,0
CEM.US,5,20131202,185500,27.3000,27.3000,27.3000,27.3000,100,0
CEM.US,5,20131202,190500,27.3100,27.3100,27.3100,27.3100,200,0
CEM.US,5,20131202,191000,27.3100,27.3100,27.2700,27.2700,939,0
CEM.US,5,20131202,191500,27.2800,27.2800,27.2800,27.2800,950,0
CEM.US,5,20131202,192000,27.2800,27.2800,27.2600,27.2600,3132,0
CEM.US,5,20131202,192500,27.2700,27.2700,27.2700,27.2700,225,0
CEM.US,5,20131202,193000,27.2600,27.2800,27.2600,27.2800,1380,0
CEM.US,5,20131202,193500,27.2600,27.2800,27.2600,27.2800,300,0
CEM.US,5,20131202,194000,27.2800,27.2800,27.2600,27.2800,1015,0
CEM.US,5,20131202,194500,27.2600,27.2800,27.2600,27.2700,611,0
CEM.US,5,20131202,195000,27.2600,27.3100,27.2600,27.3000,2830,0
CEM.US,5,20131202,195500,27.3100,27.3100,27.2900,27.2900,811,0
CEM.US,5,20131202,200000,27.3100,27.3100,27.3000,27.3000,215,0
CEM.US,5,20131202,200500,27.3100,27.3100,27.3100,27.3100,5940,0
CEM.US,5,20131202,201000,27.3000,27.3100,27.2800,27.2800,1150,0
CEM.US,5,20131202,201500,27.2800,27.3100,27.2800,27.3100,215,0
CEM.US,5,20131202,202000,27.3200,27.3300,27.3100,27.3100,2346,0
CEM.US,5,20131202,202500,27.3200,27.3200,27.3100,27.3200,1125,0
CEM.US,5,20131202,203500,27.3300,27.3300,27.3100,27.3300,2500,0
CEM.US,5,20131202,204000,27.3300,27.3300,27.3200,27.3200,400,0
CEM.US,5,20131202,204500,27.3300,27.3300,27.3300,27.3300,3400,0
CEM.US,5,20131202,205000,27.3300,27.3300,27.3200,27.3200,1700,0
CEM.US,5,20131202,205500,27.3200,27.3200,27.3200,27.3200,300,0
CEM.US,5,20131202,210000,27.3300,27.3300,27.3200,27.3200,1110,0
CEM.US,5,20131202,210500,27.3200,27.3200,27.3100,27.3200,1850,0
CEM.US,5,20131202,211000,27.3200,27.3200,27.3100,27.3200,1100,0
CEM.US,5,20131202,211500,27.3100,27.3200,27.2700,27.3000,3471,0
CEM.US,5,20131202,212000,27.3000,27.3100,27.3000,27.3100,299,0
CEM.US,5,20131202,212500,27.3000,27.3300,27.2900,27.3300,4006,0
CEM.US,5,20131202,213000,27.3400,27.3400,27.2900,27.3000,1465,0
CEM.US,5,20131202,213500,27.3300,27.3300,27.3000,27.3000,1600,0
CEM.US,5,20131202,214000,27.3000,27.3000,27.2600,27.3000,3519,0
CEM.US,5,20131202,214500,27.2700,27.2700,27.2200,27.2300,15870,0
CEM.US,5,20131202,215000,27.2600,27.2600,27.2200,27.2500,1650,0
CEM.US,5,20131202,215500,27.2400,27.2600,27.2200,27.2300,2419,0
CEM.US,5,20131202,220000,27.2300,27.2500,27.2200,27.2500,2900,0
CEM.US,5,20131202,220500,27.2200,27.2200,27.2200,27.2200,200,0
CEM.US,5,20131203,154000,27.0300,27.1200,27.0300,27.1200,523,0
CEM.US,5,20131203,155000,27.0500,27.0600,27.0500,27.0600,300,0
CEM.US,5,20131203,155500,27.0400,27.0400,27.0400,27.0400,100,0
CEM.US,5,20131203,161500,27.1400,27.1400,27.1400,27.1400,200,0
CEM.US,5,20131203,163000,27.1200,27.1400,27.0600,27.0600,2001,0
CEM.US,5,20131203,164000,27.1200,27.1200,27.1200,27.1200,200,0
CEM.US,5,20131203,164500,27.1200,27.1200,27.1200,27.1200,100,0
CEM.US,5,20131203,165000,27.1400,27.1400,27.1400,27.1400,140,0
CEM.US,5,20131203,165500,27.0500,27.0900,27.0500,27.0500,1250,0
CEM.US,5,20131203,170000,27.1300,27.1400,27.1100,27.1300,2983,0
CEM.US,5,20131203,170500,27.1100,27.1200,27.1100,27.1200,334,0
CEM.US,5,20131203,171000,27.0600,27.0600,27.0600,27.0600,276,0
CEM.US,5,20131203,171500,27.0500,27.0500,27.0500,27.0500,465,0
CEM.US,5,20131203,173000,27.1400,27.2400,27.1300,27.1600,3252,0
CEM.US,5,20131203,173500,27.1700,27.1700,27.1700,27.1700,1995,0
CEM.US,5,20131203,174000,27.2300,27.2300,27.1400,27.1500,8057,0
CEM.US,5,20131203,174500,27.1900,27.1900,27.1900,27.1900,368,0
CEM.US,5,20131203,175000,27.1500,27.2100,27.1400,27.2100,2000,0
CEM.US,5,20131203,175500,27.1900,27.2100,27.1500,27.1900,11297,0
CEM.US,5,20131203,180500,27.1600,27.1600,27.1600,27.1600,101,0
CEM.US,5,20131203,181000,27.1200,27.1600,27.0800,27.0800,4250,0
CEM.US,5,20131203,181500,27.1500,27.1500,27.1500,27.1500,1000,0
CEM.US,5,20131203,182000,27.1300,27.1400,27.1100,27.1100,3033,0
CEM.US,5,20131203,182500,27.1300,27.1300,27.1300,27.1300,551,0
CEM.US,5,20131203,183500,27.1400,27.1800,27.1200,27.1200,1316,0
CEM.US,5,20131203,184000,27.1200,27.1200,27.1200,27.1200,105,0
CEM.US,5,20131203,184500,27.1300,27.1300,27.1300,27.1300,200,0
CEM.US,5,20131203,185000,27.1600,27.1600,27.1300,27.1300,713,0
CEM.US,5,20131203,190000,27.1500,27.1500,27.1500,27.1500,300,0
CEM.US,5,20131203,190500,27.1500,27.1500,27.1500,27.1500,600,0
CEM.US,5,20131203,192000,27.0800,27.0800,27.0800,27.0800,750,0
CEM.US,5,20131203,193000,27.0600,27.0600,27.0600,27.0600,160,0
CEM.US,5,20131203,194500,27.0800,27.0800,27.0400,27.0700,4650,0
CEM.US,5,20131203,195000,27.0600,27.0800,27.0500,27.0800,3085,0
CEM.US,5,20131203,195500,27.0700,27.0700,27.0700,27.0700,150,0
CEM.US,5,20131203,200000,27.0800,27.0800,27.0800,27.0800,200,0
CEM.US,5,20131203,200500,27.0500,27.0900,27.0500,27.0900,1591,0
CEM.US,5,20131203,201000,27.1000,27.1000,27.0700,27.0900,1126,0
CEM.US,5,20131203,201500,27.0600,27.1000,27.0600,27.1000,1469,0
CEM.US,5,20131203,202000,27.0900,27.0900,27.0800,27.0800,219,0
CEM.US,5,20131203,202500,27.0900,27.0900,27.0900,27.0900,1450,0
CEM.US,5,20131203,203000,27.1000,27.1000,27.0400,27.1000,9863,0
CEM.US,5,20131203,204000,27.1000,27.1000,27.0400,27.0400,1165,0
CEM.US,5,20131203,205000,27.0400,27.0900,27.0400,27.0900,575,0
CEM.US,5,20131203,205500,27.0900,27.0900,27.0900,27.0900,350,0
CEM.US,5,20131203,210000,27.0800,27.0800,27.0800,27.0800,1394,0
CEM.US,5,20131203,210500,27.0900,27.0900,27.0900,27.0900,359,0
CEM.US,5,20131203,211000,27.0800,27.0800,27.0800,27.0800,960,0
CEM.US,5,20131203,211500,27.0500,27.0600,27.0500,27.0600,1400,0
CEM.US,5,20131203,212000,27.0400,27.0800,27.0400,27.0600,3260,0
CEM.US,5,20131203,212500,27.0700,27.0900,27.0600,27.0900,2500,0
CEM.US,5,20131203,213000,27.0800,27.0900,27.0600,27.0900,2130,0
CEM.US,5,20131203,213500,27.0700,27.1200,27.0700,27.1200,3632,0
CEM.US,5,20131203,214000,27.1100,27.1200,27.1100,27.1200,413,0
CEM.US,5,20131203,214500,27.0800,27.1200,27.0800,27.0800,8291,0
CEM.US,5,20131203,215000,27.0800,27.1200,27.0400,27.0900,6775,0
CEM.US,5,20131203,215500,27.0800,27.0900,27.0800,27.0800,860,0
CEM.US,5,20131203,220000,27.0400,27.1200,27.0400,27.1200,217,0
CEM.US,5,20131203,220500,27.0400,27.0400,27.0400,27.0400,300,0
CEM.US,5,20131204,153500,26.8700,27.0000,26.8700,26.9600,909,0
CEM.US,5,20131204,154000,26.9700,27.0900,26.9200,26.9200,1900,0
CEM.US,5,20131204,154500,26.8900,26.9200,26.8900,26.9000,3323,0
CEM.US,5,20131204,155000,26.8900,26.9000,26.8400,26.8600,815,0
CEM.US,5,20131204,155500,26.8600,26.8600,26.8600,26.8600,200,0
CEM.US,5,20131204,160000,26.9600,26.9600,26.8600,26.8600,504,0
CEM.US,5,20131204,160500,26.8800,26.8800,26.8700,26.8700,1400,0
CEM.US,5,20131204,161000,26.8700,26.8800,26.8700,26.8800,500,0
CEM.US,5,20131204,161500,26.8700,26.8800,26.8700,26.8800,200,0
CEM.US,5,20131204,162000,26.8900,26.8900,26.8800,26.8800,1750,0
CEM.US,5,20131204,162500,26.9200,26.9400,26.9200,26.9400,447,0
CEM.US,5,20131204,163000,26.9400,26.9400,26.9400,26.9400,666,0
CEM.US,5,20131204,163500,26.9400,26.9500,26.8600,26.9500,2062,0
CEM.US,5,20131204,164000,26.8700,26.8700,26.8700,26.8700,100,0
CEM.US,5,20131204,164500,26.8700,26.8700,26.8700,26.8700,492,0
CEM.US,5,20131204,165000,26.9100,26.9100,26.9100,26.9100,815,0
CEM.US,5,20131204,165500,26.8900,26.8900,26.8500,26.8500,300,0
CEM.US,5,20131204,170500,26.9100,26.9100,26.9100,26.9100,100,0
CEM.US,5,20131204,171500,26.9100,26.9400,26.9000,26.9000,1500,0
CEM.US,5,20131204,172500,26.9000,26.9000,26.8900,26.8900,831,0
CEM.US,5,20131204,173500,26.9100,26.9100,26.9100,26.9100,743,0
CEM.US,5,20131204,174000,26.9000,26.9400,26.9000,26.9400,1551,0
CEM.US,5,20131204,174500,26.8500,26.9100,26.8500,26.9100,12951,0
CEM.US,5,20131204,175000,26.8600,26.8600,26.8200,26.8500,5600,0
CEM.US,5,20131204,180000,26.8200,26.8200,26.8200,26.8200,300,0
CEM.US,5,20131204,181000,26.8500,26.8500,26.7600,26.7600,2243,0
CEM.US,5,20131204,181500,26.7600,26.7600,26.7600,26.7600,301,0
CEM.US,5,20131204,182000,26.8800,26.8800,26.8800,26.8800,1100,0
CEM.US,5,20131204,182500,26.8000,26.8500,26.8000,26.8500,2152,0
CEM.US,5,20131204,183000,26.8400,26.8400,26.8400,26.8400,698,0
CEM.US,5,20131204,184000,26.8500,26.8500,26.8500,26.8500,166,0
CEM.US,5,20131204,184500,26.8600,26.8600,26.8600,26.8600,139,0
CEM.US,5,20131204,185000,26.8300,26.8300,26.8300,26.8300,322,0
CEM.US,5,20131204,185500,26.8700,26.8700,26.8700,26.8700,400,0
CEM.US,5,20131204,190500,26.7500,26.8300,26.7500,26.8300,2767,0
CEM.US,5,20131204,191000,26.8600,26.8600,26.8600,26.8600,1123,0
CEM.US,5,20131204,191500,26.7700,26.7700,26.7700,26.7700,500,0
CEM.US,5,20131204,192000,26.8500,26.8500,26.7500,26.7600,1400,0
CEM.US,5,20131204,192500,26.8200,26.8200,26.8200,26.8200,373,0
CEM.US,5,20131204,193000,26.8300,26.8300,26.7500,26.7500,700,0
CEM.US,5,20131204,193500,26.7800,26.8100,26.7800,26.8100,617,0
CEM.US,5,20131204,194000,26.7300,26.7900,26.7300,26.7800,960,0
CEM.US,5,20131204,195000,26.7600,26.7600,26.7100,26.7100,3965,0
CEM.US,5,20131204,200000,26.7200,26.7200,26.7200,26.7200,200,0
CEM.US,5,20131204,200500,26.7300,26.7300,26.7300,26.7300,329,0
CEM.US,5,20131204,202000,26.7700,26.7700,26.7700,26.7700,370,0
CEM.US,5,20131204,202500,26.7400,26.7400,26.7400,26.7400,200,0
CEM.US,5,20131204,203000,26.7500,26.7700,26.7500,26.7700,298,0
CEM.US,5,20131204,204500,26.7300,26.7300,26.7200,26.7200,2100,0
CEM.US,5,20131204,210000,26.7500,26.7500,26.7100,26.7100,520,0
CEM.US,5,20131204,210500,26.7100,26.7500,26.7100,26.7500,300,0
CEM.US,5,20131204,211000,26.7500,26.7500,26.7100,26.7200,2100,0
CEM.US,5,20131204,211500,26.7500,26.7500,26.7400,26.7500,1284,0
CEM.US,5,20131204,212000,26.7700,26.7700,26.7700,26.7700,100,0
CEM.US,5,20131204,212500,26.7500,26.7500,26.7500,26.7500,1000,0
CEM.US,5,20131204,213000,26.7800,26.7800,26.7500,26.7800,1355,0
CEM.US,5,20131204,214000,26.8600,26.8600,26.7600,26.7800,2308,0
CEM.US,5,20131204,214500,26.8300,26.8600,26.8300,26.8400,350,0
CEM.US,5,20131204,215000,26.8600,26.8700,26.8500,26.8600,547,0
CEM.US,5,20131204,215500,26.8600,26.8700,26.8500,26.8700,2200,0
CEM.US,5,20131204,220000,26.8700,26.8700,26.8400,26.8400,1700,0
CEM.US,5,20131204,220500,26.7900,26.7900,26.7900,26.7900,300,0
CEM.US,5,20131205,154500,26.8000,26.9000,26.8000,26.8400,1100,0
CEM.US,5,20131205,155000,26.7500,26.7500,26.7500,26.7500,501,0
CEM.US,5,20131205,160000,26.8600,26.8600,26.7600,26.7600,1067,0
CEM.US,5,20131205,160500,26.7400,26.7400,26.7300,26.7400,1418,0
CEM.US,5,20131205,161000,26.7400,26.7400,26.7300,26.7300,3126,0
CEM.US,5,20131205,161500,26.7200,26.7500,26.7100,26.7100,3722,0
CEM.US,5,20131205,162000,26.7200,26.7200,26.5900,26.6100,1675,0
CEM.US,5,20131205,162500,26.6100,26.6200,26.5900,26.6200,9048,0
CEM.US,5,20131205,163000,26.5900,26.5900,26.5300,26.5300,1091,0
CEM.US,5,20131205,163500,26.5300,26.5800,26.5300,26.5700,2268,0
CEM.US,5,20131205,164000,26.5500,26.5600,26.5500,26.5600,788,0
CEM.US,5,20131205,164500,26.5600,26.5600,26.5600,26.5600,100,0
CEM.US,5,20131205,165000,26.5400,26.5400,26.5400,26.5400,100,0
CEM.US,5,20131205,165500,26.5900,26.6100,26.5000,26.6100,8238,0
CEM.US,5,20131205,170000,26.6000,26.7400,26.6000,26.6100,10239,0
CEM.US,5,20131205,170500,26.6000,26.7500,26.6000,26.6200,11720,0
CEM.US,5,20131205,172500,26.7100,26.7100,26.6400,26.6800,3440,0
CEM.US,5,20131205,173000,26.6400,26.6500,26.6400,26.6400,736,0
CEM.US,5,20131205,173500,26.6500,26.6500,26.6500,26.6500,300,0
CEM.US,5,20131205,174000,26.6400,26.6500,26.6100,26.6500,2400,0
CEM.US,5,20131205,174500,26.6500,26.6500,26.6500,26.6500,338,0
CEM.US,5,20131205,175000,26.6700,26.6700,26.6500,26.6700,2137,0
CEM.US,5,20131205,175500,26.6500,26.6500,26.6500,26.6500,200,0
CEM.US,5,20131205,180000,26.6200,26.6200,26.6200,26.6200,300,0
CEM.US,5,20131205,181000,26.6200,26.6200,26.6200,26.6200,720,0
CEM.US,5,20131205,182500,26.6300,26.6300,26.6300,26.6300,100,0
CEM.US,5,20131205,183000,26.6500,26.6500,26.6100,26.6400,1060,0
CEM.US,5,20131205,183500,26.6200,26.6500,26.6100,26.6500,2289,0
CEM.US,5,20131205,184500,26.6400,26.6400,26.5700,26.6000,2560,0
CEM.US,5,20131205,185000,26.6200,26.6200,26.6200,26.6200,225,0
CEM.US,5,20131205,190000,26.5800,26.6000,26.5600,26.5700,7428,0
CEM.US,5,20131205,190500,26.5800,26.5900,26.5800,26.5900,212,0
CEM.US,5,20131205,191000,26.5800,26.5800,26.5700,26.5700,1061,0
CEM.US,5,20131205,191500,26.6000,26.6000,26.5900,26.6000,475,0
CEM.US,5,20131205,192000,26.6000,26.6200,26.6000,26.6200,586,0
CEM.US,5,20131205,192500,26.6000,26.6000,26.6000,26.6000,400,0
CEM.US,5,20131205,193000,26.5800,26.6200,26.5800,26.6000,761,0
CEM.US,5,20131205,193500,26.5800,26.6200,26.5800,26.6200,440,0
CEM.US,5,20131205,194000,26.5900,26.5900,26.5800,26.5800,433,0
CEM.US,5,20131205,194500,26.6200,26.6200,26.6200,26.6200,914,0
CEM.US,5,20131205,195000,26.6100,26.6600,26.6100,26.6600,2123,0
CEM.US,5,20131205,195500,26.6600,26.6600,26.6600,26.6600,200,0
CEM.US,5,20131205,200500,26.6400,26.6400,26.5900,26.5900,1335,0
CEM.US,5,20131205,201500,26.6100,26.6100,26.5800,26.5900,4101,0
CEM.US,5,20131205,202000,26.5500,26.5500,26.5000,26.5000,1950,0
CEM.US,5,20131205,202500,26.5600,26.5600,26.5000,26.5000,1044,0
CEM.US,5,20131205,203000,26.5200,26.5200,26.5200,26.5200,413,0
CEM.US,5,20131205,203500,26.5600,26.5600,26.5600,26.5600,1500,0
CEM.US,5,20131205,204000,26.5000,26.5100,26.5000,26.5100,1229,0
CEM.US,5,20131205,204500,26.5100,26.5100,26.5100,26.5100,125,0
CEM.US,5,20131205,205000,26.5000,26.5000,26.5000,26.5000,322,0
CEM.US,5,20131205,205500,26.5000,26.5000,26.5000,26.5000,300,0
CEM.US,5,20131205,210500,26.5200,26.5200,26.5200,26.5200,144,0
CEM.US,5,20131205,211000,26.5000,26.5000,26.5000,26.5000,200,0
CEM.US,5,20131205,211500,26.5600,26.5600,26.5600,26.5600,700,0
CEM.US,5,20131205,212000,26.5700,26.6000,26.5700,26.5800,1034,0
CEM.US,5,20131205,212500,26.5400,26.5800,26.5400,26.5800,300,0
CEM.US,5,20131205,213000,26.5700,26.5800,26.5400,26.5600,865,0
CEM.US,5,20131205,213500,26.5400,26.5600,26.5300,26.5300,1340,0
CEM.US,5,20131205,214000,26.5300,26.6400,26.5300,26.6100,3034,0
CEM.US,5,20131205,214500,26.5800,26.6000,26.5700,26.6000,400,0
CEM.US,5,20131205,215500,26.6100,26.6100,26.5300,26.5300,931,0
CEM.US,5,20131205,220000,26.5300,26.6300,26.5200,26.6300,3908,0
CEM.US,5,20131205,220500,26.5700,26.5700,26.5700,26.5700,300,0
CEM.US,5,20131206,153500,26.5500,26.6000,26.5500,26.6000,700,0
CEM.US,5,20131206,154000,26.5800,26.6000,26.5100,26.6000,2000,0
CEM.US,5,20131206,154500,26.5500,26.5500,26.5100,26.5200,800,0
CEM.US,5,20131206,155000,26.4600,26.4700,26.4200,26.4700,4932,0
CEM.US,5,20131206,160000,26.5300,26.5300,26.4900,26.4900,300,0
CEM.US,5,20131206,160500,26.5100,26.5100,26.4900,26.4900,1743,0
CEM.US,5,20131206,161000,26.4900,26.4900,26.4700,26.4700,3775,0
CEM.US,5,20131206,161500,26.4300,26.4800,26.4300,26.4400,1250,0
CEM.US,5,20131206,162000,26.4400,26.4400,26.4400,26.4400,1000,0
CEM.US,5,20131206,162500,26.4500,26.5000,26.4400,26.5000,9295,0
CEM.US,5,20131206,163000,26.5100,26.5100,26.4800,26.4900,3800,0
CEM.US,5,20131206,163500,26.4900,26.4900,26.4900,26.4900,300,0
CEM.US,5,20131206,164000,26.4500,26.4500,26.4500,26.4500,200,0
CEM.US,5,20131206,164500,26.4500,26.4500,26.4500,26.4500,1000,0
CEM.US,5,20131206,165000,26.4700,26.5000,26.4500,26.4700,2000,0
CEM.US,5,20131206,165500,26.4800,26.5000,26.4500,26.4500,1233,0
CEM.US,5,20131206,170000,26.4500,26.4700,26.4400,26.4700,1000,0
CEM.US,5,20131206,170500,26.4500,26.4700,26.4400,26.4400,1549,0
CEM.US,5,20131206,171000,26.4500,26.4500,26.4400,26.4400,400,0
CEM.US,5,20131206,171500,26.4700,26.4700,26.4200,26.4200,726,0
CEM.US,5,20131206,172000,26.4100,26.4400,26.4100,26.4400,617,0
CEM.US,5,20131206,172500,26.3900,26.4600,26.3900,26.4000,2908,0
CEM.US,5,20131206,173000,26.3900,26.3900,26.3800,26.3800,820,0
CEM.US,5,20131206,173500,26.4600,26.4600,26.4400,26.4400,2050,0
CEM.US,5,20131206,174000,26.4400,26.4400,26.3800,26.3800,200,0
CEM.US,5,20131206,174500,26.3800,26.4200,26.3600,26.3700,2427,0
CEM.US,5,20131206,175000,26.3700,26.4000,26.3600,26.4000,500,0
CEM.US,5,20131206,175500,26.3700,26.3700,26.3300,26.3300,1900,0
CEM.US,5,20131206,180000,26.3300,26.3600,26.3300,26.3600,867,0
CEM.US,5,20131206,180500,26.3300,26.3600,26.3300,26.3600,300,0
CEM.US,5,20131206,181000,26.3300,26.3500,26.3300,26.3300,1445,0
CEM.US,5,20131206,181500,26.3500,26.3500,26.3300,26.3500,916,0
CEM.US,5,20131206,182000,26.3500,26.3600,26.3300,26.3600,1600,0
CEM.US,5,20131206,182500,26.3600,26.3600,26.3600,26.3600,100,0
CEM.US,5,20131206,183000,26.3500,26.3900,26.3500,26.3900,3250,0
CEM.US,5,20131206,183500,26.4000,26.4400,26.3900,26.3900,3745,0
CEM.US,5,20131206,184000,26.4300,26.4300,26.4300,26.4300,100,0
CEM.US,5,20131206,184500,26.3900,26.3900,26.3800,26.3800,500,0
CEM.US,5,20131206,185000,26.3700,26.3900,26.3700,26.3800,1370,0
CEM.US,5,20131206,185500,26.3800,26.4000,26.3800,26.4000,600,0
CEM.US,5,20131206,190000,26.3800,26.4000,26.3800,26.3900,1550,0
CEM.US,5,20131206,190500,26.3700,26.3700,26.3700,26.3700,200,0
CEM.US,5,20131206,191000,26.3700,26.4100,26.3700,26.3800,1733,0
CEM.US,5,20131206,191500,26.3900,26.3900,26.3100,26.3100,9305,0
CEM.US,5,20131206,192000,26.3900,26.3900,26.3400,26.3400,2799,0
CEM.US,5,20131206,192500,26.3500,26.3900,26.3500,26.3500,4300,0
CEM.US,5,20131206,193000,26.3500,26.3700,26.3400,26.3600,1048,0
CEM.US,5,20131206,193500,26.3600,26.3600,26.3500,26.3500,1100,0
CEM.US,5,20131206,194000,26.3200,26.3700,26.3100,26.3100,3692,0
CEM.US,5,20131206,194500,26.3100,26.3100,26.3100,26.3100,200,0
CEM.US,5,20131206,195000,26.3300,26.3300,26.3100,26.3100,2324,0
CEM.US,5,20131206,195500,26.3700,26.3700,26.3200,26.3500,913,0
CEM.US,5,20131206,200000,26.3300,26.3300,26.3200,26.3200,1347,0
CEM.US,5,20131206,200500,26.3200,26.3200,26.3200,26.3200,425,0
CEM.US,5,20131206,201000,26.3200,26.3200,26.3200,26.3200,200,0
CEM.US,5,20131206,201500,26.3200,26.3200,26.3200,26.3200,200,0
CEM.US,5,20131206,202000,26.3300,26.3300,26.3200,26.3300,500,0
CEM.US,5,20131206,202500,26.3400,26.3700,26.3400,26.3700,1600,0
CEM.US,5,20131206,203000,26.3600,26.3600,26.3400,26.3400,335,0
CEM.US,5,20131206,203500,26.3300,26.3600,26.3000,26.3300,2237,0
CEM.US,5,20131206,204000,26.3600,26.3700,26.3500,26.3700,900,0
CEM.US,5,20131206,204500,26.4200,26.4200,26.4100,26.4100,1518,0
CEM.US,5,20131206,205000,26.3800,26.3900,26.3800,26.3900,818,0
CEM.US,5,20131206,205500,26.3800,26.4100,26.3800,26.4100,1053,0
CEM.US,5,20131206,210000,26.4100,26.4100,26.3800,26.4000,1900,0
CEM.US,5,20131206,210500,26.4100,26.4100,26.4000,26.4000,200,0
CEM.US,5,20131206,211000,26.3900,26.4000,26.3900,26.3900,1550,0
CEM.US,5,20131206,211500,26.4200,26.4400,26.4200,26.4200,2213,0
CEM.US,5,20131206,212000,26.4100,26.4100,26.3900,26.3900,3216,0
CEM.US,5,20131206,212500,26.3700,26.3700,26.3700,26.3700,500,0
CEM.US,5,20131206,213000,26.3700,26.3900,26.3700,26.3900,1797,0
CEM.US,5,20131206,213500,26.3700,26.3700,26.3400,26.3600,745,0
CEM.US,5,20131206,214000,26.3700,26.3700,26.3300,26.3500,4151,0
CEM.US,5,20131206,214500,26.3400,26.3800,26.3400,26.3400,2665,0
CEM.US,5,20131206,215000,26.3400,26.3600,26.3400,26.3400,1965,0
CEM.US,5,20131206,215500,26.3300,26.3600,26.3200,26.3600,2000,0
CEM.US,5,20131206,220000,26.3500,26.3800,26.2700,26.2800,4491,0
CEM.US,5,20131206,220500,26.3000,26.3000,26.3000,26.3000,200,0
CEM.US,5,20131209,153500,26.4900,26.4900,26.2800,26.2800,6800,0
CEM.US,5,20131209,154000,26.2700,26.3100,26.1900,26.1900,8220,0
CEM.US,5,20131209,154500,26.2000,26.2000,26.1800,26.1800,500,0
CEM.US,5,20131209,155000,26.2500,26.2500,26.1800,26.2000,6300,0
CEM.US,5,20131209,155500,26.2000,26.2000,26.1800,26.1900,400,0
CEM.US,5,20131209,160000,26.1900,26.2100,26.1900,26.1900,4416,0
CEM.US,5,20131209,160500,26.1900,26.2000,26.1900,26.2000,1064,0
CEM.US,5,20131209,161000,26.1700,26.2100,26.1700,26.1800,3322,0
CEM.US,5,20131209,161500,26.1700,26.1800,26.1700,26.1700,950,0
CEM.US,5,20131209,162000,26.1700,26.2000,26.0800,26.0800,6999,0
CEM.US,5,20131209,162500,26.0800,26.1500,26.0500,26.0500,4047,0
CEM.US,5,20131209,163000,26.1500,26.1500,26.0300,26.0300,6946,0
CEM.US,5,20131209,163500,26.0100,26.0700,26.0100,26.0600,3100,0
CEM.US,5,20131209,164000,26.0600,26.0600,26.0500,26.0500,3000,0
CEM.US,5,20131209,164500,26.0500,26.0500,26.0500,26.0500,100,0
CEM.US,5,20131209,165000,26.0800,26.0800,26.0200,26.0300,4825,0
CEM.US,5,20131209,165500,26.0200,26.0200,26.0100,26.0200,3140,0
CEM.US,5,20131209,170000,26.0100,26.0100,26.0100,26.0100,788,0
CEM.US,5,20131209,170500,26.0100,26.0300,26.0100,26.0100,1347,0
CEM.US,5,20131209,171000,26.0100,26.0300,26.0100,26.0100,1800,0
CEM.US,5,20131209,171500,26.0200,26.0200,26.0200,26.0200,1470,0
CEM.US,5,20131209,172000,26.0200,26.0800,26.0200,26.0800,3306,0
CEM.US,5,20131209,172500,26.0500,26.0900,26.0400,26.0800,2750,0
CEM.US,5,20131209,173000,26.1100,26.1100,26.0800,26.1100,2335,0
CEM.US,5,20131209,173500,26.1000,26.1200,26.1000,26.1200,3372,0
CEM.US,5,20131209,174000,26.1200,26.1200,26.0700,26.0700,1843,0
CEM.US,5,20131209,174500,26.0700,26.0900,26.0700,26.0900,926,0
CEM.US,5,20131209,175000,26.0800,26.0800,26.0700,26.0700,600,0
CEM.US,5,20131209,175500,26.0300,26.0300,26.0300,26.0300,400,0
CEM.US,5,20131209,180000,26.0300,26.0300,26.0100,26.0300,1400,0
CEM.US,5,20131209,180500,26.0100,26.0300,26.0100,26.0300,1635,0
CEM.US,5,20131209,181000,26.0100,26.0100,25.9800,25.9900,6088,0
CEM.US,5,20131209,181500,25.9900,25.9900,25.9600,25.9900,800,0
CEM.US,5,20131209,182000,25.9700,25.9800,25.9600,25.9800,6432,0
CEM.US,5,20131209,182500,25.9600,25.9800,25.9600,25.9800,3257,0
CEM.US,5,20131209,183000,25.9800,25.9800,25.9800,25.9800,1100,0
CEM.US,5,20131209,183500,25.9800,26.0100,25.9800,25.9900,3131,0
CEM.US,5,20131209,184000,25.9900,26.0000,25.9900,25.9900,2600,0
CEM.US,5,20131209,184500,26.0000,26.0500,26.0000,26.0100,1949,0
CEM.US,5,20131209,185000,26.0100,26.0100,26.0000,26.0100,1343,0
CEM.US,5,20131209,185500,26.0200,26.0200,26.0200,26.0200,6800,0
CEM.US,5,20131209,190000,26.0200,26.0200,25.9900,25.9900,5050,0
CEM.US,5,20131209,190500,25.9900,25.9900,25.9900,25.9900,600,0
CEM.US,5,20131209,191000,25.9900,25.9900,25.9900,25.9900,705,0
CEM.US,5,20131209,191500,25.9900,26.0000,25.9900,26.0000,1150,0
CEM.US,5,20131209,192000,25.9900,26.0000,25.9900,26.0000,3533,0
CEM.US,5,20131209,192500,26.0000,26.0000,25.9800,25.9800,1400,0
CEM.US,5,20131209,193000,26.0000,26.0000,25.9600,25.9700,10255,0
CEM.US,5,20131209,193500,25.9800,26.0600,25.9800,26.0100,4900,0
CEM.US,5,20131209,194000,25.9800,26.0000,25.9600,25.9900,2341,0
CEM.US,5,20131209,194500,25.9800,25.9900,25.9500,25.9900,1593,0
CEM.US,5,20131209,195000,25.9600,25.9900,25.9500,25.9500,2540,0
CEM.US,5,20131209,195500,25.9600,26.0000,25.9500,26.0000,2660,0
CEM.US,5,20131209,200000,25.9500,26.0000,25.9500,25.9500,3883,0
CEM.US,5,20131209,200500,26.0000,26.0000,25.9600,25.9600,1934,0
CEM.US,5,20131209,201000,25.9600,25.9600,25.9600,25.9600,500,0
CEM.US,5,20131209,201500,25.9600,25.9600,25.9500,25.9500,11139,0
CEM.US,5,20131209,202000,25.9500,25.9500,25.9000,25.9000,12676,0
CEM.US,5,20131209,202500,25.9000,25.9200,25.8900,25.9100,8620,0
CEM.US,5,20131209,203000,25.9000,25.9800,25.8900,25.9000,12300,0
CEM.US,5,20131209,203500,25.9800,25.9800,25.8900,25.8900,6174,0
CEM.US,5,20131209,204000,25.8900,25.8900,25.8700,25.8700,600,0
CEM.US,5,20131209,204500,25.8500,25.9000,25.8500,25.9000,8824,0
CEM.US,5,20131209,205000,25.8900,25.9200,25.8800,25.9100,5342,0
CEM.US,5,20131209,205500,25.9100,25.9600,25.8500,25.8500,12574,0
CEM.US,5,20131209,210000,25.8500,25.8500,25.8300,25.8300,4395,0
CEM.US,5,20131209,210500,25.8300,25.8300,25.8200,25.8200,8300,0
CEM.US,5,20131209,211000,25.8300,25.8500,25.7600,25.7600,4115,0
CEM.US,5,20131209,211500,25.7600,25.8500,25.7500,25.8500,6144,0
CEM.US,5,20131209,212000,25.7700,25.8400,25.7500,25.7500,14490,0
CEM.US,5,20131209,212500,25.7500,25.8300,25.7400,25.7500,10300,0
CEM.US,5,20131209,213000,25.7500,25.7500,25.6500,25.7100,14686,0
CEM.US,5,20131209,213500,25.7100,25.7300,25.6500,25.6600,13310,0
CEM.US,5,20131209,214000,25.6600,25.7900,25.6500,25.6800,16030,0
CEM.US,5,20131209,214500,25.6700,25.8000,25.6500,25.8000,17506,0
CEM.US,5,20131209,215000,25.7000,25.7900,25.6900,25.7000,7872,0
CEM.US,5,20131209,215500,25.7600,25.7700,25.6900,25.7000,6103,0
CEM.US,5,20131209,220000,25.6900,25.7400,25.6900,25.7000,7446,0
CEM.US,5,20131209,220500,25.7000,25.7000,25.7000,25.7000,200,0
