<TICKER>,<PER>,<DTYYYYMMDD>,<TIME>,<OPEN>,<HIGH>,<LOW>,<CLOSE>,<VOL>,<OPENINT>
CHGG.US,5,20131113,160000,11.0000,11.2500,10.4500,10.7000,613703,0
CHGG.US,5,20131113,160500,10.6900,11.1500,10.3000,10.9500,1757566,0
CHGG.US,5,20131113,161000,10.9500,10.9600,10.5800,10.6700,841129,0
CHGG.US,5,20131113,161500,10.6900,10.9100,10.6500,10.7000,399687,0
CHGG.US,5,20131113,162000,10.7000,11.0000,10.6500,10.9500,269999,0
CHGG.US,5,20131113,162500,10.9600,11.0000,10.8100,10.9400,223952,0
CHGG.US,5,20131113,163000,10.9500,11.0200,10.8600,10.8800,246872,0
CHGG.US,5,20131113,163500,10.8800,11.0000,10.7500,10.8500,375300,0
CHGG.US,5,20131113,164000,10.8600,10.9900,10.8300,10.9400,189129,0
CHGG.US,5,20131113,164500,10.9400,11.0000,10.9100,10.9800,123092,0
CHGG.US,5,20131113,165000,10.9900,11.0000,10.8100,10.8100,107436,0
CHGG.US,5,20131113,165500,10.8100,10.8900,10.6600,10.7300,225670,0
CHGG.US,5,20131113,170000,10.7200,10.7500,10.6700,10.7400,132742,0
CHGG.US,5,20131113,170500,10.7400,10.7400,10.5000,10.5200,418288,0
CHGG.US,5,20131113,171000,10.5100,10.6400,10.5100,10.5900,249762,0
CHGG.US,5,20131113,171500,10.5900,10.6500,10.5300,10.6400,153169,0
CHGG.US,5,20131113,172000,10.6400,10.6500,10.5600,10.5600,68404,0
CHGG.US,5,20131113,172500,10.5600,10.5800,10.5000,10.5000,185916,0
CHGG.US,5,20131113,173000,10.5200,10.5400,10.5000,10.5100,435121,0
CHGG.US,5,20131113,173500,10.5100,10.5200,10.0500,10.1100,812232,0
CHGG.US,5,20131113,174000,10.1100,10.2300,10.0400,10.1200,305421,0
CHGG.US,5,20131113,174500,10.1300,10.1300,9.8500,10.1000,522796,0
CHGG.US,5,20131113,175000,10.1100,10.1400,9.9800,10.0100,220265,0
CHGG.US,5,20131113,175500,10.0000,10.0700,9.7200,9.8400,376253,0
CHGG.US,5,20131113,180000,9.8400,10.0000,9.8300,9.9500,176738,0
CHGG.US,5,20131113,180500,9.9600,10.0300,9.9400,9.9900,82377,0
CHGG.US,5,20131113,181000,9.9900,10.1700,9.9700,10.1100,80914,0
CHGG.US,5,20131113,181500,10.1100,10.2000,10.0000,10.1700,108741,0
CHGG.US,5,20131113,182000,10.1600,10.1800,10.1200,10.1500,50692,0
CHGG.US,5,20131113,182500,10.1400,10.1400,10.0100,10.0300,51346,0
CHGG.US,5,20131113,183000,10.0300,10.1400,10.0100,10.1300,40739,0
CHGG.US,5,20131113,183500,10.1400,10.2600,10.1400,10.2200,128550,0
CHGG.US,5,20131113,184000,10.2200,10.2600,10.2000,10.2100,54838,0
CHGG.US,5,20131113,184500,10.2000,10.2400,10.1100,10.1100,53073,0
CHGG.US,5,20131113,185000,10.1000,10.1100,10.1000,10.1100,43531,0
CHGG.US,5,20131113,185500,10.1100,10.3000,10.1000,10.1800,55096,0
CHGG.US,5,20131113,190000,10.1900,10.1900,10.1000,10.1000,18816,0
CHGG.US,5,20131113,190500,10.1000,10.2300,10.0600,10.2200,28372,0
CHGG.US,5,20131113,191000,10.2300,10.2300,10.2000,10.2000,18623,0
CHGG.US,5,20131113,191500,10.2000,10.2100,10.2000,10.2000,20549,0
CHGG.US,5,20131113,192000,10.2000,10.2500,10.2000,10.2400,43616,0
CHGG.US,5,20131113,192500,10.2300,10.2400,10.1700,10.1800,16896,0
CHGG.US,5,20131113,193000,10.1700,10.2100,10.1500,10.1700,27644,0
CHGG.US,5,20131113,193500,10.1600,10.1700,10.1300,10.1400,20850,0
CHGG.US,5,20131113,194000,10.1400,10.1700,10.1300,10.1700,13499,0
CHGG.US,5,20131113,194500,10.1700,10.1800,10.1700,10.1800,8835,0
CHGG.US,5,20131113,195000,10.1700,10.2200,10.1700,10.2200,19820,0
CHGG.US,5,20131113,195500,10.2200,10.2200,10.1900,10.1900,21612,0
CHGG.US,5,20131113,200000,10.2000,10.2700,10.1700,10.2000,71744,0
CHGG.US,5,20131113,200500,10.1900,10.2100,10.1700,10.2000,25531,0
CHGG.US,5,20131113,201000,10.2000,10.2000,10.1900,10.1900,16508,0
CHGG.US,5,20131113,201500,10.2000,10.2100,10.1500,10.1800,81709,0
CHGG.US,5,20131113,202000,10.1800,10.1800,10.0300,10.0600,71623,0
CHGG.US,5,20131113,202500,10.0500,10.1100,10.0400,10.0800,47257,0
CHGG.US,5,20131113,203000,10.0700,10.1000,10.0500,10.1000,34107,0
CHGG.US,5,20131113,203500,10.1000,10.1700,10.0900,10.1500,53461,0
CHGG.US,5,20131113,204000,10.1500,10.1700,10.0900,10.1000,42272,0
CHGG.US,5,20131113,204500,10.0900,10.1000,10.0000,10.0100,130977,0
CHGG.US,5,20131113,205000,10.0100,10.1100,9.9600,10.1000,88866,0
CHGG.US,5,20131113,205500,10.1000,10.1100,10.0900,10.0900,20415,0
CHGG.US,5,20131113,210000,10.1000,10.1000,10.0100,10.0100,37680,0
CHGG.US,5,20131113,210500,10.0100,10.0100,9.9000,9.9700,83932,0
CHGG.US,5,20131113,211000,9.9600,9.9800,9.8600,9.9800,76819,0
CHGG.US,5,20131113,211500,9.9700,9.9900,9.9000,9.9600,78862,0
CHGG.US,5,20131113,212000,9.9600,10.0100,9.9500,10.0000,68489,0
CHGG.US,5,20131113,212500,10.0000,10.0100,9.7700,9.8100,102830,0
CHGG.US,5,20131113,213000,9.8200,9.9000,9.7500,9.7900,146526,0
CHGG.US,5,20131113,213500,9.7900,9.8800,9.7500,9.8300,81885,0
CHGG.US,5,20131113,214000,9.8400,9.8400,9.7500,9.7600,113301,0
CHGG.US,5,20131113,214500,9.7700,9.7700,9.6300,9.7500,245362,0
CHGG.US,5,20131113,215000,9.7400,9.7500,9.6000,9.6300,220012,0
CHGG.US,5,20131113,215500,9.6200,9.6400,9.5000,9.5700,325098,0
CHGG.US,5,20131113,220000,9.5700,9.7900,9.5000,9.7500,493122,0
CHGG.US,5,20131113,220500,9.7500,9.7500,9.6800,9.6800,84664,0
CHGG.US,5,20131114,153500,9.8000,9.8200,9.6900,9.7700,36627,0
CHGG.US,5,20131114,154000,9.7700,9.9300,9.7500,9.8600,76180,0
CHGG.US,5,20131114,154500,9.8000,9.8500,9.7500,9.8200,27263,0
CHGG.US,5,20131114,155000,9.8000,9.8300,9.6700,9.6700,19353,0
CHGG.US,5,20131114,155500,9.6700,9.6900,9.5500,9.5900,36079,0
CHGG.US,5,20131114,160000,9.5800,9.6500,9.5400,9.6000,38030,0
CHGG.US,5,20131114,160500,9.6000,9.6500,9.5700,9.5900,21493,0
CHGG.US,5,20131114,161000,9.6000,9.6900,9.5000,9.5800,143616,0
CHGG.US,5,20131114,161500,9.6000,9.6400,9.5500,9.6200,12322,0
CHGG.US,5,20131114,162000,9.6100,9.6400,9.5500,9.5500,11125,0
CHGG.US,5,20131114,162500,9.5700,9.6100,9.5500,9.6100,8423,0
CHGG.US,5,20131114,163000,9.6100,9.6400,9.5900,9.6300,8330,0
CHGG.US,5,20131114,163500,9.6300,9.6500,9.5900,9.5900,7965,0
CHGG.US,5,20131114,164000,9.5900,9.6200,9.5500,9.5500,5594,0
CHGG.US,5,20131114,164500,9.5600,9.6400,9.5500,9.5800,12852,0
CHGG.US,5,20131114,165000,9.5900,9.6300,9.5900,9.6100,1940,0
CHGG.US,5,20131114,165500,9.6300,9.6300,9.5600,9.6000,12837,0
CHGG.US,5,20131114,170000,9.6000,9.6000,9.5600,9.5900,18856,0
CHGG.US,5,20131114,170500,9.5900,9.5900,9.5400,9.5400,8388,0
CHGG.US,5,20131114,171000,9.5500,9.7200,9.5100,9.5100,20158,0
CHGG.US,5,20131114,171500,9.5100,9.5500,9.5100,9.5200,16849,0
CHGG.US,5,20131114,172000,9.5200,9.5400,9.5100,9.5300,8062,0
CHGG.US,5,20131114,172500,9.5100,9.5500,9.5000,9.5000,59913,0
CHGG.US,5,20131114,173000,9.5000,9.5200,9.5000,9.5000,41894,0
CHGG.US,5,20131114,173500,9.5000,9.5200,9.5000,9.5100,12550,0
CHGG.US,5,20131114,174000,9.5100,9.5200,9.5000,9.5000,16212,0
CHGG.US,5,20131114,174500,9.5100,9.5100,9.5000,9.5000,68565,0
CHGG.US,5,20131114,175000,9.5000,9.5200,9.5000,9.5000,36265,0
CHGG.US,5,20131114,175500,9.5000,9.6000,9.4000,9.5000,48982,0
CHGG.US,5,20131114,180000,9.5000,9.5100,9.5000,9.5000,10350,0
CHGG.US,5,20131114,180500,9.5000,9.5100,9.4300,9.4300,18680,0
CHGG.US,5,20131114,181000,9.4600,9.4700,9.4300,9.4600,14355,0
CHGG.US,5,20131114,181500,9.4300,9.4500,9.4000,9.4000,15059,0
CHGG.US,5,20131114,182000,9.4000,9.4300,9.4000,9.4000,19986,0
CHGG.US,5,20131114,182500,9.4100,9.4200,9.4000,9.4000,18500,0
CHGG.US,5,20131114,183000,9.4000,9.4200,9.4000,9.4000,20165,0
CHGG.US,5,20131114,183500,9.4200,9.4200,9.3600,9.3600,29721,0
CHGG.US,5,20131114,184000,9.3600,9.3600,9.3000,9.3100,34876,0
CHGG.US,5,20131114,184500,9.3400,9.3400,9.3000,9.3300,10002,0
CHGG.US,5,20131114,185000,9.3000,9.3300,9.3000,9.3000,11993,0
CHGG.US,5,20131114,185500,9.3000,9.3200,9.2000,9.2000,78948,0
CHGG.US,5,20131114,190000,9.2000,9.2400,9.2000,9.2000,47280,0
CHGG.US,5,20131114,190500,9.2000,9.2100,8.8000,9.0000,192980,0
CHGG.US,5,20131114,191000,9.0000,9.0800,8.9700,9.0800,37834,0
CHGG.US,5,20131114,191500,9.0700,9.1400,9.0000,9.0500,38483,0
CHGG.US,5,20131114,192000,9.0300,9.1000,9.0000,9.0000,11060,0
CHGG.US,5,20131114,192500,9.0500,9.0500,9.0000,9.0200,18935,0
CHGG.US,5,20131114,193000,9.0000,9.0100,8.9500,8.9800,50479,0
CHGG.US,5,20131114,193500,8.9800,9.0000,8.9800,8.9800,24845,0
CHGG.US,5,20131114,194000,9.0000,9.0000,8.9600,9.0000,34939,0
CHGG.US,5,20131114,194500,8.9900,9.0000,8.9600,8.9600,22303,0
CHGG.US,5,20131114,195000,8.9600,9.0000,8.9000,8.9800,28074,0
CHGG.US,5,20131114,195500,8.9500,8.9800,8.9300,8.9600,8505,0
CHGG.US,5,20131114,200000,8.9600,9.0000,8.9600,8.9900,28600,0
CHGG.US,5,20131114,200500,8.9600,9.0000,8.9600,8.9900,36587,0
CHGG.US,5,20131114,201000,9.0000,9.0000,8.9600,8.9700,36947,0
CHGG.US,5,20131114,201500,8.9700,9.0000,8.9600,8.9800,22513,0
CHGG.US,5,20131114,202000,8.9900,9.0000,8.9800,8.9900,27350,0
CHGG.US,5,20131114,202500,8.9900,9.0000,8.9400,8.9400,36792,0
CHGG.US,5,20131114,203000,8.9500,8.9900,8.8500,8.9600,31245,0
CHGG.US,5,20131114,203500,8.9900,9.0000,8.8900,8.9000,16600,0
CHGG.US,5,20131114,204000,8.9100,8.9600,8.9100,8.9300,11387,0
CHGG.US,5,20131114,204500,8.9200,8.9500,8.9100,8.9100,7575,0
CHGG.US,5,20131114,205000,8.9100,8.9500,8.8100,8.8100,26524,0
CHGG.US,5,20131114,205500,8.8300,8.9900,8.8100,8.8700,72542,0
CHGG.US,5,20131114,210000,8.8800,8.9900,8.8500,8.8600,63460,0
CHGG.US,5,20131114,210500,8.8700,8.8800,8.8000,8.8400,58423,0
CHGG.US,5,20131114,211000,8.8500,8.8600,8.8100,8.8400,40158,0
CHGG.US,5,20131114,211500,8.8500,8.8700,8.8100,8.8400,40193,0
CHGG.US,5,20131114,212000,8.8300,8.8300,8.7600,8.7800,70824,0
CHGG.US,5,20131114,212500,8.7700,8.8400,8.7700,8.8000,58261,0
CHGG.US,5,20131114,213000,8.8100,8.8500,8.5600,8.7100,156339,0
CHGG.US,5,20131114,213500,8.7300,8.9400,8.7100,8.7200,83042,0
CHGG.US,5,20131114,214000,8.7200,8.8000,8.6900,8.7000,60743,0
CHGG.US,5,20131114,214500,8.7100,8.8000,8.6800,8.7600,54489,0
CHGG.US,5,20131114,215000,8.7700,8.8400,8.7000,8.7200,60147,0
CHGG.US,5,20131114,215500,8.7200,8.8000,8.7000,8.7500,70699,0
CHGG.US,5,20131114,220000,8.7400,8.9400,8.7300,8.8500,182810,0
CHGG.US,5,20131114,220500,8.8800,8.8800,8.8800,8.8800,17700,0
CHGG.US,5,20131115,153500,8.9600,8.9700,8.8200,8.9400,22840,0
CHGG.US,5,20131115,154000,8.9400,9.0000,8.9300,9.0000,26960,0
CHGG.US,5,20131115,154500,8.9900,9.1500,8.9800,9.1000,92940,0
CHGG.US,5,20131115,155000,9.0700,9.1700,9.0500,9.1700,52640,0
CHGG.US,5,20131115,155500,9.1300,9.2700,9.1300,9.2300,67075,0
CHGG.US,5,20131115,160000,9.2100,9.2800,9.0000,9.2400,75086,0
CHGG.US,5,20131115,160500,9.2500,9.2800,9.2100,9.2800,103368,0
CHGG.US,5,20131115,161000,9.2300,9.3900,9.1900,9.3500,42378,0
CHGG.US,5,20131115,161500,9.2800,9.3400,9.1600,9.3100,8853,0
CHGG.US,5,20131115,162000,9.3000,9.3000,9.2000,9.2500,12150,0
CHGG.US,5,20131115,162500,9.2600,9.2600,9.2200,9.2300,5925,0
CHGG.US,5,20131115,163000,9.2400,9.2500,9.1100,9.2200,17370,0
CHGG.US,5,20131115,163500,9.2500,9.3000,9.1800,9.2400,70741,0
CHGG.US,5,20131115,164000,9.2500,9.2900,9.2300,9.2500,19157,0
CHGG.US,5,20131115,164500,9.2500,9.2900,9.2500,9.2700,18650,0
CHGG.US,5,20131115,165000,9.2800,9.3400,9.2700,9.3000,56598,0
CHGG.US,5,20131115,165500,9.3000,9.3400,9.3000,9.3400,23380,0
CHGG.US,5,20131115,170000,9.3100,9.3400,9.2800,9.2900,23150,0
CHGG.US,5,20131115,170500,9.3100,9.3200,9.2800,9.3100,11194,0
CHGG.US,5,20131115,171000,9.3100,9.3200,9.2900,9.2900,7196,0
CHGG.US,5,20131115,171500,9.2900,9.2900,9.2600,9.2900,8236,0
CHGG.US,5,20131115,172000,9.2900,9.3500,9.2800,9.3500,12012,0
CHGG.US,5,20131115,172500,9.3500,9.3500,9.3000,9.3300,11508,0
CHGG.US,5,20131115,173000,9.3400,9.4000,9.2500,9.3700,45493,0
CHGG.US,5,20131115,173500,9.3500,9.4500,9.3500,9.4300,48792,0
CHGG.US,5,20131115,174000,9.4400,9.4800,9.4300,9.4700,38914,0
CHGG.US,5,20131115,174500,9.4600,9.4700,9.3500,9.3800,13122,0
CHGG.US,5,20131115,175000,9.3900,9.4000,9.3600,9.4000,3248,0
CHGG.US,5,20131115,175500,9.3800,9.4000,9.3500,9.3500,6615,0
CHGG.US,5,20131115,180000,9.3200,9.3500,9.1600,9.2800,24516,0
CHGG.US,5,20131115,180500,9.2800,9.4000,9.2800,9.4000,4333,0
CHGG.US,5,20131115,181000,9.3900,9.4800,9.3300,9.4800,36443,0
CHGG.US,5,20131115,181500,9.4600,9.4800,9.4100,9.4500,50704,0
CHGG.US,5,20131115,182000,9.4500,9.4500,9.4000,9.4100,7979,0
CHGG.US,5,20131115,182500,9.4300,9.4700,9.4000,9.4700,12600,0
CHGG.US,5,20131115,183000,9.4700,9.5100,9.4500,9.5000,25951,0
CHGG.US,5,20131115,183500,9.5100,9.5200,9.4600,9.4700,10858,0
CHGG.US,5,20131115,184000,9.4700,9.4700,9.4100,9.4400,11600,0
CHGG.US,5,20131115,184500,9.4500,9.4500,9.2900,9.3200,15640,0
CHGG.US,5,20131115,185000,9.3200,9.3300,9.2500,9.3000,13969,0
CHGG.US,5,20131115,185500,9.2800,9.3000,9.2500,9.2800,11990,0
CHGG.US,5,20131115,190000,9.3000,9.3300,9.2900,9.3100,7600,0
CHGG.US,5,20131115,190500,9.3000,9.3400,9.3000,9.3100,6800,0
CHGG.US,5,20131115,191000,9.3100,9.3400,9.3100,9.3100,6010,0
CHGG.US,5,20131115,191500,9.3300,9.4200,9.3100,9.4100,16166,0
CHGG.US,5,20131115,192000,9.4200,9.4200,9.3800,9.4100,7527,0
CHGG.US,5,20131115,192500,9.4200,9.4200,9.4100,9.4100,900,0
CHGG.US,5,20131115,193000,9.3900,9.5000,9.3900,9.4900,30540,0
CHGG.US,5,20131115,193500,9.5000,9.5700,9.5000,9.5400,61055,0
CHGG.US,5,20131115,194000,9.5300,9.5900,9.5300,9.5900,45392,0
CHGG.US,5,20131115,194500,9.5900,9.6000,9.5400,9.5900,32701,0
CHGG.US,5,20131115,195000,9.5500,9.6000,9.4600,9.5000,37425,0
CHGG.US,5,20131115,195500,9.4700,9.5300,9.4400,9.5000,16200,0
CHGG.US,5,20131115,200000,9.4900,9.5200,9.4900,9.5000,24600,0
CHGG.US,5,20131115,200500,9.5000,9.5000,9.4800,9.5000,16600,0
CHGG.US,5,20131115,201000,9.5000,9.5000,9.4900,9.5000,17100,0
CHGG.US,5,20131115,201500,9.5000,9.5000,9.4900,9.4900,14900,0
CHGG.US,5,20131115,202000,9.5000,9.5300,9.4700,9.4700,38950,0
CHGG.US,5,20131115,202500,9.4700,9.4700,9.4000,9.4500,9600,0
CHGG.US,5,20131115,203000,9.4200,9.4600,9.3800,9.4100,13023,0
CHGG.US,5,20131115,203500,9.4100,9.4600,9.3800,9.4600,6350,0
CHGG.US,5,20131115,204000,9.4500,9.4600,9.3100,9.3100,11700,0
CHGG.US,5,20131115,204500,9.3300,9.3600,9.3300,9.3400,10756,0
CHGG.US,5,20131115,205000,9.3500,9.3700,9.3300,9.3400,15150,0
CHGG.US,5,20131115,205500,9.3300,9.3400,9.3300,9.3400,19317,0
CHGG.US,5,20131115,210000,9.3500,9.3500,9.3000,9.3000,18681,0
CHGG.US,5,20131115,210500,9.3000,9.3100,9.2100,9.2500,12130,0
CHGG.US,5,20131115,211000,9.2100,9.2400,9.0400,9.1000,31204,0
CHGG.US,5,20131115,211500,9.1100,9.2000,9.0600,9.1200,19059,0
CHGG.US,5,20131115,212000,9.1200,9.2000,9.1100,9.1700,14350,0
CHGG.US,5,20131115,212500,9.1600,9.2400,9.1300,9.2400,10853,0
CHGG.US,5,20131115,213000,9.1600,9.1900,9.1300,9.1500,8477,0
CHGG.US,5,20131115,213500,9.1600,9.2000,9.0900,9.1500,25338,0
CHGG.US,5,20131115,214000,9.1000,9.1800,9.0600,9.1200,25300,0
CHGG.US,5,20131115,214500,9.1300,9.2400,9.1100,9.2000,18425,0
CHGG.US,5,20131115,215000,9.2000,9.2700,9.1900,9.2300,19231,0
CHGG.US,5,20131115,215500,9.2300,9.2300,9.1700,9.2100,11141,0
CHGG.US,5,20131115,220000,9.2100,9.2100,9.1100,9.1300,59483,0
CHGG.US,5,20131115,220500,9.1300,9.1300,9.1300,9.1300,4752,0
CHGG.US,5,20131118,153500,9.5000,9.5000,9.2500,9.3500,46801,0
CHGG.US,5,20131118,154000,9.3900,9.4000,9.3000,9.3500,13446,0
CHGG.US,5,20131118,154500,9.3500,9.3500,9.1500,9.2100,30154,0
CHGG.US,5,20131118,155000,9.2800,9.2800,9.2100,9.2700,4753,0
CHGG.US,5,20131118,155500,9.2700,9.2700,9.2100,9.2100,5504,0
CHGG.US,5,20131118,160000,9.2100,9.2200,9.2100,9.2100,8100,0
CHGG.US,5,20131118,160500,9.2100,9.2600,9.2100,9.2400,5931,0
CHGG.US,5,20131118,161000,9.2000,9.2500,9.1600,9.1900,7749,0
CHGG.US,5,20131118,161500,9.1800,9.2300,9.1700,9.2300,8900,0
CHGG.US,5,20131118,162000,9.2300,9.2500,9.2100,9.2100,3718,0
CHGG.US,5,20131118,162500,9.2100,9.2400,9.1600,9.2400,10678,0
CHGG.US,5,20131118,163000,9.2400,9.2700,9.2100,9.2600,4700,0
CHGG.US,5,20131118,163500,9.2700,9.4600,9.2700,9.4200,24741,0
CHGG.US,5,20131118,164000,9.4200,9.4900,9.3900,9.4300,27466,0
CHGG.US,5,20131118,164500,9.4000,9.4600,9.3500,9.3500,5600,0
CHGG.US,5,20131118,165000,9.3500,9.4000,9.3100,9.3100,9298,0
CHGG.US,5,20131118,165500,9.3300,9.3500,9.3100,9.3200,3360,0
CHGG.US,5,20131118,170000,9.3200,9.3500,9.3200,9.3300,1200,0
CHGG.US,5,20131118,170500,9.3400,9.3500,9.3300,9.3500,300,0
CHGG.US,5,20131118,171000,9.3400,9.3500,9.3000,9.3500,7326,0
CHGG.US,5,20131118,171500,9.3500,9.3500,9.3400,9.3400,200,0
CHGG.US,5,20131118,172000,9.3300,9.3500,9.3300,9.3500,2800,0
CHGG.US,5,20131118,172500,9.3500,9.3500,9.3400,9.3500,9010,0
CHGG.US,5,20131118,173000,9.3500,9.4500,9.3400,9.4400,15900,0
CHGG.US,5,20131118,173500,9.4400,9.4500,9.4300,9.4500,7300,0
CHGG.US,5,20131118,174000,9.4500,9.4500,9.4400,9.4400,8200,0
CHGG.US,5,20131118,174500,9.4400,9.4400,9.4000,9.4000,5500,0
CHGG.US,5,20131118,175000,9.4000,9.4000,9.4000,9.4000,1500,0
CHGG.US,5,20131118,175500,9.4000,9.4000,9.3500,9.3500,3000,0
CHGG.US,5,20131118,180000,9.3600,9.4000,9.3500,9.4000,3500,0
CHGG.US,5,20131118,180500,9.3700,9.3900,9.3600,9.3800,5628,0
CHGG.US,5,20131118,181000,9.3900,9.3900,9.3800,9.3800,1850,0
CHGG.US,5,20131118,181500,9.3700,9.3700,9.3500,9.3500,2100,0
CHGG.US,5,20131118,182000,9.3500,9.3600,9.3500,9.3600,1821,0
CHGG.US,5,20131118,182500,9.3600,9.3800,9.3600,9.3800,4690,0
CHGG.US,5,20131118,183000,9.3600,9.3900,9.3500,9.3800,1635,0
CHGG.US,5,20131118,183500,9.3800,9.3800,9.3500,9.3500,2200,0
CHGG.US,5,20131118,184000,9.3700,9.3700,9.3500,9.3700,6400,0
CHGG.US,5,20131118,184500,9.3700,9.3700,9.3700,9.3700,200,0
CHGG.US,5,20131118,185000,9.3700,9.3700,9.3500,9.3500,2200,0
CHGG.US,5,20131118,185500,9.3700,9.3700,9.3500,9.3500,1500,0
CHGG.US,5,20131118,190000,9.3500,9.3700,9.3500,9.3700,225,0
CHGG.US,5,20131118,190500,9.3700,9.3700,9.3500,9.3700,600,0
CHGG.US,5,20131118,191000,9.3600,9.3600,9.3400,9.3400,1405,0
CHGG.US,5,20131118,191500,9.3200,9.3400,9.3100,9.3100,4550,0
CHGG.US,5,20131118,192000,9.3100,9.3300,9.3100,9.3100,3500,0
CHGG.US,5,20131118,192500,9.3300,9.3300,9.3000,9.3000,2099,0
CHGG.US,5,20131118,193000,9.3100,9.3100,9.2600,9.2900,4906,0
CHGG.US,5,20131118,193500,9.2700,9.2700,9.2600,9.2700,5367,0
CHGG.US,5,20131118,194000,9.2600,9.2600,9.2500,9.2600,2550,0
CHGG.US,5,20131118,194500,9.2700,9.2800,9.2500,9.2500,23520,0
CHGG.US,5,20131118,195000,9.2500,9.2500,9.2500,9.2500,200,0
CHGG.US,5,20131118,195500,9.2800,9.2800,9.2800,9.2800,100,0
CHGG.US,5,20131118,200000,9.2700,9.2800,9.2500,9.2600,1000,0
CHGG.US,5,20131118,200500,9.2700,9.2700,9.2700,9.2700,755,0
CHGG.US,5,20131118,201000,9.2700,9.2800,9.2500,9.2600,7602,0
CHGG.US,5,20131118,201500,9.2700,9.2700,9.2400,9.2500,14629,0
CHGG.US,5,20131118,202000,9.2100,9.2400,9.2100,9.2400,1300,0
CHGG.US,5,20131118,202500,9.2500,9.2500,9.1800,9.2200,13962,0
CHGG.US,5,20131118,203000,9.2000,9.2100,9.1800,9.2100,2325,0
CHGG.US,5,20131118,203500,9.1900,9.2700,9.1900,9.2700,2800,0
CHGG.US,5,20131118,204500,9.2200,9.2200,9.2000,9.2100,5500,0
CHGG.US,5,20131118,205000,9.2200,9.2200,9.1800,9.1800,1800,0
CHGG.US,5,20131118,205500,9.2000,9.2000,9.1800,9.2000,1300,0
CHGG.US,5,20131118,210000,9.2000,9.2000,9.1800,9.2000,1500,0
CHGG.US,5,20131118,210500,9.2000,9.2100,9.1900,9.1900,3200,0
CHGG.US,5,20131118,211000,9.1900,9.2500,9.1800,9.1800,4300,0
CHGG.US,5,20131118,211500,9.1800,9.1800,9.1600,9.1600,6434,0
CHGG.US,5,20131118,212000,9.1700,9.2000,9.1000,9.1000,11729,0
CHGG.US,5,20131118,212500,9.1000,9.1100,9.0500,9.0500,15521,0
CHGG.US,5,20131118,213000,9.0500,9.1100,9.0000,9.0000,17200,0
CHGG.US,5,20131118,213500,9.0100,9.0300,8.9900,9.0000,28810,0
CHGG.US,5,20131118,214000,8.9900,9.0000,8.8900,8.9700,62839,0
CHGG.US,5,20131118,214500,8.9800,9.0800,8.9700,8.9800,39099,0
CHGG.US,5,20131118,215000,8.9700,8.9800,8.9600,8.9800,5725,0
CHGG.US,5,20131118,215500,8.9600,9.0200,8.9600,9.0000,21579,0
CHGG.US,5,20131118,220000,9.0000,9.0300,8.9000,9.0000,60173,0
CHGG.US,5,20131118,220500,9.0000,9.0000,9.0000,9.0000,500,0
CHGG.US,5,20131119,153500,9.1000,9.1000,8.9200,8.9200,7000,0
CHGG.US,5,20131119,154000,8.9200,9.0000,8.8800,8.9400,14849,0
CHGG.US,5,20131119,154500,9.0000,9.0000,8.9000,8.9100,11060,0
CHGG.US,5,20131119,155000,8.9200,8.9500,8.9000,8.9000,30588,0
CHGG.US,5,20131119,155500,8.9100,8.9300,8.9000,8.9300,8100,0
CHGG.US,5,20131119,160000,8.9100,8.9300,8.8500,8.8900,18805,0
CHGG.US,5,20131119,160500,8.8600,8.9100,8.8100,8.8400,14093,0
CHGG.US,5,20131119,161000,8.8800,8.8900,8.8200,8.8300,9797,0
CHGG.US,5,20131119,161500,8.8400,8.8500,8.7000,8.7700,25267,0
CHGG.US,5,20131119,162000,8.8200,8.8600,8.7800,8.8600,5298,0
CHGG.US,5,20131119,162500,8.7900,8.8600,8.7700,8.8600,5400,0
CHGG.US,5,20131119,163000,8.8400,8.8600,8.8000,8.8300,3400,0
CHGG.US,5,20131119,163500,8.8300,8.8400,8.8000,8.8100,3911,0
CHGG.US,5,20131119,164000,8.8100,8.8500,8.8000,8.8300,20325,0
CHGG.US,5,20131119,164500,8.8100,8.8500,8.8000,8.8300,6097,0
CHGG.US,5,20131119,165000,8.8300,8.8400,8.8100,8.8300,2300,0
CHGG.US,5,20131119,165500,8.8300,8.8500,8.8300,8.8400,2500,0
CHGG.US,5,20131119,170000,8.8300,8.8500,8.8200,8.8300,2918,0
CHGG.US,5,20131119,170500,8.8300,8.8300,8.8100,8.8200,3900,0
CHGG.US,5,20131119,171000,8.8200,8.8300,8.8100,8.8200,19510,0
CHGG.US,5,20131119,171500,8.8200,8.8200,8.7700,8.8000,21239,0
CHGG.US,5,20131119,172000,8.7800,8.8400,8.7700,8.8400,12750,0
CHGG.US,5,20131119,172500,8.8600,8.8600,8.8100,8.8200,3325,0
CHGG.US,5,20131119,173000,8.8400,8.8500,8.8300,8.8500,300,0
CHGG.US,5,20131119,173500,8.8400,8.8500,8.8400,8.8500,1055,0
CHGG.US,5,20131119,174000,8.8500,8.8500,8.8400,8.8500,3000,0
CHGG.US,5,20131119,174500,8.8400,8.8400,8.8000,8.8300,4290,0
CHGG.US,5,20131119,175000,8.8200,8.8200,8.8000,8.8000,4820,0
CHGG.US,5,20131119,175500,8.8000,8.8100,8.8000,8.8000,9483,0
CHGG.US,5,20131119,180000,8.8000,8.8500,8.8000,8.8400,5183,0
CHGG.US,5,20131119,180500,8.8300,8.8500,8.8200,8.8200,13000,0
CHGG.US,5,20131119,181000,8.8400,8.8500,8.8200,8.8300,2420,0
CHGG.US,5,20131119,181500,8.8200,8.8500,8.8200,8.8200,7830,0
CHGG.US,5,20131119,182000,8.8200,8.8300,8.8100,8.8200,57600,0
CHGG.US,5,20131119,182500,8.8200,8.8300,8.8200,8.8300,3100,0
CHGG.US,5,20131119,183000,8.8300,8.8300,8.8100,8.8100,6620,0
CHGG.US,5,20131119,183500,8.8000,8.8000,8.7700,8.8000,7500,0
CHGG.US,5,20131119,184000,8.8000,8.8000,8.7800,8.8000,1813,0
CHGG.US,5,20131119,184500,8.8000,8.8000,8.7800,8.7800,3300,0
CHGG.US,5,20131119,185000,8.7800,8.8200,8.7800,8.8000,11202,0
CHGG.US,5,20131119,185500,8.8000,8.8200,8.8000,8.8100,1200,0
CHGG.US,5,20131119,190000,8.8100,8.8500,8.8000,8.8500,16299,0
CHGG.US,5,20131119,190500,8.8400,8.8400,8.8300,8.8300,600,0
CHGG.US,5,20131119,191000,8.8300,8.8500,8.8000,8.8000,1500,0
CHGG.US,5,20131119,191500,8.8000,8.8500,8.7900,8.8000,13341,0
CHGG.US,5,20131119,192000,8.8300,8.8400,8.8100,8.8300,1400,0
CHGG.US,5,20131119,192500,8.8400,8.8400,8.8300,8.8400,4604,0
CHGG.US,5,20131119,193000,8.8400,8.8400,8.7700,8.7800,18613,0
CHGG.US,5,20131119,193500,8.7800,8.7900,8.7100,8.7300,26613,0
CHGG.US,5,20131119,194000,8.7400,8.7600,8.7100,8.7200,7773,0
CHGG.US,5,20131119,194500,8.7400,8.8100,8.7400,8.7900,3272,0
CHGG.US,5,20131119,195000,8.7700,8.7800,8.7500,8.7800,6300,0
CHGG.US,5,20131119,195500,8.8100,8.8100,8.7800,8.7800,550,0
CHGG.US,5,20131119,200000,8.7800,8.7800,8.7000,8.7200,7337,0
CHGG.US,5,20131119,200500,8.7000,8.8900,8.7000,8.8300,19455,0
CHGG.US,5,20131119,201000,8.8100,8.8400,8.7200,8.7400,2860,0
CHGG.US,5,20131119,201500,8.7700,8.7700,8.7400,8.7600,1700,0
CHGG.US,5,20131119,202000,8.7500,8.7600,8.7500,8.7600,300,0
CHGG.US,5,20131119,202500,8.7500,8.7500,8.7400,8.7500,3000,0
CHGG.US,5,20131119,203000,8.7500,8.7500,8.7400,8.7500,2545,0
CHGG.US,5,20131119,203500,8.7500,8.7500,8.7000,8.7100,7289,0
CHGG.US,5,20131119,204000,8.7100,8.7100,8.7100,8.7100,300,0
CHGG.US,5,20131119,204500,8.7400,8.7400,8.7200,8.7200,1050,0
CHGG.US,5,20131119,205000,8.7400,8.7700,8.7200,8.7700,11837,0
CHGG.US,5,20131119,205500,8.8100,8.8400,8.7900,8.7900,2408,0
CHGG.US,5,20131119,210000,8.8000,8.8000,8.7700,8.7900,496,0
CHGG.US,5,20131119,210500,8.7900,8.7900,8.7900,8.7900,600,0
CHGG.US,5,20131119,211000,8.7900,8.8000,8.7500,8.8000,15392,0
CHGG.US,5,20131119,211500,8.7900,8.8300,8.7900,8.7900,19100,0
CHGG.US,5,20131119,212000,8.8000,8.8100,8.8000,8.8100,700,0
CHGG.US,5,20131119,212500,8.7900,8.8000,8.7900,8.7900,2500,0
CHGG.US,5,20131119,213000,8.7900,8.7900,8.7900,8.7900,600,0
CHGG.US,5,20131119,213500,8.7900,8.8000,8.7900,8.8000,2300,0
CHGG.US,5,20131119,214000,8.8000,8.8000,8.7900,8.8000,1536,0
CHGG.US,5,20131119,214500,8.8000,8.8000,8.8000,8.8000,1200,0
CHGG.US,5,20131119,215000,8.7900,8.7900,8.7000,8.7100,10241,0
CHGG.US,5,20131119,215500,8.7100,8.7400,8.6800,8.7400,15191,0
CHGG.US,5,20131119,220000,8.7300,8.8000,8.7200,8.7700,24856,0
CHGG.US,5,20131119,220500,8.7200,8.7200,8.7200,8.7200,3000,0
CHGG.US,5,20131120,153500,8.7900,8.8000,8.6000,8.7200,6900,0
CHGG.US,5,20131120,154000,8.7300,8.9100,8.6300,8.9100,17004,0
CHGG.US,5,20131120,154500,8.7800,8.9100,8.7800,8.8500,13764,0
CHGG.US,5,20131120,155000,8.8000,8.9000,8.8000,8.8700,21336,0
CHGG.US,5,20131120,155500,8.8400,8.8500,8.8000,8.8000,600,0
CHGG.US,5,20131120,160000,8.8000,8.8400,8.7600,8.7600,3048,0
CHGG.US,5,20131120,160500,8.7600,8.7800,8.7400,8.7600,2200,0
CHGG.US,5,20131120,161000,8.7600,8.7600,8.6000,8.6000,9800,0
CHGG.US,5,20131120,161500,8.6500,8.6900,8.6500,8.6700,1100,0
CHGG.US,5,20131120,162000,8.6500,8.6900,8.6500,8.6500,900,0
CHGG.US,5,20131120,162500,8.6500,8.6600,8.6500,8.6600,3600,0
CHGG.US,5,20131120,163000,8.6200,8.7600,8.6200,8.7100,11225,0
CHGG.US,5,20131120,163500,8.7100,8.7200,8.6500,8.7000,2200,0
CHGG.US,5,20131120,164000,8.6500,8.7000,8.6500,8.6500,900,0
CHGG.US,5,20131120,164500,8.6900,8.6900,8.6500,8.6900,840,0
CHGG.US,5,20131120,165000,8.6500,8.7400,8.6400,8.6500,3350,0
CHGG.US,5,20131120,165500,8.6800,8.7000,8.6500,8.6600,3300,0
CHGG.US,5,20131120,170000,8.6700,8.6800,8.6600,8.6600,900,0
CHGG.US,5,20131120,170500,8.6700,8.6900,8.6200,8.6600,10650,0
CHGG.US,5,20131120,171000,8.6200,8.7000,8.6200,8.7000,2200,0
CHGG.US,5,20131120,171500,8.6600,8.6800,8.6400,8.6600,1897,0
CHGG.US,5,20131120,172000,8.6400,8.7000,8.6400,8.6600,4496,0
CHGG.US,5,20131120,172500,8.6700,8.6900,8.6400,8.6900,4279,0
CHGG.US,5,20131120,173000,8.6500,8.7300,8.6400,8.7100,10575,0
CHGG.US,5,20131120,173500,8.7100,8.7400,8.6500,8.6700,10950,0
CHGG.US,5,20131120,174000,8.6600,8.6700,8.6600,8.6700,1950,0
CHGG.US,5,20131120,174500,8.6700,8.6900,8.6500,8.6700,4600,0
CHGG.US,5,20131120,175000,8.6700,8.6700,8.6500,8.6700,9991,0
CHGG.US,5,20131120,175500,8.6700,8.7300,8.6700,8.7000,13800,0
CHGG.US,5,20131120,180000,8.7000,8.7300,8.6600,8.7000,15397,0
CHGG.US,5,20131120,180500,8.7000,8.7000,8.6700,8.6700,2951,0
CHGG.US,5,20131120,181000,8.6700,8.7000,8.6700,8.6900,6215,0
CHGG.US,5,20131120,181500,8.6900,8.7400,8.6900,8.7400,1603,0
CHGG.US,5,20131120,182000,8.7200,8.7300,8.6700,8.6700,2240,0
CHGG.US,5,20131120,182500,8.6800,8.7200,8.6800,8.7100,500,0
CHGG.US,5,20131120,183000,8.7500,8.7900,8.7400,8.7500,6163,0
CHGG.US,5,20131120,183500,8.7900,8.8000,8.7200,8.7800,10176,0
CHGG.US,5,20131120,184000,8.7200,8.7800,8.7200,8.7400,400,0
CHGG.US,5,20131120,184500,8.7400,8.7800,8.7300,8.7800,500,0
CHGG.US,5,20131120,185000,8.7300,8.7800,8.7300,8.7300,1200,0
CHGG.US,5,20131120,185500,8.7300,8.7800,8.7300,8.7400,1875,0
CHGG.US,5,20131120,190000,8.7300,8.7400,8.7300,8.7400,400,0
CHGG.US,5,20131120,190500,8.7300,8.7400,8.7300,8.7300,1087,0
CHGG.US,5,20131120,191000,8.7400,8.7400,8.7300,8.7300,900,0
CHGG.US,5,20131120,191500,8.6900,8.6900,8.6800,8.6900,725,0
CHGG.US,5,20131120,192000,8.7000,8.7000,8.6800,8.6800,1500,0
CHGG.US,5,20131120,192500,8.6600,8.6700,8.6500,8.6600,1100,0
CHGG.US,5,20131120,193000,8.6700,8.6700,8.6500,8.6700,700,0
CHGG.US,5,20131120,193500,8.6900,8.6900,8.6500,8.6600,1200,0
CHGG.US,5,20131120,194000,8.6600,8.7000,8.6500,8.6900,2383,0
CHGG.US,5,20131120,194500,8.6600,8.6900,8.6600,8.6800,1100,0
CHGG.US,5,20131120,195000,8.6500,8.6600,8.6200,8.6300,5700,0
CHGG.US,5,20131120,195500,8.6200,8.6700,8.6200,8.6300,2575,0
CHGG.US,5,20131120,200000,8.6300,8.6500,8.6300,8.6300,600,0
CHGG.US,5,20131120,200500,8.6500,8.6500,8.6300,8.6500,1500,0
CHGG.US,5,20131120,201000,8.6200,8.6400,8.6200,8.6200,450,0
CHGG.US,5,20131120,201500,8.6400,8.6400,8.6000,8.6000,6900,0
CHGG.US,5,20131120,202000,8.6000,8.6200,8.5800,8.5900,16393,0
CHGG.US,5,20131120,202500,8.5800,8.6300,8.5800,8.6000,3800,0
CHGG.US,5,20131120,203000,8.6000,8.6000,8.5800,8.5800,7050,0
CHGG.US,5,20131120,203500,8.5800,8.5900,8.5700,8.5800,4525,0
CHGG.US,5,20131120,204000,8.5800,8.5800,8.5800,8.5800,200,0
CHGG.US,5,20131120,204500,8.5800,8.5800,8.5500,8.5700,3500,0
CHGG.US,5,20131120,205000,8.5600,8.5600,8.5000,8.5000,22757,0
CHGG.US,5,20131120,205500,8.5000,8.5000,8.3500,8.4400,33560,0
CHGG.US,5,20131120,210000,8.4300,8.5100,8.4200,8.4900,9074,0
CHGG.US,5,20131120,210500,8.4900,8.5000,8.4300,8.4800,3200,0
CHGG.US,5,20131120,211000,8.4800,8.4800,8.2700,8.3000,9610,0
CHGG.US,5,20131120,211500,8.3000,8.3300,8.1600,8.2100,42584,0
CHGG.US,5,20131120,212000,8.2100,8.2400,8.0900,8.1600,17550,0
CHGG.US,5,20131120,212500,8.1600,8.2500,8.1300,8.2100,29355,0
CHGG.US,5,20131120,213000,8.1800,8.3000,8.1800,8.2200,13600,0
CHGG.US,5,20131120,213500,8.2500,8.2500,8.0900,8.0900,16000,0
CHGG.US,5,20131120,214000,8.1400,8.1800,8.0900,8.1000,17650,0
CHGG.US,5,20131120,214500,8.1000,8.1000,8.0000,8.0100,30900,0
CHGG.US,5,20131120,215000,8.0300,8.1400,8.0100,8.1200,47500,0
CHGG.US,5,20131120,215500,8.1400,8.1400,8.0100,8.0100,81442,0
CHGG.US,5,20131120,220000,8.0400,8.0400,7.9300,7.9900,74618,0
CHGG.US,5,20131120,220500,7.9700,7.9700,7.9700,7.9700,200,0
CHGG.US,5,20131121,153500,8.2800,8.2900,8.1600,8.2500,9550,0
CHGG.US,5,20131121,154000,8.2500,8.2600,8.1500,8.1700,10830,0
CHGG.US,5,20131121,154500,8.1600,8.2500,8.1500,8.2200,19590,0
CHGG.US,5,20131121,155000,8.1900,8.2200,8.1900,8.2100,1407,0
CHGG.US,5,20131121,155500,8.2200,8.2200,8.1900,8.1900,4600,0
CHGG.US,5,20131121,160000,8.1900,8.2500,8.1700,8.1700,19450,0
CHGG.US,5,20131121,160500,8.1700,8.2500,8.1000,8.1400,26500,0
CHGG.US,5,20131121,161000,8.1500,8.1500,8.1000,8.1500,11050,0
CHGG.US,5,20131121,161500,8.1500,8.1500,8.1100,8.1100,669,0
CHGG.US,5,20131121,162000,8.1200,8.1500,8.1200,8.1200,8100,0
CHGG.US,5,20131121,162500,8.1200,8.1500,8.1000,8.1500,2241,0
CHGG.US,5,20131121,163000,8.1500,8.1500,8.0000,8.0800,10184,0
CHGG.US,5,20131121,163500,8.0100,8.0600,7.9700,8.0500,27881,0
CHGG.US,5,20131121,164000,8.0300,8.0600,8.0200,8.0200,6125,0
CHGG.US,5,20131121,164500,8.0100,8.0500,8.0000,8.0000,7309,0
CHGG.US,5,20131121,165000,8.0000,8.0400,7.9800,8.0000,4641,0
CHGG.US,5,20131121,165500,8.0000,8.0500,7.9900,7.9900,2375,0
CHGG.US,5,20131121,170000,8.0200,8.0400,7.9700,8.0300,2248,0
CHGG.US,5,20131121,170500,7.9700,8.0000,7.9700,7.9700,1400,0
CHGG.US,5,20131121,171000,7.9800,8.1600,7.9700,8.0600,5922,0
CHGG.US,5,20131121,171500,8.0600,8.1000,8.0600,8.1000,1500,0
CHGG.US,5,20131121,172000,8.0500,8.0700,8.0100,8.0100,10040,0
CHGG.US,5,20131121,172500,8.0100,8.0100,8.0000,8.0100,12230,0
CHGG.US,5,20131121,173000,8.0000,8.0800,7.9700,8.0700,10714,0
CHGG.US,5,20131121,173500,8.0500,8.0500,8.0300,8.0300,5661,0
CHGG.US,5,20131121,174000,8.0000,8.0000,8.0000,8.0000,325,0
CHGG.US,5,20131121,174500,8.0000,8.0000,7.9800,7.9800,3951,0
CHGG.US,5,20131121,175000,7.9800,8.0000,7.9500,8.0000,8200,0
CHGG.US,5,20131121,175500,8.0000,8.0000,7.9700,7.9800,1750,0
CHGG.US,5,20131121,180000,7.9700,7.9800,7.9500,7.9800,10650,0
CHGG.US,5,20131121,180500,7.9800,8.0000,7.9800,8.0000,3802,0
CHGG.US,5,20131121,181000,7.9900,7.9900,7.9700,7.9700,1050,0
CHGG.US,5,20131121,181500,7.9700,8.0200,7.8500,7.9500,19461,0
CHGG.US,5,20131121,182000,7.9400,8.0000,7.9400,7.9900,4500,0
CHGG.US,5,20131121,182500,7.9900,7.9900,7.9500,7.9900,3100,0
CHGG.US,5,20131121,183000,7.9900,7.9900,7.9700,7.9700,500,0
CHGG.US,5,20131121,183500,7.9700,7.9700,7.9500,7.9500,3410,0
CHGG.US,5,20131121,184000,7.9500,7.9500,7.9500,7.9500,100,0
CHGG.US,5,20131121,184500,7.9900,7.9900,7.9100,7.9500,2400,0
CHGG.US,5,20131121,185000,7.9300,7.9500,7.9200,7.9500,7700,0
CHGG.US,5,20131121,185500,7.9400,7.9500,7.9100,7.9400,2400,0
CHGG.US,5,20131121,190000,7.9500,7.9500,7.9300,7.9400,1200,0
CHGG.US,5,20131121,190500,7.9300,7.9400,7.9100,7.9100,5100,0
CHGG.US,5,20131121,191000,7.9100,7.9100,7.8600,7.8900,8240,0
CHGG.US,5,20131121,191500,7.9000,7.9100,7.8700,7.8800,14539,0
CHGG.US,5,20131121,192000,7.8800,7.8900,7.8500,7.8500,7526,0
CHGG.US,5,20131121,192500,7.8500,7.8900,7.8500,7.8900,5450,0
CHGG.US,5,20131121,193000,7.8900,7.9700,7.8900,7.9600,13500,0
CHGG.US,5,20131121,193500,7.9600,7.9600,7.9100,7.9100,2419,0
CHGG.US,5,20131121,194000,7.8900,7.9100,7.8900,7.9100,2300,0
CHGG.US,5,20131121,194500,7.8900,7.9200,7.8900,7.9100,1700,0
CHGG.US,5,20131121,195000,7.9000,7.9200,7.9000,7.9100,2450,0
CHGG.US,5,20131121,195500,7.9000,7.9100,7.9000,7.9000,2117,0
CHGG.US,5,20131121,200000,7.9000,7.9100,7.8700,7.8800,2400,0
CHGG.US,5,20131121,200500,7.8800,7.8900,7.8600,7.8800,12899,0
CHGG.US,5,20131121,201000,7.8800,7.8800,7.8200,7.8200,9446,0
CHGG.US,5,20131121,201500,7.8500,7.9200,7.8200,7.8600,62340,0
CHGG.US,5,20131121,202000,7.8600,7.8800,7.8400,7.8500,10405,0
CHGG.US,5,20131121,202500,7.8400,7.8600,7.8300,7.8600,10303,0
CHGG.US,5,20131121,203000,7.8600,7.8600,7.8400,7.8400,11700,0
CHGG.US,5,20131121,203500,7.8500,7.8600,7.8400,7.8400,7060,0
CHGG.US,5,20131121,204000,7.8400,7.8700,7.8400,7.8500,9400,0
CHGG.US,5,20131121,204500,7.8600,7.8700,7.8500,7.8500,18900,0
CHGG.US,5,20131121,205000,7.8600,7.8700,7.8500,7.8700,900,0
CHGG.US,5,20131121,205500,7.8700,7.8700,7.8500,7.8600,3200,0
CHGG.US,5,20131121,210000,7.8600,7.8800,7.8500,7.8500,15600,0
CHGG.US,5,20131121,210500,7.8500,7.8600,7.8500,7.8600,800,0
CHGG.US,5,20131121,211000,7.8600,7.8700,7.8600,7.8700,6600,0
CHGG.US,5,20131121,211500,7.8700,7.8700,7.8600,7.8600,2050,0
CHGG.US,5,20131121,212000,7.8600,7.8800,7.8500,7.8700,2300,0
CHGG.US,5,20131121,212500,7.8600,7.8700,7.8500,7.8500,858,0
CHGG.US,5,20131121,213000,7.8700,7.8700,7.8500,7.8500,3050,0
CHGG.US,5,20131121,213500,7.8700,7.8700,7.8500,7.8600,3500,0
CHGG.US,5,20131121,214000,7.8600,7.8600,7.8500,7.8600,3200,0
CHGG.US,5,20131121,214500,7.8600,7.8700,7.8500,7.8600,4843,0
CHGG.US,5,20131121,215000,7.8600,7.8800,7.8600,7.8600,23536,0
CHGG.US,5,20131121,215500,7.8600,7.8800,7.8100,7.8500,60312,0
CHGG.US,5,20131121,220000,7.8400,7.9000,7.8400,7.8600,22350,0
CHGG.US,5,20131121,220500,7.8600,7.8600,7.8600,7.8600,1624,0
CHGG.US,5,20131122,153500,7.9600,7.9600,7.8700,7.9100,14244,0
CHGG.US,5,20131122,154000,7.8600,7.9800,7.8500,7.9100,32526,0
CHGG.US,5,20131122,154500,7.9400,7.9500,7.9000,7.9000,5700,0
CHGG.US,5,20131122,155000,7.9200,7.9300,7.8900,7.9200,7274,0
CHGG.US,5,20131122,155500,7.9200,7.9200,7.8800,7.9000,13363,0
CHGG.US,5,20131122,160000,7.9000,7.9000,7.8600,7.8800,9304,0
CHGG.US,5,20131122,160500,7.9000,7.9000,7.8000,7.8100,12785,0
CHGG.US,5,20131122,161000,7.8300,7.9000,7.7700,7.8000,13310,0
CHGG.US,5,20131122,161500,7.8000,7.8200,7.7700,7.7900,6420,0
CHGG.US,5,20131122,162000,7.7800,7.8000,7.7500,7.7700,3300,0
CHGG.US,5,20131122,162500,7.7700,7.7700,7.6500,7.6600,24560,0
CHGG.US,5,20131122,163000,7.6600,7.7000,7.6500,7.7000,11417,0
CHGG.US,5,20131122,163500,7.6900,7.7200,7.6600,7.6900,36740,0
CHGG.US,5,20131122,164000,7.6900,7.6900,7.6600,7.6600,5600,0
CHGG.US,5,20131122,164500,7.6600,7.7000,7.6200,7.6200,15759,0
CHGG.US,5,20131122,165000,7.6500,7.6500,7.5700,7.5700,19320,0
CHGG.US,5,20131122,165500,7.5900,7.6000,7.5800,7.5800,7725,0
CHGG.US,5,20131122,170000,7.5800,7.6300,7.5500,7.5500,28250,0
CHGG.US,5,20131122,170500,7.5600,7.5600,7.5100,7.5100,29810,0
CHGG.US,5,20131122,171000,7.5000,7.5200,7.4500,7.4900,40601,0
CHGG.US,5,20131122,171500,7.5000,7.6000,7.4700,7.5700,33448,0
CHGG.US,5,20131122,172000,7.5600,7.5800,7.5400,7.5400,21064,0
CHGG.US,5,20131122,172500,7.5400,7.6000,7.5400,7.6000,6700,0
CHGG.US,5,20131122,173000,7.5900,7.6000,7.5500,7.5600,4660,0
CHGG.US,5,20131122,173500,7.5900,7.6100,7.5800,7.6100,2700,0
CHGG.US,5,20131122,174000,7.5800,7.6300,7.5800,7.6300,10200,0
CHGG.US,5,20131122,174500,7.6200,7.6700,7.6200,7.6300,27552,0
CHGG.US,5,20131122,175000,7.6300,7.6700,7.6000,7.6600,16485,0
CHGG.US,5,20131122,175500,7.6700,7.6700,7.6400,7.6400,1970,0
CHGG.US,5,20131122,180000,7.6400,7.6600,7.6300,7.6300,3415,0
CHGG.US,5,20131122,180500,7.6400,7.6500,7.6300,7.6500,4400,0
CHGG.US,5,20131122,181000,7.6500,7.6500,7.6000,7.6300,17102,0
CHGG.US,5,20131122,181500,7.6500,7.6500,7.6000,7.6000,2400,0
CHGG.US,5,20131122,182000,7.6100,7.6300,7.6000,7.6100,4500,0
CHGG.US,5,20131122,182500,7.6100,7.6100,7.6000,7.6000,14584,0
CHGG.US,5,20131122,183000,7.6100,7.6100,7.6000,7.6000,20175,0
CHGG.US,5,20131122,183500,7.6100,7.6100,7.6000,7.6100,12659,0
CHGG.US,5,20131122,184000,7.6000,7.6100,7.6000,7.6100,5100,0
CHGG.US,5,20131122,184500,7.6100,7.6100,7.6000,7.6100,14030,0
CHGG.US,5,20131122,185000,7.6100,7.6100,7.6000,7.6100,20000,0
CHGG.US,5,20131122,185500,7.6100,7.6100,7.6000,7.6000,27555,0
CHGG.US,5,20131122,190000,7.6100,7.6100,7.6000,7.6000,11650,0
CHGG.US,5,20131122,190500,7.6000,7.6100,7.6000,7.6000,9800,0
CHGG.US,5,20131122,191000,7.6000,7.6100,7.6000,7.6100,13700,0
CHGG.US,5,20131122,191500,7.6000,7.6100,7.6000,7.6000,8100,0
CHGG.US,5,20131122,192000,7.6100,7.6100,7.6000,7.6000,33485,0
CHGG.US,5,20131122,192500,7.6000,7.6000,7.5700,7.5800,13323,0
CHGG.US,5,20131122,193000,7.5800,7.5800,7.5700,7.5800,8835,0
CHGG.US,5,20131122,193500,7.5800,7.5800,7.5700,7.5800,20973,0
CHGG.US,5,20131122,194000,7.5800,7.6000,7.5800,7.6000,12927,0
CHGG.US,5,20131122,194500,7.5900,7.6000,7.5900,7.5900,3900,0
CHGG.US,5,20131122,195000,7.5800,7.5900,7.5800,7.5900,2200,0
CHGG.US,5,20131122,195500,7.5900,7.5900,7.5800,7.5800,2331,0
CHGG.US,5,20131122,200000,7.5800,7.5800,7.5700,7.5800,11250,0
CHGG.US,5,20131122,200500,7.5800,7.6000,7.5700,7.5900,6783,0
CHGG.US,5,20131122,201000,7.5800,7.6000,7.5700,7.5800,13800,0
CHGG.US,5,20131122,201500,7.5800,7.5800,7.5100,7.5300,31422,0
CHGG.US,5,20131122,202000,7.5200,7.5800,7.5100,7.5500,12420,0
CHGG.US,5,20131122,202500,7.5700,7.5800,7.5400,7.5800,13360,0
CHGG.US,5,20131122,203000,7.5400,7.5800,7.5300,7.5400,52733,0
CHGG.US,5,20131122,203500,7.5500,7.6000,7.5500,7.6000,15979,0
CHGG.US,5,20131122,204000,7.6000,7.6000,7.5700,7.5700,11289,0
CHGG.US,5,20131122,204500,7.5800,7.5800,7.5400,7.5400,3155,0
CHGG.US,5,20131122,205000,7.5400,7.5600,7.5100,7.5100,7858,0
CHGG.US,5,20131122,205500,7.5400,7.6000,7.5000,7.5600,20196,0
CHGG.US,5,20131122,210000,7.5700,7.5900,7.5300,7.5300,12904,0
CHGG.US,5,20131122,210500,7.5300,7.5400,7.5100,7.5100,5500,0
CHGG.US,5,20131122,211000,7.5100,7.5600,7.5000,7.5200,22205,0
CHGG.US,5,20131122,211500,7.5300,7.5400,7.5200,7.5200,9500,0
CHGG.US,5,20131122,212000,7.5200,7.5200,7.4900,7.4900,17202,0
CHGG.US,5,20131122,212500,7.4800,7.5600,7.4800,7.5400,23150,0
CHGG.US,5,20131122,213000,7.5200,7.5600,7.5200,7.5600,4400,0
CHGG.US,5,20131122,213500,7.5600,7.5800,7.5000,7.5000,6558,0
CHGG.US,5,20131122,214000,7.5300,7.5300,7.4700,7.4900,16650,0
CHGG.US,5,20131122,214500,7.5000,7.5300,7.4700,7.4900,21283,0
CHGG.US,5,20131122,215000,7.4900,7.5400,7.4900,7.5100,12115,0
CHGG.US,5,20131122,215500,7.5200,7.5200,7.4700,7.5000,30873,0
CHGG.US,5,20131122,220000,7.4900,7.5500,7.4700,7.5300,41603,0
CHGG.US,5,20131122,220500,7.4900,7.4900,7.4900,7.4900,1900,0
CHGG.US,5,20131125,153500,7.3600,7.6000,7.3100,7.4400,24478,0
CHGG.US,5,20131125,154000,7.4300,7.4300,7.3100,7.3500,17050,0
CHGG.US,5,20131125,154500,7.3900,7.4000,7.3400,7.3900,20222,0
CHGG.US,5,20131125,155000,7.3900,7.5900,7.3800,7.5400,38685,0
CHGG.US,5,20131125,155500,7.5500,7.6800,7.5500,7.6500,30900,0
CHGG.US,5,20131125,160000,7.6500,7.7000,7.6200,7.6600,20515,0
CHGG.US,5,20131125,160500,7.6600,7.7000,7.6300,7.7000,18825,0
CHGG.US,5,20131125,161000,7.6800,7.7000,7.6500,7.6900,26790,0
CHGG.US,5,20131125,161500,7.6800,7.7300,7.6700,7.7000,28359,0
CHGG.US,5,20131125,162000,7.7000,7.7000,7.6500,7.7000,26814,0
CHGG.US,5,20131125,162500,7.7300,7.7500,7.7000,7.7400,25989,0
CHGG.US,5,20131125,163000,7.7500,7.8900,7.7400,7.7600,77353,0
CHGG.US,5,20131125,163500,7.7400,7.8900,7.7400,7.8600,9500,0
CHGG.US,5,20131125,164000,7.8700,7.8800,7.8000,7.8400,13100,0
CHGG.US,5,20131125,164500,7.8400,7.8600,7.7900,7.8300,9211,0
CHGG.US,5,20131125,165000,7.8000,7.8100,7.7300,7.8000,8602,0
CHGG.US,5,20131125,165500,7.7700,7.7800,7.7400,7.7400,1050,0
CHGG.US,5,20131125,170000,7.7200,7.7800,7.7200,7.7500,4900,0
CHGG.US,5,20131125,170500,7.7800,7.7800,7.7100,7.7500,6400,0
CHGG.US,5,20131125,171000,7.7200,7.7200,7.7100,7.7200,1000,0
CHGG.US,5,20131125,171500,7.7200,7.7300,7.7000,7.7300,4115,0
CHGG.US,5,20131125,172000,7.7300,7.7400,7.7300,7.7400,1000,0
CHGG.US,5,20131125,172500,7.7400,7.7400,7.7100,7.7300,4300,0
CHGG.US,5,20131125,173000,7.7400,7.7400,7.7300,7.7400,4500,0
CHGG.US,5,20131125,173500,7.7400,7.7400,7.6500,7.6500,27020,0
CHGG.US,5,20131125,174000,7.6700,7.7300,7.6700,7.7200,3400,0
CHGG.US,5,20131125,174500,7.7100,7.7300,7.7100,7.7300,2500,0
CHGG.US,5,20131125,175000,7.7200,7.7300,7.7100,7.7300,500,0
CHGG.US,5,20131125,175500,7.7300,7.7300,7.7100,7.7100,1300,0
CHGG.US,5,20131125,180000,7.7300,7.7300,7.7300,7.7300,200,0
CHGG.US,5,20131125,180500,7.7000,7.7300,7.6900,7.7000,9390,0
CHGG.US,5,20131125,181000,7.7000,7.7000,7.6800,7.6800,2425,0
CHGG.US,5,20131125,181500,7.6900,7.6900,7.6500,7.6700,3100,0
CHGG.US,5,20131125,182000,7.6700,7.6700,7.6700,7.6700,300,0
CHGG.US,5,20131125,182500,7.6900,7.6900,7.6500,7.6500,5035,0
CHGG.US,5,20131125,183000,7.6500,7.6900,7.6300,7.6300,8286,0
CHGG.US,5,20131125,183500,7.6200,7.6800,7.6100,7.6500,14150,0
CHGG.US,5,20131125,184000,7.6800,7.6800,7.6200,7.6800,14200,0
CHGG.US,5,20131125,185000,7.6800,7.6900,7.6300,7.6900,3600,0
CHGG.US,5,20131125,185500,7.6400,7.6900,7.6400,7.6600,2946,0
CHGG.US,5,20131125,190000,7.6800,7.6900,7.6500,7.6500,1900,0
CHGG.US,5,20131125,190500,7.6800,7.6900,7.6800,7.6800,7700,0
CHGG.US,5,20131125,191000,7.6900,7.6900,7.6800,7.6900,4600,0
CHGG.US,5,20131125,191500,7.6800,7.7500,7.6800,7.7400,37155,0
CHGG.US,5,20131125,192000,7.7500,7.7500,7.7000,7.7200,10250,0
CHGG.US,5,20131125,192500,7.7500,7.7500,7.7000,7.7400,10500,0
CHGG.US,5,20131125,193000,7.7100,7.7100,7.7000,7.7000,250,0
CHGG.US,5,20131125,193500,7.7000,7.7400,7.7000,7.7100,2320,0
CHGG.US,5,20131125,194000,7.7000,7.7400,7.7000,7.7200,4380,0
CHGG.US,5,20131125,194500,7.7100,7.7500,7.7100,7.7500,4010,0
CHGG.US,5,20131125,195500,7.7200,7.7900,7.7000,7.7500,7506,0
CHGG.US,5,20131125,200000,7.7500,7.7500,7.6800,7.7200,11600,0
CHGG.US,5,20131125,200500,7.7000,7.7200,7.7000,7.7100,4900,0
CHGG.US,5,20131125,201000,7.7000,7.7500,7.7000,7.7500,8215,0
CHGG.US,5,20131125,201500,7.7000,7.7500,7.7000,7.7500,1521,0
CHGG.US,5,20131125,202000,7.7400,7.7500,7.7400,7.7500,1200,0
CHGG.US,5,20131125,202500,7.7000,7.7000,7.7000,7.7000,250,0
CHGG.US,5,20131125,203000,7.7000,7.7300,7.7000,7.7300,500,0
CHGG.US,5,20131125,203500,7.7500,7.7500,7.7000,7.7000,800,0
CHGG.US,5,20131125,204000,7.7100,7.7600,7.7000,7.7400,5687,0
CHGG.US,5,20131125,204500,7.7400,7.7900,7.7400,7.7600,3200,0
CHGG.US,5,20131125,205000,7.7900,7.7900,7.7400,7.7800,2595,0
CHGG.US,5,20131125,205500,7.7900,7.7900,7.7500,7.7900,5976,0
CHGG.US,5,20131125,210000,7.7800,7.7900,7.7700,7.7800,7700,0
CHGG.US,5,20131125,210500,7.7700,7.7900,7.7700,7.7900,2900,0
CHGG.US,5,20131125,211000,7.7800,7.7900,7.7600,7.7700,64614,0
CHGG.US,5,20131125,211500,7.7500,7.7900,7.7200,7.7400,15635,0
CHGG.US,5,20131125,212000,7.7400,7.8000,7.7400,7.8000,9180,0
CHGG.US,5,20131125,212500,7.7500,7.8000,7.7500,7.8000,3100,0
CHGG.US,5,20131125,213000,7.7500,7.8000,7.7300,7.8000,5500,0
CHGG.US,5,20131125,213500,7.8000,7.8000,7.7600,7.8000,7917,0
CHGG.US,5,20131125,214000,7.8000,7.8000,7.7600,7.8000,13100,0
CHGG.US,5,20131125,214500,7.8000,7.8000,7.7600,7.8000,3200,0
CHGG.US,5,20131125,215000,7.7700,7.8000,7.7600,7.8000,12538,0
CHGG.US,5,20131125,215500,7.7800,7.8100,7.7500,7.7500,12493,0
CHGG.US,5,20131125,220000,7.7500,7.7700,7.7400,7.7400,28723,0
CHGG.US,5,20131125,220500,7.7200,7.7200,7.7200,7.7200,19900,0
CHGG.US,5,20131126,153500,7.7600,7.9000,7.7300,7.8800,25816,0
CHGG.US,5,20131126,154000,7.8800,7.9400,7.7600,7.9400,25722,0
CHGG.US,5,20131126,154500,7.9500,8.1400,7.9300,8.0500,70082,0
CHGG.US,5,20131126,155000,8.0500,8.0500,7.9300,8.0000,35000,0
CHGG.US,5,20131126,155500,8.0300,8.0400,8.0000,8.0200,27744,0
CHGG.US,5,20131126,160000,8.0100,8.0700,8.0100,8.0600,33550,0
CHGG.US,5,20131126,160500,8.0500,8.1000,8.0200,8.1000,35762,0
CHGG.US,5,20131126,161000,8.1000,8.1900,8.0800,8.1700,52925,0
CHGG.US,5,20131126,161500,8.1800,8.3000,8.1600,8.3000,97268,0
CHGG.US,5,20131126,162000,8.3000,8.4000,8.2000,8.3800,106528,0
CHGG.US,5,20131126,162500,8.3600,8.3700,8.2200,8.3500,47234,0
CHGG.US,5,20131126,163000,8.3500,8.3500,8.3100,8.3200,21705,0
CHGG.US,5,20131126,163500,8.3500,8.3600,8.3200,8.3600,28805,0
CHGG.US,5,20131126,164000,8.3600,8.4000,8.3400,8.4000,26067,0
CHGG.US,5,20131126,164500,8.3900,8.4000,8.3000,8.3900,44855,0
CHGG.US,5,20131126,165000,8.4200,8.4700,8.3900,8.4500,35310,0
CHGG.US,5,20131126,165500,8.4500,8.4700,8.4400,8.4400,13880,0
CHGG.US,5,20131126,170000,8.4400,8.4500,8.3500,8.3800,27631,0
CHGG.US,5,20131126,170500,8.3800,8.3900,8.3300,8.3500,5500,0
CHGG.US,5,20131126,171000,8.3300,8.3700,8.2500,8.3100,20094,0
CHGG.US,5,20131126,171500,8.3300,8.3300,8.2900,8.2900,11929,0
CHGG.US,5,20131126,172000,8.3000,8.3300,8.3000,8.3100,2700,0
CHGG.US,5,20131126,172500,8.3200,8.3200,8.3000,8.3000,8329,0
CHGG.US,5,20131126,173000,8.3100,8.3200,8.2900,8.2900,5600,0
CHGG.US,5,20131126,173500,8.2800,8.2800,8.1800,8.2000,34333,0
CHGG.US,5,20131126,174000,8.1900,8.2700,8.1500,8.2700,23310,0
CHGG.US,5,20131126,174500,8.2500,8.2800,8.2100,8.2800,3500,0
CHGG.US,5,20131126,175000,8.2800,8.2800,8.1800,8.2000,6400,0
CHGG.US,5,20131126,175500,8.2000,8.2200,8.1800,8.1900,7800,0
CHGG.US,5,20131126,180000,8.2200,8.2200,8.1900,8.2100,500,0
CHGG.US,5,20131126,180500,8.2100,8.2100,8.2000,8.2100,4300,0
CHGG.US,5,20131126,181000,8.2000,8.2500,8.2000,8.2500,8600,0
CHGG.US,5,20131126,181500,8.2500,8.2600,8.2300,8.2500,2400,0
CHGG.US,5,20131126,182000,8.2200,8.2200,8.1500,8.1600,6710,0
CHGG.US,5,20131126,182500,8.1800,8.2100,8.1700,8.2100,2270,0
CHGG.US,5,20131126,183000,8.2100,8.2400,8.1800,8.2000,5100,0
CHGG.US,5,20131126,183500,8.2000,8.2300,8.1600,8.2200,4000,0
CHGG.US,5,20131126,184000,8.2200,8.2200,8.1500,8.2100,12900,0
CHGG.US,5,20131126,184500,8.1900,8.2100,8.1600,8.1900,4700,0
CHGG.US,5,20131126,185000,8.1500,8.2100,8.1500,8.1800,4400,0
CHGG.US,5,20131126,185500,8.2100,8.2100,8.1800,8.1900,10500,0
CHGG.US,5,20131126,190000,8.2000,8.2000,8.1700,8.1800,8300,0
CHGG.US,5,20131126,190500,8.1800,8.1800,8.1700,8.1700,4250,0
CHGG.US,5,20131126,191000,8.2000,8.2600,8.2000,8.2600,12100,0
CHGG.US,5,20131126,191500,8.3000,8.3000,8.1700,8.2400,15645,0
CHGG.US,5,20131126,192000,8.2100,8.2400,8.1900,8.1900,38235,0
CHGG.US,5,20131126,192500,8.2400,8.2400,8.1900,8.1900,3823,0
CHGG.US,5,20131126,193000,8.2400,8.2400,8.1900,8.1900,4060,0
CHGG.US,5,20131126,193500,8.2400,8.2400,8.1900,8.2400,2300,0
CHGG.US,5,20131126,194000,8.2000,8.2300,8.1900,8.2100,3465,0
CHGG.US,5,20131126,194500,8.2000,8.2100,8.1700,8.2000,28625,0
CHGG.US,5,20131126,195000,8.2000,8.2100,8.2000,8.2100,8700,0
CHGG.US,5,20131126,195500,8.2300,8.2400,8.1900,8.2100,3300,0
CHGG.US,5,20131126,200000,8.2300,8.2300,8.2100,8.2100,1450,0
CHGG.US,5,20131126,200500,8.2200,8.2400,8.2000,8.2400,3850,0
CHGG.US,5,20131126,201000,8.2400,8.2400,8.1900,8.2300,8222,0
CHGG.US,5,20131126,201500,8.2300,8.2600,8.2200,8.2600,4100,0
CHGG.US,5,20131126,202000,8.2900,8.2900,8.1900,8.1900,5500,0
CHGG.US,5,20131126,202500,8.1900,8.2500,8.1900,8.2200,2600,0
CHGG.US,5,20131126,203000,8.2000,8.2200,8.2000,8.2200,6400,0
CHGG.US,5,20131126,203500,8.2200,8.2400,8.2100,8.2400,3300,0
CHGG.US,5,20131126,204000,8.2400,8.2400,8.1800,8.2300,10420,0
CHGG.US,5,20131126,204500,8.2300,8.2300,8.1800,8.2100,4300,0
CHGG.US,5,20131126,205000,8.2100,8.2100,8.1900,8.2100,2900,0
CHGG.US,5,20131126,205500,8.2100,8.2200,8.1900,8.2000,10650,0
CHGG.US,5,20131126,210000,8.1900,8.2300,8.1900,8.2300,7968,0
CHGG.US,5,20131126,210500,8.2200,8.2300,8.2200,8.2300,3500,0
CHGG.US,5,20131126,211000,8.2300,8.2300,8.2000,8.2300,3800,0
CHGG.US,5,20131126,211500,8.2200,8.2600,8.2100,8.2200,20301,0
CHGG.US,5,20131126,212000,8.2200,8.2400,8.2100,8.2200,34922,0
CHGG.US,5,20131126,212500,8.2300,8.2400,8.2000,8.2100,17419,0
CHGG.US,5,20131126,213000,8.2300,8.2300,8.1900,8.1900,7600,0
CHGG.US,5,20131126,213500,8.2100,8.2200,8.1800,8.2000,12450,0
CHGG.US,5,20131126,214000,8.2000,8.2000,8.1600,8.1600,10750,0
CHGG.US,5,20131126,214500,8.1600,8.2000,8.1600,8.2000,10387,0
CHGG.US,5,20131126,215000,8.2000,8.2100,8.1800,8.1900,6573,0
CHGG.US,5,20131126,215500,8.1900,8.2100,8.1800,8.1900,13337,0
CHGG.US,5,20131126,220000,8.2000,8.2200,8.1700,8.2000,18923,0
CHGG.US,5,20131126,220500,8.1500,8.1500,8.1500,8.1500,900,0
CHGG.US,5,20131127,153500,8.1500,8.2600,8.1500,8.2600,1700,0
CHGG.US,5,20131127,154000,8.2600,8.3700,8.2400,8.3600,6925,0
CHGG.US,5,20131127,154500,8.3100,8.3300,8.2200,8.3000,5800,0
CHGG.US,5,20131127,155000,8.2200,8.3300,8.2200,8.2400,5500,0
CHGG.US,5,20131127,155500,8.3300,8.3300,8.2300,8.2300,7900,0
CHGG.US,5,20131127,160000,8.2200,8.3100,8.2000,8.3000,12700,0
CHGG.US,5,20131127,160500,8.2500,8.3200,8.2300,8.3200,10800,0
CHGG.US,5,20131127,161000,8.2700,8.3200,8.2600,8.2800,2100,0
CHGG.US,5,20131127,161500,8.2600,8.3300,8.2600,8.3300,4276,0
CHGG.US,5,20131127,162000,8.3300,8.3400,8.3000,8.3400,4263,0
CHGG.US,5,20131127,162500,8.3400,8.3500,8.3200,8.3300,12400,0
CHGG.US,5,20131127,163000,8.3300,8.3800,8.3000,8.3500,16378,0
CHGG.US,5,20131127,163500,8.3800,8.4300,8.3500,8.3800,26951,0
CHGG.US,5,20131127,164000,8.3800,8.4300,8.3700,8.4000,26636,0
CHGG.US,5,20131127,164500,8.4200,8.4300,8.4000,8.4200,11350,0
CHGG.US,5,20131127,165000,8.4200,8.5000,8.4100,8.4900,28730,0
CHGG.US,5,20131127,165500,8.4900,8.5000,8.4400,8.4400,9600,0
CHGG.US,5,20131127,170000,8.4400,8.4700,8.4200,8.4400,6700,0
CHGG.US,5,20131127,170500,8.4400,8.4600,8.4400,8.4500,5530,0
CHGG.US,5,20131127,171000,8.4500,8.4600,8.4500,8.4500,11802,0
CHGG.US,5,20131127,171500,8.4500,8.4800,8.4500,8.4700,8938,0
CHGG.US,5,20131127,172000,8.4800,8.4800,8.4700,8.4700,4150,0
CHGG.US,5,20131127,172500,8.4800,8.5000,8.4700,8.5000,19040,0
CHGG.US,5,20131127,173000,8.4900,8.5000,8.4900,8.4900,18387,0
CHGG.US,5,20131127,173500,8.4900,8.6000,8.4900,8.6000,26793,0
CHGG.US,5,20131127,174000,8.5900,8.5900,8.5200,8.5700,26950,0
CHGG.US,5,20131127,174500,8.5900,8.6000,8.5300,8.5500,30305,0
CHGG.US,5,20131127,175000,8.5500,8.6000,8.5400,8.5900,15800,0
CHGG.US,5,20131127,175500,8.5700,8.6000,8.5700,8.5800,7000,0
CHGG.US,5,20131127,180000,8.5800,8.6000,8.5700,8.5800,7485,0
CHGG.US,5,20131127,180500,8.5700,8.5800,8.5200,8.5400,5944,0
CHGG.US,5,20131127,181000,8.5500,8.5700,8.5200,8.5600,4400,0
CHGG.US,5,20131127,181500,8.5500,8.5700,8.5400,8.5600,2833,0
CHGG.US,5,20131127,182000,8.5500,8.5700,8.5400,8.5500,8100,0
CHGG.US,5,20131127,182500,8.5700,8.5700,8.5500,8.5600,4500,0
CHGG.US,5,20131127,183000,8.5500,8.5700,8.5400,8.5700,7200,0
CHGG.US,5,20131127,183500,8.5700,8.5700,8.5400,8.5400,10850,0
CHGG.US,5,20131127,184000,8.5400,8.5500,8.5400,8.5500,3300,0
CHGG.US,5,20131127,184500,8.5500,8.5900,8.5500,8.5900,9350,0
CHGG.US,5,20131127,185000,8.5800,8.5900,8.5600,8.5900,13030,0
CHGG.US,5,20131127,185500,8.5900,8.5900,8.5700,8.5800,6000,0
CHGG.US,5,20131127,190000,8.5800,8.5800,8.4500,8.4900,18141,0
CHGG.US,5,20131127,190500,8.5100,8.5200,8.4700,8.4700,4700,0
CHGG.US,5,20131127,191000,8.4800,8.4800,8.4400,8.4600,7000,0
CHGG.US,5,20131127,191500,8.4500,8.4700,8.4500,8.4500,4600,0
CHGG.US,5,20131127,192000,8.4600,8.4700,8.4600,8.4700,1900,0
CHGG.US,5,20131127,192500,8.4600,8.4800,8.4500,8.4700,3750,0
CHGG.US,5,20131127,193000,8.4800,8.5100,8.4700,8.5000,11500,0
CHGG.US,5,20131127,193500,8.5000,8.5100,8.4900,8.5100,2500,0
CHGG.US,5,20131127,194000,8.5000,8.5000,8.4900,8.4900,2570,0
CHGG.US,5,20131127,194500,8.4900,8.5000,8.4900,8.4900,1900,0
CHGG.US,5,20131127,195000,8.4900,8.5000,8.4900,8.5000,1800,0
CHGG.US,5,20131127,195500,8.4900,8.5000,8.4900,8.5000,1316,0
CHGG.US,5,20131127,200000,8.4900,8.5000,8.4900,8.4900,2200,0
CHGG.US,5,20131127,200500,8.4900,8.5000,8.4900,8.4900,1700,0
CHGG.US,5,20131127,201000,8.4900,8.5000,8.4900,8.5000,1400,0
CHGG.US,5,20131127,201500,8.4900,8.5100,8.4900,8.5100,2600,0
CHGG.US,5,20131127,202000,8.4900,8.5200,8.4900,8.5100,7300,0
CHGG.US,5,20131127,202500,8.5000,8.5200,8.5000,8.5000,6169,0
CHGG.US,5,20131127,203000,8.5000,8.5100,8.5000,8.5000,5020,0
CHGG.US,5,20131127,203500,8.5000,8.5100,8.4800,8.4800,2500,0
CHGG.US,5,20131127,204000,8.4900,8.5000,8.4800,8.4900,3400,0
CHGG.US,5,20131127,204500,8.4900,8.5000,8.4800,8.4800,6108,0
CHGG.US,5,20131127,205000,8.4800,8.5000,8.4800,8.4900,3000,0
CHGG.US,5,20131127,205500,8.4800,8.4900,8.4800,8.4900,1100,0
CHGG.US,5,20131127,210000,8.4900,8.5000,8.4800,8.4900,2564,0
CHGG.US,5,20131127,210500,8.5000,8.5000,8.4500,8.4700,6320,0
CHGG.US,5,20131127,211000,8.4700,8.4900,8.4700,8.4900,2000,0
CHGG.US,5,20131127,211500,8.4800,8.4900,8.4700,8.4700,4400,0
CHGG.US,5,20131127,212000,8.4600,8.4600,8.4400,8.4500,3282,0
CHGG.US,5,20131127,212500,8.4400,8.4500,8.4400,8.4500,3500,0
CHGG.US,5,20131127,213000,8.4400,8.4500,8.4400,8.4500,2300,0
CHGG.US,5,20131127,213500,8.4500,8.4700,8.4400,8.4400,7100,0
CHGG.US,5,20131127,214000,8.4500,8.4500,8.4400,8.4500,4200,0
CHGG.US,5,20131127,214500,8.4400,8.4600,8.4400,8.4400,8000,0
CHGG.US,5,20131127,215000,8.4500,8.4600,8.4200,8.4200,9369,0
CHGG.US,5,20131127,215500,8.4300,8.4500,8.4300,8.4400,8100,0
CHGG.US,5,20131127,220000,8.4300,8.4500,8.3900,8.4000,30240,0
CHGG.US,5,20131127,220500,8.3900,8.3900,8.3900,8.3900,3100,0
CHGG.US,5,20131129,153500,8.4500,8.5300,8.4200,8.5000,14900,0
CHGG.US,5,20131129,154000,8.5000,8.5000,8.5000,8.5000,2913,0
CHGG.US,5,20131129,154500,8.4100,8.4200,8.4100,8.4100,3300,0
CHGG.US,5,20131129,155000,8.5000,8.5000,8.4900,8.4900,500,0
CHGG.US,5,20131129,155500,8.4800,8.4800,8.3000,8.3000,14415,0
CHGG.US,5,20131129,160000,8.3000,8.3000,8.3000,8.3000,4250,0
CHGG.US,5,20131129,160500,8.4000,8.4200,8.3000,8.4200,8600,0
CHGG.US,5,20131129,161000,8.3000,8.3200,8.3000,8.3000,4300,0
CHGG.US,5,20131129,161500,8.3000,8.4100,8.3000,8.3000,2890,0
CHGG.US,5,20131129,162000,8.3000,8.4000,8.2700,8.2700,8561,0
CHGG.US,5,20131129,162500,8.2900,8.3500,8.2900,8.3500,1000,0
CHGG.US,5,20131129,163000,8.3500,8.4200,8.3500,8.3500,7700,0
CHGG.US,5,20131129,163500,8.3500,8.3500,8.3000,8.3100,4247,0
CHGG.US,5,20131129,164000,8.3100,8.3300,8.3100,8.3200,1200,0
CHGG.US,5,20131129,164500,8.3000,8.3000,8.3000,8.3000,7776,0
CHGG.US,5,20131129,165000,8.3000,8.3000,8.3000,8.3000,1074,0
CHGG.US,5,20131129,165500,8.3000,8.3100,8.2500,8.2600,21820,0
CHGG.US,5,20131129,170000,8.2500,8.2800,8.2500,8.2800,2898,0
CHGG.US,5,20131129,170500,8.2900,8.2900,8.2900,8.2900,2800,0
CHGG.US,5,20131129,171000,8.2800,8.2800,8.2800,8.2800,310,0
CHGG.US,5,20131129,171500,8.2800,8.2800,8.2800,8.2800,2100,0
CHGG.US,5,20131129,172000,8.2800,8.2900,8.2700,8.2900,1500,0
CHGG.US,5,20131129,172500,8.2900,8.2900,8.2600,8.2900,3542,0
CHGG.US,5,20131129,173000,8.2900,8.3000,8.2800,8.2900,5100,0
CHGG.US,5,20131129,173500,8.2600,8.2800,8.2600,8.2600,1160,0
CHGG.US,5,20131129,174000,8.2700,8.2700,8.2700,8.2700,400,0
CHGG.US,5,20131129,174500,8.2600,8.2700,8.2500,8.2700,2533,0
CHGG.US,5,20131129,175000,8.2700,8.2700,8.2500,8.2600,1900,0
CHGG.US,5,20131129,175500,8.2600,8.2700,8.2500,8.2700,2300,0
CHGG.US,5,20131129,180000,8.2700,8.3000,8.2600,8.2700,3100,0
CHGG.US,5,20131129,180500,8.2700,8.2800,8.2700,8.2800,1600,0
CHGG.US,5,20131129,181000,8.2800,8.2800,8.2500,8.2700,10100,0
CHGG.US,5,20131129,181500,8.2700,8.2700,8.2700,8.2700,100,0
CHGG.US,5,20131129,182000,8.2800,8.2800,8.2700,8.2800,3300,0
CHGG.US,5,20131129,182500,8.2800,8.3000,8.2700,8.2800,5310,0
CHGG.US,5,20131129,183000,8.2800,8.2900,8.2500,8.2900,6810,0
CHGG.US,5,20131129,183500,8.2900,8.3300,8.2600,8.2600,13121,0
CHGG.US,5,20131129,184000,8.2600,8.2900,8.2500,8.2800,13700,0
CHGG.US,5,20131129,184500,8.2800,8.2900,8.2700,8.2900,9300,0
CHGG.US,5,20131129,185000,8.2800,8.2900,8.2500,8.2900,15107,0
CHGG.US,5,20131129,185500,8.2700,8.2800,8.2600,8.2600,13300,0
CHGG.US,5,20131129,190000,8.2600,8.2600,8.2400,8.2400,20558,0
CHGG.US,5,20131129,190500,8.2100,8.2100,8.2100,8.2100,4410,0
CHGG.US,5,20131202,153500,8.3200,8.3200,8.2000,8.2000,704,0
CHGG.US,5,20131202,154000,8.2000,8.3100,8.2000,8.3100,5989,0
CHGG.US,5,20131202,154500,8.3100,8.3100,8.2700,8.2800,2071,0
CHGG.US,5,20131202,155000,8.3000,8.3000,8.2800,8.3000,3900,0
CHGG.US,5,20131202,155500,8.3000,8.3000,8.2900,8.2900,1100,0
CHGG.US,5,20131202,160000,8.2800,8.3000,8.2700,8.3000,8100,0
CHGG.US,5,20131202,160500,8.3000,8.3100,8.2700,8.2900,2800,0
CHGG.US,5,20131202,161000,8.3000,8.3000,8.2700,8.3000,2100,0
CHGG.US,5,20131202,161500,8.3000,8.3000,8.2700,8.3000,1000,0
CHGG.US,5,20131202,162000,8.3000,8.3100,8.2700,8.2700,2100,0
CHGG.US,5,20131202,162500,8.2900,8.3400,8.2700,8.3100,33400,0
CHGG.US,5,20131202,163000,8.3300,8.3300,8.3000,8.3000,4557,0
CHGG.US,5,20131202,163500,8.3000,8.3100,8.2900,8.3100,11300,0
CHGG.US,5,20131202,164000,8.3300,8.3300,8.3100,8.3100,5300,0
CHGG.US,5,20131202,164500,8.3300,8.3300,8.3000,8.3100,3600,0
CHGG.US,5,20131202,165000,8.3300,8.3300,8.3000,8.3000,8100,0
CHGG.US,5,20131202,165500,8.3200,8.3200,8.3100,8.3100,1000,0
CHGG.US,5,20131202,170000,8.3200,8.3500,8.3200,8.3500,900,0
CHGG.US,5,20131202,170500,8.3500,8.3700,8.3300,8.3700,4862,0
CHGG.US,5,20131202,171000,8.3700,8.3700,8.3500,8.3600,2640,0
CHGG.US,5,20131202,171500,8.3500,8.3900,8.3500,8.3800,5725,0
CHGG.US,5,20131202,172000,8.3800,8.4000,8.3700,8.3700,14860,0
CHGG.US,5,20131202,172500,8.3900,8.4000,8.3900,8.4000,876,0
CHGG.US,5,20131202,173000,8.4000,8.4800,8.4000,8.4600,10661,0
CHGG.US,5,20131202,173500,8.4400,8.5000,8.4000,8.5000,25565,0
CHGG.US,5,20131202,174000,8.5000,8.6900,8.5000,8.6900,18220,0
CHGG.US,5,20131202,174500,8.6800,8.6800,8.5000,8.6000,32161,0
CHGG.US,5,20131202,175000,8.6100,8.6100,8.5300,8.5800,10930,0
CHGG.US,5,20131202,175500,8.5300,8.5500,8.5000,8.5000,4750,0
CHGG.US,5,20131202,180000,8.5000,8.5500,8.4700,8.5500,26170,0
CHGG.US,5,20131202,180500,8.5100,8.5900,8.5100,8.5900,3351,0
CHGG.US,5,20131202,181000,8.5500,8.5700,8.4900,8.5000,12700,0
CHGG.US,5,20131202,181500,8.5000,8.5300,8.4800,8.5300,8900,0
CHGG.US,5,20131202,182000,8.5300,8.5500,8.5200,8.5500,1300,0
CHGG.US,5,20131202,182500,8.5700,8.5900,8.5500,8.5500,3800,0
CHGG.US,5,20131202,183000,8.5400,8.5800,8.5200,8.5700,1800,0
CHGG.US,5,20131202,183500,8.5300,8.5500,8.4900,8.4900,8112,0
CHGG.US,5,20131202,184000,8.5400,8.5400,8.4900,8.5300,7000,0
CHGG.US,5,20131202,184500,8.5700,8.5700,8.5700,8.5700,700,0
CHGG.US,5,20131202,185000,8.5500,8.5500,8.5500,8.5500,1300,0
CHGG.US,5,20131202,185500,8.5500,8.5700,8.5400,8.5400,2209,0
CHGG.US,5,20131202,190000,8.5100,8.5700,8.5100,8.5700,1250,0
CHGG.US,5,20131202,190500,8.5700,8.5900,8.5700,8.5900,1200,0
CHGG.US,5,20131202,191000,8.5700,8.5700,8.5700,8.5700,300,0
CHGG.US,5,20131202,191500,8.5500,8.5500,8.5200,8.5200,9645,0
CHGG.US,5,20131202,192000,8.5300,8.5500,8.5100,8.5100,1400,0
CHGG.US,5,20131202,192500,8.5100,8.5100,8.5000,8.5100,1700,0
CHGG.US,5,20131202,193000,8.5100,8.5600,8.5100,8.5400,1350,0
CHGG.US,5,20131202,193500,8.5100,8.5400,8.5100,8.5400,4800,0
CHGG.US,5,20131202,194000,8.5500,8.5500,8.5200,8.5500,15500,0
CHGG.US,5,20131202,194500,8.5700,8.6000,8.5500,8.6000,20188,0
CHGG.US,5,20131202,195000,8.6000,8.6100,8.6000,8.6100,220,0
CHGG.US,5,20131202,195500,8.5600,8.5600,8.5600,8.5600,300,0
CHGG.US,5,20131202,200000,8.5600,8.6200,8.5600,8.6200,1900,0
CHGG.US,5,20131202,200500,8.6000,8.6500,8.5800,8.6500,6327,0
CHGG.US,5,20131202,201000,8.6500,8.6500,8.6100,8.6100,400,0
CHGG.US,5,20131202,201500,8.6200,8.6200,8.6000,8.6200,3899,0
CHGG.US,5,20131202,202000,8.6000,8.6200,8.6000,8.6000,2400,0
CHGG.US,5,20131202,202500,8.6000,8.6200,8.6000,8.6000,600,0
CHGG.US,5,20131202,203000,8.6000,8.6000,8.6000,8.6000,500,0
CHGG.US,5,20131202,203500,8.6000,8.6200,8.5900,8.5900,600,0
CHGG.US,5,20131202,204000,8.5900,8.6200,8.5900,8.5900,700,0
CHGG.US,5,20131202,204500,8.6000,8.6500,8.6000,8.6500,3392,0
CHGG.US,5,20131202,205000,8.6500,8.7400,8.6200,8.7200,36366,0
CHGG.US,5,20131202,205500,8.7300,8.7300,8.6600,8.6600,5795,0
CHGG.US,5,20131202,210000,8.6500,8.6700,8.6500,8.6500,4800,0
CHGG.US,5,20131202,210500,8.6600,8.6700,8.6500,8.6700,8955,0
CHGG.US,5,20131202,211000,8.6900,8.7400,8.6700,8.7000,31204,0
CHGG.US,5,20131202,211500,8.7000,8.7700,8.6800,8.7200,41633,0
CHGG.US,5,20131202,212000,8.7700,8.8400,8.7600,8.8000,52531,0
CHGG.US,5,20131202,212500,8.8000,8.8200,8.8000,8.8000,7803,0
CHGG.US,5,20131202,213000,8.8300,8.8400,8.8000,8.8100,13722,0
CHGG.US,5,20131202,213500,8.8300,8.8300,8.7800,8.8000,15925,0
CHGG.US,5,20131202,214000,8.8100,8.8100,8.7900,8.8100,12850,0
CHGG.US,5,20131202,214500,8.8000,8.8200,8.7900,8.8000,9588,0
CHGG.US,5,20131202,215000,8.7900,8.8300,8.7900,8.8000,23391,0
CHGG.US,5,20131202,215500,8.8100,8.8600,8.7900,8.8500,24841,0
CHGG.US,5,20131202,220000,8.8500,8.8900,8.8200,8.8500,77896,0
CHGG.US,5,20131202,220500,8.8300,8.8300,8.8300,8.8300,6904,0
CHGG.US,5,20131203,153500,8.6800,8.7800,8.6300,8.7000,4200,0
CHGG.US,5,20131203,154000,8.6300,8.8000,8.6200,8.6700,11580,0
CHGG.US,5,20131203,154500,8.7500,8.7500,8.6800,8.6800,3450,0
CHGG.US,5,20131203,155000,8.7900,8.7900,8.7000,8.7600,3300,0
CHGG.US,5,20131203,155500,8.7900,8.7900,8.7200,8.7200,3440,0
CHGG.US,5,20131203,160000,8.7300,8.7500,8.6800,8.7500,6300,0
CHGG.US,5,20131203,160500,8.7400,8.7600,8.6900,8.6900,3585,0
CHGG.US,5,20131203,161000,8.6900,8.7000,8.6800,8.6900,4500,0
CHGG.US,5,20131203,161500,8.6900,8.6900,8.6900,8.6900,900,0
CHGG.US,5,20131203,162000,8.6900,8.6900,8.6700,8.6900,3900,0
CHGG.US,5,20131203,162500,8.6900,8.6900,8.6700,8.6900,8400,0
CHGG.US,5,20131203,163000,8.6800,8.6900,8.6800,8.6900,1190,0
CHGG.US,5,20131203,163500,8.6900,8.7700,8.6900,8.7600,20460,0
CHGG.US,5,20131203,164000,8.7400,8.7600,8.7400,8.7400,3905,0
CHGG.US,5,20131203,164500,8.7600,8.8200,8.7300,8.7500,10300,0
CHGG.US,5,20131203,165000,8.7500,8.7800,8.7500,8.7700,1522,0
CHGG.US,5,20131203,165500,8.8000,8.8000,8.7800,8.8000,1300,0
CHGG.US,5,20131203,170000,8.8000,8.9200,8.8000,8.9200,27600,0
CHGG.US,5,20131203,170500,8.9100,8.9500,8.9000,8.9500,13905,0
CHGG.US,5,20131203,171000,8.9500,9.0500,8.9500,9.0100,28677,0
CHGG.US,5,20131203,171500,9.0100,9.0200,8.9700,8.9900,4100,0
CHGG.US,5,20131203,172000,8.9900,8.9900,8.8500,8.9200,30800,0
CHGG.US,5,20131203,172500,8.9200,8.9400,8.9200,8.9400,13522,0
CHGG.US,5,20131203,173000,8.9200,8.9700,8.9200,8.9600,12400,0
CHGG.US,5,20131203,173500,8.9400,9.0200,8.9400,8.9900,35400,0
CHGG.US,5,20131203,174000,9.0200,9.0200,8.9900,9.0100,60400,0
CHGG.US,5,20131203,174500,9.0000,9.0100,8.9900,9.0100,17581,0
CHGG.US,5,20131203,175000,9.0100,9.0100,8.9900,9.0000,5600,0
CHGG.US,5,20131203,175500,9.0000,9.0000,8.9100,8.9300,9100,0
CHGG.US,5,20131203,180000,8.9200,9.0000,8.9200,9.0000,4100,0
CHGG.US,5,20131203,180500,9.0000,9.0000,8.9700,9.0000,7400,0
CHGG.US,5,20131203,181000,9.0000,9.0500,9.0000,9.0500,12410,0
CHGG.US,5,20131203,181500,9.0500,9.0500,8.9900,9.0000,40195,0
CHGG.US,5,20131203,182000,9.0300,9.0500,9.0100,9.0500,16676,0
CHGG.US,5,20131203,182500,9.0400,9.1000,9.0300,9.1000,21340,0
CHGG.US,5,20131203,183000,9.1000,9.1000,9.0500,9.1000,10600,0
CHGG.US,5,20131203,183500,9.0800,9.1200,9.0700,9.1100,9500,0
CHGG.US,5,20131203,184000,9.1200,9.1500,9.1000,9.1300,17645,0
CHGG.US,5,20131203,184500,9.1300,9.1400,9.1100,9.1300,10842,0
CHGG.US,5,20131203,185000,9.1300,9.1300,9.1100,9.1200,900,0
CHGG.US,5,20131203,185500,9.1100,9.1300,9.0700,9.0700,31872,0
CHGG.US,5,20131203,190000,9.0700,9.1700,9.0700,9.1600,44994,0
CHGG.US,5,20131203,190500,9.1500,9.1600,9.1400,9.1500,7200,0
CHGG.US,5,20131203,191000,9.1600,9.1900,9.1400,9.1800,34516,0
CHGG.US,5,20131203,191500,9.1900,9.2100,9.1600,9.2000,13350,0
CHGG.US,5,20131203,192000,9.2300,9.2300,9.1500,9.1800,11695,0
CHGG.US,5,20131203,192500,9.1700,9.2500,9.1700,9.2200,4246,0
CHGG.US,5,20131203,193000,9.2200,9.2300,9.1800,9.2000,11335,0
CHGG.US,5,20131203,193500,9.1900,9.2000,9.1900,9.2000,8849,0
CHGG.US,5,20131203,194000,9.2000,9.2000,9.1900,9.1900,9800,0
CHGG.US,5,20131203,194500,9.1900,9.2000,9.1700,9.1800,13450,0
CHGG.US,5,20131203,195000,9.1900,9.1900,9.1800,9.1800,5500,0
CHGG.US,5,20131203,195500,9.1800,9.2000,9.1700,9.1800,6100,0
CHGG.US,5,20131203,200000,9.1700,9.1800,9.1400,9.1700,8440,0
CHGG.US,5,20131203,200500,9.1700,9.1800,9.1500,9.1600,28400,0
CHGG.US,5,20131203,201000,9.1700,9.2300,9.1500,9.2300,32974,0
CHGG.US,5,20131203,201500,9.2400,9.2500,9.2200,9.2500,7791,0
CHGG.US,5,20131203,202000,9.2500,9.2500,9.2300,9.2300,5601,0
CHGG.US,5,20131203,202500,9.2300,9.2400,9.2100,9.2400,5630,0
CHGG.US,5,20131203,203000,9.2200,9.2400,9.2200,9.2300,3500,0
CHGG.US,5,20131203,203500,9.2300,9.2400,9.2300,9.2400,2300,0
CHGG.US,5,20131203,204000,9.2500,9.2500,9.2200,9.2400,8000,0
CHGG.US,5,20131203,204500,9.2400,9.2500,9.2100,9.2200,19822,0
CHGG.US,5,20131203,205000,9.2200,9.2400,9.2200,9.2400,6300,0
CHGG.US,5,20131203,205500,9.2300,9.2400,9.2200,9.2200,6100,0
CHGG.US,5,20131203,210000,9.2300,9.2400,9.2300,9.2300,1100,0
CHGG.US,5,20131203,210500,9.2200,9.2400,9.2000,9.2400,11500,0
CHGG.US,5,20131203,211000,9.2400,9.2500,9.2300,9.2400,2100,0
CHGG.US,5,20131203,211500,9.2400,9.2400,9.2300,9.2400,3250,0
CHGG.US,5,20131203,212000,9.2400,9.2500,9.2300,9.2500,6700,0
CHGG.US,5,20131203,212500,9.2500,9.2500,9.2300,9.2500,16567,0
CHGG.US,5,20131203,213000,9.2500,9.2500,9.2100,9.2200,18484,0
CHGG.US,5,20131203,213500,9.2200,9.2200,9.1600,9.1600,12544,0
CHGG.US,5,20131203,214000,9.1600,9.1600,9.1100,9.1100,26040,0
CHGG.US,5,20131203,214500,9.1100,9.1800,9.1100,9.1600,28136,0
CHGG.US,5,20131203,215000,9.1700,9.1700,9.1500,9.1500,11000,0
CHGG.US,5,20131203,215500,9.1600,9.2100,9.1500,9.2000,24950,0
CHGG.US,5,20131203,220000,9.2100,9.2500,9.2000,9.2100,42431,0
CHGG.US,5,20131203,220500,9.2000,9.2000,9.2000,9.2000,4145,0
CHGG.US,5,20131204,153500,9.0600,9.1900,8.8500,9.0700,26604,0
CHGG.US,5,20131204,154000,9.1500,9.1800,9.0500,9.1800,19500,0
CHGG.US,5,20131204,154500,9.1400,9.1800,9.1000,9.1200,21603,0
CHGG.US,5,20131204,155000,9.1300,9.1300,9.0400,9.0400,15425,0
CHGG.US,5,20131204,155500,9.0400,9.0500,9.0100,9.0300,8155,0
CHGG.US,5,20131204,160000,9.0300,9.0800,9.0100,9.0600,5800,0
CHGG.US,5,20131204,160500,9.0100,9.0500,8.9000,8.9000,21480,0
CHGG.US,5,20131204,161000,8.9000,8.9200,8.8800,8.8900,5555,0
CHGG.US,5,20131204,161500,8.9200,8.9300,8.8500,8.8600,5050,0
CHGG.US,5,20131204,162000,8.8800,9.0400,8.8600,9.0400,17900,0
CHGG.US,5,20131204,162500,9.0400,9.1100,9.0400,9.1000,38411,0
CHGG.US,5,20131204,163000,9.1100,9.1800,9.1100,9.1600,6135,0
CHGG.US,5,20131204,163500,9.1600,9.1700,9.1600,9.1700,4100,0
CHGG.US,5,20131204,164000,9.1600,9.1800,9.1100,9.1400,45184,0
CHGG.US,5,20131204,164500,9.1300,9.1300,9.1100,9.1300,11000,0
CHGG.US,5,20131204,165000,9.1500,9.1700,9.1100,9.1700,10802,0
CHGG.US,5,20131204,165500,9.1700,9.1700,9.1300,9.1500,17613,0
CHGG.US,5,20131204,170000,9.1300,9.1500,9.1300,9.1500,2500,0
CHGG.US,5,20131204,170500,9.1300,9.1500,9.1300,9.1500,5400,0
CHGG.US,5,20131204,171000,9.1400,9.1500,9.1300,9.1300,5300,0
CHGG.US,5,20131204,171500,9.1500,9.1500,9.1300,9.1300,3900,0
CHGG.US,5,20131204,172000,9.1500,9.1500,9.0500,9.0500,23979,0
CHGG.US,5,20131204,172500,9.0700,9.0900,9.0500,9.0500,7900,0
CHGG.US,5,20131204,173000,9.0500,9.0500,8.9800,8.9800,29500,0
CHGG.US,5,20131204,173500,8.9900,9.0300,8.9900,9.0200,1800,0
CHGG.US,5,20131204,174000,9.0100,9.0400,8.9900,9.0400,18700,0
CHGG.US,5,20131204,174500,9.0300,9.0700,9.0200,9.0400,3100,0
CHGG.US,5,20131204,175000,9.0400,9.1100,9.0400,9.1100,2100,0
CHGG.US,5,20131204,175500,9.1100,9.1100,9.1000,9.1100,2700,0
CHGG.US,5,20131204,180000,9.1000,9.1100,9.0700,9.0700,4350,0
CHGG.US,5,20131204,180500,9.0600,9.0700,9.0400,9.0400,3600,0
CHGG.US,5,20131204,181000,9.0500,9.0900,9.0400,9.0900,2999,0
CHGG.US,5,20131204,181500,9.0800,9.1000,9.0700,9.0700,10100,0
CHGG.US,5,20131204,182000,9.0900,9.1100,9.0700,9.1100,6100,0
CHGG.US,5,20131204,182500,9.1100,9.1200,9.1000,9.1000,3397,0
CHGG.US,5,20131204,183000,9.1100,9.1100,9.1000,9.1000,300,0
CHGG.US,5,20131204,183500,9.1000,9.1100,9.1000,9.1000,2122,0
CHGG.US,5,20131204,184000,9.1000,9.1100,9.1000,9.1000,2579,0
CHGG.US,5,20131204,184500,9.1000,9.1300,9.1000,9.1300,11150,0
CHGG.US,5,20131204,185000,9.1300,9.1300,9.1100,9.1100,3500,0
CHGG.US,5,20131204,185500,9.0800,9.1200,9.0800,9.1100,3500,0
CHGG.US,5,20131204,190000,9.0800,9.1100,9.0800,9.0800,1400,0
CHGG.US,5,20131204,190500,9.1000,9.1000,9.0900,9.1000,1500,0
CHGG.US,5,20131204,191000,9.1000,9.1000,9.0900,9.1000,2600,0
CHGG.US,5,20131204,191500,9.1000,9.1200,9.0800,9.1000,4191,0
CHGG.US,5,20131204,192000,9.1100,9.1200,9.1100,9.1100,1000,0
CHGG.US,5,20131204,192500,9.1000,9.1100,9.0900,9.0900,4633,0
CHGG.US,5,20131204,193000,9.0900,9.1000,9.0900,9.1000,3300,0
CHGG.US,5,20131204,193500,9.1100,9.1100,9.0900,9.1000,3300,0
CHGG.US,5,20131204,194000,9.1100,9.1200,9.0900,9.1200,2600,0
CHGG.US,5,20131204,194500,9.1200,9.1200,9.1100,9.1200,2700,0
CHGG.US,5,20131204,195000,9.1200,9.1200,9.1000,9.1200,3130,0
CHGG.US,5,20131204,195500,9.1100,9.1200,9.1000,9.1200,2300,0
CHGG.US,5,20131204,200000,9.1200,9.1500,9.1200,9.1500,7673,0
CHGG.US,5,20131204,200500,9.1500,9.1500,9.1400,9.1400,2500,0
CHGG.US,5,20131204,201000,9.1500,9.1800,9.1400,9.1800,8181,0
CHGG.US,5,20131204,201500,9.1800,9.2400,9.1800,9.2400,13511,0
CHGG.US,5,20131204,202000,9.2400,9.2500,9.2100,9.2500,7598,0
CHGG.US,5,20131204,202500,9.2500,9.2500,9.2300,9.2400,7342,0
CHGG.US,5,20131204,203000,9.2300,9.2400,9.2300,9.2400,3000,0
CHGG.US,5,20131204,203500,9.2400,9.2500,9.2300,9.2500,5100,0
CHGG.US,5,20131204,204000,9.2500,9.3300,9.2500,9.3200,16904,0
CHGG.US,5,20131204,204500,9.3300,9.3300,9.2700,9.2700,9567,0
CHGG.US,5,20131204,205000,9.3000,9.3200,9.2600,9.2600,16574,0
CHGG.US,5,20131204,205500,9.2500,9.2600,9.2400,9.2400,2200,0
CHGG.US,5,20131204,210000,9.2300,9.2400,9.2300,9.2400,2600,0
CHGG.US,5,20131204,210500,9.2600,9.2700,9.2500,9.2700,9400,0
CHGG.US,5,20131204,211000,9.2700,9.2800,9.2700,9.2800,5100,0
CHGG.US,5,20131204,211500,9.2800,9.2900,9.2500,9.2600,12410,0
CHGG.US,5,20131204,212000,9.2700,9.2700,9.2500,9.2700,1900,0
CHGG.US,5,20131204,212500,9.2700,9.2800,9.2600,9.2800,3800,0
CHGG.US,5,20131204,213000,9.2800,9.2900,9.2700,9.2800,20610,0
CHGG.US,5,20131204,213500,9.2800,9.3000,9.2600,9.3000,24791,0
CHGG.US,5,20131204,214000,9.3100,9.3700,9.3100,9.3700,40350,0
CHGG.US,5,20131204,214500,9.3700,9.4500,9.3500,9.4500,34255,0
CHGG.US,5,20131204,215000,9.4500,9.5000,9.4500,9.4900,23515,0
CHGG.US,5,20131204,215500,9.4900,9.5100,9.4900,9.4900,24262,0
CHGG.US,5,20131204,220000,9.5000,9.5100,9.4300,9.4300,33470,0
CHGG.US,5,20131204,220500,9.4400,9.4400,9.4400,9.4400,3652,0
CHGG.US,5,20131205,153500,9.4500,9.5100,9.3700,9.5000,18700,0
CHGG.US,5,20131205,154000,9.5500,9.5600,9.3200,9.3500,6200,0
CHGG.US,5,20131205,154500,9.4500,9.5300,9.3700,9.4900,16400,0
CHGG.US,5,20131205,155000,9.4900,9.5300,9.4000,9.4100,23398,0
CHGG.US,5,20131205,155500,9.4700,9.5600,9.4500,9.5000,13888,0
CHGG.US,5,20131205,160000,9.5300,9.6600,9.5200,9.5200,14353,0
CHGG.US,5,20131205,160500,9.6000,9.6000,9.5100,9.5300,4200,0
CHGG.US,5,20131205,161000,9.5400,9.5400,9.5300,9.5400,1700,0
CHGG.US,5,20131205,161500,9.5400,9.5400,9.5000,9.5200,15841,0
CHGG.US,5,20131205,162000,9.5200,9.5200,9.4600,9.4600,8768,0
CHGG.US,5,20131205,162500,9.4500,9.5400,9.4300,9.5400,9390,0
CHGG.US,5,20131205,163000,9.5400,9.5500,9.4800,9.5500,14889,0
CHGG.US,5,20131205,163500,9.5300,9.5400,9.4800,9.4900,2813,0
CHGG.US,5,20131205,164000,9.4900,9.5300,9.4300,9.4500,25386,0
CHGG.US,5,20131205,164500,9.4400,9.4600,9.4300,9.4600,4482,0
CHGG.US,5,20131205,165000,9.4700,9.4800,9.4100,9.4500,5928,0
CHGG.US,5,20131205,165500,9.4500,9.5300,9.4500,9.5300,14703,0
CHGG.US,5,20131205,170000,9.5200,9.5300,9.5000,9.5200,4100,0
CHGG.US,5,20131205,170500,9.5300,9.5300,9.5000,9.5100,3100,0
CHGG.US,5,20131205,171000,9.5000,9.5100,9.5000,9.5000,9120,0
CHGG.US,5,20131205,171500,9.4900,9.5000,9.4000,9.4800,26178,0
CHGG.US,5,20131205,172000,9.4800,9.5300,9.4700,9.5100,11500,0
CHGG.US,5,20131205,172500,9.5200,9.5300,9.5100,9.5100,3700,0
CHGG.US,5,20131205,173000,9.5100,9.5300,9.5100,9.5100,11540,0
CHGG.US,5,20131205,173500,9.5200,9.5300,9.5000,9.5000,5724,0
CHGG.US,5,20131205,174000,9.5000,9.5100,9.5000,9.5000,4880,0
CHGG.US,5,20131205,174500,9.5000,9.5100,9.4700,9.5000,6300,0
CHGG.US,5,20131205,175000,9.4800,9.4800,9.4200,9.4200,11000,0
CHGG.US,5,20131205,175500,9.4500,9.4900,9.4400,9.4900,6100,0
CHGG.US,5,20131205,180000,9.5000,9.5300,9.4800,9.4900,9385,0
CHGG.US,5,20131205,180500,9.5000,9.5000,9.4900,9.4900,1353,0
CHGG.US,5,20131205,181000,9.5000,9.5000,9.4900,9.4900,900,0
CHGG.US,5,20131205,181500,9.5000,9.5000,9.5000,9.5000,500,0
CHGG.US,5,20131205,182000,9.5000,9.5200,9.4900,9.5200,4650,0
CHGG.US,5,20131205,182500,9.5200,9.5300,9.5100,9.5200,5457,0
CHGG.US,5,20131205,183000,9.5100,9.5200,9.5000,9.5100,2500,0
CHGG.US,5,20131205,183500,9.4700,9.4800,9.4700,9.4700,1100,0
CHGG.US,5,20131205,184000,9.4800,9.5000,9.4800,9.5000,6600,0
CHGG.US,5,20131205,184500,9.4900,9.5000,9.4900,9.5000,2200,0
CHGG.US,5,20131205,185000,9.5000,9.5000,9.4900,9.4900,3400,0
CHGG.US,5,20131205,185500,9.4900,9.5200,9.4900,9.5000,6428,0
CHGG.US,5,20131205,190000,9.5200,9.5900,9.5200,9.5900,4100,0
CHGG.US,5,20131205,190500,9.5900,9.6300,9.5900,9.5900,12952,0
CHGG.US,5,20131205,191000,9.6000,9.6000,9.5700,9.5800,2500,0
CHGG.US,5,20131205,191500,9.5700,9.5900,9.5700,9.5800,2125,0
CHGG.US,5,20131205,192000,9.5700,9.5900,9.5700,9.5800,3470,0
CHGG.US,5,20131205,192500,9.5800,9.5800,9.5200,9.5200,5000,0
CHGG.US,5,20131205,193000,9.5400,9.5400,9.4800,9.4900,3269,0
CHGG.US,5,20131205,193500,9.5000,9.5100,9.4600,9.4600,6400,0
CHGG.US,5,20131205,194000,9.4300,9.4700,9.4300,9.4700,800,0
CHGG.US,5,20131205,194500,9.4400,9.4900,9.4400,9.4700,4591,0
CHGG.US,5,20131205,195000,9.5000,9.5100,9.5000,9.5100,2349,0
CHGG.US,5,20131205,195500,9.5000,9.5100,9.4500,9.4500,6200,0
CHGG.US,5,20131205,200000,9.4400,9.4900,9.4400,9.4900,2665,0
CHGG.US,5,20131205,200500,9.4900,9.4900,9.4700,9.4700,2600,0
CHGG.US,5,20131205,201000,9.4900,9.4900,9.4700,9.4800,500,0
CHGG.US,5,20131205,201500,9.4700,9.4800,9.4500,9.4500,3400,0
CHGG.US,5,20131205,202000,9.4700,9.4700,9.4000,9.4000,4500,0
CHGG.US,5,20131205,202500,9.4000,9.4300,9.3800,9.4300,7799,0
CHGG.US,5,20131205,203000,9.4000,9.4200,9.4000,9.4100,700,0
CHGG.US,5,20131205,203500,9.4200,9.4200,9.3900,9.4100,3800,0
CHGG.US,5,20131205,204000,9.4100,9.4300,9.4100,9.4300,2400,0
CHGG.US,5,20131205,204500,9.4300,9.4900,9.3800,9.3800,38600,0
CHGG.US,5,20131205,205000,9.3900,9.3900,9.3900,9.3900,2370,0
CHGG.US,5,20131205,205500,9.4000,9.4200,9.4000,9.4100,2001,0
CHGG.US,5,20131205,210000,9.4200,9.4200,9.3800,9.4200,2500,0
CHGG.US,5,20131205,210500,9.4200,9.4200,9.3800,9.3800,3444,0
CHGG.US,5,20131205,211000,9.3900,9.4400,9.3900,9.4200,4514,0
CHGG.US,5,20131205,211500,9.4300,9.4300,9.3900,9.3900,5700,0
CHGG.US,5,20131205,212000,9.4100,9.4200,9.4000,9.4200,1400,0
CHGG.US,5,20131205,212500,9.4100,9.4300,9.4000,9.4200,10300,0
CHGG.US,5,20131205,213000,9.4100,9.4200,9.3900,9.4200,13914,0
CHGG.US,5,20131205,213500,9.3900,9.4100,9.3900,9.3900,5800,0
CHGG.US,5,20131205,214000,9.4000,9.4100,9.4000,9.4000,3705,0
CHGG.US,5,20131205,214500,9.4000,9.4100,9.3900,9.4000,8459,0
CHGG.US,5,20131205,215000,9.3900,9.4000,9.3600,9.3900,7700,0
CHGG.US,5,20131205,215500,9.3900,9.5100,9.3900,9.4600,13600,0
CHGG.US,5,20131205,220000,9.4800,9.5400,9.4800,9.5400,18271,0
CHGG.US,5,20131205,220500,9.4900,9.4900,9.4900,9.4900,16151,0
CHGG.US,5,20131206,153500,9.6400,9.8000,9.6400,9.8000,200,0
CHGG.US,5,20131206,154000,9.5800,9.6400,9.5600,9.5800,4350,0
CHGG.US,5,20131206,154500,9.6000,9.6000,9.5900,9.6000,2300,0
CHGG.US,5,20131206,155000,9.6000,9.6000,9.5900,9.5900,1000,0
CHGG.US,5,20131206,155500,9.5900,9.6000,9.5800,9.6000,2852,0
CHGG.US,5,20131206,160000,9.5900,9.6000,9.5900,9.6000,4592,0
CHGG.US,5,20131206,160500,9.6000,9.6000,9.5800,9.5900,9900,0
CHGG.US,5,20131206,161000,9.5900,9.6000,9.5800,9.5900,2000,0
CHGG.US,5,20131206,161500,9.5900,9.6000,9.5800,9.5900,4600,0
CHGG.US,5,20131206,162000,9.5800,9.5900,9.5200,9.5200,3768,0
CHGG.US,5,20131206,162500,9.5000,9.5000,9.3700,9.3800,15631,0
CHGG.US,5,20131206,163000,9.3500,9.3500,9.2300,9.2300,8529,0
CHGG.US,5,20131206,163500,9.2500,9.2600,9.2300,9.2500,1042,0
CHGG.US,5,20131206,164000,9.2500,9.2600,9.2400,9.2600,4512,0
CHGG.US,5,20131206,164500,9.2700,9.3100,9.2700,9.3100,3800,0
CHGG.US,5,20131206,165000,9.3000,9.3500,9.3000,9.3400,2723,0
CHGG.US,5,20131206,165500,9.3300,9.3300,9.3000,9.3000,3656,0
CHGG.US,5,20131206,170000,9.3200,9.3500,9.3200,9.3500,400,0
CHGG.US,5,20131206,170500,9.3300,9.3500,9.3300,9.3300,4892,0
CHGG.US,5,20131206,171000,9.3500,9.3500,9.3400,9.3500,3207,0
CHGG.US,5,20131206,171500,9.3500,9.3500,9.3500,9.3500,200,0
CHGG.US,5,20131206,172000,9.3500,9.4300,9.3300,9.4300,5600,0
CHGG.US,5,20131206,172500,9.3800,9.4300,9.3800,9.4300,390,0
CHGG.US,5,20131206,173000,9.4000,9.4500,9.3800,9.4500,4100,0
CHGG.US,5,20131206,173500,9.4500,9.4500,9.4300,9.4400,3900,0
CHGG.US,5,20131206,174000,9.4500,9.4500,9.4400,9.4500,2100,0
CHGG.US,5,20131206,174500,9.4200,9.4600,9.4200,9.4600,1900,0
CHGG.US,5,20131206,175000,9.4500,9.4800,9.4300,9.4800,2100,0
CHGG.US,5,20131206,175500,9.4800,9.5000,9.4500,9.4500,8991,0
CHGG.US,5,20131206,180000,9.4400,9.4800,9.4300,9.4800,1700,0
CHGG.US,5,20131206,180500,9.5000,9.5000,9.4500,9.4500,1400,0
CHGG.US,5,20131206,181000,9.4400,9.4400,9.4000,9.4400,3400,0
CHGG.US,5,20131206,181500,9.4500,9.4700,9.4200,9.4700,11100,0
CHGG.US,5,20131206,182000,9.4500,9.5000,9.4500,9.4900,17600,0
CHGG.US,5,20131206,182500,9.4900,9.5300,9.4900,9.5000,13982,0
CHGG.US,5,20131206,183000,9.4900,9.5100,9.4900,9.5100,1100,0
CHGG.US,5,20131206,183500,9.5000,9.5100,9.4900,9.5000,9103,0
CHGG.US,5,20131206,184500,9.5100,9.5200,9.5100,9.5200,3800,0
CHGG.US,5,20131206,185000,9.5200,9.5500,9.5200,9.5500,2569,0
CHGG.US,5,20131206,185500,9.5500,9.5500,9.5400,9.5500,3350,0
CHGG.US,5,20131206,190000,9.5400,9.5500,9.5200,9.5400,3500,0
CHGG.US,5,20131206,190500,9.5200,9.5200,9.5200,9.5200,300,0
CHGG.US,5,20131206,191000,9.5400,9.5500,9.5300,9.5300,1100,0
CHGG.US,5,20131206,191500,9.5500,9.5500,9.5400,9.5500,300,0
CHGG.US,5,20131206,192000,9.5500,9.5500,9.5200,9.5300,1200,0
CHGG.US,5,20131206,192500,9.5500,9.5500,9.5400,9.5400,400,0
CHGG.US,5,20131206,193000,9.5500,9.5500,9.5500,9.5500,300,0
CHGG.US,5,20131206,193500,9.5500,9.5800,9.5500,9.5800,1000,0
CHGG.US,5,20131206,194000,9.5900,9.6000,9.5900,9.6000,400,0
CHGG.US,5,20131206,194500,9.6000,9.6000,9.5700,9.5800,2800,0
CHGG.US,5,20131206,195000,9.5900,9.5900,9.5700,9.5800,1000,0
CHGG.US,5,20131206,195500,9.5800,9.5900,9.5200,9.5400,13041,0
CHGG.US,5,20131206,200000,9.5400,9.5400,9.5200,9.5300,3000,0
CHGG.US,5,20131206,200500,9.5200,9.5400,9.5200,9.5200,2399,0
CHGG.US,5,20131206,201000,9.5300,9.5400,9.5200,9.5300,1500,0
CHGG.US,5,20131206,201500,9.5200,9.5300,9.5200,9.5300,700,0
CHGG.US,5,20131206,202000,9.5200,9.5400,9.5200,9.5400,1000,0
CHGG.US,5,20131206,202500,9.5300,9.5800,9.5200,9.5600,2700,0
CHGG.US,5,20131206,203000,9.5600,9.5600,9.5400,9.5600,1300,0
CHGG.US,5,20131206,203500,9.5400,9.5800,9.5400,9.5600,2300,0
CHGG.US,5,20131206,204000,9.5600,9.5700,9.5600,9.5700,1600,0
CHGG.US,5,20131206,204500,9.5700,9.5900,9.5700,9.5900,2677,0
CHGG.US,5,20131206,205000,9.5900,9.5900,9.5700,9.5800,4400,0
CHGG.US,5,20131206,205500,9.5800,9.5900,9.5700,9.5900,3800,0
CHGG.US,5,20131206,210000,9.5900,9.5900,9.5700,9.5700,5900,0
CHGG.US,5,20131206,210500,9.5700,9.5800,9.5700,9.5700,3500,0
CHGG.US,5,20131206,211000,9.5800,9.5900,9.5700,9.5700,4774,0
CHGG.US,5,20131206,211500,9.5700,9.5900,9.5700,9.5900,9815,0
CHGG.US,5,20131206,212000,9.5800,9.6000,9.5800,9.5800,2900,0
CHGG.US,5,20131206,212500,9.5900,9.6000,9.5800,9.5800,1300,0
CHGG.US,5,20131206,213000,9.6000,9.6000,9.5500,9.5500,7230,0
CHGG.US,5,20131206,213500,9.5500,9.5600,9.5400,9.5400,3722,0
CHGG.US,5,20131206,214000,9.5400,9.5500,9.5400,9.5400,12331,0
CHGG.US,5,20131206,214500,9.5400,9.5600,9.5400,9.5500,16200,0
CHGG.US,5,20131206,215000,9.5600,9.5700,9.5600,9.5700,27400,0
CHGG.US,5,20131206,215500,9.5700,9.6000,9.5600,9.6000,45220,0
CHGG.US,5,20131206,220000,9.6000,9.6100,9.5500,9.5500,46670,0
CHGG.US,5,20131206,220500,9.5700,9.5700,9.5700,9.5700,10495,0
CHGG.US,5,20131209,153500,9.6600,9.6800,9.3200,9.3300,33004,0
CHGG.US,5,20131209,154000,9.3000,9.3100,9.0100,9.0900,41881,0
CHGG.US,5,20131209,154500,9.0900,9.3100,9.0900,9.2000,20180,0
CHGG.US,5,20131209,155000,9.1800,9.3000,9.1800,9.3000,24900,0
CHGG.US,5,20131209,155500,9.3000,9.3300,9.2500,9.3000,36870,0
CHGG.US,5,20131209,160000,9.3000,9.3000,9.2900,9.3000,8675,0
CHGG.US,5,20131209,160500,9.3000,9.3000,9.2200,9.2500,28000,0
CHGG.US,5,20131209,161000,9.2300,9.2300,9.1300,9.1700,23910,0
CHGG.US,5,20131209,161500,9.1700,9.1700,9.0300,9.0400,19525,0
CHGG.US,5,20131209,162000,9.0400,9.0700,8.8800,9.0200,85819,0
CHGG.US,5,20131209,162500,9.0600,9.1300,9.0300,9.1300,15369,0
CHGG.US,5,20131209,163000,9.1200,9.1200,9.0300,9.1000,35256,0
CHGG.US,5,20131209,163500,9.0800,9.1000,9.0300,9.0600,24956,0
CHGG.US,5,20131209,164000,9.0500,9.0500,9.0300,9.0400,4499,0
CHGG.US,5,20131209,164500,9.0300,9.0400,9.0000,9.0400,21230,0
CHGG.US,5,20131209,165000,9.0200,9.0200,9.0000,9.0100,9730,0
CHGG.US,5,20131209,165500,9.0100,9.0600,9.0000,9.0100,15511,0
CHGG.US,5,20131209,170000,9.0100,9.0100,9.0000,9.0000,13300,0
CHGG.US,5,20131209,170500,9.0100,9.0900,9.0000,9.0600,15489,0
CHGG.US,5,20131209,171000,9.0500,9.1400,9.0500,9.1400,14085,0
CHGG.US,5,20131209,171500,9.1300,9.1700,9.1200,9.1500,12190,0
CHGG.US,5,20131209,172000,9.1500,9.1600,9.1200,9.1200,3432,0
CHGG.US,5,20131209,172500,9.1300,9.1700,9.1300,9.1700,9000,0
CHGG.US,5,20131209,173000,9.1700,9.2100,9.1700,9.1700,11400,0
CHGG.US,5,20131209,173500,9.2000,9.2300,9.2000,9.2200,13000,0
CHGG.US,5,20131209,174000,9.2200,9.2200,9.1700,9.1700,5100,0
CHGG.US,5,20131209,174500,9.1600,9.1700,9.1200,9.1400,12000,0
CHGG.US,5,20131209,175000,9.1600,9.1600,9.1400,9.1400,1100,0
CHGG.US,5,20131209,175500,9.1500,9.1700,9.1200,9.1600,32669,0
CHGG.US,5,20131209,180000,9.1700,9.2400,9.1600,9.2400,13630,0
CHGG.US,5,20131209,180500,9.2400,9.2500,9.2100,9.2400,15310,0
CHGG.US,5,20131209,181000,9.2400,9.2400,9.2000,9.2100,2900,0
CHGG.US,5,20131209,181500,9.1900,9.2200,9.1900,9.1900,2600,0
CHGG.US,5,20131209,182000,9.1900,9.2200,9.1900,9.2000,9500,0
CHGG.US,5,20131209,182500,9.2000,9.2000,9.1900,9.1900,2473,0
CHGG.US,5,20131209,183000,9.2000,9.2000,9.1700,9.1700,4273,0
CHGG.US,5,20131209,183500,9.1700,9.1800,9.1500,9.1500,4877,0
CHGG.US,5,20131209,184000,9.1500,9.2200,9.1500,9.2200,18200,0
CHGG.US,5,20131209,184500,9.2200,9.2200,9.2000,9.2100,3200,0
CHGG.US,5,20131209,185000,9.2200,9.2200,9.2000,9.2200,2300,0
CHGG.US,5,20131209,185500,9.2100,9.2200,9.2000,9.2200,2300,0
CHGG.US,5,20131209,190000,9.2000,9.2200,9.2000,9.2100,2900,0
CHGG.US,5,20131209,190500,9.2000,9.2100,9.2000,9.2100,2800,0
CHGG.US,5,20131209,191000,9.2000,9.2100,9.2000,9.2000,8200,0
CHGG.US,5,20131209,191500,9.2000,9.2000,9.1700,9.1900,3000,0
CHGG.US,5,20131209,192000,9.1700,9.1900,9.1400,9.1500,4427,0
CHGG.US,5,20131209,192500,9.1500,9.1700,9.1400,9.1700,12672,0
CHGG.US,5,20131209,193000,9.1700,9.2000,9.1500,9.2000,3500,0
CHGG.US,5,20131209,193500,9.1900,9.2000,9.1800,9.2000,2400,0
CHGG.US,5,20131209,194000,9.2000,9.2000,9.1800,9.1900,4000,0
CHGG.US,5,20131209,194500,9.1900,9.1900,9.1800,9.1900,7500,0
CHGG.US,5,20131209,195000,9.1900,9.1900,9.1600,9.1700,7780,0
CHGG.US,5,20131209,195500,9.1700,9.1700,9.1600,9.1700,4300,0
CHGG.US,5,20131209,200000,9.1600,9.1700,9.1600,9.1700,6269,0
CHGG.US,5,20131209,200500,9.1700,9.1900,9.1700,9.1900,7227,0
CHGG.US,5,20131209,201000,9.1900,9.1900,9.1800,9.1800,3200,0
CHGG.US,5,20131209,201500,9.1800,9.1900,9.1700,9.1800,8260,0
CHGG.US,5,20131209,202000,9.1700,9.1800,9.1700,9.1700,6080,0
CHGG.US,5,20131209,202500,9.1700,9.1800,9.1700,9.1800,6700,0
CHGG.US,5,20131209,203000,9.1800,9.1800,9.1700,9.1800,4000,0
CHGG.US,5,20131209,203500,9.1800,9.1800,9.1300,9.1400,14937,0
CHGG.US,5,20131209,204000,9.1400,9.1400,9.1200,9.1200,4713,0
CHGG.US,5,20131209,204500,9.1200,9.1300,9.1200,9.1200,8300,0
CHGG.US,5,20131209,205000,9.1200,9.1200,9.0600,9.0700,23875,0
CHGG.US,5,20131209,205500,9.0700,9.1000,9.0700,9.0700,8268,0
CHGG.US,5,20131209,210000,9.0800,9.0800,9.0400,9.0400,5669,0
CHGG.US,5,20131209,210500,9.0400,9.0400,9.0200,9.0200,5100,0
CHGG.US,5,20131209,211000,9.0200,9.0200,9.0000,9.0000,8045,0
CHGG.US,5,20131209,211500,9.0000,9.0000,8.9800,8.9900,12286,0
CHGG.US,5,20131209,212000,8.9900,8.9900,8.9800,8.9900,3500,0
CHGG.US,5,20131209,212500,8.9800,8.9900,8.9800,8.9800,12592,0
CHGG.US,5,20131209,213000,8.9800,8.9900,8.9000,8.9100,38973,0
CHGG.US,5,20131209,213500,8.9000,8.9100,8.8800,8.8800,22004,0
CHGG.US,5,20131209,214000,8.8800,8.8900,8.8500,8.8800,28096,0
CHGG.US,5,20131209,214500,8.8800,8.8800,8.8500,8.8500,18610,0
CHGG.US,5,20131209,215000,8.8500,8.9000,8.8400,8.8900,22974,0
CHGG.US,5,20131209,215500,8.9100,8.9300,8.9100,8.9200,11911,0
CHGG.US,5,20131209,220000,8.9200,8.9300,8.8400,8.8900,57382,0
CHGG.US,5,20131209,220500,8.8900,8.8900,8.8900,8.8900,5203,0
