<TICKER>,<PER>,<DTYYYYMMDD>,<TIME>,<OPEN>,<HIGH>,<LOW>,<CLOSE>,<VOL>,<OPENINT>
CMC.US,5,20131112,153500,19.0500,19.0600,18.9100,18.9100,954,0
CMC.US,5,20131112,154000,18.9500,18.9900,18.9500,18.9600,2178,0
CMC.US,5,20131112,154500,18.9600,18.9700,18.9300,18.9600,2400,0
CMC.US,5,20131112,155000,18.9600,18.9700,18.9100,18.9700,4175,0
CMC.US,5,20131112,155500,18.9900,19.0000,18.9400,18.9400,6207,0
CMC.US,5,20131112,160000,18.9200,18.9400,18.8900,18.9100,3200,0
CMC.US,5,20131112,160500,18.9000,18.9000,18.8200,18.8200,6600,0
CMC.US,5,20131112,161000,18.8300,18.8500,18.8300,18.8400,7400,0
CMC.US,5,20131112,161500,18.8500,18.8800,18.8500,18.8700,3800,0
CMC.US,5,20131112,162000,18.8700,18.9200,18.8500,18.9000,8600,0
CMC.US,5,20131112,162500,18.8900,18.8900,18.8300,18.8300,4700,0
CMC.US,5,20131112,163000,18.8300,18.8700,18.8300,18.8700,3200,0
CMC.US,5,20131112,163500,18.8700,18.8700,18.8500,18.8500,5500,0
CMC.US,5,20131112,164000,18.8400,18.8400,18.8100,18.8100,8328,0
CMC.US,5,20131112,164500,18.8100,18.8100,18.7900,18.8000,5000,0
CMC.US,5,20131112,165000,18.7900,18.8100,18.7800,18.8000,15200,0
CMC.US,5,20131112,165500,18.8100,18.8100,18.7900,18.8100,4800,0
CMC.US,5,20131112,170000,18.8100,18.8200,18.7900,18.7900,6301,0
CMC.US,5,20131112,170500,18.7900,18.8200,18.7600,18.7800,15405,0
CMC.US,5,20131112,171000,18.7900,18.8000,18.7700,18.7900,12493,0
CMC.US,5,20131112,171500,18.7800,18.8300,18.7800,18.8300,2400,0
CMC.US,5,20131112,172000,18.8300,18.8500,18.8300,18.8500,3123,0
CMC.US,5,20131112,172500,18.8600,18.8700,18.8400,18.8500,16961,0
CMC.US,5,20131112,173000,18.8500,18.8600,18.8400,18.8600,3300,0
CMC.US,5,20131112,173500,18.8600,18.8900,18.8600,18.8800,3200,0
CMC.US,5,20131112,174000,18.8800,18.8800,18.8400,18.8400,2600,0
CMC.US,5,20131112,174500,18.8500,18.8600,18.8200,18.8300,9205,0
CMC.US,5,20131112,175000,18.8300,18.8400,18.8200,18.8200,4351,0
CMC.US,5,20131112,175500,18.8200,18.8400,18.8200,18.8400,1800,0
CMC.US,5,20131112,180000,18.8400,18.8500,18.8300,18.8500,29341,0
CMC.US,5,20131112,180500,18.8500,18.8500,18.8300,18.8500,4700,0
CMC.US,5,20131112,181000,18.8600,18.8600,18.7900,18.7900,5100,0
CMC.US,5,20131112,181500,18.7800,18.8000,18.7800,18.7900,1575,0
CMC.US,5,20131112,182000,18.7900,18.8100,18.7800,18.8000,15929,0
CMC.US,5,20131112,182500,18.8000,18.8000,18.7500,18.7600,11608,0
CMC.US,5,20131112,183000,18.7500,18.7700,18.7500,18.7600,1800,0
CMC.US,5,20131112,183500,18.7600,18.7600,18.7300,18.7300,1686,0
CMC.US,5,20131112,184000,18.7400,18.7500,18.7300,18.7400,2800,0
CMC.US,5,20131112,184500,18.7400,18.7500,18.7300,18.7500,3356,0
CMC.US,5,20131112,185000,18.7400,18.7500,18.7400,18.7400,1737,0
CMC.US,5,20131112,185500,18.7400,18.7400,18.7400,18.7400,300,0
CMC.US,5,20131112,190000,18.7400,18.7400,18.7400,18.7400,2600,0
CMC.US,5,20131112,190500,18.7400,18.7400,18.7100,18.7200,3775,0
CMC.US,5,20131112,191000,18.7300,18.7400,18.7300,18.7400,1800,0
CMC.US,5,20131112,191500,18.7400,18.7500,18.7400,18.7500,3899,0
CMC.US,5,20131112,192000,18.7500,18.7500,18.7500,18.7500,200,0
CMC.US,5,20131112,192500,18.7600,18.7900,18.7600,18.7900,700,0
CMC.US,5,20131112,193000,18.7800,18.7900,18.7600,18.7600,3000,0
CMC.US,5,20131112,193500,18.7500,18.7600,18.7400,18.7500,2000,0
CMC.US,5,20131112,194000,18.7400,18.7600,18.7300,18.7600,4313,0
CMC.US,5,20131112,194500,18.7600,18.7600,18.7500,18.7600,1300,0
CMC.US,5,20131112,195000,18.7700,18.7900,18.7700,18.7800,1700,0
CMC.US,5,20131112,195500,18.7800,18.7800,18.7700,18.7700,600,0
CMC.US,5,20131112,200000,18.7800,18.7900,18.7700,18.7900,3600,0
CMC.US,5,20131112,200500,18.7800,18.7800,18.7500,18.7500,9900,0
CMC.US,5,20131112,201000,18.7400,18.7500,18.7400,18.7400,1679,0
CMC.US,5,20131112,201500,18.7500,18.7500,18.7400,18.7500,1600,0
CMC.US,5,20131112,202000,18.7600,18.7700,18.7500,18.7700,12520,0
CMC.US,5,20131112,202500,18.7700,18.7700,18.7500,18.7500,2600,0
CMC.US,5,20131112,203000,18.7500,18.7500,18.7300,18.7400,2700,0
CMC.US,5,20131112,203500,18.7300,18.7400,18.7300,18.7400,7190,0
CMC.US,5,20131112,204000,18.7400,18.7600,18.7300,18.7300,4100,0
CMC.US,5,20131112,204500,18.7300,18.7600,18.7300,18.7600,3100,0
CMC.US,5,20131112,205000,18.7700,18.7900,18.7700,18.7800,4299,0
CMC.US,5,20131112,205500,18.7800,18.7900,18.7600,18.7600,4046,0
CMC.US,5,20131112,210000,18.7700,18.8200,18.7700,18.8100,4304,0
CMC.US,5,20131112,210500,18.8100,18.8400,18.8100,18.8200,3092,0
CMC.US,5,20131112,211000,18.8200,18.8400,18.8200,18.8400,2300,0
CMC.US,5,20131112,211500,18.8400,18.8500,18.8300,18.8500,6100,0
CMC.US,5,20131112,212000,18.8600,18.8900,18.8600,18.8800,3593,0
CMC.US,5,20131112,212500,18.8800,18.8900,18.8500,18.8500,3300,0
CMC.US,5,20131112,213000,18.8600,18.8600,18.8300,18.8300,2386,0
CMC.US,5,20131112,213500,18.8400,18.8500,18.8400,18.8500,6000,0
CMC.US,5,20131112,214000,18.8600,18.8700,18.8500,18.8500,4800,0
CMC.US,5,20131112,214500,18.8500,18.8700,18.8500,18.8700,3840,0
CMC.US,5,20131112,215000,18.8800,18.8900,18.8500,18.8700,20186,0
CMC.US,5,20131112,215500,18.8800,18.9000,18.8600,18.9000,32735,0
CMC.US,5,20131112,220000,18.9000,18.9200,18.8800,18.9100,61952,0
CMC.US,5,20131112,220500,18.9100,18.9100,18.9100,18.9100,70627,0
CMC.US,5,20131113,153500,18.8200,18.8900,18.5500,18.5900,11660,0
CMC.US,5,20131113,154000,18.6300,18.7300,18.6300,18.7200,2778,0
CMC.US,5,20131113,154500,18.7200,18.7300,18.6500,18.6600,6387,0
CMC.US,5,20131113,155000,18.6800,18.7600,18.6500,18.7000,7110,0
CMC.US,5,20131113,155500,18.6900,18.6900,18.6300,18.6800,3434,0
CMC.US,5,20131113,160000,18.6800,18.7000,18.6400,18.6900,12957,0
CMC.US,5,20131113,160500,18.7100,18.7700,18.7000,18.7400,12306,0
CMC.US,5,20131113,161000,18.7300,18.7700,18.7200,18.7600,26750,0
CMC.US,5,20131113,161500,18.7700,18.7900,18.7400,18.7700,36509,0
CMC.US,5,20131113,162000,18.7800,18.8100,18.7500,18.7500,8101,0
CMC.US,5,20131113,162500,18.7500,18.7900,18.7500,18.7500,4800,0
CMC.US,5,20131113,163000,18.7600,18.8200,18.7600,18.7900,7799,0
CMC.US,5,20131113,163500,18.7900,18.7900,18.7800,18.7900,3701,0
CMC.US,5,20131113,164000,18.7800,18.7800,18.7500,18.7800,4500,0
CMC.US,5,20131113,164500,18.7800,18.7900,18.7600,18.7900,5758,0
CMC.US,5,20131113,165000,18.8000,18.8100,18.7800,18.8100,3800,0
CMC.US,5,20131113,165500,18.8000,18.8100,18.8000,18.8100,800,0
CMC.US,5,20131113,170000,18.8100,18.8100,18.7800,18.7900,5810,0
CMC.US,5,20131113,170500,18.7800,18.7800,18.7500,18.7800,3125,0
CMC.US,5,20131113,171000,18.7900,18.7900,18.7500,18.7500,5689,0
CMC.US,5,20131113,171500,18.7500,18.7600,18.7000,18.7000,12401,0
CMC.US,5,20131113,172000,18.7100,18.7200,18.7000,18.7200,3153,0
CMC.US,5,20131113,172500,18.7100,18.7500,18.7100,18.7200,12218,0
CMC.US,5,20131113,173000,18.7200,18.7500,18.7000,18.7300,16354,0
CMC.US,5,20131113,173500,18.7300,18.7600,18.7300,18.7600,2691,0
CMC.US,5,20131113,174000,18.7600,18.7700,18.7200,18.7200,6649,0
CMC.US,5,20131113,174500,18.7300,18.7300,18.7100,18.7200,6202,0
CMC.US,5,20131113,175000,18.7100,18.7100,18.7000,18.7100,600,0
CMC.US,5,20131113,175500,18.6900,18.6900,18.6700,18.6700,6600,0
CMC.US,5,20131113,180000,18.6700,18.6800,18.6500,18.6600,7690,0
CMC.US,5,20131113,180500,18.6600,18.6800,18.6600,18.6800,4702,0
CMC.US,5,20131113,181000,18.6800,18.6900,18.6800,18.6800,1800,0
CMC.US,5,20131113,181500,18.6700,18.6800,18.6600,18.6700,2100,0
CMC.US,5,20131113,182000,18.6700,18.7000,18.6700,18.6900,5000,0
CMC.US,5,20131113,182500,18.7000,18.7400,18.6900,18.7200,7213,0
CMC.US,5,20131113,183000,18.7300,18.7400,18.7200,18.7200,1929,0
CMC.US,5,20131113,183500,18.7200,18.7400,18.7000,18.7300,6109,0
CMC.US,5,20131113,184000,18.7300,18.7300,18.7100,18.7200,2000,0
CMC.US,5,20131113,184500,18.7300,18.7900,18.7300,18.7900,3200,0
CMC.US,5,20131113,185000,18.7800,18.7800,18.7500,18.7600,3233,0
CMC.US,5,20131113,185500,18.7600,18.7800,18.7600,18.7800,2300,0
CMC.US,5,20131113,190000,18.7900,18.8000,18.7800,18.7800,2601,0
CMC.US,5,20131113,190500,18.7700,18.8000,18.7700,18.7700,7887,0
CMC.US,5,20131113,191000,18.7700,18.7900,18.7700,18.7700,3400,0
CMC.US,5,20131113,191500,18.7700,18.7700,18.7400,18.7400,6417,0
CMC.US,5,20131113,192000,18.7500,18.7600,18.7500,18.7600,3852,0
CMC.US,5,20131113,192500,18.7700,18.7700,18.7600,18.7700,20500,0
CMC.US,5,20131113,193000,18.7600,18.8000,18.7600,18.7900,4153,0
CMC.US,5,20131113,193500,18.7900,18.8100,18.7900,18.8100,3120,0
CMC.US,5,20131113,194000,18.8100,18.8200,18.7900,18.8000,3124,0
CMC.US,5,20131113,194500,18.7800,18.7900,18.7800,18.7800,4173,0
CMC.US,5,20131113,195000,18.7700,18.8200,18.7700,18.8200,4800,0
CMC.US,5,20131113,195500,18.8100,18.8100,18.7800,18.7800,7300,0
CMC.US,5,20131113,200000,18.7800,18.7800,18.7700,18.7800,1500,0
CMC.US,5,20131113,200500,18.7700,18.8000,18.7700,18.7900,3642,0
CMC.US,5,20131113,201000,18.8000,18.8100,18.7900,18.8100,4177,0
CMC.US,5,20131113,201500,18.8100,18.8400,18.8100,18.8300,4093,0
CMC.US,5,20131113,202000,18.8200,18.8200,18.7900,18.7900,1200,0
CMC.US,5,20131113,202500,18.8000,18.8100,18.8000,18.8100,1600,0
CMC.US,5,20131113,203000,18.8100,18.8100,18.8000,18.8000,3664,0
CMC.US,5,20131113,203500,18.7900,18.8000,18.7900,18.8000,3170,0
CMC.US,5,20131113,204000,18.8000,18.8000,18.7700,18.7700,1600,0
CMC.US,5,20131113,204500,18.7700,18.7700,18.7600,18.7700,1241,0
CMC.US,5,20131113,205000,18.7600,18.7700,18.7600,18.7600,600,0
CMC.US,5,20131113,205500,18.7600,18.7600,18.7500,18.7600,3547,0
CMC.US,5,20131113,210000,18.7600,18.7700,18.7600,18.7600,2624,0
CMC.US,5,20131113,210500,18.7600,18.7600,18.7600,18.7600,600,0
CMC.US,5,20131113,211000,18.7600,18.7600,18.7200,18.7600,18873,0
CMC.US,5,20131113,211500,18.7600,18.7700,18.7600,18.7600,2203,0
CMC.US,5,20131113,212000,18.7700,18.7900,18.7700,18.7900,5400,0
CMC.US,5,20131113,212500,18.7900,18.7900,18.7600,18.7900,6521,0
CMC.US,5,20131113,213000,18.7900,18.7900,18.7600,18.7700,5972,0
CMC.US,5,20131113,213500,18.7800,18.7800,18.7600,18.7700,7090,0
CMC.US,5,20131113,214000,18.7800,18.8000,18.7700,18.8000,12790,0
CMC.US,5,20131113,214500,18.7900,18.8100,18.7900,18.7900,5669,0
CMC.US,5,20131113,215000,18.8000,18.8400,18.8000,18.8400,14544,0
CMC.US,5,20131113,215500,18.8400,18.8400,18.8300,18.8400,6202,0
CMC.US,5,20131113,220000,18.8400,18.8800,18.8400,18.8800,46106,0
CMC.US,5,20131113,220500,18.8700,18.8800,18.8700,18.8800,39596,0
CMC.US,5,20131114,153500,18.8900,18.9000,18.8300,18.8900,1695,0
CMC.US,5,20131114,154000,18.8800,18.8800,18.8100,18.8100,2400,0
CMC.US,5,20131114,154500,18.8000,18.8000,18.7500,18.7600,2591,0
CMC.US,5,20131114,155000,18.7400,18.7800,18.7200,18.7800,5098,0
CMC.US,5,20131114,155500,18.7600,18.7700,18.7500,18.7700,1700,0
CMC.US,5,20131114,160000,18.7800,18.8000,18.7700,18.7900,2300,0
CMC.US,5,20131114,160500,18.7700,18.7900,18.7300,18.7700,18093,0
CMC.US,5,20131114,161000,18.7800,18.7800,18.7400,18.7500,7864,0
CMC.US,5,20131114,161500,18.7600,18.8200,18.7600,18.8100,3700,0
CMC.US,5,20131114,162000,18.8100,18.8800,18.7500,18.8500,59668,0
CMC.US,5,20131114,162500,18.8600,18.9300,18.8600,18.8800,14479,0
CMC.US,5,20131114,163000,18.8700,18.8800,18.8300,18.8500,7400,0
CMC.US,5,20131114,163500,18.8500,18.8700,18.8400,18.8700,2800,0
CMC.US,5,20131114,164000,18.8900,18.8900,18.8800,18.8800,1000,0
CMC.US,5,20131114,164500,18.8800,18.9100,18.8800,18.9100,3515,0
CMC.US,5,20131114,165000,18.9100,18.9200,18.9100,18.9200,3500,0
CMC.US,5,20131114,165500,18.9200,18.9200,18.9000,18.9100,4055,0
CMC.US,5,20131114,170000,18.9100,18.9400,18.9000,18.9200,6239,0
CMC.US,5,20131114,170500,18.9200,18.9400,18.9000,18.9400,3329,0
CMC.US,5,20131114,171000,18.9300,18.9500,18.9200,18.9400,9868,0
CMC.US,5,20131114,171500,18.9400,18.9400,18.9300,18.9300,1701,0
CMC.US,5,20131114,172000,18.9400,18.9600,18.9400,18.9600,1400,0
CMC.US,5,20131114,172500,18.9600,19.0100,18.9600,18.9900,18801,0
CMC.US,5,20131114,173000,18.9900,18.9900,18.9700,18.9700,3703,0
CMC.US,5,20131114,173500,18.9700,18.9700,18.9300,18.9400,5600,0
CMC.US,5,20131114,174000,18.9300,18.9300,18.9000,18.9000,2399,0
CMC.US,5,20131114,174500,18.8900,18.8900,18.8700,18.8900,3718,0
CMC.US,5,20131114,175000,18.8900,18.8900,18.8900,18.8900,100,0
CMC.US,5,20131114,175500,18.9000,18.9200,18.8800,18.9100,34483,0
CMC.US,5,20131114,180000,18.9100,18.9100,18.9100,18.9100,2000,0
CMC.US,5,20131114,180500,18.9100,18.9100,18.8900,18.9000,12694,0
CMC.US,5,20131114,181000,18.9000,18.9100,18.8900,18.8900,2600,0
CMC.US,5,20131114,181500,18.8900,18.9000,18.8800,18.9000,2967,0
CMC.US,5,20131114,182000,18.9000,18.9000,18.8800,18.8800,3601,0
CMC.US,5,20131114,182500,18.8800,18.9000,18.8800,18.8900,2500,0
CMC.US,5,20131114,183000,18.8800,18.8800,18.8700,18.8700,3693,0
CMC.US,5,20131114,183500,18.8700,18.8900,18.8600,18.8800,2471,0
CMC.US,5,20131114,184000,18.8900,18.9000,18.8900,18.9000,700,0
CMC.US,5,20131114,184500,18.9100,18.9400,18.9100,18.9400,1800,0
CMC.US,5,20131114,185000,18.9400,18.9600,18.9300,18.9600,3800,0
CMC.US,5,20131114,185500,18.9600,18.9600,18.9500,18.9500,1726,0
CMC.US,5,20131114,190000,18.9400,18.9500,18.9400,18.9400,507,0
CMC.US,5,20131114,190500,18.9300,18.9900,18.9300,18.9900,2200,0
CMC.US,5,20131114,191000,18.9900,19.0000,18.9800,18.9900,3001,0
CMC.US,5,20131114,191500,18.9900,18.9900,18.9600,18.9600,1800,0
CMC.US,5,20131114,192000,18.9700,18.9900,18.9700,18.9900,1906,0
CMC.US,5,20131114,192500,18.9900,18.9900,18.9900,18.9900,500,0
CMC.US,5,20131114,193000,18.9800,19.0000,18.9800,19.0000,1282,0
CMC.US,5,20131114,193500,19.0000,19.0000,18.9900,19.0000,800,0
CMC.US,5,20131114,194000,19.0000,19.0000,18.9900,19.0000,1100,0
CMC.US,5,20131114,194500,19.0000,19.0300,19.0000,19.0200,12890,0
CMC.US,5,20131114,195000,19.0200,19.0300,19.0200,19.0300,3405,0
CMC.US,5,20131114,195500,19.0200,19.0300,19.0100,19.0200,1904,0
CMC.US,5,20131114,200000,19.0100,19.0400,19.0100,19.0400,5099,0
CMC.US,5,20131114,200500,19.0400,19.0400,19.0100,19.0200,3200,0
CMC.US,5,20131114,201000,19.0300,19.0400,19.0300,19.0300,1601,0
CMC.US,5,20131114,201500,19.0400,19.0400,19.0300,19.0300,800,0
CMC.US,5,20131114,202000,19.0300,19.0700,19.0300,19.0600,5709,0
CMC.US,5,20131114,202500,19.0700,19.0800,19.0600,19.0800,1850,0
CMC.US,5,20131114,203000,19.0800,19.0900,19.0800,19.0900,2760,0
CMC.US,5,20131114,203500,19.0900,19.0900,19.0600,19.0700,6104,0
CMC.US,5,20131114,204000,19.0600,19.0600,19.0500,19.0500,900,0
CMC.US,5,20131114,204500,19.0500,19.0600,19.0500,19.0600,4400,0
CMC.US,5,20131114,205000,19.0700,19.0800,19.0700,19.0700,3200,0
CMC.US,5,20131114,205500,19.0700,19.0700,19.0500,19.0600,2900,0
CMC.US,5,20131114,210000,19.0700,19.0700,19.0600,19.0700,2700,0
CMC.US,5,20131114,210500,19.0600,19.0700,19.0400,19.0700,6000,0
CMC.US,5,20131114,211000,19.0600,19.0700,19.0600,19.0700,1700,0
CMC.US,5,20131114,211500,19.0700,19.0900,19.0700,19.0800,5100,0
CMC.US,5,20131114,212000,19.0700,19.0800,19.0600,19.0800,4700,0
CMC.US,5,20131114,212500,19.0700,19.0700,19.0600,19.0700,3400,0
CMC.US,5,20131114,213000,19.0700,19.0700,19.0600,19.0700,1900,0
CMC.US,5,20131114,213500,19.0600,19.0700,19.0600,19.0600,4672,0
CMC.US,5,20131114,214000,19.0600,19.0700,19.0500,19.0500,6600,0
CMC.US,5,20131114,214500,19.0500,19.0600,19.0400,19.0600,4299,0
CMC.US,5,20131114,215000,19.0500,19.0500,19.0000,19.0000,14044,0
CMC.US,5,20131114,215500,19.0000,19.0100,18.9900,19.0000,10780,0
CMC.US,5,20131114,220000,19.0100,19.0200,18.9900,19.0000,42014,0
CMC.US,5,20131114,220500,19.0100,19.0100,19.0100,19.0100,72573,0
CMC.US,5,20131115,153500,19.0200,19.0800,19.0200,19.0700,1300,0
CMC.US,5,20131115,154000,19.0500,19.0900,19.0500,19.0800,3000,0
CMC.US,5,20131115,154500,19.0700,19.0800,19.0400,19.0700,3972,0
CMC.US,5,20131115,155000,19.0900,19.1200,19.0900,19.0900,5614,0
CMC.US,5,20131115,155500,19.0800,19.0800,19.0400,19.0800,3235,0
CMC.US,5,20131115,160000,19.0700,19.0900,19.0700,19.0700,2552,0
CMC.US,5,20131115,160500,19.0800,19.1100,19.0200,19.0200,6900,0
CMC.US,5,20131115,161000,19.0200,19.0400,19.0100,19.0100,11468,0
CMC.US,5,20131115,161500,19.0100,19.0600,19.0000,19.0200,39338,0
CMC.US,5,20131115,162000,19.0200,19.0200,18.9700,18.9900,4551,0
CMC.US,5,20131115,162500,18.9900,19.0300,18.9900,19.0200,4980,0
CMC.US,5,20131115,163000,19.0200,19.0400,19.0200,19.0400,4400,0
CMC.US,5,20131115,163500,19.0300,19.0400,19.0100,19.0200,1200,0
CMC.US,5,20131115,164000,19.0100,19.0200,19.0000,19.0000,3300,0
CMC.US,5,20131115,164500,19.0100,19.0600,19.0100,19.0600,4687,0
CMC.US,5,20131115,165000,19.0600,19.0800,19.0600,19.0800,2600,0
CMC.US,5,20131115,165500,19.0900,19.1400,19.0900,19.1400,6721,0
CMC.US,5,20131115,170000,19.1400,19.1400,19.1300,19.1400,2405,0
CMC.US,5,20131115,170500,19.1400,19.1500,19.1400,19.1400,2000,0
CMC.US,5,20131115,171000,19.1400,19.1800,19.1400,19.1700,4000,0
CMC.US,5,20131115,171500,19.1800,19.1800,19.1600,19.1600,900,0
CMC.US,5,20131115,172000,19.1600,19.1600,19.1400,19.1500,1800,0
CMC.US,5,20131115,172500,19.1500,19.1500,19.1400,19.1400,3000,0
CMC.US,5,20131115,173000,19.1400,19.1400,19.1400,19.1400,2300,0
CMC.US,5,20131115,173500,19.1300,19.1400,19.1200,19.1400,3500,0
CMC.US,5,20131115,174000,19.1300,19.1400,19.1200,19.1200,1345,0
CMC.US,5,20131115,174500,19.1200,19.1300,19.1100,19.1300,3200,0
CMC.US,5,20131115,175000,19.1200,19.1300,19.1200,19.1300,1524,0
CMC.US,5,20131115,175500,19.1400,19.1400,19.0900,19.0900,1749,0
CMC.US,5,20131115,180000,19.1000,19.1200,19.0800,19.1000,24897,0
CMC.US,5,20131115,180500,19.0900,19.0900,19.0700,19.0700,1700,0
CMC.US,5,20131115,181000,19.0500,19.0600,19.0500,19.0600,1606,0
CMC.US,5,20131115,181500,19.0500,19.0500,19.0500,19.0500,1100,0
CMC.US,5,20131115,182000,19.0500,19.0700,19.0500,19.0700,2000,0
CMC.US,5,20131115,182500,19.0600,19.0600,19.0500,19.0600,3600,0
CMC.US,5,20131115,183000,19.0600,19.0600,19.0600,19.0600,1000,0
CMC.US,5,20131115,183500,19.0500,19.0500,19.0500,19.0500,1800,0
CMC.US,5,20131115,184000,19.0500,19.0500,19.0300,19.0300,1900,0
CMC.US,5,20131115,184500,19.0200,19.0200,19.0100,19.0100,1300,0
CMC.US,5,20131115,185000,19.0200,19.0200,18.9900,19.0000,5035,0
CMC.US,5,20131115,185500,18.9900,19.0000,18.9800,18.9800,2200,0
CMC.US,5,20131115,190000,18.9800,18.9800,18.9600,18.9600,1679,0
CMC.US,5,20131115,190500,18.9700,18.9900,18.9700,18.9800,3054,0
CMC.US,5,20131115,191000,18.9800,18.9800,18.9800,18.9800,1700,0
CMC.US,5,20131115,191500,18.9800,18.9800,18.9800,18.9800,2200,0
CMC.US,5,20131115,192000,18.9800,18.9900,18.9800,18.9900,1299,0
CMC.US,5,20131115,192500,19.0000,19.0300,19.0000,19.0300,1100,0
CMC.US,5,20131115,193000,19.0300,19.0700,19.0300,19.0700,4604,0
CMC.US,5,20131115,193500,19.0700,19.0700,19.0700,19.0700,200,0
CMC.US,5,20131115,194000,19.0700,19.0700,19.0600,19.0600,1700,0
CMC.US,5,20131115,194500,19.0600,19.0900,19.0600,19.0900,4600,0
CMC.US,5,20131115,195000,19.0900,19.1000,19.0800,19.0900,3900,0
CMC.US,5,20131115,195500,19.0900,19.0900,19.0800,19.0800,1100,0
CMC.US,5,20131115,200000,19.0800,19.0900,19.0700,19.0800,2169,0
CMC.US,5,20131115,200500,19.0700,19.1000,19.0700,19.1000,1829,0
CMC.US,5,20131115,201000,19.1100,19.1100,19.0900,19.0900,4750,0
CMC.US,5,20131115,201500,19.0800,19.0900,19.0800,19.0900,500,0
CMC.US,5,20131115,202000,19.0800,19.0900,19.0800,19.0800,300,0
CMC.US,5,20131115,202500,19.0800,19.0800,19.0700,19.0700,500,0
CMC.US,5,20131115,203000,19.0700,19.1000,19.0700,19.1000,3200,0
CMC.US,5,20131115,203500,19.1000,19.1100,19.1000,19.1100,2299,0
CMC.US,5,20131115,204000,19.1000,19.1100,19.1000,19.1000,3100,0
CMC.US,5,20131115,204500,19.1100,19.1100,19.0900,19.1000,1200,0
CMC.US,5,20131115,205000,19.1000,19.1100,19.1000,19.1100,2758,0
CMC.US,5,20131115,205500,19.1100,19.1200,19.1100,19.1200,1500,0
CMC.US,5,20131115,210000,19.1200,19.1200,19.1100,19.1100,2310,0
CMC.US,5,20131115,210500,19.1200,19.1200,19.1100,19.1100,2420,0
CMC.US,5,20131115,211000,19.1100,19.1200,19.0900,19.1100,11889,0
CMC.US,5,20131115,211500,19.1100,19.1200,19.1100,19.1200,1606,0
CMC.US,5,20131115,212000,19.1100,19.1200,19.1100,19.1100,2250,0
CMC.US,5,20131115,212500,19.1100,19.1100,19.0900,19.0900,3510,0
CMC.US,5,20131115,213000,19.0900,19.1100,19.0800,19.1100,4200,0
CMC.US,5,20131115,213500,19.1100,19.1200,19.1100,19.1200,2232,0
CMC.US,5,20131115,214000,19.1200,19.1300,19.1100,19.1100,8313,0
CMC.US,5,20131115,214500,19.1100,19.1100,19.0800,19.0800,2421,0
CMC.US,5,20131115,215000,19.0800,19.0900,19.0700,19.0900,7825,0
CMC.US,5,20131115,215500,19.0900,19.1000,19.0800,19.1000,12300,0
CMC.US,5,20131115,220000,19.1000,19.1100,19.0900,19.1000,30052,0
CMC.US,5,20131115,220500,19.1100,19.1100,19.1100,19.1100,105480,0
CMC.US,5,20131118,153500,18.8300,18.8700,18.7900,18.8300,17212,0
CMC.US,5,20131118,154000,18.8200,18.8200,18.7700,18.7800,14742,0
CMC.US,5,20131118,154500,18.7900,18.8500,18.7800,18.8500,19032,0
CMC.US,5,20131118,155000,18.8400,18.9200,18.8100,18.9100,26239,0
CMC.US,5,20131118,155500,18.9100,18.9300,18.9000,18.9200,7588,0
CMC.US,5,20131118,160000,18.9000,18.9300,18.8700,18.9300,11800,0
CMC.US,5,20131118,160500,18.9300,18.9600,18.9200,18.9400,9704,0
CMC.US,5,20131118,161000,18.9500,18.9900,18.9200,18.9900,9600,0
CMC.US,5,20131118,161500,19.0000,19.0100,18.9500,19.0100,10399,0
CMC.US,5,20131118,162000,19.0100,19.0100,18.9900,19.0000,5177,0
CMC.US,5,20131118,162500,19.0100,19.0300,19.0000,19.0000,4500,0
CMC.US,5,20131118,163000,19.0000,19.0200,19.0000,19.0200,2150,0
CMC.US,5,20131118,163500,19.0100,19.0200,19.0100,19.0200,600,0
CMC.US,5,20131118,164000,19.0200,19.0400,19.0100,19.0200,3983,0
CMC.US,5,20131118,164500,19.0300,19.0400,19.0300,19.0300,3200,0
CMC.US,5,20131118,165000,19.0400,19.0800,19.0400,19.0800,5364,0
CMC.US,5,20131118,165500,19.0800,19.0900,19.0700,19.0900,7075,0
CMC.US,5,20131118,170000,19.0900,19.1000,19.0800,19.0800,2400,0
CMC.US,5,20131118,170500,19.0900,19.1200,19.0900,19.1100,10465,0
CMC.US,5,20131118,171000,19.1200,19.1300,19.1100,19.1100,5366,0
CMC.US,5,20131118,171500,19.1100,19.1100,19.1000,19.1000,3347,0
CMC.US,5,20131118,172000,19.1000,19.1200,19.1000,19.1100,7011,0
CMC.US,5,20131118,172500,19.1100,19.1300,19.1100,19.1200,7939,0
CMC.US,5,20131118,173000,19.1200,19.1500,19.1200,19.1400,7251,0
CMC.US,5,20131118,173500,19.1300,19.1500,19.1000,19.1000,7270,0
CMC.US,5,20131118,174000,19.1000,19.1100,19.0900,19.0900,3100,0
CMC.US,5,20131118,174500,19.0800,19.0800,19.0600,19.0600,1600,0
CMC.US,5,20131118,175000,19.0500,19.0600,19.0500,19.0500,2610,0
CMC.US,5,20131118,175500,19.0500,19.0500,19.0300,19.0300,4000,0
CMC.US,5,20131118,180000,19.0300,19.0300,19.0200,19.0200,800,0
CMC.US,5,20131118,180500,19.0200,19.0300,19.0200,19.0300,3745,0
CMC.US,5,20131118,181000,19.0300,19.0400,19.0300,19.0300,1400,0
CMC.US,5,20131118,181500,19.0300,19.0300,19.0100,19.0300,2900,0
CMC.US,5,20131118,182000,19.0300,19.0300,19.0200,19.0200,200,0
CMC.US,5,20131118,182500,19.0300,19.0300,19.0200,19.0200,500,0
CMC.US,5,20131118,183000,19.0200,19.0200,18.9800,18.9900,15636,0
CMC.US,5,20131118,183500,18.9800,18.9900,18.9800,18.9900,2700,0
CMC.US,5,20131118,184000,19.0000,19.0000,18.9500,18.9500,4231,0
CMC.US,5,20131118,184500,18.9500,18.9500,18.9300,18.9300,4883,0
CMC.US,5,20131118,185000,18.9300,18.9500,18.9300,18.9500,3252,0
CMC.US,5,20131118,185500,18.9500,18.9600,18.9500,18.9500,873,0
CMC.US,5,20131118,190000,18.9500,19.0000,18.9500,19.0000,6601,0
CMC.US,5,20131118,190500,19.0000,19.0000,18.9800,18.9800,1677,0
CMC.US,5,20131118,191000,18.9800,19.0100,18.9800,19.0000,3600,0
CMC.US,5,20131118,191500,19.0100,19.0400,19.0100,19.0400,2600,0
CMC.US,5,20131118,192000,19.0200,19.0300,19.0200,19.0300,3900,0
CMC.US,5,20131118,192500,19.0300,19.0700,19.0300,19.0700,4631,0
CMC.US,5,20131118,193000,19.0700,19.0800,19.0600,19.0800,2049,0
CMC.US,5,20131118,193500,19.0800,19.0800,19.0800,19.0800,1300,0
CMC.US,5,20131118,194000,19.0800,19.1000,19.0800,19.1000,1300,0
CMC.US,5,20131118,194500,19.1000,19.1000,19.0900,19.0900,1699,0
CMC.US,5,20131118,195000,19.0800,19.0900,19.0800,19.0900,2200,0
CMC.US,5,20131118,200000,19.0900,19.1000,19.0900,19.1000,2700,0
CMC.US,5,20131118,200500,19.1100,19.1300,19.1100,19.1200,2583,0
CMC.US,5,20131118,201000,19.1200,19.1200,19.1000,19.1000,3500,0
CMC.US,5,20131118,201500,19.1100,19.1100,19.1000,19.1100,2700,0
CMC.US,5,20131118,202000,19.1100,19.1400,19.1100,19.1400,1800,0
CMC.US,5,20131118,202500,19.1400,19.1600,19.1400,19.1500,5401,0
CMC.US,5,20131118,203000,19.1500,19.1700,19.1400,19.1500,2700,0
CMC.US,5,20131118,203500,19.1500,19.1500,19.1200,19.1200,6589,0
CMC.US,5,20131118,204000,19.1200,19.1400,19.1100,19.1400,5211,0
CMC.US,5,20131118,204500,19.1400,19.1400,19.1000,19.1000,3233,0
CMC.US,5,20131118,205000,19.0900,19.1000,19.0800,19.0800,2906,0
CMC.US,5,20131118,205500,19.0800,19.0800,19.0700,19.0700,1898,0
CMC.US,5,20131118,210000,19.0700,19.0800,19.0600,19.0700,3276,0
CMC.US,5,20131118,210500,19.0600,19.0600,19.0400,19.0400,3112,0
CMC.US,5,20131118,211000,19.0400,19.0700,19.0400,19.0600,4408,0
CMC.US,5,20131118,211500,19.0500,19.0500,19.0000,19.0000,13000,0
CMC.US,5,20131118,212000,19.0000,19.0100,18.9800,19.0100,8899,0
CMC.US,5,20131118,212500,19.0000,19.0100,18.9700,18.9700,7363,0
CMC.US,5,20131118,213000,18.9600,18.9800,18.9400,18.9600,16450,0
CMC.US,5,20131118,213500,18.9600,18.9600,18.9300,18.9400,17844,0
CMC.US,5,20131118,214000,18.9400,18.9400,18.9300,18.9400,7383,0
CMC.US,5,20131118,214500,18.9400,18.9800,18.9200,18.9800,17333,0
CMC.US,5,20131118,215000,18.9800,19.0100,18.9800,19.0100,8700,0
CMC.US,5,20131118,215500,19.0100,19.0100,18.9800,19.0000,61753,0
CMC.US,5,20131118,220000,19.0000,19.0200,18.9800,19.0200,62707,0
CMC.US,5,20131118,220500,19.0100,19.0100,19.0100,19.0100,36389,0
CMC.US,5,20131119,153500,18.9900,18.9900,18.9000,18.9800,800,0
CMC.US,5,20131119,154000,18.9800,19.1100,18.9700,19.0900,7000,0
CMC.US,5,20131119,154500,19.0900,19.0900,19.0400,19.0500,3400,0
CMC.US,5,20131119,155000,19.0400,19.0500,19.0000,19.0500,4372,0
CMC.US,5,20131119,155500,19.0500,19.1900,19.0500,19.1900,4400,0
CMC.US,5,20131119,160000,19.1600,19.1900,19.1200,19.1200,6008,0
CMC.US,5,20131119,160500,19.1100,19.1900,19.1100,19.1800,7017,0
CMC.US,5,20131119,161000,19.1800,19.2300,19.1800,19.1900,9843,0
CMC.US,5,20131119,161500,19.2000,19.2000,19.1400,19.1700,6997,0
CMC.US,5,20131119,162000,19.1800,19.2100,19.1800,19.1900,7400,0
CMC.US,5,20131119,162500,19.2000,19.2300,19.1900,19.2300,3474,0
CMC.US,5,20131119,163000,19.2300,19.2300,19.2100,19.2200,6900,0
CMC.US,5,20131119,163500,19.2200,19.2500,19.2200,19.2500,4801,0
CMC.US,5,20131119,164000,19.2400,19.3300,19.2400,19.3100,20278,0
CMC.US,5,20131119,164500,19.3100,19.3300,19.2900,19.3000,12326,0
CMC.US,5,20131119,165000,19.3000,19.3400,19.3000,19.3200,11862,0
CMC.US,5,20131119,165500,19.3300,19.3500,19.3200,19.3500,3850,0
CMC.US,5,20131119,170000,19.3500,19.3800,19.3400,19.3700,9001,0
CMC.US,5,20131119,170500,19.3700,19.3900,19.3200,19.3200,9792,0
CMC.US,5,20131119,171000,19.3200,19.3500,19.3200,19.3300,8900,0
CMC.US,5,20131119,171500,19.3200,19.3200,19.2800,19.2800,5700,0
CMC.US,5,20131119,172000,19.2700,19.2800,19.2500,19.2800,4711,0
CMC.US,5,20131119,172500,19.2700,19.2700,19.2300,19.2300,3701,0
CMC.US,5,20131119,173000,19.2300,19.2300,19.1900,19.1900,3585,0
CMC.US,5,20131119,173500,19.1900,19.1900,19.1800,19.1800,4000,0
CMC.US,5,20131119,174000,19.1800,19.1800,19.1600,19.1600,4200,0
CMC.US,5,20131119,174500,19.1600,19.1600,19.1000,19.1200,4599,0
CMC.US,5,20131119,175000,19.1100,19.1300,19.0900,19.0900,24102,0
CMC.US,5,20131119,175500,19.0900,19.1100,19.0800,19.1000,2500,0
CMC.US,5,20131119,180000,19.1100,19.1200,19.1100,19.1100,11692,0
CMC.US,5,20131119,180500,19.1100,19.1200,19.1000,19.1200,2800,0
CMC.US,5,20131119,181000,19.1200,19.1500,19.1200,19.1400,4796,0
CMC.US,5,20131119,181500,19.1400,19.1400,19.1300,19.1400,3800,0
CMC.US,5,20131119,182000,19.1300,19.1400,19.1000,19.1100,4130,0
CMC.US,5,20131119,182500,19.1000,19.1400,19.1000,19.1400,2499,0
CMC.US,5,20131119,183000,19.1400,19.1600,19.1400,19.1600,2000,0
CMC.US,5,20131119,183500,19.1500,19.1700,19.1500,19.1700,2109,0
CMC.US,5,20131119,184000,19.1700,19.1700,19.1300,19.1400,3300,0
CMC.US,5,20131119,184500,19.1400,19.1400,19.1100,19.1200,2288,0
CMC.US,5,20131119,185000,19.1200,19.1200,19.1200,19.1200,100,0
CMC.US,5,20131119,185500,19.1300,19.1400,19.1300,19.1400,1300,0
CMC.US,5,20131119,190000,19.1300,19.1300,19.1000,19.1000,3200,0
CMC.US,5,20131119,190500,19.1000,19.1200,19.0900,19.1100,4067,0
CMC.US,5,20131119,191000,19.1100,19.1100,19.0800,19.1000,5173,0
CMC.US,5,20131119,191500,19.1000,19.1100,19.0900,19.0900,1400,0
CMC.US,5,20131119,192000,19.0800,19.0800,19.0800,19.0800,2300,0
CMC.US,5,20131119,192500,19.0700,19.0700,19.0200,19.0200,2631,0
CMC.US,5,20131119,193000,19.0200,19.0300,19.0000,19.0000,4635,0
CMC.US,5,20131119,193500,18.9900,19.0300,18.9700,19.0300,7475,0
CMC.US,5,20131119,194000,19.0300,19.0300,19.0000,19.0200,4403,0
CMC.US,5,20131119,194500,19.0100,19.0300,19.0100,19.0300,2400,0
CMC.US,5,20131119,195000,19.0300,19.0300,18.9900,18.9900,3552,0
CMC.US,5,20131119,195500,18.9800,18.9800,18.9200,18.9600,13591,0
CMC.US,5,20131119,200000,18.9500,18.9800,18.9500,18.9600,1700,0
CMC.US,5,20131119,200500,18.9600,19.0200,18.9500,19.0000,9382,0
CMC.US,5,20131119,201000,18.9900,19.0500,18.9900,19.0100,9372,0
CMC.US,5,20131119,201500,19.0000,19.0200,19.0000,19.0200,3800,0
CMC.US,5,20131119,202000,19.0200,19.0400,19.0200,19.0300,3700,0
CMC.US,5,20131119,202500,19.0300,19.0300,19.0100,19.0100,3200,0
CMC.US,5,20131119,203000,18.9900,19.0100,18.9700,18.9800,3101,0
CMC.US,5,20131119,203500,18.9800,19.0300,18.9800,19.0300,3500,0
CMC.US,5,20131119,204000,19.0600,19.0900,19.0400,19.0900,6200,0
CMC.US,5,20131119,204500,19.0900,19.0900,19.0600,19.0600,3731,0
CMC.US,5,20131119,205000,19.0700,19.0700,19.0600,19.0600,1600,0
CMC.US,5,20131119,205500,19.0500,19.0500,19.0400,19.0400,1294,0
CMC.US,5,20131119,210000,19.0400,19.0400,19.0300,19.0300,3400,0
CMC.US,5,20131119,210500,19.0300,19.0600,19.0200,19.0300,4450,0
CMC.US,5,20131119,211000,19.0300,19.0600,19.0300,19.0600,3700,0
CMC.US,5,20131119,211500,19.0500,19.0600,19.0400,19.0500,2871,0
CMC.US,5,20131119,212000,19.0600,19.1000,19.0600,19.0900,11850,0
CMC.US,5,20131119,212500,19.0900,19.0900,19.0400,19.0400,5392,0
CMC.US,5,20131119,213000,19.0400,19.0400,19.0100,19.0100,4835,0
CMC.US,5,20131119,213500,19.0300,19.0400,19.0000,19.0000,4892,0
CMC.US,5,20131119,214000,19.0100,19.0200,18.9900,19.0000,4659,0
CMC.US,5,20131119,214500,18.9900,19.0000,18.9800,19.0000,8117,0
CMC.US,5,20131119,215000,18.9900,19.0000,18.9600,18.9700,20964,0
CMC.US,5,20131119,215500,18.9700,19.0000,18.9700,18.9800,27836,0
CMC.US,5,20131119,220000,18.9700,19.0000,18.9700,19.0000,28790,0
CMC.US,5,20131119,220500,19.0000,19.0000,19.0000,19.0000,64788,0
CMC.US,5,20131120,153500,19.1400,19.1800,19.1200,19.1800,1224,0
CMC.US,5,20131120,154000,19.1800,19.1900,19.1100,19.1600,4799,0
CMC.US,5,20131120,154500,19.1200,19.1200,19.0400,19.0600,3463,0
CMC.US,5,20131120,155000,19.0600,19.0600,18.9900,19.0100,14329,0
CMC.US,5,20131120,155500,19.0200,19.0200,18.9900,18.9900,4213,0
CMC.US,5,20131120,160000,18.9800,19.0300,18.9600,19.0300,15069,0
CMC.US,5,20131120,160500,19.0400,19.0400,18.9800,19.0200,6864,0
CMC.US,5,20131120,161000,19.0300,19.0700,19.0300,19.0500,3364,0
CMC.US,5,20131120,161500,19.0500,19.1000,19.0500,19.1000,2700,0
CMC.US,5,20131120,162000,19.1000,19.1100,19.0700,19.0800,3114,0
CMC.US,5,20131120,162500,19.0800,19.1600,19.0800,19.1300,29922,0
CMC.US,5,20131120,163000,19.1300,19.1400,19.0800,19.1100,4686,0
CMC.US,5,20131120,163500,19.1300,19.1300,19.0800,19.0800,5101,0
CMC.US,5,20131120,164000,19.0700,19.0800,19.0400,19.0800,5865,0
CMC.US,5,20131120,164500,19.0700,19.0800,19.0400,19.0500,5100,0
CMC.US,5,20131120,165000,19.0400,19.1100,19.0400,19.1100,4393,0
CMC.US,5,20131120,165500,19.1000,19.1300,19.0900,19.1300,12714,0
CMC.US,5,20131120,170000,19.1400,19.1600,19.1400,19.1600,12000,0
CMC.US,5,20131120,170500,19.1600,19.1600,19.1400,19.1500,64799,0
CMC.US,5,20131120,171000,19.1500,19.1900,19.1500,19.1900,19200,0
CMC.US,5,20131120,171500,19.1800,19.1900,19.1700,19.1700,3900,0
CMC.US,5,20131120,172000,19.1700,19.1700,19.1600,19.1600,1000,0
CMC.US,5,20131120,172500,19.1600,19.1700,19.1600,19.1600,2602,0
CMC.US,5,20131120,173000,19.1700,19.1800,19.1700,19.1700,8100,0
CMC.US,5,20131120,173500,19.1700,19.1800,19.1700,19.1800,2600,0
CMC.US,5,20131120,174000,19.1900,19.2000,19.1800,19.1800,4600,0
CMC.US,5,20131120,174500,19.1800,19.1800,19.1800,19.1800,1800,0
CMC.US,5,20131120,175000,19.1700,19.2000,19.1700,19.2000,4000,0
CMC.US,5,20131120,175500,19.2000,19.2000,19.2000,19.2000,1000,0
CMC.US,5,20131120,180000,19.2000,19.2100,19.1900,19.2100,9875,0
CMC.US,5,20131120,180500,19.2100,19.2400,19.2100,19.2200,3600,0
CMC.US,5,20131120,181000,19.2200,19.2400,19.2200,19.2300,7940,0
CMC.US,5,20131120,181500,19.2300,19.2400,19.2300,19.2400,28566,0
CMC.US,5,20131120,182000,19.2300,19.2400,19.2300,19.2400,2688,0
CMC.US,5,20131120,182500,19.2400,19.2600,19.2400,19.2400,14724,0
CMC.US,5,20131120,183000,19.2500,19.2500,19.2400,19.2400,1300,0
CMC.US,5,20131120,183500,19.2500,19.2500,19.2400,19.2400,2600,0
CMC.US,5,20131120,184000,19.2500,19.2700,19.2500,19.2600,2465,0
CMC.US,5,20131120,184500,19.2600,19.2900,19.2600,19.2700,46285,0
CMC.US,5,20131120,185000,19.2700,19.2800,19.2700,19.2700,14100,0
CMC.US,5,20131120,185500,19.2600,19.2700,19.2400,19.2500,8809,0
CMC.US,5,20131120,190000,19.2500,19.2500,19.2300,19.2500,10700,0
CMC.US,5,20131120,190500,19.2500,19.2600,19.2400,19.2400,13800,0
CMC.US,5,20131120,191000,19.2500,19.2500,19.2200,19.2200,15643,0
CMC.US,5,20131120,191500,19.2100,19.2100,19.1900,19.1900,4800,0
CMC.US,5,20131120,192000,19.1900,19.1900,19.1700,19.1800,8600,0
CMC.US,5,20131120,192500,19.1800,19.2100,19.1800,19.2000,21507,0
CMC.US,5,20131120,193000,19.1900,19.1900,19.1900,19.1900,300,0
CMC.US,5,20131120,193500,19.1900,19.2000,19.1800,19.1800,2800,0
CMC.US,5,20131120,194000,19.1800,19.1800,19.1700,19.1800,1500,0
CMC.US,5,20131120,194500,19.1800,19.1800,19.1600,19.1600,1900,0
CMC.US,5,20131120,195000,19.1700,19.2000,19.1700,19.2000,2500,0
CMC.US,5,20131120,195500,19.1900,19.2000,19.1900,19.2000,2600,0
CMC.US,5,20131120,200000,19.2000,19.2000,19.1900,19.1900,1100,0
CMC.US,5,20131120,200500,19.1900,19.2000,19.1200,19.1800,9273,0
CMC.US,5,20131120,201000,19.1800,19.1800,19.1000,19.1100,7900,0
CMC.US,5,20131120,201500,19.1100,19.1200,19.0000,19.0100,35400,0
CMC.US,5,20131120,202000,19.0000,19.0700,18.9900,19.0700,9396,0
CMC.US,5,20131120,202500,19.0600,19.0700,19.0200,19.0600,11800,0
CMC.US,5,20131120,203000,19.0600,19.0700,19.0300,19.0500,8700,0
CMC.US,5,20131120,203500,19.0400,19.0500,19.0100,19.0100,5700,0
CMC.US,5,20131120,204000,19.0200,19.0200,18.9400,18.9500,17950,0
CMC.US,5,20131120,204500,18.9400,18.9600,18.9300,18.9500,13700,0
CMC.US,5,20131120,205000,18.9600,18.9900,18.9400,18.9800,14761,0
CMC.US,5,20131120,205500,18.9800,18.9900,18.9300,18.9500,11455,0
CMC.US,5,20131120,210000,18.9500,18.9700,18.9400,18.9700,9391,0
CMC.US,5,20131120,210500,18.9700,18.9700,18.8900,18.8900,51801,0
CMC.US,5,20131120,211000,18.8900,18.9200,18.8400,18.8500,20902,0
CMC.US,5,20131120,211500,18.8500,18.8700,18.8400,18.8400,20347,0
CMC.US,5,20131120,212000,18.8400,18.8400,18.7800,18.7800,36542,0
CMC.US,5,20131120,212500,18.7900,18.8200,18.7800,18.7900,33540,0
CMC.US,5,20131120,213000,18.7900,18.8000,18.7800,18.7800,18685,0
CMC.US,5,20131120,213500,18.7800,18.7900,18.7300,18.7400,38208,0
CMC.US,5,20131120,214000,18.7500,18.7600,18.7400,18.7500,21430,0
CMC.US,5,20131120,214500,18.7500,18.7800,18.7500,18.7500,30728,0
CMC.US,5,20131120,215000,18.7500,18.7700,18.7000,18.7100,72595,0
CMC.US,5,20131120,215500,18.7100,18.7400,18.7100,18.7400,55259,0
CMC.US,5,20131120,220000,18.7400,18.7700,18.7200,18.7600,84206,0
CMC.US,5,20131120,220500,18.7600,18.7600,18.7600,18.7600,35117,0
CMC.US,5,20131121,153500,18.9100,18.9800,18.9100,18.9800,900,0
CMC.US,5,20131121,154000,18.9700,19.0000,18.9400,18.9500,5787,0
CMC.US,5,20131121,154500,18.9400,18.9400,18.8600,18.9100,9498,0
CMC.US,5,20131121,155000,18.8900,18.9000,18.8600,18.8900,6656,0
CMC.US,5,20131121,155500,18.8700,18.8800,18.8600,18.8700,8938,0
CMC.US,5,20131121,160000,18.8500,18.9400,18.8500,18.9300,7200,0
CMC.US,5,20131121,160500,18.9400,19.0100,18.9400,18.9700,13218,0
CMC.US,5,20131121,161000,18.9800,19.0100,18.8800,18.9000,25842,0
CMC.US,5,20131121,161500,18.9100,18.9300,18.8600,18.8900,16219,0
CMC.US,5,20131121,162000,18.9000,18.9200,18.8900,18.9000,12796,0
CMC.US,5,20131121,162500,18.9100,18.9500,18.9100,18.9200,15380,0
CMC.US,5,20131121,163000,18.9300,18.9400,18.9200,18.9200,9216,0
CMC.US,5,20131121,163500,18.9200,18.9600,18.9200,18.9600,27115,0
CMC.US,5,20131121,164000,18.9600,18.9900,18.9500,18.9500,21134,0
CMC.US,5,20131121,164500,18.9600,19.0700,18.9600,19.0300,18664,0
CMC.US,5,20131121,165000,19.0300,19.0900,19.0200,19.0900,7400,0
CMC.US,5,20131121,165500,19.1000,19.1100,19.0800,19.0900,29000,0
CMC.US,5,20131121,170000,19.0800,19.0900,19.0700,19.0900,8300,0
CMC.US,5,20131121,170500,19.0600,19.1000,19.0600,19.1000,8700,0
CMC.US,5,20131121,171000,19.1000,19.1000,19.0600,19.0800,10463,0
CMC.US,5,20131121,171500,19.0800,19.1000,19.0800,19.0900,9966,0
CMC.US,5,20131121,172000,19.0900,19.1100,19.0900,19.1100,6974,0
CMC.US,5,20131121,172500,19.1100,19.1400,19.1100,19.1400,4791,0
CMC.US,5,20131121,173000,19.1300,19.1500,19.1000,19.1100,35278,0
CMC.US,5,20131121,173500,19.1200,19.1200,19.0900,19.0900,17300,0
CMC.US,5,20131121,174000,19.0900,19.0900,19.0600,19.0600,8674,0
CMC.US,5,20131121,174500,19.0600,19.0700,19.0600,19.0700,4568,0
CMC.US,5,20131121,175000,19.0700,19.1000,19.0500,19.0900,6285,0
CMC.US,5,20131121,175500,19.1000,19.1100,19.1000,19.1100,2914,0
CMC.US,5,20131121,180000,19.1200,19.1300,19.1200,19.1300,1600,0
CMC.US,5,20131121,180500,19.1300,19.1400,19.1200,19.1200,9004,0
CMC.US,5,20131121,181000,19.1200,19.1200,19.1100,19.1200,4383,0
CMC.US,5,20131121,181500,19.1200,19.1300,19.1200,19.1200,4706,0
CMC.US,5,20131121,182000,19.1200,19.1500,19.1200,19.1500,8864,0
CMC.US,5,20131121,182500,19.1400,19.1500,19.1400,19.1500,600,0
CMC.US,5,20131121,183000,19.1400,19.1500,19.1400,19.1500,2747,0
CMC.US,5,20131121,183500,19.1500,19.1600,19.1400,19.1400,3006,0
CMC.US,5,20131121,184000,19.1500,19.1500,19.1400,19.1500,6100,0
CMC.US,5,20131121,184500,19.1500,19.1700,19.1500,19.1700,13089,0
CMC.US,5,20131121,185000,19.1700,19.1700,19.1500,19.1500,4466,0
CMC.US,5,20131121,185500,19.1400,19.1700,19.1400,19.1700,3728,0
CMC.US,5,20131121,190000,19.1600,19.1600,19.1400,19.1600,3800,0
CMC.US,5,20131121,190500,19.1600,19.1900,19.1600,19.1800,3288,0
CMC.US,5,20131121,191000,19.1800,19.1800,19.1700,19.1700,3277,0
CMC.US,5,20131121,191500,19.1700,19.1800,19.1700,19.1700,3600,0
CMC.US,5,20131121,192000,19.1600,19.1800,19.1600,19.1700,6782,0
CMC.US,5,20131121,192500,19.1800,19.2000,19.1800,19.1900,7617,0
CMC.US,5,20131121,193000,19.1800,19.1900,19.1800,19.1900,5682,0
CMC.US,5,20131121,193500,19.1900,19.2000,19.1800,19.1800,8479,0
CMC.US,5,20131121,194000,19.1900,19.1900,19.1800,19.1900,3100,0
CMC.US,5,20131121,194500,19.1900,19.2200,19.1900,19.2200,4711,0
CMC.US,5,20131121,195000,19.2300,19.2500,19.2300,19.2500,2000,0
CMC.US,5,20131121,195500,19.2500,19.2600,19.2400,19.2500,5417,0
CMC.US,5,20131121,200000,19.2600,19.2600,19.2500,19.2500,1962,0
CMC.US,5,20131121,200500,19.2600,19.2600,19.2500,19.2600,600,0
CMC.US,5,20131121,201000,19.2500,19.2600,19.2500,19.2600,2338,0
CMC.US,5,20131121,201500,19.2600,19.2700,19.2600,19.2700,2936,0
CMC.US,5,20131121,202000,19.2700,19.2900,19.2600,19.2900,5346,0
CMC.US,5,20131121,202500,19.2900,19.3000,19.2900,19.2900,9209,0
CMC.US,5,20131121,203000,19.2900,19.3000,19.2900,19.3000,2500,0
CMC.US,5,20131121,203500,19.2900,19.3000,19.2600,19.2700,11433,0
CMC.US,5,20131121,204000,19.2700,19.2800,19.2600,19.2600,6500,0
CMC.US,5,20131121,204500,19.2600,19.3000,19.2600,19.2900,8035,0
CMC.US,5,20131121,205000,19.2900,19.2900,19.2700,19.2800,4200,0
CMC.US,5,20131121,205500,19.2800,19.2900,19.2700,19.2900,8631,0
CMC.US,5,20131121,210000,19.2900,19.2900,19.2700,19.2800,20119,0
CMC.US,5,20131121,210500,19.2700,19.3000,19.2700,19.3000,13231,0
CMC.US,5,20131121,211000,19.3000,19.3100,19.2900,19.3000,8329,0
CMC.US,5,20131121,211500,19.3100,19.3100,19.3000,19.3100,2164,0
CMC.US,5,20131121,212000,19.3100,19.3400,19.3000,19.3400,7718,0
CMC.US,5,20131121,212500,19.3400,19.3400,19.3300,19.3400,4200,0
CMC.US,5,20131121,213000,19.3400,19.3500,19.3200,19.3500,12388,0
CMC.US,5,20131121,213500,19.3400,19.3500,19.3300,19.3400,7200,0
CMC.US,5,20131121,214000,19.3300,19.3400,19.3300,19.3400,3333,0
CMC.US,5,20131121,214500,19.3300,19.3400,19.3200,19.3400,11600,0
CMC.US,5,20131121,215000,19.3300,19.3300,19.3000,19.3100,24340,0
CMC.US,5,20131121,215500,19.3100,19.3100,19.2700,19.2800,18301,0
CMC.US,5,20131121,220000,19.2700,19.3400,19.2600,19.3300,98998,0
CMC.US,5,20131121,220500,19.3200,19.3200,19.3200,19.3200,206658,0
CMC.US,5,20131122,153500,19.2000,19.2300,19.0000,19.1100,8250,0
CMC.US,5,20131122,154000,19.1200,19.1200,19.0000,19.0500,2700,0
CMC.US,5,20131122,154500,19.0500,19.0900,19.0500,19.0600,10500,0
CMC.US,5,20131122,155000,19.0700,19.0900,19.0500,19.0900,10993,0
CMC.US,5,20131122,155500,19.0800,19.1100,19.0600,19.0700,11390,0
CMC.US,5,20131122,160000,19.0700,19.1400,19.0600,19.1400,24828,0
CMC.US,5,20131122,160500,19.1400,19.1900,19.1300,19.1900,13332,0
CMC.US,5,20131122,161000,19.2100,19.2300,19.2100,19.2200,7477,0
CMC.US,5,20131122,161500,19.2200,19.2800,19.2000,19.2700,13276,0
CMC.US,5,20131122,162000,19.2600,19.2700,19.2600,19.2700,4100,0
CMC.US,5,20131122,162500,19.2700,19.2700,19.2300,19.2500,10100,0
CMC.US,5,20131122,163000,19.2600,19.2700,19.2500,19.2500,7397,0
CMC.US,5,20131122,163500,19.2500,19.2500,19.2200,19.2300,26900,0
CMC.US,5,20131122,164000,19.2200,19.2800,19.2200,19.2800,14700,0
CMC.US,5,20131122,164500,19.2700,19.2700,19.2300,19.2500,8101,0
CMC.US,5,20131122,165000,19.2500,19.2500,19.2100,19.2300,3500,0
CMC.US,5,20131122,165500,19.2200,19.2200,19.2000,19.2000,1900,0
CMC.US,5,20131122,170000,19.2000,19.2000,19.1700,19.1700,7700,0
CMC.US,5,20131122,170500,19.1800,19.2000,19.1700,19.2000,6700,0
CMC.US,5,20131122,171000,19.2000,19.2000,19.1800,19.1800,5600,0
CMC.US,5,20131122,171500,19.1700,19.1700,19.1400,19.1600,7677,0
CMC.US,5,20131122,172000,19.1600,19.1700,19.1600,19.1600,8021,0
CMC.US,5,20131122,172500,19.1700,19.1800,19.1600,19.1700,6707,0
CMC.US,5,20131122,173000,19.1600,19.1700,19.1600,19.1700,3300,0
CMC.US,5,20131122,173500,19.1700,19.1700,19.1600,19.1700,9300,0
CMC.US,5,20131122,174000,19.1700,19.1700,19.1500,19.1500,1260,0
CMC.US,5,20131122,174500,19.1400,19.1700,19.1300,19.1700,7033,0
CMC.US,5,20131122,175000,19.1800,19.1900,19.1600,19.1600,6000,0
CMC.US,5,20131122,175500,19.1600,19.1800,19.1600,19.1800,7721,0
CMC.US,5,20131122,180000,19.1900,19.2400,19.1900,19.2200,10235,0
CMC.US,5,20131122,180500,19.2200,19.2300,19.2100,19.2200,2100,0
CMC.US,5,20131122,181000,19.2200,19.2300,19.2100,19.2200,5900,0
CMC.US,5,20131122,181500,19.2300,19.2500,19.2200,19.2200,8000,0
CMC.US,5,20131122,182000,19.2100,19.2300,19.2100,19.2200,3800,0
CMC.US,5,20131122,182500,19.2200,19.2400,19.2200,19.2200,3800,0
CMC.US,5,20131122,183000,19.2300,19.2300,19.2100,19.2100,3797,0
CMC.US,5,20131122,183500,19.2100,19.2100,19.1900,19.2100,9904,0
CMC.US,5,20131122,184000,19.2200,19.2200,19.1900,19.1900,3600,0
CMC.US,5,20131122,184500,19.1900,19.2000,19.1800,19.1800,5800,0
CMC.US,5,20131122,185000,19.1900,19.2000,19.1900,19.1900,3800,0
CMC.US,5,20131122,185500,19.1800,19.1900,19.1700,19.1700,5353,0
CMC.US,5,20131122,190000,19.1700,19.1800,19.1500,19.1600,5736,0
CMC.US,5,20131122,190500,19.1700,19.1700,19.1700,19.1700,4860,0
CMC.US,5,20131122,191000,19.1600,19.1600,19.1400,19.1500,48900,0
CMC.US,5,20131122,191500,19.1600,19.1700,19.1600,19.1700,23300,0
CMC.US,5,20131122,192000,19.1700,19.1700,19.1600,19.1600,34904,0
CMC.US,5,20131122,192500,19.1600,19.1600,19.1200,19.1200,3600,0
CMC.US,5,20131122,193000,19.1200,19.1500,19.1200,19.1500,12024,0
CMC.US,5,20131122,193500,19.1400,19.1600,19.1400,19.1500,17500,0
CMC.US,5,20131122,194000,19.1500,19.1600,19.1500,19.1600,12497,0
CMC.US,5,20131122,194500,19.1600,19.1800,19.1400,19.1800,19190,0
CMC.US,5,20131122,195000,19.1900,19.1900,19.1900,19.1900,208,0
CMC.US,5,20131122,195500,19.1800,19.1900,19.1700,19.1700,5250,0
CMC.US,5,20131122,200000,19.1800,19.1800,19.1500,19.1700,19500,0
CMC.US,5,20131122,200500,19.1700,19.1800,19.1700,19.1800,6800,0
CMC.US,5,20131122,201000,19.1800,19.1900,19.1600,19.1600,8755,0
CMC.US,5,20131122,201500,19.1600,19.1700,19.1500,19.1500,9856,0
CMC.US,5,20131122,202000,19.1500,19.1700,19.1500,19.1700,6899,0
CMC.US,5,20131122,202500,19.1700,19.1700,19.1500,19.1600,2500,0
CMC.US,5,20131122,203000,19.1500,19.2000,19.1500,19.2000,18065,0
CMC.US,5,20131122,203500,19.2000,19.2100,19.1900,19.1900,7600,0
CMC.US,5,20131122,204000,19.1900,19.2100,19.1900,19.2000,4100,0
CMC.US,5,20131122,204500,19.2000,19.2000,19.1900,19.1900,2100,0
CMC.US,5,20131122,205000,19.1900,19.1900,19.1900,19.1900,3100,0
CMC.US,5,20131122,205500,19.1900,19.2100,19.1900,19.2000,14075,0
CMC.US,5,20131122,210000,19.2000,19.2200,19.2000,19.2200,15072,0
CMC.US,5,20131122,210500,19.2200,19.2400,19.2200,19.2300,12344,0
CMC.US,5,20131122,211000,19.2300,19.2400,19.2300,19.2300,1300,0
CMC.US,5,20131122,211500,19.2300,19.2400,19.2200,19.2300,12706,0
CMC.US,5,20131122,212000,19.2300,19.2500,19.2200,19.2200,6916,0
CMC.US,5,20131122,212500,19.2300,19.2500,19.2200,19.2500,13198,0
CMC.US,5,20131122,213000,19.2500,19.2600,19.2400,19.2500,6703,0
CMC.US,5,20131122,213500,19.2400,19.2500,19.2400,19.2500,5100,0
CMC.US,5,20131122,214000,19.2400,19.2800,19.2400,19.2500,10357,0
CMC.US,5,20131122,214500,19.2400,19.2700,19.2400,19.2600,9502,0
CMC.US,5,20131122,215000,19.2700,19.3000,19.2600,19.2800,25178,0
CMC.US,5,20131122,215500,19.2800,19.3000,19.2800,19.3000,26331,0
CMC.US,5,20131122,220000,19.3000,19.3100,19.2800,19.3000,50158,0
CMC.US,5,20131122,220500,19.2900,19.2900,19.2900,19.2900,46427,0
CMC.US,5,20131125,153500,19.1900,19.2800,19.1700,19.2800,1547,0
CMC.US,5,20131125,154000,19.2800,19.3200,19.2400,19.3000,7177,0
CMC.US,5,20131125,154500,19.2900,19.3200,19.2500,19.2700,27263,0
CMC.US,5,20131125,155000,19.2600,19.3200,19.2600,19.2900,7100,0
CMC.US,5,20131125,155500,19.2900,19.3200,19.2700,19.2800,6008,0
CMC.US,5,20131125,160000,19.2900,19.3100,19.2900,19.3100,4839,0
CMC.US,5,20131125,160500,19.3000,19.3200,19.2900,19.3100,9550,0
CMC.US,5,20131125,161000,19.3100,19.3300,19.2800,19.3000,23614,0
CMC.US,5,20131125,161500,19.3000,19.3100,19.2700,19.2700,7401,0
CMC.US,5,20131125,162000,19.2700,19.2800,19.2500,19.2700,5988,0
CMC.US,5,20131125,162500,19.2700,19.2800,19.2400,19.2400,4762,0
CMC.US,5,20131125,163000,19.2400,19.2400,19.1900,19.1900,5822,0
CMC.US,5,20131125,163500,19.1800,19.1900,19.1700,19.1700,2600,0
CMC.US,5,20131125,164000,19.1700,19.2000,19.1600,19.1800,4900,0
CMC.US,5,20131125,164500,19.1900,19.1900,19.1800,19.1800,2400,0
CMC.US,5,20131125,165000,19.1800,19.2100,19.1800,19.2100,4700,0
CMC.US,5,20131125,165500,19.2100,19.2100,19.1800,19.1800,2200,0
CMC.US,5,20131125,170000,19.1900,19.1900,19.1700,19.1800,6750,0
CMC.US,5,20131125,170500,19.1700,19.2000,19.1700,19.2000,8400,0
CMC.US,5,20131125,171000,19.2000,19.2100,19.1800,19.1900,4298,0
CMC.US,5,20131125,171500,19.1800,19.1900,19.1600,19.1900,8527,0
CMC.US,5,20131125,172000,19.1900,19.2400,19.1900,19.2400,9153,0
CMC.US,5,20131125,172500,19.2500,19.2500,19.2400,19.2400,3897,0
CMC.US,5,20131125,173000,19.2400,19.2600,19.2300,19.2300,6059,0
CMC.US,5,20131125,173500,19.2200,19.2400,19.2100,19.2400,5000,0
CMC.US,5,20131125,174000,19.2400,19.2400,19.2200,19.2300,6024,0
CMC.US,5,20131125,174500,19.2200,19.2300,19.2200,19.2200,5391,0
CMC.US,5,20131125,175000,19.2100,19.2500,19.2100,19.2500,5899,0
CMC.US,5,20131125,175500,19.2600,19.2600,19.2500,19.2500,4230,0
CMC.US,5,20131125,180000,19.2600,19.2700,19.2400,19.2400,7200,0
CMC.US,5,20131125,180500,19.2400,19.2500,19.2400,19.2500,2200,0
CMC.US,5,20131125,181000,19.2500,19.2600,19.2400,19.2500,5503,0
CMC.US,5,20131125,181500,19.2500,19.2700,19.2500,19.2700,3100,0
CMC.US,5,20131125,182000,19.2700,19.2800,19.2700,19.2800,1750,0
CMC.US,5,20131125,182500,19.2800,19.2800,19.2500,19.2700,10800,0
CMC.US,5,20131125,183000,19.2600,19.2700,19.2600,19.2700,1862,0
CMC.US,5,20131125,183500,19.2800,19.2800,19.2700,19.2700,2753,0
CMC.US,5,20131125,184000,19.2700,19.2800,19.2700,19.2700,5705,0
CMC.US,5,20131125,184500,19.2800,19.2800,19.2700,19.2800,3000,0
CMC.US,5,20131125,185000,19.2800,19.2800,19.2600,19.2600,5636,0
CMC.US,5,20131125,185500,19.2700,19.2800,19.2600,19.2800,1600,0
CMC.US,5,20131125,190000,19.2800,19.3000,19.2800,19.2900,8335,0
CMC.US,5,20131125,190500,19.2800,19.2800,19.2700,19.2700,2525,0
CMC.US,5,20131125,191000,19.2600,19.2800,19.2500,19.2800,6024,0
CMC.US,5,20131125,191500,19.2800,19.2900,19.2800,19.2800,3800,0
CMC.US,5,20131125,192000,19.2800,19.2800,19.2800,19.2800,500,0
CMC.US,5,20131125,192500,19.2800,19.2800,19.2800,19.2800,500,0
CMC.US,5,20131125,193000,19.2800,19.2800,19.2800,19.2800,600,0
CMC.US,5,20131125,193500,19.2800,19.2900,19.2700,19.2900,7559,0
CMC.US,5,20131125,194000,19.2800,19.2900,19.2800,19.2900,4599,0
CMC.US,5,20131125,194500,19.2900,19.3000,19.2900,19.2900,3208,0
CMC.US,5,20131125,195000,19.3000,19.3200,19.3000,19.3200,10910,0
CMC.US,5,20131125,195500,19.3200,19.3200,19.3000,19.3100,8300,0
CMC.US,5,20131125,200000,19.3000,19.3000,19.2900,19.2900,4300,0
CMC.US,5,20131125,200500,19.2900,19.3100,19.2800,19.3100,5036,0
CMC.US,5,20131125,201000,19.3000,19.3100,19.3000,19.3100,2900,0
CMC.US,5,20131125,201500,19.3100,19.3200,19.3100,19.3200,3900,0
CMC.US,5,20131125,202000,19.3200,19.3500,19.3200,19.3500,4400,0
CMC.US,5,20131125,202500,19.3500,19.3500,19.3400,19.3400,5609,0
CMC.US,5,20131125,203000,19.3400,19.3500,19.3200,19.3400,7600,0
CMC.US,5,20131125,203500,19.3400,19.3500,19.3300,19.3500,4442,0
CMC.US,5,20131125,204000,19.3500,19.3500,19.3400,19.3400,2200,0
CMC.US,5,20131125,204500,19.3400,19.3400,19.3300,19.3400,1947,0
CMC.US,5,20131125,205000,19.3400,19.3500,19.3400,19.3400,7390,0
CMC.US,5,20131125,205500,19.3400,19.3900,19.3300,19.3700,12524,0
CMC.US,5,20131125,210000,19.3600,19.3600,19.3500,19.3500,3542,0
CMC.US,5,20131125,210500,19.3500,19.3500,19.3400,19.3400,2300,0
CMC.US,5,20131125,211000,19.3400,19.3600,19.3200,19.3200,11474,0
CMC.US,5,20131125,211500,19.3100,19.3200,19.3000,19.3000,6900,0
CMC.US,5,20131125,212000,19.3000,19.3100,19.2700,19.2800,10200,0
CMC.US,5,20131125,212500,19.2900,19.2900,19.2700,19.2700,7796,0
CMC.US,5,20131125,213000,19.2600,19.2700,19.2600,19.2700,3160,0
CMC.US,5,20131125,213500,19.2600,19.2800,19.2600,19.2800,8646,0
CMC.US,5,20131125,214000,19.2800,19.2800,19.2300,19.2400,12368,0
CMC.US,5,20131125,214500,19.2500,19.2600,19.2400,19.2600,8509,0
CMC.US,5,20131125,215000,19.2600,19.2900,19.2600,19.2600,14715,0
CMC.US,5,20131125,215500,19.2700,19.3000,19.2600,19.2900,18535,0
CMC.US,5,20131125,220000,19.2900,19.3000,19.2800,19.2900,38414,0
CMC.US,5,20131125,220500,19.2900,19.2900,19.2900,19.2900,72282,0
CMC.US,5,20131126,153500,19.1900,19.2500,19.1800,19.2500,5004,0
CMC.US,5,20131126,154000,19.2400,19.2900,19.2400,19.2400,2597,0
CMC.US,5,20131126,154500,19.2300,19.2300,19.1900,19.1900,2900,0
CMC.US,5,20131126,155000,19.1900,19.2100,19.1800,19.1900,10434,0
CMC.US,5,20131126,155500,19.2000,19.2700,19.2000,19.2700,12965,0
CMC.US,5,20131126,160000,19.2800,19.2800,19.1400,19.1600,23228,0
CMC.US,5,20131126,160500,19.1800,19.2100,19.1600,19.2000,15000,0
CMC.US,5,20131126,161000,19.2000,19.2000,19.1700,19.1900,10789,0
CMC.US,5,20131126,161500,19.1900,19.2300,19.1900,19.2000,9687,0
CMC.US,5,20131126,162000,19.1900,19.1900,19.1500,19.1600,4386,0
CMC.US,5,20131126,162500,19.1600,19.1900,19.1600,19.1600,10523,0
CMC.US,5,20131126,163000,19.1600,19.1700,19.1600,19.1600,3409,0
CMC.US,5,20131126,163500,19.1500,19.1500,19.1300,19.1400,8700,0
CMC.US,5,20131126,164000,19.1300,19.1400,19.1300,19.1300,500,0
CMC.US,5,20131126,164500,19.1400,19.1400,19.1300,19.1300,7400,0
CMC.US,5,20131126,165000,19.1400,19.1400,19.1200,19.1400,7599,0
CMC.US,5,20131126,165500,19.1400,19.1500,19.1300,19.1400,6100,0
CMC.US,5,20131126,170000,19.1400,19.1400,19.1200,19.1200,4824,0
CMC.US,5,20131126,170500,19.1300,19.1500,19.1300,19.1300,6384,0
CMC.US,5,20131126,171000,19.1300,19.1300,19.0800,19.0800,5505,0
CMC.US,5,20131126,171500,19.0800,19.1100,19.0800,19.1000,5450,0
CMC.US,5,20131126,172000,19.1100,19.1100,19.1100,19.1100,2400,0
CMC.US,5,20131126,172500,19.1000,19.1100,19.0800,19.1100,8000,0
CMC.US,5,20131126,173000,19.1100,19.1400,19.1100,19.1200,5801,0
CMC.US,5,20131126,173500,19.1300,19.1300,19.1200,19.1300,2100,0
CMC.US,5,20131126,174000,19.1300,19.1400,19.1200,19.1400,3700,0
CMC.US,5,20131126,174500,19.1400,19.1400,19.1300,19.1400,1400,0
CMC.US,5,20131126,175000,19.1400,19.1600,19.1400,19.1500,5500,0
CMC.US,5,20131126,175500,19.1500,19.1500,19.1400,19.1400,2700,0
CMC.US,5,20131126,180000,19.1300,19.1500,19.1300,19.1500,6000,0
CMC.US,5,20131126,180500,19.1400,19.1900,19.1400,19.1800,10972,0
CMC.US,5,20131126,181000,19.1900,19.2100,19.1900,19.2100,4722,0
CMC.US,5,20131126,181500,19.2200,19.2300,19.2200,19.2300,4500,0
CMC.US,5,20131126,182000,19.2400,19.2400,19.2300,19.2400,5400,0
CMC.US,5,20131126,182500,19.2400,19.2600,19.2400,19.2500,9043,0
CMC.US,5,20131126,183000,19.2500,19.2700,19.2500,19.2700,6600,0
CMC.US,5,20131126,183500,19.2700,19.2700,19.2100,19.2100,14200,0
CMC.US,5,20131126,184000,19.2100,19.2300,19.2100,19.2300,8384,0
CMC.US,5,20131126,184500,19.2300,19.2300,19.2000,19.2300,8400,0
CMC.US,5,20131126,185000,19.2300,19.2600,19.2300,19.2300,7253,0
CMC.US,5,20131126,185500,19.2300,19.2300,19.2100,19.2300,2600,0
CMC.US,5,20131126,190000,19.2300,19.2300,19.2100,19.2200,2898,0
CMC.US,5,20131126,190500,19.2200,19.2200,19.2000,19.2000,5658,0
CMC.US,5,20131126,191000,19.1900,19.2000,19.1800,19.1800,1200,0
CMC.US,5,20131126,191500,19.1900,19.2100,19.1800,19.2100,4796,0
CMC.US,5,20131126,192000,19.2000,19.2200,19.2000,19.2100,3374,0
CMC.US,5,20131126,192500,19.2000,19.2400,19.2000,19.2400,8208,0
CMC.US,5,20131126,193000,19.2400,19.2500,19.2400,19.2500,2900,0
CMC.US,5,20131126,193500,19.2400,19.2900,19.2400,19.2800,6999,0
CMC.US,5,20131126,194000,19.2800,19.2900,19.2700,19.2800,9470,0
CMC.US,5,20131126,194500,19.2900,19.3400,19.2900,19.3400,18078,0
CMC.US,5,20131126,195000,19.3400,19.3400,19.3000,19.3200,10900,0
CMC.US,5,20131126,195500,19.3300,19.3400,19.3200,19.3300,3400,0
CMC.US,5,20131126,200000,19.3300,19.3400,19.3300,19.3400,1800,0
CMC.US,5,20131126,200500,19.3300,19.3400,19.3200,19.3200,4052,0
CMC.US,5,20131126,201000,19.3300,19.3300,19.2900,19.3000,6900,0
CMC.US,5,20131126,201500,19.3000,19.3100,19.2900,19.2900,8605,0
CMC.US,5,20131126,202000,19.3000,19.3000,19.2900,19.3000,1900,0
CMC.US,5,20131126,202500,19.3000,19.3000,19.2800,19.2800,7128,0
CMC.US,5,20131126,203000,19.2900,19.3100,19.2900,19.3100,7364,0
CMC.US,5,20131126,203500,19.3200,19.3400,19.3200,19.3400,5703,0
CMC.US,5,20131126,204000,19.3400,19.3400,19.3300,19.3400,3060,0
CMC.US,5,20131126,204500,19.3400,19.3400,19.3300,19.3400,3600,0
CMC.US,5,20131126,205000,19.3400,19.3600,19.3300,19.3600,12778,0
CMC.US,5,20131126,205500,19.3600,19.4100,19.3600,19.4000,21563,0
CMC.US,5,20131126,210000,19.3900,19.4000,19.3700,19.3900,12690,0
CMC.US,5,20131126,210500,19.3800,19.3900,19.3800,19.3900,2200,0
CMC.US,5,20131126,211000,19.3800,19.4200,19.3800,19.4100,13180,0
CMC.US,5,20131126,211500,19.4200,19.4300,19.4100,19.4200,8300,0
CMC.US,5,20131126,212000,19.4200,19.4200,19.4100,19.4100,5350,0
CMC.US,5,20131126,212500,19.4200,19.4300,19.4100,19.4300,8339,0
CMC.US,5,20131126,213000,19.4200,19.4300,19.4000,19.4100,8900,0
CMC.US,5,20131126,213500,19.4000,19.4300,19.4000,19.4200,11900,0
CMC.US,5,20131126,214000,19.4100,19.4200,19.4000,19.4200,7921,0
CMC.US,5,20131126,214500,19.4100,19.4200,19.4000,19.4000,10098,0
CMC.US,5,20131126,215000,19.4000,19.4000,19.3400,19.3400,28134,0
CMC.US,5,20131126,215500,19.3500,19.3600,19.3300,19.3500,34404,0
CMC.US,5,20131126,220000,19.3400,19.3500,19.3300,19.3300,40854,0
CMC.US,5,20131126,220500,19.3400,19.3400,19.3400,19.3400,81456,0
CMC.US,5,20131127,153500,19.3900,19.4500,19.3800,19.4300,1715,0
CMC.US,5,20131127,154000,19.4300,19.4300,19.3800,19.4100,6375,0
CMC.US,5,20131127,154500,19.4100,19.4500,19.4000,19.4100,6818,0
CMC.US,5,20131127,155000,19.4200,19.4600,19.4200,19.4200,2500,0
CMC.US,5,20131127,155500,19.4300,19.4600,19.4100,19.4100,2568,0
CMC.US,5,20131127,160000,19.4100,19.4100,19.3900,19.3900,2900,0
CMC.US,5,20131127,160500,19.3900,19.4000,19.3700,19.3800,9100,0
CMC.US,5,20131127,161000,19.3800,19.4100,19.3800,19.4000,4800,0
CMC.US,5,20131127,161500,19.3900,19.3900,19.3100,19.3100,6708,0
CMC.US,5,20131127,162000,19.3100,19.3600,19.3000,19.3500,11617,0
CMC.US,5,20131127,162500,19.3500,19.3500,19.3200,19.3200,5400,0
CMC.US,5,20131127,163000,19.3300,19.3300,19.2700,19.3000,18980,0
CMC.US,5,20131127,163500,19.3000,19.3400,19.3000,19.3400,10824,0
CMC.US,5,20131127,164000,19.3400,19.3600,19.3400,19.3500,5400,0
CMC.US,5,20131127,164500,19.3600,19.4000,19.3600,19.4000,9316,0
CMC.US,5,20131127,165000,19.3900,19.4400,19.3800,19.4400,4609,0
CMC.US,5,20131127,165500,19.4400,19.4400,19.4300,19.4400,5000,0
CMC.US,5,20131127,170000,19.4400,19.4600,19.4200,19.4200,8031,0
CMC.US,5,20131127,170500,19.4200,19.4200,19.4100,19.4200,4400,0
CMC.US,5,20131127,171000,19.4300,19.4400,19.4000,19.4100,7317,0
CMC.US,5,20131127,171500,19.4200,19.4200,19.4000,19.4000,3647,0
CMC.US,5,20131127,172000,19.4100,19.4300,19.4100,19.4100,7394,0
CMC.US,5,20131127,172500,19.4200,19.4400,19.4200,19.4300,4941,0
CMC.US,5,20131127,173000,19.4300,19.4300,19.4200,19.4200,3500,0
CMC.US,5,20131127,173500,19.4200,19.4300,19.4100,19.4200,3000,0
CMC.US,5,20131127,174000,19.4300,19.4300,19.4100,19.4100,2000,0
CMC.US,5,20131127,174500,19.4100,19.4100,19.4000,19.4100,5300,0
CMC.US,5,20131127,175000,19.4100,19.4500,19.4100,19.4400,6218,0
CMC.US,5,20131127,175500,19.4300,19.4400,19.4200,19.4400,15666,0
CMC.US,5,20131127,180000,19.4400,19.4500,19.4300,19.4300,4746,0
CMC.US,5,20131127,180500,19.4200,19.4400,19.4000,19.4200,17116,0
CMC.US,5,20131127,181000,19.4200,19.4700,19.4200,19.4600,10524,0
CMC.US,5,20131127,181500,19.4600,19.4600,19.4500,19.4500,5466,0
CMC.US,5,20131127,182000,19.4500,19.4500,19.4500,19.4500,1200,0
CMC.US,5,20131127,182500,19.4600,19.4700,19.4400,19.4400,3259,0
CMC.US,5,20131127,183000,19.4300,19.4400,19.4200,19.4400,8622,0
CMC.US,5,20131127,183500,19.4400,19.4400,19.4200,19.4300,3001,0
CMC.US,5,20131127,184000,19.4400,19.4400,19.4300,19.4300,2900,0
CMC.US,5,20131127,184500,19.4300,19.4400,19.4200,19.4400,1900,0
CMC.US,5,20131127,185000,19.4400,19.4400,19.4200,19.4200,3258,0
CMC.US,5,20131127,185500,19.4200,19.4200,19.4100,19.4200,2500,0
CMC.US,5,20131127,190000,19.4100,19.4100,19.3600,19.3600,4000,0
CMC.US,5,20131127,190500,19.3500,19.3800,19.3500,19.3600,7600,0
CMC.US,5,20131127,191000,19.3700,19.4100,19.3700,19.4000,5699,0
CMC.US,5,20131127,191500,19.4000,19.4000,19.3800,19.3800,3189,0
CMC.US,5,20131127,192000,19.3800,19.3800,19.3600,19.3700,3091,0
CMC.US,5,20131127,192500,19.3600,19.3800,19.3600,19.3700,5252,0
CMC.US,5,20131127,193000,19.3600,19.3800,19.3500,19.3600,7530,0
CMC.US,5,20131127,193500,19.3700,19.3800,19.3600,19.3700,3900,0
CMC.US,5,20131127,194000,19.3700,19.3700,19.3600,19.3600,2500,0
CMC.US,5,20131127,194500,19.3700,19.4100,19.3700,19.3800,8344,0
CMC.US,5,20131127,195000,19.3800,19.3800,19.3800,19.3800,2800,0
CMC.US,5,20131127,195500,19.3700,19.3800,19.3600,19.3600,4400,0
CMC.US,5,20131127,200000,19.3600,19.3800,19.3500,19.3800,12328,0
CMC.US,5,20131127,200500,19.3700,19.4100,19.3600,19.4000,16443,0
CMC.US,5,20131127,201000,19.4000,19.4600,19.4000,19.4500,19059,0
CMC.US,5,20131127,201500,19.4400,19.4600,19.4300,19.4600,11679,0
CMC.US,5,20131127,202000,19.4600,19.4700,19.4400,19.4700,10733,0
CMC.US,5,20131127,202500,19.4600,19.4800,19.4600,19.4800,12002,0
CMC.US,5,20131127,203000,19.4800,19.5000,19.4700,19.4800,12904,0
CMC.US,5,20131127,203500,19.4700,19.5000,19.4700,19.4900,8051,0
CMC.US,5,20131127,204000,19.4800,19.4900,19.4700,19.4800,6765,0
CMC.US,5,20131127,204500,19.4800,19.4800,19.4700,19.4800,2093,0
CMC.US,5,20131127,205000,19.4800,19.4900,19.4800,19.4900,6466,0
CMC.US,5,20131127,205500,19.4900,19.4900,19.4800,19.4800,2380,0
CMC.US,5,20131127,210000,19.4800,19.5000,19.4700,19.4900,9560,0
CMC.US,5,20131127,210500,19.4900,19.5000,19.4700,19.4900,6601,0
CMC.US,5,20131127,211000,19.4900,19.5000,19.4800,19.4900,4603,0
CMC.US,5,20131127,211500,19.4900,19.4900,19.4800,19.4900,5827,0
CMC.US,5,20131127,212000,19.4900,19.4900,19.4700,19.4700,3500,0
CMC.US,5,20131127,212500,19.4700,19.4700,19.4600,19.4600,4938,0
CMC.US,5,20131127,213000,19.4600,19.4700,19.4600,19.4600,5100,0
CMC.US,5,20131127,213500,19.4600,19.4800,19.4600,19.4700,10843,0
CMC.US,5,20131127,214000,19.4700,19.4700,19.4600,19.4600,6000,0
CMC.US,5,20131127,214500,19.4600,19.4700,19.4600,19.4600,10400,0
CMC.US,5,20131127,215000,19.4700,19.4900,19.4700,19.4900,14793,0
CMC.US,5,20131127,215500,19.4900,19.4900,19.4700,19.4800,22736,0
CMC.US,5,20131127,220000,19.4800,19.5000,19.4700,19.4900,52759,0
CMC.US,5,20131127,220500,19.5000,19.5000,19.5000,19.5000,49430,0
CMC.US,5,20131129,153500,19.4300,19.5800,19.4000,19.4500,3216,0
CMC.US,5,20131129,154000,19.4500,19.4500,19.3100,19.3500,7198,0
CMC.US,5,20131129,154500,19.3700,19.4200,19.3200,19.4200,7449,0
CMC.US,5,20131129,155000,19.4100,19.4100,19.3200,19.3600,4500,0
CMC.US,5,20131129,155500,19.3800,19.4400,19.3800,19.4400,1101,0
CMC.US,5,20131129,160000,19.4200,19.4400,19.4000,19.4400,7011,0
CMC.US,5,20131129,160500,19.4500,19.4900,19.4500,19.4900,3600,0
CMC.US,5,20131129,161000,19.4800,19.5200,19.4800,19.5100,7292,0
CMC.US,5,20131129,161500,19.5100,19.5600,19.5100,19.5100,7300,0
CMC.US,5,20131129,162000,19.5100,19.5300,19.5100,19.5200,6145,0
CMC.US,5,20131129,162500,19.5100,19.5100,19.4700,19.4700,2988,0
CMC.US,5,20131129,163000,19.4600,19.4700,19.4500,19.4700,4610,0
CMC.US,5,20131129,163500,19.4700,19.5000,19.4700,19.4900,4405,0
CMC.US,5,20131129,164000,19.4900,19.4900,19.4700,19.4700,2400,0
CMC.US,5,20131129,164500,19.4700,19.4800,19.4500,19.4600,9485,0
CMC.US,5,20131129,165000,19.4500,19.4600,19.4500,19.4600,700,0
CMC.US,5,20131129,165500,19.4500,19.4700,19.4500,19.4500,9300,0
CMC.US,5,20131129,170000,19.4500,19.4900,19.4500,19.4800,5114,0
CMC.US,5,20131129,170500,19.4800,19.5100,19.4500,19.5100,15716,0
CMC.US,5,20131129,171000,19.5000,19.5600,19.5000,19.5600,13623,0
CMC.US,5,20131129,171500,19.5600,19.5800,19.5600,19.5800,10801,0
CMC.US,5,20131129,172000,19.5800,19.5800,19.5500,19.5500,7500,0
CMC.US,5,20131129,172500,19.5600,19.6000,19.5600,19.5700,16384,0
CMC.US,5,20131129,173000,19.5700,19.5800,19.5400,19.5500,2082,0
CMC.US,5,20131129,173500,19.5400,19.6000,19.5400,19.5900,9649,0
CMC.US,5,20131129,174000,19.5800,19.6200,19.5800,19.6200,14200,0
CMC.US,5,20131129,174500,19.6300,19.6400,19.6300,19.6400,6099,0
CMC.US,5,20131129,175000,19.6400,19.6500,19.6300,19.6500,7646,0
CMC.US,5,20131129,175500,19.6400,19.6500,19.6300,19.6300,5198,0
CMC.US,5,20131129,180000,19.6400,19.6600,19.6300,19.6500,9759,0
CMC.US,5,20131129,180500,19.6500,19.6500,19.6200,19.6300,6410,0
CMC.US,5,20131129,181000,19.6300,19.6500,19.6300,19.6500,2259,0
CMC.US,5,20131129,181500,19.6600,19.6800,19.6500,19.6800,6400,0
CMC.US,5,20131129,182000,19.6800,19.6800,19.6800,19.6800,3000,0
CMC.US,5,20131129,182500,19.6700,19.6900,19.6700,19.6900,7800,0
CMC.US,5,20131129,183000,19.6900,19.7000,19.6700,19.6700,8243,0
CMC.US,5,20131129,183500,19.6700,19.6800,19.6500,19.6500,4992,0
CMC.US,5,20131129,184000,19.6600,19.6600,19.6200,19.6300,6606,0
CMC.US,5,20131129,184500,19.6300,19.6300,19.5600,19.5600,6261,0
CMC.US,5,20131129,185000,19.5400,19.5800,19.5200,19.5200,14568,0
CMC.US,5,20131129,185500,19.5200,19.5200,19.4500,19.4700,25537,0
CMC.US,5,20131129,190000,19.4700,19.4700,19.4200,19.4200,32885,0
CMC.US,5,20131129,190500,19.4200,19.4200,19.4200,19.4200,86368,0
CMC.US,5,20131202,153500,19.5000,19.5000,19.2900,19.2900,9000,0
CMC.US,5,20131202,154000,19.2700,19.3300,19.2700,19.3300,7921,0
CMC.US,5,20131202,154500,19.3100,19.3200,19.2500,19.2900,9878,0
CMC.US,5,20131202,155000,19.2800,19.2800,19.2200,19.2700,11000,0
CMC.US,5,20131202,155500,19.3000,19.4100,19.3000,19.4000,5600,0
CMC.US,5,20131202,160000,19.3900,19.4800,19.3900,19.4300,9100,0
CMC.US,5,20131202,160500,19.4200,19.4800,19.3700,19.4800,10178,0
CMC.US,5,20131202,161000,19.4800,19.5200,19.4700,19.5000,11675,0
CMC.US,5,20131202,161500,19.5000,19.5400,19.5000,19.5400,18373,0
CMC.US,5,20131202,162000,19.5500,19.5600,19.5300,19.5300,6600,0
CMC.US,5,20131202,162500,19.5300,19.5400,19.5000,19.5100,7861,0
CMC.US,5,20131202,163000,19.5100,19.5200,19.4900,19.4900,4920,0
CMC.US,5,20131202,163500,19.4900,19.5400,19.4900,19.5200,5900,0
CMC.US,5,20131202,164000,19.5300,19.5600,19.5200,19.5400,9001,0
CMC.US,5,20131202,164500,19.5400,19.5700,19.5300,19.5600,10200,0
CMC.US,5,20131202,165000,19.5600,19.5900,19.5500,19.5800,8766,0
CMC.US,5,20131202,165500,19.5800,19.6100,19.5700,19.6100,5100,0
CMC.US,5,20131202,170000,19.6100,19.6400,19.5900,19.6400,9574,0
CMC.US,5,20131202,170500,19.6300,19.6600,19.6100,19.6300,7965,0
CMC.US,5,20131202,171000,19.6300,19.6400,19.6200,19.6300,9300,0
CMC.US,5,20131202,171500,19.6300,19.6400,19.6200,19.6300,3271,0
CMC.US,5,20131202,172000,19.6300,19.6400,19.6000,19.6100,5040,0
CMC.US,5,20131202,172500,19.6200,19.6500,19.6200,19.6300,2900,0
CMC.US,5,20131202,173000,19.6300,19.6700,19.6300,19.6500,4800,0
CMC.US,5,20131202,173500,19.6400,19.6700,19.6400,19.6600,5501,0
CMC.US,5,20131202,174000,19.6500,19.6600,19.6200,19.6300,5122,0
CMC.US,5,20131202,174500,19.6200,19.6300,19.6200,19.6300,5713,0
CMC.US,5,20131202,175000,19.6400,19.6400,19.6200,19.6300,5000,0
CMC.US,5,20131202,175500,19.6300,19.6500,19.6300,19.6500,2500,0
CMC.US,5,20131202,180000,19.6500,19.7100,19.6500,19.7000,8611,0
CMC.US,5,20131202,180500,19.7000,19.7100,19.6900,19.6900,8478,0
CMC.US,5,20131202,181000,19.6800,19.6900,19.6700,19.6800,4600,0
CMC.US,5,20131202,181500,19.7000,19.7200,19.7000,19.7200,10600,0
CMC.US,5,20131202,182000,19.7200,19.7300,19.7200,19.7200,7600,0
CMC.US,5,20131202,182500,19.7300,19.7500,19.7300,19.7400,7100,0
CMC.US,5,20131202,183000,19.7500,19.7500,19.7300,19.7300,2595,0
CMC.US,5,20131202,183500,19.7300,19.7500,19.7300,19.7400,7987,0
CMC.US,5,20131202,184000,19.7400,19.7400,19.7300,19.7300,2807,0
CMC.US,5,20131202,184500,19.7300,19.7400,19.7300,19.7400,5800,0
CMC.US,5,20131202,185000,19.7400,19.7500,19.7200,19.7200,3800,0
CMC.US,5,20131202,185500,19.7200,19.7400,19.7200,19.7300,3300,0
CMC.US,5,20131202,190000,19.7200,19.7200,19.6700,19.6700,9197,0
CMC.US,5,20131202,190500,19.6600,19.6600,19.6400,19.6500,8266,0
CMC.US,5,20131202,191000,19.6500,19.6500,19.6300,19.6300,4117,0
CMC.US,5,20131202,191500,19.6300,19.6300,19.5900,19.6200,10768,0
CMC.US,5,20131202,192000,19.6100,19.6200,19.6000,19.6100,22392,0
CMC.US,5,20131202,192500,19.6100,19.6300,19.6100,19.6300,4123,0
CMC.US,5,20131202,193000,19.6300,19.6300,19.6000,19.6100,6300,0
CMC.US,5,20131202,193500,19.6000,19.6000,19.5700,19.5900,8900,0
CMC.US,5,20131202,194000,19.6000,19.6100,19.5900,19.6100,3072,0
CMC.US,5,20131202,194500,19.6100,19.6300,19.5800,19.5800,9300,0
CMC.US,5,20131202,195000,19.5800,19.5900,19.5600,19.5600,5316,0
CMC.US,5,20131202,195500,19.5700,19.5700,19.5600,19.5700,3737,0
CMC.US,5,20131202,200000,19.5700,19.5900,19.5700,19.5800,7067,0
CMC.US,5,20131202,200500,19.5700,19.6000,19.5700,19.5700,3850,0
CMC.US,5,20131202,201000,19.5700,19.5700,19.5300,19.5400,5800,0
CMC.US,5,20131202,201500,19.5500,19.5500,19.5100,19.5100,50162,0
CMC.US,5,20131202,202000,19.5100,19.5300,19.4800,19.5300,7570,0
CMC.US,5,20131202,202500,19.5200,19.5200,19.4900,19.5100,6971,0
CMC.US,5,20131202,203000,19.5000,19.5100,19.5000,19.5000,6599,0
CMC.US,5,20131202,203500,19.5000,19.5200,19.4700,19.4700,6975,0
CMC.US,5,20131202,204000,19.4600,19.4700,19.4500,19.4600,6689,0
CMC.US,5,20131202,204500,19.4600,19.4600,19.4200,19.4200,12000,0
CMC.US,5,20131202,205000,19.4200,19.4500,19.4100,19.4500,4700,0
CMC.US,5,20131202,205500,19.4500,19.4500,19.4400,19.4400,4618,0
CMC.US,5,20131202,210000,19.4500,19.4900,19.4500,19.4800,9315,0
CMC.US,5,20131202,210500,19.4800,19.5000,19.4800,19.4900,4851,0
CMC.US,5,20131202,211000,19.4900,19.4900,19.4800,19.4800,5898,0
CMC.US,5,20131202,211500,19.4800,19.5100,19.4800,19.5000,14335,0
CMC.US,5,20131202,212000,19.5100,19.5400,19.5000,19.5300,12510,0
CMC.US,5,20131202,212500,19.5200,19.5200,19.5100,19.5100,7432,0
CMC.US,5,20131202,213000,19.5100,19.5100,19.4500,19.4700,8180,0
CMC.US,5,20131202,213500,19.4600,19.4600,19.4300,19.4400,7170,0
CMC.US,5,20131202,214000,19.4400,19.4800,19.4400,19.4700,7500,0
CMC.US,5,20131202,214500,19.4800,19.4900,19.4500,19.4500,10682,0
CMC.US,5,20131202,215000,19.4600,19.5100,19.4500,19.4700,26668,0
CMC.US,5,20131202,215500,19.4700,19.4800,19.4500,19.4800,18415,0
CMC.US,5,20131202,220000,19.4700,19.5000,19.4700,19.4800,69307,0
CMC.US,5,20131202,220500,19.4700,19.4700,19.4700,19.4700,89078,0
CMC.US,5,20131203,153500,19.3300,19.4700,19.3200,19.4700,9413,0
CMC.US,5,20131203,154000,19.4500,19.5500,19.4500,19.5200,5662,0
CMC.US,5,20131203,154500,19.5000,19.6400,19.4900,19.6000,15294,0
CMC.US,5,20131203,155000,19.6000,19.6500,19.5700,19.6200,9339,0
CMC.US,5,20131203,155500,19.6300,19.6400,19.6200,19.6400,4000,0
CMC.US,5,20131203,160000,19.6400,19.6800,19.6100,19.6700,4761,0
CMC.US,5,20131203,160500,19.6800,19.7300,19.6600,19.6800,10201,0
CMC.US,5,20131203,161000,19.6900,19.7200,19.6900,19.6900,3382,0
CMC.US,5,20131203,161500,19.6900,19.7400,19.6900,19.7000,10419,0
CMC.US,5,20131203,162000,19.7000,19.7400,19.6900,19.7300,5601,0
CMC.US,5,20131203,162500,19.7400,19.7900,19.7400,19.7800,7244,0
CMC.US,5,20131203,163000,19.7800,19.7800,19.7400,19.7600,5638,0
CMC.US,5,20131203,163500,19.7500,19.7500,19.7200,19.7300,8200,0
CMC.US,5,20131203,164000,19.7200,19.7300,19.7100,19.7200,2050,0
CMC.US,5,20131203,164500,19.7200,19.7200,19.6900,19.7000,5200,0
CMC.US,5,20131203,165000,19.7000,19.7300,19.7000,19.7200,11028,0
CMC.US,5,20131203,165500,19.7200,19.7200,19.6600,19.6600,5400,0
CMC.US,5,20131203,170000,19.6700,19.6700,19.6600,19.6600,2850,0
CMC.US,5,20131203,170500,19.6500,19.6600,19.6200,19.6200,8368,0
CMC.US,5,20131203,171000,19.6100,19.6300,19.6100,19.6200,8114,0
CMC.US,5,20131203,171500,19.6300,19.6300,19.6100,19.6200,5000,0
CMC.US,5,20131203,172000,19.6100,19.6100,19.5700,19.5700,7100,0
CMC.US,5,20131203,172500,19.5600,19.5700,19.5400,19.5400,2088,0
CMC.US,5,20131203,173000,19.5400,19.5400,19.5000,19.5300,9350,0
CMC.US,5,20131203,173500,19.5300,19.5500,19.5200,19.5400,8214,0
CMC.US,5,20131203,174000,19.5300,19.5500,19.5300,19.5500,4601,0
CMC.US,5,20131203,174500,19.5500,19.5500,19.5200,19.5200,3400,0
CMC.US,5,20131203,175000,19.5200,19.5200,19.4600,19.4700,3100,0
CMC.US,5,20131203,175500,19.4700,19.4700,19.4600,19.4600,10870,0
CMC.US,5,20131203,180000,19.4500,19.5000,19.4500,19.5000,5800,0
CMC.US,5,20131203,180500,19.5000,19.5000,19.4900,19.4900,3199,0
CMC.US,5,20131203,181000,19.5100,19.5400,19.5100,19.5400,4910,0
CMC.US,5,20131203,181500,19.5300,19.5500,19.5300,19.5300,3775,0
CMC.US,5,20131203,182000,19.5400,19.5400,19.5300,19.5300,2800,0
CMC.US,5,20131203,182500,19.5400,19.5400,19.5200,19.5300,5654,0
CMC.US,5,20131203,183000,19.5200,19.5200,19.5000,19.5000,7169,0
CMC.US,5,20131203,183500,19.5000,19.5000,19.4700,19.5000,8522,0
CMC.US,5,20131203,184000,19.5100,19.5200,19.5100,19.5100,3090,0
CMC.US,5,20131203,184500,19.5200,19.5200,19.5100,19.5200,600,0
CMC.US,5,20131203,185000,19.5200,19.5200,19.4900,19.5000,7732,0
CMC.US,5,20131203,185500,19.5100,19.5200,19.5000,19.5100,32493,0
CMC.US,5,20131203,190000,19.5100,19.5100,19.5000,19.5000,4863,0
CMC.US,5,20131203,190500,19.5000,19.5000,19.4800,19.4800,4900,0
CMC.US,5,20131203,191000,19.4800,19.4800,19.4800,19.4800,1900,0
CMC.US,5,20131203,191500,19.4800,19.4800,19.4500,19.4500,2900,0
CMC.US,5,20131203,192000,19.4600,19.4600,19.4100,19.4100,4623,0
CMC.US,5,20131203,192500,19.4200,19.4300,19.3900,19.3900,3600,0
CMC.US,5,20131203,193000,19.3900,19.4000,19.3600,19.3900,10505,0
CMC.US,5,20131203,193500,19.3900,19.3900,19.3900,19.3900,400,0
CMC.US,5,20131203,194000,19.4000,19.4100,19.3800,19.4100,7216,0
CMC.US,5,20131203,194500,19.4200,19.4200,19.3900,19.3900,2279,0
CMC.US,5,20131203,195000,19.3900,19.4000,19.3900,19.4000,2465,0
CMC.US,5,20131203,195500,19.4000,19.4000,19.3800,19.3800,3435,0
CMC.US,5,20131203,200000,19.3800,19.3800,19.3600,19.3600,3700,0
CMC.US,5,20131203,200500,19.3600,19.3600,19.3400,19.3500,3984,0
CMC.US,5,20131203,201000,19.3500,19.3800,19.3500,19.3600,6267,0
CMC.US,5,20131203,201500,19.3500,19.3600,19.3500,19.3600,3386,0
CMC.US,5,20131203,202000,19.3500,19.3500,19.3200,19.3200,1200,0
CMC.US,5,20131203,202500,19.3100,19.3300,19.3100,19.3200,3865,0
CMC.US,5,20131203,203000,19.3300,19.3300,19.3200,19.3200,900,0
CMC.US,5,20131203,203500,19.3200,19.3600,19.3200,19.3600,4290,0
CMC.US,5,20131203,204000,19.3700,19.4000,19.3600,19.4000,2500,0
CMC.US,5,20131203,204500,19.4000,19.4000,19.3900,19.4000,6279,0
CMC.US,5,20131203,205000,19.4000,19.4100,19.4000,19.4100,2700,0
CMC.US,5,20131203,205500,19.4100,19.4100,19.3800,19.3800,3900,0
CMC.US,5,20131203,210000,19.3800,19.3800,19.3700,19.3700,2300,0
CMC.US,5,20131203,210500,19.3700,19.3800,19.3600,19.3700,10204,0
CMC.US,5,20131203,211000,19.3800,19.3900,19.3800,19.3900,2423,0
CMC.US,5,20131203,211500,19.3800,19.3800,19.3700,19.3800,8715,0
CMC.US,5,20131203,212000,19.3800,19.3900,19.3800,19.3900,4454,0
CMC.US,5,20131203,212500,19.3900,19.3900,19.3800,19.3900,13708,0
CMC.US,5,20131203,213000,19.4000,19.4000,19.3900,19.3900,5746,0
CMC.US,5,20131203,213500,19.3900,19.4300,19.3900,19.4300,8412,0
CMC.US,5,20131203,214000,19.4400,19.4400,19.4200,19.4400,10498,0
CMC.US,5,20131203,214500,19.4300,19.4500,19.4300,19.4500,15548,0
CMC.US,5,20131203,215000,19.4500,19.4800,19.4500,19.4800,19319,0
CMC.US,5,20131203,215500,19.4800,19.5000,19.4700,19.4800,27907,0
CMC.US,5,20131203,220000,19.4900,19.5200,19.4900,19.5200,45183,0
CMC.US,5,20131203,220500,19.5100,19.5100,19.5100,19.5100,135168,0
CMC.US,5,20131204,153500,19.5100,19.5800,19.4600,19.5400,2800,0
CMC.US,5,20131204,154000,19.5400,19.6200,19.5300,19.5900,7817,0
CMC.US,5,20131204,154500,19.6000,19.6000,19.5700,19.5700,2100,0
CMC.US,5,20131204,155000,19.5700,19.5900,19.5300,19.5700,19323,0
CMC.US,5,20131204,155500,19.5700,19.5700,19.5200,19.5300,3158,0
CMC.US,5,20131204,160000,19.5200,19.5700,19.5200,19.5400,4600,0
CMC.US,5,20131204,160500,19.5400,19.6200,19.5400,19.6200,13582,0
CMC.US,5,20131204,161000,19.6200,19.6500,19.6100,19.6400,12878,0
CMC.US,5,20131204,161500,19.6400,19.6900,19.6400,19.6900,7701,0
CMC.US,5,20131204,162000,19.6900,19.7200,19.6900,19.7100,5200,0
CMC.US,5,20131204,162500,19.7200,19.7400,19.7000,19.7300,8400,0
CMC.US,5,20131204,163000,19.7300,19.7400,19.7200,19.7300,5600,0
CMC.US,5,20131204,163500,19.7200,19.7400,19.7200,19.7400,9983,0
CMC.US,5,20131204,164000,19.7400,19.7900,19.7400,19.7700,11740,0
CMC.US,5,20131204,164500,19.7800,19.8100,19.7800,19.7800,5300,0
CMC.US,5,20131204,165000,19.7900,19.7900,19.7600,19.7700,4979,0
CMC.US,5,20131204,165500,19.7800,19.7800,19.7300,19.7500,14798,0
CMC.US,5,20131204,170000,19.7500,19.7600,19.7300,19.7600,5501,0
CMC.US,5,20131204,170500,19.7600,19.7600,19.7200,19.7500,6710,0
CMC.US,5,20131204,171000,19.7600,19.7700,19.7500,19.7500,4600,0
CMC.US,5,20131204,171500,19.7500,19.7600,19.7500,19.7600,2300,0
CMC.US,5,20131204,172000,19.7600,19.7600,19.7300,19.7300,1900,0
CMC.US,5,20131204,172500,19.7300,19.7700,19.7300,19.7400,8756,0
CMC.US,5,20131204,173000,19.7400,19.7500,19.7300,19.7300,1400,0
CMC.US,5,20131204,173500,19.7300,19.7600,19.7300,19.7600,2500,0
CMC.US,5,20131204,174000,19.7600,19.7700,19.7500,19.7500,6301,0
CMC.US,5,20131204,174500,19.7400,19.7600,19.7300,19.7600,3164,0
CMC.US,5,20131204,175000,19.7700,19.7800,19.7600,19.7600,4718,0
CMC.US,5,20131204,175500,19.7400,19.7700,19.7400,19.7600,1845,0
CMC.US,5,20131204,180000,19.7600,19.7800,19.7600,19.7600,1900,0
CMC.US,5,20131204,180500,19.7600,19.7600,19.7000,19.7200,5257,0
CMC.US,5,20131204,181000,19.7200,19.7200,19.7000,19.7000,3956,0
CMC.US,5,20131204,181500,19.7000,19.7000,19.6600,19.6600,3300,0
CMC.US,5,20131204,182000,19.6600,19.6600,19.6400,19.6400,5200,0
CMC.US,5,20131204,182500,19.6300,19.6400,19.6300,19.6400,3200,0
CMC.US,5,20131204,183000,19.6300,19.6300,19.6000,19.6100,5942,0
CMC.US,5,20131204,183500,19.6100,19.6600,19.6100,19.6600,3601,0
CMC.US,5,20131204,184000,19.6600,19.6600,19.6400,19.6500,4636,0
CMC.US,5,20131204,184500,19.6500,19.6500,19.6100,19.6300,4789,0
CMC.US,5,20131204,185000,19.6400,19.6600,19.6300,19.6300,2929,0
CMC.US,5,20131204,185500,19.6300,19.6300,19.6300,19.6300,2300,0
CMC.US,5,20131204,190000,19.6200,19.6200,19.5800,19.5800,2612,0
CMC.US,5,20131204,190500,19.5800,19.6300,19.5800,19.6000,11869,0
CMC.US,5,20131204,191000,19.6000,19.6000,19.5700,19.5800,6246,0
CMC.US,5,20131204,191500,19.5700,19.5800,19.5400,19.5400,6211,0
CMC.US,5,20131204,192000,19.5400,19.5500,19.5200,19.5200,4902,0
CMC.US,5,20131204,192500,19.5200,19.5400,19.4900,19.5100,8581,0
CMC.US,5,20131204,193000,19.5100,19.5100,19.4800,19.4900,4411,0
CMC.US,5,20131204,193500,19.4700,19.4700,19.4200,19.4600,18149,0
CMC.US,5,20131204,194000,19.4500,19.4800,19.4500,19.4800,6500,0
CMC.US,5,20131204,194500,19.4700,19.5000,19.4700,19.4800,7200,0
CMC.US,5,20131204,195000,19.4900,19.5100,19.4800,19.4900,1400,0
CMC.US,5,20131204,195500,19.4800,19.4900,19.4800,19.4900,3000,0
CMC.US,5,20131204,200000,19.4900,19.4900,19.4600,19.4600,2700,0
CMC.US,5,20131204,200500,19.4700,19.4900,19.4600,19.4800,2700,0
CMC.US,5,20131204,201000,19.4800,19.5000,19.4800,19.4800,2009,0
CMC.US,5,20131204,201500,19.4900,19.5600,19.4900,19.5400,7108,0
CMC.US,5,20131204,202000,19.5500,19.5700,19.5300,19.5700,1559,0
CMC.US,5,20131204,202500,19.5600,19.5600,19.5300,19.5500,4594,0
CMC.US,5,20131204,203000,19.5500,19.5600,19.5400,19.5400,5021,0
CMC.US,5,20131204,203500,19.5500,19.5700,19.5400,19.5600,3294,0
CMC.US,5,20131204,204000,19.5500,19.5700,19.5500,19.5700,3600,0
CMC.US,5,20131204,204500,19.5800,19.5800,19.5700,19.5700,900,0
CMC.US,5,20131204,205000,19.5800,19.5900,19.5800,19.5900,11900,0
CMC.US,5,20131204,205500,19.5900,19.6100,19.5800,19.6000,6802,0
CMC.US,5,20131204,210000,19.6100,19.6100,19.6000,19.6100,4510,0
CMC.US,5,20131204,210500,19.6100,19.6100,19.5600,19.5600,7881,0
CMC.US,5,20131204,211000,19.5600,19.5800,19.5600,19.5700,11585,0
CMC.US,5,20131204,211500,19.5700,19.5700,19.5600,19.5600,3900,0
CMC.US,5,20131204,212000,19.5600,19.6100,19.5600,19.6100,3892,0
CMC.US,5,20131204,212500,19.6100,19.6100,19.5900,19.5900,4130,0
CMC.US,5,20131204,213000,19.5900,19.5900,19.5800,19.5900,1800,0
CMC.US,5,20131204,213500,19.5900,19.6300,19.5800,19.6200,10830,0
CMC.US,5,20131204,214000,19.6400,19.6600,19.6400,19.6500,7230,0
CMC.US,5,20131204,214500,19.6500,19.6700,19.6400,19.6400,11900,0
CMC.US,5,20131204,215000,19.6500,19.6600,19.6200,19.6300,13976,0
CMC.US,5,20131204,215500,19.6400,19.6500,19.6400,19.6500,7600,0
CMC.US,5,20131204,220000,19.6500,19.6500,19.6000,19.6000,45529,0
CMC.US,5,20131204,220500,19.6000,19.6000,19.6000,19.6000,133794,0
CMC.US,5,20131205,153500,19.5700,19.6100,19.4700,19.5900,1500,0
CMC.US,5,20131205,154000,19.6000,19.6800,19.6000,19.6300,3804,0
CMC.US,5,20131205,154500,19.5700,19.5700,19.5500,19.5500,1059,0
CMC.US,5,20131205,155000,19.5600,19.6500,19.5500,19.6200,4100,0
CMC.US,5,20131205,155500,19.5800,19.5900,19.5500,19.5900,3220,0
CMC.US,5,20131205,160000,19.5700,19.5800,19.5700,19.5700,1600,0
CMC.US,5,20131205,160500,19.5200,19.6200,19.5200,19.6200,3355,0
CMC.US,5,20131205,161000,19.6100,19.6300,19.6000,19.6200,6086,0
CMC.US,5,20131205,161500,19.6200,19.6600,19.6200,19.6400,5400,0
CMC.US,5,20131205,162000,19.6200,19.6300,19.6100,19.6200,4199,0
CMC.US,5,20131205,162500,19.6300,19.6300,19.5600,19.5600,3200,0
CMC.US,5,20131205,163000,19.5600,19.5800,19.5500,19.5800,1900,0
CMC.US,5,20131205,163500,19.5800,19.6100,19.5700,19.5900,4200,0
CMC.US,5,20131205,164000,19.5800,19.6300,19.5800,19.6300,3530,0
CMC.US,5,20131205,164500,19.6200,19.6200,19.5900,19.5900,2400,0
CMC.US,5,20131205,165000,19.5800,19.6000,19.5700,19.6000,5400,0
CMC.US,5,20131205,165500,19.6000,19.6100,19.6000,19.6000,2200,0
CMC.US,5,20131205,170000,19.6000,19.6100,19.5900,19.5900,3042,0
CMC.US,5,20131205,170500,19.5900,19.6300,19.5800,19.6200,4600,0
CMC.US,5,20131205,171000,19.6200,19.6500,19.6200,19.6400,3300,0
CMC.US,5,20131205,171500,19.6400,19.6500,19.6300,19.6500,5024,0
CMC.US,5,20131205,172000,19.6600,19.7100,19.6600,19.6700,8699,0
CMC.US,5,20131205,172500,19.6700,19.6900,19.6500,19.6800,4199,0
CMC.US,5,20131205,173000,19.6800,19.6800,19.6600,19.6600,1900,0
CMC.US,5,20131205,173500,19.6600,19.6600,19.6400,19.6500,2200,0
CMC.US,5,20131205,174000,19.6500,19.6500,19.6300,19.6400,3900,0
CMC.US,5,20131205,174500,19.6400,19.6500,19.6300,19.6500,2200,0
CMC.US,5,20131205,175000,19.6500,19.6600,19.6300,19.6300,2400,0
CMC.US,5,20131205,175500,19.6300,19.6600,19.6300,19.6600,2000,0
CMC.US,5,20131205,180000,19.6500,19.6500,19.6400,19.6400,1500,0
CMC.US,5,20131205,180500,19.6400,19.6700,19.6400,19.6600,1801,0
CMC.US,5,20131205,181000,19.6600,19.6900,19.6600,19.6800,3200,0
CMC.US,5,20131205,181500,19.6900,19.7100,19.6900,19.7100,1700,0
CMC.US,5,20131205,182000,19.7000,19.7000,19.6800,19.6800,1500,0
CMC.US,5,20131205,182500,19.6800,19.6800,19.6600,19.6600,6265,0
CMC.US,5,20131205,183000,19.6700,19.6700,19.6500,19.6700,1700,0
CMC.US,5,20131205,183500,19.6700,19.6700,19.6600,19.6600,2100,0
CMC.US,5,20131205,184000,19.6600,19.6700,19.6600,19.6600,1100,0
CMC.US,5,20131205,184500,19.6500,19.6600,19.6500,19.6600,4800,0
CMC.US,5,20131205,185000,19.6600,19.6800,19.6500,19.6500,2046,0
CMC.US,5,20131205,185500,19.6500,19.6700,19.6500,19.6700,2800,0
CMC.US,5,20131205,190000,19.6700,19.7000,19.6700,19.7000,1602,0
CMC.US,5,20131205,190500,19.7000,19.7000,19.6900,19.6900,1700,0
CMC.US,5,20131205,191000,19.6900,19.7000,19.6900,19.7000,1500,0
CMC.US,5,20131205,191500,19.7000,19.7000,19.7000,19.7000,300,0
CMC.US,5,20131205,192000,19.6900,19.7000,19.6600,19.6700,4702,0
CMC.US,5,20131205,192500,19.6600,19.6800,19.6500,19.6800,1700,0
CMC.US,5,20131205,193000,19.6800,19.6800,19.6500,19.6600,4736,0
CMC.US,5,20131205,193500,19.6600,19.6600,19.6500,19.6500,200,0
CMC.US,5,20131205,194000,19.6600,19.6900,19.6600,19.6800,1500,0
CMC.US,5,20131205,194500,19.6900,19.6900,19.6700,19.6800,2900,0
CMC.US,5,20131205,195000,19.6800,19.6800,19.6500,19.6600,2211,0
CMC.US,5,20131205,195500,19.6600,19.6800,19.6600,19.6800,5000,0
CMC.US,5,20131205,200000,19.6800,19.7100,19.6700,19.7000,22139,0
CMC.US,5,20131205,200500,19.7000,19.7500,19.7000,19.7200,5326,0
CMC.US,5,20131205,201000,19.7200,19.7300,19.7200,19.7200,2333,0
CMC.US,5,20131205,201500,19.7200,19.7200,19.6900,19.7000,3300,0
CMC.US,5,20131205,202000,19.7000,19.7100,19.6900,19.7000,3503,0
CMC.US,5,20131205,202500,19.7000,19.7000,19.6800,19.6900,67200,0
CMC.US,5,20131205,203000,19.6800,19.6900,19.6700,19.6900,3600,0
CMC.US,5,20131205,203500,19.7000,19.7100,19.6900,19.6900,5211,0
CMC.US,5,20131205,204000,19.6900,19.7400,19.6900,19.7400,3312,0
CMC.US,5,20131205,204500,19.7400,19.7600,19.7400,19.7600,4300,0
CMC.US,5,20131205,205000,19.7500,19.7600,19.7200,19.7400,39700,0
CMC.US,5,20131205,205500,19.7400,19.7500,19.7100,19.7100,6600,0
CMC.US,5,20131205,210000,19.7200,19.7200,19.7000,19.7100,2545,0
CMC.US,5,20131205,210500,19.7000,19.7200,19.6800,19.7100,4209,0
CMC.US,5,20131205,211000,19.7100,19.7200,19.7100,19.7100,4393,0
CMC.US,5,20131205,211500,19.7100,19.7300,19.7000,19.7300,6338,0
CMC.US,5,20131205,212000,19.7200,19.7200,19.7100,19.7100,7100,0
CMC.US,5,20131205,212500,19.6900,19.6900,19.6500,19.6600,9449,0
CMC.US,5,20131205,213000,19.6700,19.6700,19.6600,19.6600,4600,0
CMC.US,5,20131205,213500,19.6600,19.7100,19.6600,19.7100,8431,0
CMC.US,5,20131205,214000,19.7100,19.7200,19.7000,19.7000,8381,0
CMC.US,5,20131205,214500,19.7000,19.7200,19.7000,19.7000,10585,0
CMC.US,5,20131205,215000,19.7000,19.7000,19.6600,19.6700,23446,0
CMC.US,5,20131205,215500,19.6700,19.6800,19.6500,19.6700,17322,0
CMC.US,5,20131205,220000,19.6600,19.6800,19.6500,19.6700,48261,0
CMC.US,5,20131205,220500,19.6700,19.6700,19.6700,19.6700,141624,0
CMC.US,5,20131206,153500,19.7800,19.9900,19.7300,19.9900,4694,0
CMC.US,5,20131206,154000,19.9800,19.9800,19.8600,19.8600,4518,0
CMC.US,5,20131206,154500,19.9100,19.9100,19.8900,19.8900,300,0
CMC.US,5,20131206,155000,19.8900,19.8900,19.8400,19.8400,2800,0
CMC.US,5,20131206,155500,19.8600,19.9500,19.8400,19.9400,11417,0
CMC.US,5,20131206,160000,19.9500,20.0000,19.9400,19.9500,27098,0
CMC.US,5,20131206,160500,19.9500,20.0000,19.9300,19.9800,9500,0
CMC.US,5,20131206,161000,19.9700,19.9900,19.9600,19.9900,3994,0
CMC.US,5,20131206,161500,19.9800,19.9900,19.9600,19.9800,6320,0
CMC.US,5,20131206,162000,19.9700,19.9900,19.9700,19.9800,9700,0
CMC.US,5,20131206,162500,19.9800,20.0000,19.9500,19.9500,6875,0
CMC.US,5,20131206,163000,19.9600,19.9800,19.8900,19.8900,11900,0
CMC.US,5,20131206,163500,19.8900,19.8900,19.8400,19.8800,4700,0
CMC.US,5,20131206,164000,19.8800,19.9000,19.8500,19.8500,4700,0
CMC.US,5,20131206,164500,19.8500,19.8600,19.8100,19.8100,10600,0
CMC.US,5,20131206,165000,19.8000,19.8100,19.7800,19.7900,7700,0
CMC.US,5,20131206,165500,19.7900,19.7900,19.7600,19.7700,9399,0
CMC.US,5,20131206,170000,19.7700,19.8000,19.7700,19.7900,4499,0
CMC.US,5,20131206,170500,19.7800,19.8100,19.7700,19.8100,5600,0
CMC.US,5,20131206,171000,19.8100,19.8200,19.7900,19.7900,3000,0
CMC.US,5,20131206,171500,19.8000,19.8000,19.7900,19.8000,5285,0
CMC.US,5,20131206,172000,19.8100,19.8100,19.8000,19.8000,2102,0
CMC.US,5,20131206,172500,19.8000,19.8200,19.8000,19.8000,3383,0
CMC.US,5,20131206,173000,19.8000,19.8100,19.8000,19.8100,2056,0
CMC.US,5,20131206,173500,19.8100,19.8900,19.8100,19.8600,10559,0
CMC.US,5,20131206,174000,19.8700,19.8700,19.8600,19.8600,2058,0
CMC.US,5,20131206,174500,19.8700,19.8800,19.8600,19.8800,2299,0
CMC.US,5,20131206,175000,19.8800,19.9300,19.8800,19.9000,8231,0
CMC.US,5,20131206,175500,19.9000,19.9100,19.8800,19.8800,4700,0
CMC.US,5,20131206,180000,19.8800,19.9000,19.8800,19.8900,2500,0
CMC.US,5,20131206,180500,19.9000,19.9000,19.9000,19.9000,700,0
CMC.US,5,20131206,181000,19.9000,19.9100,19.9000,19.9000,2100,0
CMC.US,5,20131206,181500,19.9000,19.9200,19.8900,19.9200,1446,0
CMC.US,5,20131206,182000,19.9100,19.9200,19.8900,19.9000,5430,0
CMC.US,5,20131206,182500,19.9000,19.9100,19.9000,19.9000,1700,0
CMC.US,5,20131206,183000,19.9100,19.9300,19.9100,19.9200,7288,0
CMC.US,5,20131206,183500,19.9200,19.9200,19.9200,19.9200,1400,0
CMC.US,5,20131206,184000,19.9200,19.9600,19.9200,19.9600,3100,0
CMC.US,5,20131206,184500,19.9600,19.9700,19.9400,19.9400,3100,0
CMC.US,5,20131206,185000,19.9500,19.9500,19.9500,19.9500,800,0
CMC.US,5,20131206,185500,19.9500,19.9600,19.9500,19.9500,3000,0
CMC.US,5,20131206,190000,19.9500,19.9600,19.9400,19.9600,1900,0
CMC.US,5,20131206,190500,19.9600,19.9600,19.9300,19.9300,6600,0
CMC.US,5,20131206,191000,19.9300,19.9400,19.9300,19.9300,2300,0
CMC.US,5,20131206,191500,19.9300,19.9400,19.9100,19.9400,3480,0
CMC.US,5,20131206,192000,19.9400,19.9500,19.9400,19.9400,1801,0
CMC.US,5,20131206,192500,19.9400,19.9500,19.9300,19.9300,1200,0
CMC.US,5,20131206,193000,19.9300,19.9400,19.8900,19.9000,4159,0
CMC.US,5,20131206,193500,19.8900,19.9000,19.8800,19.8800,3300,0
CMC.US,5,20131206,194000,19.8900,19.9000,19.8700,19.8800,5954,0
CMC.US,5,20131206,194500,19.8800,19.9200,19.8800,19.9000,6226,0
CMC.US,5,20131206,195000,19.8800,19.8800,19.8400,19.8400,3745,0
CMC.US,5,20131206,195500,19.8400,19.8500,19.8200,19.8200,3499,0
CMC.US,5,20131206,200000,19.8300,19.8700,19.8300,19.8500,6817,0
CMC.US,5,20131206,200500,19.8600,19.8800,19.8500,19.8600,4800,0
CMC.US,5,20131206,201000,19.8600,19.9000,19.8600,19.9000,4220,0
CMC.US,5,20131206,201500,19.9000,19.9100,19.8900,19.8900,3432,0
CMC.US,5,20131206,202000,19.8800,19.9000,19.8800,19.9000,16216,0
CMC.US,5,20131206,202500,19.8900,19.9100,19.8900,19.9000,3082,0
CMC.US,5,20131206,203000,19.9000,19.9200,19.9000,19.9100,3953,0
CMC.US,5,20131206,203500,19.9100,19.9500,19.9100,19.9500,23412,0
CMC.US,5,20131206,204000,19.9500,19.9600,19.9500,19.9600,750,0
CMC.US,5,20131206,204500,19.9600,19.9600,19.9500,19.9600,500,0
CMC.US,5,20131206,205000,19.9500,19.9600,19.9400,19.9500,10838,0
CMC.US,5,20131206,205500,19.9500,19.9500,19.9400,19.9400,9570,0
CMC.US,5,20131206,210000,19.9300,19.9400,19.9200,19.9300,3248,0
CMC.US,5,20131206,210500,19.9300,19.9400,19.9100,19.9100,29863,0
CMC.US,5,20131206,211000,19.9100,19.9200,19.9000,19.9100,8908,0
CMC.US,5,20131206,211500,19.9000,19.9100,19.8800,19.8900,26412,0
CMC.US,5,20131206,212000,19.9000,19.9000,19.8900,19.9000,7209,0
CMC.US,5,20131206,212500,19.8900,19.9100,19.8900,19.9000,28172,0
CMC.US,5,20131206,213000,19.9000,19.9000,19.8800,19.9000,17688,0
CMC.US,5,20131206,213500,19.8900,19.9200,19.8900,19.9200,8748,0
CMC.US,5,20131206,214000,19.9200,19.9200,19.8900,19.9000,27123,0
CMC.US,5,20131206,214500,19.9000,19.9100,19.8800,19.8900,19582,0
CMC.US,5,20131206,215000,19.8800,19.9000,19.8700,19.8900,40730,0
CMC.US,5,20131206,215500,19.8900,19.9100,19.8800,19.8900,23065,0
CMC.US,5,20131206,220000,19.9000,19.9000,19.8600,19.8700,47010,0
CMC.US,5,20131206,220500,19.8600,19.8600,19.8600,19.8600,78350,0
CMC.US,5,20131209,153500,19.9000,19.9500,19.9000,19.9500,5554,0
CMC.US,5,20131209,154000,19.9600,20.0000,19.9600,19.9900,31598,0
CMC.US,5,20131209,154500,19.9600,20.0000,19.9600,19.9900,10723,0
CMC.US,5,20131209,155000,20.0000,20.0700,20.0000,20.0500,9120,0
CMC.US,5,20131209,155500,20.0500,20.1200,20.0500,20.1200,6094,0
CMC.US,5,20131209,160000,20.1200,20.1500,20.1200,20.1500,2600,0
CMC.US,5,20131209,160500,20.1600,20.1600,20.1200,20.1300,8088,0
CMC.US,5,20131209,161000,20.1300,20.1300,20.0600,20.0700,9004,0
CMC.US,5,20131209,161500,20.0700,20.0700,20.0000,20.0300,8200,0
CMC.US,5,20131209,162000,20.0300,20.0300,19.9900,19.9900,3200,0
CMC.US,5,20131209,162500,19.9800,19.9800,19.9600,19.9600,1500,0
CMC.US,5,20131209,163000,19.9600,19.9600,19.9600,19.9600,2400,0
CMC.US,5,20131209,163500,19.9500,19.9500,19.9200,19.9500,5877,0
CMC.US,5,20131209,164000,19.9400,19.9700,19.9400,19.9700,2800,0
CMC.US,5,20131209,164500,19.9700,20.0000,19.9500,19.9900,18390,0
CMC.US,5,20131209,165000,19.9900,20.0000,19.9900,19.9900,2300,0
CMC.US,5,20131209,165500,20.0000,20.0300,19.9900,20.0300,2000,0
CMC.US,5,20131209,170000,20.0400,20.0500,20.0200,20.0500,5958,0
CMC.US,5,20131209,170500,20.0400,20.0600,20.0400,20.0500,3100,0
CMC.US,5,20131209,171000,20.0600,20.1000,20.0600,20.0900,4900,0
CMC.US,5,20131209,171500,20.0900,20.0900,20.0400,20.0400,17500,0
CMC.US,5,20131209,172000,20.0400,20.0500,20.0300,20.0400,6628,0
CMC.US,5,20131209,172500,20.0500,20.0700,20.0400,20.0500,6200,0
CMC.US,5,20131209,173000,20.0500,20.0600,20.0000,20.0000,12203,0
CMC.US,5,20131209,173500,20.0000,20.0200,19.9900,19.9900,6100,0
CMC.US,5,20131209,174000,20.0000,20.0000,19.9900,20.0000,500,0
CMC.US,5,20131209,174500,19.9900,20.0100,19.9900,20.0000,3753,0
CMC.US,5,20131209,175000,20.0000,20.0000,19.9800,19.9800,5538,0
CMC.US,5,20131209,175500,19.9900,19.9900,19.9900,19.9900,400,0
CMC.US,5,20131209,180000,19.9900,19.9900,19.9900,19.9900,1000,0
CMC.US,5,20131209,180500,19.9900,19.9900,19.9800,19.9900,1600,0
CMC.US,5,20131209,181000,19.9900,20.0000,19.9800,19.9800,5400,0
CMC.US,5,20131209,181500,19.9800,19.9800,19.9400,19.9400,8522,0
CMC.US,5,20131209,182000,19.9400,19.9400,19.9200,19.9300,11130,0
CMC.US,5,20131209,182500,19.9200,19.9200,19.8900,19.9100,12906,0
CMC.US,5,20131209,183000,19.9000,19.9100,19.9000,19.9100,2600,0
CMC.US,5,20131209,183500,19.9100,19.9500,19.9000,19.9200,11110,0
CMC.US,5,20131209,184000,19.9200,19.9400,19.9200,19.9400,3000,0
CMC.US,5,20131209,184500,19.9400,19.9700,19.9400,19.9500,8497,0
CMC.US,5,20131209,185000,19.9400,19.9600,19.9200,19.9300,12311,0
CMC.US,5,20131209,185500,19.9200,19.9300,19.8900,19.9000,8002,0
CMC.US,5,20131209,190000,19.9000,19.9200,19.9000,19.9100,10931,0
CMC.US,5,20131209,190500,19.9000,19.9100,19.8800,19.8900,16135,0
CMC.US,5,20131209,191000,19.9000,19.9000,19.8700,19.9000,16700,0
CMC.US,5,20131209,191500,19.9000,19.9200,19.9000,19.9200,3472,0
CMC.US,5,20131209,192000,19.9300,19.9600,19.9300,19.9600,5400,0
CMC.US,5,20131209,192500,19.9700,20.0000,19.9700,20.0000,5200,0
CMC.US,5,20131209,193000,20.0000,20.0000,19.9900,19.9900,2500,0
CMC.US,5,20131209,193500,19.9800,20.0200,19.9800,20.0200,4005,0
CMC.US,5,20131209,194000,20.0200,20.0200,20.0200,20.0200,1500,0
CMC.US,5,20131209,194500,20.0400,20.0500,20.0400,20.0400,4200,0
CMC.US,5,20131209,195000,20.0300,20.0300,20.0000,20.0100,7543,0
CMC.US,5,20131209,195500,20.0100,20.0300,19.9900,19.9900,8300,0
CMC.US,5,20131209,200000,20.0000,20.0100,20.0000,20.0100,300,0
CMC.US,5,20131209,200500,20.0100,20.0300,20.0100,20.0300,3091,0
CMC.US,5,20131209,201000,20.0400,20.0600,20.0400,20.0500,6351,0
CMC.US,5,20131209,201500,20.0500,20.0600,20.0400,20.0500,4500,0
CMC.US,5,20131209,202000,20.0500,20.0500,20.0200,20.0300,3300,0
CMC.US,5,20131209,202500,20.0300,20.0300,20.0100,20.0100,3286,0
CMC.US,5,20131209,203000,20.0000,20.0400,20.0000,20.0400,2550,0
CMC.US,5,20131209,203500,20.0400,20.0400,20.0400,20.0400,2900,0
CMC.US,5,20131209,204000,20.0400,20.0400,20.0300,20.0400,4320,0
CMC.US,5,20131209,204500,20.0500,20.0700,20.0400,20.0400,4526,0
CMC.US,5,20131209,205000,20.0400,20.0500,20.0300,20.0400,3976,0
CMC.US,5,20131209,205500,20.0300,20.0500,20.0300,20.0300,4022,0
CMC.US,5,20131209,210000,20.0100,20.0200,20.0000,20.0200,4474,0
CMC.US,5,20131209,210500,20.0200,20.0400,20.0100,20.0400,5486,0
CMC.US,5,20131209,211000,20.0300,20.0300,19.9900,20.0100,4213,0
CMC.US,5,20131209,211500,20.0000,20.0200,20.0000,20.0200,5300,0
CMC.US,5,20131209,212000,20.0200,20.0400,20.0200,20.0200,5360,0
CMC.US,5,20131209,212500,20.0200,20.0400,20.0200,20.0300,7514,0
CMC.US,5,20131209,213000,20.0300,20.0400,20.0200,20.0300,6309,0
CMC.US,5,20131209,213500,20.0300,20.0400,20.0100,20.0100,8670,0
CMC.US,5,20131209,214000,20.0000,20.0300,20.0000,20.0100,5100,0
CMC.US,5,20131209,214500,20.0200,20.0200,19.9800,19.9900,10991,0
CMC.US,5,20131209,215000,20.0000,20.0500,20.0000,20.0500,23217,0
CMC.US,5,20131209,215500,20.0500,20.0500,20.0300,20.0300,30500,0
CMC.US,5,20131209,220000,20.0400,20.0400,20.0000,20.0100,54304,0
CMC.US,5,20131209,220500,20.0000,20.0000,20.0000,20.0000,72573,0
