<TICKER>,<PER>,<DTYYYYMMDD>,<TIME>,<OPEN>,<HIGH>,<LOW>,<CLOSE>,<VOL>,<OPENINT>
CNI.US,5,20131112,153500,111.7600,111.9300,111.6700,111.7200,7961,0
CNI.US,5,20131112,154000,111.7800,112.0300,111.5600,111.5800,5903,0
CNI.US,5,20131112,154500,111.6800,111.7300,111.5800,111.6900,3363,0
CNI.US,5,20131112,155000,111.6500,112.2800,111.6500,112.0600,8143,0
CNI.US,5,20131112,155500,112.0000,112.0700,111.9100,112.0100,2814,0
CNI.US,5,20131112,160000,112.0100,112.0100,111.7900,111.9700,6005,0
CNI.US,5,20131112,160500,111.9300,111.9500,111.8300,111.9300,2687,0
CNI.US,5,20131112,161000,111.8700,111.8700,111.8300,111.8300,2300,0
CNI.US,5,20131112,161500,111.8600,111.8600,111.7400,111.7800,1100,0
CNI.US,5,20131112,162000,111.7600,111.8800,111.7000,111.7100,5000,0
CNI.US,5,20131112,162500,111.7200,111.7200,111.5400,111.5400,1119,0
CNI.US,5,20131112,163000,111.6000,111.7900,111.5500,111.7900,5519,0
CNI.US,5,20131112,163500,111.7800,111.7900,111.6800,111.7400,3900,0
CNI.US,5,20131112,164000,111.7100,111.7400,111.6800,111.7200,1514,0
CNI.US,5,20131112,164500,111.7100,111.8200,111.6400,111.7400,6647,0
CNI.US,5,20131112,165000,111.7800,111.8900,111.7500,111.8600,5884,0
CNI.US,5,20131112,165500,111.8500,111.9200,111.7400,111.8900,4360,0
CNI.US,5,20131112,170000,111.8800,111.8800,111.7600,111.7600,2100,0
CNI.US,5,20131112,170500,111.7900,111.7900,111.7300,111.7300,2695,0
CNI.US,5,20131112,171000,111.7200,111.7600,111.6900,111.6900,2300,0
CNI.US,5,20131112,171500,111.7000,111.7400,111.6700,111.7000,3950,0
CNI.US,5,20131112,172000,111.6700,111.6900,111.5900,111.6700,1900,0
CNI.US,5,20131112,172500,111.7100,111.7500,111.7000,111.7400,2100,0
CNI.US,5,20131112,173000,111.7100,111.7300,111.6700,111.6700,3300,0
CNI.US,5,20131112,173500,111.6000,111.7200,111.6000,111.7000,3700,0
CNI.US,5,20131112,174000,111.7200,111.7200,111.5700,111.6100,3300,0
CNI.US,5,20131112,174500,111.6600,111.7600,111.6200,111.6200,2800,0
CNI.US,5,20131112,175000,111.6500,111.7200,111.6500,111.7200,1500,0
CNI.US,5,20131112,175500,111.6900,111.6900,111.6400,111.6400,1043,0
CNI.US,5,20131112,180000,111.6900,111.7700,111.6900,111.7700,1405,0
CNI.US,5,20131112,180500,111.7800,111.9100,111.7800,111.8400,5095,0
CNI.US,5,20131112,181000,111.8200,111.8300,111.7700,111.7900,1900,0
CNI.US,5,20131112,181500,111.8000,111.8000,111.7600,111.7800,1400,0
CNI.US,5,20131112,182000,111.7900,111.7900,111.7300,111.7300,1000,0
CNI.US,5,20131112,182500,111.7400,111.7400,111.7000,111.7200,2620,0
CNI.US,5,20131112,183000,111.7000,111.7300,111.7000,111.7300,2200,0
CNI.US,5,20131112,183500,111.6900,111.8300,111.6800,111.7900,17163,0
CNI.US,5,20131112,184000,111.7600,111.7900,111.7600,111.7700,1150,0
CNI.US,5,20131112,184500,111.7700,111.8400,111.7700,111.8400,600,0
CNI.US,5,20131112,185000,111.8100,111.8800,111.8100,111.8700,2200,0
CNI.US,5,20131112,185500,111.8700,111.9200,111.8400,111.9200,2300,0
CNI.US,5,20131112,190000,111.9000,111.9600,111.8900,111.9100,22702,0
CNI.US,5,20131112,190500,111.9100,111.9400,111.8200,111.8900,79017,0
CNI.US,5,20131112,191000,111.9200,111.9900,111.9100,111.9500,6952,0
CNI.US,5,20131112,191500,111.9800,112.1300,111.9500,112.0800,20630,0
CNI.US,5,20131112,192000,112.0400,112.0400,112.0400,112.0400,300,0
CNI.US,5,20131112,192500,112.0700,112.0800,112.0100,112.0100,1925,0
CNI.US,5,20131112,193000,112.0200,112.0300,111.9800,111.9800,900,0
CNI.US,5,20131112,193500,111.9800,112.0900,111.9700,112.0000,14993,0
CNI.US,5,20131112,194000,111.9400,111.9600,111.9300,111.9300,825,0
CNI.US,5,20131112,194500,111.9100,111.9900,111.9000,111.9400,34625,0
CNI.US,5,20131112,195000,111.9300,111.9500,111.8900,111.9100,33273,0
CNI.US,5,20131112,195500,111.9400,111.9500,111.8300,111.8500,21678,0
CNI.US,5,20131112,200000,111.8200,111.8400,111.7500,111.7500,29589,0
CNI.US,5,20131112,200500,111.7500,111.7600,111.7300,111.7300,800,0
CNI.US,5,20131112,201000,111.7300,111.7500,111.6900,111.7200,2200,0
CNI.US,5,20131112,201500,111.7400,111.7900,111.6700,111.6700,54658,0
CNI.US,5,20131112,202000,111.6900,111.7300,111.6500,111.6900,17009,0
CNI.US,5,20131112,202500,111.7100,111.8000,111.6800,111.7900,13600,0
CNI.US,5,20131112,203000,111.8100,111.8600,111.7900,111.8500,3500,0
CNI.US,5,20131112,203500,111.8400,111.8400,111.7600,111.7600,4500,0
CNI.US,5,20131112,204000,111.7800,111.8200,111.7400,111.7900,17753,0
CNI.US,5,20131112,204500,111.8100,111.8800,111.8100,111.8800,888,0
CNI.US,5,20131112,205000,111.8700,112.0200,111.8700,112.0200,2809,0
CNI.US,5,20131112,205500,111.9900,112.0500,111.9800,111.9800,1600,0
CNI.US,5,20131112,210000,112.0100,112.1100,111.9800,112.0700,6200,0
CNI.US,5,20131112,210500,112.0900,112.1300,112.0800,112.0900,1050,0
CNI.US,5,20131112,211000,112.0900,112.1000,112.0900,112.0900,300,0
CNI.US,5,20131112,211500,112.0800,112.1400,112.0800,112.1100,2286,0
CNI.US,5,20131112,212000,112.0800,112.1000,112.0500,112.0800,7090,0
CNI.US,5,20131112,212500,112.0500,112.0500,111.9600,112.0000,4700,0
CNI.US,5,20131112,213000,111.9900,112.0700,111.9500,112.0500,6300,0
CNI.US,5,20131112,213500,112.0300,112.0300,111.9400,111.9400,4200,0
CNI.US,5,20131112,214000,111.9300,111.9300,111.8700,111.8800,2576,0
CNI.US,5,20131112,214500,111.8700,111.8700,111.7700,111.8000,7401,0
CNI.US,5,20131112,215000,111.8400,111.8500,111.7800,111.7800,4109,0
CNI.US,5,20131112,215500,111.8000,111.8100,111.7600,111.7800,7500,0
CNI.US,5,20131112,220000,111.7800,111.8200,111.7600,111.7700,12838,0
CNI.US,5,20131112,220500,111.8200,111.8200,111.8200,111.8200,11814,0
CNI.US,5,20131113,153500,111.6500,112.0600,111.6300,111.8300,8100,0
CNI.US,5,20131113,154000,111.8200,111.8200,111.6400,111.7800,4516,0
CNI.US,5,20131113,154500,111.8000,111.9700,111.7300,111.9500,7517,0
CNI.US,5,20131113,155000,111.9800,112.0400,111.9700,111.9800,3000,0
CNI.US,5,20131113,155500,112.0200,112.1600,112.0100,112.0500,5500,0
CNI.US,5,20131113,160000,112.0700,112.4100,112.0600,112.2900,25247,0
CNI.US,5,20131113,160500,112.2800,112.5900,112.2800,112.5600,27660,0
CNI.US,5,20131113,161000,112.5600,112.6000,112.3100,112.3100,4600,0
CNI.US,5,20131113,161500,112.2900,112.4600,112.2500,112.4600,4623,0
CNI.US,5,20131113,162000,112.4600,112.4800,112.3900,112.4500,2660,0
CNI.US,5,20131113,162500,112.4300,112.6400,112.4100,112.6300,4157,0
CNI.US,5,20131113,163000,112.6100,112.7700,112.5700,112.5700,6600,0
CNI.US,5,20131113,163500,112.5500,112.7500,112.4500,112.4700,3800,0
CNI.US,5,20131113,164000,112.4700,112.7300,112.4700,112.6800,22194,0
CNI.US,5,20131113,164500,112.7000,112.8700,112.7000,112.8400,2500,0
CNI.US,5,20131113,165000,112.8400,112.9200,112.8200,112.9000,2750,0
CNI.US,5,20131113,165500,112.8800,112.9300,112.5900,112.6600,7500,0
CNI.US,5,20131113,170000,112.6200,112.6700,112.5100,112.6700,5220,0
CNI.US,5,20131113,170500,112.6600,112.6600,112.4000,112.5000,5900,0
CNI.US,5,20131113,171000,112.5100,112.5100,112.3900,112.4900,2300,0
CNI.US,5,20131113,171500,112.4600,112.5400,112.4300,112.5400,2100,0
CNI.US,5,20131113,172000,112.5100,112.5200,112.4500,112.4500,1900,0
CNI.US,5,20131113,172500,112.4700,112.5600,112.4500,112.5100,5336,0
CNI.US,5,20131113,173000,112.5600,112.5800,112.5500,112.5500,800,0
CNI.US,5,20131113,173500,112.5500,112.5900,112.5300,112.5300,1250,0
CNI.US,5,20131113,174000,112.5100,112.5100,112.4200,112.4200,735,0
CNI.US,5,20131113,174500,112.3600,112.4100,112.2900,112.3100,22956,0
CNI.US,5,20131113,175000,112.3500,112.4100,112.2800,112.2800,26057,0
CNI.US,5,20131113,175500,112.2900,112.3200,112.2900,112.3000,1594,0
CNI.US,5,20131113,180000,112.2500,112.3500,112.2500,112.3500,1550,0
CNI.US,5,20131113,180500,112.3000,112.3000,112.2300,112.2400,900,0
CNI.US,5,20131113,181000,112.2500,112.2500,112.2000,112.2200,1000,0
CNI.US,5,20131113,181500,112.2400,112.2500,112.2100,112.2300,2000,0
CNI.US,5,20131113,182000,112.1900,112.2600,112.1900,112.1900,1400,0
CNI.US,5,20131113,182500,112.1800,112.1900,112.1400,112.1700,2300,0
CNI.US,5,20131113,183000,112.1900,112.2200,112.1900,112.2200,500,0
CNI.US,5,20131113,183500,112.1900,112.2400,112.1900,112.2300,406,0
CNI.US,5,20131113,184000,112.2200,112.2600,112.1800,112.2100,1929,0
CNI.US,5,20131113,184500,112.1900,112.2100,112.1500,112.2100,3187,0
CNI.US,5,20131113,185000,112.2000,112.2400,112.1500,112.2400,1600,0
CNI.US,5,20131113,185500,112.2100,112.2700,112.2100,112.2200,2600,0
CNI.US,5,20131113,190000,112.2100,112.2300,112.1700,112.2000,1800,0
CNI.US,5,20131113,190500,112.2200,112.2200,112.1700,112.1700,1716,0
CNI.US,5,20131113,191000,112.1500,112.1500,112.0800,112.0800,3058,0
CNI.US,5,20131113,191500,112.1500,112.1700,112.1500,112.1700,425,0
CNI.US,5,20131113,192000,112.1600,112.1600,112.0900,112.0900,1900,0
CNI.US,5,20131113,192500,112.1600,112.1600,111.9800,112.0700,5858,0
CNI.US,5,20131113,193000,112.1200,112.1600,112.0900,112.1000,2245,0
CNI.US,5,20131113,193500,112.1900,112.2200,112.1600,112.1600,1393,0
CNI.US,5,20131113,194000,112.2000,112.2000,112.0600,112.1900,5650,0
CNI.US,5,20131113,194500,112.1400,112.1800,112.1300,112.1800,1000,0
CNI.US,5,20131113,195000,112.1800,112.2300,112.1800,112.2300,625,0
CNI.US,5,20131113,195500,112.2400,112.2500,112.1800,112.1800,3400,0
CNI.US,5,20131113,200000,112.2100,112.2300,112.1700,112.1700,1600,0
CNI.US,5,20131113,200500,112.1600,112.1800,112.1600,112.1800,559,0
CNI.US,5,20131113,201000,112.1400,112.1900,112.1000,112.1300,7144,0
CNI.US,5,20131113,201500,112.1400,112.1600,112.0600,112.0600,5872,0
CNI.US,5,20131113,202000,112.1200,112.2000,112.1200,112.1800,2114,0
CNI.US,5,20131113,202500,112.1900,112.1900,112.1400,112.1900,5065,0
CNI.US,5,20131113,203000,112.1800,112.1800,112.0200,112.0200,2600,0
CNI.US,5,20131113,203500,112.0400,112.0800,112.0100,112.0800,2300,0
CNI.US,5,20131113,204000,112.0700,112.0900,112.0500,112.0500,1989,0
CNI.US,5,20131113,204500,112.0300,112.0600,111.9100,111.9200,6580,0
CNI.US,5,20131113,205000,111.9200,112.0000,111.9200,112.0000,3300,0
CNI.US,5,20131113,205500,112.0000,112.0400,111.9500,111.9800,7373,0
CNI.US,5,20131113,210000,112.0300,112.0400,111.9600,111.9700,6540,0
CNI.US,5,20131113,210500,112.0300,112.1000,112.0300,112.0600,3323,0
CNI.US,5,20131113,211000,112.0000,112.0900,112.0000,112.0600,3400,0
CNI.US,5,20131113,211500,112.0700,112.1000,112.0400,112.0700,3650,0
CNI.US,5,20131113,212000,112.0800,112.1100,112.0600,112.0900,4249,0
CNI.US,5,20131113,212500,112.1200,112.1200,112.0500,112.1100,3857,0
CNI.US,5,20131113,213000,112.1100,112.1200,112.0600,112.1100,2548,0
CNI.US,5,20131113,213500,112.0700,112.1300,112.0700,112.1300,1500,0
CNI.US,5,20131113,214000,112.1400,112.1900,112.1200,112.1700,3790,0
CNI.US,5,20131113,214500,112.1800,112.2600,112.1500,112.2000,10801,0
CNI.US,5,20131113,215000,112.2200,112.2500,112.1500,112.1900,6456,0
CNI.US,5,20131113,215500,112.2000,112.2400,112.1300,112.1600,9200,0
CNI.US,5,20131113,220000,112.1700,112.1800,112.0900,112.1100,23951,0
CNI.US,5,20131113,220500,112.1300,112.1300,112.1300,112.1300,7145,0
CNI.US,5,20131114,153500,111.8300,112.0400,111.6600,111.8700,5200,0
CNI.US,5,20131114,154000,111.8200,112.1000,111.7500,112.1000,3200,0
CNI.US,5,20131114,154500,112.1000,112.1000,111.7600,111.9200,5360,0
CNI.US,5,20131114,155000,111.9300,112.0200,111.6900,112.0200,7955,0
CNI.US,5,20131114,155500,112.0400,112.1100,111.9300,111.9400,1500,0
CNI.US,5,20131114,160000,111.8600,112.0200,111.8300,112.0200,2594,0
CNI.US,5,20131114,160500,111.9800,112.2700,111.9800,112.2200,5300,0
CNI.US,5,20131114,161000,112.1800,112.1900,112.0100,112.0900,4264,0
CNI.US,5,20131114,161500,112.1100,112.2300,112.0500,112.1600,4741,0
CNI.US,5,20131114,162000,112.1500,112.1800,112.0300,112.1600,7714,0
CNI.US,5,20131114,162500,112.1900,112.2000,112.0400,112.0400,1812,0
CNI.US,5,20131114,163000,112.0300,112.1800,112.0300,112.0800,34292,0
CNI.US,5,20131114,163500,112.1200,112.1600,112.0400,112.1600,11968,0
CNI.US,5,20131114,164000,112.1700,112.3100,112.1700,112.3100,1300,0
CNI.US,5,20131114,164500,112.3300,112.3500,112.2600,112.3200,29126,0
CNI.US,5,20131114,165000,112.2800,112.5800,112.2700,112.4900,41179,0
CNI.US,5,20131114,165500,112.4700,112.5400,112.3000,112.4900,40306,0
CNI.US,5,20131114,170000,112.4800,112.6000,112.4800,112.5600,12297,0
CNI.US,5,20131114,170500,112.6400,112.6400,112.3900,112.3900,11453,0
CNI.US,5,20131114,171000,112.4000,112.5000,112.3200,112.3900,7700,0
CNI.US,5,20131114,171500,112.3800,112.4800,112.3700,112.4200,1625,0
CNI.US,5,20131114,172000,112.4100,112.5200,112.4100,112.5200,10676,0
CNI.US,5,20131114,172500,112.4700,112.6200,112.4600,112.6200,10296,0
CNI.US,5,20131114,173000,112.6200,112.6500,112.4800,112.4800,1639,0
CNI.US,5,20131114,173500,112.4600,112.4900,112.3000,112.3000,3626,0
CNI.US,5,20131114,174000,112.2800,112.3900,112.2100,112.3900,11622,0
CNI.US,5,20131114,174500,112.3700,112.3900,112.3200,112.3600,1000,0
CNI.US,5,20131114,175000,112.4100,112.4200,112.3500,112.4100,1100,0
CNI.US,5,20131114,175500,112.4400,112.5100,112.4400,112.5100,2499,0
CNI.US,5,20131114,180000,112.5000,112.5300,112.4000,112.4000,1900,0
CNI.US,5,20131114,180500,112.3500,112.4100,112.3500,112.4000,900,0
CNI.US,5,20131114,181000,112.3900,112.3900,112.3600,112.3600,700,0
CNI.US,5,20131114,181500,112.3500,112.4400,112.3200,112.3500,12224,0
CNI.US,5,20131114,182000,112.3900,112.4100,112.3200,112.3300,3482,0
CNI.US,5,20131114,182500,112.3600,112.5100,112.3600,112.5100,1600,0
CNI.US,5,20131114,183000,112.5100,112.5600,112.4700,112.4700,1600,0
CNI.US,5,20131114,183500,112.5300,112.5700,112.4900,112.4900,500,0
CNI.US,5,20131114,184000,112.5700,112.6700,112.5500,112.6000,1600,0
CNI.US,5,20131114,184500,112.6800,112.6800,112.6000,112.6100,700,0
CNI.US,5,20131114,185000,112.6200,112.6700,112.5800,112.6500,5440,0
CNI.US,5,20131114,185500,112.6800,112.8000,112.6800,112.7300,4500,0
CNI.US,5,20131114,190000,112.7300,112.8500,112.7300,112.8200,4766,0
CNI.US,5,20131114,190500,112.8200,112.8600,112.6300,112.6500,1400,0
CNI.US,5,20131114,191000,112.6600,112.6800,112.6000,112.6000,1910,0
CNI.US,5,20131114,191500,112.6500,112.6700,112.6200,112.6300,1275,0
CNI.US,5,20131114,192000,112.6400,112.7300,112.6400,112.6800,1200,0
CNI.US,5,20131114,192500,112.6100,112.6600,112.5900,112.6600,600,0
CNI.US,5,20131114,193000,112.6200,112.6500,112.5900,112.6500,1500,0
CNI.US,5,20131114,193500,112.6000,112.6300,112.5600,112.6000,4190,0
CNI.US,5,20131114,194000,112.5500,112.5500,112.4700,112.4700,1000,0
CNI.US,5,20131114,194500,112.5200,112.5200,112.4600,112.4600,800,0
CNI.US,5,20131114,195000,112.4300,112.5500,112.4200,112.5500,2050,0
CNI.US,5,20131114,195500,112.5400,112.6100,112.5200,112.5800,1900,0
CNI.US,5,20131114,200000,112.5900,112.5900,112.5400,112.5600,2200,0
CNI.US,5,20131114,200500,112.5500,112.5600,112.5300,112.5400,1100,0
CNI.US,5,20131114,201000,112.5400,112.5600,112.5200,112.5400,500,0
CNI.US,5,20131114,201500,112.5200,112.5200,112.5200,112.5200,100,0
CNI.US,5,20131114,202000,112.5200,112.6000,112.5200,112.6000,3112,0
CNI.US,5,20131114,202500,112.5900,112.6000,112.5300,112.5700,2362,0
CNI.US,5,20131114,203000,112.5500,112.5600,112.5500,112.5600,2000,0
CNI.US,5,20131114,203500,112.5600,112.5700,112.5500,112.5500,1700,0
CNI.US,5,20131114,204000,112.5500,112.5800,112.5300,112.5700,3762,0
CNI.US,5,20131114,204500,112.5700,112.6100,112.5500,112.6100,3900,0
CNI.US,5,20131114,205000,112.6000,112.6300,112.5800,112.6000,6484,0
CNI.US,5,20131114,205500,112.6000,112.6300,112.5900,112.6200,5857,0
CNI.US,5,20131114,210000,112.6000,112.6400,112.5800,112.6400,2057,0
CNI.US,5,20131114,210500,112.6400,112.6700,112.6200,112.6600,1800,0
CNI.US,5,20131114,211000,112.6800,112.6900,112.6500,112.6900,1789,0
CNI.US,5,20131114,211500,112.7100,112.7500,112.6800,112.7400,3993,0
CNI.US,5,20131114,212000,112.7500,112.7800,112.7000,112.7100,3764,0
CNI.US,5,20131114,212500,112.7100,112.7700,112.6800,112.7000,2571,0
CNI.US,5,20131114,213000,112.7400,112.7400,112.6100,112.6500,7137,0
CNI.US,5,20131114,213500,112.6700,112.6700,112.5900,112.6300,1500,0
CNI.US,5,20131114,214000,112.5600,112.6000,112.5400,112.6000,2124,0
CNI.US,5,20131114,214500,112.6200,112.7700,112.6200,112.7700,11726,0
CNI.US,5,20131114,215000,112.7400,112.7400,112.6200,112.6200,4950,0
CNI.US,5,20131114,215500,112.6100,112.6700,112.5700,112.6100,5906,0
CNI.US,5,20131114,220000,112.6100,112.6600,112.5200,112.5200,14295,0
CNI.US,5,20131114,220500,112.5200,112.5200,112.5200,112.5200,10604,0
CNI.US,5,20131115,153500,112.6900,112.8100,112.3900,112.4600,12454,0
CNI.US,5,20131115,154000,112.5400,112.6200,112.3600,112.4700,20702,0
CNI.US,5,20131115,154500,112.4900,112.7400,112.4900,112.7400,7100,0
CNI.US,5,20131115,155000,112.6900,112.7200,112.5400,112.6600,29358,0
CNI.US,5,20131115,155500,112.6200,112.6700,112.4100,112.5000,22621,0
CNI.US,5,20131115,160000,112.4200,112.5600,112.2500,112.5500,17440,0
CNI.US,5,20131115,160500,112.4900,112.5500,112.3400,112.3400,3550,0
CNI.US,5,20131115,161000,112.3200,112.4500,112.3200,112.4400,4546,0
CNI.US,5,20131115,161500,112.4600,112.5000,112.3100,112.3100,6900,0
CNI.US,5,20131115,162000,112.3200,112.3600,112.2800,112.3500,3000,0
CNI.US,5,20131115,162500,112.3500,112.4100,112.3100,112.3900,2747,0
CNI.US,5,20131115,163000,112.3400,112.3800,112.2800,112.2800,847,0
CNI.US,5,20131115,163500,112.3000,112.3100,112.2600,112.3100,5600,0
CNI.US,5,20131115,164000,112.3300,112.3700,112.3000,112.3300,2560,0
CNI.US,5,20131115,164500,112.3200,112.3500,112.2800,112.2800,4600,0
CNI.US,5,20131115,165000,112.2800,112.4500,112.2600,112.4500,8910,0
CNI.US,5,20131115,165500,112.4300,112.5000,112.4300,112.5000,1100,0
CNI.US,5,20131115,170000,112.4700,112.5500,112.4700,112.5100,1700,0
CNI.US,5,20131115,170500,112.5100,112.5400,112.5000,112.5200,2000,0
CNI.US,5,20131115,171000,112.5200,112.5200,112.4700,112.4800,1000,0
CNI.US,5,20131115,171500,112.4800,112.5600,112.4700,112.5200,5815,0
CNI.US,5,20131115,172000,112.5000,112.5200,112.4700,112.5000,1578,0
CNI.US,5,20131115,172500,112.5000,112.5700,112.4800,112.5400,3995,0
CNI.US,5,20131115,173000,112.4900,112.5000,112.4500,112.4500,1000,0
CNI.US,5,20131115,173500,112.4500,112.5900,112.4400,112.5800,12129,0
CNI.US,5,20131115,174000,112.6200,112.6500,112.5400,112.5700,2750,0
CNI.US,5,20131115,174500,112.5000,112.5900,112.5000,112.5900,3759,0
CNI.US,5,20131115,175000,112.6000,112.6000,112.5300,112.5300,1138,0
CNI.US,5,20131115,175500,112.5400,112.5400,112.4500,112.4500,800,0
CNI.US,5,20131115,180000,112.4700,112.4700,112.4400,112.4400,700,0
CNI.US,5,20131115,180500,112.4500,112.4700,112.4300,112.4700,2200,0
CNI.US,5,20131115,181000,112.4700,112.4800,112.4000,112.4800,1000,0
CNI.US,5,20131115,181500,112.4300,112.4300,112.4000,112.4000,400,0
CNI.US,5,20131115,182000,112.3900,112.4600,112.3800,112.4600,1540,0
CNI.US,5,20131115,182500,112.4100,112.4200,112.4000,112.4000,1000,0
CNI.US,5,20131115,183000,112.3900,112.4800,112.3800,112.4500,1427,0
CNI.US,5,20131115,183500,112.4700,112.4900,112.4500,112.4500,700,0
CNI.US,5,20131115,184000,112.4400,112.4800,112.4100,112.4100,1737,0
CNI.US,5,20131115,184500,112.4100,112.4100,112.3800,112.3800,527,0
CNI.US,5,20131115,185000,112.3700,112.3900,112.3200,112.3200,623,0
CNI.US,5,20131115,185500,112.3300,112.3300,112.3000,112.3000,900,0
CNI.US,5,20131115,190000,112.3300,112.3600,112.3000,112.3500,2237,0
CNI.US,5,20131115,190500,112.3800,112.4100,112.3600,112.3600,1600,0
CNI.US,5,20131115,191000,112.3500,112.4000,112.3500,112.4000,1054,0
CNI.US,5,20131115,191500,112.3900,112.4500,112.3900,112.4400,3455,0
CNI.US,5,20131115,192000,112.4500,112.4800,112.4300,112.4300,2300,0
CNI.US,5,20131115,192500,112.4200,112.4600,112.4000,112.4000,1000,0
CNI.US,5,20131115,193000,112.4400,112.4900,112.4400,112.4900,1011,0
CNI.US,5,20131115,193500,112.4900,112.4900,112.4300,112.4800,1500,0
CNI.US,5,20131115,194000,112.4600,112.4800,112.3400,112.4000,6127,0
CNI.US,5,20131115,194500,112.4000,112.4600,112.4000,112.4600,2050,0
CNI.US,5,20131115,195000,112.4700,112.4800,112.4700,112.4700,400,0
CNI.US,5,20131115,195500,112.5000,112.5300,112.4800,112.4900,2600,0
CNI.US,5,20131115,200000,112.4800,112.4800,112.4800,112.4800,500,0
CNI.US,5,20131115,200500,112.4800,112.4900,112.4300,112.4800,2605,0
CNI.US,5,20131115,201000,112.5000,112.5800,112.5000,112.5700,1399,0
CNI.US,5,20131115,201500,112.5600,112.5800,112.5300,112.5300,1500,0
CNI.US,5,20131115,202000,112.5700,112.6000,112.5500,112.5900,1600,0
CNI.US,5,20131115,202500,112.6100,112.6100,112.5400,112.5400,1435,0
CNI.US,5,20131115,203000,112.5300,112.5400,112.3800,112.3900,6547,0
CNI.US,5,20131115,203500,112.3900,112.4100,112.3800,112.3800,1200,0
CNI.US,5,20131115,204000,112.4100,112.4100,112.3800,112.3800,3550,0
CNI.US,5,20131115,204500,112.4200,112.4500,112.4200,112.4500,500,0
CNI.US,5,20131115,205000,112.4000,112.4500,112.3500,112.3500,2894,0
CNI.US,5,20131115,205500,112.3500,112.3500,112.2800,112.3200,5800,0
CNI.US,5,20131115,210000,112.3500,112.4000,112.3500,112.3800,1850,0
CNI.US,5,20131115,210500,112.4000,112.4400,112.4000,112.4300,2100,0
CNI.US,5,20131115,211000,112.4500,112.5100,112.4200,112.4200,2895,0
CNI.US,5,20131115,211500,112.4800,112.5100,112.4500,112.5100,1700,0
CNI.US,5,20131115,212000,112.5000,112.5500,112.5000,112.5000,3225,0
CNI.US,5,20131115,212500,112.4900,112.5200,112.4100,112.4900,5592,0
CNI.US,5,20131115,213000,112.4600,112.5300,112.4600,112.4600,5253,0
CNI.US,5,20131115,213500,112.4700,112.5100,112.4200,112.4300,5270,0
CNI.US,5,20131115,214000,112.4700,112.5500,112.4700,112.5300,10000,0
CNI.US,5,20131115,214500,112.4900,112.4900,112.3300,112.3500,12445,0
CNI.US,5,20131115,215000,112.3600,112.4700,112.3600,112.4200,6441,0
CNI.US,5,20131115,215500,112.4600,112.4700,112.4000,112.4600,9167,0
CNI.US,5,20131115,220000,112.4700,112.5700,112.4600,112.4700,26637,0
CNI.US,5,20131115,220500,112.4900,112.4900,112.4900,112.4900,15898,0
CNI.US,5,20131118,153500,112.8200,112.8700,112.6800,112.8500,4700,0
CNI.US,5,20131118,154000,112.8800,113.0400,112.8300,112.8700,4438,0
CNI.US,5,20131118,154500,112.9000,112.9300,112.4100,112.4100,13273,0
CNI.US,5,20131118,155000,112.4700,112.7400,112.2900,112.7400,13032,0
CNI.US,5,20131118,155500,112.7400,112.7600,112.5000,112.5300,7465,0
CNI.US,5,20131118,160000,112.5100,112.5500,112.2900,112.4100,19022,0
CNI.US,5,20131118,160500,112.4100,112.4500,112.3100,112.3400,3827,0
CNI.US,5,20131118,161000,112.3400,112.5900,112.3400,112.5900,2511,0
CNI.US,5,20131118,161500,112.5900,112.6200,112.5400,112.6000,1881,0
CNI.US,5,20131118,162000,112.6300,112.9700,112.6300,112.9500,5400,0
CNI.US,5,20131118,162500,112.9300,112.9300,112.8400,112.9200,2500,0
CNI.US,5,20131118,163000,112.8800,112.9200,112.7800,112.8600,3800,0
CNI.US,5,20131118,163500,112.8200,112.8500,112.7000,112.7000,2492,0
CNI.US,5,20131118,164000,112.6700,112.7200,112.6500,112.6500,1930,0
CNI.US,5,20131118,164500,112.6100,112.7300,112.6100,112.7300,436,0
CNI.US,5,20131118,165000,112.7400,112.7500,112.6800,112.7200,3323,0
CNI.US,5,20131118,165500,112.6800,112.8600,112.6800,112.8000,10492,0
CNI.US,5,20131118,170000,112.7900,112.8600,112.7800,112.8300,2600,0
CNI.US,5,20131118,170500,112.8400,112.9300,112.8100,112.9200,4400,0
CNI.US,5,20131118,171000,112.9000,112.9600,112.8800,112.9500,4136,0
CNI.US,5,20131118,171500,112.9500,113.1200,112.9200,113.0700,5916,0
CNI.US,5,20131118,172000,113.0400,113.1100,113.0400,113.1100,1300,0
CNI.US,5,20131118,172500,113.1000,113.3000,113.1000,113.3000,1550,0
CNI.US,5,20131118,173000,113.2600,113.3700,113.2600,113.3600,2300,0
CNI.US,5,20131118,173500,113.3600,113.4400,113.3500,113.3600,6789,0
CNI.US,5,20131118,174000,113.3200,113.3300,113.0900,113.1100,3010,0
CNI.US,5,20131118,174500,113.1000,113.2400,113.0500,113.2400,3600,0
CNI.US,5,20131118,175000,113.2400,113.2500,113.1500,113.1500,1800,0
CNI.US,5,20131118,175500,113.1600,113.1800,113.1400,113.1800,400,0
CNI.US,5,20131118,180000,113.1800,113.2000,113.1300,113.1800,900,0
CNI.US,5,20131118,180500,113.1500,113.1900,113.1200,113.1600,4800,0
CNI.US,5,20131118,181000,113.1600,113.2400,113.1200,113.2400,11096,0
CNI.US,5,20131118,181500,113.2400,113.3000,113.2400,113.2400,3990,0
CNI.US,5,20131118,182000,113.2400,113.2800,113.2400,113.2400,565,0
CNI.US,5,20131118,182500,113.2700,113.3900,113.2600,113.3800,3082,0
CNI.US,5,20131118,183000,113.3700,113.3700,113.3300,113.3300,3370,0
CNI.US,5,20131118,183500,113.3500,113.4100,113.3000,113.4100,2450,0
CNI.US,5,20131118,184000,113.3600,113.4100,113.3400,113.3400,2000,0
CNI.US,5,20131118,184500,113.3700,113.3900,113.3400,113.3900,1500,0
CNI.US,5,20131118,185000,113.3700,113.4100,113.3100,113.3600,3176,0
CNI.US,5,20131118,185500,113.3600,113.3600,113.2900,113.2900,1100,0
CNI.US,5,20131118,190000,113.3000,113.3000,113.2400,113.2900,2102,0
CNI.US,5,20131118,190500,113.2700,113.2700,113.1200,113.1600,9607,0
CNI.US,5,20131118,191000,113.1800,113.2300,113.1700,113.1700,700,0
CNI.US,5,20131118,191500,113.1800,113.1900,113.1000,113.1300,4510,0
CNI.US,5,20131118,192000,113.1400,113.2100,113.1400,113.2100,1783,0
CNI.US,5,20131118,192500,113.1500,113.1700,113.1100,113.1400,8451,0
CNI.US,5,20131118,193000,113.1200,113.1800,113.1100,113.1500,11535,0
CNI.US,5,20131118,193500,113.2000,113.2300,113.1800,113.2300,1800,0
CNI.US,5,20131118,194000,113.2500,113.2900,113.2100,113.2200,5089,0
CNI.US,5,20131118,194500,113.2400,113.2500,113.2200,113.2300,1100,0
CNI.US,5,20131118,195000,113.2200,113.2200,113.0600,113.1200,4165,0
CNI.US,5,20131118,195500,113.1300,113.1400,113.1300,113.1300,1000,0
CNI.US,5,20131118,200000,113.1400,113.1700,113.1100,113.1600,3525,0
CNI.US,5,20131118,200500,113.1300,113.1500,113.1100,113.1100,27575,0
CNI.US,5,20131118,201000,113.1300,113.1300,113.0300,113.0300,6761,0
CNI.US,5,20131118,201500,113.0300,113.0800,113.0100,113.0600,5143,0
CNI.US,5,20131118,202000,113.0600,113.1000,113.0100,113.0200,2800,0
CNI.US,5,20131118,202500,113.0700,113.0700,113.0200,113.0300,870,0
CNI.US,5,20131118,203000,113.0500,113.0900,113.0200,113.0200,4730,0
CNI.US,5,20131118,203500,113.0600,113.0900,113.0400,113.0900,600,0
CNI.US,5,20131118,204000,113.0500,113.0500,113.0100,113.0300,1645,0
CNI.US,5,20131118,204500,113.0400,113.0400,112.9300,112.9300,2890,0
CNI.US,5,20131118,205000,112.9200,112.9400,112.8600,112.8600,4350,0
CNI.US,5,20131118,205500,112.8600,113.0000,112.8500,112.8800,7065,0
CNI.US,5,20131118,210000,112.9300,112.9300,112.8300,112.8800,4569,0
CNI.US,5,20131118,210500,112.8800,112.8800,112.7500,112.7500,3091,0
CNI.US,5,20131118,211000,112.7400,112.8000,112.7100,112.7100,3078,0
CNI.US,5,20131118,211500,112.6900,112.7600,112.5100,112.5300,8486,0
CNI.US,5,20131118,212000,112.5300,112.6200,112.5200,112.5600,10804,0
CNI.US,5,20131118,212500,112.6000,112.6000,112.5200,112.5200,3700,0
CNI.US,5,20131118,213000,112.5400,112.6400,112.4800,112.6400,3922,0
CNI.US,5,20131118,213500,112.6200,112.6500,112.5000,112.5700,8315,0
CNI.US,5,20131118,214000,112.6000,112.6400,112.5800,112.6300,2858,0
CNI.US,5,20131118,214500,112.6400,112.6400,112.4900,112.5300,9491,0
CNI.US,5,20131118,215000,112.5700,112.5900,112.4900,112.5800,7902,0
CNI.US,5,20131118,215500,112.5800,112.6100,112.5600,112.6000,13550,0
CNI.US,5,20131118,220000,112.6100,112.7000,112.5800,112.6800,45955,0
CNI.US,5,20131118,220500,112.5000,112.5000,112.5000,112.5000,67455,0
CNI.US,5,20131119,153500,112.5400,112.6000,112.5000,112.5200,1700,0
CNI.US,5,20131119,154000,112.6400,112.9800,112.6400,112.8700,1875,0
CNI.US,5,20131119,154500,112.7600,112.7600,112.3100,112.6400,20578,0
CNI.US,5,20131119,155000,112.5100,112.5200,112.4000,112.4400,3001,0
CNI.US,5,20131119,155500,112.4800,112.6600,112.4700,112.6600,1850,0
CNI.US,5,20131119,160000,112.7100,112.8200,112.7100,112.7500,5600,0
CNI.US,5,20131119,160500,112.7500,112.9100,112.7200,112.8600,9587,0
CNI.US,5,20131119,161000,112.8000,112.8300,112.7600,112.8300,1200,0
CNI.US,5,20131119,161500,112.8500,112.8700,112.8000,112.8500,3399,0
CNI.US,5,20131119,162000,112.8500,112.8900,112.7500,112.8000,17659,0
CNI.US,5,20131119,162500,112.8100,112.8400,112.7300,112.7900,12438,0
CNI.US,5,20131119,163000,112.8100,112.8100,112.7200,112.7800,2325,0
CNI.US,5,20131119,163500,112.7600,112.8000,112.7500,112.7600,4498,0
CNI.US,5,20131119,164000,112.7300,112.8500,112.6700,112.8300,10462,0
CNI.US,5,20131119,164500,112.8000,112.8100,112.6400,112.6400,6240,0
CNI.US,5,20131119,165000,112.6200,112.7100,112.5500,112.5500,6069,0
CNI.US,5,20131119,165500,112.5500,112.5800,112.5300,112.5600,3318,0
CNI.US,5,20131119,170000,112.5900,112.6000,112.5100,112.5300,5040,0
CNI.US,5,20131119,170500,112.5300,112.5300,112.4400,112.4500,6800,0
CNI.US,5,20131119,171000,112.4700,112.5100,112.4600,112.5000,3411,0
CNI.US,5,20131119,171500,112.4900,112.4900,112.4100,112.4700,7647,0
CNI.US,5,20131119,172000,112.4500,112.5000,112.4100,112.4600,15586,0
CNI.US,5,20131119,172500,112.4700,112.4700,112.1400,112.2000,11775,0
CNI.US,5,20131119,173000,112.1600,112.3100,112.1600,112.3100,1852,0
CNI.US,5,20131119,173500,112.3100,112.3200,112.2300,112.2300,2437,0
CNI.US,5,20131119,174000,112.2300,112.2300,112.1600,112.1600,1684,0
CNI.US,5,20131119,174500,112.0700,112.1100,112.0000,112.1000,2100,0
CNI.US,5,20131119,175000,112.0600,112.1600,112.0600,112.1400,3200,0
CNI.US,5,20131119,175500,112.0500,112.1000,112.0500,112.1000,1700,0
CNI.US,5,20131119,180000,112.0800,112.0900,112.0800,112.0900,400,0
CNI.US,5,20131119,180500,112.0900,112.1100,112.0400,112.1100,1388,0
CNI.US,5,20131119,181000,112.1100,112.2200,112.1000,112.2100,3497,0
CNI.US,5,20131119,181500,112.2000,112.2500,112.1800,112.2500,3600,0
CNI.US,5,20131119,182000,112.2100,112.2100,112.1600,112.1600,2073,0
CNI.US,5,20131119,182500,112.1200,112.2200,112.1200,112.2200,3437,0
CNI.US,5,20131119,183000,112.2200,112.3000,112.2000,112.2500,2500,0
CNI.US,5,20131119,183500,112.2100,112.2800,112.2100,112.2600,1700,0
CNI.US,5,20131119,184000,112.2400,112.2600,112.2000,112.2600,2046,0
CNI.US,5,20131119,184500,112.2700,112.3500,112.2700,112.3500,1100,0
CNI.US,5,20131119,185000,112.3500,112.3800,112.2300,112.2600,3500,0
CNI.US,5,20131119,185500,112.2300,112.2500,112.2300,112.2300,700,0
CNI.US,5,20131119,190000,112.2300,112.2300,112.0400,112.0700,3415,0
CNI.US,5,20131119,190500,112.0500,112.0500,112.0100,112.0300,1466,0
CNI.US,5,20131119,191000,112.0100,112.0100,111.9000,111.9500,4289,0
CNI.US,5,20131119,191500,112.0000,112.0000,111.9100,111.9100,1500,0
CNI.US,5,20131119,192000,111.9300,112.0000,111.9300,111.9800,3070,0
CNI.US,5,20131119,192500,111.9900,112.0200,111.8900,111.9200,3000,0
CNI.US,5,20131119,193000,111.8700,111.8900,111.8200,111.8200,1730,0
CNI.US,5,20131119,193500,111.7900,111.7900,111.6700,111.7100,10348,0
CNI.US,5,20131119,194000,111.7200,111.7600,111.6800,111.7000,4800,0
CNI.US,5,20131119,194500,111.6800,111.7300,111.6300,111.7100,5880,0
CNI.US,5,20131119,195000,111.7100,111.7100,111.5600,111.5600,4600,0
CNI.US,5,20131119,195500,111.5700,111.5700,111.4200,111.5100,9265,0
CNI.US,5,20131119,200000,111.5600,111.6000,111.4500,111.4500,3210,0
CNI.US,5,20131119,200500,111.4500,111.5200,111.3500,111.3900,11835,0
CNI.US,5,20131119,201000,111.4100,111.5000,111.3800,111.4000,6300,0
CNI.US,5,20131119,201500,111.4200,111.4900,111.3500,111.3600,5646,0
CNI.US,5,20131119,202000,111.4100,111.4200,111.3100,111.3200,7945,0
CNI.US,5,20131119,202500,111.3200,111.3400,111.1900,111.2200,5408,0
CNI.US,5,20131119,203000,111.2200,111.2500,111.2000,111.2000,900,0
CNI.US,5,20131119,203500,111.2300,111.2500,111.1500,111.2500,7450,0
CNI.US,5,20131119,204000,111.2800,111.5100,111.2800,111.4600,7664,0
CNI.US,5,20131119,204500,111.4500,111.4500,111.2300,111.2300,3033,0
CNI.US,5,20131119,205000,111.3000,111.3600,111.2700,111.3100,5525,0
CNI.US,5,20131119,205500,111.2900,111.2900,111.0700,111.1300,15100,0
CNI.US,5,20131119,210000,111.0900,111.0900,110.9800,111.0100,14819,0
CNI.US,5,20131119,210500,111.0200,111.1100,110.9700,111.0300,10907,0
CNI.US,5,20131119,211000,111.0000,111.0600,110.9400,110.9700,8745,0
CNI.US,5,20131119,211500,110.9900,111.0300,110.8500,111.0000,9150,0
CNI.US,5,20131119,212000,111.0500,111.2600,111.0500,111.2500,3700,0
CNI.US,5,20131119,212500,111.2500,111.3100,111.2100,111.3100,2458,0
CNI.US,5,20131119,213000,111.3100,111.3100,111.1400,111.1800,6491,0
CNI.US,5,20131119,213500,111.1700,111.2200,111.0700,111.0900,9152,0
CNI.US,5,20131119,214000,111.0800,111.0900,110.9200,110.9700,7047,0
CNI.US,5,20131119,214500,110.9500,110.9600,110.7100,110.7900,37103,0
CNI.US,5,20131119,215000,110.7900,110.9600,110.7700,110.9500,13435,0
CNI.US,5,20131119,215500,110.9400,110.9600,110.7900,110.7900,43640,0
CNI.US,5,20131119,220000,110.7900,110.9500,110.7700,110.9400,39162,0
CNI.US,5,20131119,220500,110.9400,110.9400,110.9400,110.9400,10227,0
CNI.US,5,20131120,153500,111.3800,111.6900,111.3800,111.6400,13716,0
CNI.US,5,20131120,154000,111.6600,111.6700,111.1600,111.1600,7600,0
CNI.US,5,20131120,154500,111.1500,111.2500,111.1400,111.2400,7008,0
CNI.US,5,20131120,155000,111.2800,111.4700,111.2400,111.4700,6669,0
CNI.US,5,20131120,155500,111.4300,111.4300,111.2700,111.2800,3400,0
CNI.US,5,20131120,160000,111.3200,111.5100,111.3100,111.5000,4600,0
CNI.US,5,20131120,160500,111.5300,111.5400,111.4100,111.5400,2000,0
CNI.US,5,20131120,161000,111.5400,111.6300,111.4800,111.4800,4450,0
CNI.US,5,20131120,161500,111.5500,111.7600,111.5000,111.7600,4800,0
CNI.US,5,20131120,162000,111.7000,111.8600,111.6200,111.8200,7100,0
CNI.US,5,20131120,162500,111.8500,112.1200,111.8500,111.9800,4700,0
CNI.US,5,20131120,163000,112.0200,112.1400,111.9700,112.0300,4637,0
CNI.US,5,20131120,163500,112.0300,112.0300,111.9500,111.9500,1600,0
CNI.US,5,20131120,164000,111.9300,111.9500,111.7900,111.8900,7000,0
CNI.US,5,20131120,164500,111.8400,111.8800,111.7900,111.8200,3500,0
CNI.US,5,20131120,165000,111.8700,111.9700,111.8600,111.9700,2900,0
CNI.US,5,20131120,165500,111.9200,111.9200,111.8600,111.9000,300,0
CNI.US,5,20131120,170000,111.8800,111.9200,111.8400,111.9100,2300,0
CNI.US,5,20131120,170500,111.8600,111.8900,111.8000,111.8800,2500,0
CNI.US,5,20131120,171000,111.8700,111.9500,111.8700,111.9500,2700,0
CNI.US,5,20131120,171500,111.9500,111.9500,111.8800,111.8900,1400,0
CNI.US,5,20131120,172000,111.9400,111.9400,111.8500,111.8500,6429,0
CNI.US,5,20131120,172500,111.8700,111.9600,111.8600,111.9600,2935,0
CNI.US,5,20131120,173000,111.9700,111.9800,111.8500,111.8800,2174,0
CNI.US,5,20131120,173500,111.8800,111.9300,111.8800,111.9000,1000,0
CNI.US,5,20131120,174000,111.9400,111.9500,111.8400,111.8500,5923,0
CNI.US,5,20131120,174500,111.8400,111.9000,111.8400,111.8900,2345,0
CNI.US,5,20131120,175000,111.8600,111.8600,111.7800,111.7900,1370,0
CNI.US,5,20131120,175500,111.8200,111.8400,111.8000,111.8200,3235,0
CNI.US,5,20131120,180000,111.8600,111.8600,111.8300,111.8300,1500,0
CNI.US,5,20131120,180500,111.8300,111.8900,111.8300,111.8700,950,0
CNI.US,5,20131120,181000,111.8800,111.8800,111.8800,111.8800,326,0
CNI.US,5,20131120,181500,111.8100,111.8100,111.7900,111.8000,717,0
CNI.US,5,20131120,182000,111.8300,111.8700,111.8300,111.8700,800,0
CNI.US,5,20131120,182500,111.8400,111.8700,111.8400,111.8700,1423,0
CNI.US,5,20131120,183000,111.8900,111.8900,111.8500,111.8500,1050,0
CNI.US,5,20131120,183500,111.8700,111.8700,111.7500,111.8100,1600,0
CNI.US,5,20131120,184000,111.7500,111.8600,111.7500,111.8400,1677,0
CNI.US,5,20131120,184500,111.8000,111.8500,111.8000,111.8400,1600,0
CNI.US,5,20131120,185000,111.8400,111.9100,111.8400,111.8600,1900,0
CNI.US,5,20131120,185500,111.8700,111.9000,111.8700,111.9000,900,0
CNI.US,5,20131120,190000,111.8900,111.9400,111.8900,111.9300,4134,0
CNI.US,5,20131120,190500,111.9100,112.0000,111.9100,111.9800,6400,0
CNI.US,5,20131120,191000,111.9900,112.0300,111.9800,112.0100,2448,0
CNI.US,5,20131120,191500,111.9300,111.9500,111.9300,111.9500,1200,0
CNI.US,5,20131120,192000,111.9400,111.9500,111.9200,111.9200,700,0
CNI.US,5,20131120,192500,111.9300,111.9400,111.8600,111.9200,2678,0
CNI.US,5,20131120,193000,111.9200,111.9800,111.9200,111.9500,2000,0
CNI.US,5,20131120,193500,111.9600,111.9800,111.9600,111.9700,1100,0
CNI.US,5,20131120,194000,111.9900,112.1000,111.9800,112.0700,4230,0
CNI.US,5,20131120,194500,112.0800,112.0800,111.9900,112.0200,1700,0
CNI.US,5,20131120,195000,112.0800,112.1200,112.0600,112.1100,1500,0
CNI.US,5,20131120,195500,112.1000,112.1400,112.0400,112.1400,3379,0
CNI.US,5,20131120,200000,112.1100,112.1600,112.1000,112.1500,3597,0
CNI.US,5,20131120,200500,112.1200,112.1300,111.9300,112.1000,7434,0
CNI.US,5,20131120,201000,112.0800,112.1000,111.9100,111.9400,6270,0
CNI.US,5,20131120,201500,111.9100,111.9100,111.8100,111.8400,2195,0
CNI.US,5,20131120,202000,111.8100,112.0900,111.8100,112.0900,2900,0
CNI.US,5,20131120,202500,112.1200,112.1300,111.9700,112.1300,3864,0
CNI.US,5,20131120,203000,112.1100,112.1100,112.0400,112.0600,1873,0
CNI.US,5,20131120,203500,112.0300,112.1000,112.0300,112.0700,2300,0
CNI.US,5,20131120,204000,112.0900,112.0900,111.9600,111.9600,3623,0
CNI.US,5,20131120,204500,111.9800,111.9800,111.8500,111.9300,2100,0
CNI.US,5,20131120,205000,111.9100,111.9500,111.8500,111.8600,5200,0
CNI.US,5,20131120,205500,111.8900,111.9200,111.8000,111.8600,3959,0
CNI.US,5,20131120,210000,111.8400,111.8500,111.7900,111.8200,1800,0
CNI.US,5,20131120,210500,111.8200,111.8300,111.7200,111.7500,3849,0
CNI.US,5,20131120,211000,111.7300,111.7700,111.6000,111.6000,2438,0
CNI.US,5,20131120,211500,111.6200,111.6700,111.6200,111.6600,6243,0
CNI.US,5,20131120,212000,111.6700,111.8200,111.6700,111.8200,14388,0
CNI.US,5,20131120,212500,111.8100,111.8800,111.7600,111.8500,9224,0
CNI.US,5,20131120,213000,111.8000,111.8300,111.7800,111.8000,4470,0
CNI.US,5,20131120,213500,111.8000,111.8300,111.7300,111.7700,10676,0
CNI.US,5,20131120,214000,111.7600,111.7900,111.7100,111.7900,9300,0
CNI.US,5,20131120,214500,111.8200,112.0500,111.8100,112.0100,25683,0
CNI.US,5,20131120,215000,112.0100,112.0300,111.9100,112.0000,8627,0
CNI.US,5,20131120,215500,111.9700,112.0300,111.9500,112.0100,14750,0
CNI.US,5,20131120,220000,111.9900,112.0300,111.9600,111.9900,18813,0
CNI.US,5,20131120,220500,111.9900,111.9900,111.9900,111.9900,3589,0
CNI.US,5,20131121,153500,111.7900,111.7900,111.5500,111.6600,5886,0
CNI.US,5,20131121,154000,111.7800,112.0100,111.6800,112.0000,5835,0
CNI.US,5,20131121,154500,112.0100,112.0300,111.9100,112.0300,1435,0
CNI.US,5,20131121,155000,112.0300,112.0300,111.7200,111.9800,6599,0
CNI.US,5,20131121,155500,111.9800,112.0300,111.8300,111.8300,1800,0
CNI.US,5,20131121,160000,111.8400,111.8900,111.8300,111.8300,2850,0
CNI.US,5,20131121,160500,111.8700,111.9300,111.8000,111.8000,1200,0
CNI.US,5,20131121,161000,111.8000,111.8200,111.7600,111.7800,2225,0
CNI.US,5,20131121,161500,111.7600,111.9300,111.7200,111.9000,4317,0
CNI.US,5,20131121,162000,111.9300,111.9300,111.7400,111.7600,3861,0
CNI.US,5,20131121,162500,111.7400,111.7700,111.6700,111.7100,3700,0
CNI.US,5,20131121,163000,111.6500,111.6500,111.4600,111.5100,2992,0
CNI.US,5,20131121,163500,111.4600,111.5600,111.4500,111.5600,3713,0
CNI.US,5,20131121,164000,111.5700,111.5700,111.5100,111.5100,900,0
CNI.US,5,20131121,164500,111.5800,111.6500,111.5000,111.5300,4875,0
CNI.US,5,20131121,165000,111.5400,111.5400,111.4400,111.4400,1500,0
CNI.US,5,20131121,165500,111.4100,111.4400,111.3700,111.3700,1200,0
CNI.US,5,20131121,170000,111.4200,111.5300,111.3800,111.5300,3040,0
CNI.US,5,20131121,170500,111.5300,111.5300,111.4300,111.4400,1100,0
CNI.US,5,20131121,171000,111.4000,111.4800,111.3500,111.4800,1600,0
CNI.US,5,20131121,171500,111.5100,111.5100,111.4700,111.5000,580,0
CNI.US,5,20131121,172000,111.4900,111.6400,111.4900,111.6400,2641,0
CNI.US,5,20131121,172500,111.6200,111.6900,111.6200,111.6800,2770,0
CNI.US,5,20131121,173000,111.6000,111.6300,111.5800,111.5800,1041,0
CNI.US,5,20131121,173500,111.6000,111.6900,111.6000,111.6200,2800,0
CNI.US,5,20131121,174000,111.5900,111.6000,111.5700,111.5700,800,0
CNI.US,5,20131121,174500,111.6000,111.6200,111.5500,111.5800,2388,0
CNI.US,5,20131121,175000,111.5400,111.6200,111.5400,111.6200,900,0
CNI.US,5,20131121,175500,111.5800,111.5800,111.5400,111.5800,1349,0
CNI.US,5,20131121,180000,111.6100,111.6300,111.5700,111.6300,2100,0
CNI.US,5,20131121,180500,111.6500,111.6500,111.6000,111.6000,1277,0
CNI.US,5,20131121,181000,111.6200,111.6700,111.5800,111.6500,3802,0
CNI.US,5,20131121,181500,111.6500,111.6600,111.6000,111.6100,1590,0
CNI.US,5,20131121,182000,111.5900,111.8200,111.5900,111.7800,7752,0
CNI.US,5,20131121,182500,111.7800,111.8800,111.7500,111.8800,6413,0
CNI.US,5,20131121,183000,111.8900,112.0000,111.8600,111.9800,9200,0
CNI.US,5,20131121,183500,112.0000,112.1000,111.9700,112.0600,4400,0
CNI.US,5,20131121,184000,112.0700,112.1300,112.0200,112.0200,1100,0
CNI.US,5,20131121,184500,112.0200,112.1800,112.0200,112.1400,2248,0
CNI.US,5,20131121,185000,112.0900,112.1100,112.0700,112.1000,2400,0
CNI.US,5,20131121,185500,112.1200,112.1500,112.0800,112.0900,1400,0
CNI.US,5,20131121,190000,111.9900,112.0300,111.9900,112.0100,1407,0
CNI.US,5,20131121,190500,112.0100,112.0100,111.9300,111.9300,2782,0
CNI.US,5,20131121,191000,111.9700,111.9900,111.9300,111.9900,900,0
CNI.US,5,20131121,191500,111.9900,112.0300,111.9900,112.0100,600,0
CNI.US,5,20131121,192000,112.0300,112.0600,112.0200,112.0600,1400,0
CNI.US,5,20131121,192500,112.1000,112.1500,112.1000,112.1500,2241,0
CNI.US,5,20131121,193000,112.1300,112.1400,112.0800,112.0900,1613,0
CNI.US,5,20131121,193500,112.0900,112.1800,112.0900,112.1700,1400,0
CNI.US,5,20131121,194000,112.1900,112.1900,112.1200,112.1500,854,0
CNI.US,5,20131121,194500,112.1600,112.2200,112.1500,112.2200,1800,0
CNI.US,5,20131121,195000,112.2600,112.2700,112.2200,112.2200,2200,0
CNI.US,5,20131121,195500,112.2100,112.2300,112.1700,112.1700,3113,0
CNI.US,5,20131121,200000,112.2000,112.2000,112.1200,112.1500,1882,0
CNI.US,5,20131121,200500,112.1300,112.1500,112.1000,112.1400,1895,0
CNI.US,5,20131121,201000,112.0900,112.0900,112.0300,112.0300,813,0
CNI.US,5,20131121,201500,112.0800,112.1000,112.0600,112.0800,1000,0
CNI.US,5,20131121,202000,112.0900,112.1200,112.0800,112.1100,1072,0
CNI.US,5,20131121,202500,112.0900,112.1500,112.0700,112.1300,3671,0
CNI.US,5,20131121,203000,112.1500,112.1500,112.0900,112.1000,1400,0
CNI.US,5,20131121,203500,112.1100,112.1200,112.1000,112.1000,834,0
CNI.US,5,20131121,204000,112.0800,112.0800,112.0200,112.0300,1000,0
CNI.US,5,20131121,204500,112.0500,112.1200,112.0200,112.1200,3275,0
CNI.US,5,20131121,205000,112.1400,112.1400,112.0300,112.0600,2573,0
CNI.US,5,20131121,205500,112.0800,112.1000,112.0500,112.0800,2000,0
CNI.US,5,20131121,210000,112.0600,112.0900,112.0500,112.0900,8788,0
CNI.US,5,20131121,210500,112.1000,112.1000,112.0300,112.0300,1800,0
CNI.US,5,20131121,211000,112.0400,112.0800,112.0100,112.0800,3874,0
CNI.US,5,20131121,211500,112.0700,112.1000,112.0600,112.0900,2082,0
CNI.US,5,20131121,212000,112.0900,112.1500,112.0900,112.1100,2379,0
CNI.US,5,20131121,212500,112.1500,112.1800,112.1200,112.1700,1612,0
CNI.US,5,20131121,213000,112.1300,112.1400,112.0500,112.0500,2645,0
CNI.US,5,20131121,213500,112.0800,112.0800,112.0300,112.0500,4200,0
CNI.US,5,20131121,214000,112.0500,112.1300,112.0500,112.1000,5800,0
CNI.US,5,20131121,214500,112.1200,112.1200,111.8600,111.8800,16037,0
CNI.US,5,20131121,215000,111.8800,111.9100,111.8300,111.8800,9306,0
CNI.US,5,20131121,215500,111.8900,111.9100,111.8700,111.8900,7026,0
CNI.US,5,20131121,220000,111.8800,111.9900,111.8800,111.9900,10920,0
CNI.US,5,20131121,220500,111.9400,111.9400,111.9400,111.9400,10762,0
CNI.US,5,20131122,153500,111.6300,112.0000,111.5000,111.5400,10150,0
CNI.US,5,20131122,154000,111.6400,112.1000,111.5900,112.1000,9600,0
CNI.US,5,20131122,154500,112.1000,112.3000,112.0800,112.2900,7625,0
CNI.US,5,20131122,155000,112.3000,112.4900,112.2700,112.3700,4441,0
CNI.US,5,20131122,155500,112.3700,112.3700,112.2700,112.2900,2897,0
CNI.US,5,20131122,160000,112.2000,112.2400,112.1500,112.2200,1700,0
CNI.US,5,20131122,160500,112.2600,112.4800,112.2500,112.3800,4100,0
CNI.US,5,20131122,161000,112.3400,112.4100,112.3400,112.3800,730,0
CNI.US,5,20131122,161500,112.3500,112.5100,112.3500,112.5000,2700,0
CNI.US,5,20131122,162000,112.5300,112.5500,112.4800,112.5400,2253,0
CNI.US,5,20131122,162500,112.5600,112.5600,112.4500,112.4500,2510,0
CNI.US,5,20131122,163000,112.4200,112.4900,112.4200,112.4800,2054,0
CNI.US,5,20131122,163500,112.4800,112.4800,112.4200,112.4500,4195,0
CNI.US,5,20131122,164000,112.4500,112.5300,112.4400,112.4500,2845,0
CNI.US,5,20131122,164500,112.4500,112.4500,112.3700,112.4000,1000,0
CNI.US,5,20131122,165000,112.3500,112.3700,112.3000,112.3500,2877,0
CNI.US,5,20131122,165500,112.3600,112.4000,112.3300,112.4000,2500,0
CNI.US,5,20131122,170000,112.4100,112.4400,112.3900,112.4000,4100,0
CNI.US,5,20131122,170500,112.4300,112.5500,112.4200,112.5200,5487,0
CNI.US,5,20131122,171000,112.5200,112.5900,112.4900,112.5900,2400,0
CNI.US,5,20131122,171500,112.6000,112.6200,112.5700,112.5800,900,0
CNI.US,5,20131122,172000,112.6000,112.6700,112.6000,112.6700,2200,0
CNI.US,5,20131122,172500,112.6800,112.7400,112.6800,112.7400,2100,0
CNI.US,5,20131122,173000,112.7300,112.7700,112.7300,112.7400,1140,0
CNI.US,5,20131122,173500,112.7400,112.8900,112.7000,112.8900,4250,0
CNI.US,5,20131122,174000,112.8900,112.8900,112.8600,112.8800,500,0
CNI.US,5,20131122,174500,112.9200,112.9500,112.9100,112.9100,3141,0
CNI.US,5,20131122,175000,112.9400,112.9500,112.9400,112.9500,700,0
CNI.US,5,20131122,175500,112.9000,112.9900,112.9000,112.9900,600,0
CNI.US,5,20131122,180000,113.0000,113.1000,113.0000,113.1000,4500,0
CNI.US,5,20131122,180500,113.0700,113.1800,113.0600,113.1500,3352,0
CNI.US,5,20131122,181000,113.1700,113.1700,113.1200,113.1600,1600,0
CNI.US,5,20131122,181500,113.1500,113.1700,113.1500,113.1600,703,0
CNI.US,5,20131122,182000,113.1900,113.2100,113.1700,113.1900,3500,0
CNI.US,5,20131122,182500,113.2000,113.4000,113.2000,113.3700,4300,0
CNI.US,5,20131122,183000,113.3500,113.3600,113.3100,113.3600,1700,0
CNI.US,5,20131122,183500,113.3700,113.4000,113.3700,113.3900,1400,0
CNI.US,5,20131122,184000,113.3500,113.4200,113.3500,113.3700,3150,0
CNI.US,5,20131122,184500,113.3500,113.4000,113.3100,113.3400,3400,0
CNI.US,5,20131122,185000,113.3700,113.4400,113.3500,113.4300,5053,0
CNI.US,5,20131122,185500,113.4300,113.4300,113.3700,113.3800,2600,0
CNI.US,5,20131122,190000,113.3600,113.5000,113.3600,113.4900,4800,0
CNI.US,5,20131122,190500,113.4800,113.4800,113.4200,113.4500,2940,0
CNI.US,5,20131122,191000,113.4500,113.4600,113.3900,113.3900,900,0
CNI.US,5,20131122,191500,113.4000,113.4200,113.3500,113.4200,2292,0
CNI.US,5,20131122,192000,113.4500,113.4600,113.4300,113.4300,557,0
CNI.US,5,20131122,192500,113.4100,113.4600,113.4000,113.4600,4098,0
CNI.US,5,20131122,193000,113.4400,113.5100,113.4100,113.4900,3989,0
CNI.US,5,20131122,193500,113.4700,113.5000,113.4700,113.4700,700,0
CNI.US,5,20131122,194000,113.4600,113.4600,113.4100,113.4100,700,0
CNI.US,5,20131122,194500,113.4000,113.4400,113.3500,113.3500,2192,0
CNI.US,5,20131122,195000,113.3700,113.3700,113.3200,113.3300,1400,0
CNI.US,5,20131122,195500,113.3200,113.4100,113.3100,113.3700,1200,0
CNI.US,5,20131122,200000,113.3900,113.3900,113.3200,113.3200,1305,0
CNI.US,5,20131122,200500,113.3400,113.3400,113.3100,113.3300,1893,0
CNI.US,5,20131122,201000,113.3400,113.3400,113.2400,113.2600,2000,0
CNI.US,5,20131122,201500,113.2900,113.2900,113.1700,113.2000,4078,0
CNI.US,5,20131122,202000,113.1800,113.2400,113.1800,113.2400,1665,0
CNI.US,5,20131122,202500,113.2200,113.2400,113.1300,113.1300,2434,0
CNI.US,5,20131122,203000,113.1300,113.2200,113.1300,113.2000,1100,0
CNI.US,5,20131122,203500,113.2200,113.2900,113.1700,113.2400,2700,0
CNI.US,5,20131122,204000,113.2600,113.2600,113.2100,113.2100,1000,0
CNI.US,5,20131122,204500,113.2200,113.2200,113.1900,113.2000,2000,0
CNI.US,5,20131122,205000,113.1800,113.2600,113.1500,113.2200,5942,0
CNI.US,5,20131122,205500,113.2000,113.2400,113.1900,113.2300,2810,0
CNI.US,5,20131122,210000,113.2300,113.3100,113.2300,113.2900,2800,0
CNI.US,5,20131122,210500,113.2900,113.3300,113.2800,113.3300,5191,0
CNI.US,5,20131122,211000,113.3600,113.3600,113.3100,113.3400,1328,0
CNI.US,5,20131122,211500,113.3500,113.3500,113.2600,113.3200,4013,0
CNI.US,5,20131122,212000,113.3200,113.3400,113.2700,113.2700,1700,0
CNI.US,5,20131122,212500,113.2600,113.2900,113.2500,113.2500,3272,0
CNI.US,5,20131122,213000,113.2600,113.2600,113.2100,113.2200,3200,0
CNI.US,5,20131122,213500,113.2100,113.2400,113.1600,113.2300,4900,0
CNI.US,5,20131122,214000,113.2500,113.2800,113.2000,113.2100,4995,0
CNI.US,5,20131122,214500,113.1800,113.1900,113.0500,113.0800,18442,0
CNI.US,5,20131122,215000,113.0800,113.1400,113.0700,113.1100,7630,0
CNI.US,5,20131122,215500,113.1100,113.1700,113.0200,113.0200,20072,0
CNI.US,5,20131122,220000,113.0300,113.0600,112.9800,113.0300,21009,0
CNI.US,5,20131122,220500,113.0100,113.0100,113.0100,113.0100,2287,0
CNI.US,5,20131125,153500,112.9100,113.1400,112.6800,112.7500,18228,0
CNI.US,5,20131125,154000,112.8400,112.9600,112.7300,112.8400,12466,0
CNI.US,5,20131125,154500,112.8300,113.2800,112.8300,113.2100,4200,0
CNI.US,5,20131125,155000,113.2500,113.4100,113.1700,113.3600,11955,0
CNI.US,5,20131125,155500,113.3600,113.4900,113.3100,113.4800,6682,0
CNI.US,5,20131125,160000,113.4700,113.4700,113.2100,113.3000,10107,0
CNI.US,5,20131125,160500,113.2800,113.4600,113.2400,113.4600,12200,0
CNI.US,5,20131125,161000,113.4800,113.6200,113.4800,113.6100,4719,0
CNI.US,5,20131125,161500,113.5900,113.8300,113.5700,113.8300,11500,0
CNI.US,5,20131125,162000,113.8500,114.0100,113.8100,114.0000,15500,0
CNI.US,5,20131125,162500,113.9900,114.1000,113.7600,113.9100,30697,0
CNI.US,5,20131125,163000,113.9200,113.9600,113.7100,113.7900,21057,0
CNI.US,5,20131125,163500,113.8000,113.8000,113.6700,113.7100,12140,0
CNI.US,5,20131125,164000,113.7400,113.8400,113.7400,113.7700,10310,0
CNI.US,5,20131125,164500,113.7500,113.7600,113.6400,113.6700,2700,0
CNI.US,5,20131125,165000,113.6500,113.7200,113.6500,113.7000,1182,0
CNI.US,5,20131125,165500,113.6500,113.6500,113.6200,113.6200,1500,0
CNI.US,5,20131125,170000,113.5800,113.6000,113.4900,113.5000,4914,0
CNI.US,5,20131125,170500,113.5000,113.5500,113.4900,113.5300,3300,0
CNI.US,5,20131125,171000,113.4700,113.5400,113.4300,113.4300,1888,0
CNI.US,5,20131125,171500,113.4700,113.4700,113.4400,113.4700,1100,0
CNI.US,5,20131125,172000,113.4700,113.5400,113.4300,113.5400,3551,0
CNI.US,5,20131125,172500,113.4600,113.5200,113.4600,113.5200,2700,0
CNI.US,5,20131125,173000,113.5300,113.5900,113.4900,113.5500,2500,0
CNI.US,5,20131125,173500,113.5400,113.5400,113.3800,113.4900,6923,0
CNI.US,5,20131125,174000,113.4900,113.4900,113.3500,113.3500,2490,0
CNI.US,5,20131125,174500,113.3400,113.3800,113.3000,113.3800,4200,0
CNI.US,5,20131125,175000,113.3700,113.4200,113.3200,113.4200,2541,0
CNI.US,5,20131125,175500,113.4200,113.4300,113.4000,113.4100,1100,0
CNI.US,5,20131125,180000,113.4100,113.4200,113.3700,113.3700,4569,0
CNI.US,5,20131125,180500,113.3800,113.3800,113.1800,113.2000,6100,0
CNI.US,5,20131125,181000,113.2000,113.2000,113.1500,113.2000,3219,0
CNI.US,5,20131125,181500,113.1900,113.2000,113.1900,113.2000,1300,0
CNI.US,5,20131125,182000,113.2600,113.2700,113.2600,113.2600,546,0
CNI.US,5,20131125,182500,113.2500,113.3300,113.2500,113.2500,2535,0
CNI.US,5,20131125,183000,113.2700,113.2800,113.2300,113.2800,2260,0
CNI.US,5,20131125,183500,113.2700,113.3000,113.1900,113.2400,1345,0
CNI.US,5,20131125,184000,113.2500,113.3100,113.2500,113.2800,2900,0
CNI.US,5,20131125,184500,113.2500,113.3000,113.2000,113.2000,3300,0
CNI.US,5,20131125,185000,113.2200,113.2500,113.2200,113.2500,500,0
CNI.US,5,20131125,185500,113.2300,113.2500,113.2000,113.2100,3500,0
CNI.US,5,20131125,190000,113.2200,113.2600,113.1900,113.2500,3118,0
CNI.US,5,20131125,190500,113.2400,113.2500,113.2000,113.2100,2800,0
CNI.US,5,20131125,191000,113.2100,113.2200,113.1900,113.2000,2955,0
CNI.US,5,20131125,191500,113.2000,113.2100,113.1600,113.1800,3425,0
CNI.US,5,20131125,192000,113.1800,113.2200,113.1700,113.2000,6889,0
CNI.US,5,20131125,192500,113.2000,113.2600,113.2000,113.2600,3600,0
CNI.US,5,20131125,193000,113.2500,113.2900,113.2500,113.2900,3500,0
CNI.US,5,20131125,193500,113.3200,113.3200,113.2600,113.3200,6900,0
CNI.US,5,20131125,194000,113.3300,113.4700,113.3300,113.4700,3807,0
CNI.US,5,20131125,194500,113.4700,113.4900,113.3500,113.3900,15645,0
CNI.US,5,20131125,195000,113.4000,113.4200,113.3900,113.3900,1880,0
CNI.US,5,20131125,195500,113.4200,113.4500,113.4200,113.4500,1100,0
CNI.US,5,20131125,200000,113.4400,113.4400,113.3900,113.4200,2934,0
CNI.US,5,20131125,200500,113.4200,113.4400,113.4100,113.4400,1392,0
CNI.US,5,20131125,201000,113.4500,113.4600,113.2900,113.2900,7550,0
CNI.US,5,20131125,201500,113.2900,113.3200,113.2300,113.3200,2400,0
CNI.US,5,20131125,202000,113.3300,113.3500,113.3200,113.3500,2274,0
CNI.US,5,20131125,202500,113.3400,113.3700,113.3400,113.3700,900,0
CNI.US,5,20131125,203000,113.3900,113.4000,113.3400,113.3600,1687,0
CNI.US,5,20131125,203500,113.3800,113.3900,113.3400,113.3700,1599,0
CNI.US,5,20131125,204000,113.3200,113.3200,113.3000,113.3000,405,0
CNI.US,5,20131125,204500,113.3000,113.3000,113.2300,113.3000,3840,0
CNI.US,5,20131125,205000,113.3000,113.3600,113.2800,113.3600,3774,0
CNI.US,5,20131125,205500,113.3600,113.3900,113.3600,113.3900,3300,0
CNI.US,5,20131125,210000,113.4000,113.4500,113.4000,113.4400,1800,0
CNI.US,5,20131125,210500,113.4400,113.4500,113.3900,113.4200,3700,0
CNI.US,5,20131125,211000,113.4300,113.4400,113.3200,113.3200,4170,0
CNI.US,5,20131125,211500,113.3100,113.3500,113.3000,113.3500,1534,0
CNI.US,5,20131125,212000,113.3500,113.4100,113.3400,113.4100,6500,0
CNI.US,5,20131125,212500,113.4100,113.4600,113.4000,113.4400,6336,0
CNI.US,5,20131125,213000,113.4500,113.5000,113.4100,113.5000,3300,0
CNI.US,5,20131125,213500,113.5100,113.5100,113.4000,113.4500,8390,0
CNI.US,5,20131125,214000,113.4700,113.4800,113.4000,113.4400,4800,0
CNI.US,5,20131125,214500,113.4000,113.4300,113.3400,113.3400,14782,0
CNI.US,5,20131125,215000,113.3400,113.3700,113.3000,113.3100,4763,0
CNI.US,5,20131125,215500,113.2900,113.3700,113.2600,113.3700,8809,0
CNI.US,5,20131125,220000,113.3400,113.4600,113.3200,113.4600,13512,0
CNI.US,5,20131125,220500,113.4600,113.4600,113.4600,113.4600,8204,0
CNI.US,5,20131126,153500,113.4000,113.4000,112.9100,112.9400,6430,0
CNI.US,5,20131126,154000,112.9200,112.9200,112.6700,112.7700,22512,0
CNI.US,5,20131126,154500,112.7500,112.7500,112.4200,112.4800,9630,0
CNI.US,5,20131126,155000,112.4600,112.6800,112.4600,112.5500,9804,0
CNI.US,5,20131126,155500,112.5700,112.6100,112.5200,112.5200,3400,0
CNI.US,5,20131126,160000,112.5200,112.6700,112.5200,112.6700,2900,0
CNI.US,5,20131126,160500,112.6400,112.6400,112.5000,112.6000,2900,0
CNI.US,5,20131126,161000,112.6300,112.6800,112.4700,112.6000,3602,0
CNI.US,5,20131126,161500,112.6300,112.6300,112.5100,112.5700,4700,0
CNI.US,5,20131126,162000,112.5600,112.6800,112.4800,112.6800,3400,0
CNI.US,5,20131126,162500,112.7200,112.7900,112.7000,112.7300,2900,0
CNI.US,5,20131126,163000,112.7700,112.8300,112.6800,112.7700,3400,0
CNI.US,5,20131126,163500,112.7600,112.8300,112.7600,112.7600,2317,0
CNI.US,5,20131126,164000,112.7500,112.7700,112.7400,112.7400,1700,0
CNI.US,5,20131126,164500,112.8100,112.8200,112.6500,112.6700,5800,0
CNI.US,5,20131126,165000,112.6700,112.6700,112.5100,112.5100,3071,0
CNI.US,5,20131126,165500,112.5700,112.6300,112.5500,112.6100,1200,0
CNI.US,5,20131126,170000,112.6400,112.7900,112.6400,112.7500,1900,0
CNI.US,5,20131126,170500,112.7500,112.8100,112.7300,112.7400,1100,0
CNI.US,5,20131126,171000,112.7900,112.7900,112.7100,112.7200,800,0
CNI.US,5,20131126,171500,112.7100,112.7700,112.6700,112.7400,3600,0
CNI.US,5,20131126,172000,112.7500,112.7600,112.6900,112.6900,3000,0
CNI.US,5,20131126,172500,112.6600,112.7000,112.6200,112.7000,1900,0
CNI.US,5,20131126,173000,112.6700,112.6900,112.6100,112.6100,2263,0
CNI.US,5,20131126,173500,112.6100,112.7000,112.6100,112.6700,1750,0
CNI.US,5,20131126,174000,112.6500,112.6500,112.6200,112.6200,1900,0
CNI.US,5,20131126,174500,112.6200,112.6500,112.6200,112.6500,1000,0
CNI.US,5,20131126,175000,112.6400,112.7000,112.6400,112.6900,2800,0
CNI.US,5,20131126,175500,112.7200,112.7600,112.7100,112.7100,2000,0
CNI.US,5,20131126,180000,112.7400,112.8000,112.7400,112.7600,1603,0
CNI.US,5,20131126,180500,112.7600,112.8400,112.7500,112.8100,2614,0
CNI.US,5,20131126,181000,112.8000,112.8200,112.7400,112.7400,3933,0
CNI.US,5,20131126,181500,112.7600,112.8100,112.7200,112.8100,1876,0
CNI.US,5,20131126,182000,112.8300,112.8800,112.8000,112.8300,4396,0
CNI.US,5,20131126,182500,112.8400,112.8500,112.8100,112.8100,2000,0
CNI.US,5,20131126,183000,112.8000,112.8000,112.7500,112.7500,1100,0
CNI.US,5,20131126,183500,112.7400,112.7600,112.6300,112.6300,3271,0
CNI.US,5,20131126,184000,112.6600,112.6600,112.6200,112.6400,2108,0
CNI.US,5,20131126,184500,112.6400,112.6600,112.6100,112.6500,2000,0
CNI.US,5,20131126,185000,112.6700,112.7100,112.6500,112.6600,1420,0
CNI.US,5,20131126,185500,112.6500,112.7400,112.6500,112.7400,1300,0
CNI.US,5,20131126,190000,112.7300,112.7400,112.7200,112.7400,1100,0
CNI.US,5,20131126,190500,112.7600,112.7600,112.7000,112.7300,1300,0
CNI.US,5,20131126,191000,112.7500,112.7500,112.6000,112.6100,7900,0
CNI.US,5,20131126,191500,112.5900,112.5900,112.4800,112.4800,3040,0
CNI.US,5,20131126,192000,112.5000,112.5200,112.4800,112.5100,1712,0
CNI.US,5,20131126,192500,112.5100,112.5300,112.4900,112.5300,1899,0
CNI.US,5,20131126,193000,112.5100,112.5600,112.5100,112.5600,400,0
CNI.US,5,20131126,193500,112.5700,112.5700,112.5400,112.5700,1628,0
CNI.US,5,20131126,194000,112.6200,112.6300,112.6100,112.6100,2245,0
CNI.US,5,20131126,194500,112.6400,112.7800,112.6400,112.7800,1600,0
CNI.US,5,20131126,195000,112.7700,112.7900,112.7000,112.7400,4108,0
CNI.US,5,20131126,195500,112.7400,112.7400,112.7000,112.7100,2100,0
CNI.US,5,20131126,200000,112.7400,112.7400,112.6800,112.6800,2501,0
CNI.US,5,20131126,200500,112.6800,112.7300,112.6300,112.6600,4700,0
CNI.US,5,20131126,201000,112.6600,112.6900,112.6400,112.6400,2690,0
CNI.US,5,20131126,201500,112.6500,112.6500,112.5500,112.5500,2859,0
CNI.US,5,20131126,202000,112.5500,112.5500,112.4600,112.4700,5070,0
CNI.US,5,20131126,202500,112.5100,112.5300,112.4400,112.5300,4788,0
CNI.US,5,20131126,203000,112.4900,112.5700,112.4900,112.5700,1086,0
CNI.US,5,20131126,203500,112.5600,112.7100,112.5600,112.6400,5004,0
CNI.US,5,20131126,204000,112.6400,112.6900,112.6400,112.6500,2710,0
CNI.US,5,20131126,204500,112.6300,112.6300,112.5700,112.5700,2240,0
CNI.US,5,20131126,205000,112.5700,112.6100,112.5700,112.6000,3200,0
CNI.US,5,20131126,205500,112.6300,112.6300,112.5600,112.6000,2200,0
CNI.US,5,20131126,210000,112.6300,112.6600,112.5900,112.6600,1907,0
CNI.US,5,20131126,210500,112.6300,112.6900,112.6200,112.6800,3500,0
CNI.US,5,20131126,211000,112.6900,112.7200,112.6800,112.7000,2467,0
CNI.US,5,20131126,211500,112.6900,112.7200,112.6500,112.6600,3100,0
CNI.US,5,20131126,212000,112.6500,112.6700,112.5900,112.5900,4000,0
CNI.US,5,20131126,212500,112.6100,112.6700,112.5900,112.6300,7795,0
CNI.US,5,20131126,213000,112.6400,112.6600,112.6100,112.6300,3400,0
CNI.US,5,20131126,213500,112.6000,112.6000,112.5000,112.5000,10026,0
CNI.US,5,20131126,214000,112.4900,112.4900,112.3900,112.3900,8240,0
CNI.US,5,20131126,214500,112.3700,112.3700,112.1600,112.1900,19037,0
CNI.US,5,20131126,215000,112.1900,112.1900,111.9100,111.9400,29656,0
CNI.US,5,20131126,215500,111.9200,112.1100,111.8900,111.9800,30647,0
CNI.US,5,20131126,220000,111.9700,112.0800,111.9100,112.0200,21041,0
CNI.US,5,20131126,220500,112.0000,112.0300,112.0000,112.0300,22682,0
CNI.US,5,20131127,153500,111.5400,112.0800,111.5400,111.5900,9800,0
CNI.US,5,20131127,154000,111.6100,111.6200,111.3000,111.4300,13957,0
CNI.US,5,20131127,154500,111.4500,111.6300,111.4200,111.6300,5799,0
CNI.US,5,20131127,155000,111.6300,111.8100,111.4900,111.7300,8989,0
CNI.US,5,20131127,155500,111.6800,111.7900,111.6700,111.7900,2649,0
CNI.US,5,20131127,160000,111.7500,111.7600,111.6000,111.6000,2605,0
CNI.US,5,20131127,160500,111.6500,111.6900,111.5000,111.5400,5379,0
CNI.US,5,20131127,161000,111.5700,111.7900,111.5700,111.7300,3198,0
CNI.US,5,20131127,161500,111.7500,111.7900,111.7100,111.7100,4555,0
CNI.US,5,20131127,162000,111.7200,111.8400,111.7200,111.8400,1700,0
CNI.US,5,20131127,162500,111.8000,111.8700,111.8000,111.8400,2810,0
CNI.US,5,20131127,163000,111.8600,111.9400,111.8600,111.8600,5515,0
CNI.US,5,20131127,163500,111.8600,111.9000,111.8500,111.8600,3000,0
CNI.US,5,20131127,164000,111.8900,111.9400,111.8500,111.9400,3100,0
CNI.US,5,20131127,164500,111.9700,112.0200,111.9500,111.9500,4355,0
CNI.US,5,20131127,165000,111.9400,111.9700,111.9200,111.9400,1600,0
CNI.US,5,20131127,165500,111.9700,112.0000,111.9200,112.0000,1101,0
CNI.US,5,20131127,170000,112.0000,112.0100,111.9500,111.9600,3400,0
CNI.US,5,20131127,170500,111.9200,111.9900,111.9100,111.9900,800,0
CNI.US,5,20131127,171000,112.0200,112.1400,112.0200,112.1000,4000,0
CNI.US,5,20131127,171500,112.0800,112.2800,112.0700,112.2800,11623,0
CNI.US,5,20131127,172000,112.2700,112.3600,112.2700,112.3600,1532,0
CNI.US,5,20131127,172500,112.3600,112.4600,112.3600,112.4200,3300,0
CNI.US,5,20131127,173000,112.4100,112.4600,112.4100,112.4400,1100,0
CNI.US,5,20131127,173500,112.3300,112.3900,112.3300,112.3700,1205,0
CNI.US,5,20131127,174000,112.3800,112.4300,112.3800,112.4100,5294,0
CNI.US,5,20131127,174500,112.4100,112.4400,112.3500,112.4300,2100,0
CNI.US,5,20131127,175000,112.4400,112.5300,112.4400,112.5300,1000,0
CNI.US,5,20131127,175500,112.5200,112.5200,112.4500,112.4600,1780,0
CNI.US,5,20131127,180000,112.4700,112.4700,112.3600,112.3600,1100,0
CNI.US,5,20131127,180500,112.3900,112.4300,112.3800,112.4100,1378,0
CNI.US,5,20131127,181000,112.4200,112.4200,112.3200,112.3200,1041,0
CNI.US,5,20131127,181500,112.3100,112.3100,112.2500,112.2900,1570,0
CNI.US,5,20131127,182000,112.2900,112.3100,112.2900,112.3100,850,0
CNI.US,5,20131127,182500,112.3500,112.3800,112.3200,112.3200,605,0
CNI.US,5,20131127,183000,112.3600,112.4300,112.3100,112.4300,1800,0
CNI.US,5,20131127,183500,112.4300,112.4400,112.3600,112.3600,4400,0
CNI.US,5,20131127,184000,112.3900,112.3900,112.3300,112.3600,1600,0
CNI.US,5,20131127,184500,112.3500,112.3600,112.3200,112.3400,2168,0
CNI.US,5,20131127,185000,112.3300,112.3500,112.3000,112.3500,800,0
CNI.US,5,20131127,185500,112.2600,112.3100,112.2100,112.2100,1202,0
CNI.US,5,20131127,190000,112.2100,112.2200,112.1000,112.1000,2400,0
CNI.US,5,20131127,190500,112.1100,112.1300,112.1000,112.1000,1200,0
CNI.US,5,20131127,191000,112.1400,112.1500,112.1400,112.1500,800,0
CNI.US,5,20131127,191500,112.1500,112.2300,112.1500,112.2200,3249,0
CNI.US,5,20131127,192000,112.2500,112.2600,112.2100,112.2200,2601,0
CNI.US,5,20131127,192500,112.1700,112.2100,112.1600,112.2100,800,0
CNI.US,5,20131127,193000,112.1900,112.2100,112.1900,112.2100,500,0
CNI.US,5,20131127,193500,112.2700,112.3100,112.2500,112.2700,1400,0
CNI.US,5,20131127,194000,112.2600,112.2700,112.2600,112.2700,200,0
CNI.US,5,20131127,194500,112.2700,112.3000,112.2700,112.2900,1118,0
CNI.US,5,20131127,195000,112.2600,112.2600,112.2100,112.2600,1100,0
CNI.US,5,20131127,195500,112.2800,112.3200,112.2800,112.3200,2154,0
CNI.US,5,20131127,200000,112.2800,112.3000,112.1300,112.1400,3424,0
CNI.US,5,20131127,200500,112.1300,112.1500,112.0200,112.0500,2755,0
CNI.US,5,20131127,201000,112.0600,112.1300,112.0600,112.1300,610,0
CNI.US,5,20131127,201500,112.1100,112.1100,112.0600,112.0700,800,0
CNI.US,5,20131127,202000,112.0700,112.0700,112.0100,112.0100,714,0
CNI.US,5,20131127,202500,112.0600,112.0900,112.0400,112.0900,3419,0
CNI.US,5,20131127,203000,112.1300,112.1400,112.0600,112.1300,1100,0
CNI.US,5,20131127,203500,112.1400,112.2800,112.1100,112.2800,10267,0
CNI.US,5,20131127,204000,112.3400,112.3600,112.3100,112.3600,625,0
CNI.US,5,20131127,204500,112.3700,112.4300,112.3700,112.3800,1231,0
CNI.US,5,20131127,205000,112.4300,112.4800,112.4300,112.4600,1454,0
CNI.US,5,20131127,205500,112.4600,112.4900,112.4100,112.4400,2077,0
CNI.US,5,20131127,210000,112.4500,112.4500,112.3700,112.3800,1850,0
CNI.US,5,20131127,210500,112.3500,112.3500,112.2600,112.2600,1710,0
CNI.US,5,20131127,211000,112.2800,112.3400,112.2600,112.2900,2300,0
CNI.US,5,20131127,211500,112.2900,112.3500,112.2600,112.3300,1000,0
CNI.US,5,20131127,212000,112.3300,112.3300,112.1200,112.1200,6564,0
CNI.US,5,20131127,212500,112.1200,112.2000,112.1200,112.2000,1584,0
CNI.US,5,20131127,213000,112.1900,112.2600,112.1800,112.2200,1713,0
CNI.US,5,20131127,213500,112.2400,112.2900,112.2200,112.2800,3522,0
CNI.US,5,20131127,214000,112.2800,112.2800,112.2100,112.2200,3967,0
CNI.US,5,20131127,214500,112.1800,112.2000,112.0400,112.2000,7086,0
CNI.US,5,20131127,215000,112.2100,112.2700,112.1400,112.2700,9800,0
CNI.US,5,20131127,215500,112.2400,112.2400,112.0700,112.0800,9826,0
CNI.US,5,20131127,220000,112.0700,112.0700,111.9800,111.9800,18658,0
CNI.US,5,20131127,220500,111.9900,111.9900,111.9900,111.9900,3246,0
CNI.US,5,20131129,153500,112.0400,112.6100,112.0000,112.6100,6843,0
CNI.US,5,20131129,154000,112.6300,113.1200,112.6200,113.0700,15848,0
CNI.US,5,20131129,154500,113.0300,113.2500,112.9700,113.0700,4431,0
CNI.US,5,20131129,155000,113.0800,113.0800,112.9400,112.9400,2845,0
CNI.US,5,20131129,155500,112.9500,113.2900,112.9100,113.2900,4878,0
CNI.US,5,20131129,160000,113.3000,113.5000,113.1700,113.5000,3084,0
CNI.US,5,20131129,160500,113.5000,113.6700,113.4200,113.6700,4617,0
CNI.US,5,20131129,161000,113.6400,113.7500,113.5700,113.6900,3147,0
CNI.US,5,20131129,161500,113.7200,113.7900,113.4900,113.4900,3444,0
CNI.US,5,20131129,162000,113.5400,113.7900,113.5300,113.7900,2900,0
CNI.US,5,20131129,162500,113.8000,113.8000,113.6400,113.7100,2600,0
CNI.US,5,20131129,163000,113.7400,113.9000,113.7400,113.8000,4300,0
CNI.US,5,20131129,163500,113.7500,113.9300,113.6900,113.7700,1200,0
CNI.US,5,20131129,164000,113.6700,113.7200,113.6700,113.6800,1500,0
CNI.US,5,20131129,164500,113.7000,113.7500,113.6800,113.7300,2100,0
CNI.US,5,20131129,165000,113.7100,113.7500,113.7100,113.7200,1772,0
CNI.US,5,20131129,165500,113.7200,113.7800,113.7200,113.7700,8399,0
CNI.US,5,20131129,170000,113.7800,113.8600,113.7400,113.8600,3900,0
CNI.US,5,20131129,170500,113.7900,113.8200,113.7200,113.7300,4000,0
CNI.US,5,20131129,171000,113.7500,113.8300,113.7500,113.7700,2500,0
CNI.US,5,20131129,171500,113.8100,113.9300,113.8000,113.9000,3601,0
CNI.US,5,20131129,172000,113.8700,113.8700,113.6700,113.6800,6239,0
CNI.US,5,20131129,172500,113.6400,113.6400,113.4200,113.4200,3685,0
CNI.US,5,20131129,173000,113.4100,113.5100,113.4100,113.4900,3900,0
CNI.US,5,20131129,173500,113.4900,113.4900,113.3000,113.3000,2816,0
CNI.US,5,20131129,174000,113.2800,113.4400,113.2400,113.3700,3700,0
CNI.US,5,20131129,174500,113.3700,113.3700,113.2000,113.2300,4245,0
CNI.US,5,20131129,175000,113.2100,113.2500,113.1300,113.1300,2000,0
CNI.US,5,20131129,175500,113.1400,113.2500,113.1400,113.2500,2423,0
CNI.US,5,20131129,180000,113.2500,113.2500,113.2000,113.2100,1400,0
CNI.US,5,20131129,180500,113.2100,113.2100,113.0300,113.0300,2124,0
CNI.US,5,20131129,181000,112.9700,113.0500,112.9100,113.0500,8078,0
CNI.US,5,20131129,181500,113.0300,113.0500,112.9200,112.9400,4500,0
CNI.US,5,20131129,182000,112.9200,113.0500,112.8900,113.0500,4383,0
CNI.US,5,20131129,182500,113.0600,113.1100,113.0400,113.0900,3017,0
CNI.US,5,20131129,183000,113.1100,113.1700,113.1000,113.1700,3208,0
CNI.US,5,20131129,183500,113.1600,113.1900,113.0000,113.0400,5288,0
CNI.US,5,20131129,184000,113.0000,113.0000,112.8900,112.9000,3300,0
CNI.US,5,20131129,184500,112.8800,112.9300,112.7300,112.9200,19739,0
CNI.US,5,20131129,185000,112.8300,112.8600,112.4200,112.5100,5454,0
CNI.US,5,20131129,185500,112.5100,112.6600,112.2900,112.6600,8184,0
CNI.US,5,20131129,190000,112.6500,112.6900,112.4500,112.5500,7311,0
CNI.US,5,20131129,190500,112.5000,112.5000,112.5000,112.5000,9453,0
CNI.US,5,20131202,153500,56.9200,56.9200,56.3100,56.5800,30215,0
CNI.US,5,20131202,154000,56.5800,56.8200,56.5200,56.7500,8603,0
CNI.US,5,20131202,154500,56.7800,56.7800,56.4600,56.5100,11255,0
CNI.US,5,20131202,155000,56.5100,56.8600,56.4500,56.6300,14655,0
CNI.US,5,20131202,155500,56.6300,56.9300,56.6300,56.7400,12400,0
CNI.US,5,20131202,160000,56.7500,56.8600,56.7400,56.8100,6101,0
CNI.US,5,20131202,160500,56.7600,56.7900,56.6700,56.7100,3418,0
CNI.US,5,20131202,161000,56.7100,56.7500,56.6800,56.7100,3500,0
CNI.US,5,20131202,161500,56.7000,56.7500,56.6800,56.7400,5700,0
CNI.US,5,20131202,162000,56.7500,56.7900,56.6900,56.7000,5100,0
CNI.US,5,20131202,162500,56.6700,56.7100,56.6500,56.6700,3605,0
CNI.US,5,20131202,163000,56.6700,56.7600,56.6700,56.7500,18701,0
CNI.US,5,20131202,163500,56.7400,56.7400,56.6700,56.7400,11235,0
CNI.US,5,20131202,164000,56.7200,56.8100,56.7200,56.8100,4039,0
CNI.US,5,20131202,164500,56.8200,56.9300,56.7900,56.9100,9200,0
CNI.US,5,20131202,165000,56.9500,57.0100,56.9500,57.0000,12215,0
CNI.US,5,20131202,165500,57.0000,57.0700,57.0000,57.0600,11751,0
CNI.US,5,20131202,170000,57.0900,57.1500,57.0600,57.1300,4486,0
CNI.US,5,20131202,170500,57.1200,57.1700,57.1100,57.1300,13610,0
CNI.US,5,20131202,171000,57.1200,57.2200,57.1200,57.2100,7501,0
CNI.US,5,20131202,171500,57.2100,57.2200,57.1700,57.2100,9611,0
CNI.US,5,20131202,172000,57.2200,57.2400,57.2100,57.2400,5097,0
CNI.US,5,20131202,172500,57.2300,57.2900,57.2300,57.2500,10250,0
CNI.US,5,20131202,173000,57.2500,57.2800,57.2100,57.2200,5000,0
CNI.US,5,20131202,173500,57.2100,57.2800,57.2100,57.2400,3451,0
CNI.US,5,20131202,174000,57.2300,57.2400,57.2100,57.2100,1926,0
CNI.US,5,20131202,174500,57.2200,57.2400,57.2100,57.2400,6847,0
CNI.US,5,20131202,175000,57.2300,57.2500,57.2200,57.2400,1822,0
CNI.US,5,20131202,175500,57.2200,57.2500,57.2100,57.2400,4876,0
CNI.US,5,20131202,180000,57.2400,57.2600,57.2300,57.2400,4855,0
CNI.US,5,20131202,180500,57.2400,57.2400,57.2100,57.2300,4852,0
CNI.US,5,20131202,181000,57.2000,57.2400,57.1800,57.2200,5600,0
CNI.US,5,20131202,181500,57.2100,57.2600,57.1900,57.2300,5838,0
CNI.US,5,20131202,182000,57.2600,57.3600,57.2400,57.3600,8925,0
CNI.US,5,20131202,182500,57.3500,57.4400,57.3500,57.4400,6890,0
CNI.US,5,20131202,183000,57.4400,57.4800,57.4400,57.4600,6600,0
CNI.US,5,20131202,183500,57.4700,57.5100,57.4300,57.4900,9670,0
CNI.US,5,20131202,184000,57.5000,57.6000,57.5000,57.5800,8409,0
CNI.US,5,20131202,184500,57.6000,57.6200,57.5700,57.6100,14100,0
CNI.US,5,20131202,185000,57.6300,57.7000,57.6100,57.6800,11180,0
CNI.US,5,20131202,185500,57.6900,57.7200,57.6700,57.7100,8931,0
CNI.US,5,20131202,190000,57.7000,57.7700,57.6900,57.7600,8750,0
CNI.US,5,20131202,190500,57.7500,57.8100,57.7500,57.8100,6473,0
CNI.US,5,20131202,191000,57.8300,57.8400,57.7800,57.8100,12962,0
CNI.US,5,20131202,191500,57.8100,57.8100,57.7600,57.7900,7257,0
CNI.US,5,20131202,192000,57.7800,57.7900,57.6800,57.6900,4500,0
CNI.US,5,20131202,192500,57.6900,57.7200,57.6600,57.7000,9707,0
CNI.US,5,20131202,193000,57.7100,57.7900,57.7100,57.7600,3721,0
CNI.US,5,20131202,193500,57.7400,57.7700,57.7400,57.7500,2982,0
CNI.US,5,20131202,194000,57.7300,57.7400,57.7100,57.7100,2000,0
CNI.US,5,20131202,194500,57.7100,57.7300,57.7000,57.7000,1530,0
CNI.US,5,20131202,195000,57.7000,57.7500,57.7000,57.7200,5946,0
CNI.US,5,20131202,195500,57.7100,57.7200,57.6500,57.6600,5800,0
CNI.US,5,20131202,200000,57.6700,57.7300,57.6600,57.7300,2922,0
CNI.US,5,20131202,200500,57.7100,57.7800,57.7100,57.7500,6533,0
CNI.US,5,20131202,201000,57.7600,57.7900,57.7500,57.7900,7256,0
CNI.US,5,20131202,201500,57.7800,57.8100,57.7300,57.7300,12029,0
CNI.US,5,20131202,202000,57.7400,57.7500,57.7100,57.7300,4643,0
CNI.US,5,20131202,202500,57.7200,57.7200,57.6900,57.6900,2800,0
CNI.US,5,20131202,203000,57.6900,57.7200,57.6400,57.6400,4168,0
CNI.US,5,20131202,203500,57.6400,57.6400,57.5600,57.5700,5345,0
CNI.US,5,20131202,204000,57.5500,57.6000,57.5200,57.5800,6845,0
CNI.US,5,20131202,204500,57.5800,57.6000,57.5600,57.5800,2401,0
CNI.US,5,20131202,205000,57.5700,57.6500,57.5500,57.6500,6955,0
CNI.US,5,20131202,205500,57.6400,57.6600,57.6100,57.6600,7877,0
CNI.US,5,20131202,210000,57.6600,57.7000,57.6600,57.6900,3800,0
CNI.US,5,20131202,210500,57.6600,57.6600,57.6200,57.6300,8560,0
CNI.US,5,20131202,211000,57.6400,57.6400,57.6000,57.6100,6275,0
CNI.US,5,20131202,211500,57.6000,57.6400,57.6000,57.6400,3500,0
CNI.US,5,20131202,212000,57.6300,57.6300,57.5800,57.5900,4691,0
CNI.US,5,20131202,212500,57.5900,57.6100,57.5900,57.6000,2529,0
CNI.US,5,20131202,213000,57.6200,57.6300,57.5800,57.5900,10107,0
CNI.US,5,20131202,213500,57.5800,57.5900,57.5000,57.5700,11270,0
CNI.US,5,20131202,214000,57.5600,57.6200,57.5600,57.6100,12865,0
CNI.US,5,20131202,214500,57.6300,57.8000,57.6200,57.7900,33173,0
CNI.US,5,20131202,215000,57.7800,57.8300,57.7600,57.8000,18303,0
CNI.US,5,20131202,215500,57.8000,57.8200,57.7300,57.7700,46602,0
CNI.US,5,20131202,220000,57.7600,57.8000,57.7200,57.7800,46886,0
CNI.US,5,20131202,220500,57.7700,57.7700,57.7700,57.7700,27914,0
CNI.US,5,20131203,153500,57.7900,58.4000,57.7900,58.3300,22900,0
CNI.US,5,20131203,154000,58.3300,58.3300,57.9800,57.9800,16630,0
CNI.US,5,20131203,154500,57.9700,57.9700,57.7700,57.8200,22638,0
CNI.US,5,20131203,155000,57.8600,57.8600,57.7800,57.8500,6023,0
CNI.US,5,20131203,155500,57.8300,57.8300,57.7700,57.8000,17704,0
CNI.US,5,20131203,160000,57.7700,57.8900,57.7000,57.8700,11104,0
CNI.US,5,20131203,160500,57.8300,57.8700,57.8100,57.8300,4600,0
CNI.US,5,20131203,161000,57.8400,57.8800,57.7600,57.7600,9920,0
CNI.US,5,20131203,161500,57.7800,57.7900,57.6800,57.6900,10966,0
CNI.US,5,20131203,162000,57.6900,57.7000,57.6200,57.6900,13434,0
CNI.US,5,20131203,162500,57.6900,57.7400,57.6600,57.6600,17186,0
CNI.US,5,20131203,163000,57.6600,57.6700,57.5900,57.6500,7704,0
CNI.US,5,20131203,163500,57.6100,57.6100,57.5500,57.5600,7239,0
CNI.US,5,20131203,164000,57.5500,57.5600,57.5200,57.5200,6287,0
CNI.US,5,20131203,164500,57.5300,57.5300,57.4800,57.5100,8630,0
CNI.US,5,20131203,165000,57.5100,57.5600,57.5100,57.5300,8700,0
CNI.US,5,20131203,165500,57.5300,57.5300,57.4400,57.4600,11403,0
CNI.US,5,20131203,170000,57.4700,57.5600,57.4700,57.5600,11481,0
CNI.US,5,20131203,170500,57.5400,57.5400,57.4500,57.4500,5611,0
CNI.US,5,20131203,171000,57.4500,57.4500,57.2800,57.2800,20987,0
CNI.US,5,20131203,171500,57.2800,57.2900,57.2500,57.2700,10262,0
CNI.US,5,20131203,172000,57.2700,57.2700,57.2400,57.2500,4860,0
CNI.US,5,20131203,172500,57.2600,57.3100,57.2600,57.3000,6457,0
CNI.US,5,20131203,173000,57.3000,57.3000,57.2100,57.2200,5814,0
CNI.US,5,20131203,173500,57.2100,57.2300,57.1700,57.1800,7433,0
CNI.US,5,20131203,174000,57.1800,57.1800,57.1000,57.1300,7372,0
CNI.US,5,20131203,174500,57.0900,57.0900,56.9100,56.9100,13866,0
CNI.US,5,20131203,175000,56.9000,56.9400,56.8500,56.9400,6166,0
CNI.US,5,20131203,175500,56.9200,56.9200,56.8100,56.8400,5950,0
CNI.US,5,20131203,180000,56.8300,56.8600,56.8300,56.8500,7191,0
CNI.US,5,20131203,180500,56.8600,56.9200,56.8600,56.9200,5700,0
CNI.US,5,20131203,181000,56.9300,56.9300,56.7600,56.7700,12806,0
CNI.US,5,20131203,181500,56.7800,56.7900,56.6800,56.6800,12936,0
CNI.US,5,20131203,182000,56.6700,56.6900,56.6600,56.6700,2850,0
CNI.US,5,20131203,182500,56.6700,56.6700,56.6000,56.6200,9189,0
CNI.US,5,20131203,183000,56.6400,56.6600,56.5900,56.6500,12326,0
CNI.US,5,20131203,183500,56.6500,56.6500,56.5700,56.6300,7200,0
CNI.US,5,20131203,184000,56.6300,56.6600,56.6100,56.6400,8424,0
CNI.US,5,20131203,184500,56.6700,56.7000,56.6300,56.6400,4280,0
CNI.US,5,20131203,185000,56.6400,56.6400,56.6100,56.6300,5906,0
CNI.US,5,20131203,185500,56.6400,56.6500,56.6000,56.6300,8850,0
CNI.US,5,20131203,190000,56.6400,56.6800,56.6300,56.6500,4415,0
CNI.US,5,20131203,190500,56.6400,56.7000,56.6300,56.6300,4817,0
CNI.US,5,20131203,191000,56.6500,56.6700,56.6300,56.6400,4625,0
CNI.US,5,20131203,191500,56.6400,56.6500,56.6300,56.6300,4675,0
CNI.US,5,20131203,192000,56.6300,56.6500,56.6300,56.6400,5685,0
CNI.US,5,20131203,192500,56.6500,56.6600,56.6400,56.6400,3176,0
CNI.US,5,20131203,193000,56.6400,56.6400,56.5500,56.5700,6655,0
CNI.US,5,20131203,193500,56.5600,56.5600,56.5100,56.5200,5584,0
CNI.US,5,20131203,194000,56.5100,56.5200,56.4800,56.5000,6659,0
CNI.US,5,20131203,194500,56.4800,56.4900,56.4300,56.4300,10854,0
CNI.US,5,20131203,195000,56.4500,56.4900,56.4300,56.4600,7888,0
CNI.US,5,20131203,195500,56.4600,56.5200,56.4200,56.5200,25721,0
CNI.US,5,20131203,200000,56.5100,56.5600,56.5000,56.5600,8589,0
CNI.US,5,20131203,200500,56.5600,56.5600,56.5000,56.5100,4283,0
CNI.US,5,20131203,201000,56.5100,56.5100,56.3900,56.4000,28488,0
CNI.US,5,20131203,201500,56.4100,56.4400,56.3900,56.4300,5859,0
CNI.US,5,20131203,202000,56.4400,56.4400,56.3400,56.3600,5998,0
CNI.US,5,20131203,202500,56.3400,56.3800,56.3400,56.3800,6279,0
CNI.US,5,20131203,203000,56.3800,56.4700,56.3700,56.4700,11100,0
CNI.US,5,20131203,203500,56.4800,56.5500,56.4700,56.5300,6898,0
CNI.US,5,20131203,204000,56.5400,56.5900,56.5400,56.5900,6000,0
CNI.US,5,20131203,204500,56.6100,56.6600,56.5900,56.6400,7326,0
CNI.US,5,20131203,205000,56.6400,56.6600,56.6000,56.6500,9826,0
CNI.US,5,20131203,205500,56.6700,56.7600,56.6600,56.7600,7117,0
CNI.US,5,20131203,210000,56.7500,56.7800,56.7400,56.7500,6878,0
CNI.US,5,20131203,210500,56.7600,56.7600,56.6900,56.7000,8980,0
CNI.US,5,20131203,211000,56.6900,56.7000,56.6600,56.6600,11106,0
CNI.US,5,20131203,211500,56.6600,56.6700,56.6300,56.6500,7430,0
CNI.US,5,20131203,212000,56.6600,56.6600,56.6400,56.6400,4858,0
CNI.US,5,20131203,212500,56.6400,56.6400,56.5500,56.5500,8735,0
CNI.US,5,20131203,213000,56.5600,56.5700,56.5400,56.5500,13179,0
CNI.US,5,20131203,213500,56.5500,56.6200,56.5500,56.6100,10283,0
CNI.US,5,20131203,214000,56.6100,56.6100,56.5600,56.5600,14650,0
CNI.US,5,20131203,214500,56.5600,56.6000,56.5600,56.5800,22332,0
CNI.US,5,20131203,215000,56.5800,56.6200,56.5600,56.6100,12620,0
CNI.US,5,20131203,215500,56.6200,56.6800,56.6000,56.6700,16424,0
CNI.US,5,20131203,220000,56.6800,56.7600,56.6700,56.7600,38708,0
CNI.US,5,20131203,220500,56.7600,56.7600,56.7600,56.7600,39230,0
CNI.US,5,20131204,153500,56.6500,56.6800,56.1900,56.2100,8863,0
CNI.US,5,20131204,154000,56.1900,56.2800,56.1800,56.2800,7793,0
CNI.US,5,20131204,154500,56.3100,56.3900,56.2900,56.2900,10402,0
CNI.US,5,20131204,155000,56.2700,56.3700,56.2100,56.3500,6557,0
CNI.US,5,20131204,155500,56.3500,56.5300,56.3500,56.5300,4798,0
CNI.US,5,20131204,160000,56.5400,56.5400,56.3700,56.3800,8552,0
CNI.US,5,20131204,160500,56.4000,56.5100,56.2500,56.4300,11815,0
CNI.US,5,20131204,161000,56.4600,56.4900,56.4100,56.4900,4680,0
CNI.US,5,20131204,161500,56.4800,56.5200,56.4500,56.5200,4750,0
CNI.US,5,20131204,162000,56.5100,56.6600,56.4800,56.6600,5204,0
CNI.US,5,20131204,162500,56.6600,56.6700,56.6000,56.6300,1367,0
CNI.US,5,20131204,163000,56.6400,56.7500,56.6400,56.7500,6100,0
CNI.US,5,20131204,163500,56.7700,56.7700,56.6100,56.6100,10716,0
CNI.US,5,20131204,164000,56.6300,56.6900,56.5500,56.5600,5378,0
CNI.US,5,20131204,164500,56.5600,56.6700,56.5600,56.5800,1350,0
CNI.US,5,20131204,165000,56.6000,56.6000,56.4600,56.4700,4584,0
CNI.US,5,20131204,165500,56.4600,56.4900,56.3800,56.4200,6700,0
CNI.US,5,20131204,170000,56.4300,56.4500,56.3700,56.4200,6380,0
CNI.US,5,20131204,170500,56.4300,56.4300,56.3400,56.3800,2100,0
CNI.US,5,20131204,171000,56.4100,56.4100,56.3700,56.3700,4700,0
CNI.US,5,20131204,171500,56.3500,56.4200,56.2800,56.4100,21281,0
CNI.US,5,20131204,172000,56.4100,56.4100,56.3200,56.3600,3600,0
CNI.US,5,20131204,172500,56.3000,56.3400,56.2900,56.3400,2830,0
CNI.US,5,20131204,173000,56.3100,56.3600,56.3100,56.3500,2482,0
CNI.US,5,20131204,173500,56.3300,56.3500,56.3100,56.3200,3483,0
CNI.US,5,20131204,174000,56.3000,56.3100,56.2500,56.2600,5501,0
CNI.US,5,20131204,174500,56.2600,56.2600,56.2200,56.2400,6900,0
CNI.US,5,20131204,175000,56.2400,56.2600,56.2200,56.2200,7275,0
CNI.US,5,20131204,175500,56.2200,56.2600,56.1500,56.1700,3900,0
CNI.US,5,20131204,180000,56.1600,56.1700,56.1200,56.1400,3915,0
CNI.US,5,20131204,180500,56.1400,56.1700,56.0800,56.0900,25261,0
CNI.US,5,20131204,181000,56.0800,56.1200,56.0800,56.1100,3800,0
CNI.US,5,20131204,181500,56.1100,56.1200,56.0700,56.0700,1635,0
CNI.US,5,20131204,182000,56.1000,56.1000,56.0200,56.0200,4515,0
CNI.US,5,20131204,182500,56.0100,56.0100,55.9100,55.9100,8016,0
CNI.US,5,20131204,183000,55.9300,56.0600,55.9300,56.0600,19689,0
CNI.US,5,20131204,183500,56.0200,56.0700,56.0000,56.0500,8885,0
CNI.US,5,20131204,184000,56.0200,56.0300,55.9700,56.0300,2400,0
CNI.US,5,20131204,184500,56.0300,56.0700,56.0200,56.0700,2165,0
CNI.US,5,20131204,185000,56.0500,56.0800,56.0400,56.0400,4600,0
CNI.US,5,20131204,185500,56.0200,56.0200,56.0000,56.0100,2700,0
CNI.US,5,20131204,190000,56.0200,56.0400,56.0200,56.0200,2500,0
CNI.US,5,20131204,190500,56.0600,56.0600,55.9900,56.0000,8610,0
CNI.US,5,20131204,191000,56.0100,56.0200,56.0000,56.0100,3200,0
CNI.US,5,20131204,191500,56.0100,56.0100,55.9400,55.9400,3455,0
CNI.US,5,20131204,192000,55.9400,55.9600,55.9200,55.9200,1400,0
CNI.US,5,20131204,192500,55.9200,55.9200,55.7700,55.7700,2850,0
CNI.US,5,20131204,193000,55.7900,55.7900,55.6100,55.6100,9501,0
CNI.US,5,20131204,193500,55.5900,55.6400,55.5100,55.6200,10651,0
CNI.US,5,20131204,194000,55.6100,55.6700,55.6100,55.6700,7182,0
CNI.US,5,20131204,194500,55.6600,55.7500,55.6600,55.7400,8100,0
CNI.US,5,20131204,195000,55.7400,55.7700,55.7100,55.7300,5396,0
CNI.US,5,20131204,195500,55.7200,55.7300,55.6700,55.6700,3000,0
CNI.US,5,20131204,200000,55.6800,55.6800,55.5600,55.5700,11200,0
CNI.US,5,20131204,200500,55.5700,55.6200,55.5100,55.6200,22039,0
CNI.US,5,20131204,201000,55.6200,55.6600,55.6200,55.6500,5899,0
CNI.US,5,20131204,201500,55.6500,55.7000,55.6500,55.6700,8130,0
CNI.US,5,20131204,202000,55.6900,55.7000,55.6100,55.6200,17281,0
CNI.US,5,20131204,202500,55.6100,55.6100,55.5100,55.5100,9995,0
CNI.US,5,20131204,203000,55.5100,55.5300,55.4500,55.4600,13769,0
CNI.US,5,20131204,203500,55.4700,55.4900,55.4700,55.4900,14249,0
CNI.US,5,20131204,204000,55.4900,55.5800,55.4900,55.5600,9289,0
CNI.US,5,20131204,204500,55.5800,55.6100,55.5700,55.6100,5955,0
CNI.US,5,20131204,205000,55.6200,55.6400,55.6200,55.6400,3100,0
CNI.US,5,20131204,205500,55.6300,55.6400,55.6200,55.6300,5600,0
CNI.US,5,20131204,210000,55.6400,55.6400,55.6000,55.6000,10007,0
CNI.US,5,20131204,210500,55.5900,55.6100,55.5800,55.5900,8155,0
CNI.US,5,20131204,211000,55.5900,55.6100,55.5800,55.6100,8079,0
CNI.US,5,20131204,211500,55.6000,55.6100,55.5800,55.5900,9521,0
CNI.US,5,20131204,212000,55.5900,55.7000,55.5800,55.6600,17416,0
CNI.US,5,20131204,212500,55.6600,55.7300,55.6600,55.7200,21325,0
CNI.US,5,20131204,213000,55.7300,55.8400,55.7200,55.8000,18351,0
CNI.US,5,20131204,213500,55.8000,55.8200,55.6900,55.7500,21136,0
CNI.US,5,20131204,214000,55.7500,55.7500,55.7000,55.7000,15500,0
CNI.US,5,20131204,214500,55.7200,55.7700,55.6900,55.6900,32036,0
CNI.US,5,20131204,215000,55.7000,55.7500,55.7000,55.7000,22304,0
CNI.US,5,20131204,215500,55.7200,55.7200,55.6900,55.6900,29877,0
CNI.US,5,20131204,220000,55.7000,55.7200,55.6400,55.6400,74456,0
CNI.US,5,20131204,220500,55.6400,55.6400,55.6400,55.6400,86062,0
CNI.US,5,20131205,153500,55.6400,55.6400,55.2500,55.3300,17728,0
CNI.US,5,20131205,154000,55.3300,55.5000,55.3000,55.4100,6980,0
CNI.US,5,20131205,154500,55.4100,55.4100,55.3000,55.3900,6935,0
CNI.US,5,20131205,155000,55.3700,55.4800,55.3200,55.4700,8308,0
CNI.US,5,20131205,155500,55.4800,55.5500,55.4500,55.5200,6752,0
CNI.US,5,20131205,160000,55.5700,55.6400,55.5500,55.6300,3393,0
CNI.US,5,20131205,160500,55.6200,55.8900,55.6100,55.8400,12313,0
CNI.US,5,20131205,161000,55.8600,55.8900,55.8200,55.8800,9594,0
CNI.US,5,20131205,161500,55.8900,55.8900,55.7600,55.7600,9600,0
CNI.US,5,20131205,162000,55.7600,55.7600,55.7000,55.7500,10100,0
CNI.US,5,20131205,162500,55.7700,55.7700,55.6700,55.7300,4200,0
CNI.US,5,20131205,163000,55.7000,55.7300,55.6800,55.7300,6152,0
CNI.US,5,20131205,163500,55.7400,55.7500,55.7100,55.7200,6700,0
CNI.US,5,20131205,164000,55.7300,55.7700,55.7300,55.7600,5229,0
CNI.US,5,20131205,164500,55.7500,55.7700,55.7500,55.7700,2500,0
CNI.US,5,20131205,165000,55.7800,55.7800,55.7000,55.7500,4918,0
CNI.US,5,20131205,165500,55.7600,55.7900,55.7400,55.7900,3500,0
CNI.US,5,20131205,170000,55.8000,55.8100,55.7800,55.8100,2800,0
CNI.US,5,20131205,170500,55.8100,55.8300,55.7400,55.8300,6300,0
CNI.US,5,20131205,171000,55.8400,55.9100,55.8400,55.8900,3850,0
CNI.US,5,20131205,171500,55.8800,55.8800,55.8400,55.8400,3000,0
CNI.US,5,20131205,172000,55.8500,55.8700,55.8100,55.8500,3780,0
CNI.US,5,20131205,172500,55.8600,55.8700,55.8200,55.8500,700,0
CNI.US,5,20131205,173000,55.8300,55.8900,55.8300,55.8900,3500,0
CNI.US,5,20131205,173500,55.8900,55.9300,55.8800,55.9300,6290,0
CNI.US,5,20131205,174000,55.9300,55.9400,55.8900,55.9400,6930,0
CNI.US,5,20131205,174500,55.9300,56.0000,55.9200,56.0000,2500,0
CNI.US,5,20131205,175000,55.9900,56.1400,55.9900,56.1300,14971,0
CNI.US,5,20131205,175500,56.1300,56.2100,56.1300,56.2100,12540,0
CNI.US,5,20131205,180000,56.1700,56.2000,56.1400,56.1900,8566,0
CNI.US,5,20131205,180500,56.2000,56.3300,56.1200,56.3200,20198,0
CNI.US,5,20131205,181000,56.3200,56.3600,56.2600,56.3400,13942,0
CNI.US,5,20131205,181500,56.3600,56.5100,56.3600,56.5000,17220,0
CNI.US,5,20131205,182000,56.4800,56.5100,56.4500,56.4900,8085,0
CNI.US,5,20131205,182500,56.4900,56.5100,56.4500,56.4500,10438,0
CNI.US,5,20131205,183000,56.4600,56.4700,56.4100,56.4100,10100,0
CNI.US,5,20131205,183500,56.4100,56.5000,56.4100,56.4700,13200,0
CNI.US,5,20131205,184000,56.4600,56.4700,56.4000,56.4500,6400,0
CNI.US,5,20131205,184500,56.4200,56.4700,56.4200,56.4600,6082,0
CNI.US,5,20131205,185000,56.4600,56.4600,56.4000,56.4100,7527,0
CNI.US,5,20131205,185500,56.4000,56.4400,56.3300,56.3800,10322,0
CNI.US,5,20131205,190000,56.3800,56.3900,56.3500,56.3600,4887,0
CNI.US,5,20131205,190500,56.3300,56.3400,56.3000,56.3100,4590,0
CNI.US,5,20131205,191000,56.3000,56.3000,56.2400,56.2400,5305,0
CNI.US,5,20131205,191500,56.2400,56.2900,56.2400,56.2900,1588,0
CNI.US,5,20131205,192000,56.2900,56.2900,56.2200,56.2300,4121,0
CNI.US,5,20131205,192500,56.2200,56.2300,56.2000,56.2100,2097,0
CNI.US,5,20131205,193000,56.2000,56.2000,56.1000,56.1100,8057,0
CNI.US,5,20131205,193500,56.1100,56.1500,56.1100,56.1200,3350,0
CNI.US,5,20131205,194000,56.1200,56.1500,56.1000,56.1000,2755,0
CNI.US,5,20131205,194500,56.1200,56.1300,56.1000,56.1100,2000,0
CNI.US,5,20131205,195000,56.0900,56.1300,56.0800,56.1200,3082,0
CNI.US,5,20131205,195500,56.1200,56.1300,56.0300,56.0500,4211,0
CNI.US,5,20131205,200000,56.0500,56.0800,56.0400,56.0800,1400,0
CNI.US,5,20131205,200500,56.0800,56.1600,56.0600,56.1500,3500,0
CNI.US,5,20131205,201000,56.1400,56.1900,56.1200,56.1500,1979,0
CNI.US,5,20131205,201500,56.1400,56.1500,56.1000,56.1000,3332,0
CNI.US,5,20131205,202000,56.1200,56.1600,56.1100,56.1600,4774,0
CNI.US,5,20131205,202500,56.1500,56.2400,56.1500,56.2100,5400,0
CNI.US,5,20131205,203000,56.2200,56.2400,56.2000,56.2100,1938,0
CNI.US,5,20131205,203500,56.2100,56.2400,56.2100,56.2200,2755,0
CNI.US,5,20131205,204000,56.2500,56.2700,56.2500,56.2600,6403,0
CNI.US,5,20131205,204500,56.2600,56.2600,56.2300,56.2500,3015,0
CNI.US,5,20131205,205000,56.2600,56.2600,56.2200,56.2200,950,0
CNI.US,5,20131205,205500,56.2300,56.2300,56.2000,56.2000,3624,0
CNI.US,5,20131205,210000,56.2000,56.2200,56.0900,56.0900,8483,0
CNI.US,5,20131205,210500,56.0700,56.1200,56.0400,56.1200,4205,0
CNI.US,5,20131205,211000,56.1500,56.1600,56.1200,56.1500,4064,0
CNI.US,5,20131205,211500,56.1400,56.1400,56.0500,56.0500,4100,0
CNI.US,5,20131205,212000,56.0500,56.0800,56.0500,56.0700,2862,0
CNI.US,5,20131205,212500,56.0600,56.1100,56.0600,56.1100,5775,0
CNI.US,5,20131205,213000,56.1100,56.1700,56.0500,56.1200,8001,0
CNI.US,5,20131205,213500,56.1000,56.1200,56.0900,56.1200,7421,0
CNI.US,5,20131205,214000,56.1100,56.2200,56.1000,56.1900,6250,0
CNI.US,5,20131205,214500,56.1700,56.1700,56.0600,56.1000,13974,0
CNI.US,5,20131205,215000,56.0900,56.1000,56.0400,56.0400,15460,0
CNI.US,5,20131205,215500,56.0300,56.0500,56.0000,56.0300,12678,0
CNI.US,5,20131205,220000,56.0300,56.0300,55.8300,55.8400,68264,0
CNI.US,5,20131205,220500,55.8300,55.8300,55.8300,55.8300,53360,0
CNI.US,5,20131206,153500,56.0800,56.2800,55.6900,56.2800,18904,0
CNI.US,5,20131206,154000,56.3200,56.4000,56.2700,56.2900,8950,0
CNI.US,5,20131206,154500,56.2500,56.2500,56.1500,56.2100,2900,0
CNI.US,5,20131206,155000,56.2100,56.2500,56.1700,56.1800,1600,0
CNI.US,5,20131206,155500,56.2000,56.2800,56.1400,56.2800,5600,0
CNI.US,5,20131206,160000,56.3100,56.3600,56.2800,56.3100,3981,0
CNI.US,5,20131206,160500,56.3200,56.5700,56.3200,56.5600,10154,0
CNI.US,5,20131206,161000,56.5700,56.6200,56.5000,56.5400,6025,0
CNI.US,5,20131206,161500,56.5800,56.7300,56.5800,56.7300,4739,0
CNI.US,5,20131206,162000,56.6900,56.7300,56.6600,56.6600,16637,0
CNI.US,5,20131206,162500,56.6900,56.7000,56.6100,56.6100,13109,0
CNI.US,5,20131206,163000,56.6200,56.6400,56.6100,56.6200,9700,0
CNI.US,5,20131206,163500,56.6200,56.6300,56.5200,56.6300,13642,0
CNI.US,5,20131206,164000,56.6500,56.6700,56.6200,56.6300,3700,0
CNI.US,5,20131206,164500,56.6400,56.6500,56.6200,56.6200,3540,0
CNI.US,5,20131206,165000,56.6200,56.6400,56.6200,56.6200,1971,0
CNI.US,5,20131206,165500,56.6200,56.7100,56.6200,56.6900,4835,0
CNI.US,5,20131206,170000,56.7000,56.7300,56.6700,56.7000,3700,0
CNI.US,5,20131206,170500,56.7000,56.7000,56.5800,56.6200,5383,0
CNI.US,5,20131206,171000,56.6200,56.6200,56.5700,56.6000,2189,0
CNI.US,5,20131206,171500,56.6000,56.6000,56.5500,56.5900,3300,0
CNI.US,5,20131206,172000,56.5900,56.6400,56.5900,56.6200,5000,0
CNI.US,5,20131206,172500,56.6400,56.6500,56.6000,56.6000,2750,0
CNI.US,5,20131206,173000,56.5800,56.6400,56.5700,56.6200,3400,0
CNI.US,5,20131206,173500,56.6200,56.6300,56.5800,56.6100,2414,0
CNI.US,5,20131206,174000,56.6100,56.6500,56.5600,56.5600,4500,0
CNI.US,5,20131206,174500,56.5500,56.5600,56.4600,56.4900,2998,0
CNI.US,5,20131206,175000,56.4900,56.5000,56.4500,56.4500,3659,0
CNI.US,5,20131206,175500,56.4800,56.4800,56.4000,56.4200,3152,0
CNI.US,5,20131206,180000,56.4300,56.4300,56.4100,56.4300,1900,0
CNI.US,5,20131206,180500,56.4300,56.4300,56.3800,56.4000,3400,0
CNI.US,5,20131206,181000,56.4000,56.4300,56.3900,56.4100,1900,0
CNI.US,5,20131206,181500,56.4200,56.4300,56.4000,56.4200,2198,0
CNI.US,5,20131206,182000,56.4300,56.4300,56.4100,56.4100,1377,0
CNI.US,5,20131206,182500,56.4200,56.4400,56.4200,56.4400,2400,0
CNI.US,5,20131206,183000,56.4300,56.4300,56.4000,56.4100,1560,0
CNI.US,5,20131206,183500,56.4100,56.4500,56.4100,56.4300,2130,0
CNI.US,5,20131206,184000,56.4300,56.4700,56.4100,56.4700,2600,0
CNI.US,5,20131206,184500,56.4700,56.4700,56.4300,56.4400,2300,0
CNI.US,5,20131206,185000,56.4500,56.4700,56.4400,56.4400,1113,0
CNI.US,5,20131206,185500,56.4400,56.4500,56.4400,56.4500,3725,0
CNI.US,5,20131206,190000,56.4700,56.5000,56.4600,56.4900,3402,0
CNI.US,5,20131206,190500,56.4900,56.4900,56.4500,56.4800,3919,0
CNI.US,5,20131206,191000,56.4600,56.4800,56.4500,56.4500,5758,0
CNI.US,5,20131206,191500,56.4500,56.4500,56.4200,56.4400,1300,0
CNI.US,5,20131206,192000,56.4300,56.4800,56.4300,56.4800,3000,0
CNI.US,5,20131206,192500,56.4900,56.5200,56.4700,56.4800,4575,0
CNI.US,5,20131206,193000,56.4700,56.4700,56.4200,56.4400,3700,0
CNI.US,5,20131206,193500,56.4400,56.4500,56.3900,56.4000,5470,0
CNI.US,5,20131206,194000,56.4100,56.4200,56.4000,56.4100,2720,0
CNI.US,5,20131206,194500,56.4400,56.4800,56.4400,56.4700,3425,0
CNI.US,5,20131206,195000,56.4900,56.5100,56.4800,56.5100,2600,0
CNI.US,5,20131206,195500,56.5100,56.5200,56.5100,56.5100,1399,0
CNI.US,5,20131206,200000,56.5200,56.5200,56.5000,56.5000,4157,0
CNI.US,5,20131206,200500,56.5100,56.5100,56.4600,56.4900,3107,0
CNI.US,5,20131206,201000,56.4900,56.5200,56.4900,56.5100,4700,0
CNI.US,5,20131206,201500,56.5200,56.5200,56.5000,56.5000,1394,0
CNI.US,5,20131206,202000,56.5100,56.5200,56.5100,56.5200,3467,0
CNI.US,5,20131206,202500,56.5200,56.5200,56.5100,56.5200,3800,0
CNI.US,5,20131206,203000,56.5200,56.5200,56.4900,56.4900,3625,0
CNI.US,5,20131206,203500,56.5000,56.5000,56.4500,56.4600,4253,0
CNI.US,5,20131206,204000,56.4600,56.4700,56.4600,56.4700,2207,0
CNI.US,5,20131206,204500,56.4700,56.4700,56.4600,56.4700,3192,0
CNI.US,5,20131206,205000,56.4700,56.4800,56.4600,56.4700,5224,0
CNI.US,5,20131206,205500,56.4700,56.4700,56.4600,56.4600,4056,0
CNI.US,5,20131206,210000,56.4600,56.4800,56.4600,56.4800,3950,0
CNI.US,5,20131206,210500,56.4800,56.5300,56.4700,56.5300,3508,0
CNI.US,5,20131206,211000,56.5300,56.5800,56.5300,56.5700,4778,0
CNI.US,5,20131206,211500,56.5700,56.6100,56.5600,56.6100,5300,0
CNI.US,5,20131206,212000,56.6100,56.6100,56.6000,56.6100,3150,0
CNI.US,5,20131206,212500,56.6100,56.6100,56.5400,56.5500,10301,0
CNI.US,5,20131206,213000,56.5500,56.6000,56.5500,56.6000,5475,0
CNI.US,5,20131206,213500,56.5900,56.6000,56.5400,56.5500,25670,0
CNI.US,5,20131206,214000,56.5400,56.5500,56.4700,56.4800,10844,0
CNI.US,5,20131206,214500,56.4700,56.4900,56.3800,56.4700,13948,0
CNI.US,5,20131206,215000,56.4700,56.5400,56.4600,56.5400,9533,0
CNI.US,5,20131206,215500,56.5500,56.5800,56.5500,56.5700,10500,0
CNI.US,5,20131206,220000,56.5700,56.5800,56.5100,56.5200,41118,0
CNI.US,5,20131206,220500,56.5100,56.5100,56.5100,56.5100,17351,0
CNI.US,5,20131209,153500,56.5700,56.9600,56.5600,56.9100,94956,0
CNI.US,5,20131209,154000,56.9000,56.9000,56.5200,56.6400,6907,0
CNI.US,5,20131209,154500,56.6800,56.7200,56.4500,56.4500,10097,0
CNI.US,5,20131209,155000,56.4500,56.4600,56.3900,56.4200,10100,0
CNI.US,5,20131209,155500,56.4000,56.4000,56.3100,56.3600,14877,0
CNI.US,5,20131209,160000,56.4600,56.6200,56.4500,56.6200,4825,0
CNI.US,5,20131209,160500,56.6200,56.6500,56.6100,56.6500,10100,0
CNI.US,5,20131209,161000,56.6500,56.6600,56.4800,56.4900,8012,0
CNI.US,5,20131209,161500,56.5000,56.5700,56.4500,56.5700,5242,0
CNI.US,5,20131209,162000,56.5300,56.5800,56.5200,56.5500,4400,0
CNI.US,5,20131209,162500,56.5400,56.5800,56.4400,56.4400,6097,0
CNI.US,5,20131209,163000,56.4400,56.4400,56.3600,56.3700,5433,0
CNI.US,5,20131209,163500,56.4300,56.4400,56.3400,56.3600,4400,0
CNI.US,5,20131209,164000,56.3700,56.4000,56.3700,56.3800,2600,0
CNI.US,5,20131209,164500,56.3800,56.4500,56.3700,56.4500,3200,0
CNI.US,5,20131209,165000,56.4500,56.5100,56.4500,56.5100,5928,0
CNI.US,5,20131209,165500,56.5200,56.5900,56.5200,56.5800,1129,0
CNI.US,5,20131209,170000,56.5700,56.6000,56.5400,56.5900,3325,0
CNI.US,5,20131209,170500,56.5900,56.5900,56.5100,56.5100,4738,0
CNI.US,5,20131209,171000,56.5300,56.5700,56.5200,56.5300,3255,0
CNI.US,5,20131209,171500,56.5400,56.5800,56.5300,56.5800,2600,0
CNI.US,5,20131209,172000,56.5900,56.5900,56.5700,56.5800,1800,0
CNI.US,5,20131209,172500,56.5700,56.5900,56.5700,56.5900,3200,0
CNI.US,5,20131209,173000,56.5900,56.6100,56.5800,56.6100,2578,0
CNI.US,5,20131209,173500,56.6000,56.6200,56.5300,56.5300,6536,0
CNI.US,5,20131209,174000,56.5600,56.5700,56.5000,56.5200,6580,0
CNI.US,5,20131209,174500,56.5100,56.5100,56.4600,56.4700,11894,0
CNI.US,5,20131209,175000,56.4900,56.4900,56.4700,56.4700,3210,0
CNI.US,5,20131209,175500,56.4500,56.4900,56.4500,56.4900,4800,0
CNI.US,5,20131209,180000,56.4700,56.4900,56.4400,56.4500,8100,0
CNI.US,5,20131209,180500,56.4800,56.4800,56.4400,56.4400,3255,0
CNI.US,5,20131209,181000,56.4500,56.4500,56.3800,56.4100,3900,0
CNI.US,5,20131209,181500,56.4100,56.4400,56.3600,56.3900,12200,0
CNI.US,5,20131209,182000,56.4000,56.4500,56.3800,56.4500,10500,0
CNI.US,5,20131209,182500,56.4500,56.4800,56.4400,56.4600,3300,0
CNI.US,5,20131209,183000,56.4600,56.4700,56.4200,56.4400,3500,0
CNI.US,5,20131209,183500,56.4600,56.5000,56.4300,56.4700,4910,0
CNI.US,5,20131209,184000,56.4900,56.5000,56.4300,56.4400,4430,0
CNI.US,5,20131209,184500,56.4300,56.4500,56.4200,56.4200,8950,0
CNI.US,5,20131209,185000,56.4200,56.4200,56.3900,56.4200,3680,0
CNI.US,5,20131209,185500,56.4000,56.4100,56.3200,56.3600,5556,0
CNI.US,5,20131209,190000,56.3700,56.4300,56.3700,56.4000,4967,0
CNI.US,5,20131209,190500,56.3900,56.4000,56.3800,56.3800,2300,0
CNI.US,5,20131209,191000,56.3700,56.3800,56.3500,56.3500,4057,0
CNI.US,5,20131209,191500,56.3500,56.3500,56.3000,56.3200,4500,0
CNI.US,5,20131209,192000,56.3300,56.3600,56.3000,56.3500,12200,0
CNI.US,5,20131209,192500,56.3400,56.3400,56.2900,56.3400,16000,0
CNI.US,5,20131209,193000,56.3200,56.3400,56.3100,56.3300,3650,0
CNI.US,5,20131209,193500,56.3300,56.3300,56.2900,56.3100,5500,0
CNI.US,5,20131209,194000,56.3100,56.3200,56.2900,56.3200,3400,0
CNI.US,5,20131209,194500,56.3100,56.3100,56.2500,56.2600,5641,0
CNI.US,5,20131209,195000,56.2500,56.2800,56.2500,56.2600,4100,0
CNI.US,5,20131209,195500,56.2600,56.2800,56.2100,56.2300,15096,0
CNI.US,5,20131209,200000,56.2500,56.2800,56.2400,56.2800,4309,0
CNI.US,5,20131209,200500,56.3000,56.3000,56.2600,56.2600,6015,0
CNI.US,5,20131209,201000,56.2600,56.2700,56.2400,56.2500,13906,0
CNI.US,5,20131209,201500,56.2500,56.2500,56.1800,56.2000,10117,0
CNI.US,5,20131209,202000,56.2000,56.2100,56.1700,56.1700,3802,0
CNI.US,5,20131209,202500,56.1900,56.1900,56.1300,56.1700,3088,0
CNI.US,5,20131209,203000,56.1700,56.2000,56.1700,56.2000,1600,0
CNI.US,5,20131209,203500,56.2000,56.2700,56.1800,56.2500,5327,0
CNI.US,5,20131209,204000,56.2600,56.2600,56.2100,56.2100,7599,0
CNI.US,5,20131209,204500,56.2000,56.2300,56.1900,56.2100,5590,0
CNI.US,5,20131209,205000,56.2000,56.2200,56.1900,56.1900,6480,0
CNI.US,5,20131209,205500,56.2000,56.2200,56.1900,56.2000,8600,0
CNI.US,5,20131209,210000,56.2000,56.2600,56.2000,56.2500,4375,0
CNI.US,5,20131209,210500,56.2400,56.2800,56.2400,56.2800,4742,0
CNI.US,5,20131209,211000,56.2900,56.3100,56.2400,56.3100,15211,0
CNI.US,5,20131209,211500,56.3100,56.3300,56.3000,56.3200,7140,0
CNI.US,5,20131209,212000,56.3200,56.3600,56.3200,56.3600,4790,0
CNI.US,5,20131209,212500,56.3600,56.3700,56.3400,56.3500,13185,0
CNI.US,5,20131209,213000,56.3500,56.3600,56.3000,56.3400,9463,0
CNI.US,5,20131209,213500,56.3500,56.3800,56.3400,56.3500,7500,0
CNI.US,5,20131209,214000,56.3500,56.3800,56.3500,56.3700,5400,0
CNI.US,5,20131209,214500,56.3700,56.3700,56.2000,56.2100,18905,0
CNI.US,5,20131209,215000,56.2300,56.2900,56.2100,56.2600,18130,0
CNI.US,5,20131209,215500,56.2600,56.2700,56.2300,56.2300,12065,0
CNI.US,5,20131209,220000,56.2400,56.3000,56.2000,56.2900,36058,0
CNI.US,5,20131209,220500,56.2900,56.2900,56.2900,56.2900,34689,0
