<TICKER>,<PER>,<DTYYYYMMDD>,<TIME>,<OPEN>,<HIGH>,<LOW>,<CLOSE>,<VOL>,<OPENINT>
CPA.US,5,20131112,153500,152.1400,152.2800,151.7200,151.7200,1100,0
CPA.US,5,20131112,154000,152.0500,153.6900,152.0500,153.4000,5852,0
CPA.US,5,20131112,154500,153.0900,153.3700,152.5700,152.5700,1200,0
CPA.US,5,20131112,155000,152.4100,153.2500,152.3400,153.0800,2406,0
CPA.US,5,20131112,155500,153.3000,153.4700,152.8200,153.1000,1800,0
CPA.US,5,20131112,160000,152.7700,153.0900,152.7200,152.8900,2400,0
CPA.US,5,20131112,160500,153.0100,153.1300,152.2700,152.4100,4586,0
CPA.US,5,20131112,161000,152.5500,153.1300,152.5100,153.0500,2399,0
CPA.US,5,20131112,161500,153.0500,153.0500,152.6400,153.0400,1300,0
CPA.US,5,20131112,162000,152.8900,153.4100,152.8900,153.4100,7980,0
CPA.US,5,20131112,162500,153.0200,153.4400,152.3900,152.3900,1350,0
CPA.US,5,20131112,163000,152.5700,153.3700,152.5600,153.3500,2100,0
CPA.US,5,20131112,163500,153.3500,153.6000,153.0600,153.4300,2200,0
CPA.US,5,20131112,164000,153.4400,153.8200,153.4400,153.5000,2500,0
CPA.US,5,20131112,164500,153.6100,153.9100,153.6100,153.6800,1608,0
CPA.US,5,20131112,165000,153.8800,153.9700,153.4800,153.4800,2300,0
CPA.US,5,20131112,165500,153.6300,154.1600,153.5800,154.1600,2700,0
CPA.US,5,20131112,170000,154.1200,154.3800,153.5200,154.2000,3234,0
CPA.US,5,20131112,170500,154.2400,154.2400,154.1100,154.2200,600,0
CPA.US,5,20131112,171000,154.0500,154.1900,154.0300,154.1900,300,0
CPA.US,5,20131112,171500,154.1700,154.3100,154.1700,154.1900,1000,0
CPA.US,5,20131112,172000,153.8800,154.1500,153.8700,153.8700,1376,0
CPA.US,5,20131112,172500,153.9500,153.9500,153.2900,153.5800,2800,0
CPA.US,5,20131112,173000,153.4900,153.5300,153.2100,153.2700,3500,0
CPA.US,5,20131112,173500,153.2900,153.6600,153.2900,153.5900,4585,0
CPA.US,5,20131112,174000,153.5400,153.6400,152.6800,153.3500,5001,0
CPA.US,5,20131112,174500,153.3900,153.9200,153.0600,153.6600,2699,0
CPA.US,5,20131112,175000,153.8300,154.0100,153.7000,153.9600,6400,0
CPA.US,5,20131112,175500,154.0100,154.0100,153.5700,153.6400,1200,0
CPA.US,5,20131112,180000,153.5900,153.5900,153.3100,153.3100,500,0
CPA.US,5,20131112,180500,153.5000,154.0000,153.5000,153.6300,2800,0
CPA.US,5,20131112,181000,153.6400,153.9400,153.1000,153.1000,800,0
CPA.US,5,20131112,181500,153.0900,153.1000,152.5100,152.5100,6011,0
CPA.US,5,20131112,182000,152.7600,152.7600,152.5000,152.5100,985,0
CPA.US,5,20131112,182500,152.5000,152.7200,152.4500,152.6400,4252,0
CPA.US,5,20131112,183000,152.4100,152.7100,152.3900,152.3900,1500,0
CPA.US,5,20131112,183500,152.5400,152.5400,151.9300,152.0300,3559,0
CPA.US,5,20131112,184000,151.9100,152.1200,151.9000,152.1200,709,0
CPA.US,5,20131112,184500,152.2600,152.5000,152.2600,152.4100,1100,0
CPA.US,5,20131112,185000,152.5000,152.5100,152.3800,152.4800,1200,0
CPA.US,5,20131112,190000,152.5000,152.5800,152.5000,152.5800,300,0
CPA.US,5,20131112,190500,152.3700,152.3700,152.0400,152.1000,900,0
CPA.US,5,20131112,191000,152.1200,152.3300,152.0200,152.2700,1200,0
CPA.US,5,20131112,191500,152.3600,152.3800,152.2800,152.3800,800,0
CPA.US,5,20131112,192000,152.3900,152.5000,152.2700,152.5000,1500,0
CPA.US,5,20131112,192500,152.4900,152.4900,152.3600,152.3600,1100,0
CPA.US,5,20131112,193000,152.4400,152.4400,151.9800,152.1500,3300,0
CPA.US,5,20131112,193500,152.0900,152.0900,151.8800,151.9800,4924,0
CPA.US,5,20131112,194000,151.9800,152.0900,151.9100,152.0000,1500,0
CPA.US,5,20131112,194500,151.8100,152.2500,151.8100,152.2500,4000,0
CPA.US,5,20131112,195000,152.0900,152.4700,152.0200,152.3800,3700,0
CPA.US,5,20131112,195500,152.3500,152.3500,151.9900,152.1400,2000,0
CPA.US,5,20131112,200000,152.1400,152.3900,151.9700,152.0600,4753,0
CPA.US,5,20131112,200500,152.1600,152.3000,152.0400,152.1900,2900,0
CPA.US,5,20131112,201000,152.2100,152.5300,152.0900,152.5300,2000,0
CPA.US,5,20131112,201500,152.6600,152.6600,152.2300,152.4600,3647,0
CPA.US,5,20131112,202000,152.8100,152.8100,152.4000,152.6600,1600,0
CPA.US,5,20131112,202500,152.6300,152.6300,152.1300,152.1300,2823,0
CPA.US,5,20131112,203000,152.0800,152.3100,152.0500,152.1900,2900,0
CPA.US,5,20131112,203500,152.0600,152.1600,152.0200,152.1600,2400,0
CPA.US,5,20131112,204000,152.0600,152.1200,152.0000,152.0200,3200,0
CPA.US,5,20131112,204500,151.9700,152.1100,151.9600,152.1000,1900,0
CPA.US,5,20131112,205000,152.1000,152.6000,152.1000,152.3000,4695,0
CPA.US,5,20131112,205500,152.2300,152.3500,152.0800,152.2400,2698,0
CPA.US,5,20131112,210000,152.2000,152.3000,152.1700,152.2000,3999,0
CPA.US,5,20131112,210500,152.4500,152.4900,152.1100,152.1100,2500,0
CPA.US,5,20131112,211000,152.4100,152.4100,152.1900,152.2700,7391,0
CPA.US,5,20131112,211500,152.3400,152.3900,152.1700,152.3800,3000,0
CPA.US,5,20131112,212000,152.3800,152.3900,152.2400,152.3900,2472,0
CPA.US,5,20131112,212500,152.4100,152.5600,152.2000,152.3600,6720,0
CPA.US,5,20131112,213000,152.3600,152.4400,152.3100,152.3700,3008,0
CPA.US,5,20131112,213500,152.3000,152.4700,151.8000,152.3300,5800,0
CPA.US,5,20131112,214000,152.5400,152.8100,152.1500,152.2700,10100,0
CPA.US,5,20131112,214500,152.2700,152.4800,151.8500,152.1100,17579,0
CPA.US,5,20131112,215000,151.9700,152.1600,151.7500,152.0600,9116,0
CPA.US,5,20131112,215500,152.1300,152.2300,151.8900,152.0100,11429,0
CPA.US,5,20131112,220000,152.0900,152.1200,150.9500,151.9200,19447,0
CPA.US,5,20131112,220500,151.8300,151.8300,151.8300,151.8300,11040,0
CPA.US,5,20131113,153500,151.8200,151.8200,143.8600,145.6800,12390,0
CPA.US,5,20131113,154000,144.2700,149.7700,144.2700,149.0000,13080,0
CPA.US,5,20131113,154500,149.7400,149.7400,148.0100,149.2000,9800,0
CPA.US,5,20131113,155000,148.2200,149.0900,147.2600,148.1700,4835,0
CPA.US,5,20131113,155500,149.0600,149.1600,148.5900,149.1600,4497,0
CPA.US,5,20131113,160000,149.2100,150.0700,148.9800,149.8600,4200,0
CPA.US,5,20131113,160500,149.7800,149.8100,149.1800,149.6300,3800,0
CPA.US,5,20131113,161000,149.6300,149.9700,149.0600,149.0600,3300,0
CPA.US,5,20131113,161500,149.0100,149.2600,148.6800,149.2200,3900,0
CPA.US,5,20131113,162000,149.2100,149.7800,148.9700,149.2100,3800,0
CPA.US,5,20131113,162500,149.3000,149.4100,149.3000,149.3300,1000,0
CPA.US,5,20131113,163000,149.7300,149.7300,149.3300,149.3700,1800,0
CPA.US,5,20131113,163500,149.0700,149.1800,148.9200,149.1800,5000,0
CPA.US,5,20131113,164000,149.0700,149.6600,149.0700,149.5700,800,0
CPA.US,5,20131113,164500,149.8700,149.8700,149.2400,149.2400,525,0
CPA.US,5,20131113,165000,149.6100,149.8300,149.2300,149.6600,2600,0
CPA.US,5,20131113,165500,149.6900,149.9300,149.5200,149.5200,5147,0
CPA.US,5,20131113,170000,149.7900,149.9700,149.5200,149.5200,4800,0
CPA.US,5,20131113,170500,149.5700,149.5700,149.4100,149.4700,2648,0
CPA.US,5,20131113,171000,149.4600,149.5900,148.8000,149.3300,3466,0
CPA.US,5,20131113,171500,149.2100,149.5800,149.2000,149.4900,1717,0
CPA.US,5,20131113,172000,149.5000,149.6500,149.3400,149.5500,3925,0
CPA.US,5,20131113,172500,149.5600,150.4400,149.5200,149.8300,14265,0
CPA.US,5,20131113,173000,149.9500,150.0000,149.7100,149.8900,8010,0
CPA.US,5,20131113,173500,149.7100,149.9300,149.6100,149.7000,6601,0
CPA.US,5,20131113,174000,149.8500,149.8600,149.6600,149.7400,4900,0
CPA.US,5,20131113,174500,149.7400,149.8600,149.6000,149.6100,5809,0
CPA.US,5,20131113,175000,149.6300,149.9400,149.6300,149.7200,3173,0
CPA.US,5,20131113,175500,149.7800,150.1300,149.7800,149.8100,5779,0
CPA.US,5,20131113,180000,149.7600,149.8000,149.6500,149.6500,1600,0
CPA.US,5,20131113,180500,149.6500,150.0400,149.6200,150.0000,2350,0
CPA.US,5,20131113,181000,149.9300,150.1700,149.8400,149.9300,3350,0
CPA.US,5,20131113,181500,150.0800,150.1000,149.8900,149.9800,2535,0
CPA.US,5,20131113,182000,149.9400,150.0200,149.9400,150.0100,700,0
CPA.US,5,20131113,182500,150.2000,150.6500,150.1800,150.4000,1300,0
CPA.US,5,20131113,183000,150.4500,150.5100,150.4400,150.4700,2353,0
CPA.US,5,20131113,183500,150.4800,150.8000,150.4700,150.8000,1800,0
CPA.US,5,20131113,184000,150.6900,150.7400,150.5700,150.6400,1400,0
CPA.US,5,20131113,184500,150.7300,150.8800,150.6000,150.8800,1700,0
CPA.US,5,20131113,185000,150.9600,150.9700,150.6500,150.6500,1470,0
CPA.US,5,20131113,185500,150.6200,150.9700,150.5700,150.9700,800,0
CPA.US,5,20131113,190000,150.7300,151.3100,150.7300,151.1900,4077,0
CPA.US,5,20131113,190500,150.8100,151.2800,150.5500,151.2800,10562,0
CPA.US,5,20131113,191000,151.2300,151.7200,151.0500,151.7200,15539,0
CPA.US,5,20131113,191500,151.6400,152.2300,151.6100,151.9400,9960,0
CPA.US,5,20131113,192000,151.9300,152.3000,151.8800,152.2600,2200,0
CPA.US,5,20131113,192500,152.3700,153.0400,152.3200,153.0400,5209,0
CPA.US,5,20131113,193000,153.0200,153.0200,152.6600,152.8300,1800,0
CPA.US,5,20131113,193500,152.9400,153.0000,152.6100,152.8300,5008,0
CPA.US,5,20131113,194000,152.7000,152.7000,152.3800,152.5000,3000,0
CPA.US,5,20131113,194500,152.4500,152.5000,152.2500,152.4100,742,0
CPA.US,5,20131113,195000,152.4900,153.0100,152.4900,152.9200,4250,0
CPA.US,5,20131113,195500,152.7500,152.9700,152.5000,152.6000,4300,0
CPA.US,5,20131113,200000,152.7500,152.9700,152.6100,152.8400,900,0
CPA.US,5,20131113,200500,152.8700,152.9500,152.6300,152.9500,1900,0
CPA.US,5,20131113,201000,153.0000,153.5500,152.8000,153.3300,2958,0
CPA.US,5,20131113,201500,153.3300,153.6300,153.3100,153.5200,1100,0
CPA.US,5,20131113,202000,153.4600,153.6000,152.8600,152.8600,3958,0
CPA.US,5,20131113,202500,152.9300,152.9300,152.6200,152.7400,2900,0
CPA.US,5,20131113,203000,152.7400,153.0600,152.6300,152.7400,3350,0
CPA.US,5,20131113,203500,152.6900,152.9700,152.5100,152.9700,900,0
CPA.US,5,20131113,204000,152.7200,153.3100,152.7200,153.3100,1300,0
CPA.US,5,20131113,204500,153.1500,153.1500,152.7000,152.7000,2400,0
CPA.US,5,20131113,205000,152.8800,152.9200,152.6300,152.6300,2100,0
CPA.US,5,20131113,205500,152.7900,152.9000,152.5500,152.7400,800,0
CPA.US,5,20131113,210000,152.9200,153.2100,152.8000,152.8000,1532,0
CPA.US,5,20131113,210500,152.9100,153.2000,152.5700,152.5700,4200,0
CPA.US,5,20131113,211000,152.5300,152.8700,152.5300,152.8700,1500,0
CPA.US,5,20131113,211500,152.9600,153.3100,152.8400,153.1500,4752,0
CPA.US,5,20131113,212000,153.3000,153.5100,153.1500,153.4100,1500,0
CPA.US,5,20131113,212500,153.4100,153.8200,153.4100,153.5400,2500,0
CPA.US,5,20131113,213000,153.5500,154.0100,153.5500,153.8000,4900,0
CPA.US,5,20131113,213500,153.5800,153.9600,153.5800,153.8200,3167,0
CPA.US,5,20131113,214000,153.7400,153.7400,153.3300,153.3300,9943,0
CPA.US,5,20131113,214500,153.4000,153.5100,153.0200,153.2300,4200,0
CPA.US,5,20131113,215000,153.4400,153.4400,153.0800,153.2400,4750,0
CPA.US,5,20131113,215500,153.2000,153.3100,152.8500,152.8600,8330,0
CPA.US,5,20131113,220000,152.8500,153.7800,152.8400,153.7600,12152,0
CPA.US,5,20131113,220500,153.6800,153.6800,153.6800,153.6800,11739,0
CPA.US,5,20131114,153500,154.9700,155.4300,153.8100,154.8500,2460,0
CPA.US,5,20131114,154000,154.9900,154.9900,153.9200,154.5100,800,0
CPA.US,5,20131114,154500,154.5100,154.5200,153.7500,154.0600,18029,0
CPA.US,5,20131114,155500,154.1100,154.3100,153.9800,154.2100,1975,0
CPA.US,5,20131114,160000,154.2600,154.3700,154.1400,154.1600,7150,0
CPA.US,5,20131114,160500,154.1400,154.1600,154.0900,154.0900,2629,0
CPA.US,5,20131114,161000,153.7600,154.1600,153.7400,153.7900,900,0
CPA.US,5,20131114,161500,153.7100,154.2100,153.7100,154.0200,3500,0
CPA.US,5,20131114,162000,154.1900,154.8200,154.1800,154.7700,1800,0
CPA.US,5,20131114,162500,154.6400,154.6400,154.1200,154.1200,1099,0
CPA.US,5,20131114,163000,153.8900,154.0700,153.7500,153.8400,700,0
CPA.US,5,20131114,163500,154.3500,154.3600,154.0700,154.3600,400,0
CPA.US,5,20131114,164000,154.2800,154.6600,154.1700,154.5000,1150,0
CPA.US,5,20131114,164500,154.5400,154.5400,154.1100,154.1100,2200,0
CPA.US,5,20131114,165000,154.4200,154.9100,154.4000,154.4000,2528,0
CPA.US,5,20131114,165500,154.4900,154.9100,154.3000,154.8900,3500,0
CPA.US,5,20131114,170000,154.7800,154.9400,154.6300,154.9000,900,0
CPA.US,5,20131114,170500,154.8400,155.0000,154.6400,154.8500,3959,0
CPA.US,5,20131114,171000,154.9500,155.0700,154.6700,154.6700,900,0
CPA.US,5,20131114,171500,154.6200,154.7100,154.4800,154.4800,1352,0
CPA.US,5,20131114,172000,154.3500,154.5100,154.0400,154.0400,1200,0
CPA.US,5,20131114,172500,154.2400,154.7200,154.2400,154.3900,3020,0
CPA.US,5,20131114,173000,154.4800,154.4800,153.6900,153.6900,2600,0
CPA.US,5,20131114,173500,153.7200,153.7200,153.3800,153.5600,2100,0
CPA.US,5,20131114,174000,154.0000,154.0000,153.1100,153.2300,2700,0
CPA.US,5,20131114,174500,153.5500,153.8100,153.5500,153.6900,1300,0
CPA.US,5,20131114,175000,153.6500,154.0600,153.5500,153.5500,2200,0
CPA.US,5,20131114,175500,153.5700,153.8400,153.3100,153.3100,1800,0
CPA.US,5,20131114,180000,153.1100,153.1300,153.1100,153.1300,200,0
CPA.US,5,20131114,180500,153.2500,153.6200,153.2500,153.6200,1025,0
CPA.US,5,20131114,181000,153.6100,153.7000,153.5600,153.5600,1000,0
CPA.US,5,20131114,181500,153.6400,153.6400,153.3500,153.4600,5800,0
CPA.US,5,20131114,182000,153.5000,153.5700,153.3800,153.5700,1890,0
CPA.US,5,20131114,182500,153.6200,153.6300,153.5400,153.5500,900,0
CPA.US,5,20131114,183000,153.5400,153.5600,153.3600,153.3600,1285,0
CPA.US,5,20131114,183500,153.2800,153.3000,153.1700,153.3000,300,0
CPA.US,5,20131114,184000,153.1600,153.4300,153.1600,153.4300,1000,0
CPA.US,5,20131114,184500,153.3600,153.3600,153.1100,153.2000,1481,0
CPA.US,5,20131114,185000,153.2400,153.3700,153.2400,153.3100,600,0
CPA.US,5,20131114,185500,153.4300,153.5700,153.4300,153.5100,1000,0
CPA.US,5,20131114,190000,153.5800,153.5800,153.4100,153.4100,1400,0
CPA.US,5,20131114,190500,153.3300,153.4300,153.2500,153.3000,900,0
CPA.US,5,20131114,191000,153.3100,153.3200,153.2000,153.2600,1050,0
CPA.US,5,20131114,191500,153.3200,153.4700,153.3100,153.3500,1100,0
CPA.US,5,20131114,192000,153.3700,153.6300,153.2200,153.6200,2000,0
CPA.US,5,20131114,192500,153.7500,153.8000,153.3000,153.3000,1900,0
CPA.US,5,20131114,193000,153.5100,153.9700,153.5100,153.7100,1202,0
CPA.US,5,20131114,193500,153.8100,153.8100,153.4500,153.5500,600,0
CPA.US,5,20131114,194000,153.3100,153.6500,153.3100,153.6500,1200,0
CPA.US,5,20131114,194500,153.6400,153.6900,153.6100,153.6600,600,0
CPA.US,5,20131114,195000,153.6900,153.8700,153.6200,153.8700,700,0
CPA.US,5,20131114,195500,153.8000,153.9300,153.6700,153.7000,1100,0
CPA.US,5,20131114,200000,153.7900,153.7900,153.6200,153.7200,1000,0
CPA.US,5,20131114,200500,153.8300,153.9600,153.7400,153.8700,1201,0
CPA.US,5,20131114,201000,153.7500,153.7700,153.5500,153.5500,500,0
CPA.US,5,20131114,201500,153.6700,153.7700,153.4200,153.4700,2248,0
CPA.US,5,20131114,202000,153.4000,153.6100,153.4000,153.5700,1000,0
CPA.US,5,20131114,202500,153.6200,154.0200,153.6200,153.8500,1100,0
CPA.US,5,20131114,203000,154.0100,154.0700,153.6200,153.6200,3700,0
CPA.US,5,20131114,203500,153.6600,153.6600,153.4400,153.4400,500,0
CPA.US,5,20131114,204000,153.4900,153.4900,153.3400,153.3400,500,0
CPA.US,5,20131114,204500,153.4400,153.6200,153.3300,153.4500,2900,0
CPA.US,5,20131114,205000,153.5300,153.5300,153.3900,153.3900,500,0
CPA.US,5,20131114,205500,153.4800,153.5900,153.4000,153.5500,1100,0
CPA.US,5,20131114,210000,153.3800,153.4400,153.2600,153.3400,1002,0
CPA.US,5,20131114,210500,153.3500,153.5300,153.2900,153.5300,1600,0
CPA.US,5,20131114,211000,153.6600,153.7200,153.5900,153.7200,1100,0
CPA.US,5,20131114,211500,153.5500,153.9200,153.4800,153.9100,1600,0
CPA.US,5,20131114,212000,153.8900,154.0000,153.7900,153.7900,11200,0
CPA.US,5,20131114,212500,153.8900,153.9200,153.6700,153.9200,2400,0
CPA.US,5,20131114,213000,153.9000,154.1900,153.8100,154.1200,7200,0
CPA.US,5,20131114,213500,154.0300,154.1000,153.8200,154.1000,3141,0
CPA.US,5,20131114,214000,154.1400,154.1400,153.8500,154.0400,3400,0
CPA.US,5,20131114,214500,154.0300,154.2600,153.9900,154.2600,3200,0
CPA.US,5,20131114,215000,154.2000,154.2600,153.8600,154.0200,3200,0
CPA.US,5,20131114,215500,153.8800,153.9600,153.7000,153.8900,8400,0
CPA.US,5,20131114,220000,153.9700,154.0400,153.6400,153.9300,9564,0
CPA.US,5,20131114,220500,154.0000,154.0000,154.0000,154.0000,11036,0
CPA.US,5,20131115,153500,152.6000,155.2800,150.5000,155.0000,4235,0
CPA.US,5,20131115,154000,154.9300,154.9300,153.5100,153.5200,700,0
CPA.US,5,20131115,154500,154.5000,154.5000,153.6400,153.6400,200,0
CPA.US,5,20131115,155000,154.1600,154.1600,153.7800,153.7800,1300,0
CPA.US,5,20131115,155500,153.6400,153.8100,153.0400,153.0400,847,0
CPA.US,5,20131115,160000,153.0900,153.4200,153.0500,153.0900,500,0
CPA.US,5,20131115,160500,153.1000,153.7100,153.1000,153.7100,4463,0
CPA.US,5,20131115,161000,153.9200,154.2500,153.9200,154.2500,1300,0
CPA.US,5,20131115,161500,154.2900,154.2900,153.9900,153.9900,900,0
CPA.US,5,20131115,162000,153.8700,153.8700,153.1800,153.1800,600,0
CPA.US,5,20131115,162500,153.1400,153.5900,153.0000,153.2200,4600,0
CPA.US,5,20131115,163000,153.4400,153.5600,153.0000,153.1800,1400,0
CPA.US,5,20131115,163500,152.8900,153.1100,152.7900,152.7900,800,0
CPA.US,5,20131115,164000,152.7000,152.7700,152.5200,152.7000,1000,0
CPA.US,5,20131115,164500,152.6500,152.8600,152.5900,152.5900,900,0
CPA.US,5,20131115,165000,152.5200,152.5200,152.1300,152.1600,1050,0
CPA.US,5,20131115,165500,152.4900,152.4900,152.1800,152.4300,3899,0
CPA.US,5,20131115,170000,152.6700,152.7900,152.6000,152.7100,2400,0
CPA.US,5,20131115,170500,152.6700,152.6700,152.5000,152.6300,900,0
CPA.US,5,20131115,171000,152.5100,152.8500,152.3100,152.7500,5100,0
CPA.US,5,20131115,171500,152.9400,152.9400,152.6200,152.6200,1100,0
CPA.US,5,20131115,172000,152.5500,152.8300,152.5100,152.8300,1800,0
CPA.US,5,20131115,172500,152.8900,152.9400,152.8000,152.8000,500,0
CPA.US,5,20131115,173000,152.8900,153.0600,152.8000,152.8000,300,0
CPA.US,5,20131115,173500,153.0800,153.0800,152.7800,152.7800,1700,0
CPA.US,5,20131115,174000,152.7600,152.7600,152.3800,152.4300,1600,0
CPA.US,5,20131115,174500,152.4200,152.5200,152.3900,152.4600,2000,0
CPA.US,5,20131115,175500,152.4900,152.7200,152.4100,152.6000,3308,0
CPA.US,5,20131115,180000,152.5400,152.7700,152.3900,152.7700,5208,0
CPA.US,5,20131115,180500,152.6300,152.7500,152.6300,152.7000,1300,0
CPA.US,5,20131115,181000,152.6400,152.6400,152.5600,152.6400,300,0
CPA.US,5,20131115,181500,152.6900,152.9700,152.6900,152.8700,3702,0
CPA.US,5,20131115,182000,152.8800,153.0100,152.8300,153.0100,1709,0
CPA.US,5,20131115,182500,153.0500,153.2800,153.0400,153.1500,1169,0
CPA.US,5,20131115,183000,153.1900,153.3800,153.1400,153.3000,3336,0
CPA.US,5,20131115,183500,153.3400,153.3500,153.2200,153.3200,1400,0
CPA.US,5,20131115,184000,153.4300,153.4900,153.3500,153.4900,494,0
CPA.US,5,20131115,184500,153.6700,153.7200,153.6700,153.7200,300,0
CPA.US,5,20131115,185000,153.5700,153.7100,153.5000,153.6300,1747,0
CPA.US,5,20131115,185500,153.5100,153.9400,153.5000,153.9400,3616,0
CPA.US,5,20131115,190000,153.9200,154.0500,153.9200,154.0500,1400,0
CPA.US,5,20131115,190500,154.0200,154.0600,154.0200,154.0600,600,0
CPA.US,5,20131115,191000,154.0700,154.0700,154.0700,154.0700,692,0
CPA.US,5,20131115,191500,154.0300,154.1000,153.9700,154.1000,1300,0
CPA.US,5,20131115,192000,154.1000,154.1400,154.1000,154.1400,500,0
CPA.US,5,20131115,192500,154.1400,154.2100,154.1400,154.2000,1100,0
CPA.US,5,20131115,193000,154.2000,154.2000,153.9700,154.0200,2435,0
CPA.US,5,20131115,193500,153.9900,153.9900,153.8500,153.8500,1900,0
CPA.US,5,20131115,194000,153.8800,154.0900,153.8800,154.0900,1000,0
CPA.US,5,20131115,194500,154.2000,154.2500,154.1600,154.1600,900,0
CPA.US,5,20131115,195000,154.1600,154.2000,154.1300,154.1600,861,0
CPA.US,5,20131115,195500,154.1600,154.1600,153.9600,153.9600,1700,0
CPA.US,5,20131115,200000,153.9400,154.0300,153.9400,153.9600,2000,0
CPA.US,5,20131115,200500,153.9400,153.9400,153.8400,153.8400,400,0
CPA.US,5,20131115,201000,154.0700,154.0700,153.9900,153.9900,400,0
CPA.US,5,20131115,201500,154.0100,154.1400,154.0000,154.1400,1400,0
CPA.US,5,20131115,202000,154.0800,154.1200,154.0000,154.0000,2100,0
CPA.US,5,20131115,202500,153.9400,154.0400,153.9000,153.9400,800,0
CPA.US,5,20131115,203000,154.0500,154.2300,154.0200,154.2300,1839,0
CPA.US,5,20131115,203500,154.1700,154.3200,154.1700,154.3200,740,0
CPA.US,5,20131115,204000,154.2900,154.4700,154.2900,154.4700,1100,0
CPA.US,5,20131115,204500,154.5000,154.5100,154.3600,154.3700,2800,0
CPA.US,5,20131115,205000,154.3600,154.4400,154.3100,154.3400,2061,0
CPA.US,5,20131115,205500,154.3300,154.3300,154.2600,154.2800,1500,0
CPA.US,5,20131115,210000,154.2400,154.4600,154.2200,154.4600,2011,0
CPA.US,5,20131115,210500,154.4200,154.5600,154.4200,154.4200,1662,0
CPA.US,5,20131115,211000,154.4800,154.8100,154.4500,154.8100,900,0
CPA.US,5,20131115,211500,154.6600,154.8800,154.6200,154.6600,27765,0
CPA.US,5,20131115,212000,154.6300,154.6500,154.5600,154.6200,900,0
CPA.US,5,20131115,212500,154.6200,154.6800,154.5700,154.5700,900,0
CPA.US,5,20131115,213000,154.6900,154.9000,154.6300,154.8800,2200,0
CPA.US,5,20131115,213500,154.8900,154.9100,154.4300,154.5600,4900,0
CPA.US,5,20131115,214000,154.4900,154.5900,154.2700,154.2700,4970,0
CPA.US,5,20131115,214500,154.1700,154.1700,153.9900,154.0800,1900,0
CPA.US,5,20131115,215000,154.0900,154.3300,154.0900,154.3000,2919,0
CPA.US,5,20131115,215500,154.3700,154.3900,154.2400,154.3800,5847,0
CPA.US,5,20131115,220000,154.4000,154.4500,154.2100,154.3200,9756,0
CPA.US,5,20131115,220500,154.3500,154.3500,154.3500,154.3500,4439,0
CPA.US,5,20131118,153500,154.8700,154.8700,153.9800,154.0000,900,0
CPA.US,5,20131118,154000,153.5700,155.0000,153.5300,154.9900,3453,0
CPA.US,5,20131118,154500,154.9800,154.9800,154.5000,154.9600,600,0
CPA.US,5,20131118,155000,154.9200,154.9300,154.7000,154.7100,1435,0
CPA.US,5,20131118,155500,154.7500,155.0100,153.6800,153.9500,8018,0
CPA.US,5,20131118,160000,153.9700,154.4200,153.6200,153.9600,4490,0
CPA.US,5,20131118,160500,153.9300,154.4200,153.9300,154.2300,2195,0
CPA.US,5,20131118,161000,153.8200,153.8700,152.6600,153.4000,12175,0
CPA.US,5,20131118,161500,153.0000,153.4000,153.0000,153.3900,610,0
CPA.US,5,20131118,162000,153.1700,153.4000,153.1500,153.3900,4308,0
CPA.US,5,20131118,162500,153.4300,154.0700,153.2900,153.2900,5885,0
CPA.US,5,20131118,163000,153.2400,153.2400,152.9700,153.1400,6616,0
CPA.US,5,20131118,163500,153.1300,153.6200,152.2600,152.9100,15747,0
CPA.US,5,20131118,164000,152.9400,153.1100,152.6800,152.8100,7452,0
CPA.US,5,20131118,164500,152.8200,153.4500,152.7700,153.3500,6870,0
CPA.US,5,20131118,165000,153.2900,153.2900,152.8800,153.2100,3041,0
CPA.US,5,20131118,165500,153.0300,153.2000,152.9200,153.2000,7515,0
CPA.US,5,20131118,170000,153.2200,153.2200,152.9500,153.0800,8515,0
CPA.US,5,20131118,170500,153.0000,153.1400,152.9700,153.1400,1659,0
CPA.US,5,20131118,171000,153.1700,153.2500,153.0000,153.0700,2966,0
CPA.US,5,20131118,171500,153.0000,153.0400,153.0000,153.0000,1300,0
CPA.US,5,20131118,172000,153.0000,153.1200,152.9300,153.1200,6663,0
CPA.US,5,20131118,172500,153.1900,153.2100,153.1900,153.2100,541,0
CPA.US,5,20131118,173000,153.1400,153.2500,153.1400,153.2300,1100,0
CPA.US,5,20131118,173500,153.2300,153.2300,153.0000,153.0800,2451,0
CPA.US,5,20131118,174000,153.0000,153.0800,152.9200,153.0000,12812,0
CPA.US,5,20131118,174500,153.0000,153.1900,152.9700,153.1100,15131,0
CPA.US,5,20131118,175000,153.0900,153.1500,152.9700,153.0300,3801,0
CPA.US,5,20131118,175500,153.0400,153.2000,153.0400,153.0800,4649,0
CPA.US,5,20131118,180000,153.0500,153.0500,152.6600,152.7600,2500,0
CPA.US,5,20131118,180500,152.6600,152.9600,152.3900,152.9600,6460,0
CPA.US,5,20131118,181000,153.1000,153.1000,152.9200,153.0400,365,0
CPA.US,5,20131118,181500,153.0400,153.1900,152.7500,152.7800,109863,0
CPA.US,5,20131118,182000,152.7500,152.8700,152.7500,152.8100,2298,0
CPA.US,5,20131118,182500,152.8700,152.9700,152.7600,152.7700,1000,0
CPA.US,5,20131118,183000,152.8500,152.9600,152.7500,152.8900,2528,0
CPA.US,5,20131118,183500,152.7500,152.8400,152.7500,152.7800,1300,0
CPA.US,5,20131118,184000,152.7500,152.8600,152.7500,152.7600,2385,0
CPA.US,5,20131118,184500,152.7700,152.8200,152.7500,152.7600,2400,0
CPA.US,5,20131118,185000,152.7600,153.0800,152.7500,152.9900,9000,0
CPA.US,5,20131118,185500,152.9900,152.9900,152.7500,152.7500,2400,0
CPA.US,5,20131118,190000,152.8400,152.9000,152.7600,152.8000,1300,0
CPA.US,5,20131118,190500,152.7600,152.7600,152.7500,152.7500,400,0
CPA.US,5,20131118,191000,152.8900,152.9500,152.7800,152.9500,1962,0
CPA.US,5,20131118,191500,152.9100,153.1900,152.9100,153.0800,2400,0
CPA.US,5,20131118,192000,153.2400,153.2500,153.0000,153.0800,2747,0
CPA.US,5,20131118,192500,153.0000,153.1700,153.0000,153.1700,400,0
CPA.US,5,20131118,193000,153.0600,153.0700,153.0000,153.0400,1300,0
CPA.US,5,20131118,193500,153.0400,153.2200,153.0000,153.1400,1800,0
CPA.US,5,20131118,194000,153.1000,153.2800,153.1000,153.1500,1866,0
CPA.US,5,20131118,194500,153.1200,153.2000,153.0000,153.0800,4047,0
CPA.US,5,20131118,195000,153.1000,153.1700,153.0200,153.1100,800,0
CPA.US,5,20131118,195500,153.1100,153.1600,153.0200,153.0200,1000,0
CPA.US,5,20131118,200000,153.0600,153.2900,153.0200,153.1000,2900,0
CPA.US,5,20131118,200500,153.2000,153.3100,153.0000,153.1700,5900,0
CPA.US,5,20131118,201000,153.1800,153.5900,153.1800,153.5900,5932,0
CPA.US,5,20131118,201500,153.5900,153.7000,153.4000,153.6500,8442,0
CPA.US,5,20131118,202000,153.6200,153.9400,153.5100,153.7600,2400,0
CPA.US,5,20131118,202500,153.9300,153.9300,153.5100,153.6300,3710,0
CPA.US,5,20131118,203000,153.5600,153.5600,153.3500,153.5000,3200,0
CPA.US,5,20131118,203500,153.5100,153.5100,153.0200,153.0200,2800,0
CPA.US,5,20131118,204000,153.1800,153.3600,153.0700,153.3600,2500,0
CPA.US,5,20131118,204500,153.3400,153.3500,153.1100,153.1100,1870,0
CPA.US,5,20131118,205000,153.2600,153.2600,152.8800,152.8800,1200,0
CPA.US,5,20131118,205500,153.0100,153.1300,153.0000,153.0700,1800,0
CPA.US,5,20131118,210000,153.1500,153.1500,152.9500,153.0700,1900,0
CPA.US,5,20131118,210500,152.8800,152.9100,152.6600,152.9100,1400,0
CPA.US,5,20131118,211000,153.0100,153.1700,152.8800,152.8800,2400,0
CPA.US,5,20131118,211500,152.6800,152.7600,152.1300,152.1300,1100,0
CPA.US,5,20131118,212000,152.2800,152.3800,152.0700,152.3200,2598,0
CPA.US,5,20131118,212500,152.4200,152.5100,152.3300,152.3500,2138,0
CPA.US,5,20131118,213000,152.3200,152.5200,152.1500,152.3700,4000,0
CPA.US,5,20131118,213500,152.0200,152.4600,152.0200,152.4500,2200,0
CPA.US,5,20131118,214000,152.4500,152.5000,152.3700,152.4500,4064,0
CPA.US,5,20131118,214500,152.4600,152.7000,152.4600,152.7000,2892,0
CPA.US,5,20131118,215000,152.6400,152.8900,152.6400,152.8900,3418,0
CPA.US,5,20131118,215500,152.8900,152.8900,152.6000,152.6000,9176,0
CPA.US,5,20131118,220000,152.6500,153.0600,152.6500,153.0100,21483,0
CPA.US,5,20131118,220500,152.9900,152.9900,152.9900,152.9900,10464,0
CPA.US,5,20131119,153500,152.0100,153.6600,152.0100,153.6100,1200,0
CPA.US,5,20131119,154000,152.3700,153.4000,152.0800,152.2600,16908,0
CPA.US,5,20131119,154500,152.0000,152.5500,152.0000,152.5500,4921,0
CPA.US,5,20131119,155000,152.3900,152.9500,152.3800,152.9500,6600,0
CPA.US,5,20131119,155500,152.9900,153.3900,152.3600,152.7300,8964,0
CPA.US,5,20131119,160000,152.9500,152.9900,152.7400,152.9900,3861,0
CPA.US,5,20131119,160500,153.0000,153.1800,152.8400,153.0000,11900,0
CPA.US,5,20131119,161000,152.9100,153.0300,152.8900,153.0300,7144,0
CPA.US,5,20131119,161500,153.0100,153.0300,152.8200,152.9400,8160,0
CPA.US,5,20131119,162000,152.9800,153.0300,152.9800,153.0000,6731,0
CPA.US,5,20131119,162500,152.8800,153.0000,152.8400,152.9200,14262,0
CPA.US,5,20131119,163000,152.9500,153.0000,152.8400,152.9200,11378,0
CPA.US,5,20131119,163500,152.9500,153.0000,152.9500,153.0000,20099,0
CPA.US,5,20131119,164000,152.9500,153.0000,152.9200,152.9700,8012,0
CPA.US,5,20131119,164500,152.9700,152.9700,152.7400,152.7500,5098,0
CPA.US,5,20131119,165000,152.7500,152.7600,152.5800,152.7400,3582,0
CPA.US,5,20131119,165500,152.7400,152.9800,152.6500,152.9800,1900,0
CPA.US,5,20131119,170000,152.9700,153.0000,152.9000,153.0000,25332,0
CPA.US,5,20131119,170500,153.0000,153.0000,152.9300,152.9300,7424,0
CPA.US,5,20131119,171000,152.9100,152.9800,152.8800,152.8800,1900,0
CPA.US,5,20131119,171500,152.9200,153.0000,152.8800,152.9400,11140,0
CPA.US,5,20131119,172000,152.9000,153.0000,152.9000,153.0000,9435,0
CPA.US,5,20131119,172500,153.0000,153.0000,152.8400,152.9100,2450,0
CPA.US,5,20131119,173000,152.9400,152.9400,152.7800,152.7800,766,0
CPA.US,5,20131119,173500,152.8300,152.9500,152.8300,152.9500,278,0
CPA.US,5,20131119,174000,152.9400,152.9800,152.9400,152.9500,500,0
CPA.US,5,20131119,174500,152.8200,152.9800,152.8200,152.9800,600,0
CPA.US,5,20131119,175000,152.9900,153.0000,152.9000,152.9900,2600,0
CPA.US,5,20131119,175500,153.0000,153.0000,152.9100,153.0000,7000,0
CPA.US,5,20131119,180000,153.0100,153.0500,152.9600,153.0000,10358,0
CPA.US,5,20131119,180500,153.0000,153.0000,152.9500,153.0000,7500,0
CPA.US,5,20131119,181000,153.0000,153.0000,152.9000,152.9400,3707,0
CPA.US,5,20131119,181500,152.9300,152.9800,152.9300,152.9800,200,0
CPA.US,5,20131119,182000,152.9000,152.9600,152.7600,152.8300,3670,0
CPA.US,5,20131119,182500,152.7800,152.9400,152.6600,152.6600,1499,0
CPA.US,5,20131119,183000,152.9000,152.9600,152.7500,152.9600,1604,0
CPA.US,5,20131119,184000,152.9400,152.9700,152.8000,152.9700,700,0
CPA.US,5,20131119,184500,152.9900,152.9900,152.9500,152.9600,700,0
CPA.US,5,20131119,185000,152.9700,152.9900,152.9100,152.9100,2000,0
CPA.US,5,20131119,185500,152.9700,152.9800,152.8600,152.8600,1512,0
CPA.US,5,20131119,190000,152.8100,152.8100,152.6200,152.6200,1212,0
CPA.US,5,20131119,190500,152.5100,152.5100,152.3800,152.3800,500,0
CPA.US,5,20131119,191000,152.4100,152.4100,152.3300,152.3300,500,0
CPA.US,5,20131119,191500,152.3000,152.3000,152.2100,152.2400,1300,0
CPA.US,5,20131119,192000,152.2000,152.2400,152.1900,152.2400,900,0
CPA.US,5,20131119,192500,152.2400,152.3500,151.7100,151.7100,8400,0
CPA.US,5,20131119,193000,151.7200,151.7500,151.5500,151.6200,4400,0
CPA.US,5,20131119,193500,151.3800,151.6300,151.3800,151.5400,1435,0
CPA.US,5,20131119,194000,151.7900,152.0500,151.7900,151.9400,2500,0
CPA.US,5,20131119,194500,151.7600,151.8700,151.7600,151.8700,600,0
CPA.US,5,20131119,195000,151.9600,152.1600,151.8400,151.8400,2700,0
CPA.US,5,20131119,195500,151.7500,151.7500,151.5900,151.6500,800,0
CPA.US,5,20131119,200000,151.6000,151.6700,151.3800,151.3800,2200,0
CPA.US,5,20131119,200500,151.3800,151.4900,151.3800,151.4100,400,0
CPA.US,5,20131119,201000,151.3000,151.3100,151.3000,151.3100,200,0
CPA.US,5,20131119,201500,151.2200,151.2300,151.0200,151.0200,3800,0
CPA.US,5,20131119,202000,151.0200,151.1700,150.8100,151.1700,3747,0
CPA.US,5,20131119,202500,151.1600,151.1700,150.8600,150.9300,2491,0
CPA.US,5,20131119,203000,150.8400,150.8400,150.7700,150.7700,594,0
CPA.US,5,20131119,203500,150.7900,150.9700,150.7900,150.9700,2188,0
CPA.US,5,20131119,204000,151.0300,151.1700,150.9900,151.1200,3500,0
CPA.US,5,20131119,204500,151.1800,151.2600,150.9700,150.9900,4877,0
CPA.US,5,20131119,205000,150.9500,151.0700,150.9500,150.9700,3928,0
CPA.US,5,20131119,205500,150.8500,150.8500,150.7200,150.7400,3200,0
CPA.US,5,20131119,210000,150.7300,150.7400,150.5100,150.5200,3700,0
CPA.US,5,20131119,210500,150.5300,150.6300,150.4500,150.5300,6920,0
CPA.US,5,20131119,211000,150.4800,150.6300,150.4800,150.6300,3400,0
CPA.US,5,20131119,211500,150.6700,150.6700,150.3000,150.4900,5200,0
CPA.US,5,20131119,212000,150.4600,150.6800,150.4600,150.5600,4701,0
CPA.US,5,20131119,212500,150.5400,150.5600,150.4600,150.5300,3301,0
CPA.US,5,20131119,213000,150.5500,150.9400,150.5500,150.9400,2600,0
CPA.US,5,20131119,213500,150.8500,150.8800,150.6300,150.6300,3900,0
CPA.US,5,20131119,214000,150.5500,150.6700,150.5100,150.6100,3200,0
CPA.US,5,20131119,214500,150.6800,150.7900,150.6800,150.7600,3110,0
CPA.US,5,20131119,215000,150.7900,150.8700,150.7200,150.8100,5060,0
CPA.US,5,20131119,215500,150.8100,150.8200,150.6700,150.7100,5644,0
CPA.US,5,20131119,220000,150.6900,150.8700,150.6900,150.7600,9673,0
CPA.US,5,20131119,220500,150.8100,150.8100,150.8100,150.8100,13220,0
CPA.US,5,20131120,153500,152.0100,152.0100,150.1100,150.9700,3538,0
CPA.US,5,20131120,154000,150.3300,150.9600,150.1600,150.1600,900,0
CPA.US,5,20131120,154500,150.3200,150.5000,149.4000,149.5400,4812,0
CPA.US,5,20131120,155000,149.4400,149.9500,149.4400,149.8000,1300,0
CPA.US,5,20131120,155500,149.9400,150.0900,149.5600,149.6600,3900,0
CPA.US,5,20131120,160000,149.5000,149.9000,148.7100,149.8600,9223,0
CPA.US,5,20131120,160500,149.7700,149.7700,149.1200,149.1300,3800,0
CPA.US,5,20131120,161000,149.2100,149.5200,149.2100,149.5100,300,0
CPA.US,5,20131120,161500,149.3300,149.5700,149.3300,149.3300,636,0
CPA.US,5,20131120,162000,149.2900,149.3900,149.2500,149.2500,700,0
CPA.US,5,20131120,162500,149.1700,149.6500,149.1700,149.6500,2600,0
CPA.US,5,20131120,163000,149.6200,149.6200,149.6200,149.6200,100,0
CPA.US,5,20131120,163500,149.6500,149.7300,149.6500,149.7300,400,0
CPA.US,5,20131120,164000,149.4600,149.9000,149.4600,149.9000,900,0
CPA.US,5,20131120,164500,149.9000,149.9000,149.9000,149.9000,200,0
CPA.US,5,20131120,165000,149.9900,150.0000,149.9800,149.9800,2100,0
CPA.US,5,20131120,165500,149.9900,150.0000,149.7000,149.9000,6422,0
CPA.US,5,20131120,170000,149.9100,150.0000,149.9000,149.9000,5528,0
CPA.US,5,20131120,170500,149.9600,150.0000,149.8100,149.9900,7106,0
CPA.US,5,20131120,171000,149.9600,150.0000,149.8500,149.8500,9210,0
CPA.US,5,20131120,171500,149.8900,149.9600,149.8200,149.8200,500,0
CPA.US,5,20131120,172000,149.9600,149.9800,149.8800,149.8800,500,0
CPA.US,5,20131120,172500,149.9300,149.9300,149.7300,149.7300,8898,0
CPA.US,5,20131120,173000,149.7800,149.8500,149.7800,149.7800,2419,0
CPA.US,5,20131120,173500,149.8900,149.9200,149.7700,149.8200,1000,0
CPA.US,5,20131120,174000,149.9200,149.9800,149.8000,149.8700,6242,0
CPA.US,5,20131120,174500,149.8300,149.8700,149.7400,149.7700,5460,0
CPA.US,5,20131120,175000,149.8000,149.9000,149.7200,149.8100,3942,0
CPA.US,5,20131120,175500,149.8000,149.8000,149.6700,149.7900,1200,0
CPA.US,5,20131120,180000,149.8000,149.8000,149.7400,149.7400,500,0
CPA.US,5,20131120,180500,149.7900,149.9000,149.7600,149.9000,1300,0
CPA.US,5,20131120,181000,149.9000,149.9000,149.7400,149.7400,3600,0
CPA.US,5,20131120,181500,149.7700,149.8200,149.7400,149.7400,2000,0
CPA.US,5,20131120,182000,149.8000,149.8300,149.7900,149.7900,1200,0
CPA.US,5,20131120,182500,149.8000,149.8000,149.7300,149.7300,2000,0
CPA.US,5,20131120,183000,149.7800,149.7800,149.7100,149.7100,556,0
CPA.US,5,20131120,183500,149.7600,149.8000,149.7100,149.8000,1970,0
CPA.US,5,20131120,184000,149.7600,149.8700,149.7600,149.8400,3270,0
CPA.US,5,20131120,184500,149.8300,149.8300,149.7300,149.8000,2108,0
CPA.US,5,20131120,185000,149.8000,149.8200,149.7500,149.8000,500,0
CPA.US,5,20131120,185500,149.7600,149.8000,149.7200,149.7600,2200,0
CPA.US,5,20131120,190000,149.8600,149.8600,149.7500,149.7500,1200,0
CPA.US,5,20131120,190500,149.7500,149.8100,149.7500,149.7900,1600,0
CPA.US,5,20131120,191000,149.8100,149.8100,149.7600,149.7600,1421,0
CPA.US,5,20131120,191500,149.8000,149.8100,149.8000,149.8000,2000,0
CPA.US,5,20131120,192000,149.7900,149.7900,149.7200,149.7300,4100,0
CPA.US,5,20131120,192500,149.6800,149.7500,149.6600,149.7400,2100,0
CPA.US,5,20131120,193000,149.7200,149.8000,149.7200,149.7900,1900,0
CPA.US,5,20131120,193500,149.7900,149.8100,149.7600,149.7900,1700,0
CPA.US,5,20131120,194000,149.7900,149.7900,149.7300,149.7300,600,0
CPA.US,5,20131120,194500,149.7800,149.7800,149.7600,149.7600,500,0
CPA.US,5,20131120,195000,149.7800,149.8100,149.7600,149.7600,2500,0
CPA.US,5,20131120,195500,149.8100,149.8300,149.8000,149.8000,2210,0
CPA.US,5,20131120,200000,149.7900,149.8300,149.7400,149.8000,2000,0
CPA.US,5,20131120,200500,149.7500,149.8800,149.6000,149.7000,2800,0
CPA.US,5,20131120,201000,149.6100,149.8000,149.5900,149.8000,1622,0
CPA.US,5,20131120,201500,149.7200,149.7300,149.4700,149.6700,900,0
CPA.US,5,20131120,202000,149.7900,149.8200,149.7900,149.8000,500,0
CPA.US,5,20131120,202500,149.8500,149.8600,149.7100,149.8100,2600,0
CPA.US,5,20131120,203000,149.8200,149.8200,149.7400,149.7600,1900,0
CPA.US,5,20131120,203500,149.7800,149.7900,149.6000,149.6000,1500,0
CPA.US,5,20131120,204000,149.6100,149.7100,149.6000,149.7100,2100,0
CPA.US,5,20131120,204500,149.6100,149.6600,149.5500,149.6600,2366,0
CPA.US,5,20131120,205000,149.7000,149.7700,149.7000,149.7700,600,0
CPA.US,5,20131120,205500,149.7300,149.8000,148.5700,148.8200,38800,0
CPA.US,5,20131120,210000,148.8300,149.5300,148.8200,149.3800,25150,0
CPA.US,5,20131120,210500,149.2000,149.3700,149.2000,149.2300,1700,0
CPA.US,5,20131120,211000,149.0400,149.0800,148.9900,149.0000,1500,0
CPA.US,5,20131120,211500,149.0000,149.3300,148.9100,149.3300,3407,0
CPA.US,5,20131120,212000,149.4000,149.4200,149.1900,149.1900,2125,0
CPA.US,5,20131120,212500,149.3000,149.3700,149.2700,149.2800,900,0
CPA.US,5,20131120,213000,149.2600,149.3700,149.2100,149.3200,4100,0
CPA.US,5,20131120,213500,149.2300,149.3200,149.2300,149.2500,3882,0
CPA.US,5,20131120,214000,149.2500,149.2500,148.9800,149.1500,12571,0
CPA.US,5,20131120,214500,149.1900,149.2900,149.0400,149.0400,6693,0
CPA.US,5,20131120,215000,149.0900,149.0900,148.4100,148.5500,12525,0
CPA.US,5,20131120,215500,148.5000,148.7800,148.5000,148.5000,27706,0
CPA.US,5,20131120,220000,148.5800,148.5800,148.2600,148.4600,25005,0
CPA.US,5,20131120,220500,148.5300,148.5300,148.5300,148.5300,5698,0
CPA.US,5,20131121,153500,148.0800,149.4000,148.0800,148.2400,1710,0
CPA.US,5,20131121,154000,148.6100,148.9500,148.6100,148.9000,1592,0
CPA.US,5,20131121,155000,149.0700,149.1000,148.7100,149.0500,1600,0
CPA.US,5,20131121,155500,149.0700,149.0700,148.7900,148.7900,200,0
CPA.US,5,20131121,160000,148.8100,149.0300,148.7600,149.0300,8200,0
CPA.US,5,20131121,160500,148.8900,149.0300,148.8000,148.8000,700,0
CPA.US,5,20131121,161000,148.9900,149.0800,148.9900,149.0000,2201,0
CPA.US,5,20131121,161500,149.0000,149.4900,149.0000,149.4900,26494,0
CPA.US,5,20131121,162000,149.4800,149.7100,149.2700,149.3500,33468,0
CPA.US,5,20131121,162500,149.3500,149.4800,149.2200,149.2200,863,0
CPA.US,5,20131121,163000,149.4500,149.5200,149.3800,149.4300,1737,0
CPA.US,5,20131121,163500,149.5000,150.0000,149.4000,150.0000,11894,0
CPA.US,5,20131121,164000,150.0000,150.3500,149.9600,150.3500,3311,0
CPA.US,5,20131121,164500,150.2700,150.2700,150.2700,150.2700,1250,0
CPA.US,5,20131121,165000,150.3300,150.3600,150.1000,150.1000,316,0
CPA.US,5,20131121,170000,150.2000,150.2000,149.7200,149.7500,2859,0
CPA.US,5,20131121,170500,150.0300,150.0300,149.7800,150.0100,1821,0
CPA.US,5,20131121,171000,150.0000,150.0000,149.5200,149.5200,2000,0
CPA.US,5,20131121,172000,149.6800,150.0600,149.6800,150.0600,1500,0
CPA.US,5,20131121,172500,150.2200,150.4400,150.2200,150.4400,200,0
CPA.US,5,20131121,173000,150.1600,150.3200,149.7300,150.3200,4140,0
CPA.US,5,20131121,173500,150.3500,150.4700,150.2900,150.3000,503,0
CPA.US,5,20131121,174500,150.2700,150.3200,150.2700,150.3200,200,0
CPA.US,5,20131121,175000,150.6000,150.6000,150.6000,150.6000,100,0
CPA.US,5,20131121,180000,150.8000,150.8000,150.8000,150.8000,100,0
CPA.US,5,20131121,180500,151.0500,151.0500,150.6200,150.6200,1207,0
CPA.US,5,20131121,181000,150.8900,150.8900,150.8300,150.8300,200,0
CPA.US,5,20131121,181500,150.6200,150.6500,149.9600,150.1600,2500,0
CPA.US,5,20131121,182000,150.1800,150.2400,150.1800,150.2400,800,0
CPA.US,5,20131121,182500,150.2400,150.4300,150.2200,150.4300,1430,0
CPA.US,5,20131121,183000,150.3000,150.3000,150.3000,150.3000,100,0
CPA.US,5,20131121,183500,150.3500,150.3600,150.0700,150.0700,1000,0
CPA.US,5,20131121,184000,150.1400,150.2000,150.1400,150.2000,1000,0
CPA.US,5,20131121,184500,150.4800,150.4800,150.1600,150.1600,600,0
CPA.US,5,20131121,185000,150.1600,150.1600,150.1600,150.1600,100,0
CPA.US,5,20131121,185500,150.0700,150.1700,150.0700,150.1500,750,0
CPA.US,5,20131121,190500,150.1600,150.1600,150.0800,150.0800,200,0
CPA.US,5,20131121,191000,150.1500,150.2300,150.1500,150.1500,800,0
CPA.US,5,20131121,191500,150.4400,150.4400,150.4400,150.4400,100,0
CPA.US,5,20131121,192000,150.4000,150.4000,150.4000,150.4000,100,0
CPA.US,5,20131121,192500,150.2900,150.4900,150.1100,150.1100,2900,0
CPA.US,5,20131121,193000,150.1800,150.1800,149.9700,149.9700,1300,0
CPA.US,5,20131121,193500,149.9900,150.1000,149.9700,150.0700,1500,0
CPA.US,5,20131121,194000,150.0400,150.2600,150.0100,150.0100,833,0
CPA.US,5,20131121,195000,150.2400,150.2700,150.2400,150.2700,568,0
CPA.US,5,20131121,195500,150.2600,150.2600,150.0200,150.1100,1890,0
CPA.US,5,20131121,200000,150.0600,150.0600,150.0600,150.0600,736,0
CPA.US,5,20131121,200500,150.0300,150.0300,150.0300,150.0300,100,0
CPA.US,5,20131121,201000,150.0200,150.1900,150.0200,150.1700,310,0
CPA.US,5,20131121,201500,150.0800,150.1400,150.0300,150.0400,800,0
CPA.US,5,20131121,202000,150.0400,150.0800,149.9500,149.9500,2000,0
CPA.US,5,20131121,202500,149.9900,150.0900,149.9700,150.0900,1500,0
CPA.US,5,20131121,203000,149.9700,150.1400,149.9700,150.0000,500,0
CPA.US,5,20131121,203500,150.1600,150.2600,150.0200,150.1700,4445,0
CPA.US,5,20131121,204000,150.3000,150.3900,150.1800,150.3900,693,0
CPA.US,5,20131121,204500,150.3300,150.5800,150.3300,150.5500,1800,0
CPA.US,5,20131121,205000,150.3900,150.5000,150.2700,150.2800,1700,0
CPA.US,5,20131121,205500,150.3500,150.3500,150.3200,150.3200,400,0
CPA.US,5,20131121,210000,150.4200,150.4200,150.2300,150.2300,700,0
CPA.US,5,20131121,210500,150.1900,150.3500,150.1800,150.3500,2000,0
CPA.US,5,20131121,211000,150.4300,150.4800,150.3000,150.4800,2399,0
CPA.US,5,20131121,211500,150.3500,150.3800,150.3500,150.3800,400,0
CPA.US,5,20131121,212000,150.5900,150.6400,150.4300,150.5200,1500,0
CPA.US,5,20131121,212500,150.5200,150.5900,150.5200,150.5900,600,0
CPA.US,5,20131121,213000,150.4900,150.6200,150.4500,150.4500,2700,0
CPA.US,5,20131121,213500,150.5800,150.8000,150.3000,150.3000,4900,0
CPA.US,5,20131121,214000,150.4000,150.5200,150.2100,150.4400,4000,0
CPA.US,5,20131121,214500,150.5000,150.5100,150.3600,150.4000,6800,0
CPA.US,5,20131121,215000,150.4300,150.4900,150.3000,150.3400,7200,0
CPA.US,5,20131121,215500,150.4500,150.4900,150.3200,150.4600,11448,0
CPA.US,5,20131121,220000,150.4500,150.4500,150.2000,150.4100,22449,0
CPA.US,5,20131121,220500,150.3400,150.3400,150.3400,150.3400,6197,0
CPA.US,5,20131122,153500,150.5500,151.3200,149.5900,149.6000,1874,0
CPA.US,5,20131122,154000,149.8000,150.3700,149.2500,149.2500,2400,0
CPA.US,5,20131122,154500,149.2500,149.2500,148.0100,148.4100,8500,0
CPA.US,5,20131122,155000,148.2700,148.2700,147.5400,147.7800,1900,0
CPA.US,5,20131122,155500,147.8000,147.8500,147.8000,147.8500,200,0
CPA.US,5,20131122,160000,148.3000,148.3500,147.5700,148.0600,13194,0
CPA.US,5,20131122,160500,148.0000,148.0500,147.8100,147.8200,2620,0
CPA.US,5,20131122,161000,148.1300,148.1700,147.8800,148.0400,4539,0
CPA.US,5,20131122,161500,148.0300,148.0300,147.8000,147.8000,1750,0
CPA.US,5,20131122,162000,147.8000,147.9800,147.7400,147.9800,2100,0
CPA.US,5,20131122,162500,147.9000,148.0000,147.5400,147.5600,3924,0
CPA.US,5,20131122,163000,147.6700,147.8100,147.4700,147.4700,5370,0
CPA.US,5,20131122,163500,147.8000,148.0100,147.7400,148.0100,2200,0
CPA.US,5,20131122,164000,147.9400,148.0000,147.7000,148.0000,1100,0
CPA.US,5,20131122,164500,147.9800,148.0700,147.8400,147.9500,3034,0
CPA.US,5,20131122,165000,148.1600,148.1600,147.7300,147.7300,1791,0
CPA.US,5,20131122,165500,147.9600,148.1300,147.8100,148.1300,2635,0
CPA.US,5,20131122,170000,147.9200,148.2100,147.9200,148.1500,1900,0
CPA.US,5,20131122,170500,148.2000,148.3800,148.0200,148.0300,8400,0
CPA.US,5,20131122,171000,148.0300,148.0400,148.0300,148.0400,200,0
CPA.US,5,20131122,171500,148.2000,148.2500,148.0700,148.1800,600,0
CPA.US,5,20131122,172000,148.2300,148.3300,148.2300,148.2500,1200,0
CPA.US,5,20131122,172500,148.2900,148.4000,148.2200,148.3200,3719,0
CPA.US,5,20131122,173000,148.2600,148.4100,148.2600,148.4100,900,0
CPA.US,5,20131122,173500,148.3100,148.4900,148.2100,148.4900,2500,0
CPA.US,5,20131122,174000,148.5000,148.5000,148.2600,148.4100,1700,0
CPA.US,5,20131122,174500,148.4400,148.4400,148.3200,148.3200,400,0
CPA.US,5,20131122,175000,148.4300,148.4500,148.3200,148.3500,1500,0
CPA.US,5,20131122,175500,148.4300,148.4400,148.3200,148.3400,1200,0
CPA.US,5,20131122,180000,148.4900,148.4900,148.4900,148.4900,100,0
CPA.US,5,20131122,180500,148.3600,148.3800,148.2600,148.3800,1099,0
CPA.US,5,20131122,181000,148.2500,148.2500,148.2100,148.2100,1614,0
CPA.US,5,20131122,181500,148.2500,148.2500,147.5000,147.5100,20623,0
CPA.US,5,20131122,182000,147.5000,147.9200,147.5000,147.6000,5510,0
CPA.US,5,20131122,182500,147.5100,147.6800,147.5000,147.6800,2510,0
CPA.US,5,20131122,183000,147.8700,147.8700,147.7000,147.7000,200,0
CPA.US,5,20131122,183500,147.7200,148.0100,147.7200,148.0100,1600,0
CPA.US,5,20131122,184000,147.9900,148.0000,147.7200,147.8500,3447,0
CPA.US,5,20131122,184500,147.8500,147.8500,147.7400,147.7600,1300,0
CPA.US,5,20131122,185000,147.7600,147.9500,147.7600,147.8600,1100,0
CPA.US,5,20131122,185500,147.9500,148.0500,147.7000,147.7000,3923,0
CPA.US,5,20131122,190000,147.6800,147.7700,147.6800,147.7700,200,0
CPA.US,5,20131122,190500,147.7900,147.8600,147.7500,147.7600,800,0
CPA.US,5,20131122,191000,147.7600,147.8900,147.7600,147.7900,1600,0
CPA.US,5,20131122,191500,147.7900,147.9400,147.7900,147.8400,2400,0
CPA.US,5,20131122,192000,147.8600,147.9800,147.8600,147.9500,1600,0
CPA.US,5,20131122,192500,147.9100,148.1500,147.9100,148.0900,1600,0
CPA.US,5,20131122,193000,148.3200,148.3200,148.0400,148.2400,4632,0
CPA.US,5,20131122,193500,148.1000,148.4600,148.1000,148.3900,5696,0
CPA.US,5,20131122,194000,148.3000,148.4700,148.3000,148.4700,1030,0
CPA.US,5,20131122,194500,148.3900,148.5100,148.3900,148.5000,1000,0
CPA.US,5,20131122,195000,148.5900,148.7600,148.4700,148.6200,3100,0
CPA.US,5,20131122,195500,148.7200,148.7200,148.5100,148.5100,3900,0
CPA.US,5,20131122,200000,148.6000,148.8700,148.5500,148.8600,2894,0
CPA.US,5,20131122,200500,148.8900,149.0600,148.8900,149.0000,700,0
CPA.US,5,20131122,201000,149.0600,149.2900,149.0600,149.2000,3096,0
CPA.US,5,20131122,201500,149.3000,149.4800,149.3000,149.4800,1781,0
CPA.US,5,20131122,202000,149.4800,149.6700,149.4800,149.6700,600,0
CPA.US,5,20131122,202500,149.7700,149.9700,149.7700,149.9700,600,0
CPA.US,5,20131122,203000,149.9500,150.0000,149.8800,149.9100,2679,0
CPA.US,5,20131122,203500,150.0000,150.0000,149.7800,149.7800,2400,0
CPA.US,5,20131122,204000,149.7500,149.7500,149.5400,149.5400,1200,0
CPA.US,5,20131122,204500,149.5100,149.5100,149.2900,149.3700,2400,0
CPA.US,5,20131122,205000,149.3400,149.5700,149.3400,149.4900,800,0
CPA.US,5,20131122,205500,149.3800,149.6500,149.3800,149.6500,600,0
CPA.US,5,20131122,210000,149.6100,149.6100,149.3700,149.4100,2720,0
CPA.US,5,20131122,210500,149.3300,149.6800,149.3300,149.6800,1900,0
CPA.US,5,20131122,211000,149.5300,149.8500,149.5300,149.8500,1100,0
CPA.US,5,20131122,211500,149.9400,150.0000,149.9400,149.9800,600,0
CPA.US,5,20131122,212000,149.9300,149.9900,149.8300,149.9100,4800,0
CPA.US,5,20131122,212500,149.9300,149.9900,149.9200,149.9200,2814,0
CPA.US,5,20131122,213000,149.9300,149.9900,149.9000,149.9200,2531,0
CPA.US,5,20131122,213500,149.9200,149.9700,149.7800,149.9300,4200,0
CPA.US,5,20131122,214000,149.8100,149.9200,149.7900,149.7900,2600,0
CPA.US,5,20131122,214500,149.8700,149.9600,149.7800,149.9500,5113,0
CPA.US,5,20131122,215000,149.9400,150.0000,149.9100,149.9500,8546,0
CPA.US,5,20131122,215500,149.9400,150.0000,149.9000,149.9900,6285,0
CPA.US,5,20131122,220000,150.0000,150.0000,149.8800,149.9600,10887,0
CPA.US,5,20131122,220500,150.0000,150.0000,150.0000,150.0000,9747,0
CPA.US,5,20131125,154000,151.2000,151.2000,150.6700,151.1200,1000,0
CPA.US,5,20131125,154500,151.0400,151.1000,150.8000,151.0200,1300,0
CPA.US,5,20131125,155000,151.0800,151.1800,151.0800,151.1800,400,0
CPA.US,5,20131125,155500,151.3300,151.4000,151.2000,151.3200,1200,0
CPA.US,5,20131125,160000,151.3300,151.5000,150.8500,151.2800,7009,0
CPA.US,5,20131125,160500,151.5000,151.5000,151.1000,151.4400,1500,0
CPA.US,5,20131125,161000,151.2200,151.4200,150.7900,151.2500,9698,0
CPA.US,5,20131125,161500,151.3900,151.3900,151.1800,151.1800,1800,0
CPA.US,5,20131125,162000,151.2100,151.3500,151.0500,151.1400,2509,0
CPA.US,5,20131125,162500,151.3100,151.3600,151.0200,151.0200,678,0
CPA.US,5,20131125,163000,151.0400,151.3400,151.0400,151.1800,500,0
CPA.US,5,20131125,163500,151.2100,151.2100,151.1200,151.1300,600,0
CPA.US,5,20131125,164000,151.2200,151.3300,151.1100,151.3200,900,0
CPA.US,5,20131125,164500,151.3000,151.5800,151.3000,151.5800,2350,0
CPA.US,5,20131125,165000,151.5000,151.8200,151.4200,151.5800,17172,0
CPA.US,5,20131125,165500,151.6400,151.9900,151.6100,151.9900,2300,0
CPA.US,5,20131125,170000,151.9100,152.0000,151.8500,152.0000,1836,0
CPA.US,5,20131125,170500,152.0200,152.2000,151.8800,152.0500,9155,0
CPA.US,5,20131125,171000,151.9500,151.9600,151.8600,151.9100,918,0
CPA.US,5,20131125,171500,151.9200,152.1400,151.8400,151.9700,1200,0
CPA.US,5,20131125,172000,151.8700,152.0000,151.4700,151.4700,1700,0
CPA.US,5,20131125,172500,151.3900,151.6800,151.3500,151.6000,2300,0
CPA.US,5,20131125,173000,151.6700,152.0000,151.5000,152.0000,3647,0
CPA.US,5,20131125,173500,151.9200,152.3700,151.9200,152.3400,2800,0
CPA.US,5,20131125,174000,152.3000,153.1000,152.3000,153.1000,2100,0
CPA.US,5,20131125,174500,153.0900,153.2000,152.7300,152.7300,3150,0
CPA.US,5,20131125,175000,152.4200,152.4600,152.3700,152.3700,500,0
CPA.US,5,20131125,175500,152.2900,152.2900,151.9700,152.2000,898,0
CPA.US,5,20131125,180000,151.9800,152.0200,151.7700,151.7900,2348,0
CPA.US,5,20131125,180500,151.8400,152.3400,151.8000,151.9800,5900,0
CPA.US,5,20131125,181000,152.0400,152.0400,151.4900,151.7500,3900,0
CPA.US,5,20131125,181500,151.5200,151.8000,151.5200,151.6300,2573,0
CPA.US,5,20131125,182000,151.8300,152.2000,151.8000,152.1000,1500,0
CPA.US,5,20131125,182500,152.0300,152.2500,152.0200,152.1600,1400,0
CPA.US,5,20131125,183000,152.1500,152.2000,152.1200,152.1700,2601,0
CPA.US,5,20131125,183500,152.0200,152.0800,151.9800,152.0200,500,0
CPA.US,5,20131125,184000,152.0800,152.0800,151.9000,151.9900,2003,0
CPA.US,5,20131125,184500,152.0300,152.0500,151.9700,151.9700,700,0
CPA.US,5,20131125,185000,151.9400,152.0200,151.9400,152.0200,200,0
CPA.US,5,20131125,185500,151.9200,151.9200,151.7600,151.7600,899,0
CPA.US,5,20131125,190000,151.7900,151.8600,151.7100,151.7100,2646,0
CPA.US,5,20131125,190500,151.6400,151.6900,151.6200,151.6500,1000,0
CPA.US,5,20131125,191000,151.6300,151.7200,151.5000,151.7000,1500,0
CPA.US,5,20131125,191500,151.6500,151.6500,151.5200,151.5200,200,0
CPA.US,5,20131125,192000,151.5300,151.5900,151.4700,151.5600,1300,0
CPA.US,5,20131125,192500,151.5300,151.5400,151.4100,151.5100,1000,0
CPA.US,5,20131125,193000,151.4900,151.7000,151.4900,151.7000,2104,0
CPA.US,5,20131125,193500,151.6600,151.6700,151.6600,151.6700,500,0
CPA.US,5,20131125,194000,151.6200,151.6700,151.5700,151.5700,1200,0
CPA.US,5,20131125,194500,151.5700,151.6000,151.4600,151.4600,1100,0
CPA.US,5,20131125,195000,151.5100,151.5800,151.4400,151.5100,1400,0
CPA.US,5,20131125,195500,151.5200,151.5700,151.4700,151.5000,1700,0
CPA.US,5,20131125,200000,151.5200,151.7700,151.5200,151.7100,2376,0
CPA.US,5,20131125,200500,151.7400,151.9600,151.7400,151.8300,2866,0
CPA.US,5,20131125,201000,151.8000,151.8700,151.7300,151.8700,1300,0
CPA.US,5,20131125,201500,151.9400,151.9600,151.7700,151.8400,2000,0
CPA.US,5,20131125,202000,151.7900,151.8200,151.6400,151.6700,4500,0
CPA.US,5,20131125,202500,151.7100,151.9200,151.7100,151.7500,8460,0
CPA.US,5,20131125,203000,151.7400,151.9300,151.7400,151.9300,700,0
CPA.US,5,20131125,204000,151.8600,151.8900,151.8500,151.8500,1348,0
CPA.US,5,20131125,204500,151.8800,151.9300,151.8700,151.8800,1100,0
CPA.US,5,20131125,205000,151.9700,152.0000,151.8800,151.9200,896,0
CPA.US,5,20131125,205500,152.0200,152.0700,152.0200,152.0600,1000,0
CPA.US,5,20131125,210000,152.1600,152.1600,152.1400,152.1600,700,0
CPA.US,5,20131125,210500,152.0300,152.2700,152.0200,152.2700,3998,0
CPA.US,5,20131125,211000,152.3600,152.3700,152.1600,152.1600,1698,0
CPA.US,5,20131125,211500,152.2200,152.2200,152.1100,152.1100,2300,0
CPA.US,5,20131125,212000,152.0700,152.3100,152.0700,152.3100,2586,0
CPA.US,5,20131125,212500,152.3400,152.4000,152.1600,152.4000,2804,0
CPA.US,5,20131125,213000,152.3400,152.5000,152.3100,152.4400,3805,0
CPA.US,5,20131125,213500,152.4200,152.4400,152.3000,152.3600,6022,0
CPA.US,5,20131125,214000,152.3900,152.4100,152.1900,152.3700,3600,0
CPA.US,5,20131125,214500,152.3500,152.5300,152.3500,152.5200,5354,0
CPA.US,5,20131125,215000,152.5300,152.7100,152.5100,152.6200,6239,0
CPA.US,5,20131125,215500,152.6800,152.8800,152.6200,152.8500,9290,0
CPA.US,5,20131125,220000,152.8300,153.0200,152.7500,152.8800,12733,0
CPA.US,5,20131125,220500,152.8800,152.8800,152.8800,152.8800,3192,0
CPA.US,5,20131126,153500,152.2100,152.2100,152.1900,152.1900,200,0
CPA.US,5,20131126,154000,150.5300,151.2700,150.5100,150.5800,2700,0
CPA.US,5,20131126,154500,150.5900,151.0300,150.5700,150.6900,1300,0
CPA.US,5,20131126,155000,150.7100,151.6400,150.6300,151.6400,4200,0
CPA.US,5,20131126,155500,151.8000,151.8100,151.4100,151.8100,500,0
CPA.US,5,20131126,160000,151.6700,151.6700,151.2800,151.3600,2300,0
CPA.US,5,20131126,160500,151.5300,151.6900,151.2300,151.2300,2600,0
CPA.US,5,20131126,161000,151.2600,151.4100,150.9900,151.0500,7319,0
CPA.US,5,20131126,161500,151.0500,151.0600,151.0500,151.0500,1700,0
CPA.US,5,20131126,162000,151.4500,151.7400,151.1500,151.7400,2682,0
CPA.US,5,20131126,162500,151.7900,151.8000,151.2700,151.3500,3800,0
CPA.US,5,20131126,163000,151.3500,151.5100,151.3500,151.3800,700,0
CPA.US,5,20131126,163500,151.2700,151.4100,151.1200,151.1200,1900,0
CPA.US,5,20131126,164000,151.1000,151.3500,151.1000,151.3200,1400,0
CPA.US,5,20131126,164500,151.3200,151.6300,151.1900,151.1900,6985,0
CPA.US,5,20131126,165000,151.2100,151.2100,151.2100,151.2100,100,0
CPA.US,5,20131126,165500,151.5600,151.5600,151.2400,151.2400,1148,0
CPA.US,5,20131126,170000,151.4000,151.4000,151.1400,151.1400,3500,0
CPA.US,5,20131126,170500,150.9700,150.9700,150.8800,150.9100,600,0
CPA.US,5,20131126,171000,150.8700,151.0300,150.8000,150.8000,3145,0
CPA.US,5,20131126,171500,150.7600,151.0100,150.7600,150.9500,3000,0
CPA.US,5,20131126,172000,150.9300,151.4000,150.9200,151.2700,10211,0
CPA.US,5,20131126,172500,151.2700,152.3300,151.2700,152.1500,8800,0
CPA.US,5,20131126,173000,152.2100,152.2100,151.6900,151.8000,4300,0
CPA.US,5,20131126,173500,151.7900,152.0200,151.7200,151.8700,2200,0
CPA.US,5,20131126,174000,152.0600,152.1200,151.9700,152.0200,2844,0
CPA.US,5,20131126,174500,152.0300,152.4100,151.9900,152.0000,6600,0
CPA.US,5,20131126,175000,151.9000,152.6100,151.8600,152.5200,9100,0
CPA.US,5,20131126,175500,152.5300,152.6800,152.2400,152.4500,7200,0
CPA.US,5,20131126,180000,152.4900,152.6600,152.4200,152.5800,2737,0
CPA.US,5,20131126,180500,152.6000,152.9700,152.6000,152.8400,3200,0
CPA.US,5,20131126,181000,152.8700,152.8900,152.4500,152.6800,4703,0
CPA.US,5,20131126,181500,152.7300,153.0000,152.6700,152.9000,8194,0
CPA.US,5,20131126,182000,152.8900,153.1600,152.8400,153.1000,5160,0
CPA.US,5,20131126,182500,153.1500,153.2200,153.0900,153.1900,3800,0
CPA.US,5,20131126,183000,153.1400,153.4400,153.1300,153.4300,4930,0
CPA.US,5,20131126,183500,153.4400,153.6200,153.3700,153.4200,3094,0
CPA.US,5,20131126,184000,153.1300,153.2200,153.0500,153.0500,400,0
CPA.US,5,20131126,184500,153.0000,153.1600,153.0000,153.1400,3200,0
CPA.US,5,20131126,185000,153.1400,153.3200,153.0600,153.1800,4692,0
CPA.US,5,20131126,185500,153.0800,153.3200,152.9500,153.2600,4800,0
CPA.US,5,20131126,190000,153.0500,153.1300,152.9600,153.1300,1400,0
CPA.US,5,20131126,190500,153.0700,153.0700,152.6000,152.6000,700,0
CPA.US,5,20131126,191000,152.6800,152.6800,152.2800,152.6800,3600,0
CPA.US,5,20131126,191500,152.7100,152.7700,152.7100,152.7700,400,0
CPA.US,5,20131126,192000,152.8100,153.1900,152.8100,152.8500,2800,0
CPA.US,5,20131126,192500,153.0100,153.0100,152.7300,152.7300,1800,0
CPA.US,5,20131126,193000,152.7400,153.1200,152.7200,153.0100,10777,0
CPA.US,5,20131126,193500,152.8600,153.0000,152.8600,153.0000,607,0
CPA.US,5,20131126,194000,152.9100,153.1700,152.9100,153.1700,1600,0
CPA.US,5,20131126,194500,152.8700,153.3900,152.8700,153.2400,2272,0
CPA.US,5,20131126,195000,153.2200,153.2900,153.0300,153.1600,4405,0
CPA.US,5,20131126,195500,153.2200,153.3900,153.2200,153.3600,1400,0
CPA.US,5,20131126,200000,153.3500,153.3700,153.3100,153.3400,1000,0
CPA.US,5,20131126,200500,153.4400,153.6700,153.3200,153.6500,3942,0
CPA.US,5,20131126,201000,153.6700,153.6700,153.4000,153.4600,3500,0
CPA.US,5,20131126,201500,153.4300,153.5000,153.4000,153.5000,4750,0
CPA.US,5,20131126,202000,153.4600,153.6800,153.4600,153.5200,1825,0
CPA.US,5,20131126,202500,153.6000,153.7400,153.5500,153.7400,6000,0
CPA.US,5,20131126,203000,153.7900,154.3000,153.7600,154.2800,22795,0
CPA.US,5,20131126,203500,154.3000,154.3900,154.0900,154.1000,18425,0
CPA.US,5,20131126,204000,154.0900,154.2200,154.0700,154.2200,2486,0
CPA.US,5,20131126,204500,154.2000,154.2500,154.1200,154.2500,2000,0
CPA.US,5,20131126,205000,154.2100,154.2400,154.0100,154.2400,3025,0
CPA.US,5,20131126,205500,154.1000,154.2500,153.8800,154.0100,38656,0
CPA.US,5,20131126,210000,153.9400,154.2300,153.7600,154.0000,9685,0
CPA.US,5,20131126,210500,154.0100,154.1000,153.9500,153.9800,5496,0
CPA.US,5,20131126,211000,153.9900,154.1300,153.9600,153.9800,12651,0
CPA.US,5,20131126,211500,153.9400,153.9400,153.7600,153.7600,3296,0
CPA.US,5,20131126,212000,153.8400,154.0000,153.8000,153.9000,5435,0
CPA.US,5,20131126,212500,153.9400,154.2000,153.9300,154.0500,13854,0
CPA.US,5,20131126,213000,154.1000,154.3600,153.9400,153.9900,14558,0
CPA.US,5,20131126,213500,153.9600,154.0000,153.9000,153.9700,5349,0
CPA.US,5,20131126,214000,153.9500,154.0500,153.8100,153.8300,6323,0
CPA.US,5,20131126,214500,153.8900,153.8900,153.5700,153.5700,8513,0
CPA.US,5,20131126,215000,153.6500,153.7800,153.6000,153.6000,8283,0
CPA.US,5,20131126,215500,153.6200,153.8000,153.6200,153.7900,6978,0
CPA.US,5,20131126,220000,153.8100,153.8200,153.6300,153.7900,11664,0
CPA.US,5,20131126,220500,153.7900,153.7900,153.7900,153.7900,22330,0
CPA.US,5,20131127,153500,152.4600,152.5400,151.1800,151.3200,6420,0
CPA.US,5,20131127,154000,151.9100,152.7000,151.4300,152.7000,8147,0
CPA.US,5,20131127,154500,152.6700,153.8400,152.6100,153.2300,6428,0
CPA.US,5,20131127,155000,152.9800,153.4600,152.9800,153.2600,1000,0
CPA.US,5,20131127,155500,153.1400,153.1500,152.6600,152.6600,3707,0
CPA.US,5,20131127,160000,152.3100,152.3100,151.9700,151.9700,600,0
CPA.US,5,20131127,160500,151.7600,152.6300,151.7600,152.2500,4548,0
CPA.US,5,20131127,161000,152.3200,152.6700,152.2500,152.6700,1922,0
CPA.US,5,20131127,161500,152.8000,152.9800,152.2500,152.2500,2700,0
CPA.US,5,20131127,162000,151.9700,152.5500,151.9700,152.2300,2700,0
CPA.US,5,20131127,162500,152.2200,152.6500,152.2100,152.3700,1400,0
CPA.US,5,20131127,163000,152.3800,152.5100,152.1900,152.2700,2430,0
CPA.US,5,20131127,163500,152.1900,152.2900,152.0800,152.0800,1000,0
CPA.US,5,20131127,164000,152.0800,152.2000,152.0800,152.1500,700,0
CPA.US,5,20131127,164500,152.1200,152.2600,151.7800,151.7800,9290,0
CPA.US,5,20131127,165000,151.7500,152.0300,151.7100,152.0000,2501,0
CPA.US,5,20131127,165500,151.9700,152.1600,151.8800,152.0900,1600,0
CPA.US,5,20131127,170000,152.0300,152.1200,151.9000,151.9400,1500,0
CPA.US,5,20131127,170500,151.9400,152.1100,151.7700,151.9300,3801,0
CPA.US,5,20131127,171000,152.0600,152.1700,151.8000,151.9500,14600,0
CPA.US,5,20131127,171500,152.0500,152.1200,151.8400,151.8400,2400,0
CPA.US,5,20131127,172000,151.7700,152.0400,151.7700,151.8100,2210,0
CPA.US,5,20131127,172500,151.8400,152.0200,151.7900,151.9400,2400,0
CPA.US,5,20131127,173000,151.9000,151.9000,151.7100,151.7100,3600,0
CPA.US,5,20131127,173500,151.8600,151.8700,151.7300,151.8600,750,0
CPA.US,5,20131127,174000,151.9200,151.9200,151.6500,151.7500,3000,0
CPA.US,5,20131127,174500,151.6500,151.8500,151.5100,151.7300,5166,0
CPA.US,5,20131127,175000,151.6500,151.8600,151.6500,151.8600,3200,0
CPA.US,5,20131127,175500,151.8500,151.8500,151.7000,151.7100,3000,0
CPA.US,5,20131127,180000,151.6800,151.9500,151.6800,151.7500,3955,0
CPA.US,5,20131127,180500,151.8100,151.8100,151.7500,151.7600,500,0
CPA.US,5,20131127,181000,151.8400,151.8600,151.7200,151.8000,600,0
CPA.US,5,20131127,181500,151.8600,151.8600,151.8100,151.8600,600,0
CPA.US,5,20131127,182000,151.7400,151.7800,151.7000,151.7800,3000,0
CPA.US,5,20131127,182500,151.7300,151.7700,151.7000,151.7400,3400,0
CPA.US,5,20131127,183000,151.6600,151.8600,151.6600,151.8000,7450,0
CPA.US,5,20131127,183500,151.8800,151.8800,151.8200,151.8200,700,0
CPA.US,5,20131127,184000,151.8200,152.0000,151.7900,151.9200,3800,0
CPA.US,5,20131127,184500,151.9200,151.9500,151.9200,151.9500,800,0
CPA.US,5,20131127,185000,151.9500,151.9500,151.9500,151.9500,300,0
CPA.US,5,20131127,185500,152.0100,152.0100,151.6000,151.7100,1295,0
CPA.US,5,20131127,190000,151.7000,151.8700,151.6500,151.6500,900,0
CPA.US,5,20131127,190500,151.6300,151.7200,151.5100,151.5100,1450,0
CPA.US,5,20131127,191000,151.4100,151.5400,151.4100,151.4900,900,0
CPA.US,5,20131127,191500,151.6000,151.7000,151.4100,151.5100,3840,0
CPA.US,5,20131127,192000,151.4800,151.7700,151.4100,151.6700,2625,0
CPA.US,5,20131127,192500,151.4200,151.5000,151.3400,151.3900,1300,0
CPA.US,5,20131127,193000,151.5600,151.5600,151.2600,151.3200,1400,0
CPA.US,5,20131127,193500,151.3300,151.4700,151.2700,151.4000,4046,0
CPA.US,5,20131127,194000,151.4000,151.4000,151.3900,151.4000,400,0
CPA.US,5,20131127,194500,151.3300,151.4500,151.3300,151.4300,947,0
CPA.US,5,20131127,195000,151.3400,151.4900,151.3400,151.4900,600,0
CPA.US,5,20131127,195500,151.4100,151.5100,151.4100,151.5000,3071,0
CPA.US,5,20131127,200000,151.4100,151.4700,151.3200,151.3900,3100,0
CPA.US,5,20131127,200500,151.4100,151.4300,151.4100,151.4100,400,0
CPA.US,5,20131127,201000,151.4900,151.4900,151.3400,151.4900,1707,0
CPA.US,5,20131127,201500,151.4500,151.5000,151.3600,151.5000,2662,0
CPA.US,5,20131127,202000,151.4800,151.5000,151.4800,151.4900,400,0
CPA.US,5,20131127,202500,151.4600,151.5900,151.4600,151.5900,2400,0
CPA.US,5,20131127,203000,151.6300,151.6300,151.4200,151.4200,1300,0
CPA.US,5,20131127,203500,151.4200,151.5200,151.3600,151.3600,1983,0
CPA.US,5,20131127,204000,151.4400,151.4600,151.4400,151.4600,1200,0
CPA.US,5,20131127,204500,151.3800,151.4500,151.3800,151.4500,200,0
CPA.US,5,20131127,205000,151.5000,151.6400,151.5000,151.6400,1900,0
CPA.US,5,20131127,205500,151.6300,151.6900,151.5800,151.6900,900,0
CPA.US,5,20131127,210000,151.7000,151.7300,151.5900,151.7100,1840,0
CPA.US,5,20131127,210500,151.7100,151.7100,151.4400,151.5000,2900,0
CPA.US,5,20131127,211000,151.5400,151.6400,151.4700,151.4900,4200,0
CPA.US,5,20131127,211500,151.4800,151.5800,151.4100,151.5300,1400,0
CPA.US,5,20131127,212000,151.5100,151.5700,151.4900,151.5000,2800,0
CPA.US,5,20131127,212500,151.4100,151.4900,151.3600,151.4600,1100,0
CPA.US,5,20131127,213000,151.4500,151.5300,151.4000,151.5300,6126,0
CPA.US,5,20131127,213500,151.5600,151.6300,151.5300,151.6300,2400,0
CPA.US,5,20131127,214000,151.6200,151.6300,151.5100,151.6200,2743,0
CPA.US,5,20131127,214500,151.6300,151.7100,151.6300,151.7000,1300,0
CPA.US,5,20131127,215000,151.7100,151.8100,151.7000,151.7400,2701,0
CPA.US,5,20131127,215500,151.6900,151.8600,151.6900,151.8100,2500,0
CPA.US,5,20131127,220000,151.8900,151.9500,151.7400,151.7500,6278,0
CPA.US,5,20131127,220500,151.8400,151.8400,151.8400,151.8400,7954,0
CPA.US,5,20131129,153500,151.4700,152.5800,151.3300,151.3300,2500,0
CPA.US,5,20131129,154000,151.0000,151.2600,150.9500,151.0200,1528,0
CPA.US,5,20131129,154500,151.0800,151.6800,151.0500,151.0600,4450,0
CPA.US,5,20131129,155000,151.1200,151.8400,151.0400,151.3900,3000,0
CPA.US,5,20131129,155500,151.4000,151.5800,151.0900,151.4200,2300,0
CPA.US,5,20131129,160000,151.2500,151.3800,151.2500,151.3700,500,0
CPA.US,5,20131129,160500,151.3500,151.8500,151.3500,151.6900,3000,0
CPA.US,5,20131129,161000,151.7300,151.7900,151.4000,151.4500,3000,0
CPA.US,5,20131129,161500,151.3500,151.5200,151.1800,151.1800,3096,0
CPA.US,5,20131129,162000,151.3500,151.6600,151.2600,151.5500,2000,0
CPA.US,5,20131129,162500,152.0600,152.0900,151.6300,151.9700,3600,0
CPA.US,5,20131129,163000,152.1100,152.4800,152.1100,152.4400,2804,0
CPA.US,5,20131129,163500,152.6700,152.6700,152.2600,152.3600,1450,0
CPA.US,5,20131129,164000,152.4800,152.5000,151.4600,152.0200,7374,0
CPA.US,5,20131129,164500,152.0300,152.1900,151.8400,151.8900,2700,0
CPA.US,5,20131129,165000,151.9900,151.9900,151.8100,151.8100,300,0
CPA.US,5,20131129,165500,152.0900,152.0900,151.7700,151.8000,2000,0
CPA.US,5,20131129,170000,151.6000,151.6900,151.4200,151.5800,2100,0
CPA.US,5,20131129,170500,151.7200,151.7500,151.1100,151.1100,2881,0
CPA.US,5,20131129,171000,151.2400,151.4800,151.2300,151.4000,1400,0
CPA.US,5,20131129,171500,151.6200,151.8200,151.5500,151.5900,1800,0
CPA.US,5,20131129,172000,151.5900,151.6500,151.3800,151.3800,2100,0
CPA.US,5,20131129,172500,151.3700,151.5300,151.3500,151.5300,1100,0
CPA.US,5,20131129,173000,151.4600,151.7300,151.1300,151.1300,3109,0
CPA.US,5,20131129,173500,151.1400,151.2600,151.0500,151.1400,1200,0
CPA.US,5,20131129,174000,151.2400,151.4100,151.2400,151.3900,1100,0
CPA.US,5,20131129,174500,151.2800,151.3200,151.2100,151.2400,1300,0
CPA.US,5,20131129,175000,151.1900,151.1900,151.0200,151.0300,1214,0
CPA.US,5,20131129,175500,151.0100,151.0100,150.7200,150.7200,4700,0
CPA.US,5,20131129,180000,150.8500,150.8600,150.8500,150.8500,500,0
CPA.US,5,20131129,180500,151.0000,151.0200,150.7800,150.8700,3200,0
CPA.US,5,20131129,181000,150.8600,151.4600,150.8600,151.2200,1432,0
CPA.US,5,20131129,181500,151.5200,151.5300,151.2000,151.3000,3762,0
CPA.US,5,20131129,182000,151.3200,151.3200,151.3200,151.3200,211,0
CPA.US,5,20131129,182500,151.2800,151.5100,151.1300,151.1300,2500,0
CPA.US,5,20131129,183000,151.1300,151.1400,151.0300,151.0300,400,0
CPA.US,5,20131129,183500,151.0500,151.1300,150.9500,150.9500,1744,0
CPA.US,5,20131129,184000,150.9000,151.0000,150.7700,150.8400,3525,0
CPA.US,5,20131129,184500,150.8800,151.1800,150.8800,150.9900,2200,0
CPA.US,5,20131129,185000,151.0500,151.2000,150.9700,150.9700,2401,0
CPA.US,5,20131129,185500,150.9000,151.5400,150.8900,151.5400,4796,0
CPA.US,5,20131129,190000,151.6700,151.7000,151.1600,151.3400,8057,0
CPA.US,5,20131129,190500,151.4200,151.4200,151.4200,151.4200,11961,0
CPA.US,5,20131202,154000,151.0700,152.3100,151.0700,152.3100,350,0
CPA.US,5,20131202,154500,151.8600,152.3000,151.6800,151.6800,400,0
CPA.US,5,20131202,155000,151.6700,152.0800,151.4500,151.4500,1800,0
CPA.US,5,20131202,155500,151.3100,151.4500,151.0700,151.0700,1200,0
CPA.US,5,20131202,160000,150.6900,150.6900,150.6900,150.6900,100,0
CPA.US,5,20131202,160500,150.7800,151.3100,150.7800,151.1800,1300,0
CPA.US,5,20131202,161000,151.3500,151.6200,151.3500,151.6200,1500,0
CPA.US,5,20131202,161500,151.6800,151.7400,151.4300,151.6000,2313,0
CPA.US,5,20131202,162000,151.4800,151.7600,151.4300,151.5200,1400,0
CPA.US,5,20131202,162500,152.0600,152.1100,152.0600,152.1100,235,0
CPA.US,5,20131202,163000,152.0000,152.0400,151.5400,151.7100,2604,0
CPA.US,5,20131202,163500,151.6100,151.9200,151.6100,151.6600,475,0
CPA.US,5,20131202,164000,151.7900,151.9200,151.6100,151.6500,1942,0
CPA.US,5,20131202,164500,151.6500,151.6500,151.3200,151.4100,2200,0
CPA.US,5,20131202,165000,151.5500,151.6000,151.5000,151.5100,1712,0
CPA.US,5,20131202,165500,151.5100,151.6000,151.4200,151.5500,2682,0
CPA.US,5,20131202,170000,151.5600,151.8000,151.5400,151.8000,1178,0
CPA.US,5,20131202,170500,151.8200,151.9500,151.7700,151.9500,3122,0
CPA.US,5,20131202,171000,151.8900,151.9000,151.7100,151.9000,1339,0
CPA.US,5,20131202,171500,152.0600,152.2300,152.0500,152.0500,1800,0
CPA.US,5,20131202,172000,151.8500,151.8500,151.8300,151.8300,500,0
CPA.US,5,20131202,172500,151.8500,151.8500,151.7200,151.7200,802,0
CPA.US,5,20131202,173000,151.6100,151.6100,151.4400,151.4400,500,0
CPA.US,5,20131202,173500,151.5000,151.5000,151.2400,151.2700,1000,0
CPA.US,5,20131202,174000,151.1600,151.4200,151.1600,151.1600,600,0
CPA.US,5,20131202,174500,151.3700,151.3700,151.3700,151.3700,300,0
CPA.US,5,20131202,175000,151.3300,151.3900,151.2900,151.3900,400,0
CPA.US,5,20131202,175500,151.4800,151.7100,151.4800,151.4800,1207,0
CPA.US,5,20131202,180000,151.7000,151.9300,151.7000,151.9300,600,0
CPA.US,5,20131202,180500,151.9300,151.9300,151.9300,151.9300,100,0
CPA.US,5,20131202,181000,151.9500,151.9500,151.7300,151.7300,1766,0
CPA.US,5,20131202,181500,151.7400,151.7500,151.6800,151.6800,900,0
CPA.US,5,20131202,182000,151.7600,151.9000,151.7600,151.9000,1600,0
CPA.US,5,20131202,183000,152.0300,152.0300,151.8500,151.8500,1000,0
CPA.US,5,20131202,183500,151.8500,151.9700,151.8200,151.9700,900,0
CPA.US,5,20131202,184000,151.8500,151.8500,151.7700,151.7700,600,0
CPA.US,5,20131202,185000,151.8100,151.8800,151.8100,151.8800,200,0
CPA.US,5,20131202,185500,151.8100,151.8300,151.6900,151.7500,800,0
CPA.US,5,20131202,190000,151.8600,151.9000,151.7800,151.7800,300,0
CPA.US,5,20131202,190500,151.8000,151.8000,151.5100,151.5100,1100,0
CPA.US,5,20131202,191000,151.3300,151.3300,151.2100,151.2100,200,0
CPA.US,5,20131202,191500,151.2600,151.4000,151.2600,151.3900,2753,0
CPA.US,5,20131202,192000,151.5400,151.5400,151.4600,151.4600,685,0
CPA.US,5,20131202,192500,151.6400,151.6900,151.4600,151.6400,17284,0
CPA.US,5,20131202,193000,151.6400,151.9100,151.5700,151.9100,14337,0
CPA.US,5,20131202,193500,151.9100,151.9100,151.5300,151.5300,2000,0
CPA.US,5,20131202,194000,151.5500,151.6700,151.5500,151.5800,300,0
CPA.US,5,20131202,194500,151.6200,151.7500,151.6200,151.6800,300,0
CPA.US,5,20131202,195000,151.6800,151.7700,151.4100,151.4100,1102,0
CPA.US,5,20131202,195500,151.4900,151.5400,151.3800,151.4000,500,0
CPA.US,5,20131202,200000,151.5100,151.7700,151.5100,151.7700,1900,0
CPA.US,5,20131202,200500,151.7000,151.7400,151.5900,151.7400,1500,0
CPA.US,5,20131202,201000,151.5000,151.5100,151.5000,151.5100,300,0
CPA.US,5,20131202,201500,151.2900,151.2900,151.2100,151.2500,500,0
CPA.US,5,20131202,202000,151.2200,151.2700,151.0200,151.2600,2444,0
CPA.US,5,20131202,202500,151.1700,151.2600,151.0700,151.1000,2900,0
CPA.US,5,20131202,203000,151.2100,151.3600,151.2100,151.3500,1800,0
CPA.US,5,20131202,203500,151.4300,151.5500,151.3300,151.3300,2500,0
CPA.US,5,20131202,204000,151.1900,151.5400,151.1900,151.3400,2600,0
CPA.US,5,20131202,204500,151.3500,151.4600,151.3500,151.3700,1600,0
CPA.US,5,20131202,205000,151.3700,151.4800,151.3700,151.4800,1300,0
CPA.US,5,20131202,205500,151.4600,151.4600,151.3000,151.3000,800,0
CPA.US,5,20131202,210000,151.3200,151.4600,151.2600,151.2600,2767,0
CPA.US,5,20131202,210500,151.1900,151.2900,151.1900,151.2900,1080,0
CPA.US,5,20131202,211000,151.2000,151.2700,151.1800,151.1900,2580,0
CPA.US,5,20131202,211500,151.1500,151.1600,150.8700,151.0100,1000,0
CPA.US,5,20131202,212000,150.8700,151.1700,150.8700,151.1700,2800,0
CPA.US,5,20131202,212500,151.1800,151.2400,150.8000,151.0100,4358,0
CPA.US,5,20131202,213000,150.9600,151.0700,150.7900,150.9000,800,0
CPA.US,5,20131202,213500,150.7000,150.7000,150.5800,150.6800,1300,0
CPA.US,5,20131202,214000,150.6100,150.6400,150.3200,150.3500,2000,0
CPA.US,5,20131202,214500,150.3300,150.4100,150.2000,150.2000,2748,0
CPA.US,5,20131202,215000,150.2000,150.3400,150.1500,150.3300,4573,0
CPA.US,5,20131202,215500,150.3000,150.3500,150.1200,150.1200,4514,0
CPA.US,5,20131202,220000,150.2900,150.5700,150.1100,150.2400,9326,0
CPA.US,5,20131202,220500,150.2800,150.2800,150.2800,150.2800,13834,0
CPA.US,5,20131203,153500,150.0000,150.7400,149.2500,149.5400,6515,0
CPA.US,5,20131203,154000,149.5300,149.7500,148.5500,148.6000,1100,0
CPA.US,5,20131203,154500,148.2200,148.2300,148.2200,148.2300,208,0
CPA.US,5,20131203,155000,148.7700,148.8900,147.9500,148.1500,3744,0
CPA.US,5,20131203,155500,148.4100,149.2200,148.3000,148.6500,11536,0
CPA.US,5,20131203,160000,148.5600,149.0900,148.4000,148.7300,13087,0
CPA.US,5,20131203,160500,148.5400,149.0700,148.3100,149.0700,6658,0
CPA.US,5,20131203,161000,149.0400,149.1300,149.0400,149.1300,402,0
CPA.US,5,20131203,161500,149.1200,149.1400,148.8500,149.0200,2416,0
CPA.US,5,20131203,162000,149.0400,149.0400,149.0000,149.0000,300,0
CPA.US,5,20131203,162500,149.0100,149.1000,148.5100,148.5100,11476,0
CPA.US,5,20131203,163000,148.5800,149.0300,148.5800,149.0000,6930,0
CPA.US,5,20131203,163500,148.8600,149.0000,148.6300,149.0000,4600,0
CPA.US,5,20131203,164000,149.2400,149.3500,149.1400,149.1600,2719,0
CPA.US,5,20131203,164500,149.0500,149.4000,149.0500,149.1400,5315,0
CPA.US,5,20131203,165000,149.2000,149.2100,149.1300,149.1300,1002,0
CPA.US,5,20131203,165500,149.0900,149.2500,149.0600,149.2500,1250,0
CPA.US,5,20131203,170000,149.0600,149.0600,149.0100,149.0100,939,0
CPA.US,5,20131203,170500,149.0000,149.0100,148.6200,148.8600,20698,0
CPA.US,5,20131203,171000,148.9700,149.0600,148.9600,148.9700,1911,0
CPA.US,5,20131203,171500,148.8500,148.8500,148.4800,148.4900,1330,0
CPA.US,5,20131203,172000,148.5200,148.5800,148.4400,148.4700,1600,0
CPA.US,5,20131203,172500,148.3200,148.6300,148.2900,148.4400,2350,0
CPA.US,5,20131203,173000,148.7200,148.7200,148.2500,148.2500,1539,0
CPA.US,5,20131203,173500,148.2500,148.3700,148.1600,148.1600,1501,0
CPA.US,5,20131203,174000,148.1700,148.1700,147.6300,147.6300,1900,0
CPA.US,5,20131203,174500,147.6300,147.6300,147.0900,147.1100,13200,0
CPA.US,5,20131203,175000,147.0700,147.2900,146.7100,146.7100,6600,0
CPA.US,5,20131203,175500,146.7100,146.9000,146.4000,146.5100,4325,0
CPA.US,5,20131203,180000,146.4700,146.9600,146.4300,146.7700,2800,0
CPA.US,5,20131203,180500,146.8900,146.8900,146.6800,146.6800,2046,0
CPA.US,5,20131203,181000,146.8800,147.0700,146.7500,147.0000,6489,0
CPA.US,5,20131203,181500,146.8900,146.8900,146.7300,146.7400,1201,0
CPA.US,5,20131203,182000,146.6300,146.9100,146.6300,146.8400,2500,0
CPA.US,5,20131203,182500,146.8400,146.8400,146.6300,146.6300,1500,0
CPA.US,5,20131203,183000,146.6600,146.7300,146.6000,146.7000,2422,0
CPA.US,5,20131203,183500,146.6500,147.0100,146.6300,147.0100,6600,0
CPA.US,5,20131203,184000,147.0700,147.5100,147.0700,147.0700,2900,0
CPA.US,5,20131203,184500,147.0100,147.1100,146.7800,147.1100,1800,0
CPA.US,5,20131203,185000,147.2000,147.2000,146.8300,146.8300,6597,0
CPA.US,5,20131203,185500,146.9000,147.3900,146.9000,147.2900,3700,0
CPA.US,5,20131203,190000,147.3800,147.3800,147.3600,147.3800,300,0
CPA.US,5,20131203,190500,147.5100,147.5100,147.1400,147.1400,2100,0
CPA.US,5,20131203,191000,147.0500,147.5100,146.9300,147.5100,5100,0
CPA.US,5,20131203,191500,147.4300,147.6100,147.2100,147.5600,7084,0
CPA.US,5,20131203,192000,147.4900,147.6000,147.4700,147.5700,2179,0
CPA.US,5,20131203,192500,147.5700,147.8700,147.5700,147.7600,5691,0
CPA.US,5,20131203,193000,147.7100,147.7100,147.7100,147.7100,100,0
CPA.US,5,20131203,193500,147.5900,147.6600,147.4600,147.5300,1200,0
CPA.US,5,20131203,194000,147.4800,147.9900,147.4800,147.9400,7594,0
CPA.US,5,20131203,194500,147.9300,147.9800,147.8700,147.8700,2600,0
CPA.US,5,20131203,195000,147.8100,148.0000,147.8000,147.8500,9314,0
CPA.US,5,20131203,195500,147.9400,148.1000,147.9000,147.9000,6846,0
CPA.US,5,20131203,200000,148.0000,148.0000,147.7300,147.8000,2889,0
CPA.US,5,20131203,200500,147.6000,147.7500,147.6000,147.6900,1875,0
CPA.US,5,20131203,201000,147.6500,147.7500,147.6300,147.6700,4885,0
CPA.US,5,20131203,201500,147.7200,147.8600,147.6200,147.8600,4931,0
CPA.US,5,20131203,202000,147.7400,147.8000,147.6100,147.7100,5730,0
CPA.US,5,20131203,202500,147.6900,147.7700,147.6300,147.6800,1816,0
CPA.US,5,20131203,203000,147.7400,147.8400,147.6800,147.8400,1900,0
CPA.US,5,20131203,203500,147.7700,148.1200,147.6900,148.1000,7009,0
CPA.US,5,20131203,204000,148.0400,148.1500,148.0000,148.0200,2411,0
CPA.US,5,20131203,204500,148.0100,148.2100,148.0000,148.0000,3950,0
CPA.US,5,20131203,205000,148.0100,148.0600,148.0000,148.0100,3900,0
CPA.US,5,20131203,205500,148.0300,148.1300,148.0000,148.0000,1808,0
CPA.US,5,20131203,210000,148.0000,148.1700,148.0000,148.0700,3100,0
CPA.US,5,20131203,210500,148.0900,148.2100,148.0900,148.1900,2400,0
CPA.US,5,20131203,211000,148.2600,148.5600,148.2600,148.5500,7121,0
CPA.US,5,20131203,211500,148.4900,148.9400,148.4400,148.9300,8711,0
CPA.US,5,20131203,212000,148.9000,149.0000,148.6500,148.8700,8932,0
CPA.US,5,20131203,212500,148.8800,149.2100,148.8800,149.2100,5400,0
CPA.US,5,20131203,213000,149.2200,149.2500,149.0200,149.0900,4195,0
CPA.US,5,20131203,213500,149.0900,149.4800,149.0500,149.3100,8107,0
CPA.US,5,20131203,214000,149.2100,149.3200,149.0000,149.0000,6520,0
CPA.US,5,20131203,214500,149.0800,149.1100,148.8700,148.8700,8800,0
CPA.US,5,20131203,215000,148.8600,149.1000,148.5800,148.9300,7200,0
CPA.US,5,20131203,215500,148.9400,149.2000,148.9300,149.1700,6635,0
CPA.US,5,20131203,220000,149.0200,149.3000,149.0100,149.2100,9039,0
CPA.US,5,20131203,220500,149.0800,149.0800,149.0800,149.0800,11567,0
CPA.US,5,20131204,153500,149.5200,149.6300,148.8600,149.6300,2600,0
CPA.US,5,20131204,154000,149.6000,149.9500,149.6000,149.6200,3000,0
CPA.US,5,20131204,154500,149.8400,150.0100,149.1500,149.5300,5284,0
CPA.US,5,20131204,155000,149.5400,149.9400,149.5000,149.8100,2000,0
CPA.US,5,20131204,155500,149.7600,149.7600,149.0900,149.0900,1500,0
CPA.US,5,20131204,160000,149.4900,149.9700,149.3200,149.8400,4100,0
CPA.US,5,20131204,160500,149.8300,149.9200,149.8300,149.9200,400,0
CPA.US,5,20131204,161000,149.8900,149.9600,149.7300,149.8200,900,0
CPA.US,5,20131204,161500,149.9800,149.9800,149.6900,149.8700,900,0
CPA.US,5,20131204,162000,149.8200,149.9500,149.5900,149.7900,1850,0
CPA.US,5,20131204,162500,149.7600,150.0200,149.7300,150.0200,800,0
CPA.US,5,20131204,163000,150.0200,150.1900,149.9700,149.9800,1999,0
CPA.US,5,20131204,163500,150.1500,150.1900,149.9200,150.0500,1600,0
CPA.US,5,20131204,164000,149.9200,150.1900,149.8100,149.9100,5514,0
CPA.US,5,20131204,164500,149.8000,149.8000,149.4300,149.5000,6800,0
CPA.US,5,20131204,165000,149.5700,149.9300,149.5700,149.9300,921,0
CPA.US,5,20131204,170000,149.7600,149.9000,149.7400,149.9000,600,0
CPA.US,5,20131204,170500,149.7900,149.8900,149.5900,149.6700,2500,0
CPA.US,5,20131204,171000,149.7400,149.7600,149.5900,149.7600,1561,0
CPA.US,5,20131204,171500,149.5700,149.8400,149.5700,149.8200,1700,0
CPA.US,5,20131204,172000,149.9000,149.9000,149.4100,149.4100,2895,0
CPA.US,5,20131204,172500,149.5000,149.5400,149.3600,149.5400,1900,0
CPA.US,5,20131204,173000,149.5200,149.5200,149.3800,149.4000,2800,0
CPA.US,5,20131204,173500,149.4600,149.6700,149.4000,149.6700,1800,0
CPA.US,5,20131204,174000,149.5200,149.7000,149.5000,149.6200,3820,0
CPA.US,5,20131204,174500,149.6000,149.6900,149.5900,149.6400,2624,0
CPA.US,5,20131204,175000,149.6400,149.7700,149.6000,149.6000,3380,0
CPA.US,5,20131204,175500,149.5100,149.5900,149.5100,149.5500,2300,0
CPA.US,5,20131204,180000,149.6300,149.6900,149.6300,149.6400,1000,0
CPA.US,5,20131204,180500,149.5800,149.5800,149.5000,149.5000,3700,0
CPA.US,5,20131204,181000,149.5100,149.6900,149.5000,149.6900,2044,0
CPA.US,5,20131204,181500,149.7500,149.9500,149.5500,149.9400,5800,0
CPA.US,5,20131204,182000,149.7800,150.0000,149.7800,149.9000,13679,0
CPA.US,5,20131204,182500,149.7500,149.9500,149.7500,149.8000,4200,0
CPA.US,5,20131204,183000,149.5700,149.9300,149.5100,149.9300,4500,0
CPA.US,5,20131204,183500,149.8600,149.8800,149.5100,149.7600,5100,0
CPA.US,5,20131204,184000,149.7700,149.8900,149.4000,149.6100,5337,0
CPA.US,5,20131204,184500,149.6100,149.6100,149.5500,149.5500,1100,0
CPA.US,5,20131204,185000,149.5300,149.5300,149.4100,149.5200,2700,0
CPA.US,5,20131204,185500,149.4400,149.9500,149.3700,149.8900,12055,0
CPA.US,5,20131204,190000,149.8900,150.0000,149.6500,150.0000,12360,0
CPA.US,5,20131204,190500,150.0000,150.0000,149.9200,150.0000,4900,0
CPA.US,5,20131204,191000,149.8600,150.0000,149.8500,149.9000,5070,0
CPA.US,5,20131204,191500,149.6900,149.8200,149.5300,149.7900,3000,0
CPA.US,5,20131204,192000,149.8200,149.8700,149.6900,149.6900,2140,0
CPA.US,5,20131204,192500,149.5500,149.7300,149.4700,149.5200,6200,0
CPA.US,5,20131204,193000,149.5100,149.8500,149.5100,149.8000,5200,0
CPA.US,5,20131204,193500,149.7400,149.7400,149.1300,149.4900,9280,0
CPA.US,5,20131204,194000,149.4300,149.6900,149.4300,149.5000,3904,0
CPA.US,5,20131204,194500,149.4700,149.6900,149.4700,149.6000,2820,0
CPA.US,5,20131204,195000,149.6000,149.6300,149.4200,149.5200,2500,0
CPA.US,5,20131204,195500,149.5200,149.7700,149.3600,149.6000,3800,0
CPA.US,5,20131204,200000,149.5300,149.7900,149.4900,149.7100,3701,0
CPA.US,5,20131204,200500,149.7700,149.9000,149.7300,149.7800,2300,0
CPA.US,5,20131204,201000,149.8600,149.8600,149.6400,149.6700,3550,0
CPA.US,5,20131204,201500,149.7000,150.0900,149.7000,149.7300,6843,0
CPA.US,5,20131204,202000,149.7800,149.8800,149.5400,149.8000,3152,0
CPA.US,5,20131204,202500,149.8100,149.8500,149.4900,149.6300,4016,0
CPA.US,5,20131204,203000,149.5200,149.6000,149.3300,149.5500,4000,0
CPA.US,5,20131204,203500,149.5600,149.6000,149.4900,149.4900,2100,0
CPA.US,5,20131204,204000,149.5700,149.9500,149.4600,149.8600,4500,0
CPA.US,5,20131204,204500,149.8800,149.9600,149.6600,149.7000,2910,0
CPA.US,5,20131204,205000,149.6100,149.9400,149.6100,149.8500,3900,0
CPA.US,5,20131204,205500,149.9000,149.9500,149.8100,149.9500,1300,0
CPA.US,5,20131204,210000,149.9400,149.9500,149.8500,149.9500,1229,0
CPA.US,5,20131204,210500,149.8600,150.0000,149.7000,149.7000,3400,0
CPA.US,5,20131204,211000,149.6800,149.9300,149.5500,149.8000,3386,0
CPA.US,5,20131204,211500,149.7500,150.0300,149.7500,149.9700,3129,0
CPA.US,5,20131204,212000,149.9300,150.3500,149.8100,150.2200,4000,0
CPA.US,5,20131204,212500,150.3400,150.5100,150.2200,150.3700,4215,0
CPA.US,5,20131204,213000,150.3000,150.7100,150.2400,150.7100,3799,0
CPA.US,5,20131204,213500,150.6500,150.9200,150.5000,150.9200,6777,0
CPA.US,5,20131204,214000,150.9200,151.4500,150.8200,151.2900,18621,0
CPA.US,5,20131204,214500,151.2500,151.4100,151.2500,151.4000,4300,0
CPA.US,5,20131204,215000,151.4400,151.4600,151.3200,151.3200,7721,0
CPA.US,5,20131204,215500,151.3300,151.4800,151.2200,151.2900,10210,0
CPA.US,5,20131204,220000,151.3400,151.5100,151.3100,151.3200,13156,0
CPA.US,5,20131204,220500,151.4100,151.4100,151.4100,151.4100,13538,0
CPA.US,5,20131205,153500,150.3900,150.9800,150.0700,150.4700,400,0
CPA.US,5,20131205,154000,150.0600,150.7100,149.8800,150.2300,6965,0
CPA.US,5,20131205,155000,150.2500,150.3300,149.4400,150.3300,2651,0
CPA.US,5,20131205,155500,149.9200,149.9600,149.9200,149.9600,364,0
CPA.US,5,20131205,160000,149.7200,149.9100,149.5500,149.9000,1800,0
CPA.US,5,20131205,160500,149.5500,149.6300,149.5400,149.6300,300,0
CPA.US,5,20131205,161000,149.6600,150.3300,149.6600,150.3300,1100,0
CPA.US,5,20131205,161500,150.2400,150.2400,149.9700,150.1700,6300,0
CPA.US,5,20131205,162000,149.9700,150.2700,149.9700,150.1800,2000,0
CPA.US,5,20131205,162500,150.1400,150.1400,150.0000,150.0700,1610,0
CPA.US,5,20131205,163000,150.0800,150.1300,149.9900,150.1100,2500,0
CPA.US,5,20131205,163500,150.1300,150.2700,150.0500,150.1600,1800,0
CPA.US,5,20131205,164000,150.0900,150.1400,149.9800,150.1400,1500,0
CPA.US,5,20131205,164500,150.0700,150.0800,149.8800,149.8800,1400,0
CPA.US,5,20131205,165000,149.7400,149.7400,149.5500,149.6100,1600,0
CPA.US,5,20131205,165500,149.6100,149.8500,149.6100,149.8100,3200,0
CPA.US,5,20131205,170000,149.6300,149.8900,149.5000,149.6500,4394,0
CPA.US,5,20131205,170500,149.5000,149.5000,149.0900,149.3700,1900,0
CPA.US,5,20131205,171000,149.2100,149.2100,148.9900,148.9900,1000,0
CPA.US,5,20131205,171500,149.0100,149.0700,148.8800,148.9100,1725,0
CPA.US,5,20131205,172000,148.8000,148.8900,148.6700,148.8600,1110,0
CPA.US,5,20131205,172500,148.8600,148.9300,148.8600,148.9300,300,0
CPA.US,5,20131205,173000,149.1100,149.1900,148.9900,149.0200,1168,0
CPA.US,5,20131205,173500,149.0200,149.5700,149.0200,149.4700,4553,0
CPA.US,5,20131205,174000,149.5100,149.5100,149.4700,149.4700,600,0
CPA.US,5,20131205,174500,149.3400,149.5900,149.3400,149.5900,1400,0
CPA.US,5,20131205,175000,149.7600,149.7600,149.6700,149.6700,200,0
CPA.US,5,20131205,175500,149.5600,149.6100,149.4800,149.4800,1100,0
CPA.US,5,20131205,180000,149.5900,149.9800,149.5900,149.9800,400,0
CPA.US,5,20131205,180500,149.9600,150.3000,149.9400,150.3000,3500,0
CPA.US,5,20131205,181000,150.1600,150.1700,149.8000,150.1400,3573,0
CPA.US,5,20131205,181500,150.0900,150.3000,150.0900,150.1800,500,0
CPA.US,5,20131205,182000,150.3000,150.7600,150.2800,150.5200,933,0
CPA.US,5,20131205,182500,150.5000,150.5000,150.1900,150.1900,900,0
CPA.US,5,20131205,183000,150.2100,150.6900,150.1000,150.4700,2700,0
CPA.US,5,20131205,183500,150.4400,150.4400,150.1700,150.2100,500,0
CPA.US,5,20131205,184000,150.2700,150.5400,150.0900,150.2400,5875,0
CPA.US,5,20131205,184500,150.1900,150.5200,150.1900,150.3000,1100,0
CPA.US,5,20131205,185000,150.4000,150.4000,150.2000,150.2900,1000,0
CPA.US,5,20131205,185500,150.2100,150.2200,150.2100,150.2200,300,0
CPA.US,5,20131205,190000,150.2400,150.4000,150.2400,150.3800,1232,0
CPA.US,5,20131205,190500,150.2600,150.2700,150.2300,150.2500,1100,0
CPA.US,5,20131205,191000,150.1300,150.1300,150.1300,150.1300,200,0
CPA.US,5,20131205,191500,150.2400,150.3400,150.1800,150.3400,1000,0
CPA.US,5,20131205,192000,150.4000,150.4000,150.0400,150.1000,2645,0
CPA.US,5,20131205,192500,150.0000,150.1400,150.0000,150.0600,1500,0
CPA.US,5,20131205,193000,150.0600,150.0600,149.8800,149.8800,1900,0
CPA.US,5,20131205,193500,149.8900,150.1600,149.8900,150.0300,1990,0
CPA.US,5,20131205,194000,150.1000,150.1000,150.1000,150.1000,200,0
CPA.US,5,20131205,194500,150.1700,150.3300,150.1600,150.3300,1174,0
CPA.US,5,20131205,195000,150.1800,150.3300,150.0600,150.1500,2100,0
CPA.US,5,20131205,195500,150.2300,150.4000,150.2300,150.4000,200,0
CPA.US,5,20131205,200000,150.3800,150.3800,150.3100,150.3100,850,0
CPA.US,5,20131205,200500,150.4100,150.5200,150.3600,150.5200,800,0
CPA.US,5,20131205,201000,150.6600,150.7300,150.5400,150.6600,1500,0
CPA.US,5,20131205,201500,150.7700,150.8400,150.4000,150.4000,5500,0
CPA.US,5,20131205,202000,150.4100,150.5900,150.3700,150.4500,2762,0
CPA.US,5,20131205,202500,150.4300,150.4400,150.4300,150.4300,300,0
CPA.US,5,20131205,203000,150.4300,150.4300,150.3600,150.3600,724,0
CPA.US,5,20131205,203500,150.2000,150.3800,150.2000,150.3100,400,0
CPA.US,5,20131205,204000,150.1900,150.1900,150.1900,150.1900,100,0
CPA.US,5,20131205,204500,150.2600,150.2600,150.0900,150.0900,262,0
CPA.US,5,20131205,205000,150.1600,150.2500,150.0800,150.0800,1500,0
CPA.US,5,20131205,205500,150.1500,150.2500,149.9800,149.9800,1300,0
CPA.US,5,20131205,210000,149.9800,150.0400,149.8400,150.0000,2600,0
CPA.US,5,20131205,210500,149.7800,149.9600,149.7400,149.8900,800,0
CPA.US,5,20131205,211000,149.8100,149.8300,149.6500,149.6500,2386,0
CPA.US,5,20131205,211500,149.6200,149.7900,149.6000,149.7800,2200,0
CPA.US,5,20131205,212000,149.7000,149.7000,149.5200,149.5600,1800,0
CPA.US,5,20131205,212500,149.5300,149.6200,149.4700,149.5800,2170,0
CPA.US,5,20131205,213000,149.5600,149.6400,149.5600,149.6200,1500,0
CPA.US,5,20131205,213500,149.6600,149.9900,149.6600,149.9900,1200,0
CPA.US,5,20131205,214000,150.2300,150.2300,149.9500,149.9900,2300,0
CPA.US,5,20131205,214500,149.9800,149.9900,149.8000,149.8000,2900,0
CPA.US,5,20131205,215000,149.7900,149.8300,149.5400,149.6100,2600,0
CPA.US,5,20131205,215500,149.5700,149.8200,149.5400,149.8200,2100,0
CPA.US,5,20131205,220000,149.7500,149.7500,149.4800,149.6800,4203,0
CPA.US,5,20131205,220500,149.6100,149.6100,149.6100,149.6100,4159,0
CPA.US,5,20131206,153500,150.1500,151.9700,150.1500,150.2300,1000,0
CPA.US,5,20131206,154000,150.2500,150.5000,149.7700,150.2500,4200,0
CPA.US,5,20131206,154500,150.1900,150.1900,149.9300,149.9300,800,0
CPA.US,5,20131206,155000,149.9200,150.2000,149.5100,149.5300,5300,0
CPA.US,5,20131206,155500,149.6700,149.6700,149.6700,149.6700,100,0
CPA.US,5,20131206,160000,150.0300,150.0900,149.7700,149.9600,1900,0
CPA.US,5,20131206,160500,149.9400,149.9400,149.8200,149.8200,1643,0
CPA.US,5,20131206,161000,149.7300,149.7400,149.7300,149.7400,300,0
CPA.US,5,20131206,161500,149.7400,149.7800,149.7400,149.7800,400,0
CPA.US,5,20131206,162000,149.7500,150.1500,149.7500,149.9900,2100,0
CPA.US,5,20131206,162500,150.2300,150.2400,149.9600,149.9600,2100,0
CPA.US,5,20131206,163000,150.0900,150.0900,149.6300,149.6300,1400,0
CPA.US,5,20131206,163500,149.6200,149.6200,149.6100,149.6100,200,0
CPA.US,5,20131206,164000,149.6000,149.6000,149.1200,149.1200,1000,0
CPA.US,5,20131206,164500,149.1100,149.1100,149.1000,149.1000,200,0
CPA.US,5,20131206,165000,149.2500,149.3400,149.1200,149.2400,600,0
CPA.US,5,20131206,165500,149.1900,149.2700,149.1800,149.2700,900,0
CPA.US,5,20131206,170000,149.2900,149.3900,149.2800,149.2800,500,0
CPA.US,5,20131206,170500,149.4100,149.4600,149.4100,149.4600,400,0
CPA.US,5,20131206,171000,149.6100,149.9500,149.6100,149.9500,1000,0
CPA.US,5,20131206,171500,149.7700,149.9800,149.7700,149.9600,600,0
CPA.US,5,20131206,172000,150.1600,150.1600,150.0300,150.0300,539,0
CPA.US,5,20131206,172500,150.0400,150.1900,150.0400,150.1900,400,0
CPA.US,5,20131206,173000,150.1300,150.1300,150.1300,150.1300,100,0
CPA.US,5,20131206,173500,150.1400,150.1400,150.1400,150.1400,700,0
CPA.US,5,20131206,174000,150.2000,150.2900,150.2000,150.2900,400,0
CPA.US,5,20131206,174500,150.2600,150.2800,149.9300,150.0200,3796,0
CPA.US,5,20131206,175000,150.0700,150.0800,150.0700,150.0800,631,0
CPA.US,5,20131206,175500,150.2700,150.2700,150.0600,150.0600,1100,0
CPA.US,5,20131206,180000,150.2000,150.2600,150.1300,150.1300,300,0
CPA.US,5,20131206,180500,150.0200,150.1900,150.0200,150.1100,700,0
CPA.US,5,20131206,181000,150.1000,150.3300,150.0400,150.3000,15096,0
CPA.US,5,20131206,181500,150.4200,150.4600,150.2200,150.2300,1200,0
CPA.US,5,20131206,182000,150.3100,150.3100,149.8900,150.0100,6500,0
CPA.US,5,20131206,182500,150.1400,150.1900,150.1400,150.1900,300,0
CPA.US,5,20131206,183000,150.1600,150.1600,150.0200,150.0200,820,0
CPA.US,5,20131206,183500,149.9700,150.2100,149.9600,150.2000,1159,0
CPA.US,5,20131206,184000,150.1700,150.1800,150.1700,150.1800,500,0
CPA.US,5,20131206,184500,150.1800,150.2100,150.0200,150.0800,1301,0
CPA.US,5,20131206,185000,150.1500,150.1900,150.0200,150.1900,500,0
CPA.US,5,20131206,185500,150.1900,150.2200,150.1900,150.2200,533,0
CPA.US,5,20131206,190000,150.1900,150.1900,150.0500,150.0500,600,0
CPA.US,5,20131206,190500,150.0400,150.2000,149.8000,149.8800,10609,0
CPA.US,5,20131206,191000,149.9200,150.0000,149.8600,149.8600,6258,0
CPA.US,5,20131206,191500,149.8800,150.0200,149.8800,150.0200,500,0
CPA.US,5,20131206,192000,149.9600,150.1200,149.9600,150.1100,1380,0
CPA.US,5,20131206,192500,150.0100,150.2700,150.0100,150.2000,2400,0
CPA.US,5,20131206,193000,150.0700,150.1100,150.0000,150.0000,1300,0
CPA.US,5,20131206,193500,150.0600,150.3200,150.0200,150.3100,3100,0
CPA.US,5,20131206,194000,150.3400,150.3600,150.3000,150.3500,1100,0
CPA.US,5,20131206,194500,150.4900,150.5000,150.4000,150.4000,2706,0
CPA.US,5,20131206,195000,150.3300,150.4400,150.3100,150.3200,1100,0
CPA.US,5,20131206,195500,150.4400,150.4400,150.1300,150.1600,3200,0
CPA.US,5,20131206,200000,150.1400,150.1400,149.7400,149.7500,3500,0
CPA.US,5,20131206,200500,149.8200,150.1000,149.7600,149.7600,3397,0
CPA.US,5,20131206,201000,149.9000,150.1600,149.8700,149.9800,1100,0
CPA.US,5,20131206,201500,150.0200,150.0200,149.9700,150.0100,400,0
CPA.US,5,20131206,202000,150.0000,150.0200,149.6900,149.7000,6708,0
CPA.US,5,20131206,202500,149.6600,149.7800,149.5000,149.7800,3360,0
CPA.US,5,20131206,203000,149.6700,149.8000,149.6700,149.8000,1100,0
CPA.US,5,20131206,203500,149.8100,149.8900,149.7400,149.7400,1800,0
CPA.US,5,20131206,204500,149.7500,149.8700,149.7500,149.8400,800,0
CPA.US,5,20131206,205000,149.9200,149.9900,149.8800,149.9900,600,0
CPA.US,5,20131206,205500,149.9900,150.0100,149.9000,149.9500,700,0
CPA.US,5,20131206,210000,149.9800,149.9800,149.3600,149.4600,8598,0
CPA.US,5,20131206,210500,149.4500,149.5200,149.4500,149.4500,900,0
CPA.US,5,20131206,211000,149.4500,149.6900,149.4500,149.6500,1142,0
CPA.US,5,20131206,211500,149.6800,149.7500,149.6800,149.7500,200,0
CPA.US,5,20131206,212000,149.7000,149.7800,149.6800,149.6800,500,0
CPA.US,5,20131206,212500,149.7600,149.7900,149.7100,149.7900,1000,0
CPA.US,5,20131206,213000,149.6700,149.6700,149.3900,149.4900,1798,0
CPA.US,5,20131206,213500,149.4300,149.6200,149.3700,149.5500,4150,0
CPA.US,5,20131206,214000,149.5500,149.6500,149.5100,149.5300,10122,0
CPA.US,5,20131206,214500,149.7700,149.8800,149.6900,149.8800,1200,0
CPA.US,5,20131206,215000,149.7800,150.0700,149.7800,149.9600,2396,0
CPA.US,5,20131206,215500,149.9900,150.0400,149.8900,149.9900,4399,0
CPA.US,5,20131206,220000,149.9400,149.9600,149.7700,149.8900,2700,0
CPA.US,5,20131206,220500,149.8700,149.8700,149.8700,149.8700,3355,0
CPA.US,5,20131209,153500,149.6000,150.1200,149.2000,149.5200,16444,0
CPA.US,5,20131209,154000,149.2100,150.1600,149.2100,150.1600,9600,0
CPA.US,5,20131209,154500,150.2000,150.2000,149.7800,149.9000,2300,0
CPA.US,5,20131209,155000,149.9200,150.1500,149.1000,149.3900,18200,0
CPA.US,5,20131209,155500,149.4700,149.6100,148.7600,148.9900,7900,0
CPA.US,5,20131209,160000,149.0300,149.2200,148.3900,148.4900,8300,0
CPA.US,5,20131209,160500,148.7700,148.7700,148.4000,148.6100,5245,0
CPA.US,5,20131209,161000,148.6100,148.6100,147.7200,147.7200,9139,0
CPA.US,5,20131209,161500,147.8100,148.1300,147.7000,148.0900,3200,0
CPA.US,5,20131209,162000,147.9700,148.2900,147.9200,148.2900,1824,0
CPA.US,5,20131209,162500,148.1900,148.4300,148.1200,148.4000,2200,0
CPA.US,5,20131209,163000,148.2700,148.3000,147.8300,147.9000,7400,0
CPA.US,5,20131209,163500,147.9800,147.9800,147.6000,147.6900,4300,0
CPA.US,5,20131209,164000,147.7000,147.8300,147.5000,147.6900,8200,0
CPA.US,5,20131209,164500,147.5200,147.8000,147.3800,147.8000,14223,0
CPA.US,5,20131209,165000,147.8000,147.8000,147.4700,147.6400,4966,0
CPA.US,5,20131209,165500,147.5400,147.7300,147.1400,147.5700,13823,0
CPA.US,5,20131209,170000,147.6100,147.7400,147.4500,147.4500,4269,0
CPA.US,5,20131209,170500,147.5500,147.5500,147.1400,147.3300,13233,0
CPA.US,5,20131209,171000,147.3600,147.4300,147.1900,147.3500,2000,0
CPA.US,5,20131209,171500,147.2100,147.6300,147.2100,147.6300,5992,0
CPA.US,5,20131209,172000,147.5400,147.5400,147.1800,147.4800,6892,0
CPA.US,5,20131209,172500,147.4800,147.4800,147.3600,147.4800,1000,0
CPA.US,5,20131209,173000,147.4200,147.4700,147.1100,147.1100,7800,0
CPA.US,5,20131209,173500,147.0300,147.1500,146.8200,147.0600,9400,0
CPA.US,5,20131209,174000,146.9200,147.1100,146.7000,147.1100,14649,0
CPA.US,5,20131209,174500,147.1000,147.4300,147.0000,147.3400,8462,0
CPA.US,5,20131209,175000,147.4000,147.4000,147.0200,147.1600,10812,0
CPA.US,5,20131209,175500,147.1400,147.6100,147.1400,147.4500,6876,0
CPA.US,5,20131209,180000,147.4600,147.4800,147.1700,147.2600,5200,0
CPA.US,5,20131209,180500,147.3300,147.5100,147.2600,147.4000,9842,0
CPA.US,5,20131209,181000,147.4200,147.4900,147.1800,147.4900,6500,0
CPA.US,5,20131209,181500,147.4200,147.6700,147.4000,147.6700,2200,0
CPA.US,5,20131209,182000,147.7100,147.9000,147.7100,147.9000,4526,0
CPA.US,5,20131209,182500,147.9000,148.0600,147.7000,147.7400,7103,0
CPA.US,5,20131209,183000,147.7100,147.8800,147.4600,147.4600,8900,0
CPA.US,5,20131209,183500,147.4500,147.5000,147.1700,147.2000,8956,0
CPA.US,5,20131209,184000,147.1900,147.2700,146.7500,147.0300,20772,0
CPA.US,5,20131209,184500,147.0300,147.4000,146.9200,147.4000,9600,0
CPA.US,5,20131209,185000,147.2500,147.2500,147.1500,147.2500,4800,0
CPA.US,5,20131209,185500,147.3100,147.3100,147.0000,147.0000,3171,0
CPA.US,5,20131209,190000,146.9300,147.2300,146.9300,147.1500,7582,0
CPA.US,5,20131209,190500,147.0600,147.2100,146.7800,146.8700,11104,0
CPA.US,5,20131209,191000,147.0300,147.1100,146.5100,146.7200,20444,0
CPA.US,5,20131209,191500,146.7300,147.1000,146.7000,146.9200,4200,0
CPA.US,5,20131209,192000,146.9000,146.9800,146.6900,146.8700,7860,0
CPA.US,5,20131209,192500,146.8300,146.9700,146.6900,146.8500,9600,0
CPA.US,5,20131209,193000,146.9800,147.0200,146.7800,146.9200,5400,0
CPA.US,5,20131209,193500,147.0200,147.0900,146.9700,147.0000,4690,0
CPA.US,5,20131209,194000,147.0000,147.0800,146.9500,147.0800,4113,0
CPA.US,5,20131209,194500,146.9900,147.0300,146.8700,146.9400,4400,0
CPA.US,5,20131209,195000,147.0700,147.1800,147.0300,147.0300,2298,0
CPA.US,5,20131209,195500,147.0300,147.0500,146.9400,146.9900,3800,0
CPA.US,5,20131209,200000,146.9600,146.9700,146.7100,146.8000,8588,0
CPA.US,5,20131209,200500,146.7500,146.8200,146.6000,146.7700,6700,0
CPA.US,5,20131209,201000,146.6500,146.6600,146.3800,146.5400,9049,0
CPA.US,5,20131209,201500,146.5600,146.5900,145.7900,146.3700,18575,0
CPA.US,5,20131209,202000,146.3900,146.3900,145.9700,146.0500,9469,0
CPA.US,5,20131209,202500,146.1500,146.4200,146.1400,146.3800,7750,0
CPA.US,5,20131209,203000,146.3900,146.6300,146.2200,146.3400,9360,0
CPA.US,5,20131209,203500,146.3100,146.4800,146.3100,146.4700,1700,0
CPA.US,5,20131209,204000,146.5100,146.5100,146.1700,146.4800,9958,0
CPA.US,5,20131209,204500,146.4400,146.4400,146.3200,146.3500,4200,0
CPA.US,5,20131209,205000,146.3500,146.6400,146.3500,146.5600,5356,0
CPA.US,5,20131209,205500,146.4800,146.5700,146.4100,146.4700,2600,0
CPA.US,5,20131209,210000,146.3900,146.4800,146.1800,146.4200,6600,0
CPA.US,5,20131209,210500,146.4600,146.6600,146.3700,146.6600,12000,0
CPA.US,5,20131209,211000,146.7900,146.9800,146.7900,146.9800,2866,0
CPA.US,5,20131209,211500,147.0500,147.0600,146.8100,146.9500,7900,0
CPA.US,5,20131209,212000,147.0300,147.0300,146.8000,146.9300,6983,0
CPA.US,5,20131209,212500,146.9100,146.9100,146.7900,146.8100,5400,0
CPA.US,5,20131209,213000,146.8100,147.0800,146.8100,147.0500,5200,0
CPA.US,5,20131209,213500,147.0600,147.2500,147.0500,147.2500,5100,0
CPA.US,5,20131209,214000,147.1900,147.1900,146.9700,147.0400,8130,0
CPA.US,5,20131209,214500,146.9300,147.2300,146.9300,147.2300,7700,0
CPA.US,5,20131209,215000,147.2700,147.5200,147.2500,147.5200,7986,0
CPA.US,5,20131209,215500,147.5000,147.5700,147.4500,147.4800,7340,0
CPA.US,5,20131209,220000,147.4400,147.4700,147.2800,147.4000,13655,0
CPA.US,5,20131209,220500,147.4600,147.4600,147.4600,147.4600,3461,0
