<TICKER>,<PER>,<DTYYYYMMDD>,<TIME>,<OPEN>,<HIGH>,<LOW>,<CLOSE>,<VOL>,<OPENINT>
DBD.US,5,20131112,153500,29.8600,30.0700,29.8600,30.0400,13438,0
DBD.US,5,20131112,154000,30.0500,30.0600,29.9800,30.0100,22909,0
DBD.US,5,20131112,154500,30.0300,30.0300,30.0000,30.0000,425,0
DBD.US,5,20131112,155000,30.0100,30.1200,30.0000,30.1100,13011,0
DBD.US,5,20131112,155500,30.1100,30.2500,30.0800,30.2500,42246,0
DBD.US,5,20131112,160000,30.2600,30.3700,30.2400,30.3600,46440,0
DBD.US,5,20131112,160500,30.3600,30.3700,30.2800,30.3300,17135,0
DBD.US,5,20131112,161000,30.3300,30.4700,30.3000,30.4100,33418,0
DBD.US,5,20131112,161500,30.4200,30.4800,30.4200,30.4500,8288,0
DBD.US,5,20131112,162000,30.4500,30.7000,30.4500,30.6400,65830,0
DBD.US,5,20131112,162500,30.6300,30.7300,30.5900,30.7100,27054,0
DBD.US,5,20131112,163000,30.7100,30.7600,30.7000,30.7300,40660,0
DBD.US,5,20131112,163500,30.7200,30.7900,30.7100,30.7800,22479,0
DBD.US,5,20131112,164000,30.7800,30.8000,30.6900,30.6900,59473,0
DBD.US,5,20131112,164500,30.6900,30.7400,30.6500,30.7300,22102,0
DBD.US,5,20131112,165000,30.7300,30.7700,30.7000,30.7300,39485,0
DBD.US,5,20131112,165500,30.7200,30.7500,30.6000,30.6000,43092,0
DBD.US,5,20131112,170000,30.6200,30.7200,30.6100,30.7000,13487,0
DBD.US,5,20131112,170500,30.7000,30.7200,30.6800,30.6900,7820,0
DBD.US,5,20131112,171000,30.7100,30.7700,30.6600,30.6600,14134,0
DBD.US,5,20131112,171500,30.6800,30.7000,30.6500,30.6900,9861,0
DBD.US,5,20131112,172000,30.6900,30.6900,30.5800,30.5900,12205,0
DBD.US,5,20131112,172500,30.6100,30.6100,29.8800,29.8800,336957,0
DBD.US,5,20131112,173000,29.8600,30.4900,29.8600,30.4700,72720,0
DBD.US,5,20131112,173500,30.4700,30.5000,30.4100,30.4400,9273,0
DBD.US,5,20131112,174000,30.4200,30.4500,30.3300,30.4100,8523,0
DBD.US,5,20131112,174500,30.3700,30.3800,30.2900,30.3300,3100,0
DBD.US,5,20131112,175000,30.3300,30.3300,30.1600,30.1900,25326,0
DBD.US,5,20131112,175500,30.1700,30.2400,30.0700,30.2400,32037,0
DBD.US,5,20131112,180000,30.2100,30.2400,30.1800,30.2400,4900,0
DBD.US,5,20131112,180500,30.2400,30.2600,30.1600,30.2000,13935,0
DBD.US,5,20131112,181000,30.1800,30.1800,30.0800,30.1300,10200,0
DBD.US,5,20131112,181500,30.1400,30.2300,30.1400,30.1600,5400,0
DBD.US,5,20131112,182000,30.1800,30.2500,30.1800,30.2100,7583,0
DBD.US,5,20131112,182500,30.2400,30.4000,30.2200,30.4000,31891,0
DBD.US,5,20131112,183000,30.3900,30.3900,30.3500,30.3800,4800,0
DBD.US,5,20131112,183500,30.3800,30.4200,30.3500,30.3600,12604,0
DBD.US,5,20131112,184000,30.3600,30.4100,30.3000,30.3700,92521,0
DBD.US,5,20131112,184500,30.3600,30.3700,30.3000,30.3200,10525,0
DBD.US,5,20131112,185000,30.3300,30.3600,30.3300,30.3600,3655,0
DBD.US,5,20131112,185500,30.3700,30.3800,30.3600,30.3800,1700,0
DBD.US,5,20131112,190000,30.3800,30.3900,30.3800,30.3900,4140,0
DBD.US,5,20131112,190500,30.3700,30.3700,30.3500,30.3600,1500,0
DBD.US,5,20131112,191000,30.3600,30.3700,30.3500,30.3600,900,0
DBD.US,5,20131112,191500,30.3600,30.3900,30.3600,30.3900,4544,0
DBD.US,5,20131112,192000,30.4000,30.4000,30.3100,30.3200,7600,0
DBD.US,5,20131112,192500,30.3400,30.3500,30.3300,30.3500,2600,0
DBD.US,5,20131112,193000,30.3400,30.3500,30.3000,30.3000,11443,0
DBD.US,5,20131112,193500,30.3100,30.3100,30.3000,30.3000,3700,0
DBD.US,5,20131112,194000,30.3100,30.3200,30.3000,30.3000,6600,0
DBD.US,5,20131112,194500,30.3000,30.3100,30.3000,30.3000,17009,0
DBD.US,5,20131112,195000,30.3000,30.3100,30.3000,30.3000,4550,0
DBD.US,5,20131112,195500,30.3100,30.3200,30.2500,30.3200,21577,0
DBD.US,5,20131112,200000,30.3300,30.3500,30.3000,30.3000,6249,0
DBD.US,5,20131112,200500,30.3100,30.3300,30.3000,30.3100,6035,0
DBD.US,5,20131112,201000,30.3100,30.3100,30.3000,30.3100,1700,0
DBD.US,5,20131112,201500,30.3100,30.3100,30.3000,30.3000,2710,0
DBD.US,5,20131112,202000,30.3000,30.3100,30.2700,30.2700,10628,0
DBD.US,5,20131112,202500,30.2800,30.2900,30.2700,30.2800,4594,0
DBD.US,5,20131112,203000,30.2900,30.2900,30.2800,30.2800,2560,0
DBD.US,5,20131112,203500,30.2700,30.2900,30.2700,30.2900,2400,0
DBD.US,5,20131112,204000,30.2900,30.3500,30.2900,30.3200,3570,0
DBD.US,5,20131112,204500,30.3300,30.3400,30.3300,30.3400,1200,0
DBD.US,5,20131112,205000,30.3400,30.3600,30.3300,30.3400,3900,0
DBD.US,5,20131112,205500,30.3500,30.3500,30.3300,30.3300,1984,0
DBD.US,5,20131112,210000,30.3400,30.4400,30.3400,30.4200,4125,0
DBD.US,5,20131112,210500,30.4200,30.4500,30.4200,30.4300,2300,0
DBD.US,5,20131112,211000,30.4400,30.4500,30.4100,30.4300,7714,0
DBD.US,5,20131112,211500,30.4300,30.4300,30.3600,30.3800,8130,0
DBD.US,5,20131112,212000,30.3900,30.4300,30.3600,30.4200,14482,0
DBD.US,5,20131112,212500,30.4100,30.4400,30.4100,30.4200,5471,0
DBD.US,5,20131112,213000,30.4100,30.4100,30.3000,30.3100,24619,0
DBD.US,5,20131112,213500,30.3100,30.3400,30.3000,30.3200,6254,0
DBD.US,5,20131112,214000,30.3100,30.3100,30.3000,30.3100,29775,0
DBD.US,5,20131112,214500,30.3100,30.3800,30.3000,30.3700,17504,0
DBD.US,5,20131112,215000,30.3800,30.3800,30.3600,30.3600,23318,0
DBD.US,5,20131112,215500,30.3600,30.4700,30.3600,30.4600,127199,0
DBD.US,5,20131112,220000,30.4600,30.5100,30.4300,30.4700,142671,0
DBD.US,5,20131112,220500,30.4700,30.4700,30.4700,30.4700,25728,0
DBD.US,5,20131113,153500,30.0000,30.1200,30.0000,30.1100,27326,0
DBD.US,5,20131113,154000,30.1000,30.1200,30.0600,30.1100,65078,0
DBD.US,5,20131113,154500,30.1200,30.2500,30.1200,30.2400,20100,0
DBD.US,5,20131113,155000,30.2100,30.2800,30.1800,30.2600,12485,0
DBD.US,5,20131113,155500,30.2500,30.3100,30.2000,30.2000,25926,0
DBD.US,5,20131113,160000,30.1900,30.2700,30.1800,30.2600,5664,0
DBD.US,5,20131113,160500,30.2500,30.2900,30.2500,30.2700,2500,0
DBD.US,5,20131113,161000,30.2600,30.2900,30.2000,30.2700,17170,0
DBD.US,5,20131113,161500,30.2800,30.3000,30.2500,30.3000,2800,0
DBD.US,5,20131113,162000,30.3200,30.3500,30.2700,30.3500,38800,0
DBD.US,5,20131113,162500,30.3400,30.3600,30.3200,30.3300,5700,0
DBD.US,5,20131113,163000,30.3200,30.3500,30.3000,30.3100,15685,0
DBD.US,5,20131113,163500,30.3100,30.3100,30.2400,30.2500,30960,0
DBD.US,5,20131113,164000,30.2500,30.2600,30.2400,30.2500,6500,0
DBD.US,5,20131113,164500,30.2600,30.2800,30.2500,30.2600,4200,0
DBD.US,5,20131113,165000,30.2500,30.2800,30.2400,30.2500,4000,0
DBD.US,5,20131113,165500,30.2400,30.2800,30.2400,30.2500,5956,0
DBD.US,5,20131113,170000,30.2700,30.3000,30.2500,30.2900,5400,0
DBD.US,5,20131113,170500,30.2900,30.3100,30.2800,30.2800,28000,0
DBD.US,5,20131113,171000,30.3000,30.3400,30.2800,30.3200,8570,0
DBD.US,5,20131113,171500,30.3300,30.3400,30.3000,30.3400,13487,0
DBD.US,5,20131113,172000,30.3200,30.3400,30.3200,30.3200,2200,0
DBD.US,5,20131113,172500,30.3100,30.3500,30.3100,30.3200,2900,0
DBD.US,5,20131113,173000,30.3100,30.3100,30.2900,30.3000,1900,0
DBD.US,5,20131113,173500,30.3000,30.3500,30.3000,30.3500,5218,0
DBD.US,5,20131113,174000,30.3200,30.3200,30.3100,30.3200,1300,0
DBD.US,5,20131113,174500,30.3100,30.3200,30.3000,30.3100,8699,0
DBD.US,5,20131113,175000,30.3100,30.3200,30.3100,30.3200,2698,0
DBD.US,5,20131113,175500,30.3200,30.3200,30.3200,30.3200,900,0
DBD.US,5,20131113,180000,30.3100,30.3400,30.3100,30.3300,11257,0
DBD.US,5,20131113,180500,30.3300,30.3300,30.2900,30.3000,6314,0
DBD.US,5,20131113,181000,30.2900,30.3000,30.2800,30.3000,2400,0
DBD.US,5,20131113,181500,30.3100,30.3100,30.3000,30.3100,1705,0
DBD.US,5,20131113,182000,30.3300,30.4000,30.3300,30.3800,17700,0
DBD.US,5,20131113,182500,30.3700,30.3900,30.3400,30.3500,7700,0
DBD.US,5,20131113,183000,30.3300,30.3800,30.3200,30.3700,6339,0
DBD.US,5,20131113,183500,30.3400,30.3600,30.3300,30.3600,1999,0
DBD.US,5,20131113,184000,30.3400,30.3400,30.3200,30.3300,4405,0
DBD.US,5,20131113,184500,30.3300,30.3800,30.3200,30.3600,14644,0
DBD.US,5,20131113,185000,30.3300,30.3600,30.3100,30.3300,21164,0
DBD.US,5,20131113,185500,30.3300,30.3700,30.3100,30.3700,12350,0
DBD.US,5,20131113,190000,30.3700,30.3700,30.3600,30.3600,1000,0
DBD.US,5,20131113,190500,30.3800,30.3900,30.3800,30.3900,2800,0
DBD.US,5,20131113,191000,30.4000,30.4200,30.3800,30.3900,2000,0
DBD.US,5,20131113,191500,30.3900,30.4000,30.3800,30.4000,3600,0
DBD.US,5,20131113,192000,30.4000,30.4300,30.3900,30.4300,16007,0
DBD.US,5,20131113,192500,30.4100,30.4100,30.4000,30.4000,1100,0
DBD.US,5,20131113,193000,30.4100,30.4300,30.4000,30.4200,4554,0
DBD.US,5,20131113,193500,30.4400,30.4500,30.3900,30.4100,16253,0
DBD.US,5,20131113,194000,30.4100,30.4100,30.3800,30.3900,7337,0
DBD.US,5,20131113,194500,30.3900,30.3900,30.3600,30.3900,8539,0
DBD.US,5,20131113,195000,30.3900,30.4300,30.3700,30.4200,11084,0
DBD.US,5,20131113,195500,30.4200,30.4200,30.3800,30.4200,14100,0
DBD.US,5,20131113,200000,30.4100,30.4300,30.3900,30.4300,11600,0
DBD.US,5,20131113,200500,30.4000,30.4000,30.3900,30.3900,1550,0
DBD.US,5,20131113,201000,30.3800,30.4300,30.3800,30.4300,2319,0
DBD.US,5,20131113,201500,30.4300,30.4300,30.4100,30.4100,1529,0
DBD.US,5,20131113,202000,30.4200,30.4300,30.4000,30.4300,2900,0
DBD.US,5,20131113,202500,30.4300,30.4300,30.3900,30.4100,3450,0
DBD.US,5,20131113,203000,30.4200,30.4900,30.4200,30.4800,12650,0
DBD.US,5,20131113,203500,30.4800,30.5000,30.4400,30.4500,5474,0
DBD.US,5,20131113,204000,30.4400,30.4800,30.4300,30.4700,26789,0
DBD.US,5,20131113,204500,30.4500,30.4700,30.4300,30.4700,7653,0
DBD.US,5,20131113,205000,30.4900,30.5000,30.4400,30.4500,12806,0
DBD.US,5,20131113,205500,30.4500,30.4500,30.4100,30.4200,7570,0
DBD.US,5,20131113,210000,30.4100,30.4100,30.3900,30.3900,3100,0
DBD.US,5,20131113,210500,30.3900,30.3900,30.3700,30.3800,6400,0
DBD.US,5,20131113,211000,30.3700,30.4000,30.3700,30.3800,6055,0
DBD.US,5,20131113,211500,30.3900,30.4200,30.3900,30.4000,12257,0
DBD.US,5,20131113,212000,30.3900,30.4000,30.3700,30.4000,12624,0
DBD.US,5,20131113,212500,30.3800,30.4100,30.3700,30.4100,12511,0
DBD.US,5,20131113,213000,30.4100,30.4100,30.3700,30.3900,10924,0
DBD.US,5,20131113,213500,30.3800,30.3900,30.3700,30.3700,12004,0
DBD.US,5,20131113,214000,30.3700,30.4200,30.3600,30.4100,25591,0
DBD.US,5,20131113,214500,30.4100,30.4100,30.3600,30.3600,9966,0
DBD.US,5,20131113,215000,30.3600,30.4100,30.3600,30.4000,30611,0
DBD.US,5,20131113,215500,30.4100,30.4200,30.4100,30.4200,17238,0
DBD.US,5,20131113,220000,30.4100,30.4800,30.4100,30.4800,40557,0
DBD.US,5,20131113,220500,30.4700,30.4700,30.4700,30.4700,39149,0
DBD.US,5,20131114,153500,30.5000,30.5300,30.4200,30.4600,12946,0
DBD.US,5,20131114,154000,30.4800,30.5300,30.4800,30.5000,9040,0
DBD.US,5,20131114,154500,30.5100,30.5200,30.4000,30.4400,54883,0
DBD.US,5,20131114,155000,30.4300,30.4900,30.4300,30.4500,15382,0
DBD.US,5,20131114,155500,30.4500,30.4900,30.4300,30.4900,13161,0
DBD.US,5,20131114,160000,30.4600,30.4600,30.4100,30.4200,13074,0
DBD.US,5,20131114,160500,30.4000,30.4200,30.3900,30.4100,9700,0
DBD.US,5,20131114,161000,30.4100,30.4200,30.4000,30.4200,13855,0
DBD.US,5,20131114,161500,30.4200,30.5000,30.4100,30.4600,30469,0
DBD.US,5,20131114,162000,30.4700,30.4900,30.4500,30.4900,1900,0
DBD.US,5,20131114,162500,30.4900,30.4900,30.4300,30.4500,12359,0
DBD.US,5,20131114,163000,30.4500,30.4600,30.4300,30.4400,12312,0
DBD.US,5,20131114,163500,30.4300,30.4600,30.4200,30.4600,7000,0
DBD.US,5,20131114,164000,30.4300,30.4400,30.4300,30.4300,1896,0
DBD.US,5,20131114,164500,30.4400,30.4500,30.4100,30.4500,10191,0
DBD.US,5,20131114,165000,30.4300,30.4700,30.4100,30.4500,22542,0
DBD.US,5,20131114,165500,30.4500,30.5000,30.4400,30.5000,15994,0
DBD.US,5,20131114,170000,30.5000,30.5000,30.4400,30.4600,7755,0
DBD.US,5,20131114,170500,30.4700,30.4700,30.4300,30.4300,3700,0
DBD.US,5,20131114,171000,30.4300,30.4400,30.3900,30.3900,32383,0
DBD.US,5,20131114,171500,30.3900,30.4000,30.3200,30.3400,33401,0
DBD.US,5,20131114,172000,30.3500,30.4600,30.3400,30.3700,90821,0
DBD.US,5,20131114,172500,30.3700,30.3700,30.3000,30.3300,48894,0
DBD.US,5,20131114,173000,30.3400,30.3700,30.3300,30.3400,5800,0
DBD.US,5,20131114,173500,30.3300,30.3600,30.3200,30.3500,3925,0
DBD.US,5,20131114,174000,30.3500,30.3700,30.3500,30.3700,7615,0
DBD.US,5,20131114,174500,30.3700,30.3700,30.3600,30.3600,2746,0
DBD.US,5,20131114,175000,30.3700,30.4400,30.3700,30.4400,6200,0
DBD.US,5,20131114,175500,30.4400,30.4400,30.4100,30.4100,4638,0
DBD.US,5,20131114,180000,30.4100,30.4200,30.4000,30.4100,5171,0
DBD.US,5,20131114,180500,30.4100,30.4100,30.4000,30.4000,2701,0
DBD.US,5,20131114,181000,30.4100,30.4100,30.3800,30.3900,6616,0
DBD.US,5,20131114,181500,30.3800,30.3800,30.3600,30.3600,1306,0
DBD.US,5,20131114,182000,30.3600,30.3700,30.3600,30.3700,4700,0
DBD.US,5,20131114,182500,30.3700,30.3800,30.3600,30.3700,1100,0
DBD.US,5,20131114,183000,30.3800,30.3800,30.3600,30.3600,5802,0
DBD.US,5,20131114,183500,30.3600,30.3700,30.3300,30.3300,4720,0
DBD.US,5,20131114,184000,30.3300,30.3300,30.2700,30.2700,3700,0
DBD.US,5,20131114,184500,30.2700,30.2800,30.2500,30.2500,6215,0
DBD.US,5,20131114,185000,30.2600,30.2700,30.2600,30.2600,1600,0
DBD.US,5,20131114,185500,30.2600,30.2600,30.2500,30.2600,1000,0
DBD.US,5,20131114,190000,30.2500,30.2500,30.2200,30.2200,3200,0
DBD.US,5,20131114,190500,30.2100,30.2700,30.2000,30.2500,6300,0
DBD.US,5,20131114,191000,30.2600,30.2600,30.2500,30.2500,2700,0
DBD.US,5,20131114,191500,30.2400,30.2400,30.2200,30.2200,1830,0
DBD.US,5,20131114,192000,30.2100,30.2200,30.2000,30.2200,1500,0
DBD.US,5,20131114,192500,30.2100,30.2400,30.2100,30.2200,4097,0
DBD.US,5,20131114,193000,30.2300,30.2300,30.2200,30.2200,800,0
DBD.US,5,20131114,193500,30.2200,30.2300,30.2000,30.2100,3500,0
DBD.US,5,20131114,194000,30.2100,30.2400,30.2000,30.2400,5450,0
DBD.US,5,20131114,194500,30.2500,30.2600,30.2200,30.2500,8300,0
DBD.US,5,20131114,195000,30.2500,30.2700,30.2500,30.2500,1400,0
DBD.US,5,20131114,195500,30.2500,30.2500,30.2500,30.2500,1300,0
DBD.US,5,20131114,200000,30.2500,30.2600,30.2500,30.2600,2000,0
DBD.US,5,20131114,200500,30.2600,30.2600,30.2500,30.2600,3510,0
DBD.US,5,20131114,201000,30.2600,30.2600,30.2400,30.2600,3084,0
DBD.US,5,20131114,201500,30.2500,30.2600,30.2400,30.2400,1565,0
DBD.US,5,20131114,202000,30.2500,30.2600,30.2500,30.2500,1900,0
DBD.US,5,20131114,202500,30.2600,30.2900,30.2600,30.2900,4488,0
DBD.US,5,20131114,203000,30.2900,30.3100,30.2900,30.2900,2000,0
DBD.US,5,20131114,203500,30.2900,30.3000,30.2800,30.3000,4885,0
DBD.US,5,20131114,204000,30.2900,30.3500,30.2900,30.3500,9454,0
DBD.US,5,20131114,204500,30.3400,30.3500,30.3400,30.3400,5252,0
DBD.US,5,20131114,205000,30.3400,30.3500,30.3400,30.3500,2170,0
DBD.US,5,20131114,205500,30.3500,30.3500,30.3400,30.3500,8359,0
DBD.US,5,20131114,210000,30.3500,30.3500,30.3400,30.3400,4300,0
DBD.US,5,20131114,210500,30.3500,30.3500,30.3400,30.3500,2500,0
DBD.US,5,20131114,211000,30.3400,30.3600,30.3400,30.3600,4675,0
DBD.US,5,20131114,211500,30.3700,30.4300,30.3600,30.4200,13901,0
DBD.US,5,20131114,212000,30.4200,30.5000,30.4200,30.5000,57750,0
DBD.US,5,20131114,212500,30.5100,30.5500,30.5000,30.5400,10500,0
DBD.US,5,20131114,213000,30.5400,30.5400,30.5100,30.5100,35625,0
DBD.US,5,20131114,213500,30.5100,30.5100,30.5000,30.5000,14300,0
DBD.US,5,20131114,214000,30.5000,30.5100,30.5000,30.5000,13355,0
DBD.US,5,20131114,214500,30.5000,30.5300,30.5000,30.5200,12689,0
DBD.US,5,20131114,215000,30.5200,30.5200,30.5000,30.5000,26463,0
DBD.US,5,20131114,215500,30.5100,30.5100,30.4800,30.4800,55075,0
DBD.US,5,20131114,220000,30.4800,30.5100,30.4700,30.5000,25072,0
DBD.US,5,20131114,220500,30.4900,30.4900,30.4900,30.4900,38346,0
DBD.US,5,20131115,153500,30.4500,30.6200,30.4500,30.6000,2800,0
DBD.US,5,20131115,154000,30.5800,30.5800,30.5100,30.5500,4397,0
DBD.US,5,20131115,154500,30.5600,30.5900,30.5300,30.5700,17399,0
DBD.US,5,20131115,155000,30.5600,30.6300,30.5300,30.6100,8004,0
DBD.US,5,20131115,155500,30.5900,30.7400,30.5900,30.7400,22685,0
DBD.US,5,20131115,160000,30.7400,30.7600,30.6900,30.7000,17962,0
DBD.US,5,20131115,160500,30.6900,30.7300,30.6600,30.6800,26967,0
DBD.US,5,20131115,161000,30.6900,30.7300,30.6600,30.6800,6957,0
DBD.US,5,20131115,161500,30.6600,30.7100,30.6600,30.6900,2995,0
DBD.US,5,20131115,162000,30.6700,30.6700,30.6500,30.6700,6666,0
DBD.US,5,20131115,162500,30.6700,30.6700,30.5900,30.5900,3400,0
DBD.US,5,20131115,163000,30.6000,30.6300,30.5900,30.6200,5208,0
DBD.US,5,20131115,163500,30.6200,30.6300,30.5500,30.5500,7410,0
DBD.US,5,20131115,164000,30.5700,30.5900,30.5700,30.5900,1700,0
DBD.US,5,20131115,164500,30.5800,30.5900,30.5700,30.5900,3449,0
DBD.US,5,20131115,165000,30.5900,30.6400,30.5800,30.6400,2900,0
DBD.US,5,20131115,165500,30.6400,30.6500,30.6300,30.6500,1500,0
DBD.US,5,20131115,170000,30.6400,30.6400,30.6000,30.6000,4664,0
DBD.US,5,20131115,170500,30.6200,30.6300,30.6100,30.6100,3550,0
DBD.US,5,20131115,171000,30.6100,30.6800,30.6000,30.6600,7090,0
DBD.US,5,20131115,171500,30.6700,30.7300,30.6700,30.7200,4500,0
DBD.US,5,20131115,172000,30.7100,30.7500,30.7100,30.7300,8385,0
DBD.US,5,20131115,172500,30.7200,30.7500,30.7100,30.7500,5728,0
DBD.US,5,20131115,173000,30.7500,30.7500,30.7100,30.7200,19087,0
DBD.US,5,20131115,173500,30.7000,30.7200,30.6700,30.6700,4100,0
DBD.US,5,20131115,174000,30.6700,30.6900,30.6400,30.6400,3550,0
DBD.US,5,20131115,174500,30.6400,30.6700,30.6400,30.6700,3959,0
DBD.US,5,20131115,175000,30.6600,30.6600,30.6600,30.6600,1000,0
DBD.US,5,20131115,175500,30.6300,30.6300,30.5900,30.5900,1708,0
DBD.US,5,20131115,180000,30.6000,30.6200,30.6000,30.6000,2000,0
DBD.US,5,20131115,180500,30.6100,30.6100,30.5900,30.6100,1316,0
DBD.US,5,20131115,181000,30.5900,30.6200,30.5800,30.6200,2500,0
DBD.US,5,20131115,181500,30.6200,30.6200,30.6100,30.6100,1300,0
DBD.US,5,20131115,182000,30.6000,30.6100,30.5900,30.6100,3415,0
DBD.US,5,20131115,182500,30.6100,30.6100,30.5900,30.6000,1600,0
DBD.US,5,20131115,183000,30.6000,30.6000,30.6000,30.6000,500,0
DBD.US,5,20131115,183500,30.6000,30.6000,30.5900,30.5900,500,0
DBD.US,5,20131115,184000,30.6000,30.6000,30.5600,30.5600,2500,0
DBD.US,5,20131115,184500,30.5800,30.5800,30.5600,30.5800,1900,0
DBD.US,5,20131115,185000,30.5700,30.5800,30.5500,30.5500,4905,0
DBD.US,5,20131115,185500,30.5600,30.5800,30.5500,30.5700,4001,0
DBD.US,5,20131115,190000,30.5700,30.5800,30.5600,30.5800,1742,0
DBD.US,5,20131115,190500,30.5600,30.5900,30.5500,30.5900,2136,0
DBD.US,5,20131115,191000,30.5800,30.5900,30.5600,30.5900,3038,0
DBD.US,5,20131115,191500,30.5800,30.5800,30.5700,30.5700,1700,0
DBD.US,5,20131115,192000,30.5700,30.5700,30.5500,30.5700,1300,0
DBD.US,5,20131115,192500,30.5700,30.5900,30.5700,30.5700,3259,0
DBD.US,5,20131115,193000,30.5700,30.5700,30.5700,30.5700,807,0
DBD.US,5,20131115,193500,30.5700,30.5800,30.5500,30.5500,2722,0
DBD.US,5,20131115,194000,30.5400,30.5600,30.5400,30.5600,3500,0
DBD.US,5,20131115,194500,30.5700,30.5700,30.5600,30.5600,800,0
DBD.US,5,20131115,195000,30.5700,30.5700,30.5500,30.5500,1587,0
DBD.US,5,20131115,195500,30.5600,30.5600,30.5100,30.5100,2803,0
DBD.US,5,20131115,200000,30.5100,30.5200,30.4700,30.4900,7001,0
DBD.US,5,20131115,200500,30.4900,30.5000,30.4800,30.5000,3995,0
DBD.US,5,20131115,201000,30.5100,30.5100,30.4900,30.5100,2512,0
DBD.US,5,20131115,201500,30.5000,30.5000,30.4700,30.4700,2200,0
DBD.US,5,20131115,202000,30.4600,30.4700,30.4500,30.4700,6449,0
DBD.US,5,20131115,202500,30.4700,30.5000,30.4700,30.4800,4600,0
DBD.US,5,20131115,203000,30.4800,30.5000,30.4800,30.5000,3741,0
DBD.US,5,20131115,203500,30.5000,30.5200,30.5000,30.5200,1805,0
DBD.US,5,20131115,204000,30.5100,30.5300,30.5100,30.5200,2150,0
DBD.US,5,20131115,204500,30.5300,30.5400,30.5300,30.5300,3107,0
DBD.US,5,20131115,205000,30.5200,30.5300,30.5200,30.5300,2199,0
DBD.US,5,20131115,205500,30.5400,30.5400,30.5200,30.5300,3700,0
DBD.US,5,20131115,210000,30.5200,30.5400,30.5200,30.5300,1400,0
DBD.US,5,20131115,210500,30.5400,30.5700,30.5300,30.5700,5854,0
DBD.US,5,20131115,211000,30.5700,30.6200,30.5700,30.6100,8203,0
DBD.US,5,20131115,211500,30.6100,30.6300,30.6100,30.6200,4516,0
DBD.US,5,20131115,212000,30.6300,30.6300,30.6100,30.6200,7539,0
DBD.US,5,20131115,212500,30.6300,30.6300,30.6000,30.6100,7900,0
DBD.US,5,20131115,213000,30.6100,30.6200,30.6000,30.6100,10500,0
DBD.US,5,20131115,213500,30.6000,30.6100,30.5900,30.6000,5200,0
DBD.US,5,20131115,214000,30.6000,30.6100,30.5700,30.5700,9336,0
DBD.US,5,20131115,214500,30.5700,30.5800,30.5600,30.5800,6770,0
DBD.US,5,20131115,215000,30.5700,30.5800,30.5600,30.5600,10926,0
DBD.US,5,20131115,215500,30.5700,30.5800,30.5600,30.5700,9409,0
DBD.US,5,20131115,220000,30.5700,30.5900,30.5600,30.5900,30599,0
DBD.US,5,20131115,220500,30.5800,30.5800,30.5800,30.5800,26568,0
DBD.US,5,20131118,153500,31.2600,31.4300,31.1700,31.4000,56317,0
DBD.US,5,20131118,154000,31.4100,31.6600,31.4100,31.5800,34740,0
DBD.US,5,20131118,154500,31.5800,31.6300,31.5500,31.6000,50007,0
DBD.US,5,20131118,155000,31.5900,31.6100,31.5600,31.5800,41658,0
DBD.US,5,20131118,155500,31.5900,31.7100,31.5800,31.6600,41158,0
DBD.US,5,20131118,160000,31.6800,31.7000,31.6300,31.6500,30235,0
DBD.US,5,20131118,160500,31.6500,31.6700,31.6000,31.6500,40232,0
DBD.US,5,20131118,161000,31.6500,31.7500,31.6400,31.7300,41346,0
DBD.US,5,20131118,161500,31.7400,31.7500,31.7000,31.7300,40433,0
DBD.US,5,20131118,162000,31.7300,31.9100,31.7200,31.9100,53181,0
DBD.US,5,20131118,162500,31.9100,31.9900,31.8500,31.8700,81054,0
DBD.US,5,20131118,163000,31.8700,31.8800,31.8300,31.8600,22868,0
DBD.US,5,20131118,163500,31.8600,31.9000,31.8300,31.9000,15770,0
DBD.US,5,20131118,164000,31.8900,31.9600,31.8600,31.9400,31885,0
DBD.US,5,20131118,164500,31.9300,31.9400,31.8800,31.8800,5917,0
DBD.US,5,20131118,165000,31.8700,31.8800,31.8300,31.8400,7023,0
DBD.US,5,20131118,165500,31.8200,31.8200,31.7600,31.7700,12061,0
DBD.US,5,20131118,170000,31.7700,31.8100,31.7700,31.7900,13005,0
DBD.US,5,20131118,170500,31.8000,31.8200,31.7500,31.7500,27351,0
DBD.US,5,20131118,171000,31.7500,31.7600,31.7200,31.7600,10195,0
DBD.US,5,20131118,171500,31.7500,31.8100,31.7100,31.8100,63371,0
DBD.US,5,20131118,172000,31.8200,31.9600,31.8200,31.9500,18196,0
DBD.US,5,20131118,172500,31.9600,32.1100,31.9600,32.0700,35584,0
DBD.US,5,20131118,173000,32.0600,32.0600,31.9900,31.9900,12402,0
DBD.US,5,20131118,173500,32.0000,32.0500,31.9900,32.0500,18030,0
DBD.US,5,20131118,174000,32.0500,32.0600,32.0000,32.0100,22256,0
DBD.US,5,20131118,174500,32.0200,32.0400,31.9900,32.0300,22814,0
DBD.US,5,20131118,175000,32.0300,32.2000,32.0300,32.2000,15615,0
DBD.US,5,20131118,175500,32.2000,32.2700,32.2000,32.2000,48261,0
DBD.US,5,20131118,180000,32.1900,32.2600,32.1800,32.2300,18834,0
DBD.US,5,20131118,180500,32.2300,32.3800,32.2300,32.3700,31580,0
DBD.US,5,20131118,181000,32.3800,32.3800,32.3400,32.3400,19231,0
DBD.US,5,20131118,181500,32.3400,32.4200,32.3100,32.3500,31121,0
DBD.US,5,20131118,182000,32.3500,32.3800,32.3200,32.3600,24604,0
DBD.US,5,20131118,182500,32.3600,32.4000,32.3500,32.3600,11306,0
DBD.US,5,20131118,183000,32.3600,32.4900,32.3500,32.4500,31081,0
DBD.US,5,20131118,183500,32.4500,32.4900,32.4300,32.4900,21023,0
DBD.US,5,20131118,184000,32.4800,32.4900,32.3700,32.3900,17976,0
DBD.US,5,20131118,184500,32.3800,32.3800,32.3000,32.3200,22857,0
DBD.US,5,20131118,185000,32.3200,32.4100,32.3000,32.4100,18400,0
DBD.US,5,20131118,185500,32.4100,32.4200,32.3100,32.3700,21348,0
DBD.US,5,20131118,190000,32.3700,32.3700,32.3100,32.3100,10387,0
DBD.US,5,20131118,190500,32.3100,32.3700,32.3000,32.3200,15989,0
DBD.US,5,20131118,191000,32.3300,32.3800,32.3200,32.3500,15274,0
DBD.US,5,20131118,191500,32.3600,32.3600,32.3500,32.3600,4738,0
DBD.US,5,20131118,192000,32.3400,32.3500,32.3100,32.3200,11485,0
DBD.US,5,20131118,192500,32.3200,32.3700,32.3100,32.3200,23436,0
DBD.US,5,20131118,193000,32.3300,32.3400,32.3000,32.3400,15698,0
DBD.US,5,20131118,193500,32.3300,32.3400,32.3100,32.3300,11254,0
DBD.US,5,20131118,194000,32.3300,32.3600,32.3300,32.3300,11686,0
DBD.US,5,20131118,194500,32.3200,32.3500,32.3200,32.3300,10974,0
DBD.US,5,20131118,195000,32.3400,32.4700,32.3400,32.4600,24025,0
DBD.US,5,20131118,195500,32.4500,32.4500,32.3600,32.4000,80764,0
DBD.US,5,20131118,200000,32.3900,32.4000,32.3400,32.3700,110201,0
DBD.US,5,20131118,200500,32.3700,32.4100,32.3600,32.4000,23391,0
DBD.US,5,20131118,201000,32.4000,32.4100,32.3900,32.3900,13948,0
DBD.US,5,20131118,201500,32.4000,32.4100,32.3400,32.4000,81721,0
DBD.US,5,20131118,202000,32.4000,32.4400,32.4000,32.4100,26992,0
DBD.US,5,20131118,202500,32.4000,32.4500,32.4000,32.4200,38088,0
DBD.US,5,20131118,203000,32.4200,32.4400,32.4000,32.4100,25400,0
DBD.US,5,20131118,203500,32.4100,32.4200,32.3000,32.3400,38718,0
DBD.US,5,20131118,204000,32.3300,32.3300,32.1800,32.1900,38389,0
DBD.US,5,20131118,204500,32.2000,32.2200,32.0900,32.2000,47076,0
DBD.US,5,20131118,205000,32.2100,32.2200,32.1600,32.1600,11390,0
DBD.US,5,20131118,205500,32.1600,32.1700,32.0700,32.0700,29146,0
DBD.US,5,20131118,210000,32.0800,32.0800,32.0500,32.0600,7707,0
DBD.US,5,20131118,210500,32.0600,32.0800,32.0500,32.0700,28127,0
DBD.US,5,20131118,211000,32.0600,32.1100,32.0300,32.0400,62278,0
DBD.US,5,20131118,211500,32.0400,32.0400,31.9400,31.9500,24581,0
DBD.US,5,20131118,212000,31.9400,31.9700,31.8500,31.9700,69271,0
DBD.US,5,20131118,212500,31.9700,32.0500,31.9700,32.0300,66860,0
DBD.US,5,20131118,213000,32.0300,32.0500,31.9800,32.0400,36783,0
DBD.US,5,20131118,213500,32.0400,32.0400,31.9900,32.0200,30908,0
DBD.US,5,20131118,214000,32.0200,32.0400,32.0000,32.0400,24600,0
DBD.US,5,20131118,214500,32.0400,32.0400,32.0000,32.0300,31258,0
DBD.US,5,20131118,215000,32.0200,32.0200,32.0000,32.0000,29200,0
DBD.US,5,20131118,215500,32.0100,32.0500,32.0000,32.0500,80114,0
DBD.US,5,20131118,220000,32.0500,32.1400,32.0400,32.1400,133902,0
DBD.US,5,20131118,220500,32.1400,32.1400,32.1400,32.1400,57810,0
DBD.US,5,20131119,153500,32.0400,32.4300,31.9200,32.4100,28207,0
DBD.US,5,20131119,154000,32.4000,32.5300,32.3600,32.3800,17664,0
DBD.US,5,20131119,154500,32.2800,32.3200,32.2400,32.3000,18600,0
DBD.US,5,20131119,155000,32.3000,32.4800,32.2500,32.4500,30999,0
DBD.US,5,20131119,155500,32.4400,32.5000,32.3700,32.5000,37148,0
DBD.US,5,20131119,160000,32.4800,32.5200,32.4200,32.5200,46971,0
DBD.US,5,20131119,160500,32.5100,32.5800,32.5000,32.5200,26448,0
DBD.US,5,20131119,161000,32.5000,32.5600,32.5000,32.5300,18949,0
DBD.US,5,20131119,161500,32.5300,32.5800,32.5200,32.5800,10121,0
DBD.US,5,20131119,162000,32.5700,32.5700,32.5300,32.5300,5600,0
DBD.US,5,20131119,162500,32.5400,32.6100,32.5300,32.5900,16790,0
DBD.US,5,20131119,163000,32.5900,32.6400,32.5800,32.6400,22974,0
DBD.US,5,20131119,163500,32.6300,32.7300,32.6200,32.7200,19350,0
DBD.US,5,20131119,164000,32.7300,32.8000,32.7200,32.7500,13997,0
DBD.US,5,20131119,164500,32.7600,32.7600,32.6200,32.7500,15400,0
DBD.US,5,20131119,165000,32.7200,32.7900,32.7000,32.7700,60306,0
DBD.US,5,20131119,165500,32.7600,32.7600,32.7300,32.7500,35117,0
DBD.US,5,20131119,170000,32.7500,32.8800,32.7500,32.8800,22698,0
DBD.US,5,20131119,170500,32.8600,32.8800,32.8200,32.8200,18216,0
DBD.US,5,20131119,171000,32.8100,32.8100,32.7700,32.7800,12419,0
DBD.US,5,20131119,171500,32.7800,32.7800,32.7000,32.7000,20533,0
DBD.US,5,20131119,172000,32.7000,32.7200,32.6700,32.7200,7402,0
DBD.US,5,20131119,172500,32.7100,32.7300,32.6900,32.7000,18530,0
DBD.US,5,20131119,173000,32.7000,32.7200,32.6900,32.7200,12239,0
DBD.US,5,20131119,173500,32.7200,32.7300,32.7000,32.7100,4600,0
DBD.US,5,20131119,174000,32.7000,32.7100,32.6800,32.7100,9209,0
DBD.US,5,20131119,174500,32.7100,32.7700,32.6900,32.7000,16900,0
DBD.US,5,20131119,175000,32.7000,32.7300,32.6900,32.7300,10809,0
DBD.US,5,20131119,175500,32.7200,32.7300,32.6900,32.7300,9122,0
DBD.US,5,20131119,180000,32.7300,32.7300,32.6900,32.7100,7069,0
DBD.US,5,20131119,180500,32.7000,32.7300,32.6800,32.7300,9700,0
DBD.US,5,20131119,181000,32.7300,32.7600,32.7200,32.7200,9867,0
DBD.US,5,20131119,181500,32.7200,32.7400,32.7100,32.7400,5000,0
DBD.US,5,20131119,182000,32.7300,32.7400,32.6800,32.6800,10100,0
DBD.US,5,20131119,182500,32.6900,32.7000,32.6700,32.7000,9200,0
DBD.US,5,20131119,183000,32.7100,32.7100,32.6900,32.7000,3000,0
DBD.US,5,20131119,183500,32.7000,32.7500,32.6900,32.7500,12647,0
DBD.US,5,20131119,184000,32.7400,32.7400,32.7100,32.7200,4600,0
DBD.US,5,20131119,184500,32.7200,32.7200,32.6900,32.7200,11719,0
DBD.US,5,20131119,185000,32.7300,32.7500,32.7300,32.7400,4500,0
DBD.US,5,20131119,185500,32.7500,32.7500,32.7300,32.7300,2513,0
DBD.US,5,20131119,190000,32.7200,32.7400,32.7000,32.7400,13476,0
DBD.US,5,20131119,190500,32.7400,32.7800,32.7300,32.7800,9290,0
DBD.US,5,20131119,191000,32.7800,32.8100,32.7600,32.8100,10550,0
DBD.US,5,20131119,191500,32.8000,32.8100,32.7600,32.7700,7970,0
DBD.US,5,20131119,192000,32.7600,32.7900,32.7500,32.7800,11224,0
DBD.US,5,20131119,192500,32.7800,32.7800,32.7300,32.7400,16600,0
DBD.US,5,20131119,193000,32.7300,32.7700,32.7100,32.7500,16450,0
DBD.US,5,20131119,193500,32.7400,32.7700,32.7100,32.7300,14507,0
DBD.US,5,20131119,194000,32.7200,32.7500,32.7000,32.7200,10201,0
DBD.US,5,20131119,194500,32.7100,32.7600,32.7000,32.7600,10281,0
DBD.US,5,20131119,195000,32.7600,32.8000,32.7400,32.7700,17124,0
DBD.US,5,20131119,195500,32.7600,32.7700,32.7500,32.7500,11107,0
DBD.US,5,20131119,200000,32.7500,32.7600,32.7400,32.7600,14200,0
DBD.US,5,20131119,200500,32.7600,32.7700,32.7400,32.7400,20951,0
DBD.US,5,20131119,201000,32.7400,32.7500,32.7300,32.7300,10710,0
DBD.US,5,20131119,201500,32.7300,32.7500,32.7300,32.7400,9685,0
DBD.US,5,20131119,202000,32.7400,32.7600,32.7300,32.7500,13000,0
DBD.US,5,20131119,202500,32.7400,32.7600,32.7300,32.7600,6900,0
DBD.US,5,20131119,203000,32.7500,32.7600,32.7500,32.7600,11184,0
DBD.US,5,20131119,203500,32.7500,32.8000,32.7500,32.8000,21904,0
DBD.US,5,20131119,204000,32.7900,32.8500,32.7900,32.8500,18114,0
DBD.US,5,20131119,204500,32.8600,32.8700,32.8400,32.8600,13314,0
DBD.US,5,20131119,205000,32.8500,32.8700,32.8200,32.8300,7420,0
DBD.US,5,20131119,205500,32.8300,32.8400,32.8200,32.8400,12465,0
DBD.US,5,20131119,210000,32.8300,32.8400,32.8200,32.8200,8120,0
DBD.US,5,20131119,210500,32.8200,32.8200,32.8000,32.8100,12963,0
DBD.US,5,20131119,211000,32.8000,32.8500,32.8000,32.8300,21635,0
DBD.US,5,20131119,211500,32.8300,32.8800,32.8200,32.8700,16752,0
DBD.US,5,20131119,212000,32.8700,32.8800,32.8600,32.8600,10306,0
DBD.US,5,20131119,212500,32.8500,32.8600,32.8300,32.8600,24722,0
DBD.US,5,20131119,213000,32.8500,32.8700,32.8500,32.8700,11775,0
DBD.US,5,20131119,213500,32.8600,32.8700,32.8400,32.8500,26233,0
DBD.US,5,20131119,214000,32.8600,32.8600,32.8400,32.8500,17214,0
DBD.US,5,20131119,214500,32.8500,32.9000,32.8500,32.8900,28494,0
DBD.US,5,20131119,215000,32.8700,32.8800,32.7900,32.7900,64985,0
DBD.US,5,20131119,215500,32.8000,32.8000,32.6800,32.7400,129463,0
DBD.US,5,20131119,220000,32.7500,32.7900,32.7400,32.7600,107960,0
DBD.US,5,20131119,220500,32.7600,32.7600,32.7500,32.7500,42240,0
DBD.US,5,20131120,153500,32.7000,32.7200,32.6600,32.6800,1500,0
DBD.US,5,20131120,154000,32.6800,32.6800,32.5500,32.6000,11550,0
DBD.US,5,20131120,154500,32.6200,32.7400,32.5800,32.6500,42203,0
DBD.US,5,20131120,155000,32.6500,32.6700,32.5600,32.5600,18950,0
DBD.US,5,20131120,155500,32.5800,32.6100,32.4900,32.5100,20130,0
DBD.US,5,20131120,160000,32.5400,32.6300,32.5400,32.6100,6663,0
DBD.US,5,20131120,160500,32.5700,32.6000,32.5500,32.5800,8901,0
DBD.US,5,20131120,161000,32.6000,32.6100,32.5600,32.5700,2750,0
DBD.US,5,20131120,161500,32.5700,32.5900,32.5500,32.5900,5280,0
DBD.US,5,20131120,162000,32.5900,32.5900,32.5500,32.5600,3313,0
DBD.US,5,20131120,162500,32.5600,32.6400,32.5600,32.6000,12520,0
DBD.US,5,20131120,163000,32.6100,32.6300,32.6000,32.6200,12160,0
DBD.US,5,20131120,163500,32.6300,32.6600,32.6000,32.6100,3830,0
DBD.US,5,20131120,164000,32.6000,32.6400,32.6000,32.6100,14955,0
DBD.US,5,20131120,164500,32.6100,32.6200,32.5600,32.5800,4784,0
DBD.US,5,20131120,165000,32.5700,32.6500,32.5700,32.6300,5176,0
DBD.US,5,20131120,165500,32.6200,32.6400,32.6000,32.6200,5000,0
DBD.US,5,20131120,170000,32.6100,32.6300,32.6000,32.6000,4700,0
DBD.US,5,20131120,170500,32.6000,32.6300,32.6000,32.6200,5425,0
DBD.US,5,20131120,171000,32.6200,32.6600,32.6100,32.6600,9705,0
DBD.US,5,20131120,171500,32.6700,32.7200,32.6700,32.7100,22522,0
DBD.US,5,20131120,172000,32.7200,32.7400,32.7100,32.7300,6213,0
DBD.US,5,20131120,172500,32.7200,32.7700,32.7200,32.7600,5494,0
DBD.US,5,20131120,173000,32.7600,32.7900,32.7600,32.7700,6746,0
DBD.US,5,20131120,173500,32.7800,32.8000,32.7500,32.7700,9294,0
DBD.US,5,20131120,174000,32.7600,32.8000,32.7600,32.7800,12647,0
DBD.US,5,20131120,174500,32.7800,32.7900,32.7700,32.7900,7277,0
DBD.US,5,20131120,175000,32.7900,32.8200,32.7700,32.8000,15164,0
DBD.US,5,20131120,175500,32.8100,32.9800,32.8100,32.9600,39765,0
DBD.US,5,20131120,180000,32.9500,32.9900,32.9300,32.9800,28791,0
DBD.US,5,20131120,180500,32.9800,33.0700,32.9800,33.0200,22205,0
DBD.US,5,20131120,181000,33.0100,33.0200,32.9600,32.9700,21578,0
DBD.US,5,20131120,181500,32.9700,33.0900,32.9600,33.0800,30722,0
DBD.US,5,20131120,182000,33.0800,33.0900,33.0700,33.0800,6888,0
DBD.US,5,20131120,182500,33.0700,33.0900,33.0400,33.0500,7100,0
DBD.US,5,20131120,183000,33.0600,33.0600,32.9900,32.9900,4553,0
DBD.US,5,20131120,183500,32.9800,32.9800,32.9300,32.9400,8360,0
DBD.US,5,20131120,184000,32.9400,32.9800,32.9300,32.9700,16040,0
DBD.US,5,20131120,184500,32.9600,33.0000,32.9100,33.0000,13325,0
DBD.US,5,20131120,185000,33.0000,33.0000,32.9900,33.0000,8301,0
DBD.US,5,20131120,185500,33.0100,33.0300,33.0000,33.0100,8276,0
DBD.US,5,20131120,190000,33.0200,33.0400,33.0200,33.0400,9000,0
DBD.US,5,20131120,190500,33.0300,33.0400,33.0000,33.0000,9688,0
DBD.US,5,20131120,191000,33.0300,33.0300,33.0100,33.0200,1600,0
DBD.US,5,20131120,191500,33.0200,33.0300,33.0100,33.0200,3800,0
DBD.US,5,20131120,192000,33.0300,33.0300,33.0100,33.0100,2600,0
DBD.US,5,20131120,192500,33.0100,33.0100,33.0000,33.0100,6800,0
DBD.US,5,20131120,193000,33.0000,33.0300,33.0000,33.0300,3210,0
DBD.US,5,20131120,193500,33.0300,33.0300,33.0100,33.0200,6800,0
DBD.US,5,20131120,194000,33.0100,33.0200,33.0000,33.0100,2634,0
DBD.US,5,20131120,194500,33.0200,33.0500,33.0200,33.0500,7886,0
DBD.US,5,20131120,195000,33.0500,33.0700,33.0400,33.0500,12000,0
DBD.US,5,20131120,195500,33.0600,33.0600,33.0100,33.0300,9300,0
DBD.US,5,20131120,200000,33.0300,33.0300,33.0000,33.0000,11095,0
DBD.US,5,20131120,200500,33.0000,33.0000,32.9600,32.9800,20096,0
DBD.US,5,20131120,201000,32.9800,32.9900,32.9700,32.9900,5612,0
DBD.US,5,20131120,201500,32.9800,32.9900,32.9600,32.9600,69496,0
DBD.US,5,20131120,202000,32.9600,33.0300,32.9600,33.0200,49302,0
DBD.US,5,20131120,202500,33.0200,33.0300,32.9600,32.9800,9020,0
DBD.US,5,20131120,203000,32.9900,32.9900,32.9700,32.9700,5400,0
DBD.US,5,20131120,203500,32.9700,32.9800,32.9600,32.9800,8537,0
DBD.US,5,20131120,204000,32.9800,32.9800,32.9600,32.9600,6816,0
DBD.US,5,20131120,204500,32.9600,32.9900,32.8900,32.9900,67044,0
DBD.US,5,20131120,205000,32.9900,32.9900,32.9500,32.9900,6506,0
DBD.US,5,20131120,205500,32.9800,32.9900,32.9200,32.9600,15410,0
DBD.US,5,20131120,210000,32.9700,32.9800,32.9600,32.9700,6750,0
DBD.US,5,20131120,210500,32.9600,32.9800,32.9300,32.9300,11921,0
DBD.US,5,20131120,211000,32.9300,33.0000,32.9300,32.9500,55785,0
DBD.US,5,20131120,211500,32.9600,33.0000,32.9600,32.9900,24515,0
DBD.US,5,20131120,212000,32.9900,33.0100,32.9700,33.0000,20551,0
DBD.US,5,20131120,212500,32.9900,33.0100,32.9700,32.9700,29923,0
DBD.US,5,20131120,213000,32.9700,33.0100,32.9700,32.9900,39474,0
DBD.US,5,20131120,213500,32.9800,32.9900,32.9500,32.9600,25297,0
DBD.US,5,20131120,214000,32.9500,32.9700,32.9500,32.9600,19080,0
DBD.US,5,20131120,214500,32.9700,33.0000,32.9300,32.9300,33550,0
DBD.US,5,20131120,215000,32.9400,32.9700,32.9300,32.9700,21983,0
DBD.US,5,20131120,215500,32.9600,32.9700,32.9200,32.9600,24537,0
DBD.US,5,20131120,220000,32.9600,33.0000,32.9500,32.9800,34546,0
DBD.US,5,20131120,220500,32.9700,32.9700,32.9700,32.9700,19011,0
DBD.US,5,20131121,153500,33.4800,33.7900,33.3600,33.7000,78734,0
DBD.US,5,20131121,154000,33.6600,33.9200,33.6600,33.8900,66849,0
DBD.US,5,20131121,154500,33.8900,34.0000,33.8100,33.9700,93717,0
DBD.US,5,20131121,155000,33.9800,33.9900,33.9300,33.9400,60501,0
DBD.US,5,20131121,155500,33.9500,33.9600,33.8300,33.8600,42546,0
DBD.US,5,20131121,160000,33.8600,33.8600,33.7200,33.7500,41648,0
DBD.US,5,20131121,160500,33.7700,33.7800,33.6000,33.6000,24691,0
DBD.US,5,20131121,161000,33.6000,33.6300,33.5400,33.5400,28950,0
DBD.US,5,20131121,161500,33.5400,33.5500,33.4400,33.5000,27507,0
DBD.US,5,20131121,162000,33.5100,33.5700,33.4800,33.5700,62460,0
DBD.US,5,20131121,162500,33.5700,33.5800,33.5400,33.5700,13085,0
DBD.US,5,20131121,163000,33.5600,33.5800,33.4900,33.4900,9434,0
DBD.US,5,20131121,163500,33.4900,33.5300,33.4400,33.4800,16357,0
DBD.US,5,20131121,164000,33.5000,33.5100,33.4400,33.4500,8650,0
DBD.US,5,20131121,164500,33.4600,33.5000,33.4000,33.4300,16401,0
DBD.US,5,20131121,165000,33.4400,33.4700,33.3500,33.4700,19923,0
DBD.US,5,20131121,165500,33.4700,33.5300,33.4500,33.5100,27695,0
DBD.US,5,20131121,170000,33.5100,33.5300,33.5000,33.5100,14304,0
DBD.US,5,20131121,170500,33.5000,33.5800,33.5000,33.5700,25605,0
DBD.US,5,20131121,171000,33.5700,33.6100,33.5000,33.5300,13870,0
DBD.US,5,20131121,171500,33.5200,33.5300,33.5000,33.5300,11500,0
DBD.US,5,20131121,172000,33.5400,33.5500,33.5000,33.5000,10070,0
DBD.US,5,20131121,172500,33.5000,33.5500,33.5000,33.5200,12076,0
DBD.US,5,20131121,173000,33.5200,33.5400,33.5200,33.5400,4108,0
DBD.US,5,20131121,173500,33.5400,33.5400,33.5000,33.5100,4500,0
DBD.US,5,20131121,174000,33.5000,33.5200,33.5000,33.5100,10141,0
DBD.US,5,20131121,174500,33.5100,33.5300,33.5100,33.5300,9312,0
DBD.US,5,20131121,175000,33.5300,33.5300,33.5100,33.5100,4562,0
DBD.US,5,20131121,175500,33.5000,33.5100,33.5000,33.5100,5300,0
DBD.US,5,20131121,180000,33.5100,33.5200,33.5000,33.5100,7525,0
DBD.US,5,20131121,180500,33.5200,33.5200,33.4200,33.4700,17809,0
DBD.US,5,20131121,181000,33.4600,33.4700,33.4500,33.4700,3740,0
DBD.US,5,20131121,181500,33.4700,33.4800,33.4400,33.4500,3150,0
DBD.US,5,20131121,182000,33.4600,33.4700,33.4400,33.4400,1600,0
DBD.US,5,20131121,182500,33.4500,33.4700,33.4300,33.4600,2994,0
DBD.US,5,20131121,183000,33.4500,33.4600,33.4100,33.4500,2500,0
DBD.US,5,20131121,183500,33.4400,33.4400,33.4000,33.4000,2700,0
DBD.US,5,20131121,184000,33.4100,33.4600,33.4100,33.4600,4476,0
DBD.US,5,20131121,184500,33.4500,33.4600,33.4300,33.4500,6050,0
DBD.US,5,20131121,185000,33.4300,33.4500,33.4200,33.4200,3675,0
DBD.US,5,20131121,185500,33.4100,33.4300,33.4100,33.4200,1638,0
DBD.US,5,20131121,190000,33.4100,33.4300,33.4000,33.4100,7130,0
DBD.US,5,20131121,190500,33.4200,33.4600,33.4200,33.4400,7807,0
DBD.US,5,20131121,191000,33.4300,33.4400,33.4200,33.4400,4000,0
DBD.US,5,20131121,191500,33.4500,33.4500,33.4400,33.4500,2400,0
DBD.US,5,20131121,192000,33.4500,33.4700,33.4500,33.4700,1500,0
DBD.US,5,20131121,192500,33.4700,33.5000,33.4700,33.4900,13903,0
DBD.US,5,20131121,193000,33.5000,33.5000,33.4800,33.4900,5485,0
DBD.US,5,20131121,193500,33.4900,33.5000,33.4800,33.4900,3701,0
DBD.US,5,20131121,194000,33.4900,33.5000,33.4800,33.5000,3300,0
DBD.US,5,20131121,194500,33.4900,33.5000,33.4900,33.5000,16953,0
DBD.US,5,20131121,195000,33.5000,33.5500,33.5000,33.5200,9240,0
DBD.US,5,20131121,195500,33.5200,33.5400,33.5100,33.5300,1500,0
DBD.US,5,20131121,200000,33.5400,33.5500,33.5200,33.5300,7542,0
DBD.US,5,20131121,200500,33.5300,33.5900,33.5300,33.5800,9137,0
DBD.US,5,20131121,201000,33.5800,33.5900,33.5800,33.5800,2700,0
DBD.US,5,20131121,201500,33.5900,33.6100,33.5800,33.6000,6740,0
DBD.US,5,20131121,202000,33.6000,33.6200,33.6000,33.6200,6355,0
DBD.US,5,20131121,202500,33.6200,33.6400,33.6200,33.6400,14075,0
DBD.US,5,20131121,203000,33.6500,33.6600,33.5100,33.5900,47007,0
DBD.US,5,20131121,203500,33.6000,33.6500,33.6000,33.6300,10393,0
DBD.US,5,20131121,204000,33.6400,33.6500,33.5200,33.6500,28952,0
DBD.US,5,20131121,204500,33.6500,33.7200,33.6100,33.7200,30404,0
DBD.US,5,20131121,205000,33.7300,33.7500,33.7300,33.7500,4795,0
DBD.US,5,20131121,205500,33.7500,33.8400,33.7500,33.8400,14956,0
DBD.US,5,20131121,210000,33.8400,33.8700,33.8300,33.8600,17209,0
DBD.US,5,20131121,210500,33.8600,33.8600,33.8400,33.8400,9780,0
DBD.US,5,20131121,211000,33.8500,33.8600,33.8400,33.8500,11850,0
DBD.US,5,20131121,211500,33.8500,33.9900,33.8500,33.9700,53969,0
DBD.US,5,20131121,212000,33.9800,33.9800,33.9400,33.9600,17031,0
DBD.US,5,20131121,212500,33.9600,33.9700,33.9500,33.9600,7755,0
DBD.US,5,20131121,213000,33.9500,33.9900,33.9500,33.9900,14482,0
DBD.US,5,20131121,213500,33.9900,33.9900,33.9200,33.9800,41012,0
DBD.US,5,20131121,214000,33.9900,33.9900,33.9500,33.9600,16557,0
DBD.US,5,20131121,214500,33.9700,33.9700,33.9600,33.9600,11909,0
DBD.US,5,20131121,215000,33.9600,33.9600,33.8700,33.8900,36779,0
DBD.US,5,20131121,215500,33.8900,33.9400,33.8800,33.9400,31592,0
DBD.US,5,20131121,220000,33.9300,33.9300,33.8900,33.9100,48212,0
DBD.US,5,20131121,220500,33.9100,33.9100,33.9100,33.9100,31121,0
DBD.US,5,20131122,153500,33.8700,34.0000,33.7200,33.9600,25091,0
DBD.US,5,20131122,154000,33.9500,33.9800,33.9000,33.9600,17341,0
DBD.US,5,20131122,154500,33.9600,33.9600,33.8600,33.8600,30239,0
DBD.US,5,20131122,155000,33.8900,33.9000,33.8600,33.9000,4490,0
DBD.US,5,20131122,155500,33.8900,33.8900,33.8100,33.8100,7115,0
DBD.US,5,20131122,160000,33.7700,33.7700,33.6500,33.6500,8047,0
DBD.US,5,20131122,160500,33.6300,33.6900,33.5000,33.6600,18846,0
DBD.US,5,20131122,161000,33.6700,33.6900,33.6500,33.6500,5143,0
DBD.US,5,20131122,161500,33.6800,33.7800,33.6800,33.7500,24562,0
DBD.US,5,20131122,162000,33.7500,33.7800,33.7500,33.7700,7154,0
DBD.US,5,20131122,162500,33.7700,33.7800,33.7500,33.7800,4149,0
DBD.US,5,20131122,163000,33.7700,33.7900,33.7500,33.7700,3600,0
DBD.US,5,20131122,163500,33.7700,33.7700,33.7200,33.7200,9552,0
DBD.US,5,20131122,164000,33.7100,33.7500,33.7000,33.7000,3594,0
DBD.US,5,20131122,164500,33.7100,33.7100,33.6700,33.6700,3835,0
DBD.US,5,20131122,165000,33.6600,33.6700,33.6500,33.6500,10201,0
DBD.US,5,20131122,165500,33.6600,33.6900,33.6500,33.6900,8196,0
DBD.US,5,20131122,170000,33.7000,33.7200,33.7000,33.7000,3059,0
DBD.US,5,20131122,170500,33.7000,33.8000,33.6900,33.8000,21781,0
DBD.US,5,20131122,171000,33.7900,33.7900,33.7100,33.7200,5213,0
DBD.US,5,20131122,171500,33.7100,33.7100,33.6400,33.6400,23010,0
DBD.US,5,20131122,172000,33.6400,33.6700,33.6400,33.6700,2300,0
DBD.US,5,20131122,172500,33.6700,33.7000,33.6700,33.6900,3130,0
DBD.US,5,20131122,173000,33.6900,33.7000,33.6800,33.7000,3665,0
DBD.US,5,20131122,173500,33.6900,33.7700,33.6800,33.7700,5300,0
DBD.US,5,20131122,174000,33.7700,33.8000,33.7500,33.7900,8002,0
DBD.US,5,20131122,174500,33.7800,33.8200,33.7800,33.8000,10409,0
DBD.US,5,20131122,175000,33.8000,33.8200,33.8000,33.8000,4413,0
DBD.US,5,20131122,175500,33.8100,33.8200,33.7800,33.8100,9600,0
DBD.US,5,20131122,180000,33.8300,33.8300,33.8000,33.8300,7700,0
DBD.US,5,20131122,180500,33.8200,33.8200,33.8000,33.8000,7270,0
DBD.US,5,20131122,181000,33.8100,33.8200,33.8000,33.8100,3825,0
DBD.US,5,20131122,181500,33.8200,33.8600,33.8200,33.8500,5500,0
DBD.US,5,20131122,182000,33.8400,33.8600,33.8000,33.8600,18232,0
DBD.US,5,20131122,182500,33.8700,33.9500,33.8700,33.9300,34013,0
DBD.US,5,20131122,183000,33.9200,33.9400,33.9000,33.9400,5597,0
DBD.US,5,20131122,183500,33.9400,33.9700,33.9400,33.9700,3800,0
DBD.US,5,20131122,184000,33.9700,34.0100,33.9600,34.0000,15926,0
DBD.US,5,20131122,184500,34.0000,34.0100,33.9700,33.9700,7735,0
DBD.US,5,20131122,185000,33.9700,33.9900,33.9300,33.9300,8399,0
DBD.US,5,20131122,185500,33.9200,33.9600,33.9200,33.9600,4527,0
DBD.US,5,20131122,190000,33.9600,33.9700,33.9500,33.9600,8300,0
DBD.US,5,20131122,190500,33.9500,33.9500,33.9200,33.9200,5632,0
DBD.US,5,20131122,191000,33.9300,34.0000,33.9100,34.0000,22266,0
DBD.US,5,20131122,191500,34.0000,34.0100,34.0000,34.0100,4700,0
DBD.US,5,20131122,192000,34.0000,34.0100,34.0000,34.0100,5341,0
DBD.US,5,20131122,192500,34.0000,34.0100,34.0000,34.0100,1515,0
DBD.US,5,20131122,193000,34.0100,34.0100,34.0000,34.0000,7046,0
DBD.US,5,20131122,193500,34.0000,34.0100,33.9600,33.9700,9089,0
DBD.US,5,20131122,194000,33.9800,33.9900,33.9700,33.9800,3700,0
DBD.US,5,20131122,194500,33.9700,33.9700,33.9600,33.9700,6564,0
DBD.US,5,20131122,195000,33.9700,33.9700,33.9600,33.9700,7803,0
DBD.US,5,20131122,195500,33.9500,33.9500,33.9100,33.9100,4000,0
DBD.US,5,20131122,200000,33.9100,33.9300,33.9100,33.9100,1500,0
DBD.US,5,20131122,200500,33.9000,33.9300,33.9000,33.9300,1119,0
DBD.US,5,20131122,201000,33.9300,33.9400,33.8700,33.8800,8530,0
DBD.US,5,20131122,201500,33.8700,33.8800,33.8500,33.8500,1800,0
DBD.US,5,20131122,202000,33.8300,33.8800,33.8300,33.8700,5544,0
DBD.US,5,20131122,202500,33.8600,33.8700,33.8600,33.8700,4800,0
DBD.US,5,20131122,203000,33.8600,33.9000,33.8500,33.9000,5050,0
DBD.US,5,20131122,203500,33.8900,33.9600,33.8800,33.9500,19713,0
DBD.US,5,20131122,204000,33.9600,33.9800,33.9500,33.9500,6280,0
DBD.US,5,20131122,204500,33.9500,33.9600,33.9500,33.9500,1800,0
DBD.US,5,20131122,205000,33.9500,33.9600,33.9200,33.9600,17145,0
DBD.US,5,20131122,205500,33.9500,33.9600,33.9400,33.9600,4985,0
DBD.US,5,20131122,210000,33.9600,33.9900,33.9400,33.9800,8496,0
DBD.US,5,20131122,210500,33.9800,33.9900,33.9700,33.9900,5702,0
DBD.US,5,20131122,211000,33.9900,34.0100,33.9800,34.0100,22444,0
DBD.US,5,20131122,211500,34.0000,34.0200,33.9900,34.0000,16672,0
DBD.US,5,20131122,212000,34.0000,34.0200,33.9900,34.0000,13962,0
DBD.US,5,20131122,212500,34.0000,34.0700,33.9900,34.0700,39775,0
DBD.US,5,20131122,213000,34.0600,34.0700,34.0600,34.0600,9274,0
DBD.US,5,20131122,213500,34.0600,34.0900,34.0600,34.0900,17499,0
DBD.US,5,20131122,214000,34.0800,34.0900,34.0600,34.0600,18700,0
DBD.US,5,20131122,214500,34.0700,34.0800,34.0600,34.0600,39590,0
DBD.US,5,20131122,215000,34.0600,34.0600,34.0300,34.0500,25133,0
DBD.US,5,20131122,215500,34.0500,34.0500,33.9900,34.0000,23981,0
DBD.US,5,20131122,220000,34.0000,34.0100,33.8900,33.9000,134418,0
DBD.US,5,20131122,220500,33.9100,33.9100,33.9100,33.9100,25868,0
DBD.US,5,20131125,153500,34.0400,34.0400,33.9100,33.9100,12011,0
DBD.US,5,20131125,154000,33.9400,33.9500,33.8300,33.8600,8056,0
DBD.US,5,20131125,154500,33.8400,33.8400,33.7400,33.7900,11640,0
DBD.US,5,20131125,155000,33.8000,33.9200,33.8000,33.8700,6753,0
DBD.US,5,20131125,155500,33.8600,33.9100,33.8500,33.8900,6999,0
DBD.US,5,20131125,160000,33.8900,33.9400,33.8900,33.9300,10846,0
DBD.US,5,20131125,160500,33.9500,33.9700,33.8900,33.9500,26541,0
DBD.US,5,20131125,161000,33.9400,33.9900,33.9400,33.9700,15953,0
DBD.US,5,20131125,161500,33.9900,34.0000,33.9700,33.9800,7375,0
DBD.US,5,20131125,162000,33.9600,33.9800,33.9300,33.9800,3095,0
DBD.US,5,20131125,162500,33.9400,33.9500,33.9200,33.9400,3200,0
DBD.US,5,20131125,163000,33.9300,33.9500,33.9100,33.9100,2800,0
DBD.US,5,20131125,163500,33.9100,33.9400,33.9000,33.9200,2900,0
DBD.US,5,20131125,164000,33.9200,33.9500,33.9100,33.9300,2600,0
DBD.US,5,20131125,164500,33.9300,33.9400,33.9200,33.9400,1503,0
DBD.US,5,20131125,165000,33.9300,33.9500,33.9200,33.9300,2700,0
DBD.US,5,20131125,165500,33.9400,33.9400,33.9300,33.9300,1500,0
DBD.US,5,20131125,170000,33.9300,33.9300,33.9100,33.9200,3060,0
DBD.US,5,20131125,170500,33.9100,33.9600,33.9100,33.9600,2618,0
DBD.US,5,20131125,171000,33.9600,33.9700,33.9500,33.9600,1500,0
DBD.US,5,20131125,171500,33.9600,33.9700,33.9400,33.9400,3860,0
DBD.US,5,20131125,172000,33.9200,33.9800,33.9200,33.9800,6993,0
DBD.US,5,20131125,172500,33.9800,33.9900,33.9700,33.9900,1600,0
DBD.US,5,20131125,173000,33.9800,34.0000,33.9800,34.0000,7800,0
DBD.US,5,20131125,173500,34.0000,34.0000,33.9800,33.9800,4700,0
DBD.US,5,20131125,174000,33.9900,34.0000,33.9400,33.9400,4450,0
DBD.US,5,20131125,174500,33.9500,33.9700,33.9300,33.9300,2127,0
DBD.US,5,20131125,175000,33.9400,33.9500,33.9400,33.9500,4602,0
DBD.US,5,20131125,175500,33.9500,33.9600,33.9500,33.9500,1200,0
DBD.US,5,20131125,180000,33.9600,33.9600,33.9200,33.9200,4155,0
DBD.US,5,20131125,180500,33.9100,33.9500,33.9100,33.9500,2894,0
DBD.US,5,20131125,181000,33.9500,33.9500,33.9200,33.9400,1989,0
DBD.US,5,20131125,181500,33.9200,33.9500,33.9200,33.9500,1800,0
DBD.US,5,20131125,182000,33.9500,33.9600,33.9400,33.9600,2900,0
DBD.US,5,20131125,182500,33.9700,33.9900,33.9600,33.9900,1489,0
DBD.US,5,20131125,183000,33.9900,34.0000,33.9900,34.0000,3725,0
DBD.US,5,20131125,183500,34.0000,34.0000,33.9800,33.9800,4871,0
DBD.US,5,20131125,184000,33.9900,33.9900,33.9800,33.9900,1700,0
DBD.US,5,20131125,184500,33.9900,33.9900,33.9400,33.9400,4900,0
DBD.US,5,20131125,185000,33.9400,33.9500,33.9000,33.9100,2800,0
DBD.US,5,20131125,185500,33.9000,33.9300,33.9000,33.9300,3836,0
DBD.US,5,20131125,190000,33.9300,33.9400,33.9200,33.9200,3600,0
DBD.US,5,20131125,190500,33.9200,33.9300,33.9100,33.9300,3296,0
DBD.US,5,20131125,191000,33.9300,33.9300,33.9200,33.9200,949,0
DBD.US,5,20131125,191500,33.9300,33.9400,33.9300,33.9300,3073,0
DBD.US,5,20131125,192000,33.9300,33.9800,33.9300,33.9800,6173,0
DBD.US,5,20131125,192500,33.9900,33.9900,33.9800,33.9900,4002,0
DBD.US,5,20131125,193000,33.9900,33.9900,33.9700,33.9800,2674,0
DBD.US,5,20131125,193500,33.9800,33.9800,33.9700,33.9800,2549,0
DBD.US,5,20131125,194000,33.9900,33.9900,33.9800,33.9900,1800,0
DBD.US,5,20131125,194500,33.9900,34.0000,33.9800,34.0000,4352,0
DBD.US,5,20131125,195000,33.9900,34.0000,33.9800,34.0000,5700,0
DBD.US,5,20131125,195500,34.0000,34.0000,33.9800,33.9900,8421,0
DBD.US,5,20131125,200000,33.9800,33.9900,33.9700,33.9700,2800,0
DBD.US,5,20131125,200500,33.9800,34.0000,33.9800,34.0000,11525,0
DBD.US,5,20131125,201000,34.0000,34.0000,33.9900,34.0000,6293,0
DBD.US,5,20131125,201500,34.0000,34.0000,33.9800,34.0000,5020,0
DBD.US,5,20131125,202000,33.9900,33.9900,33.9800,33.9800,3600,0
DBD.US,5,20131125,202500,33.9800,33.9900,33.9700,33.9800,5350,0
DBD.US,5,20131125,203000,33.9700,34.0800,33.9600,34.0500,113389,0
DBD.US,5,20131125,203500,34.0600,34.0700,34.0500,34.0500,7472,0
DBD.US,5,20131125,204000,34.0500,34.0600,34.0500,34.0600,7530,0
DBD.US,5,20131125,204500,34.0600,34.0600,34.0400,34.0500,9975,0
DBD.US,5,20131125,205000,34.0400,34.0700,34.0100,34.0500,34306,0
DBD.US,5,20131125,205500,34.0600,34.0700,34.0500,34.0600,5159,0
DBD.US,5,20131125,210000,34.0600,34.0700,34.0500,34.0500,7100,0
DBD.US,5,20131125,210500,34.0500,34.0500,34.0300,34.0400,7686,0
DBD.US,5,20131125,211000,34.0500,34.0800,34.0500,34.0500,14048,0
DBD.US,5,20131125,211500,34.0500,34.0600,33.9900,33.9900,33923,0
DBD.US,5,20131125,212000,33.9900,34.0300,33.9900,34.0300,15742,0
DBD.US,5,20131125,212500,34.0300,34.0300,33.9900,34.0000,8786,0
DBD.US,5,20131125,213000,33.9900,34.0000,33.9700,33.9900,37379,0
DBD.US,5,20131125,213500,33.9800,33.9800,33.9500,33.9600,14748,0
DBD.US,5,20131125,214000,33.9500,33.9900,33.9500,33.9800,44772,0
DBD.US,5,20131125,214500,33.9900,34.0000,33.9900,34.0000,12144,0
DBD.US,5,20131125,215000,34.0000,34.0000,33.9900,34.0000,18351,0
DBD.US,5,20131125,215500,33.9900,34.0000,33.9800,33.9900,14511,0
DBD.US,5,20131125,220000,33.9800,34.0000,33.9800,34.0000,56895,0
DBD.US,5,20131125,220500,33.9900,33.9900,33.9900,33.9900,34304,0
DBD.US,5,20131126,153500,33.9900,34.1800,33.9400,34.1800,7394,0
DBD.US,5,20131126,154000,34.2000,34.2500,34.1800,34.1900,7495,0
DBD.US,5,20131126,154500,34.1900,34.2500,34.1600,34.2500,13600,0
DBD.US,5,20131126,155000,34.2400,34.2400,34.2000,34.2100,16710,0
DBD.US,5,20131126,155500,34.2100,34.2100,34.2000,34.2000,7464,0
DBD.US,5,20131126,160000,34.2000,34.2000,34.0900,34.1000,22943,0
DBD.US,5,20131126,160500,34.0900,34.1500,34.0800,34.1400,11375,0
DBD.US,5,20131126,161000,34.1400,34.2100,34.1100,34.2100,18100,0
DBD.US,5,20131126,161500,34.2100,34.2100,34.1500,34.1700,11968,0
DBD.US,5,20131126,162000,34.1800,34.1800,34.1700,34.1800,5113,0
DBD.US,5,20131126,162500,34.1800,34.2300,34.1700,34.2300,11749,0
DBD.US,5,20131126,163000,34.2300,34.2300,34.1700,34.1900,17073,0
DBD.US,5,20131126,163500,34.1900,34.1900,34.1500,34.1500,6886,0
DBD.US,5,20131126,164000,34.1500,34.1700,34.1500,34.1600,5450,0
DBD.US,5,20131126,164500,34.1600,34.1700,34.1500,34.1500,4300,0
DBD.US,5,20131126,165000,34.1500,34.1600,34.1500,34.1600,10291,0
DBD.US,5,20131126,165500,34.1600,34.1700,34.1500,34.1500,3787,0
DBD.US,5,20131126,170000,34.1500,34.1600,34.1500,34.1500,3397,0
DBD.US,5,20131126,170500,34.1500,34.1700,34.0500,34.0500,5300,0
DBD.US,5,20131126,171000,34.0600,34.0600,33.9900,34.0000,3188,0
DBD.US,5,20131126,171500,34.0000,34.0000,33.9800,33.9900,5285,0
DBD.US,5,20131126,172000,33.9800,34.0100,33.9400,33.9500,18925,0
DBD.US,5,20131126,172500,33.9500,33.9900,33.9400,33.9800,5550,0
DBD.US,5,20131126,173000,33.9800,34.0000,33.9600,33.9600,4800,0
DBD.US,5,20131126,173500,33.9400,34.0000,33.9400,33.9800,5500,0
DBD.US,5,20131126,174000,33.9700,34.0000,33.9700,34.0000,3424,0
DBD.US,5,20131126,174500,33.9900,34.0000,33.9800,33.9900,14525,0
DBD.US,5,20131126,175000,33.9900,34.0000,33.8900,33.8900,6165,0
DBD.US,5,20131126,175500,33.9000,33.9200,33.9000,33.9000,5524,0
DBD.US,5,20131126,180000,33.9100,33.9100,33.8400,33.9000,6101,0
DBD.US,5,20131126,180500,33.9100,33.9200,33.8700,33.9100,3600,0
DBD.US,5,20131126,181000,33.9200,33.9200,33.8900,33.8900,3340,0
DBD.US,5,20131126,181500,33.8700,33.9100,33.8600,33.9100,4630,0
DBD.US,5,20131126,182000,33.9100,34.0000,33.9100,33.9800,17356,0
DBD.US,5,20131126,182500,33.9800,33.9800,33.9600,33.9700,5500,0
DBD.US,5,20131126,183000,33.9600,34.0000,33.9600,34.0000,6008,0
DBD.US,5,20131126,183500,33.9700,34.0000,33.9700,33.9700,3792,0
DBD.US,5,20131126,184000,33.9700,34.0000,33.9600,34.0000,14598,0
DBD.US,5,20131126,184500,33.9900,34.0000,33.9800,33.9900,3225,0
DBD.US,5,20131126,185000,33.9900,34.0000,33.9900,34.0000,10633,0
DBD.US,5,20131126,185500,34.0000,34.0000,33.9800,34.0000,4462,0
DBD.US,5,20131126,190000,34.0000,34.0000,34.0000,34.0000,3699,0
DBD.US,5,20131126,190500,34.0000,34.0000,33.9700,34.0000,3906,0
DBD.US,5,20131126,191000,33.9900,34.0000,33.9600,33.9800,3800,0
DBD.US,5,20131126,191500,33.9700,34.0000,33.9700,34.0000,2049,0
DBD.US,5,20131126,192000,34.0000,34.0000,33.9800,33.9800,4780,0
DBD.US,5,20131126,192500,33.9800,33.9800,33.9600,33.9700,13040,0
DBD.US,5,20131126,193000,33.9600,33.9800,33.9600,33.9600,5300,0
DBD.US,5,20131126,193500,33.9700,34.0200,33.9700,34.0000,39719,0
DBD.US,5,20131126,194000,34.0000,34.0300,34.0000,34.0300,3400,0
DBD.US,5,20131126,194500,34.0300,34.0400,34.0200,34.0400,5200,0
DBD.US,5,20131126,195000,34.0200,34.0400,34.0100,34.0300,2946,0
DBD.US,5,20131126,195500,34.0400,34.0400,34.0100,34.0200,2400,0
DBD.US,5,20131126,200000,34.0400,34.0400,34.0100,34.0100,3992,0
DBD.US,5,20131126,200500,34.0300,34.0300,34.0100,34.0200,1800,0
DBD.US,5,20131126,201000,34.0200,34.0200,34.0000,34.0000,5559,0
DBD.US,5,20131126,201500,34.0000,34.0100,33.9900,34.0000,4608,0
DBD.US,5,20131126,202000,33.9900,34.0100,33.9900,34.0100,5107,0
DBD.US,5,20131126,202500,34.0000,34.0000,34.0000,34.0000,6950,0
DBD.US,5,20131126,203000,34.0100,34.0100,33.9900,34.0000,11795,0
DBD.US,5,20131126,203500,34.0100,34.0200,34.0000,34.0000,2300,0
DBD.US,5,20131126,204000,34.0000,34.0000,33.9800,33.9800,6135,0
DBD.US,5,20131126,204500,33.9700,33.9800,33.9700,33.9800,4550,0
DBD.US,5,20131126,205000,33.9800,34.0200,33.9700,33.9900,7864,0
DBD.US,5,20131126,205500,34.0000,34.0100,33.9900,34.0100,6800,0
DBD.US,5,20131126,210000,34.0100,34.0500,34.0100,34.0500,3800,0
DBD.US,5,20131126,210500,34.0500,34.0500,34.0200,34.0200,7335,0
DBD.US,5,20131126,211000,34.0300,34.0900,34.0200,34.0900,7105,0
DBD.US,5,20131126,211500,34.0900,34.1100,34.0900,34.1100,4737,0
DBD.US,5,20131126,212000,34.1100,34.1100,34.1000,34.1000,4561,0
DBD.US,5,20131126,212500,34.1100,34.1300,34.0800,34.0800,14277,0
DBD.US,5,20131126,213000,34.0800,34.1000,34.0800,34.0800,15036,0
DBD.US,5,20131126,213500,34.0700,34.1000,34.0600,34.0800,14241,0
DBD.US,5,20131126,214000,34.0800,34.1000,34.0800,34.1000,9968,0
DBD.US,5,20131126,214500,34.1000,34.1100,34.1000,34.1100,11937,0
DBD.US,5,20131126,215000,34.1000,34.1000,34.0500,34.0700,21880,0
DBD.US,5,20131126,215500,34.0700,34.0900,34.0600,34.0600,22698,0
DBD.US,5,20131126,220000,34.0500,34.0900,34.0500,34.0700,38368,0
DBD.US,5,20131126,220500,34.0500,34.0500,34.0500,34.0500,24270,0
DBD.US,5,20131127,153500,33.9500,34.0700,33.9500,34.0700,3878,0
DBD.US,5,20131127,154000,34.0900,34.1600,34.0900,34.1400,10863,0
DBD.US,5,20131127,154500,34.1500,34.1800,34.1400,34.1500,3100,0
DBD.US,5,20131127,155000,34.1500,34.1600,34.1300,34.1400,4399,0
DBD.US,5,20131127,155500,34.1500,34.1900,34.1500,34.1600,3900,0
DBD.US,5,20131127,160000,34.1800,34.3000,34.1700,34.2400,24750,0
DBD.US,5,20131127,160500,34.2300,34.2500,34.2200,34.2300,4900,0
DBD.US,5,20131127,161000,34.2300,34.2600,34.2200,34.2400,4850,0
DBD.US,5,20131127,161500,34.2300,34.2500,34.2200,34.2400,15430,0
DBD.US,5,20131127,162000,34.2300,34.2300,34.2200,34.2200,11800,0
DBD.US,5,20131127,162500,34.2200,34.2200,34.1400,34.1400,3599,0
DBD.US,5,20131127,163000,34.1500,34.1800,34.1500,34.1800,3300,0
DBD.US,5,20131127,163500,34.1600,34.1700,34.1400,34.1500,2789,0
DBD.US,5,20131127,164000,34.1500,34.1700,34.1500,34.1700,1700,0
DBD.US,5,20131127,164500,34.1800,34.2000,34.1300,34.1300,7800,0
DBD.US,5,20131127,165000,34.1300,34.1400,34.1200,34.1400,4000,0
DBD.US,5,20131127,165500,34.1400,34.1400,34.1200,34.1300,8540,0
DBD.US,5,20131127,170000,34.1200,34.1400,34.1200,34.1200,6377,0
DBD.US,5,20131127,170500,34.1300,34.1300,34.1200,34.1300,6700,0
DBD.US,5,20131127,171000,34.1300,34.1400,34.1200,34.1400,7700,0
DBD.US,5,20131127,171500,34.1400,34.1900,34.1300,34.1900,13700,0
DBD.US,5,20131127,172000,34.1800,34.2000,34.1800,34.2000,1548,0
DBD.US,5,20131127,172500,34.2100,34.2100,34.1800,34.1900,6797,0
DBD.US,5,20131127,173000,34.2000,34.2000,34.1900,34.2000,2968,0
DBD.US,5,20131127,173500,34.1900,34.2400,34.1900,34.2300,4002,0
DBD.US,5,20131127,174000,34.2100,34.2200,34.2000,34.2000,3280,0
DBD.US,5,20131127,174500,34.2100,34.2200,34.2000,34.2200,8450,0
DBD.US,5,20131127,175000,34.2200,34.2600,34.2200,34.2600,5389,0
DBD.US,5,20131127,175500,34.2600,34.2600,34.2200,34.2200,2032,0
DBD.US,5,20131127,180000,34.2300,34.2300,34.2200,34.2200,2909,0
DBD.US,5,20131127,180500,34.2200,34.2300,34.1800,34.1900,5313,0
DBD.US,5,20131127,181000,34.1900,34.2000,34.1900,34.1900,1700,0
DBD.US,5,20131127,181500,34.1800,34.2000,34.1800,34.1800,6500,0
DBD.US,5,20131127,182000,34.1900,34.2600,34.1900,34.2600,18485,0
DBD.US,5,20131127,182500,34.2500,34.2500,34.2500,34.2500,5800,0
DBD.US,5,20131127,183000,34.2500,34.2600,34.2500,34.2600,2843,0
DBD.US,5,20131127,183500,34.2500,34.2500,34.2500,34.2500,1000,0
DBD.US,5,20131127,184000,34.2500,34.2500,34.1800,34.1800,5404,0
DBD.US,5,20131127,184500,34.1900,34.2000,34.1800,34.1800,4400,0
DBD.US,5,20131127,185000,34.2000,34.2000,34.1800,34.1900,1300,0
DBD.US,5,20131127,185500,34.1900,34.1900,34.1800,34.1900,6203,0
DBD.US,5,20131127,190000,34.1900,34.2000,34.1800,34.1800,5112,0
DBD.US,5,20131127,190500,34.1800,34.1800,34.1800,34.1800,4700,0
DBD.US,5,20131127,191000,34.1900,34.1900,34.1800,34.1800,6700,0
DBD.US,5,20131127,191500,34.1800,34.1900,34.1800,34.1800,700,0
DBD.US,5,20131127,192000,34.1800,34.1800,34.1200,34.1200,8710,0
DBD.US,5,20131127,192500,34.1200,34.1300,34.1200,34.1200,3800,0
DBD.US,5,20131127,193000,34.1200,34.1400,34.1200,34.1400,8711,0
DBD.US,5,20131127,193500,34.1400,34.1500,34.1300,34.1400,3885,0
DBD.US,5,20131127,194000,34.1400,34.1400,34.1200,34.1300,1700,0
DBD.US,5,20131127,194500,34.1200,34.1400,34.1200,34.1300,2900,0
DBD.US,5,20131127,195000,34.1200,34.1300,34.1200,34.1200,4905,0
DBD.US,5,20131127,195500,34.1200,34.1500,34.1200,34.1400,3800,0
DBD.US,5,20131127,200000,34.1400,34.1400,34.1200,34.1300,4086,0
DBD.US,5,20131127,200500,34.1200,34.1300,34.1200,34.1200,5600,0
DBD.US,5,20131127,201000,34.1200,34.1300,34.1200,34.1200,400,0
DBD.US,5,20131127,201500,34.1300,34.1500,34.1300,34.1500,6900,0
DBD.US,5,20131127,202000,34.1400,34.1400,34.1300,34.1400,3905,0
DBD.US,5,20131127,202500,34.1400,34.1500,34.1400,34.1500,1450,0
DBD.US,5,20131127,203000,34.1400,34.1400,34.1200,34.1300,4973,0
DBD.US,5,20131127,203500,34.1300,34.1800,34.1300,34.1700,6000,0
DBD.US,5,20131127,204000,34.1700,34.1800,34.1500,34.1500,1998,0
DBD.US,5,20131127,204500,34.1600,34.1600,34.1300,34.1400,7600,0
DBD.US,5,20131127,205000,34.1400,34.1500,34.1400,34.1500,3475,0
DBD.US,5,20131127,205500,34.1700,34.2000,34.1700,34.1800,2654,0
DBD.US,5,20131127,210000,34.1700,34.1800,34.1200,34.1300,5331,0
DBD.US,5,20131127,210500,34.1200,34.1300,34.0700,34.0700,8477,0
DBD.US,5,20131127,211000,34.0700,34.1000,34.0600,34.0900,11020,0
DBD.US,5,20131127,211500,34.1000,34.1000,34.0700,34.0800,6200,0
DBD.US,5,20131127,212000,34.0900,34.1000,34.0600,34.1000,4118,0
DBD.US,5,20131127,212500,34.1000,34.1000,34.0600,34.0600,4800,0
DBD.US,5,20131127,213000,34.0700,34.0800,34.0200,34.0300,9000,0
DBD.US,5,20131127,213500,34.0300,34.0400,33.9900,33.9900,8211,0
DBD.US,5,20131127,214000,34.0000,34.0000,33.9600,33.9800,10091,0
DBD.US,5,20131127,214500,33.9800,34.0000,33.9500,33.9500,14219,0
DBD.US,5,20131127,215000,33.9600,33.9800,33.9500,33.9700,23384,0
DBD.US,5,20131127,215500,33.9700,33.9900,33.9700,33.9800,10963,0
DBD.US,5,20131127,220000,33.9900,34.0200,33.9800,34.0000,29265,0
DBD.US,5,20131127,220500,34.0000,34.0000,34.0000,34.0000,42244,0
DBD.US,5,20131129,153500,33.8500,33.9900,33.7700,33.9600,47000,0
DBD.US,5,20131129,154000,33.9500,33.9500,33.8300,33.8400,5687,0
DBD.US,5,20131129,154500,33.8400,34.0000,33.8000,33.9900,12893,0
DBD.US,5,20131129,155000,33.9600,34.0000,33.9000,33.9800,14260,0
DBD.US,5,20131129,155500,33.9800,34.0800,33.9800,34.0800,2267,0
DBD.US,5,20131129,160000,34.0800,34.1100,34.0800,34.1000,700,0
DBD.US,5,20131129,160500,34.1100,34.1200,34.0700,34.0700,2879,0
DBD.US,5,20131129,161000,34.0900,34.1700,34.0800,34.1500,2900,0
DBD.US,5,20131129,161500,34.1200,34.2200,34.1200,34.2200,3405,0
DBD.US,5,20131129,162000,34.2000,34.2000,34.1700,34.1800,3962,0
DBD.US,5,20131129,162500,34.1800,34.2200,34.1300,34.2200,14885,0
DBD.US,5,20131129,163000,34.2100,34.2200,34.2000,34.2200,1700,0
DBD.US,5,20131129,163500,34.2100,34.2200,34.2000,34.2100,8835,0
DBD.US,5,20131129,164000,34.2300,34.2500,34.2300,34.2400,1919,0
DBD.US,5,20131129,164500,34.2400,34.2500,34.2300,34.2500,14498,0
DBD.US,5,20131129,165000,34.2600,34.2700,34.2600,34.2600,764,0
DBD.US,5,20131129,165500,34.2800,34.2800,34.2600,34.2600,3150,0
DBD.US,5,20131129,170000,34.2700,34.3400,34.2700,34.3400,4401,0
DBD.US,5,20131129,170500,34.3400,34.3600,34.2700,34.3500,19708,0
DBD.US,5,20131129,171000,34.3500,34.3600,34.3500,34.3500,2500,0
DBD.US,5,20131129,171500,34.3500,34.3600,34.3500,34.3600,5100,0
DBD.US,5,20131129,172000,34.3700,34.3700,34.3500,34.3600,700,0
DBD.US,5,20131129,172500,34.3500,34.3600,34.3500,34.3500,13792,0
DBD.US,5,20131129,173000,34.3500,34.3600,34.3500,34.3500,4690,0
DBD.US,5,20131129,173500,34.3500,34.3600,34.3500,34.3500,1200,0
DBD.US,5,20131129,174000,34.3500,34.3600,34.3500,34.3500,3930,0
DBD.US,5,20131129,174500,34.3500,34.3700,34.3300,34.3300,13877,0
DBD.US,5,20131129,175000,34.3200,34.3200,34.3000,34.3000,1600,0
DBD.US,5,20131129,175500,34.2900,34.3300,34.2700,34.2800,9201,0
DBD.US,5,20131129,180000,34.2900,34.3600,34.2900,34.3600,7000,0
DBD.US,5,20131129,180500,34.3600,34.3700,34.3400,34.3700,6786,0
DBD.US,5,20131129,181000,34.3800,34.4300,34.3800,34.3800,15400,0
DBD.US,5,20131129,181500,34.3800,34.3800,34.3300,34.3300,3300,0
DBD.US,5,20131129,182000,34.3300,34.3500,34.3200,34.3400,3177,0
DBD.US,5,20131129,182500,34.3500,34.3500,34.3300,34.3400,7900,0
DBD.US,5,20131129,183000,34.3300,34.3400,34.2800,34.2800,59520,0
DBD.US,5,20131129,183500,34.2700,34.2900,34.2700,34.2800,2600,0
DBD.US,5,20131129,184000,34.2700,34.2700,34.2200,34.2300,6340,0
DBD.US,5,20131129,184500,34.2300,34.2500,34.2100,34.2100,4850,0
DBD.US,5,20131129,185000,34.2100,34.2200,34.2000,34.2000,17303,0
DBD.US,5,20131129,185500,34.2000,34.2000,34.1200,34.1500,15104,0
DBD.US,5,20131129,190000,34.1400,34.1600,34.1200,34.1300,22768,0
DBD.US,5,20131129,190500,34.1300,34.1300,34.1300,34.1300,21507,0
DBD.US,5,20131202,153500,34.1200,34.1200,34.0000,34.0400,1700,0
DBD.US,5,20131202,154000,34.0500,34.1100,33.9900,33.9900,10020,0
DBD.US,5,20131202,154500,33.9500,33.9700,33.9000,33.9700,5000,0
DBD.US,5,20131202,155000,33.9600,33.9600,33.8400,33.8500,5300,0
DBD.US,5,20131202,155500,33.8500,33.8900,33.8400,33.8500,5114,0
DBD.US,5,20131202,160000,33.8400,33.8500,33.7400,33.7400,8984,0
DBD.US,5,20131202,160500,33.7400,33.7500,33.5700,33.5800,22373,0
DBD.US,5,20131202,161000,33.5800,33.7700,33.5800,33.7500,10155,0
DBD.US,5,20131202,161500,33.7400,33.8500,33.7400,33.8500,7963,0
DBD.US,5,20131202,162000,33.8600,33.8600,33.7900,33.8000,6425,0
DBD.US,5,20131202,162500,33.8100,33.8100,33.7800,33.7800,1900,0
DBD.US,5,20131202,163000,33.7900,33.8000,33.7100,33.7100,10785,0
DBD.US,5,20131202,163500,33.7300,33.7600,33.7300,33.7500,3600,0
DBD.US,5,20131202,164000,33.7600,33.7600,33.6600,33.6700,7200,0
DBD.US,5,20131202,164500,33.6700,33.7600,33.6700,33.7600,10098,0
DBD.US,5,20131202,165000,33.7600,33.8400,33.7600,33.8400,6565,0
DBD.US,5,20131202,165500,33.8400,33.8700,33.8100,33.8600,16734,0
DBD.US,5,20131202,170000,33.8800,33.9200,33.8800,33.9000,10978,0
DBD.US,5,20131202,170500,33.9000,33.9500,33.8800,33.9500,5951,0
DBD.US,5,20131202,171000,33.9400,33.9500,33.9300,33.9300,4000,0
DBD.US,5,20131202,171500,33.9200,33.9200,33.8800,33.9000,6738,0
DBD.US,5,20131202,172000,33.9100,33.9300,33.9000,33.9200,5476,0
DBD.US,5,20131202,172500,33.9200,33.9300,33.9000,33.9100,5000,0
DBD.US,5,20131202,173000,33.9000,33.9100,33.8900,33.9000,4299,0
DBD.US,5,20131202,173500,33.8900,33.9100,33.8900,33.8900,6501,0
DBD.US,5,20131202,174000,33.8800,33.8800,33.8600,33.8800,4900,0
DBD.US,5,20131202,174500,33.8700,33.8700,33.8400,33.8500,13539,0
DBD.US,5,20131202,175000,33.8600,33.8600,33.8300,33.8300,11705,0
DBD.US,5,20131202,175500,33.8400,33.8400,33.8200,33.8300,7738,0
DBD.US,5,20131202,180000,33.8400,33.9000,33.8400,33.9000,6548,0
DBD.US,5,20131202,180500,33.8900,33.9100,33.8900,33.9000,4000,0
DBD.US,5,20131202,181000,33.8900,33.9000,33.8800,33.8900,3404,0
DBD.US,5,20131202,181500,33.8900,33.8900,33.8700,33.8700,2300,0
DBD.US,5,20131202,182000,33.8700,33.8700,33.8200,33.8300,6266,0
DBD.US,5,20131202,182500,33.8400,33.8500,33.8400,33.8500,4500,0
DBD.US,5,20131202,183000,33.8600,33.8700,33.8500,33.8500,4500,0
DBD.US,5,20131202,183500,33.8600,33.8700,33.8600,33.8600,3904,0
DBD.US,5,20131202,184000,33.8700,33.8700,33.8600,33.8600,4402,0
DBD.US,5,20131202,184500,33.8500,33.8600,33.8400,33.8500,4532,0
DBD.US,5,20131202,185000,33.8500,33.8500,33.8000,33.8000,9426,0
DBD.US,5,20131202,185500,33.8000,33.8100,33.8000,33.8100,6711,0
DBD.US,5,20131202,190000,33.8100,33.8100,33.8000,33.8100,4011,0
DBD.US,5,20131202,190500,33.8100,33.8100,33.7700,33.7700,14495,0
DBD.US,5,20131202,191000,33.7800,33.7800,33.7300,33.7500,12595,0
DBD.US,5,20131202,191500,33.7500,33.7500,33.7000,33.7100,4101,0
DBD.US,5,20131202,192000,33.7100,33.7200,33.7000,33.7200,13394,0
DBD.US,5,20131202,192500,33.7200,33.7700,33.7200,33.7700,4600,0
DBD.US,5,20131202,193000,33.7700,33.7700,33.7600,33.7600,3892,0
DBD.US,5,20131202,193500,33.7700,33.7800,33.7400,33.7800,8326,0
DBD.US,5,20131202,194000,33.7800,33.8600,33.7800,33.8100,47809,0
DBD.US,5,20131202,194500,33.8200,33.8200,33.8000,33.8000,9900,0
DBD.US,5,20131202,195000,33.7900,33.8000,33.7800,33.7900,6700,0
DBD.US,5,20131202,195500,33.7900,33.8100,33.7800,33.8000,8053,0
DBD.US,5,20131202,200000,33.8000,33.8100,33.7900,33.8000,6786,0
DBD.US,5,20131202,200500,33.8000,33.8000,33.7800,33.7900,5100,0
DBD.US,5,20131202,201000,33.7900,33.8300,33.7700,33.8000,50230,0
DBD.US,5,20131202,201500,33.8000,33.8000,33.7500,33.7700,9741,0
DBD.US,5,20131202,202000,33.7600,33.7800,33.7500,33.7800,10958,0
DBD.US,5,20131202,202500,33.7800,33.7900,33.7700,33.7800,7800,0
DBD.US,5,20131202,203000,33.7700,33.7900,33.7700,33.7800,4166,0
DBD.US,5,20131202,203500,33.7800,33.7800,33.7500,33.7500,10300,0
DBD.US,5,20131202,204000,33.7500,33.7600,33.7500,33.7600,8700,0
DBD.US,5,20131202,204500,33.7500,33.7600,33.6800,33.6800,10700,0
DBD.US,5,20131202,205000,33.6900,33.6900,33.6700,33.6900,9100,0
DBD.US,5,20131202,205500,33.6900,33.7000,33.6800,33.7000,6500,0
DBD.US,5,20131202,210000,33.6900,33.7200,33.6900,33.7200,11016,0
DBD.US,5,20131202,210500,33.7200,33.7300,33.7100,33.7200,7444,0
DBD.US,5,20131202,211000,33.7100,33.7100,33.6900,33.6900,10450,0
DBD.US,5,20131202,211500,33.6900,33.7000,33.6500,33.6500,7008,0
DBD.US,5,20131202,212000,33.6500,33.6600,33.6500,33.6500,5746,0
DBD.US,5,20131202,212500,33.6500,33.7000,33.6400,33.7000,15302,0
DBD.US,5,20131202,213000,33.6900,33.7000,33.6700,33.6700,8565,0
DBD.US,5,20131202,213500,33.6700,33.6700,33.6400,33.6600,12932,0
DBD.US,5,20131202,214000,33.6600,33.6700,33.6500,33.6700,12100,0
DBD.US,5,20131202,214500,33.6600,33.6800,33.6600,33.6700,11100,0
DBD.US,5,20131202,215000,33.6800,33.7100,33.6700,33.6900,36638,0
DBD.US,5,20131202,215500,33.7000,33.7000,33.6700,33.6800,20506,0
DBD.US,5,20131202,220000,33.6800,33.6800,33.6700,33.6800,41050,0
DBD.US,5,20131202,220500,33.6800,33.6800,33.6800,33.6800,44596,0
DBD.US,5,20131203,153500,33.6400,33.6600,33.5000,33.5600,15700,0
DBD.US,5,20131203,154000,33.5600,33.5700,33.2700,33.2800,29341,0
DBD.US,5,20131203,154500,33.3300,33.5900,33.3300,33.5500,9200,0
DBD.US,5,20131203,155000,33.5600,33.5600,33.4400,33.5100,36722,0
DBD.US,5,20131203,155500,33.5100,33.6400,33.4800,33.6100,17397,0
DBD.US,5,20131203,160000,33.6100,33.6500,33.5800,33.6500,4300,0
DBD.US,5,20131203,160500,33.6500,33.6500,33.4600,33.4600,7851,0
DBD.US,5,20131203,161000,33.4600,33.5800,33.4300,33.5100,23500,0
DBD.US,5,20131203,161500,33.5100,33.5900,33.3400,33.3900,106762,0
DBD.US,5,20131203,162000,33.3800,33.5200,33.3800,33.4600,9606,0
DBD.US,5,20131203,162500,33.4500,33.4500,33.3900,33.4100,5776,0
DBD.US,5,20131203,163000,33.4000,33.4000,33.3200,33.3300,7801,0
DBD.US,5,20131203,163500,33.3100,33.3200,33.3000,33.3100,3600,0
DBD.US,5,20131203,164000,33.3000,33.3100,33.2000,33.3100,24263,0
DBD.US,5,20131203,164500,33.3000,33.3000,33.1900,33.2000,19359,0
DBD.US,5,20131203,165000,33.2000,33.2100,33.1700,33.1900,5300,0
DBD.US,5,20131203,165500,33.1700,33.1700,33.1100,33.1100,5346,0
DBD.US,5,20131203,170000,33.1300,33.1500,33.1200,33.1500,7696,0
DBD.US,5,20131203,170500,33.1400,33.1500,33.1100,33.1200,7400,0
DBD.US,5,20131203,171000,33.1300,33.1400,33.0400,33.0600,8600,0
DBD.US,5,20131203,171500,33.0600,33.0600,32.9600,32.9700,24689,0
DBD.US,5,20131203,172000,32.9700,33.0000,32.9400,32.9400,42181,0
DBD.US,5,20131203,172500,32.9700,32.9700,32.9400,32.9500,4665,0
DBD.US,5,20131203,173000,32.9400,32.9600,32.9100,32.9500,5893,0
DBD.US,5,20131203,173500,32.9400,33.0000,32.9100,32.9800,28816,0
DBD.US,5,20131203,174000,32.9800,33.0500,32.9400,33.0500,39026,0
DBD.US,5,20131203,174500,33.0400,33.0400,32.9700,32.9800,12684,0
DBD.US,5,20131203,175000,32.9900,32.9900,32.8700,32.8800,8600,0
DBD.US,5,20131203,175500,32.8700,32.8700,32.7000,32.7000,28073,0
DBD.US,5,20131203,180000,32.7100,32.7600,32.7000,32.7500,8080,0
DBD.US,5,20131203,180500,32.7500,32.7800,32.6900,32.7800,15403,0
DBD.US,5,20131203,181000,32.7700,32.9700,32.7700,32.9000,41240,0
DBD.US,5,20131203,181500,32.9000,33.0200,32.8900,33.0200,18973,0
DBD.US,5,20131203,182000,33.0300,33.0400,33.0200,33.0300,2210,0
DBD.US,5,20131203,182500,33.0200,33.0400,33.0200,33.0300,7600,0
DBD.US,5,20131203,183000,33.0300,33.0400,33.0300,33.0400,1511,0
DBD.US,5,20131203,183500,33.0300,33.0400,32.9900,32.9900,4952,0
DBD.US,5,20131203,184000,32.9900,33.0000,32.9700,32.9700,4700,0
DBD.US,5,20131203,184500,32.9600,32.9600,32.9300,32.9400,8276,0
DBD.US,5,20131203,185000,32.9400,32.9800,32.9300,32.9800,8295,0
DBD.US,5,20131203,185500,32.9700,33.0200,32.9600,33.0200,2300,0
DBD.US,5,20131203,190000,33.0200,33.0200,33.0000,33.0100,4816,0
DBD.US,5,20131203,190500,33.0200,33.0200,32.9400,32.9400,4099,0
DBD.US,5,20131203,191000,32.9500,32.9600,32.9300,32.9500,25100,0
DBD.US,5,20131203,191500,32.9400,32.9900,32.9400,32.9700,5400,0
DBD.US,5,20131203,192000,32.9700,32.9900,32.9500,32.9900,9310,0
DBD.US,5,20131203,192500,32.9800,32.9900,32.9600,32.9600,5215,0
DBD.US,5,20131203,193000,32.9400,32.9500,32.9000,32.9100,3800,0
DBD.US,5,20131203,193500,32.9100,32.9200,32.9000,32.9200,8981,0
DBD.US,5,20131203,194000,32.9200,32.9400,32.9100,32.9400,3515,0
DBD.US,5,20131203,194500,32.9400,32.9400,32.8800,32.8900,11190,0
DBD.US,5,20131203,195000,32.8800,32.9100,32.8800,32.9000,8386,0
DBD.US,5,20131203,195500,32.9000,32.9200,32.9000,32.9200,8969,0
DBD.US,5,20131203,200000,32.9200,32.9500,32.9200,32.9400,8400,0
DBD.US,5,20131203,200500,32.9500,32.9800,32.9400,32.9600,5946,0
DBD.US,5,20131203,201000,32.9600,32.9600,32.9400,32.9500,22301,0
DBD.US,5,20131203,201500,32.9500,32.9500,32.9300,32.9300,4900,0
DBD.US,5,20131203,202000,32.9300,32.9300,32.8900,32.9000,13738,0
DBD.US,5,20131203,202500,32.9000,32.9200,32.8900,32.8900,8913,0
DBD.US,5,20131203,203000,32.8900,32.9000,32.8800,32.9000,8100,0
DBD.US,5,20131203,203500,32.9000,32.9000,32.8800,32.8900,9600,0
DBD.US,5,20131203,204000,32.9000,32.9400,32.8900,32.9300,11356,0
DBD.US,5,20131203,204500,32.9400,32.9400,32.9200,32.9400,2510,0
DBD.US,5,20131203,205000,32.9400,32.9400,32.9100,32.9100,8912,0
DBD.US,5,20131203,205500,32.9200,32.9300,32.9100,32.9300,8287,0
DBD.US,5,20131203,210000,32.9200,32.9300,32.9100,32.9200,10420,0
DBD.US,5,20131203,210500,32.9300,32.9300,32.9000,32.9100,6803,0
DBD.US,5,20131203,211000,32.9100,32.9100,32.9000,32.9000,4900,0
DBD.US,5,20131203,211500,32.9100,32.9100,32.8900,32.9000,6100,0
DBD.US,5,20131203,212000,32.9000,32.9000,32.8900,32.8900,3390,0
DBD.US,5,20131203,212500,32.8900,32.9000,32.8000,32.8000,18148,0
DBD.US,5,20131203,213000,32.8000,32.8000,32.7900,32.7900,8478,0
DBD.US,5,20131203,213500,32.8000,32.8600,32.7900,32.8500,14719,0
DBD.US,5,20131203,214000,32.8600,32.8600,32.8400,32.8400,8865,0
DBD.US,5,20131203,214500,32.8400,32.8500,32.7800,32.7800,22737,0
DBD.US,5,20131203,215000,32.7800,32.9300,32.7800,32.9200,31947,0
DBD.US,5,20131203,215500,32.9300,33.0300,32.9200,33.0300,31228,0
DBD.US,5,20131203,220000,33.0300,33.0700,33.0200,33.0400,60945,0
DBD.US,5,20131203,220500,33.0400,33.0400,33.0400,33.0400,56202,0
DBD.US,5,20131204,153500,33.0800,33.1400,33.0600,33.1100,3349,0
DBD.US,5,20131204,154000,33.1300,33.1600,33.1000,33.1600,5135,0
DBD.US,5,20131204,154500,33.2200,33.3000,33.1900,33.3000,2500,0
DBD.US,5,20131204,155000,33.3100,33.3100,33.1800,33.1800,7600,0
DBD.US,5,20131204,155500,33.1800,33.1800,33.1300,33.1300,7110,0
DBD.US,5,20131204,160000,33.1300,33.1700,33.1300,33.1700,5410,0
DBD.US,5,20131204,160500,33.1700,33.2200,33.1600,33.2200,9250,0
DBD.US,5,20131204,161000,33.2100,33.2700,33.2100,33.2600,3227,0
DBD.US,5,20131204,161500,33.2600,33.2700,33.2500,33.2600,9277,0
DBD.US,5,20131204,162000,33.2800,33.3000,33.2500,33.2500,6390,0
DBD.US,5,20131204,162500,33.2500,33.3000,33.2500,33.2800,7217,0
DBD.US,5,20131204,163000,33.2600,33.2700,33.2500,33.2500,2400,0
DBD.US,5,20131204,163500,33.2600,33.2700,33.2500,33.2500,12063,0
DBD.US,5,20131204,164000,33.2500,33.2800,33.2500,33.2800,4200,0
DBD.US,5,20131204,164500,33.2800,33.3600,33.2800,33.3500,5398,0
DBD.US,5,20131204,165000,33.3500,33.3700,33.3500,33.3700,4211,0
DBD.US,5,20131204,165500,33.3600,33.3900,33.3500,33.3500,6700,0
DBD.US,5,20131204,170000,33.3500,33.4200,33.3500,33.4200,10807,0
DBD.US,5,20131204,170500,33.4200,33.4200,33.3700,33.4100,7891,0
DBD.US,5,20131204,171000,33.4200,33.4500,33.4200,33.4300,5711,0
DBD.US,5,20131204,171500,33.4400,33.4500,33.3900,33.4100,9295,0
DBD.US,5,20131204,172000,33.4000,33.4500,33.4000,33.4300,10205,0
DBD.US,5,20131204,172500,33.4300,33.4400,33.4100,33.4300,6300,0
DBD.US,5,20131204,173000,33.4300,33.4300,33.3900,33.4100,6399,0
DBD.US,5,20131204,173500,33.4200,33.4600,33.4200,33.4600,3190,0
DBD.US,5,20131204,174000,33.4500,33.4600,33.3900,33.3900,10580,0
DBD.US,5,20131204,174500,33.3800,33.4300,33.3800,33.4300,14117,0
DBD.US,5,20131204,175000,33.4300,33.4400,33.4100,33.4100,9694,0
DBD.US,5,20131204,175500,33.4100,33.4200,33.3900,33.4200,2400,0
DBD.US,5,20131204,180000,33.4100,33.4300,33.4000,33.4300,7701,0
DBD.US,5,20131204,180500,33.4200,33.4300,33.3800,33.3800,17048,0
DBD.US,5,20131204,181000,33.4000,33.4300,33.3900,33.4100,5186,0
DBD.US,5,20131204,181500,33.4100,33.4100,33.3800,33.3800,2700,0
DBD.US,5,20131204,182000,33.4000,33.4400,33.3800,33.4100,17275,0
DBD.US,5,20131204,182500,33.4100,33.4100,33.3800,33.4100,6931,0
DBD.US,5,20131204,183000,33.4000,33.4000,33.3700,33.3800,6615,0
DBD.US,5,20131204,183500,33.3800,33.4000,33.3700,33.4000,2899,0
DBD.US,5,20131204,184000,33.4200,33.4200,33.3900,33.3900,6592,0
DBD.US,5,20131204,184500,33.3900,33.3900,33.3600,33.3600,2500,0
DBD.US,5,20131204,185000,33.3600,33.3900,33.3400,33.3400,6268,0
DBD.US,5,20131204,185500,33.3400,33.3500,33.3400,33.3400,1800,0
DBD.US,5,20131204,190000,33.3400,33.3500,33.3200,33.3200,2301,0
DBD.US,5,20131204,190500,33.3200,33.3200,33.3100,33.3200,9209,0
DBD.US,5,20131204,191000,33.3100,33.3100,33.2500,33.2600,5502,0
DBD.US,5,20131204,191500,33.2500,33.2600,33.2200,33.2200,6390,0
DBD.US,5,20131204,192000,33.2200,33.2200,33.1400,33.1400,6510,0
DBD.US,5,20131204,192500,33.1300,33.1300,33.0600,33.0800,11513,0
DBD.US,5,20131204,193000,33.0900,33.1000,33.0600,33.0700,3480,0
DBD.US,5,20131204,193500,33.0500,33.0600,32.9400,32.9600,7381,0
DBD.US,5,20131204,194000,32.9500,32.9700,32.9500,32.9700,4600,0
DBD.US,5,20131204,194500,32.9700,33.0100,32.9600,32.9800,8700,0
DBD.US,5,20131204,195000,32.9700,33.0300,32.9700,33.0200,2816,0
DBD.US,5,20131204,195500,33.0200,33.0200,32.9900,33.0000,3896,0
DBD.US,5,20131204,200000,33.0000,33.0100,32.9900,33.0100,3101,0
DBD.US,5,20131204,200500,33.0200,33.0700,33.0200,33.0600,2500,0
DBD.US,5,20131204,201000,33.0700,33.0800,33.0200,33.0200,6101,0
DBD.US,5,20131204,201500,33.0100,33.0700,33.0000,33.0200,7275,0
DBD.US,5,20131204,202000,33.0200,33.0700,33.0200,33.0700,3465,0
DBD.US,5,20131204,202500,33.0600,33.0700,33.0400,33.0400,2970,0
DBD.US,5,20131204,203000,33.0400,33.0800,33.0400,33.0600,5900,0
DBD.US,5,20131204,203500,33.0600,33.1100,33.0500,33.0900,4500,0
DBD.US,5,20131204,204000,33.0900,33.0900,33.0500,33.0800,10249,0
DBD.US,5,20131204,204500,33.0800,33.1000,33.0800,33.1000,2300,0
DBD.US,5,20131204,205000,33.1000,33.1600,33.1000,33.1600,5435,0
DBD.US,5,20131204,205500,33.1700,33.1800,33.1300,33.1300,6901,0
DBD.US,5,20131204,210000,33.1400,33.1500,33.1000,33.1100,6700,0
DBD.US,5,20131204,210500,33.1100,33.1100,33.0200,33.0300,9463,0
DBD.US,5,20131204,211000,33.0300,33.0400,32.9400,32.9400,20020,0
DBD.US,5,20131204,211500,32.9400,32.9800,32.9400,32.9700,4990,0
DBD.US,5,20131204,212000,32.9800,33.1000,32.9800,33.1000,10729,0
DBD.US,5,20131204,212500,33.1100,33.2100,33.1100,33.2100,20497,0
DBD.US,5,20131204,213000,33.2200,33.2200,33.1800,33.2000,15497,0
DBD.US,5,20131204,213500,33.2100,33.2200,33.1800,33.2200,35906,0
DBD.US,5,20131204,214000,33.2200,33.2400,33.2100,33.2400,8761,0
DBD.US,5,20131204,214500,33.2300,33.2900,33.2300,33.2700,14293,0
DBD.US,5,20131204,215000,33.2900,33.3300,33.2800,33.3100,15697,0
DBD.US,5,20131204,215500,33.3200,33.3200,33.2400,33.3000,29713,0
DBD.US,5,20131204,220000,33.3000,33.3300,33.2800,33.2900,38760,0
DBD.US,5,20131204,220500,33.2900,33.2900,33.2900,33.2900,70144,0
DBD.US,5,20131205,153500,33.2200,33.2800,33.1700,33.2800,2660,0
DBD.US,5,20131205,154000,33.2800,33.3300,33.2600,33.3200,10283,0
DBD.US,5,20131205,154500,33.3100,33.3100,33.2400,33.2700,3000,0
DBD.US,5,20131205,155000,33.2600,33.2600,33.2300,33.2300,1800,0
DBD.US,5,20131205,155500,33.2200,33.2300,33.1700,33.2300,5518,0
DBD.US,5,20131205,160000,33.2400,33.2500,33.2400,33.2400,3100,0
DBD.US,5,20131205,160500,33.2300,33.2600,33.1800,33.1800,8222,0
DBD.US,5,20131205,161000,33.1800,33.1900,33.1700,33.1700,1600,0
DBD.US,5,20131205,161500,33.1600,33.1800,33.1100,33.1200,5000,0
DBD.US,5,20131205,162000,33.1000,33.1000,33.0600,33.0600,3100,0
DBD.US,5,20131205,162500,33.0600,33.0600,33.0300,33.0300,4325,0
DBD.US,5,20131205,163000,33.0300,33.0800,33.0300,33.0800,2900,0
DBD.US,5,20131205,163500,33.0800,33.1100,33.0800,33.1100,2700,0
DBD.US,5,20131205,164000,33.1100,33.1300,33.1000,33.1300,2109,0
DBD.US,5,20131205,164500,33.1200,33.1200,33.0700,33.0700,5635,0
DBD.US,5,20131205,165000,33.0600,33.0600,32.9800,32.9900,6700,0
DBD.US,5,20131205,165500,32.9900,32.9900,32.9600,32.9600,5100,0
DBD.US,5,20131205,170000,32.9700,32.9700,32.9100,32.9100,4100,0
DBD.US,5,20131205,170500,32.9100,32.9100,32.8300,32.8300,16505,0
DBD.US,5,20131205,171000,32.8200,32.8600,32.8000,32.8400,22054,0
DBD.US,5,20131205,171500,32.8500,32.8800,32.8500,32.8800,3000,0
DBD.US,5,20131205,172000,32.8800,32.9000,32.8500,32.8700,11400,0
DBD.US,5,20131205,172500,32.8800,32.9200,32.8700,32.8800,5741,0
DBD.US,5,20131205,173000,32.9100,32.9200,32.7900,32.8500,17111,0
DBD.US,5,20131205,173500,32.8600,32.8700,32.8200,32.8200,8419,0
DBD.US,5,20131205,174000,32.8200,32.8300,32.7200,32.7400,12776,0
DBD.US,5,20131205,174500,32.7400,32.7500,32.6600,32.7300,15670,0
DBD.US,5,20131205,175000,32.7300,32.7400,32.6900,32.7000,6452,0
DBD.US,5,20131205,175500,32.7000,32.7200,32.6900,32.7200,10299,0
DBD.US,5,20131205,180000,32.7200,32.7200,32.6300,32.6500,20269,0
DBD.US,5,20131205,180500,32.6700,32.6900,32.6100,32.6600,16899,0
DBD.US,5,20131205,181000,32.6600,32.7000,32.6600,32.6900,2950,0
DBD.US,5,20131205,181500,32.6900,32.7100,32.6800,32.7100,4160,0
DBD.US,5,20131205,182000,32.7100,32.7100,32.7000,32.7000,1802,0
DBD.US,5,20131205,182500,32.7000,32.7100,32.6900,32.7100,1300,0
DBD.US,5,20131205,183000,32.7100,32.7700,32.7100,32.7700,5201,0
DBD.US,5,20131205,183500,32.7700,32.7900,32.7300,32.7300,8614,0
DBD.US,5,20131205,184000,32.7300,32.7400,32.7200,32.7300,4900,0
DBD.US,5,20131205,184500,32.7400,32.7600,32.7300,32.7600,3449,0
DBD.US,5,20131205,185000,32.7600,32.7600,32.7600,32.7600,1693,0
DBD.US,5,20131205,185500,32.7500,32.7600,32.7200,32.7500,7126,0
DBD.US,5,20131205,190000,32.7500,32.7700,32.7500,32.7700,500,0
DBD.US,5,20131205,190500,32.7500,32.7700,32.7500,32.7600,1700,0
DBD.US,5,20131205,191000,32.7700,32.7700,32.7400,32.7400,4939,0
DBD.US,5,20131205,191500,32.7400,32.7400,32.7200,32.7200,6212,0
DBD.US,5,20131205,192000,32.7100,32.7100,32.6600,32.7100,9800,0
DBD.US,5,20131205,192500,32.6900,32.7300,32.6800,32.7300,3150,0
DBD.US,5,20131205,193000,32.7300,32.7400,32.7000,32.7000,3300,0
DBD.US,5,20131205,193500,32.7100,32.7400,32.7100,32.7400,3400,0
DBD.US,5,20131205,194000,32.7400,32.8100,32.7400,32.8100,10346,0
DBD.US,5,20131205,194500,32.8100,32.8100,32.7700,32.7800,4754,0
DBD.US,5,20131205,195000,32.7800,32.7800,32.7600,32.7600,4865,0
DBD.US,5,20131205,195500,32.7600,32.8000,32.7500,32.8000,7400,0
DBD.US,5,20131205,200000,32.8000,32.8500,32.8000,32.8500,2800,0
DBD.US,5,20131205,200500,32.8500,32.9300,32.8500,32.9000,6556,0
DBD.US,5,20131205,201000,32.9100,32.9100,32.8300,32.8400,5031,0
DBD.US,5,20131205,201500,32.8400,32.8700,32.8400,32.8400,3013,0
DBD.US,5,20131205,202000,32.8400,32.8900,32.8300,32.8900,4425,0
DBD.US,5,20131205,202500,32.9000,32.9000,32.8800,32.8800,2310,0
DBD.US,5,20131205,203000,32.8600,32.8900,32.8200,32.8800,3900,0
DBD.US,5,20131205,203500,32.8900,32.9100,32.8900,32.9000,3300,0
DBD.US,5,20131205,204000,32.9000,32.9500,32.9000,32.9300,6968,0
DBD.US,5,20131205,204500,32.9400,32.9400,32.8900,32.8900,5496,0
DBD.US,5,20131205,205000,32.8900,32.8900,32.8600,32.8700,7217,0
DBD.US,5,20131205,205500,32.8600,32.8600,32.7400,32.7400,6704,0
DBD.US,5,20131205,210000,32.7400,32.7400,32.7200,32.7300,6100,0
DBD.US,5,20131205,210500,32.7400,32.8000,32.7400,32.7700,9312,0
DBD.US,5,20131205,211000,32.7800,32.8200,32.7800,32.8000,6112,0
DBD.US,5,20131205,211500,32.8000,32.8000,32.7800,32.8000,8127,0
DBD.US,5,20131205,212000,32.8000,32.8000,32.7700,32.7700,3800,0
DBD.US,5,20131205,212500,32.7800,32.8000,32.7800,32.8000,4812,0
DBD.US,5,20131205,213000,32.8000,32.8100,32.7500,32.7500,12780,0
DBD.US,5,20131205,213500,32.7500,32.8300,32.7500,32.8300,9100,0
DBD.US,5,20131205,214000,32.8300,32.8500,32.8300,32.8400,6772,0
DBD.US,5,20131205,214500,32.8400,32.8500,32.7900,32.8000,16136,0
DBD.US,5,20131205,215000,32.8100,32.8100,32.7800,32.8000,13540,0
DBD.US,5,20131205,215500,32.8100,32.8100,32.7900,32.8000,14203,0
DBD.US,5,20131205,220000,32.8000,32.8100,32.7900,32.8100,34971,0
DBD.US,5,20131205,220500,32.8100,32.8100,32.8100,32.8100,74808,0
DBD.US,5,20131206,153500,33.0200,33.2500,33.0200,33.1500,5459,0
DBD.US,5,20131206,154000,33.1500,33.1600,33.0600,33.1000,2411,0
DBD.US,5,20131206,154500,33.0500,33.0700,33.0300,33.0500,5531,0
DBD.US,5,20131206,155000,33.0200,33.0600,32.9700,32.9700,6855,0
DBD.US,5,20131206,155500,32.9500,33.0200,32.9300,33.0000,3400,0
DBD.US,5,20131206,160000,33.0300,33.0600,32.9900,32.9900,7102,0
DBD.US,5,20131206,160500,32.9700,33.0000,32.8000,32.8400,11257,0
DBD.US,5,20131206,161000,32.8600,32.9000,32.8600,32.8600,4689,0
DBD.US,5,20131206,161500,32.8900,32.8900,32.8000,32.8200,8090,0
DBD.US,5,20131206,162000,32.8400,32.9000,32.8300,32.8800,11667,0
DBD.US,5,20131206,162500,32.8800,32.8800,32.8400,32.8600,6041,0
DBD.US,5,20131206,163000,32.8700,32.8800,32.8700,32.8700,1503,0
DBD.US,5,20131206,163500,32.8600,32.8700,32.8200,32.8200,4400,0
DBD.US,5,20131206,164000,32.8100,32.8600,32.8100,32.8500,1000,0
DBD.US,5,20131206,164500,32.8400,32.8500,32.8400,32.8400,2500,0
DBD.US,5,20131206,165000,32.8300,32.8900,32.8300,32.8800,11196,0
DBD.US,5,20131206,165500,32.8800,32.9000,32.8700,32.8800,10800,0
DBD.US,5,20131206,170000,32.8700,32.8800,32.8400,32.8400,7134,0
DBD.US,5,20131206,170500,32.8500,32.8800,32.8500,32.8800,3800,0
DBD.US,5,20131206,171000,32.8800,32.8800,32.8600,32.8600,4500,0
DBD.US,5,20131206,171500,32.8600,32.8900,32.8600,32.8700,9180,0
DBD.US,5,20131206,172000,32.8900,32.9000,32.8800,32.8800,3700,0
DBD.US,5,20131206,172500,32.8800,32.8800,32.8200,32.8200,7154,0
DBD.US,5,20131206,173000,32.8300,32.8400,32.8300,32.8400,1600,0
DBD.US,5,20131206,173500,32.8500,32.9000,32.8500,32.8800,13940,0
DBD.US,5,20131206,174000,32.8800,32.8800,32.8400,32.8400,1100,0
DBD.US,5,20131206,174500,32.8400,32.8600,32.8400,32.8600,800,0
DBD.US,5,20131206,175000,32.8700,32.8800,32.8600,32.8800,4904,0
DBD.US,5,20131206,175500,32.8800,32.8900,32.8700,32.8800,6271,0
DBD.US,5,20131206,180000,32.8700,32.8800,32.8600,32.8800,2800,0
DBD.US,5,20131206,180500,32.8800,32.8800,32.8700,32.8700,5619,0
DBD.US,5,20131206,181000,32.8700,32.8700,32.8700,32.8700,850,0
DBD.US,5,20131206,181500,32.8700,32.8900,32.8700,32.8800,19023,0
DBD.US,5,20131206,182000,32.8700,32.8900,32.8700,32.8900,3710,0
DBD.US,5,20131206,182500,32.8800,32.8900,32.8500,32.8700,7150,0
DBD.US,5,20131206,183000,32.8700,32.8800,32.8700,32.8800,1000,0
DBD.US,5,20131206,183500,32.8800,32.8900,32.8800,32.8900,600,0
DBD.US,5,20131206,184000,32.8900,32.9200,32.8900,32.9200,4039,0
DBD.US,5,20131206,184500,32.9200,32.9500,32.9200,32.9500,900,0
DBD.US,5,20131206,185000,32.9500,32.9500,32.9400,32.9400,900,0
DBD.US,5,20131206,185500,32.9500,32.9500,32.8800,32.9400,16532,0
DBD.US,5,20131206,190000,32.9400,32.9600,32.9400,32.9600,3450,0
DBD.US,5,20131206,190500,32.9700,32.9800,32.9400,32.9500,3800,0
DBD.US,5,20131206,191000,32.9500,32.9600,32.9400,32.9400,2520,0
DBD.US,5,20131206,191500,32.9300,32.9400,32.9300,32.9300,400,0
DBD.US,5,20131206,192000,32.9400,32.9800,32.9400,32.9800,8700,0
DBD.US,5,20131206,192500,32.9700,32.9700,32.9300,32.9300,7659,0
DBD.US,5,20131206,193000,32.9400,32.9400,32.9100,32.9100,3200,0
DBD.US,5,20131206,193500,32.9000,32.9300,32.9000,32.9000,4823,0
DBD.US,5,20131206,194000,32.9100,32.9400,32.9100,32.9300,2995,0
DBD.US,5,20131206,194500,32.9400,32.9800,32.9400,32.9700,24594,0
DBD.US,5,20131206,195000,32.9600,32.9700,32.9500,32.9700,3650,0
DBD.US,5,20131206,195500,32.9600,32.9700,32.9600,32.9600,2100,0
DBD.US,5,20131206,200000,32.9700,32.9700,32.9500,32.9500,4516,0
DBD.US,5,20131206,200500,32.9600,32.9700,32.9600,32.9600,3050,0
DBD.US,5,20131206,201000,32.9600,32.9800,32.9600,32.9800,5100,0
DBD.US,5,20131206,201500,32.9700,32.9800,32.9500,32.9600,8603,0
DBD.US,5,20131206,202000,32.9600,32.9700,32.9500,32.9500,2053,0
DBD.US,5,20131206,202500,32.9500,32.9500,32.9400,32.9500,5391,0
DBD.US,5,20131206,203000,32.9400,32.9500,32.9300,32.9300,2900,0
DBD.US,5,20131206,203500,32.9400,32.9400,32.9300,32.9400,2900,0
DBD.US,5,20131206,204000,32.9300,32.9400,32.9300,32.9300,1200,0
DBD.US,5,20131206,204500,32.9300,32.9400,32.9100,32.9100,4804,0
DBD.US,5,20131206,205000,32.9100,32.9200,32.8900,32.8900,8600,0
DBD.US,5,20131206,205500,32.8800,32.8800,32.8500,32.8500,3573,0
DBD.US,5,20131206,210000,32.8500,32.8500,32.8100,32.8200,3826,0
DBD.US,5,20131206,210500,32.8200,32.8500,32.8200,32.8500,6502,0
DBD.US,5,20131206,211000,32.8500,32.8500,32.8500,32.8500,1000,0
DBD.US,5,20131206,211500,32.8500,32.8500,32.8200,32.8200,5300,0
DBD.US,5,20131206,212000,32.8200,32.8300,32.8200,32.8200,1667,0
DBD.US,5,20131206,212500,32.8200,32.8300,32.8200,32.8200,2397,0
DBD.US,5,20131206,213000,32.8200,32.8300,32.8000,32.8000,7041,0
DBD.US,5,20131206,213500,32.8000,32.8500,32.8000,32.8500,7204,0
DBD.US,5,20131206,214000,32.8500,32.8500,32.8100,32.8200,5900,0
DBD.US,5,20131206,214500,32.8100,32.8800,32.8100,32.8800,8570,0
DBD.US,5,20131206,215000,32.8800,32.8900,32.8800,32.8900,17147,0
DBD.US,5,20131206,215500,32.8900,32.9300,32.8800,32.9200,16188,0
DBD.US,5,20131206,220000,32.9300,32.9700,32.9100,32.9300,47506,0
DBD.US,5,20131206,220500,32.9300,32.9300,32.9300,32.9300,67902,0
DBD.US,5,20131209,153500,32.9000,32.9000,32.8800,32.8800,1350,0
DBD.US,5,20131209,154000,32.8800,32.8800,32.8400,32.8500,2200,0
DBD.US,5,20131209,154500,32.8600,32.9400,32.8600,32.9000,11800,0
DBD.US,5,20131209,155000,32.9200,32.9800,32.9000,32.9600,12472,0
DBD.US,5,20131209,155500,32.9700,32.9900,32.9500,32.9600,8300,0
DBD.US,5,20131209,160000,32.9800,32.9800,32.9500,32.9500,3983,0
DBD.US,5,20131209,160500,32.9600,32.9800,32.9000,32.9000,29783,0
DBD.US,5,20131209,161000,32.9100,32.9100,32.8800,32.8800,6610,0
DBD.US,5,20131209,161500,32.8600,32.8900,32.8600,32.8800,4534,0
DBD.US,5,20131209,162000,32.8700,32.8700,32.8500,32.8500,1900,0
DBD.US,5,20131209,162500,32.8500,32.8500,32.7900,32.7900,5300,0
DBD.US,5,20131209,163000,32.8100,32.8400,32.8000,32.8300,3300,0
DBD.US,5,20131209,163500,32.8100,32.8100,32.7800,32.8100,1200,0
DBD.US,5,20131209,164000,32.8100,32.8500,32.8100,32.8500,1550,0
DBD.US,5,20131209,164500,32.8600,32.8900,32.8600,32.8800,2800,0
DBD.US,5,20131209,165000,32.8800,32.8800,32.8700,32.8700,1700,0
DBD.US,5,20131209,165500,32.8600,32.8800,32.8600,32.8800,2500,0
DBD.US,5,20131209,170000,32.8900,32.8900,32.8600,32.8600,3500,0
DBD.US,5,20131209,170500,32.8700,32.9000,32.8700,32.9000,2500,0
DBD.US,5,20131209,171000,32.9000,32.9200,32.9000,32.9000,6806,0
DBD.US,5,20131209,171500,32.9000,32.9000,32.8600,32.8600,2600,0
DBD.US,5,20131209,172000,32.8500,32.8800,32.8500,32.8700,3600,0
DBD.US,5,20131209,172500,32.8700,32.8900,32.8700,32.8800,2500,0
DBD.US,5,20131209,173000,32.8900,32.9100,32.8800,32.8800,2800,0
DBD.US,5,20131209,173500,32.8700,32.8700,32.8400,32.8400,2100,0
DBD.US,5,20131209,174000,32.8400,32.8400,32.8100,32.8100,2100,0
DBD.US,5,20131209,174500,32.7900,32.8200,32.7100,32.7100,10045,0
DBD.US,5,20131209,175000,32.7000,32.7200,32.6700,32.6700,3656,0
DBD.US,5,20131209,175500,32.6700,32.6900,32.6600,32.6700,5300,0
DBD.US,5,20131209,180000,32.6600,32.7200,32.6600,32.6600,7200,0
DBD.US,5,20131209,180500,32.6700,32.7300,32.6700,32.7200,2700,0
DBD.US,5,20131209,181000,32.7200,32.7300,32.7000,32.7000,3496,0
DBD.US,5,20131209,181500,32.7100,32.7200,32.7000,32.7100,3400,0
DBD.US,5,20131209,182000,32.7100,32.7100,32.6900,32.7100,3241,0
DBD.US,5,20131209,182500,32.7100,32.7300,32.7100,32.7200,2000,0
DBD.US,5,20131209,183000,32.7300,32.7500,32.7200,32.7300,3700,0
DBD.US,5,20131209,183500,32.7200,32.7400,32.7200,32.7300,1150,0
DBD.US,5,20131209,184000,32.7400,32.7400,32.7000,32.7000,6268,0
DBD.US,5,20131209,184500,32.7000,32.7000,32.6800,32.6800,5300,0
DBD.US,5,20131209,185000,32.6900,32.7000,32.6600,32.6800,4600,0
DBD.US,5,20131209,185500,32.6700,32.6900,32.6600,32.6600,4600,0
DBD.US,5,20131209,190000,32.6700,32.6800,32.6600,32.6600,3150,0
DBD.US,5,20131209,190500,32.6700,32.6900,32.6600,32.6600,4400,0
DBD.US,5,20131209,191000,32.6700,32.6700,32.6700,32.6700,2100,0
DBD.US,5,20131209,191500,32.6700,32.6800,32.6600,32.6600,5100,0
DBD.US,5,20131209,192000,32.6600,32.6600,32.6500,32.6500,2094,0
DBD.US,5,20131209,192500,32.6600,32.6800,32.6600,32.6600,6008,0
DBD.US,5,20131209,193000,32.6600,32.6600,32.6500,32.6500,5153,0
DBD.US,5,20131209,193500,32.6600,32.6700,32.6500,32.6600,4663,0
DBD.US,5,20131209,194000,32.6500,32.6600,32.6300,32.6300,3100,0
DBD.US,5,20131209,194500,32.6300,32.6600,32.6300,32.6600,3000,0
DBD.US,5,20131209,195000,32.6500,32.6600,32.6400,32.6500,5400,0
DBD.US,5,20131209,195500,32.6500,32.6800,32.6400,32.6400,6720,0
DBD.US,5,20131209,200000,32.6200,32.6400,32.6100,32.6200,4963,0
DBD.US,5,20131209,200500,32.6200,32.6300,32.6000,32.6100,4894,0
DBD.US,5,20131209,201000,32.6000,32.6200,32.6000,32.6200,6378,0
DBD.US,5,20131209,201500,32.6200,32.6200,32.6100,32.6100,5073,0
DBD.US,5,20131209,202000,32.6200,32.6400,32.6100,32.6100,8200,0
DBD.US,5,20131209,202500,32.6100,32.6200,32.6100,32.6100,1400,0
DBD.US,5,20131209,203000,32.6100,32.6100,32.6100,32.6100,1200,0
DBD.US,5,20131209,203500,32.6200,32.6300,32.6100,32.6200,9843,0
DBD.US,5,20131209,204000,32.6200,32.6300,32.6100,32.6200,3500,0
DBD.US,5,20131209,204500,32.6100,32.6100,32.5800,32.5800,6827,0
DBD.US,5,20131209,205000,32.5900,32.5900,32.5800,32.5900,3563,0
DBD.US,5,20131209,205500,32.5800,32.5900,32.5800,32.5800,3908,0
DBD.US,5,20131209,210000,32.5700,32.5700,32.5400,32.5700,6552,0
DBD.US,5,20131209,210500,32.5800,32.6000,32.5800,32.6000,3100,0
DBD.US,5,20131209,211000,32.6000,32.6000,32.5500,32.5500,13830,0
DBD.US,5,20131209,211500,32.5600,32.5800,32.5600,32.5700,9511,0
DBD.US,5,20131209,212000,32.5800,32.5900,32.5500,32.5500,4680,0
DBD.US,5,20131209,212500,32.5600,32.5700,32.5500,32.5700,4734,0
DBD.US,5,20131209,213000,32.5600,32.5700,32.5600,32.5600,5603,0
DBD.US,5,20131209,213500,32.5600,32.5800,32.5600,32.5600,12104,0
DBD.US,5,20131209,214000,32.5500,32.5500,32.5300,32.5300,6909,0
DBD.US,5,20131209,214500,32.5300,32.5500,32.5300,32.5400,8697,0
DBD.US,5,20131209,215000,32.5500,32.6000,32.5500,32.6000,25347,0
DBD.US,5,20131209,215500,32.6000,32.6200,32.5700,32.5700,18754,0
DBD.US,5,20131209,220000,32.5700,32.5800,32.5300,32.5400,67685,0
DBD.US,5,20131209,220500,32.5500,32.5500,32.5500,32.5500,118872,0
