<TICKER>,<PER>,<DTYYYYMMDD>,<TIME>,<OPEN>,<HIGH>,<LOW>,<CLOSE>,<VOL>,<OPENINT>
ELP.US,5,20131112,153500,12.6400,12.6900,12.6400,12.6700,5015,0
ELP.US,5,20131112,154000,12.6900,12.7400,12.6700,12.7200,9391,0
ELP.US,5,20131112,154500,12.7200,12.7400,12.7200,12.7400,2200,0
ELP.US,5,20131112,155000,12.7400,12.7400,12.7100,12.7300,4644,0
ELP.US,5,20131112,155500,12.7200,12.7300,12.7100,12.7300,4815,0
ELP.US,5,20131112,160000,12.7300,12.7600,12.7200,12.7400,4740,0
ELP.US,5,20131112,160500,12.7300,12.7300,12.7000,12.7000,2999,0
ELP.US,5,20131112,161000,12.7000,12.7000,12.6800,12.6900,2900,0
ELP.US,5,20131112,161500,12.6900,12.6900,12.6700,12.6800,3700,0
ELP.US,5,20131112,162000,12.6800,12.6900,12.6700,12.6900,6901,0
ELP.US,5,20131112,162500,12.6900,12.7100,12.6900,12.7100,4550,0
ELP.US,5,20131112,163000,12.7100,12.7400,12.7100,12.7400,3833,0
ELP.US,5,20131112,163500,12.7400,12.7500,12.7100,12.7200,6000,0
ELP.US,5,20131112,164000,12.7400,12.7700,12.7400,12.7700,3497,0
ELP.US,5,20131112,164500,12.7700,12.7700,12.7500,12.7600,3600,0
ELP.US,5,20131112,165000,12.7700,12.7800,12.7700,12.7800,1500,0
ELP.US,5,20131112,165500,12.7800,12.7800,12.7600,12.7800,1600,0
ELP.US,5,20131112,170000,12.7700,12.7800,12.7600,12.7700,2000,0
ELP.US,5,20131112,170500,12.7700,12.7700,12.7600,12.7700,2000,0
ELP.US,5,20131112,171000,12.7800,12.8000,12.7800,12.8000,2800,0
ELP.US,5,20131112,171500,12.8100,12.8400,12.8100,12.8400,2490,0
ELP.US,5,20131112,172000,12.8600,12.8600,12.8500,12.8500,500,0
ELP.US,5,20131112,172500,12.8600,12.8700,12.8400,12.8400,3500,0
ELP.US,5,20131112,173000,12.8300,12.8700,12.8300,12.8700,3200,0
ELP.US,5,20131112,173500,12.8800,12.8900,12.8600,12.8600,4165,0
ELP.US,5,20131112,174000,12.8600,12.8700,12.8200,12.8400,2375,0
ELP.US,5,20131112,174500,12.8400,12.8400,12.8100,12.8100,8379,0
ELP.US,5,20131112,175000,12.8000,12.8000,12.7900,12.7900,700,0
ELP.US,5,20131112,175500,12.7900,12.8000,12.7600,12.7700,4994,0
ELP.US,5,20131112,180000,12.7600,12.7700,12.7200,12.7400,4220,0
ELP.US,5,20131112,180500,12.7400,12.7700,12.7400,12.7700,2000,0
ELP.US,5,20131112,181000,12.7700,12.7700,12.7400,12.7500,5900,0
ELP.US,5,20131112,181500,12.7400,12.7500,12.7300,12.7400,3900,0
ELP.US,5,20131112,182000,12.7300,12.7400,12.7200,12.7400,2800,0
ELP.US,5,20131112,182500,12.7300,12.7400,12.7200,12.7300,3600,0
ELP.US,5,20131112,183000,12.7300,12.7300,12.7000,12.7200,8900,0
ELP.US,5,20131112,183500,12.7200,12.7600,12.7100,12.7500,11330,0
ELP.US,5,20131112,184000,12.7600,12.7700,12.7500,12.7500,4674,0
ELP.US,5,20131112,184500,12.7600,12.7600,12.7300,12.7400,7600,0
ELP.US,5,20131112,185000,12.7400,12.7500,12.7000,12.7300,10569,0
ELP.US,5,20131112,185500,12.7200,12.7500,12.7200,12.7500,3500,0
ELP.US,5,20131112,190000,12.7500,12.7900,12.7500,12.7900,4417,0
ELP.US,5,20131112,190500,12.7900,12.8100,12.7900,12.7900,3541,0
ELP.US,5,20131112,191000,12.7900,12.7900,12.7800,12.7800,200,0
ELP.US,5,20131112,191500,12.7800,12.7800,12.7600,12.7700,4486,0
ELP.US,5,20131112,192000,12.7600,12.7600,12.7100,12.7500,10841,0
ELP.US,5,20131112,192500,12.7500,12.7600,12.7400,12.7400,4500,0
ELP.US,5,20131112,193000,12.7500,12.7700,12.7400,12.7600,5599,0
ELP.US,5,20131112,193500,12.7600,12.7600,12.7400,12.7400,2400,0
ELP.US,5,20131112,194000,12.7400,12.7500,12.7200,12.7400,4705,0
ELP.US,5,20131112,194500,12.7400,12.7400,12.7200,12.7400,2100,0
ELP.US,5,20131112,195000,12.7400,12.7600,12.7300,12.7400,8366,0
ELP.US,5,20131112,195500,12.7600,12.7800,12.7500,12.7800,4400,0
ELP.US,5,20131112,200000,12.7900,12.7900,12.7800,12.7800,300,0
ELP.US,5,20131112,200500,12.7800,12.7900,12.7800,12.7800,1500,0
ELP.US,5,20131112,201000,12.7800,12.7800,12.7600,12.7600,1000,0
ELP.US,5,20131112,201500,12.7600,12.7600,12.7600,12.7600,700,0
ELP.US,5,20131112,202000,12.7600,12.7600,12.7500,12.7500,3100,0
ELP.US,5,20131112,202500,12.7500,12.7600,12.7500,12.7500,1520,0
ELP.US,5,20131112,203000,12.7500,12.7500,12.7500,12.7500,800,0
ELP.US,5,20131112,203500,12.7600,12.7600,12.7300,12.7400,6200,0
ELP.US,5,20131112,204000,12.7400,12.7500,12.7400,12.7400,600,0
ELP.US,5,20131112,204500,12.7400,12.7400,12.7100,12.7100,1500,0
ELP.US,5,20131112,205000,12.7100,12.7300,12.7000,12.7300,3500,0
ELP.US,5,20131112,205500,12.7200,12.7300,12.7200,12.7200,500,0
ELP.US,5,20131112,210000,12.7300,12.7600,12.7200,12.7500,3198,0
ELP.US,5,20131112,210500,12.7400,12.7400,12.7200,12.7200,2600,0
ELP.US,5,20131112,211000,12.7200,12.7500,12.7200,12.7400,4898,0
ELP.US,5,20131112,211500,12.7500,12.7600,12.7400,12.7600,3744,0
ELP.US,5,20131112,212000,12.7500,12.7600,12.7500,12.7500,600,0
ELP.US,5,20131112,212500,12.7600,12.7600,12.7200,12.7200,2600,0
ELP.US,5,20131112,213000,12.7200,12.7300,12.7200,12.7200,2865,0
ELP.US,5,20131112,213500,12.7200,12.7500,12.7200,12.7500,7703,0
ELP.US,5,20131112,214000,12.7600,12.7600,12.7300,12.7500,7820,0
ELP.US,5,20131112,214500,12.7500,12.7500,12.7400,12.7500,1762,0
ELP.US,5,20131112,215000,12.7400,12.7500,12.7100,12.7200,11440,0
ELP.US,5,20131112,215500,12.7100,12.7300,12.7000,12.7100,10377,0
ELP.US,5,20131112,220000,12.7100,12.7300,12.7100,12.7300,12588,0
ELP.US,5,20131112,220500,12.7200,12.7200,12.7200,12.7200,11411,0
ELP.US,5,20131113,153500,12.8400,12.8800,12.8000,12.8700,13947,0
ELP.US,5,20131113,154000,12.8600,12.8600,12.7800,12.8000,23183,0
ELP.US,5,20131113,154500,12.7900,12.8000,12.7700,12.7900,6300,0
ELP.US,5,20131113,155000,12.7900,12.8100,12.7800,12.8100,5500,0
ELP.US,5,20131113,155500,12.8000,12.8100,12.8000,12.8100,1900,0
ELP.US,5,20131113,160000,12.8200,12.8400,12.8200,12.8400,1437,0
ELP.US,5,20131113,160500,12.8400,12.8600,12.8100,12.8100,2900,0
ELP.US,5,20131113,161000,12.8000,12.8300,12.8000,12.8300,3100,0
ELP.US,5,20131113,161500,12.8300,12.8400,12.8300,12.8400,900,0
ELP.US,5,20131113,162000,12.8400,12.8400,12.8200,12.8200,900,0
ELP.US,5,20131113,162500,12.8200,12.8300,12.7800,12.7900,4895,0
ELP.US,5,20131113,163000,12.7900,12.8300,12.7900,12.8300,3400,0
ELP.US,5,20131113,163500,12.8400,12.8400,12.8300,12.8400,3735,0
ELP.US,5,20131113,164000,12.8300,12.8300,12.8200,12.8200,3945,0
ELP.US,5,20131113,164500,12.8300,12.8300,12.8000,12.8100,7200,0
ELP.US,5,20131113,165000,12.8100,12.8300,12.8100,12.8300,3500,0
ELP.US,5,20131113,165500,12.8300,12.8300,12.8100,12.8100,2041,0
ELP.US,5,20131113,170000,12.8200,12.8300,12.8200,12.8200,5798,0
ELP.US,5,20131113,170500,12.8200,12.8200,12.7900,12.8000,5993,0
ELP.US,5,20131113,171000,12.8100,12.8200,12.8000,12.8000,5340,0
ELP.US,5,20131113,171500,12.8000,12.8100,12.7800,12.8000,7299,0
ELP.US,5,20131113,172000,12.8100,12.8200,12.8000,12.8000,2093,0
ELP.US,5,20131113,172500,12.8100,12.8200,12.8100,12.8200,3300,0
ELP.US,5,20131113,173000,12.8300,12.8400,12.8200,12.8300,3772,0
ELP.US,5,20131113,173500,12.8300,12.8300,12.8200,12.8200,500,0
ELP.US,5,20131113,174000,12.8100,12.8200,12.7900,12.8000,3300,0
ELP.US,5,20131113,174500,12.8100,12.8200,12.8100,12.8200,2300,0
ELP.US,5,20131113,175000,12.8200,12.8300,12.8000,12.8000,4300,0
ELP.US,5,20131113,175500,12.8100,12.8400,12.8000,12.8400,2437,0
ELP.US,5,20131113,180000,12.8400,12.8400,12.8100,12.8100,2000,0
ELP.US,5,20131113,180500,12.8100,12.8300,12.8100,12.8300,2900,0
ELP.US,5,20131113,181000,12.8500,12.8800,12.8500,12.8800,3600,0
ELP.US,5,20131113,181500,12.8800,12.8900,12.8800,12.8800,4361,0
ELP.US,5,20131113,182000,12.8800,12.8900,12.8800,12.8900,400,0
ELP.US,5,20131113,182500,12.8800,12.9000,12.8800,12.8900,2000,0
ELP.US,5,20131113,183000,12.8800,12.9000,12.8800,12.9000,1400,0
ELP.US,5,20131113,183500,12.9000,12.9000,12.8700,12.8700,1768,0
ELP.US,5,20131113,184000,12.8700,12.8700,12.8700,12.8700,300,0
ELP.US,5,20131113,184500,12.8700,12.9000,12.8700,12.8800,15501,0
ELP.US,5,20131113,185000,12.8800,12.8800,12.8600,12.8700,9800,0
ELP.US,5,20131113,185500,12.8800,12.8900,12.8500,12.8700,15804,0
ELP.US,5,20131113,190000,12.8700,12.8700,12.8500,12.8600,5500,0
ELP.US,5,20131113,190500,12.8500,12.8700,12.8400,12.8500,8400,0
ELP.US,5,20131113,191000,12.8500,12.8600,12.8400,12.8500,2097,0
ELP.US,5,20131113,191500,12.8500,12.8500,12.8300,12.8500,6185,0
ELP.US,5,20131113,192000,12.8500,12.8500,12.8000,12.8000,14000,0
ELP.US,5,20131113,192500,12.8000,12.8200,12.8000,12.8200,2500,0
ELP.US,5,20131113,193000,12.8300,12.8500,12.8300,12.8500,3800,0
ELP.US,5,20131113,193500,12.8500,12.8500,12.8400,12.8500,7500,0
ELP.US,5,20131113,194000,12.8500,12.8500,12.8300,12.8300,3601,0
ELP.US,5,20131113,194500,12.8200,12.8400,12.8100,12.8400,1748,0
ELP.US,5,20131113,195000,12.8400,12.8500,12.8400,12.8500,9000,0
ELP.US,5,20131113,195500,12.8500,12.8500,12.8400,12.8400,3700,0
ELP.US,5,20131113,200000,12.8500,12.9100,12.8400,12.9100,30202,0
ELP.US,5,20131113,200500,12.9200,12.9200,12.9100,12.9100,1405,0
ELP.US,5,20131113,201000,12.9100,12.9400,12.9100,12.9400,1800,0
ELP.US,5,20131113,201500,12.9300,12.9300,12.9000,12.9000,2200,0
ELP.US,5,20131113,202000,12.8900,12.9000,12.8900,12.8900,948,0
ELP.US,5,20131113,202500,12.8900,12.9100,12.8900,12.9100,4100,0
ELP.US,5,20131113,203000,12.9100,12.9100,12.9000,12.9000,200,0
ELP.US,5,20131113,203500,12.9000,12.9000,12.9000,12.9000,600,0
ELP.US,5,20131113,204000,12.8900,12.9000,12.8900,12.8900,3500,0
ELP.US,5,20131113,204500,12.8900,12.8900,12.8800,12.8800,1100,0
ELP.US,5,20131113,205000,12.8700,12.8700,12.8600,12.8600,800,0
ELP.US,5,20131113,205500,12.8500,12.8900,12.8500,12.8900,8877,0
ELP.US,5,20131113,210000,12.8800,12.8900,12.8800,12.8900,900,0
ELP.US,5,20131113,210500,12.8800,12.8800,12.8800,12.8800,1200,0
ELP.US,5,20131113,211000,12.8700,12.8900,12.8700,12.8900,1400,0
ELP.US,5,20131113,211500,12.8800,12.9600,12.8800,12.9600,15028,0
ELP.US,5,20131113,212000,12.9600,13.0100,12.9600,13.0000,32056,0
ELP.US,5,20131113,212500,13.0000,13.0100,13.0000,13.0100,8400,0
ELP.US,5,20131113,213000,13.0200,13.1500,13.0200,13.1500,63532,0
ELP.US,5,20131113,213500,13.1600,13.1900,13.1400,13.1500,53600,0
ELP.US,5,20131113,214000,13.1600,13.2100,13.1600,13.2100,11622,0
ELP.US,5,20131113,214500,13.2000,13.2400,13.2000,13.2400,8700,0
ELP.US,5,20131113,215000,13.2400,13.2700,13.2200,13.2700,23726,0
ELP.US,5,20131113,215500,13.2700,13.3700,13.2700,13.3700,52049,0
ELP.US,5,20131113,220000,13.3700,13.4500,13.3600,13.4400,76373,0
ELP.US,5,20131113,220500,13.4400,13.4400,13.4400,13.4400,15919,0
ELP.US,5,20131114,153500,14.0300,14.0400,13.9800,14.0200,13962,0
ELP.US,5,20131114,154000,14.0200,14.0700,14.0200,14.0500,12700,0
ELP.US,5,20131114,154500,14.0600,14.0600,14.0300,14.0500,5400,0
ELP.US,5,20131114,155000,14.0600,14.0800,14.0400,14.0600,28543,0
ELP.US,5,20131114,155500,14.0400,14.0700,14.0400,14.0600,8800,0
ELP.US,5,20131114,160000,14.0700,14.0900,14.0500,14.0900,9011,0
ELP.US,5,20131114,160500,14.0800,14.1000,14.0700,14.1000,10499,0
ELP.US,5,20131114,161000,14.1000,14.1000,14.0700,14.0800,6480,0
ELP.US,5,20131114,161500,14.0800,14.1000,14.0600,14.1000,5444,0
ELP.US,5,20131114,162000,14.1000,14.1100,14.0800,14.0800,4728,0
ELP.US,5,20131114,162500,14.0900,14.1400,14.0900,14.1100,6900,0
ELP.US,5,20131114,163000,14.1100,14.1400,14.1000,14.1000,4138,0
ELP.US,5,20131114,163500,14.1000,14.1100,14.1000,14.1100,6139,0
ELP.US,5,20131114,164000,14.1300,14.1500,14.1300,14.1400,4200,0
ELP.US,5,20131114,164500,14.1200,14.1500,14.1200,14.1400,1939,0
ELP.US,5,20131114,165000,14.1400,14.1500,14.1400,14.1400,2125,0
ELP.US,5,20131114,165500,14.1300,14.1400,14.1300,14.1400,1200,0
ELP.US,5,20131114,170000,14.1400,14.1400,14.0900,14.1100,6300,0
ELP.US,5,20131114,170500,14.1000,14.1300,14.1000,14.1300,1000,0
ELP.US,5,20131114,171000,14.1500,14.1500,14.1300,14.1400,1006,0
ELP.US,5,20131114,171500,14.1400,14.1700,14.1400,14.1700,5355,0
ELP.US,5,20131114,172000,14.1800,14.2100,14.1800,14.2100,4328,0
ELP.US,5,20131114,172500,14.2100,14.2800,14.2100,14.2700,4829,0
ELP.US,5,20131114,173000,14.2600,14.2700,14.2200,14.2200,5864,0
ELP.US,5,20131114,173500,14.2200,14.2200,14.2100,14.2100,1694,0
ELP.US,5,20131114,174000,14.2000,14.2000,14.1500,14.1500,2700,0
ELP.US,5,20131114,174500,14.1600,14.1700,14.1400,14.1700,6676,0
ELP.US,5,20131114,175000,14.1700,14.2000,14.1700,14.1800,2100,0
ELP.US,5,20131114,175500,14.1800,14.2200,14.1800,14.2200,4400,0
ELP.US,5,20131114,180000,14.2100,14.2400,14.2000,14.2000,5608,0
ELP.US,5,20131114,180500,14.2000,14.2000,14.2000,14.2000,200,0
ELP.US,5,20131114,181000,14.1900,14.2000,14.1900,14.1900,1350,0
ELP.US,5,20131114,181500,14.2100,14.2200,14.1900,14.1900,3207,0
ELP.US,5,20131114,182000,14.2000,14.2100,14.1900,14.1900,14152,0
ELP.US,5,20131114,182500,14.2000,14.2200,14.1900,14.2100,1810,0
ELP.US,5,20131114,183000,14.2000,14.2100,14.2000,14.2000,1873,0
ELP.US,5,20131114,183500,14.2000,14.2000,14.2000,14.2000,400,0
ELP.US,5,20131114,184000,14.2000,14.2200,14.2000,14.2100,3600,0
ELP.US,5,20131114,184500,14.2200,14.2200,14.2000,14.2000,1531,0
ELP.US,5,20131114,185000,14.2000,14.2000,14.1900,14.2000,2800,0
ELP.US,5,20131114,185500,14.2100,14.2200,14.2000,14.2100,2890,0
ELP.US,5,20131114,190000,14.2100,14.2300,14.2100,14.2300,1900,0
ELP.US,5,20131114,190500,14.2300,14.2900,14.2200,14.2700,13998,0
ELP.US,5,20131114,191000,14.2700,14.3000,14.2700,14.2900,1900,0
ELP.US,5,20131114,191500,14.2900,14.2900,14.2600,14.2700,2200,0
ELP.US,5,20131114,192000,14.2700,14.2900,14.2700,14.2900,1500,0
ELP.US,5,20131114,192500,14.2900,14.2900,14.2800,14.2800,500,0
ELP.US,5,20131114,193000,14.2700,14.2900,14.2700,14.2900,1800,0
ELP.US,5,20131114,193500,14.2900,14.2900,14.2700,14.2700,1500,0
ELP.US,5,20131114,194000,14.2700,14.2700,14.2600,14.2700,2400,0
ELP.US,5,20131114,194500,14.2700,14.2800,14.2700,14.2700,1900,0
ELP.US,5,20131114,195000,14.2700,14.2900,14.2500,14.2500,4900,0
ELP.US,5,20131114,195500,14.2500,14.2600,14.2000,14.2000,6300,0
ELP.US,5,20131114,200000,14.2200,14.2500,14.2200,14.2500,2400,0
ELP.US,5,20131114,200500,14.2500,14.3000,14.2400,14.3000,8004,0
ELP.US,5,20131114,201000,14.2900,14.2900,14.2800,14.2900,1906,0
ELP.US,5,20131114,201500,14.2800,14.2900,14.2800,14.2800,2384,0
ELP.US,5,20131114,202000,14.2900,14.3100,14.2900,14.3100,2091,0
ELP.US,5,20131114,202500,14.3100,14.3100,14.2800,14.2800,2999,0
ELP.US,5,20131114,203000,14.2900,14.3200,14.2900,14.3200,4100,0
ELP.US,5,20131114,203500,14.3300,14.3300,14.3000,14.3300,5201,0
ELP.US,5,20131114,204000,14.3300,14.3500,14.3300,14.3500,3961,0
ELP.US,5,20131114,204500,14.3600,14.3700,14.3500,14.3700,7300,0
ELP.US,5,20131114,205000,14.3800,14.4100,14.3800,14.4100,7388,0
ELP.US,5,20131114,205500,14.4200,14.4200,14.3900,14.3900,9757,0
ELP.US,5,20131114,210000,14.3900,14.4000,14.3900,14.4000,2100,0
ELP.US,5,20131114,210500,14.4000,14.4000,14.3800,14.3900,3400,0
ELP.US,5,20131114,211000,14.3800,14.4100,14.3800,14.4100,4712,0
ELP.US,5,20131114,211500,14.4100,14.4200,14.4000,14.4200,3900,0
ELP.US,5,20131114,212000,14.4200,14.4200,14.4000,14.4100,12200,0
ELP.US,5,20131114,212500,14.4100,14.4100,14.3800,14.4000,6700,0
ELP.US,5,20131114,213000,14.3900,14.4100,14.3900,14.4100,4900,0
ELP.US,5,20131114,213500,14.4000,14.4200,14.4000,14.4100,8000,0
ELP.US,5,20131114,214000,14.4100,14.4100,14.3800,14.4100,10300,0
ELP.US,5,20131114,214500,14.4000,14.4300,14.4000,14.4200,11919,0
ELP.US,5,20131114,215000,14.4300,14.4500,14.4300,14.4500,10370,0
ELP.US,5,20131114,215500,14.4500,14.4500,14.4000,14.4100,18166,0
ELP.US,5,20131114,220000,14.4100,14.4400,14.4100,14.4300,25114,0
ELP.US,5,20131114,220500,14.4400,14.4400,14.4400,14.4400,16800,0
ELP.US,5,20131115,153500,14.4800,14.5200,14.4800,14.5200,800,0
ELP.US,5,20131115,154000,14.5400,14.5400,14.5200,14.5200,943,0
ELP.US,5,20131115,154500,14.5100,14.5100,14.4500,14.4500,2200,0
ELP.US,5,20131115,155000,14.4500,14.4900,14.4500,14.4900,2025,0
ELP.US,5,20131115,155500,14.4900,14.5700,14.4900,14.5700,3500,0
ELP.US,5,20131115,160000,14.5600,14.6400,14.5500,14.6400,3708,0
ELP.US,5,20131115,160500,14.6400,14.6500,14.5700,14.5700,2100,0
ELP.US,5,20131115,161000,14.5300,14.5300,14.4800,14.4800,1700,0
ELP.US,5,20131115,161500,14.4800,14.5100,14.4600,14.5100,3200,0
ELP.US,5,20131115,162000,14.5200,14.5200,14.4500,14.4500,2300,0
ELP.US,5,20131115,162500,14.4500,14.4500,14.4300,14.4300,2100,0
ELP.US,5,20131115,163000,14.4200,14.4600,14.4200,14.4600,2650,0
ELP.US,5,20131115,163500,14.4700,14.5000,14.4700,14.5000,1600,0
ELP.US,5,20131115,164000,14.5000,14.5100,14.4900,14.4900,2899,0
ELP.US,5,20131115,164500,14.5000,14.5100,14.4900,14.5000,4100,0
ELP.US,5,20131115,165000,14.5000,14.5500,14.4900,14.5500,6000,0
ELP.US,5,20131115,165500,14.5500,14.5600,14.5000,14.5000,2900,0
ELP.US,5,20131115,170000,14.4800,14.4800,14.4800,14.4800,100,0
ELP.US,5,20131115,170500,14.4900,14.5200,14.4800,14.5200,4700,0
ELP.US,5,20131115,171000,14.5200,14.5300,14.5100,14.5300,1981,0
ELP.US,5,20131115,171500,14.5300,14.5400,14.5300,14.5400,400,0
ELP.US,5,20131115,172000,14.5600,14.5800,14.5400,14.5400,1730,0
ELP.US,5,20131115,172500,14.5300,14.5300,14.4900,14.5100,4600,0
ELP.US,5,20131115,173000,14.5100,14.5200,14.4900,14.5100,2897,0
ELP.US,5,20131115,173500,14.5100,14.5300,14.5100,14.5300,1500,0
ELP.US,5,20131115,174000,14.5300,14.5300,14.5100,14.5100,1100,0
ELP.US,5,20131115,174500,14.5000,14.5000,14.4600,14.4600,1838,0
ELP.US,5,20131115,175000,14.4500,14.5000,14.4500,14.4800,4200,0
ELP.US,5,20131115,175500,14.4900,14.4900,14.4700,14.4700,1200,0
ELP.US,5,20131115,180000,14.4700,14.4700,14.4600,14.4600,900,0
ELP.US,5,20131115,180500,14.4700,14.4800,14.4700,14.4800,1000,0
ELP.US,5,20131115,181000,14.4600,14.4900,14.4600,14.4900,1600,0
ELP.US,5,20131115,181500,14.4800,14.4800,14.4600,14.4600,697,0
ELP.US,5,20131115,182000,14.4500,14.4600,14.4500,14.4600,2700,0
ELP.US,5,20131115,182500,14.4700,14.4700,14.4400,14.4400,800,0
ELP.US,5,20131115,183000,14.4300,14.4500,14.4300,14.4500,1917,0
ELP.US,5,20131115,183500,14.4500,14.4600,14.4300,14.4600,1600,0
ELP.US,5,20131115,184000,14.4500,14.4500,14.4200,14.4400,1900,0
ELP.US,5,20131115,184500,14.4200,14.4200,14.4200,14.4200,100,0
ELP.US,5,20131115,185000,14.4200,14.4200,14.4000,14.4000,1833,0
ELP.US,5,20131115,185500,14.4100,14.4100,14.3900,14.4000,2065,0
ELP.US,5,20131115,190000,14.4000,14.4000,14.3700,14.3900,2648,0
ELP.US,5,20131115,190500,14.3800,14.3900,14.3700,14.3900,1000,0
ELP.US,5,20131115,191000,14.3800,14.4000,14.3700,14.4000,2000,0
ELP.US,5,20131115,191500,14.4000,14.4500,14.3900,14.4500,3877,0
ELP.US,5,20131115,192000,14.4600,14.4800,14.4600,14.4700,1700,0
ELP.US,5,20131115,192500,14.4800,14.5000,14.4800,14.5000,1100,0
ELP.US,5,20131115,193000,14.5100,14.5200,14.5000,14.5200,1270,0
ELP.US,5,20131115,193500,14.5200,14.5300,14.5000,14.5200,2600,0
ELP.US,5,20131115,194000,14.5200,14.5200,14.5000,14.5000,1200,0
ELP.US,5,20131115,194500,14.5100,14.5100,14.4800,14.4800,1133,0
ELP.US,5,20131115,195000,14.4800,14.5000,14.4800,14.4800,2772,0
ELP.US,5,20131115,195500,14.4600,14.4700,14.4600,14.4600,1300,0
ELP.US,5,20131115,200000,14.4500,14.4800,14.4300,14.4800,3686,0
ELP.US,5,20131115,200500,14.4800,14.5300,14.4800,14.5200,2946,0
ELP.US,5,20131115,201000,14.5200,14.5200,14.5000,14.5000,1600,0
ELP.US,5,20131115,201500,14.5100,14.5300,14.5100,14.5300,5682,0
ELP.US,5,20131115,202000,14.5300,14.5700,14.5200,14.5700,3900,0
ELP.US,5,20131115,202500,14.5600,14.5600,14.5300,14.5500,2827,0
ELP.US,5,20131115,203000,14.5700,14.5700,14.5400,14.5400,1436,0
ELP.US,5,20131115,203500,14.5300,14.5500,14.5300,14.5500,1888,0
ELP.US,5,20131115,204000,14.5500,14.5700,14.5500,14.5600,3400,0
ELP.US,5,20131115,204500,14.5600,14.5600,14.5500,14.5500,1600,0
ELP.US,5,20131115,205000,14.5500,14.5600,14.5500,14.5600,1400,0
ELP.US,5,20131115,205500,14.5600,14.5600,14.5500,14.5500,1300,0
ELP.US,5,20131115,210000,14.5500,14.5500,14.5500,14.5500,1300,0
ELP.US,5,20131115,210500,14.5400,14.6200,14.5400,14.6000,11792,0
ELP.US,5,20131115,211000,14.5900,14.5900,14.5700,14.5900,7726,0
ELP.US,5,20131115,211500,14.5800,14.6100,14.5800,14.6100,2373,0
ELP.US,5,20131115,212000,14.6000,14.6000,14.5800,14.5800,7544,0
ELP.US,5,20131115,212500,14.5900,14.5900,14.5700,14.5700,1300,0
ELP.US,5,20131115,213000,14.5700,14.5800,14.5500,14.5700,10200,0
ELP.US,5,20131115,213500,14.5700,14.5800,14.5600,14.5600,2795,0
ELP.US,5,20131115,214000,14.5600,14.5600,14.5400,14.5400,2400,0
ELP.US,5,20131115,214500,14.5300,14.5700,14.5300,14.5700,6637,0
ELP.US,5,20131115,215000,14.5600,14.5700,14.5500,14.5500,5900,0
ELP.US,5,20131115,215500,14.5500,14.5600,14.5500,14.5500,2100,0
ELP.US,5,20131115,220000,14.5500,14.5600,14.5400,14.5600,13257,0
ELP.US,5,20131115,220500,14.5600,14.5600,14.5600,14.5600,13564,0
ELP.US,5,20131118,153500,14.6200,14.6300,14.5900,14.5900,5910,0
ELP.US,5,20131118,154000,14.6000,14.6200,14.5700,14.5700,5400,0
ELP.US,5,20131118,154500,14.5600,14.5600,14.5100,14.5200,6766,0
ELP.US,5,20131118,155000,14.5100,14.5800,14.4900,14.5800,7069,0
ELP.US,5,20131118,155500,14.5800,14.6400,14.5800,14.6400,4100,0
ELP.US,5,20131118,160000,14.6400,14.6400,14.5500,14.6000,9700,0
ELP.US,5,20131118,160500,14.6000,14.6000,14.5600,14.5800,2900,0
ELP.US,5,20131118,161000,14.5800,14.5900,14.5700,14.5900,1500,0
ELP.US,5,20131118,161500,14.5800,14.5800,14.5400,14.5500,5699,0
ELP.US,5,20131118,162000,14.5500,14.6100,14.5500,14.6100,2800,0
ELP.US,5,20131118,162500,14.6200,14.6200,14.5900,14.6100,4400,0
ELP.US,5,20131118,163000,14.6100,14.6400,14.6100,14.6200,3300,0
ELP.US,5,20131118,163500,14.6300,14.6600,14.6300,14.6600,3300,0
ELP.US,5,20131118,164000,14.6500,14.6600,14.6400,14.6500,2471,0
ELP.US,5,20131118,164500,14.6500,14.6800,14.6500,14.6800,5650,0
ELP.US,5,20131118,165000,14.6700,14.6700,14.6400,14.6400,4100,0
ELP.US,5,20131118,165500,14.6400,14.6500,14.6300,14.6400,2200,0
ELP.US,5,20131118,170000,14.6400,14.6500,14.6300,14.6400,3400,0
ELP.US,5,20131118,170500,14.6400,14.6500,14.6300,14.6500,3905,0
ELP.US,5,20131118,171000,14.6500,14.6700,14.6300,14.6700,8599,0
ELP.US,5,20131118,171500,14.6600,14.6600,14.6400,14.6600,4641,0
ELP.US,5,20131118,172000,14.6600,14.6700,14.6600,14.6600,2344,0
ELP.US,5,20131118,172500,14.6700,14.6700,14.6600,14.6700,2435,0
ELP.US,5,20131118,173000,14.6700,14.6800,14.6500,14.6600,4000,0
ELP.US,5,20131118,173500,14.6500,14.6500,14.6500,14.6500,3700,0
ELP.US,5,20131118,174000,14.6700,14.6800,14.6700,14.6800,3615,0
ELP.US,5,20131118,174500,14.6700,14.6700,14.6600,14.6700,1500,0
ELP.US,5,20131118,175000,14.6600,14.7100,14.6600,14.7000,9399,0
ELP.US,5,20131118,175500,14.7100,14.7100,14.6900,14.6900,1904,0
ELP.US,5,20131118,180000,14.6800,14.7000,14.6800,14.7000,2800,0
ELP.US,5,20131118,180500,14.7100,14.7200,14.7000,14.7000,8200,0
ELP.US,5,20131118,181000,14.7000,14.7200,14.6900,14.7200,4200,0
ELP.US,5,20131118,181500,14.7200,14.7200,14.6900,14.6900,2515,0
ELP.US,5,20131118,182000,14.6900,14.6900,14.6300,14.6300,8100,0
ELP.US,5,20131118,182500,14.6300,14.6300,14.5700,14.5800,16347,0
ELP.US,5,20131118,183000,14.5800,14.5900,14.5600,14.5600,8300,0
ELP.US,5,20131118,183500,14.5800,14.5800,14.5600,14.5800,11900,0
ELP.US,5,20131118,184000,14.5900,14.5900,14.5600,14.5700,7216,0
ELP.US,5,20131118,184500,14.5600,14.5800,14.5600,14.5800,2100,0
ELP.US,5,20131118,185000,14.5800,14.5900,14.5800,14.5800,5104,0
ELP.US,5,20131118,185500,14.5800,14.6000,14.5800,14.6000,7240,0
ELP.US,5,20131118,190000,14.6000,14.6000,14.5800,14.5800,5966,0
ELP.US,5,20131118,190500,14.5800,14.6000,14.5800,14.5900,5274,0
ELP.US,5,20131118,191000,14.5900,14.6200,14.5900,14.6200,4085,0
ELP.US,5,20131118,191500,14.6200,14.6200,14.6000,14.6000,5100,0
ELP.US,5,20131118,192000,14.6000,14.6200,14.5900,14.6100,5147,0
ELP.US,5,20131118,192500,14.6100,14.6300,14.6100,14.6300,7700,0
ELP.US,5,20131118,193000,14.6300,14.6700,14.6300,14.6600,4700,0
ELP.US,5,20131118,193500,14.6700,14.6800,14.6600,14.6700,4401,0
ELP.US,5,20131118,194000,14.6700,14.6800,14.6600,14.6800,7000,0
ELP.US,5,20131118,194500,14.6800,14.6800,14.6500,14.6600,3600,0
ELP.US,5,20131118,195000,14.6600,14.6700,14.6500,14.6600,11670,0
ELP.US,5,20131118,195500,14.6600,14.7300,14.6600,14.7200,7900,0
ELP.US,5,20131118,200000,14.7200,14.7400,14.7200,14.7400,3400,0
ELP.US,5,20131118,200500,14.7400,14.7600,14.7000,14.7000,12541,0
ELP.US,5,20131118,201000,14.7000,14.7000,14.6900,14.6900,1400,0
ELP.US,5,20131118,201500,14.6900,14.6900,14.6700,14.6800,1900,0
ELP.US,5,20131118,202000,14.6700,14.6800,14.6500,14.6600,7094,0
ELP.US,5,20131118,202500,14.6700,14.6900,14.6700,14.6900,2200,0
ELP.US,5,20131118,203000,14.6900,14.7300,14.6900,14.7200,4700,0
ELP.US,5,20131118,203500,14.7100,14.7200,14.7000,14.7000,3098,0
ELP.US,5,20131118,204000,14.6900,14.6900,14.6800,14.6900,2300,0
ELP.US,5,20131118,204500,14.6800,14.6900,14.6800,14.6900,1300,0
ELP.US,5,20131118,205000,14.6900,14.7200,14.6800,14.7100,7075,0
ELP.US,5,20131118,205500,14.7100,14.7200,14.7100,14.7200,3197,0
ELP.US,5,20131118,210000,14.7200,14.7300,14.7200,14.7200,3100,0
ELP.US,5,20131118,210500,14.7300,14.7300,14.6900,14.6900,6972,0
ELP.US,5,20131118,211000,14.6900,14.7000,14.6700,14.6700,5600,0
ELP.US,5,20131118,211500,14.6700,14.6700,14.6200,14.6200,5100,0
ELP.US,5,20131118,212000,14.6200,14.6400,14.6200,14.6300,6517,0
ELP.US,5,20131118,212500,14.6300,14.6300,14.6000,14.6000,6600,0
ELP.US,5,20131118,213000,14.6000,14.6200,14.5900,14.6200,4500,0
ELP.US,5,20131118,213500,14.6200,14.6200,14.6000,14.6200,5570,0
ELP.US,5,20131118,214000,14.6200,14.6300,14.6100,14.6300,1700,0
ELP.US,5,20131118,214500,14.6400,14.6500,14.6100,14.6200,6984,0
ELP.US,5,20131118,215000,14.6300,14.6400,14.6300,14.6400,4190,0
ELP.US,5,20131118,215500,14.6300,14.6400,14.6300,14.6300,6200,0
ELP.US,5,20131118,220000,14.6300,14.6400,14.6100,14.6300,19344,0
ELP.US,5,20131118,220500,14.6400,14.6400,14.6400,14.6400,14577,0
ELP.US,5,20131119,153500,14.8000,14.8000,14.7500,14.7600,8242,0
ELP.US,5,20131119,154000,14.7800,14.7900,14.7500,14.7500,5200,0
ELP.US,5,20131119,154500,14.7400,14.7700,14.7300,14.7300,9100,0
ELP.US,5,20131119,155000,14.7300,14.7300,14.6700,14.6900,6922,0
ELP.US,5,20131119,155500,14.6800,14.6800,14.5700,14.5900,29920,0
ELP.US,5,20131119,160000,14.5900,14.6000,14.5800,14.5900,11019,0
ELP.US,5,20131119,160500,14.5800,14.5800,14.5400,14.5500,11161,0
ELP.US,5,20131119,161000,14.5500,14.5700,14.5400,14.5700,8100,0
ELP.US,5,20131119,161500,14.5600,14.5700,14.5600,14.5600,6238,0
ELP.US,5,20131119,162000,14.5600,14.5900,14.5600,14.5900,9880,0
ELP.US,5,20131119,162500,14.5800,14.6100,14.5800,14.6000,5801,0
ELP.US,5,20131119,163000,14.6000,14.6200,14.5800,14.6000,10049,0
ELP.US,5,20131119,163500,14.6000,14.6300,14.6000,14.6200,9025,0
ELP.US,5,20131119,164000,14.6200,14.6600,14.6200,14.6600,6900,0
ELP.US,5,20131119,164500,14.6500,14.6500,14.5900,14.5900,11900,0
ELP.US,5,20131119,165000,14.5800,14.6200,14.5800,14.6000,9800,0
ELP.US,5,20131119,165500,14.6000,14.6000,14.5700,14.5700,4983,0
ELP.US,5,20131119,170000,14.5700,14.5800,14.5500,14.5500,7900,0
ELP.US,5,20131119,170500,14.5500,14.5600,14.5400,14.5400,3900,0
ELP.US,5,20131119,171000,14.5400,14.5600,14.5300,14.5400,5000,0
ELP.US,5,20131119,171500,14.5300,14.5400,14.4700,14.4700,12677,0
ELP.US,5,20131119,172000,14.4600,14.4900,14.4300,14.4800,10505,0
ELP.US,5,20131119,172500,14.4500,14.4600,14.4400,14.4600,6049,0
ELP.US,5,20131119,173000,14.4600,14.4600,14.4300,14.4400,8899,0
ELP.US,5,20131119,173500,14.4500,14.4600,14.4100,14.4100,7593,0
ELP.US,5,20131119,174000,14.4100,14.4500,14.3900,14.4400,14188,0
ELP.US,5,20131119,174500,14.4200,14.4200,14.3600,14.3600,13500,0
ELP.US,5,20131119,175000,14.3800,14.4000,14.3800,14.4000,5100,0
ELP.US,5,20131119,175500,14.4100,14.4400,14.4100,14.4400,5200,0
ELP.US,5,20131119,180000,14.4400,14.5300,14.4300,14.5100,17237,0
ELP.US,5,20131119,180500,14.5000,14.5000,14.4500,14.4600,7100,0
ELP.US,5,20131119,181000,14.4600,14.4900,14.4600,14.4800,7800,0
ELP.US,5,20131119,181500,14.4700,14.4700,14.4600,14.4700,2500,0
ELP.US,5,20131119,182000,14.4600,14.4600,14.4400,14.4500,9401,0
ELP.US,5,20131119,182500,14.4500,14.4700,14.4300,14.4700,8610,0
ELP.US,5,20131119,183000,14.4800,14.4900,14.4700,14.4900,4400,0
ELP.US,5,20131119,183500,14.4900,14.5100,14.4800,14.4900,6800,0
ELP.US,5,20131119,184000,14.4800,14.5100,14.4800,14.4900,4800,0
ELP.US,5,20131119,184500,14.4700,14.4900,14.4700,14.4800,6897,0
ELP.US,5,20131119,185000,14.4800,14.4800,14.4600,14.4700,5100,0
ELP.US,5,20131119,185500,14.4600,14.4700,14.4500,14.4500,5848,0
ELP.US,5,20131119,190000,14.4500,14.4500,14.4400,14.4500,6254,0
ELP.US,5,20131119,190500,14.4400,14.4500,14.4300,14.4500,6490,0
ELP.US,5,20131119,191000,14.4600,14.4600,14.4300,14.4400,5399,0
ELP.US,5,20131119,191500,14.4400,14.4600,14.4400,14.4400,5892,0
ELP.US,5,20131119,192000,14.4500,14.4500,14.4300,14.4300,5200,0
ELP.US,5,20131119,192500,14.4300,14.4300,14.4100,14.4100,8900,0
ELP.US,5,20131119,193000,14.4000,14.4100,14.3800,14.3900,2573,0
ELP.US,5,20131119,193500,14.3800,14.3800,14.3200,14.3200,6150,0
ELP.US,5,20131119,194000,14.3200,14.3500,14.3100,14.3200,7169,0
ELP.US,5,20131119,194500,14.3300,14.4000,14.3300,14.4000,8118,0
ELP.US,5,20131119,195000,14.3800,14.3800,14.3400,14.3400,2100,0
ELP.US,5,20131119,195500,14.3300,14.3300,14.2800,14.2900,9400,0
ELP.US,5,20131119,200000,14.2900,14.3200,14.2300,14.2400,10499,0
ELP.US,5,20131119,200500,14.2400,14.3200,14.2400,14.2500,6001,0
ELP.US,5,20131119,201000,14.2500,14.3400,14.2500,14.2600,8110,0
ELP.US,5,20131119,201500,14.2600,14.2800,14.2600,14.2700,5004,0
ELP.US,5,20131119,202000,14.2900,14.2900,14.2700,14.2700,1893,0
ELP.US,5,20131119,202500,14.2700,14.2700,14.2400,14.2500,3718,0
ELP.US,5,20131119,203000,14.2500,14.2700,14.2500,14.2700,7222,0
ELP.US,5,20131119,203500,14.2700,14.3500,14.2700,14.3300,23100,0
ELP.US,5,20131119,204000,14.3200,14.3300,14.3000,14.3100,2233,0
ELP.US,5,20131119,204500,14.3200,14.3300,14.2800,14.2800,10219,0
ELP.US,5,20131119,205000,14.2900,14.2900,14.2800,14.2800,2200,0
ELP.US,5,20131119,205500,14.2900,14.3100,14.2800,14.3000,8803,0
ELP.US,5,20131119,210000,14.3000,14.3100,14.3000,14.3000,934,0
ELP.US,5,20131119,210500,14.3000,14.3100,14.3000,14.3000,4825,0
ELP.US,5,20131119,211000,14.3000,14.3100,14.2700,14.2700,6202,0
ELP.US,5,20131119,211500,14.2700,14.2800,14.2600,14.2600,7263,0
ELP.US,5,20131119,212000,14.2700,14.3200,14.2700,14.3100,7305,0
ELP.US,5,20131119,212500,14.3000,14.3000,14.2900,14.2900,4050,0
ELP.US,5,20131119,213000,14.2800,14.2900,14.2700,14.2700,7314,0
ELP.US,5,20131119,213500,14.2600,14.2600,14.2400,14.2400,6989,0
ELP.US,5,20131119,214000,14.2400,14.2900,14.2400,14.2900,5270,0
ELP.US,5,20131119,214500,14.2900,14.2900,14.2800,14.2800,4600,0
ELP.US,5,20131119,215000,14.2800,14.2900,14.2500,14.2500,9199,0
ELP.US,5,20131119,215500,14.2500,14.2500,14.2200,14.2200,12746,0
ELP.US,5,20131119,220000,14.2300,14.2500,14.2200,14.2400,29003,0
ELP.US,5,20131119,220500,14.2500,14.2500,14.2500,14.2500,7804,0
ELP.US,5,20131120,153500,14.1600,14.3100,14.1500,14.3000,1900,0
ELP.US,5,20131120,154000,14.3100,14.3900,14.2100,14.2100,3400,0
ELP.US,5,20131120,154500,14.1800,14.2100,14.1800,14.1900,6674,0
ELP.US,5,20131120,155000,14.1600,14.1800,14.1300,14.1300,6783,0
ELP.US,5,20131120,155500,14.1300,14.1300,14.0700,14.1100,4400,0
ELP.US,5,20131120,160000,14.1100,14.1700,14.1100,14.1600,9500,0
ELP.US,5,20131120,160500,14.1900,14.1900,14.1300,14.1500,4105,0
ELP.US,5,20131120,161000,14.1500,14.1600,14.1100,14.1600,3800,0
ELP.US,5,20131120,161500,14.1600,14.1700,14.1300,14.1400,2782,0
ELP.US,5,20131120,162000,14.1500,14.1600,14.1400,14.1400,1250,0
ELP.US,5,20131120,162500,14.1400,14.2200,14.1300,14.2100,5700,0
ELP.US,5,20131120,163000,14.2000,14.2100,14.1300,14.1600,4500,0
ELP.US,5,20131120,163500,14.1600,14.2100,14.1300,14.1300,6100,0
ELP.US,5,20131120,164000,14.1200,14.1200,14.0800,14.0800,5300,0
ELP.US,5,20131120,164500,14.0800,14.1000,14.0700,14.0900,8600,0
ELP.US,5,20131120,165000,14.0900,14.1400,14.0800,14.1400,4400,0
ELP.US,5,20131120,165500,14.1400,14.1400,14.1000,14.1100,5500,0
ELP.US,5,20131120,170000,14.1100,14.1100,14.1000,14.1000,300,0
ELP.US,5,20131120,170500,14.1100,14.1100,14.0800,14.0900,2773,0
ELP.US,5,20131120,171000,14.0800,14.1000,14.0700,14.1000,6399,0
ELP.US,5,20131120,171500,14.1000,14.1000,14.0800,14.0800,1800,0
ELP.US,5,20131120,172000,14.0800,14.0800,14.0700,14.0700,1400,0
ELP.US,5,20131120,172500,14.0700,14.0800,14.0600,14.0600,7991,0
ELP.US,5,20131120,173000,14.0600,14.0600,14.0400,14.0400,1595,0
ELP.US,5,20131120,173500,14.0600,14.1100,14.0600,14.1100,8492,0
ELP.US,5,20131120,174000,14.1000,14.1000,14.1000,14.1000,600,0
ELP.US,5,20131120,174500,14.0900,14.0900,14.0800,14.0800,900,0
ELP.US,5,20131120,175000,14.0700,14.0700,14.0600,14.0600,300,0
ELP.US,5,20131120,175500,14.0800,14.0800,14.0800,14.0800,200,0
ELP.US,5,20131120,180000,14.0800,14.0900,14.0800,14.0900,1101,0
ELP.US,5,20131120,180500,14.0800,14.0900,14.0800,14.0800,600,0
ELP.US,5,20131120,181000,14.0700,14.0900,14.0700,14.0800,2100,0
ELP.US,5,20131120,181500,14.0900,14.1900,14.0800,14.1800,17531,0
ELP.US,5,20131120,182000,14.1800,14.2100,14.1800,14.1900,7797,0
ELP.US,5,20131120,182500,14.1800,14.1900,14.1700,14.1700,2500,0
ELP.US,5,20131120,183000,14.1600,14.1600,14.1300,14.1300,3815,0
ELP.US,5,20131120,183500,14.1400,14.1700,14.1400,14.1600,6242,0
ELP.US,5,20131120,184000,14.1700,14.1800,14.1600,14.1600,2300,0
ELP.US,5,20131120,184500,14.1500,14.1700,14.1500,14.1700,2900,0
ELP.US,5,20131120,185000,14.1600,14.1600,14.1600,14.1600,400,0
ELP.US,5,20131120,185500,14.1600,14.1600,14.1600,14.1600,600,0
ELP.US,5,20131120,190000,14.1600,14.2000,14.1600,14.2000,4100,0
ELP.US,5,20131120,190500,14.2000,14.2100,14.2000,14.2000,3500,0
ELP.US,5,20131120,191000,14.2000,14.2200,14.2000,14.2200,2400,0
ELP.US,5,20131120,191500,14.2100,14.2100,14.1900,14.2000,2008,0
ELP.US,5,20131120,192000,14.1900,14.1900,14.1800,14.1800,1400,0
ELP.US,5,20131120,192500,14.1700,14.1700,14.1500,14.1700,3901,0
ELP.US,5,20131120,193000,14.1700,14.1800,14.1600,14.1600,1500,0
ELP.US,5,20131120,194000,14.1600,14.1600,14.1400,14.1400,1800,0
ELP.US,5,20131120,194500,14.1300,14.1300,14.1300,14.1300,100,0
ELP.US,5,20131120,195000,14.1400,14.1400,14.1400,14.1400,3601,0
ELP.US,5,20131120,195500,14.1300,14.1400,14.1300,14.1400,3624,0
ELP.US,5,20131120,200500,14.1300,14.1300,14.0700,14.1300,5300,0
ELP.US,5,20131120,201000,14.1200,14.1200,14.0600,14.0800,6214,0
ELP.US,5,20131120,201500,14.0500,14.0500,13.9900,13.9900,9292,0
ELP.US,5,20131120,202000,14.0100,14.1000,14.0100,14.1000,7000,0
ELP.US,5,20131120,202500,14.0900,14.1000,14.0500,14.0500,2600,0
ELP.US,5,20131120,203000,14.0600,14.0600,14.0600,14.0600,200,0
ELP.US,5,20131120,203500,14.0600,14.0900,14.0600,14.0600,8762,0
ELP.US,5,20131120,204000,14.0600,14.0700,14.0600,14.0700,3300,0
ELP.US,5,20131120,204500,14.0700,14.0800,14.0600,14.0700,5663,0
ELP.US,5,20131120,205000,14.0800,14.0800,14.0500,14.0700,3600,0
ELP.US,5,20131120,205500,14.0700,14.0700,14.0400,14.0500,4869,0
ELP.US,5,20131120,210000,14.0600,14.0600,14.0500,14.0500,1200,0
ELP.US,5,20131120,210500,14.0500,14.0500,14.0200,14.0200,4154,0
ELP.US,5,20131120,211000,14.0300,14.0300,13.9700,13.9800,3800,0
ELP.US,5,20131120,211500,13.9700,14.0000,13.9700,13.9800,5000,0
ELP.US,5,20131120,212000,13.9900,13.9900,13.9600,13.9700,1800,0
ELP.US,5,20131120,212500,13.9600,14.0100,13.9500,13.9800,10306,0
ELP.US,5,20131120,213000,13.9800,13.9900,13.9700,13.9700,1432,0
ELP.US,5,20131120,213500,13.9700,13.9700,13.9400,13.9400,3485,0
ELP.US,5,20131120,214000,13.9300,13.9600,13.9300,13.9600,9312,0
ELP.US,5,20131120,214500,13.9500,13.9700,13.9500,13.9500,7526,0
ELP.US,5,20131120,215000,13.9400,13.9500,13.9200,13.9200,6100,0
ELP.US,5,20131120,215500,13.9200,13.9300,13.8800,13.8800,15180,0
ELP.US,5,20131120,220000,13.8800,13.9200,13.8800,13.9200,18683,0
ELP.US,5,20131120,220500,13.9100,13.9100,13.9100,13.9100,14775,0
ELP.US,5,20131121,153500,14.1600,14.1800,14.0500,14.1300,7300,0
ELP.US,5,20131121,154000,14.1400,14.1400,14.0800,14.0900,7700,0
ELP.US,5,20131121,154500,14.1100,14.1800,14.1000,14.1700,7200,0
ELP.US,5,20131121,155000,14.1700,14.1800,14.0800,14.1100,9700,0
ELP.US,5,20131121,155500,14.1000,14.1200,14.0800,14.0900,3300,0
ELP.US,5,20131121,160000,14.1000,14.1200,14.0800,14.1100,4300,0
ELP.US,5,20131121,160500,14.1200,14.1600,14.1200,14.1500,1934,0
ELP.US,5,20131121,161000,14.1500,14.1500,14.0800,14.0800,23997,0
ELP.US,5,20131121,161500,14.0900,14.0900,14.0600,14.0700,6478,0
ELP.US,5,20131121,162000,14.0800,14.0900,14.0700,14.0800,3940,0
ELP.US,5,20131121,162500,14.0800,14.1000,14.0800,14.0800,6600,0
ELP.US,5,20131121,163000,14.0700,14.0700,14.0100,14.0100,4535,0
ELP.US,5,20131121,163500,14.0300,14.0900,14.0300,14.0700,5000,0
ELP.US,5,20131121,164000,14.0700,14.0700,14.0400,14.0500,2400,0
ELP.US,5,20131121,164500,14.0500,14.1100,14.0500,14.1100,8287,0
ELP.US,5,20131121,165000,14.1300,14.1800,14.1200,14.1600,8700,0
ELP.US,5,20131121,165500,14.1600,14.1800,14.1600,14.1600,3484,0
ELP.US,5,20131121,170000,14.1500,14.1800,14.1500,14.1700,6485,0
ELP.US,5,20131121,170500,14.1700,14.1700,14.1400,14.1400,3200,0
ELP.US,5,20131121,171000,14.1400,14.1400,14.1200,14.1200,3833,0
ELP.US,5,20131121,171500,14.1000,14.1200,14.1000,14.1200,5107,0
ELP.US,5,20131121,172000,14.1100,14.1500,14.1100,14.1500,6995,0
ELP.US,5,20131121,172500,14.1500,14.1600,14.1500,14.1600,3400,0
ELP.US,5,20131121,173000,14.1700,14.1900,14.1700,14.1800,800,0
ELP.US,5,20131121,173500,14.1900,14.2000,14.1800,14.1900,5100,0
ELP.US,5,20131121,174000,14.1800,14.1800,14.1500,14.1500,8000,0
ELP.US,5,20131121,174500,14.1500,14.1700,14.1400,14.1700,4000,0
ELP.US,5,20131121,175000,14.1700,14.2100,14.1700,14.2100,8600,0
ELP.US,5,20131121,175500,14.2200,14.2200,14.2100,14.2100,5200,0
ELP.US,5,20131121,180000,14.2100,14.2200,14.2100,14.2100,4200,0
ELP.US,5,20131121,180500,14.2100,14.2100,14.1800,14.1800,4800,0
ELP.US,5,20131121,181000,14.1800,14.1900,14.1700,14.1800,6288,0
ELP.US,5,20131121,181500,14.1800,14.2000,14.1700,14.1900,3400,0
ELP.US,5,20131121,182000,14.1900,14.2000,14.1700,14.2000,9410,0
ELP.US,5,20131121,182500,14.2000,14.2100,14.2000,14.2000,1700,0
ELP.US,5,20131121,183000,14.2000,14.2000,14.1800,14.1800,2700,0
ELP.US,5,20131121,183500,14.1900,14.2000,14.1900,14.2000,2500,0
ELP.US,5,20131121,184000,14.2000,14.2000,14.1900,14.2000,2009,0
ELP.US,5,20131121,184500,14.1900,14.2000,14.1900,14.2000,6399,0
ELP.US,5,20131121,185000,14.2000,14.2300,14.2000,14.2000,6207,0
ELP.US,5,20131121,185500,14.2000,14.2300,14.2000,14.2300,3400,0
ELP.US,5,20131121,190000,14.2300,14.2300,14.2100,14.2200,4192,0
ELP.US,5,20131121,190500,14.2100,14.2700,14.2100,14.2700,9409,0
ELP.US,5,20131121,191000,14.2700,14.3100,14.2600,14.3100,5200,0
ELP.US,5,20131121,191500,14.3100,14.3300,14.2900,14.2900,7988,0
ELP.US,5,20131121,192000,14.2800,14.2900,14.2600,14.2700,3500,0
ELP.US,5,20131121,192500,14.2800,14.3000,14.2800,14.3000,2700,0
ELP.US,5,20131121,193000,14.3000,14.3200,14.2800,14.2800,6801,0
ELP.US,5,20131121,193500,14.2900,14.2900,14.2800,14.2900,3400,0
ELP.US,5,20131121,194000,14.2900,14.2900,14.2700,14.2900,3700,0
ELP.US,5,20131121,194500,14.2700,14.2900,14.2700,14.2800,2311,0
ELP.US,5,20131121,195000,14.2900,14.3000,14.2700,14.2700,6800,0
ELP.US,5,20131121,195500,14.2700,14.2900,14.2600,14.2700,8050,0
ELP.US,5,20131121,200000,14.2600,14.2600,14.2100,14.2200,2700,0
ELP.US,5,20131121,200500,14.2300,14.2800,14.2200,14.2800,8950,0
ELP.US,5,20131121,201000,14.2800,14.3000,14.2400,14.2400,13250,0
ELP.US,5,20131121,201500,14.2400,14.2400,14.2200,14.2300,2800,0
ELP.US,5,20131121,202000,14.2200,14.2200,14.2000,14.2000,900,0
ELP.US,5,20131121,202500,14.2000,14.2000,14.1400,14.1500,2799,0
ELP.US,5,20131121,203000,14.1400,14.1400,14.0900,14.0900,4600,0
ELP.US,5,20131121,203500,14.1000,14.2100,14.0900,14.1900,17999,0
ELP.US,5,20131121,204000,14.2000,14.2200,14.2000,14.2200,6300,0
ELP.US,5,20131121,204500,14.2200,14.2400,14.2100,14.2300,5962,0
ELP.US,5,20131121,205000,14.2300,14.2300,14.2000,14.2100,2700,0
ELP.US,5,20131121,205500,14.2100,14.2100,14.1800,14.1800,6383,0
ELP.US,5,20131121,210000,14.2000,14.2100,14.1900,14.2000,4200,0
ELP.US,5,20131121,210500,14.2000,14.2000,14.1800,14.1800,500,0
ELP.US,5,20131121,211000,14.1700,14.1700,14.1300,14.1500,9024,0
ELP.US,5,20131121,211500,14.1500,14.1700,14.1500,14.1600,2679,0
ELP.US,5,20131121,212000,14.1500,14.1500,14.1300,14.1400,1400,0
ELP.US,5,20131121,212500,14.1400,14.1500,14.1300,14.1300,3200,0
ELP.US,5,20131121,213000,14.1200,14.1200,14.1100,14.1100,5300,0
ELP.US,5,20131121,213500,14.1000,14.1100,14.1000,14.1000,5212,0
ELP.US,5,20131121,214000,14.1100,14.1200,14.1100,14.1100,4500,0
ELP.US,5,20131121,214500,14.1200,14.1200,14.0800,14.0900,8100,0
ELP.US,5,20131121,215000,14.0900,14.1100,14.0800,14.1100,9842,0
ELP.US,5,20131121,215500,14.1100,14.1100,14.0900,14.0900,11559,0
ELP.US,5,20131121,220000,14.0900,14.1000,14.0800,14.0900,23659,0
ELP.US,5,20131121,220500,14.0900,14.0900,14.0900,14.0900,24919,0
ELP.US,5,20131122,153500,14.3600,14.4000,14.3500,14.3800,7958,0
ELP.US,5,20131122,154000,14.3800,14.3900,14.2700,14.2700,7000,0
ELP.US,5,20131122,154500,14.2600,14.2600,14.2000,14.2000,5588,0
ELP.US,5,20131122,155000,14.2200,14.2600,14.2000,14.2600,2300,0
ELP.US,5,20131122,155500,14.2700,14.2700,14.2200,14.2400,2200,0
ELP.US,5,20131122,160000,14.2500,14.2900,14.2500,14.2900,3200,0
ELP.US,5,20131122,160500,14.2800,14.3000,14.2300,14.2300,2900,0
ELP.US,5,20131122,161000,14.2300,14.2700,14.2300,14.2700,2000,0
ELP.US,5,20131122,161500,14.2600,14.3200,14.2600,14.3200,3300,0
ELP.US,5,20131122,162000,14.3200,14.3800,14.3200,14.3600,3400,0
ELP.US,5,20131122,162500,14.3600,14.3600,14.3200,14.3400,4512,0
ELP.US,5,20131122,163000,14.3400,14.3400,14.3000,14.3100,4572,0
ELP.US,5,20131122,163500,14.3000,14.3000,14.3000,14.3000,100,0
ELP.US,5,20131122,164000,14.3000,14.3000,14.2800,14.2900,5677,0
ELP.US,5,20131122,164500,14.2900,14.3200,14.2900,14.3200,3804,0
ELP.US,5,20131122,165000,14.3200,14.3200,14.3100,14.3100,2956,0
ELP.US,5,20131122,165500,14.3200,14.3200,14.3100,14.3200,4291,0
ELP.US,5,20131122,170000,14.3300,14.3400,14.3200,14.3400,2800,0
ELP.US,5,20131122,170500,14.3500,14.4200,14.3500,14.4100,5800,0
ELP.US,5,20131122,171000,14.4000,14.4100,14.4000,14.4100,5395,0
ELP.US,5,20131122,171500,14.4100,14.4100,14.3500,14.3500,5812,0
ELP.US,5,20131122,172000,14.3500,14.3900,14.3400,14.3900,6200,0
ELP.US,5,20131122,172500,14.3800,14.3800,14.3600,14.3600,1300,0
ELP.US,5,20131122,173000,14.3700,14.3700,14.3500,14.3500,1600,0
ELP.US,5,20131122,173500,14.3500,14.3800,14.3300,14.3700,5542,0
ELP.US,5,20131122,174000,14.3700,14.3800,14.3600,14.3600,3426,0
ELP.US,5,20131122,174500,14.3600,14.4000,14.3500,14.4000,7984,0
ELP.US,5,20131122,175000,14.3900,14.3900,14.3900,14.3900,2000,0
ELP.US,5,20131122,175500,14.4000,14.4100,14.4000,14.4100,6305,0
ELP.US,5,20131122,180000,14.4100,14.4200,14.4000,14.4100,700,0
ELP.US,5,20131122,180500,14.4000,14.4300,14.4000,14.4100,7650,0
ELP.US,5,20131122,181000,14.4300,14.4400,14.4300,14.4400,5372,0
ELP.US,5,20131122,181500,14.4500,14.4500,14.4200,14.4200,3618,0
ELP.US,5,20131122,182000,14.4300,14.4700,14.4300,14.4600,4859,0
ELP.US,5,20131122,182500,14.4700,14.4700,14.4600,14.4700,3201,0
ELP.US,5,20131122,183000,14.4700,14.4900,14.4700,14.4800,4185,0
ELP.US,5,20131122,183500,14.4800,14.4800,14.4600,14.4700,3900,0
ELP.US,5,20131122,184000,14.4700,14.4800,14.4500,14.4500,6988,0
ELP.US,5,20131122,184500,14.4400,14.4400,14.4100,14.4300,4696,0
ELP.US,5,20131122,185000,14.4300,14.4300,14.4200,14.4200,1400,0
ELP.US,5,20131122,185500,14.4300,14.4800,14.4300,14.4700,4400,0
ELP.US,5,20131122,190000,14.4700,14.4800,14.4500,14.4800,3137,0
ELP.US,5,20131122,190500,14.4700,14.4800,14.4500,14.4700,4031,0
ELP.US,5,20131122,191000,14.4700,14.5000,14.4500,14.4900,3200,0
ELP.US,5,20131122,191500,14.4900,14.4900,14.4700,14.4900,2000,0
ELP.US,5,20131122,192000,14.4900,14.4900,14.4800,14.4800,400,0
ELP.US,5,20131122,192500,14.4800,14.5000,14.4800,14.4800,2000,0
ELP.US,5,20131122,193000,14.4600,14.4600,14.4500,14.4600,1000,0
ELP.US,5,20131122,193500,14.4400,14.4500,14.4400,14.4400,2591,0
ELP.US,5,20131122,194000,14.4400,14.4600,14.4400,14.4600,2700,0
ELP.US,5,20131122,194500,14.4800,14.4800,14.4500,14.4500,2300,0
ELP.US,5,20131122,195000,14.4400,14.4600,14.4300,14.4500,8624,0
ELP.US,5,20131122,195500,14.4400,14.4600,14.4300,14.4500,6598,0
ELP.US,5,20131122,200000,14.4300,14.4300,14.3800,14.4100,13220,0
ELP.US,5,20131122,200500,14.3900,14.4000,14.3900,14.4000,1900,0
ELP.US,5,20131122,201000,14.4000,14.4100,14.3800,14.3800,2450,0
ELP.US,5,20131122,201500,14.3800,14.3900,14.3800,14.3900,1575,0
ELP.US,5,20131122,202000,14.3800,14.3900,14.3500,14.3500,1400,0
ELP.US,5,20131122,202500,14.3500,14.3800,14.3500,14.3700,6253,0
ELP.US,5,20131122,203000,14.3700,14.4000,14.3700,14.4000,3700,0
ELP.US,5,20131122,203500,14.4000,14.4000,14.3900,14.3900,1200,0
ELP.US,5,20131122,204000,14.4000,14.4100,14.3900,14.3900,3900,0
ELP.US,5,20131122,204500,14.3900,14.4000,14.3800,14.3900,2704,0
ELP.US,5,20131122,205000,14.3900,14.3900,14.3700,14.3700,3400,0
ELP.US,5,20131122,205500,14.3700,14.3900,14.3600,14.3900,3770,0
ELP.US,5,20131122,210000,14.3900,14.3900,14.3800,14.3800,1200,0
ELP.US,5,20131122,210500,14.3700,14.3700,14.3500,14.3500,1012,0
ELP.US,5,20131122,211000,14.3500,14.3600,14.3400,14.3400,1246,0
ELP.US,5,20131122,211500,14.3300,14.3300,14.3100,14.3200,3030,0
ELP.US,5,20131122,212000,14.3200,14.3300,14.3200,14.3300,3600,0
ELP.US,5,20131122,212500,14.3400,14.3400,14.3300,14.3300,700,0
ELP.US,5,20131122,213000,14.3300,14.3300,14.3100,14.3100,2852,0
ELP.US,5,20131122,213500,14.3100,14.3200,14.3100,14.3100,3800,0
ELP.US,5,20131122,214000,14.3100,14.3100,14.3000,14.3000,5335,0
ELP.US,5,20131122,214500,14.3100,14.3200,14.3100,14.3200,11024,0
ELP.US,5,20131122,215000,14.3300,14.3400,14.3100,14.3300,16960,0
ELP.US,5,20131122,215500,14.3300,14.3400,14.3200,14.3200,11402,0
ELP.US,5,20131122,220000,14.3200,14.3600,14.3200,14.3600,38621,0
ELP.US,5,20131122,220500,14.3600,14.3600,14.3600,14.3600,8700,0
ELP.US,5,20131125,153500,14.3800,14.4000,14.3700,14.3700,6769,0
ELP.US,5,20131125,154000,14.3800,14.3900,14.3400,14.3800,9600,0
ELP.US,5,20131125,154500,14.3800,14.3900,14.3700,14.3800,6500,0
ELP.US,5,20131125,155000,14.3800,14.3800,14.3000,14.3000,4500,0
ELP.US,5,20131125,155500,14.3000,14.3300,14.3000,14.3100,2100,0
ELP.US,5,20131125,160000,14.3100,14.3400,14.2800,14.2800,5600,0
ELP.US,5,20131125,160500,14.2800,14.2900,14.2600,14.2600,2066,0
ELP.US,5,20131125,161000,14.2700,14.3600,14.2700,14.3600,24854,0
ELP.US,5,20131125,161500,14.3600,14.3600,14.3200,14.3200,8500,0
ELP.US,5,20131125,162000,14.3200,14.3600,14.3200,14.3500,3700,0
ELP.US,5,20131125,162500,14.3500,14.3700,14.3500,14.3700,1900,0
ELP.US,5,20131125,163000,14.3600,14.3700,14.3500,14.3500,2600,0
ELP.US,5,20131125,163500,14.3500,14.3600,14.3300,14.3500,4600,0
ELP.US,5,20131125,164000,14.3500,14.3900,14.3400,14.3600,7783,0
ELP.US,5,20131125,164500,14.3600,14.3600,14.3300,14.3300,5700,0
ELP.US,5,20131125,165000,14.3500,14.3700,14.3400,14.3600,9985,0
ELP.US,5,20131125,165500,14.3500,14.3600,14.3400,14.3500,12300,0
ELP.US,5,20131125,170000,14.3600,14.3700,14.3400,14.3500,10108,0
ELP.US,5,20131125,170500,14.3400,14.3500,14.3400,14.3400,5500,0
ELP.US,5,20131125,171000,14.3500,14.3700,14.3400,14.3500,7898,0
ELP.US,5,20131125,171500,14.3500,14.3600,14.3500,14.3500,9677,0
ELP.US,5,20131125,172000,14.3500,14.3700,14.3400,14.3500,16792,0
ELP.US,5,20131125,172500,14.3500,14.3700,14.3300,14.3400,25506,0
ELP.US,5,20131125,173000,14.3500,14.3700,14.3000,14.3000,21900,0
ELP.US,5,20131125,173500,14.2800,14.3200,14.2800,14.2900,15901,0
ELP.US,5,20131125,174000,14.2900,14.3600,14.2900,14.3400,13800,0
ELP.US,5,20131125,174500,14.3500,14.3700,14.3400,14.3600,10600,0
ELP.US,5,20131125,175000,14.3600,14.4000,14.3600,14.4000,12041,0
ELP.US,5,20131125,175500,14.4000,14.4100,14.4000,14.4000,2600,0
ELP.US,5,20131125,180000,14.4000,14.4300,14.3800,14.3800,11900,0
ELP.US,5,20131125,180500,14.3800,14.4000,14.3500,14.3600,12985,0
ELP.US,5,20131125,181000,14.3600,14.3700,14.3600,14.3600,3540,0
ELP.US,5,20131125,181500,14.3700,14.3800,14.3600,14.3600,9300,0
ELP.US,5,20131125,182000,14.3700,14.3700,14.3400,14.3400,4900,0
ELP.US,5,20131125,182500,14.3400,14.3500,14.3100,14.3400,14100,0
ELP.US,5,20131125,183000,14.3500,14.3700,14.3500,14.3600,6300,0
ELP.US,5,20131125,183500,14.3600,14.3600,14.3400,14.3400,8955,0
ELP.US,5,20131125,184000,14.3500,14.3900,14.3500,14.3800,3819,0
ELP.US,5,20131125,184500,14.3900,14.3900,14.3500,14.3600,11600,0
ELP.US,5,20131125,185000,14.3700,14.3800,14.3400,14.3400,5900,0
ELP.US,5,20131125,185500,14.3500,14.3500,14.3400,14.3400,5961,0
ELP.US,5,20131125,190000,14.3400,14.3800,14.3300,14.3800,10011,0
ELP.US,5,20131125,190500,14.3700,14.3800,14.3500,14.3700,4900,0
ELP.US,5,20131125,191000,14.3600,14.3800,14.3500,14.3700,6844,0
ELP.US,5,20131125,191500,14.3700,14.3800,14.3500,14.3500,4800,0
ELP.US,5,20131125,192000,14.3500,14.3600,14.3400,14.3600,12546,0
ELP.US,5,20131125,192500,14.3600,14.3600,14.3500,14.3500,1028,0
ELP.US,5,20131125,193000,14.3600,14.3600,14.3500,14.3500,3500,0
ELP.US,5,20131125,193500,14.3500,14.3700,14.3500,14.3600,6200,0
ELP.US,5,20131125,194000,14.3700,14.3700,14.3500,14.3500,1561,0
ELP.US,5,20131125,194500,14.3500,14.3600,14.3400,14.3500,4711,0
ELP.US,5,20131125,195000,14.3500,14.3600,14.3500,14.3500,2100,0
ELP.US,5,20131125,195500,14.3400,14.3600,14.3400,14.3600,3200,0
ELP.US,5,20131125,200000,14.3600,14.3600,14.3600,14.3600,1800,0
ELP.US,5,20131125,200500,14.3500,14.3600,14.3500,14.3500,8301,0
ELP.US,5,20131125,201000,14.3500,14.3500,14.3500,14.3500,3300,0
ELP.US,5,20131125,201500,14.3600,14.3600,14.3500,14.3500,2700,0
ELP.US,5,20131125,202000,14.3500,14.3600,14.3500,14.3500,4200,0
ELP.US,5,20131125,202500,14.3600,14.3600,14.3600,14.3600,700,0
ELP.US,5,20131125,203000,14.3600,14.3600,14.3500,14.3600,1216,0
ELP.US,5,20131125,203500,14.3500,14.3500,14.3400,14.3400,2700,0
ELP.US,5,20131125,204000,14.3400,14.3500,14.3300,14.3300,3513,0
ELP.US,5,20131125,204500,14.3300,14.3300,14.3200,14.3200,1000,0
ELP.US,5,20131125,205000,14.3200,14.3500,14.3000,14.3500,18378,0
ELP.US,5,20131125,205500,14.3500,14.3600,14.3500,14.3500,2100,0
ELP.US,5,20131125,210000,14.3500,14.3600,14.3500,14.3500,2900,0
ELP.US,5,20131125,210500,14.3500,14.3500,14.3200,14.3200,4600,0
ELP.US,5,20131125,211000,14.3300,14.3400,14.2800,14.2800,8100,0
ELP.US,5,20131125,211500,14.2900,14.2900,14.2800,14.2800,9954,0
ELP.US,5,20131125,212000,14.2800,14.3100,14.2800,14.3100,6926,0
ELP.US,5,20131125,212500,14.3200,14.3200,14.3100,14.3200,1000,0
ELP.US,5,20131125,213000,14.3200,14.3400,14.3100,14.3400,16366,0
ELP.US,5,20131125,213500,14.3300,14.3400,14.3300,14.3300,13300,0
ELP.US,5,20131125,214000,14.3300,14.3300,14.3200,14.3300,3846,0
ELP.US,5,20131125,214500,14.3300,14.3400,14.3300,14.3400,2500,0
ELP.US,5,20131125,215000,14.3300,14.3700,14.3300,14.3700,6400,0
ELP.US,5,20131125,215500,14.3600,14.3700,14.3500,14.3500,9179,0
ELP.US,5,20131125,220000,14.3500,14.3600,14.3500,14.3600,9932,0
ELP.US,5,20131125,221000,14.3700,14.3700,14.3700,14.3700,2333,0
ELP.US,5,20131126,153500,14.1600,14.1600,14.1100,14.1200,7438,0
ELP.US,5,20131126,154000,14.1100,14.1200,14.0700,14.0800,14619,0
ELP.US,5,20131126,154500,14.0700,14.0700,14.0300,14.0400,14564,0
ELP.US,5,20131126,155000,14.0300,14.0500,14.0100,14.0200,8347,0
ELP.US,5,20131126,155500,14.0200,14.0600,14.0100,14.0600,10655,0
ELP.US,5,20131126,160000,14.0600,14.0800,14.0500,14.0500,10100,0
ELP.US,5,20131126,160500,14.0600,14.0600,14.0500,14.0500,6574,0
ELP.US,5,20131126,161000,14.0500,14.0500,14.0200,14.0300,4910,0
ELP.US,5,20131126,161500,14.0300,14.0700,14.0200,14.0500,9998,0
ELP.US,5,20131126,162000,14.0500,14.0700,14.0300,14.0700,7401,0
ELP.US,5,20131126,162500,14.0700,14.0800,14.0500,14.0600,3562,0
ELP.US,5,20131126,163000,14.0700,14.0900,14.0600,14.0600,3026,0
ELP.US,5,20131126,163500,14.0600,14.0600,14.0200,14.0200,11338,0
ELP.US,5,20131126,164000,14.0200,14.0600,14.0200,14.0600,5200,0
ELP.US,5,20131126,164500,14.0700,14.1000,14.0600,14.0900,9700,0
ELP.US,5,20131126,165000,14.1000,14.1100,14.0900,14.1100,3900,0
ELP.US,5,20131126,165500,14.1100,14.1100,14.0700,14.0700,9231,0
ELP.US,5,20131126,170000,14.0700,14.0900,14.0600,14.0900,5700,0
ELP.US,5,20131126,170500,14.1000,14.1000,14.0900,14.0900,1000,0
ELP.US,5,20131126,171000,14.0900,14.0900,14.0700,14.0700,2834,0
ELP.US,5,20131126,171500,14.0700,14.1000,14.0700,14.1000,4910,0
ELP.US,5,20131126,172000,14.1100,14.1100,14.0800,14.1000,11178,0
ELP.US,5,20131126,172500,14.0900,14.1000,14.0900,14.1000,3169,0
ELP.US,5,20131126,173000,14.0900,14.1000,14.0700,14.0700,7450,0
ELP.US,5,20131126,173500,14.0700,14.1000,14.0600,14.1000,10726,0
ELP.US,5,20131126,174000,14.1000,14.1200,14.0900,14.1200,8100,0
ELP.US,5,20131126,174500,14.1200,14.1300,14.1100,14.1300,4220,0
ELP.US,5,20131126,175000,14.1400,14.1600,14.1400,14.1400,6400,0
ELP.US,5,20131126,175500,14.1400,14.1500,14.1400,14.1500,3000,0
ELP.US,5,20131126,180000,14.1500,14.1600,14.1300,14.1400,4907,0
ELP.US,5,20131126,180500,14.1400,14.2000,14.1400,14.1900,6780,0
ELP.US,5,20131126,181000,14.2000,14.2200,14.2000,14.2100,700,0
ELP.US,5,20131126,181500,14.2000,14.2000,14.1800,14.2000,5200,0
ELP.US,5,20131126,182000,14.2000,14.2400,14.2000,14.2200,7194,0
ELP.US,5,20131126,182500,14.2300,14.2800,14.2300,14.2800,6300,0
ELP.US,5,20131126,183000,14.2700,14.2700,14.2400,14.2400,3200,0
ELP.US,5,20131126,183500,14.2400,14.2400,14.2300,14.2400,3600,0
ELP.US,5,20131126,184000,14.2500,14.3000,14.2500,14.3000,6184,0
ELP.US,5,20131126,184500,14.3000,14.3300,14.2900,14.2900,9892,0
ELP.US,5,20131126,185000,14.2800,14.2800,14.2700,14.2700,2140,0
ELP.US,5,20131126,185500,14.2600,14.2700,14.2400,14.2600,4161,0
ELP.US,5,20131126,190000,14.2500,14.2600,14.2300,14.2400,5100,0
ELP.US,5,20131126,190500,14.2500,14.2700,14.2500,14.2600,1300,0
ELP.US,5,20131126,191000,14.2500,14.2800,14.2500,14.2600,2900,0
ELP.US,5,20131126,191500,14.2600,14.2800,14.2600,14.2800,2300,0
ELP.US,5,20131126,192000,14.2700,14.2800,14.2600,14.2600,2150,0
ELP.US,5,20131126,192500,14.2400,14.2400,14.2200,14.2300,6850,0
ELP.US,5,20131126,193000,14.2200,14.2400,14.2200,14.2400,2996,0
ELP.US,5,20131126,193500,14.2300,14.2600,14.2200,14.2200,5700,0
ELP.US,5,20131126,194000,14.2100,14.2200,14.2100,14.2200,900,0
ELP.US,5,20131126,194500,14.2200,14.2700,14.2200,14.2700,10901,0
ELP.US,5,20131126,195000,14.2500,14.2600,14.2500,14.2600,6067,0
ELP.US,5,20131126,195500,14.2600,14.2600,14.2400,14.2500,4300,0
ELP.US,5,20131126,200000,14.2500,14.2700,14.2500,14.2700,2800,0
ELP.US,5,20131126,200500,14.2700,14.2700,14.2500,14.2500,700,0
ELP.US,5,20131126,201000,14.2500,14.2500,14.1500,14.2000,33028,0
ELP.US,5,20131126,201500,14.2000,14.2400,14.2000,14.2300,9160,0
ELP.US,5,20131126,202000,14.2300,14.2400,14.2200,14.2400,6300,0
ELP.US,5,20131126,202500,14.2500,14.2500,14.2400,14.2500,7500,0
ELP.US,5,20131126,203000,14.2500,14.2600,14.2500,14.2500,1700,0
ELP.US,5,20131126,203500,14.2500,14.2500,14.2000,14.2100,22500,0
ELP.US,5,20131126,204000,14.2100,14.2200,14.2000,14.2000,10189,0
ELP.US,5,20131126,204500,14.1900,14.1900,14.1600,14.1700,2991,0
ELP.US,5,20131126,205000,14.1600,14.2000,14.1600,14.1900,20727,0
ELP.US,5,20131126,205500,14.1900,14.1900,14.1800,14.1800,4400,0
ELP.US,5,20131126,210000,14.1800,14.1900,14.1700,14.1800,10092,0
ELP.US,5,20131126,210500,14.1800,14.1800,14.1600,14.1600,3400,0
ELP.US,5,20131126,211000,14.1700,14.1800,14.1700,14.1700,5246,0
ELP.US,5,20131126,211500,14.1700,14.1700,14.1700,14.1700,4600,0
ELP.US,5,20131126,212000,14.1700,14.1700,14.1400,14.1400,3596,0
ELP.US,5,20131126,212500,14.1500,14.1900,14.1500,14.1900,18100,0
ELP.US,5,20131126,213000,14.2000,14.2100,14.2000,14.2100,7444,0
ELP.US,5,20131126,213500,14.2100,14.2100,14.2000,14.2100,15021,0
ELP.US,5,20131126,214000,14.2000,14.2100,14.2000,14.2000,1900,0
ELP.US,5,20131126,214500,14.2100,14.2100,14.1900,14.2000,16440,0
ELP.US,5,20131126,215000,14.1900,14.2100,14.1900,14.2100,46411,0
ELP.US,5,20131126,215500,14.2000,14.2100,14.1800,14.1800,25496,0
ELP.US,5,20131126,220000,14.1700,14.1800,14.1300,14.1400,44084,0
ELP.US,5,20131126,220500,14.1600,14.1600,14.1600,14.1600,55649,0
ELP.US,5,20131127,153500,13.6600,13.6700,13.5700,13.5900,5941,0
ELP.US,5,20131127,154000,13.5900,13.5900,13.5000,13.5200,8700,0
ELP.US,5,20131127,154500,13.5000,13.5400,13.5000,13.5200,4381,0
ELP.US,5,20131127,155000,13.5400,13.5400,13.4900,13.4900,2100,0
ELP.US,5,20131127,155500,13.4900,13.4900,13.4300,13.4300,3600,0
ELP.US,5,20131127,160000,13.4300,13.4300,13.3700,13.4000,3225,0
ELP.US,5,20131127,160500,13.4100,13.4200,13.3800,13.3900,2750,0
ELP.US,5,20131127,161000,13.3900,13.4300,13.3900,13.4200,4000,0
ELP.US,5,20131127,161500,13.4200,13.4200,13.3900,13.4000,5398,0
ELP.US,5,20131127,162000,13.3900,13.3900,13.3700,13.3700,6200,0
ELP.US,5,20131127,162500,13.3700,13.4000,13.3600,13.3900,6500,0
ELP.US,5,20131127,163000,13.4000,13.4200,13.3900,13.4000,3161,0
ELP.US,5,20131127,163500,13.4200,13.4200,13.4000,13.4000,1966,0
ELP.US,5,20131127,164000,13.4100,13.4400,13.4000,13.4400,2500,0
ELP.US,5,20131127,164500,13.4500,13.4600,13.4400,13.4400,3900,0
ELP.US,5,20131127,165000,13.4500,13.4500,13.4100,13.4300,5553,0
ELP.US,5,20131127,165500,13.4200,13.4300,13.4100,13.4200,1598,0
ELP.US,5,20131127,170000,13.4100,13.4100,13.3800,13.3800,3500,0
ELP.US,5,20131127,170500,13.3900,13.3900,13.3700,13.3700,1100,0
ELP.US,5,20131127,171000,13.3700,13.3700,13.3400,13.3400,2837,0
ELP.US,5,20131127,171500,13.3400,13.3400,13.3100,13.3200,1827,0
ELP.US,5,20131127,172000,13.3100,13.3100,13.2700,13.2700,5801,0
ELP.US,5,20131127,172500,13.2700,13.2700,13.2600,13.2600,1700,0
ELP.US,5,20131127,173000,13.2700,13.2700,13.2600,13.2600,3275,0
ELP.US,5,20131127,173500,13.2700,13.2800,13.2500,13.2700,3099,0
ELP.US,5,20131127,174000,13.2700,13.2800,13.2700,13.2700,1000,0
ELP.US,5,20131127,174500,13.2800,13.2800,13.2600,13.2600,400,0
ELP.US,5,20131127,175000,13.2700,13.2700,13.2400,13.2400,1534,0
ELP.US,5,20131127,175500,13.2300,13.2400,13.2300,13.2400,2400,0
ELP.US,5,20131127,180000,13.2500,13.2600,13.2400,13.2500,1998,0
ELP.US,5,20131127,180500,13.2600,13.2600,13.2400,13.2600,1728,0
ELP.US,5,20131127,181000,13.2500,13.2600,13.2500,13.2500,2849,0
ELP.US,5,20131127,181500,13.2500,13.2500,13.2300,13.2300,2720,0
ELP.US,5,20131127,182000,13.2400,13.2600,13.2400,13.2600,1487,0
ELP.US,5,20131127,182500,13.2700,13.3000,13.2700,13.3000,16511,0
ELP.US,5,20131127,183000,13.3000,13.3300,13.2900,13.2900,5893,0
ELP.US,5,20131127,183500,13.2900,13.3200,13.2900,13.3200,2000,0
ELP.US,5,20131127,184000,13.3100,13.3100,13.2900,13.3100,2300,0
ELP.US,5,20131127,184500,13.3100,13.3100,13.3100,13.3100,300,0
ELP.US,5,20131127,185000,13.3100,13.3100,13.3000,13.3000,900,0
ELP.US,5,20131127,185500,13.3000,13.3000,13.2900,13.3000,500,0
ELP.US,5,20131127,190000,13.3000,13.3000,13.3000,13.3000,900,0
ELP.US,5,20131127,190500,13.3000,13.3000,13.3000,13.3000,1135,0
ELP.US,5,20131127,191000,13.3000,13.3200,13.3000,13.3200,2000,0
ELP.US,5,20131127,191500,13.3200,13.3500,13.3200,13.3500,11100,0
ELP.US,5,20131127,192000,13.3600,13.3600,13.3300,13.3300,4700,0
ELP.US,5,20131127,192500,13.3200,13.3400,13.3100,13.3400,1805,0
ELP.US,5,20131127,193000,13.3200,13.3300,13.3100,13.3300,2200,0
ELP.US,5,20131127,193500,13.3300,13.3400,13.3300,13.3400,7044,0
ELP.US,5,20131127,194000,13.3200,13.3700,13.3200,13.3700,4014,0
ELP.US,5,20131127,194500,13.3600,13.3700,13.3500,13.3700,3717,0
ELP.US,5,20131127,195000,13.3600,13.3600,13.3500,13.3600,1700,0
ELP.US,5,20131127,195500,13.3400,13.3400,13.3200,13.3300,2639,0
ELP.US,5,20131127,200000,13.3300,13.3500,13.3300,13.3300,2289,0
ELP.US,5,20131127,200500,13.3300,13.3300,13.3100,13.3200,1600,0
ELP.US,5,20131127,201000,13.3200,13.3200,13.3000,13.3000,1430,0
ELP.US,5,20131127,201500,13.3000,13.3000,13.2900,13.2900,3600,0
ELP.US,5,20131127,202000,13.2800,13.2800,13.2600,13.2600,5100,0
ELP.US,5,20131127,202500,13.2600,13.2900,13.2600,13.2600,4301,0
ELP.US,5,20131127,203000,13.2700,13.2900,13.2600,13.2800,7249,0
ELP.US,5,20131127,203500,13.2800,13.3000,13.2700,13.2700,10465,0
ELP.US,5,20131127,204000,13.2800,13.3000,13.2700,13.3000,4100,0
ELP.US,5,20131127,204500,13.3000,13.3000,13.3000,13.3000,3602,0
ELP.US,5,20131127,205000,13.3100,13.3100,13.2300,13.2300,26282,0
ELP.US,5,20131127,205500,13.2200,13.2200,13.2100,13.2100,3763,0
ELP.US,5,20131127,210000,13.2100,13.2400,13.2100,13.2300,7081,0
ELP.US,5,20131127,210500,13.2200,13.2200,13.2200,13.2200,900,0
ELP.US,5,20131127,211000,13.2100,13.2200,13.2100,13.2200,3800,0
ELP.US,5,20131127,211500,13.2200,13.2400,13.2000,13.2400,15155,0
ELP.US,5,20131127,212000,13.2400,13.2400,13.2400,13.2400,4350,0
ELP.US,5,20131127,212500,13.2400,13.2400,13.2400,13.2400,1300,0
ELP.US,5,20131127,213000,13.2400,13.2400,13.2400,13.2400,3900,0
ELP.US,5,20131127,213500,13.2400,13.2500,13.2400,13.2500,4085,0
ELP.US,5,20131127,214000,13.2400,13.2400,13.2300,13.2300,13673,0
ELP.US,5,20131127,214500,13.2300,13.2400,13.2200,13.2400,17850,0
ELP.US,5,20131127,215000,13.2400,13.2600,13.2300,13.2300,7959,0
ELP.US,5,20131127,215500,13.2300,13.2500,13.2200,13.2400,17355,0
ELP.US,5,20131127,220000,13.2500,13.2800,13.2500,13.2600,27758,0
ELP.US,5,20131127,220500,13.2600,13.2600,13.2600,13.2600,18025,0
ELP.US,5,20131129,153500,13.1100,13.1100,13.0600,13.0800,1382,0
ELP.US,5,20131129,154000,13.0800,13.0900,13.0600,13.0700,1034,0
ELP.US,5,20131129,154500,13.0700,13.1000,13.0700,13.1000,300,0
ELP.US,5,20131129,155000,13.0900,13.1300,13.0900,13.1000,3000,0
ELP.US,5,20131129,155500,13.1100,13.1200,13.0900,13.0900,1500,0
ELP.US,5,20131129,160000,13.0900,13.1000,13.0800,13.0800,1223,0
ELP.US,5,20131129,160500,13.0900,13.1200,13.0900,13.1200,2259,0
ELP.US,5,20131129,161000,13.1300,13.2200,13.1300,13.2200,9075,0
ELP.US,5,20131129,161500,13.2700,13.2700,13.2200,13.2500,9600,0
ELP.US,5,20131129,162000,13.2400,13.2500,13.2300,13.2400,8984,0
ELP.US,5,20131129,162500,13.2400,13.2900,13.2400,13.2800,12530,0
ELP.US,5,20131129,163000,13.2900,13.3100,13.2900,13.2900,4685,0
ELP.US,5,20131129,163500,13.2900,13.2900,13.2600,13.2600,2400,0
ELP.US,5,20131129,164000,13.2600,13.2600,13.2500,13.2500,700,0
ELP.US,5,20131129,164500,13.2400,13.2400,13.2100,13.2400,2450,0
ELP.US,5,20131129,165000,13.2300,13.2400,13.2300,13.2300,3100,0
ELP.US,5,20131129,165500,13.2300,13.2600,13.2200,13.2600,3600,0
ELP.US,5,20131129,170000,13.2700,13.3000,13.2600,13.3000,2159,0
ELP.US,5,20131129,170500,13.3200,13.3300,13.3100,13.3200,4200,0
ELP.US,5,20131129,171000,13.3000,13.3100,13.2900,13.3100,3500,0
ELP.US,5,20131129,171500,13.3100,13.3100,13.3100,13.3100,1500,0
ELP.US,5,20131129,172000,13.3000,13.3100,13.2800,13.2800,1945,0
ELP.US,5,20131129,172500,13.2900,13.3100,13.2900,13.2900,2700,0
ELP.US,5,20131129,173000,13.3000,13.3100,13.3000,13.3100,300,0
ELP.US,5,20131129,173500,13.3100,13.3100,13.2800,13.2800,3600,0
ELP.US,5,20131129,174000,13.2900,13.3000,13.2800,13.3000,6051,0
ELP.US,5,20131129,174500,13.3000,13.3100,13.2800,13.2800,4852,0
ELP.US,5,20131129,175000,13.2900,13.3300,13.2800,13.3200,7518,0
ELP.US,5,20131129,175500,13.3300,13.3300,13.3200,13.3200,6300,0
ELP.US,5,20131129,180000,13.3200,13.3200,13.3000,13.3100,5000,0
ELP.US,5,20131129,180500,13.3200,13.3300,13.3100,13.3200,6500,0
ELP.US,5,20131129,181000,13.3100,13.3300,13.3100,13.3200,13100,0
ELP.US,5,20131129,181500,13.3100,13.3300,13.2600,13.2800,59336,0
ELP.US,5,20131129,182000,13.2800,13.3100,13.2500,13.3000,8502,0
ELP.US,5,20131129,182500,13.3000,13.3100,13.3000,13.3100,4300,0
ELP.US,5,20131129,183000,13.3100,13.3400,13.3100,13.3400,6300,0
ELP.US,5,20131129,183500,13.3500,13.3500,13.3300,13.3300,7228,0
ELP.US,5,20131129,184000,13.3400,13.3700,13.3300,13.3700,11338,0
ELP.US,5,20131129,184500,13.3800,13.4100,13.3800,13.3800,10891,0
ELP.US,5,20131129,185000,13.3900,13.4200,13.3700,13.3800,26340,0
ELP.US,5,20131129,185500,13.3700,13.4200,13.3700,13.4200,17551,0
ELP.US,5,20131129,190000,13.4200,13.4900,13.4200,13.4900,51544,0
ELP.US,5,20131129,190500,13.5000,13.5000,13.5000,13.5000,43510,0
ELP.US,5,20131202,153500,13.3300,13.3500,13.3200,13.3200,3556,0
ELP.US,5,20131202,154000,13.3200,13.3300,13.2200,13.2500,8800,0
ELP.US,5,20131202,154500,13.2200,13.2500,13.2200,13.2300,2599,0
ELP.US,5,20131202,155000,13.2200,13.2500,13.2000,13.2500,7600,0
ELP.US,5,20131202,155500,13.2500,13.3200,13.2500,13.3000,3694,0
ELP.US,5,20131202,160000,13.3000,13.3000,13.2900,13.3000,1799,0
ELP.US,5,20131202,160500,13.2800,13.3200,13.2700,13.2800,7233,0
ELP.US,5,20131202,161000,13.3000,13.3000,13.2700,13.2800,4300,0
ELP.US,5,20131202,161500,13.2800,13.2900,13.2500,13.2700,14305,0
ELP.US,5,20131202,162000,13.2600,13.3000,13.2600,13.3000,4200,0
ELP.US,5,20131202,162500,13.2900,13.3100,13.2500,13.2500,5400,0
ELP.US,5,20131202,163000,13.2500,13.2700,13.2400,13.2600,5001,0
ELP.US,5,20131202,163500,13.2500,13.2900,13.2400,13.2900,7000,0
ELP.US,5,20131202,164000,13.2700,13.2900,13.2500,13.2800,6100,0
ELP.US,5,20131202,164500,13.2700,13.2700,13.2500,13.2500,3888,0
ELP.US,5,20131202,165000,13.2500,13.2500,13.2400,13.2500,800,0
ELP.US,5,20131202,165500,13.2400,13.2600,13.2400,13.2400,3200,0
ELP.US,5,20131202,170000,13.2400,13.2600,13.2200,13.2300,9677,0
ELP.US,5,20131202,170500,13.2300,13.2400,13.2200,13.2200,550,0
ELP.US,5,20131202,171000,13.2300,13.2500,13.2200,13.2400,11500,0
ELP.US,5,20131202,171500,13.2400,13.2500,13.2200,13.2400,4400,0
ELP.US,5,20131202,172000,13.2500,13.2500,13.2200,13.2300,5316,0
ELP.US,5,20131202,172500,13.2400,13.2600,13.2400,13.2600,1300,0
ELP.US,5,20131202,173000,13.2400,13.2600,13.2300,13.2300,2000,0
ELP.US,5,20131202,173500,13.2500,13.2600,13.2400,13.2500,4119,0
ELP.US,5,20131202,174000,13.2500,13.2600,13.2000,13.2100,6000,0
ELP.US,5,20131202,174500,13.2100,13.2100,13.1900,13.2100,1000,0
ELP.US,5,20131202,175000,13.2100,13.2400,13.2100,13.2300,3007,0
ELP.US,5,20131202,175500,13.2500,13.2600,13.2500,13.2600,2800,0
ELP.US,5,20131202,180000,13.2600,13.2800,13.2500,13.2500,5500,0
ELP.US,5,20131202,180500,13.2600,13.2600,13.2300,13.2600,2300,0
ELP.US,5,20131202,181000,13.2600,13.2700,13.2600,13.2700,5100,0
ELP.US,5,20131202,181500,13.2900,13.3000,13.2900,13.3000,2200,0
ELP.US,5,20131202,182000,13.3100,13.3400,13.3100,13.3200,5900,0
ELP.US,5,20131202,182500,13.3300,13.3300,13.3300,13.3300,1100,0
ELP.US,5,20131202,183000,13.3400,13.3400,13.3200,13.3300,4140,0
ELP.US,5,20131202,183500,13.3300,13.3300,13.3100,13.3100,1700,0
ELP.US,5,20131202,184000,13.3200,13.3200,13.2900,13.2900,1900,0
ELP.US,5,20131202,184500,13.2800,13.2900,13.2700,13.2900,7444,0
ELP.US,5,20131202,185000,13.2900,13.2900,13.2100,13.2300,11637,0
ELP.US,5,20131202,185500,13.2500,13.2500,13.2200,13.2200,2000,0
ELP.US,5,20131202,190000,13.2200,13.2300,13.2100,13.2300,3500,0
ELP.US,5,20131202,190500,13.2100,13.2200,13.2000,13.2200,4500,0
ELP.US,5,20131202,191000,13.2100,13.2200,13.2000,13.2200,4296,0
ELP.US,5,20131202,191500,13.2100,13.2100,13.1900,13.1900,3500,0
ELP.US,5,20131202,192000,13.1900,13.2000,13.1900,13.2000,2300,0
ELP.US,5,20131202,192500,13.2000,13.2100,13.2000,13.2000,2100,0
ELP.US,5,20131202,193000,13.2000,13.2100,13.1900,13.2100,3400,0
ELP.US,5,20131202,193500,13.2100,13.2100,13.1700,13.1700,14129,0
ELP.US,5,20131202,194000,13.1700,13.2000,13.1700,13.1900,5125,0
ELP.US,5,20131202,194500,13.1800,13.2100,13.1800,13.2100,2700,0
ELP.US,5,20131202,195000,13.2000,13.2100,13.1900,13.1900,8000,0
ELP.US,5,20131202,195500,13.2000,13.2300,13.2000,13.2300,6600,0
ELP.US,5,20131202,200000,13.2300,13.2300,13.2100,13.2200,1742,0
ELP.US,5,20131202,200500,13.2200,13.2200,13.2100,13.2200,972,0
ELP.US,5,20131202,201000,13.2100,13.2100,13.1800,13.1800,4397,0
ELP.US,5,20131202,201500,13.1800,13.1800,13.1700,13.1800,3800,0
ELP.US,5,20131202,202000,13.1700,13.1700,13.1600,13.1600,1800,0
ELP.US,5,20131202,202500,13.1700,13.1900,13.1600,13.1900,8700,0
ELP.US,5,20131202,203000,13.1900,13.1900,13.1900,13.1900,1496,0
ELP.US,5,20131202,203500,13.1900,13.1900,13.1700,13.1700,3601,0
ELP.US,5,20131202,204000,13.1600,13.1600,13.1500,13.1500,2100,0
ELP.US,5,20131202,204500,13.1400,13.1400,13.1200,13.1200,2600,0
ELP.US,5,20131202,205000,13.1200,13.1300,13.1000,13.1100,5400,0
ELP.US,5,20131202,205500,13.1100,13.1400,13.1100,13.1400,2369,0
ELP.US,5,20131202,210000,13.1400,13.1400,13.1100,13.1200,3600,0
ELP.US,5,20131202,210500,13.1300,13.1500,13.1300,13.1400,3500,0
ELP.US,5,20131202,211000,13.1400,13.1400,13.1300,13.1300,2800,0
ELP.US,5,20131202,211500,13.1300,13.1600,13.1200,13.1600,13199,0
ELP.US,5,20131202,212000,13.1600,13.1700,13.1500,13.1500,5239,0
ELP.US,5,20131202,212500,13.1500,13.1500,13.1500,13.1500,300,0
ELP.US,5,20131202,213000,13.1400,13.1400,13.0900,13.0900,5100,0
ELP.US,5,20131202,213500,13.0900,13.1000,13.0700,13.0700,4700,0
ELP.US,5,20131202,214000,13.0700,13.0900,13.0600,13.0900,5390,0
ELP.US,5,20131202,214500,13.0900,13.1200,13.0900,13.0900,5211,0
ELP.US,5,20131202,215000,13.0900,13.1000,13.0800,13.1000,8850,0
ELP.US,5,20131202,215500,13.1000,13.1100,13.0900,13.1000,10246,0
ELP.US,5,20131202,220000,13.1100,13.1100,13.0800,13.1000,20289,0
ELP.US,5,20131202,220500,13.1100,13.1100,13.1100,13.1100,24910,0
ELP.US,5,20131203,153500,13.1900,13.2000,13.1300,13.1500,15521,0
ELP.US,5,20131203,154000,13.1500,13.1500,13.1200,13.1300,3900,0
ELP.US,5,20131203,154500,13.1300,13.2000,13.1200,13.1900,7584,0
ELP.US,5,20131203,155000,13.1900,13.1900,13.1300,13.1700,5994,0
ELP.US,5,20131203,155500,13.1700,13.1900,13.1600,13.1900,2900,0
ELP.US,5,20131203,160000,13.1900,13.2100,13.1900,13.2000,2569,0
ELP.US,5,20131203,160500,13.2200,13.2200,13.1800,13.2000,600,0
ELP.US,5,20131203,161000,13.2000,13.2000,13.1800,13.1800,1100,0
ELP.US,5,20131203,161500,13.1900,13.2100,13.1800,13.1800,2978,0
ELP.US,5,20131203,162000,13.1700,13.1700,13.1500,13.1700,900,0
ELP.US,5,20131203,162500,13.1800,13.1900,13.1700,13.1800,2500,0
ELP.US,5,20131203,163000,13.1700,13.2200,13.1700,13.2100,12807,0
ELP.US,5,20131203,163500,13.2200,13.2400,13.2100,13.2200,2200,0
ELP.US,5,20131203,164000,13.2200,13.2200,13.2000,13.2000,2300,0
ELP.US,5,20131203,164500,13.2100,13.2200,13.1800,13.1800,4800,0
ELP.US,5,20131203,165000,13.1700,13.2000,13.1700,13.1800,5754,0
ELP.US,5,20131203,165500,13.1700,13.2000,13.1500,13.2000,9047,0
ELP.US,5,20131203,170000,13.1900,13.1900,13.1600,13.1600,3900,0
ELP.US,5,20131203,170500,13.1500,13.1600,13.1200,13.1200,5600,0
ELP.US,5,20131203,171000,13.1200,13.1700,13.1100,13.1700,8271,0
ELP.US,5,20131203,171500,13.1500,13.1700,13.1400,13.1400,7195,0
ELP.US,5,20131203,172000,13.1400,13.1600,13.1200,13.1400,6387,0
ELP.US,5,20131203,172500,13.1300,13.1300,13.1100,13.1100,4800,0
ELP.US,5,20131203,173000,13.1000,13.1200,13.0400,13.0600,13091,0
ELP.US,5,20131203,173500,13.0600,13.0900,13.0600,13.0800,3900,0
ELP.US,5,20131203,174000,13.0800,13.0900,13.0600,13.0800,7623,0
ELP.US,5,20131203,174500,13.0700,13.0700,13.0200,13.0300,9199,0
ELP.US,5,20131203,175000,13.0200,13.0200,12.9800,12.9800,2809,0
ELP.US,5,20131203,175500,12.9800,13.0100,12.9800,13.0100,2100,0
ELP.US,5,20131203,180000,13.0200,13.0400,13.0200,13.0400,2200,0
ELP.US,5,20131203,180500,13.0400,13.0400,13.0200,13.0300,4100,0
ELP.US,5,20131203,181000,13.0400,13.0800,13.0400,13.0800,900,0
ELP.US,5,20131203,181500,13.0700,13.0800,13.0700,13.0700,4400,0
ELP.US,5,20131203,182000,13.0700,13.0700,13.0600,13.0600,1900,0
ELP.US,5,20131203,182500,13.0600,13.0600,13.0400,13.0400,2700,0
ELP.US,5,20131203,183000,13.0400,13.0400,13.0300,13.0300,1300,0
ELP.US,5,20131203,183500,13.0300,13.0300,13.0200,13.0200,1400,0
ELP.US,5,20131203,184000,13.0200,13.0500,13.0200,13.0500,1400,0
ELP.US,5,20131203,184500,13.0500,13.0500,13.0200,13.0200,1100,0
ELP.US,5,20131203,185000,13.0100,13.0100,12.9900,12.9900,1700,0
ELP.US,5,20131203,185500,12.9700,12.9900,12.9700,12.9700,2330,0
ELP.US,5,20131203,190000,12.9800,12.9900,12.9600,12.9600,4972,0
ELP.US,5,20131203,190500,12.9600,12.9600,12.9200,12.9200,3800,0
ELP.US,5,20131203,191000,12.9000,12.9300,12.9000,12.9100,3700,0
ELP.US,5,20131203,191500,12.9200,12.9300,12.9000,12.9100,5436,0
ELP.US,5,20131203,192000,12.9100,12.9100,12.8700,12.9000,3300,0
ELP.US,5,20131203,192500,12.9100,12.9100,12.8900,12.9100,1344,0
ELP.US,5,20131203,193000,12.8900,12.9200,12.8900,12.9200,2716,0
ELP.US,5,20131203,193500,12.9200,12.9600,12.9100,12.9600,4636,0
ELP.US,5,20131203,194000,12.9600,13.0100,12.9600,13.0100,9726,0
ELP.US,5,20131203,194500,13.0100,13.0400,13.0100,13.0300,7443,0
ELP.US,5,20131203,195000,13.0300,13.0300,13.0000,13.0000,1400,0
ELP.US,5,20131203,195500,12.9900,13.0000,12.9500,12.9600,4587,0
ELP.US,5,20131203,200000,12.9700,12.9800,12.9700,12.9800,500,0
ELP.US,5,20131203,200500,12.9900,12.9900,12.9800,12.9800,1678,0
ELP.US,5,20131203,201000,12.9800,12.9900,12.9700,12.9800,1849,0
ELP.US,5,20131203,201500,12.9600,12.9800,12.9600,12.9800,1500,0
ELP.US,5,20131203,202000,12.9600,12.9600,12.9400,12.9400,2000,0
ELP.US,5,20131203,202500,12.9400,12.9400,12.9300,12.9300,550,0
ELP.US,5,20131203,203000,12.9400,12.9700,12.9300,12.9700,2600,0
ELP.US,5,20131203,203500,12.9700,13.0000,12.9700,13.0000,3800,0
ELP.US,5,20131203,204000,13.0000,13.0100,13.0000,13.0100,929,0
ELP.US,5,20131203,204500,13.0100,13.0300,13.0100,13.0300,1461,0
ELP.US,5,20131203,205000,13.0100,13.0300,13.0100,13.0300,1989,0
ELP.US,5,20131203,205500,13.0200,13.0400,13.0200,13.0400,992,0
ELP.US,5,20131203,210000,13.0300,13.0500,13.0300,13.0500,1044,0
ELP.US,5,20131203,210500,13.0400,13.0400,13.0000,13.0200,1716,0
ELP.US,5,20131203,211000,13.0200,13.0300,12.9600,12.9800,27428,0
ELP.US,5,20131203,211500,12.9700,12.9700,12.9500,12.9500,980,0
ELP.US,5,20131203,212000,12.9500,12.9600,12.9500,12.9600,300,0
ELP.US,5,20131203,212500,12.9500,12.9500,12.9300,12.9400,1400,0
ELP.US,5,20131203,213000,12.9400,12.9500,12.9400,12.9400,3195,0
ELP.US,5,20131203,213500,12.9400,12.9700,12.9400,12.9700,1100,0
ELP.US,5,20131203,214000,12.9700,12.9700,12.9400,12.9400,1700,0
ELP.US,5,20131203,214500,12.9400,12.9400,12.9300,12.9300,1000,0
ELP.US,5,20131203,215000,12.9300,12.9500,12.9300,12.9500,5889,0
ELP.US,5,20131203,215500,12.9600,12.9600,12.9400,12.9500,9324,0
ELP.US,5,20131203,220000,12.9600,12.9900,12.9600,12.9900,12690,0
ELP.US,5,20131203,220500,12.9900,12.9900,12.9900,12.9900,5638,0
ELP.US,5,20131204,153500,12.7900,12.7900,12.7000,12.7000,5310,0
ELP.US,5,20131204,154000,12.6800,12.7300,12.6800,12.7300,5000,0
ELP.US,5,20131204,154500,12.7300,12.7400,12.7200,12.7400,1300,0
ELP.US,5,20131204,155000,12.7400,12.7400,12.6500,12.6500,11298,0
ELP.US,5,20131204,155500,12.6600,12.6800,12.6300,12.6700,18001,0
ELP.US,5,20131204,160000,12.6700,12.7300,12.6700,12.7300,800,0
ELP.US,5,20131204,160500,12.7300,12.7800,12.7300,12.7700,4400,0
ELP.US,5,20131204,161000,12.7800,12.8500,12.7600,12.8400,2810,0
ELP.US,5,20131204,161500,12.8400,12.8500,12.8200,12.8500,2700,0
ELP.US,5,20131204,162000,12.8500,12.8700,12.8400,12.8400,3062,0
ELP.US,5,20131204,162500,12.8500,12.8500,12.8400,12.8500,3300,0
ELP.US,5,20131204,163000,12.8400,12.8500,12.8400,12.8400,2911,0
ELP.US,5,20131204,163500,12.8400,12.8500,12.8300,12.8500,3200,0
ELP.US,5,20131204,164000,12.8500,12.8500,12.7800,12.8000,11797,0
ELP.US,5,20131204,164500,12.7900,12.8100,12.7800,12.7900,4375,0
ELP.US,5,20131204,165000,12.7800,12.7900,12.7400,12.7400,3559,0
ELP.US,5,20131204,165500,12.7500,12.8000,12.7500,12.8000,6000,0
ELP.US,5,20131204,170000,12.8000,12.8100,12.8000,12.8000,300,0
ELP.US,5,20131204,170500,12.8100,12.8400,12.8000,12.8400,5000,0
ELP.US,5,20131204,171000,12.8300,12.8400,12.8100,12.8100,4081,0
ELP.US,5,20131204,171500,12.8100,12.8100,12.8000,12.8100,1800,0
ELP.US,5,20131204,172000,12.8100,12.8200,12.8000,12.8100,2300,0
ELP.US,5,20131204,172500,12.8100,12.8200,12.7900,12.8000,4760,0
ELP.US,5,20131204,173000,12.7900,12.8000,12.7800,12.7900,3800,0
ELP.US,5,20131204,173500,12.7900,12.8100,12.7900,12.8000,3604,0
ELP.US,5,20131204,174000,12.8000,12.8000,12.7900,12.8000,1800,0
ELP.US,5,20131204,174500,12.8000,12.8200,12.8000,12.8200,2700,0
ELP.US,5,20131204,175000,12.8200,12.8200,12.8100,12.8100,2706,0
ELP.US,5,20131204,175500,12.8000,12.8200,12.8000,12.8200,1900,0
ELP.US,5,20131204,180000,12.8200,12.8200,12.8000,12.8000,1700,0
ELP.US,5,20131204,180500,12.8000,12.8000,12.7500,12.7600,3501,0
ELP.US,5,20131204,181000,12.7600,12.7700,12.7600,12.7700,1440,0
ELP.US,5,20131204,181500,12.7600,12.7700,12.7400,12.7400,3462,0
ELP.US,5,20131204,182000,12.7400,12.7700,12.7400,12.7700,2747,0
ELP.US,5,20131204,182500,12.7700,12.8000,12.7700,12.8000,3208,0
ELP.US,5,20131204,183000,12.8000,12.8000,12.7800,12.7800,1900,0
ELP.US,5,20131204,183500,12.7900,12.8000,12.7800,12.7900,1900,0
ELP.US,5,20131204,184000,12.7900,12.8000,12.7900,12.8000,2800,0
ELP.US,5,20131204,184500,12.8000,12.8000,12.8000,12.8000,1457,0
ELP.US,5,20131204,185000,12.8000,12.8000,12.7900,12.7900,3537,0
ELP.US,5,20131204,185500,12.7900,12.8000,12.7900,12.8000,1000,0
ELP.US,5,20131204,190000,12.8000,12.8100,12.7900,12.7900,5100,0
ELP.US,5,20131204,190500,12.7900,12.8000,12.7900,12.8000,2930,0
ELP.US,5,20131204,191000,12.8100,12.8100,12.7500,12.7800,11922,0
ELP.US,5,20131204,191500,12.7700,12.7800,12.7600,12.7700,3600,0
ELP.US,5,20131204,192000,12.7700,12.7900,12.7700,12.7800,7000,0
ELP.US,5,20131204,192500,12.7700,12.7800,12.7100,12.7200,6603,0
ELP.US,5,20131204,193000,12.7200,12.7400,12.7100,12.7300,3400,0
ELP.US,5,20131204,193500,12.7300,12.7400,12.6900,12.7300,6100,0
ELP.US,5,20131204,194000,12.7400,12.7600,12.7400,12.7400,5846,0
ELP.US,5,20131204,194500,12.7300,12.7400,12.7000,12.7000,5800,0
ELP.US,5,20131204,195000,12.7200,12.7500,12.7100,12.7300,5655,0
ELP.US,5,20131204,195500,12.7300,12.8000,12.7300,12.8000,6572,0
ELP.US,5,20131204,200000,12.7800,12.7900,12.7600,12.7900,4934,0
ELP.US,5,20131204,200500,12.7900,12.8300,12.7700,12.8300,4009,0
ELP.US,5,20131204,201000,12.8300,12.8400,12.7900,12.8100,11403,0
ELP.US,5,20131204,201500,12.8200,12.8800,12.8200,12.8500,9192,0
ELP.US,5,20131204,202000,12.8500,12.8600,12.8300,12.8600,2400,0
ELP.US,5,20131204,202500,12.8600,12.8700,12.8500,12.8600,17470,0
ELP.US,5,20131204,203000,12.8600,12.8900,12.8500,12.8700,9736,0
ELP.US,5,20131204,203500,12.8700,12.8700,12.8400,12.8600,8806,0
ELP.US,5,20131204,204000,12.8700,12.9000,12.8700,12.9000,3506,0
ELP.US,5,20131204,204500,12.9000,12.9400,12.9000,12.9300,6700,0
ELP.US,5,20131204,205000,12.9200,12.9400,12.9200,12.9400,2685,0
ELP.US,5,20131204,205500,12.9500,12.9500,12.9200,12.9200,7900,0
ELP.US,5,20131204,210000,12.9300,12.9400,12.9100,12.9100,5300,0
ELP.US,5,20131204,210500,12.9200,12.9400,12.9000,12.9100,5900,0
ELP.US,5,20131204,211000,12.9000,12.9300,12.9000,12.9200,7108,0
ELP.US,5,20131204,211500,12.9200,12.9400,12.9200,12.9200,5631,0
ELP.US,5,20131204,212000,12.9200,12.9300,12.9100,12.9100,11752,0
ELP.US,5,20131204,212500,12.9000,12.9000,12.8600,12.8600,6000,0
ELP.US,5,20131204,213000,12.8600,12.9000,12.8600,12.9000,10900,0
ELP.US,5,20131204,213500,12.8900,12.9300,12.8600,12.9300,12000,0
ELP.US,5,20131204,214000,12.9300,12.9400,12.9100,12.9200,10216,0
ELP.US,5,20131204,214500,12.9200,12.9300,12.8900,12.9000,10199,0
ELP.US,5,20131204,215000,12.9000,12.9100,12.8800,12.9000,14692,0
ELP.US,5,20131204,215500,12.9000,12.9100,12.8900,12.9000,14600,0
ELP.US,5,20131204,220000,12.9000,12.9400,12.8900,12.9300,28426,0
ELP.US,5,20131204,220500,12.9400,12.9400,12.9400,12.9400,15397,0
ELP.US,5,20131205,153500,12.7600,12.7800,12.7400,12.7500,12739,0
ELP.US,5,20131205,154000,12.7500,12.8500,12.7500,12.8200,5085,0
ELP.US,5,20131205,154500,12.8400,12.8400,12.8000,12.8200,2958,0
ELP.US,5,20131205,155000,12.8300,12.8600,12.8200,12.8600,3700,0
ELP.US,5,20131205,155500,12.8800,12.8800,12.8400,12.8500,2400,0
ELP.US,5,20131205,160000,12.8500,12.8800,12.8300,12.8400,2800,0
ELP.US,5,20131205,160500,12.8400,12.8900,12.8400,12.8900,4024,0
ELP.US,5,20131205,161000,12.8900,12.9300,12.8900,12.9300,1800,0
ELP.US,5,20131205,161500,12.9100,12.9500,12.9100,12.9300,3050,0
ELP.US,5,20131205,162000,12.9300,12.9400,12.9300,12.9400,1109,0
ELP.US,5,20131205,162500,12.9400,12.9500,12.9300,12.9500,1400,0
ELP.US,5,20131205,163000,12.9400,12.9500,12.9300,12.9500,1800,0
ELP.US,5,20131205,163500,12.9400,12.9700,12.9300,12.9400,2800,0
ELP.US,5,20131205,164000,12.9400,12.9700,12.9300,12.9700,2625,0
ELP.US,5,20131205,164500,12.9800,12.9900,12.9700,12.9800,1958,0
ELP.US,5,20131205,165000,12.9700,12.9700,12.9500,12.9600,1700,0
ELP.US,5,20131205,165500,12.9600,13.0000,12.9600,13.0000,5729,0
ELP.US,5,20131205,170000,13.0000,13.0300,13.0000,13.0300,2600,0
ELP.US,5,20131205,170500,13.0300,13.0300,12.9900,13.0100,5608,0
ELP.US,5,20131205,171000,13.0100,13.0300,13.0100,13.0200,4299,0
ELP.US,5,20131205,171500,13.0200,13.0200,13.0100,13.0100,800,0
ELP.US,5,20131205,172000,13.0000,13.0100,13.0000,13.0100,2700,0
ELP.US,5,20131205,172500,13.0100,13.0100,12.9900,13.0000,2164,0
ELP.US,5,20131205,173000,13.0000,13.0000,12.9400,12.9400,1000,0
ELP.US,5,20131205,173500,12.9500,12.9500,12.8700,12.8800,9014,0
ELP.US,5,20131205,174000,12.8700,12.8700,12.8600,12.8700,2074,0
ELP.US,5,20131205,174500,12.8700,12.9200,12.8700,12.9200,8743,0
ELP.US,5,20131205,175000,12.9200,12.9300,12.8900,12.8900,4600,0
ELP.US,5,20131205,175500,12.9000,12.9100,12.8900,12.9100,1300,0
ELP.US,5,20131205,180000,12.9000,12.9000,12.8800,12.8900,1501,0
ELP.US,5,20131205,180500,12.9000,12.9300,12.9000,12.9300,1500,0
ELP.US,5,20131205,181000,12.9400,12.9500,12.9400,12.9500,900,0
ELP.US,5,20131205,181500,12.9500,12.9500,12.9400,12.9500,2500,0
ELP.US,5,20131205,182000,12.9500,12.9500,12.9400,12.9500,1400,0
ELP.US,5,20131205,182500,12.9500,12.9700,12.9500,12.9700,2317,0
ELP.US,5,20131205,183000,12.9700,12.9800,12.9700,12.9800,1100,0
ELP.US,5,20131205,183500,12.9800,12.9900,12.9700,12.9900,2495,0
ELP.US,5,20131205,184000,12.9800,12.9900,12.9800,12.9900,1700,0
ELP.US,5,20131205,184500,12.9900,12.9900,12.9500,12.9500,1800,0
ELP.US,5,20131205,185000,12.9400,12.9400,12.9200,12.9200,1800,0
ELP.US,5,20131205,185500,12.9400,12.9400,12.9400,12.9400,600,0
ELP.US,5,20131205,190000,12.9300,12.9400,12.9300,12.9400,900,0
ELP.US,5,20131205,190500,12.9400,12.9400,12.9100,12.9100,3200,0
ELP.US,5,20131205,191000,12.9200,12.9300,12.9100,12.9200,3100,0
ELP.US,5,20131205,191500,12.9100,12.9200,12.9100,12.9100,1084,0
ELP.US,5,20131205,192000,12.9100,12.9200,12.9100,12.9200,1700,0
ELP.US,5,20131205,192500,12.9200,12.9300,12.9200,12.9300,1548,0
ELP.US,5,20131205,193000,12.9300,12.9300,12.8700,12.8900,13054,0
ELP.US,5,20131205,193500,12.9000,12.9000,12.8600,12.8700,2400,0
ELP.US,5,20131205,194000,12.8800,12.9900,12.8800,12.9900,9678,0
ELP.US,5,20131205,194500,12.9900,13.0300,12.9800,13.0000,6327,0
ELP.US,5,20131205,195000,13.0000,13.0100,12.9900,13.0000,2300,0
ELP.US,5,20131205,195500,13.0100,13.0200,13.0000,13.0100,2500,0
ELP.US,5,20131205,200000,13.0100,13.0100,13.0100,13.0100,500,0
ELP.US,5,20131205,200500,13.0100,13.0100,13.0000,13.0000,2200,0
ELP.US,5,20131205,201000,13.0000,13.0000,12.9600,12.9700,2900,0
ELP.US,5,20131205,201500,12.9700,12.9800,12.9400,12.9400,2550,0
ELP.US,5,20131205,202000,12.9400,12.9500,12.9400,12.9500,1100,0
ELP.US,5,20131205,202500,12.9500,12.9600,12.9500,12.9600,1200,0
ELP.US,5,20131205,203000,12.9600,12.9600,12.9500,12.9600,3874,0
ELP.US,5,20131205,203500,12.9700,12.9800,12.9600,12.9600,3100,0
ELP.US,5,20131205,204000,12.9600,12.9600,12.9600,12.9600,1506,0
ELP.US,5,20131205,204500,12.9600,12.9600,12.9500,12.9500,900,0
ELP.US,5,20131205,205000,12.9600,12.9600,12.9600,12.9600,400,0
ELP.US,5,20131205,210000,12.9500,12.9500,12.9200,12.9400,5846,0
ELP.US,5,20131205,210500,12.9400,12.9500,12.9300,12.9300,2039,0
ELP.US,5,20131205,211000,12.9400,12.9500,12.9400,12.9500,1300,0
ELP.US,5,20131205,211500,12.9500,12.9500,12.9100,12.9200,5300,0
ELP.US,5,20131205,212000,12.9200,12.9200,12.9100,12.9200,2900,0
ELP.US,5,20131205,212500,12.9100,12.9300,12.9100,12.9300,4500,0
ELP.US,5,20131205,213000,12.9300,12.9400,12.9300,12.9300,3400,0
ELP.US,5,20131205,213500,12.9300,12.9600,12.9300,12.9500,5300,0
ELP.US,5,20131205,214000,12.9500,12.9500,12.9300,12.9400,6079,0
ELP.US,5,20131205,214500,12.9300,12.9400,12.9200,12.9200,2161,0
ELP.US,5,20131205,215000,12.9200,12.9500,12.9100,12.9400,13108,0
ELP.US,5,20131205,215500,12.9500,12.9500,12.9200,12.9400,8250,0
ELP.US,5,20131205,220000,12.9300,12.9400,12.9300,12.9400,12979,0
ELP.US,5,20131205,220500,12.9300,12.9300,12.9300,12.9300,10627,0
ELP.US,5,20131206,153500,13.0800,13.0800,13.0400,13.0600,6998,0
ELP.US,5,20131206,154000,13.0500,13.0900,13.0500,13.0600,6952,0
ELP.US,5,20131206,154500,13.0700,13.0700,13.0700,13.0700,100,0
ELP.US,5,20131206,155000,13.0500,13.0600,13.0500,13.0600,2000,0
ELP.US,5,20131206,155500,13.0600,13.0800,13.0200,13.0800,2150,0
ELP.US,5,20131206,160000,13.0400,13.0400,13.0100,13.0100,3842,0
ELP.US,5,20131206,160500,13.0400,13.0400,12.9600,12.9600,1900,0
ELP.US,5,20131206,161000,12.9800,12.9800,12.9500,12.9800,1000,0
ELP.US,5,20131206,161500,13.0000,13.0600,13.0000,13.0600,6800,0
ELP.US,5,20131206,162000,13.0800,13.1200,13.0800,13.1100,2519,0
ELP.US,5,20131206,162500,13.1100,13.1200,13.1000,13.1100,2002,0
ELP.US,5,20131206,163000,13.1200,13.1400,13.1200,13.1300,2856,0
ELP.US,5,20131206,163500,13.1200,13.1300,13.0800,13.1100,10000,0
ELP.US,5,20131206,164000,13.1300,13.1300,13.1200,13.1200,1793,0
ELP.US,5,20131206,164500,13.1200,13.1200,13.1100,13.1100,6950,0
ELP.US,5,20131206,165000,13.1100,13.1400,13.1100,13.1200,3450,0
ELP.US,5,20131206,165500,13.1200,13.1200,13.0900,13.1000,900,0
ELP.US,5,20131206,170000,13.1100,13.1300,13.1100,13.1300,900,0
ELP.US,5,20131206,170500,13.1100,13.1300,13.1100,13.1100,2900,0
ELP.US,5,20131206,171000,13.1100,13.1400,13.1000,13.1300,2613,0
ELP.US,5,20131206,171500,13.1300,13.1500,13.1300,13.1400,2900,0
ELP.US,5,20131206,172000,13.1400,13.1400,13.1300,13.1300,360,0
ELP.US,5,20131206,172500,13.1300,13.1500,13.1300,13.1500,1700,0
ELP.US,5,20131206,173000,13.1400,13.1500,13.1400,13.1500,1480,0
ELP.US,5,20131206,173500,13.1500,13.2000,13.1500,13.1900,4547,0
ELP.US,5,20131206,174000,13.1900,13.2000,13.1900,13.2000,2800,0
ELP.US,5,20131206,174500,13.1800,13.1900,13.1600,13.1800,4671,0
ELP.US,5,20131206,175000,13.1900,13.2200,13.1700,13.2200,7601,0
ELP.US,5,20131206,175500,13.2100,13.2200,13.2100,13.2200,1300,0
ELP.US,5,20131206,180000,13.2200,13.2200,13.2100,13.2100,500,0
ELP.US,5,20131206,180500,13.2000,13.2000,13.1900,13.1900,900,0
ELP.US,5,20131206,181000,13.1800,13.1800,13.1700,13.1800,600,0
ELP.US,5,20131206,181500,13.1800,13.2000,13.1700,13.2000,4300,0
ELP.US,5,20131206,182000,13.2000,13.2000,13.1900,13.1900,3250,0
ELP.US,5,20131206,182500,13.2000,13.2200,13.2000,13.2100,3465,0
ELP.US,5,20131206,183000,13.2100,13.2500,13.2100,13.2400,2300,0
ELP.US,5,20131206,183500,13.2400,13.2400,13.2300,13.2400,3428,0
ELP.US,5,20131206,184000,13.2400,13.2800,13.2400,13.2800,4203,0
ELP.US,5,20131206,184500,13.2900,13.3100,13.2900,13.3100,3550,0
ELP.US,5,20131206,185000,13.3100,13.3200,13.2900,13.3000,4500,0
ELP.US,5,20131206,185500,13.3000,13.3000,13.2900,13.3000,1000,0
ELP.US,5,20131206,190000,13.3000,13.3300,13.2900,13.3300,8300,0
ELP.US,5,20131206,190500,13.3300,13.3600,13.3300,13.3400,3716,0
ELP.US,5,20131206,191000,13.3600,13.3700,13.3400,13.3600,9358,0
ELP.US,5,20131206,191500,13.3700,13.3700,13.3600,13.3600,7049,0
ELP.US,5,20131206,192000,13.3600,13.3800,13.3600,13.3800,3728,0
ELP.US,5,20131206,192500,13.3800,13.3900,13.3500,13.3700,6550,0
ELP.US,5,20131206,193000,13.3600,13.3700,13.3600,13.3700,1800,0
ELP.US,5,20131206,193500,13.3800,13.4100,13.3800,13.4000,3843,0
ELP.US,5,20131206,194000,13.4000,13.4100,13.3500,13.3500,7000,0
ELP.US,5,20131206,194500,13.3400,13.3600,13.3300,13.3500,6200,0
ELP.US,5,20131206,195000,13.3400,13.3700,13.3200,13.3500,4000,0
ELP.US,5,20131206,195500,13.3500,13.3500,13.3300,13.3400,7456,0
ELP.US,5,20131206,200000,13.3400,13.3400,13.3100,13.3100,2150,0
ELP.US,5,20131206,200500,13.3100,13.3400,13.3100,13.3400,1556,0
ELP.US,5,20131206,201000,13.3400,13.3700,13.3400,13.3700,3074,0
ELP.US,5,20131206,201500,13.3700,13.3800,13.3700,13.3700,2854,0
ELP.US,5,20131206,202000,13.3600,13.3600,13.3600,13.3600,281,0
ELP.US,5,20131206,202500,13.3700,13.3900,13.3700,13.3700,4264,0
ELP.US,5,20131206,203000,13.3700,13.4100,13.3700,13.4100,3100,0
ELP.US,5,20131206,203500,13.4100,13.4300,13.4100,13.4200,5099,0
ELP.US,5,20131206,204000,13.4300,13.4300,13.4000,13.4100,4500,0
ELP.US,5,20131206,204500,13.4200,13.4200,13.4000,13.4000,2300,0
ELP.US,5,20131206,205000,13.4000,13.4000,13.3900,13.3900,1200,0
ELP.US,5,20131206,205500,13.3900,13.3900,13.3900,13.3900,1900,0
ELP.US,5,20131206,210000,13.3900,13.4100,13.3900,13.4000,4211,0
ELP.US,5,20131206,210500,13.4100,13.4100,13.4100,13.4100,100,0
ELP.US,5,20131206,211000,13.4100,13.4100,13.4000,13.4000,1820,0
ELP.US,5,20131206,211500,13.4100,13.4100,13.3900,13.3900,10057,0
ELP.US,5,20131206,212000,13.3900,13.3900,13.3500,13.3500,3200,0
ELP.US,5,20131206,212500,13.3500,13.3600,13.3300,13.3400,5815,0
ELP.US,5,20131206,213000,13.3400,13.3500,13.3400,13.3500,400,0
ELP.US,5,20131206,213500,13.3500,13.3700,13.3500,13.3700,6042,0
ELP.US,5,20131206,214000,13.3600,13.3600,13.3300,13.3300,6000,0
ELP.US,5,20131206,214500,13.3300,13.3500,13.3200,13.3300,16401,0
ELP.US,5,20131206,215000,13.3300,13.3500,13.3100,13.3100,32395,0
ELP.US,5,20131206,215500,13.3100,13.3500,13.3100,13.3500,12542,0
ELP.US,5,20131206,220000,13.3600,13.3600,13.3400,13.3500,14323,0
ELP.US,5,20131206,220500,13.3400,13.3400,13.3400,13.3400,7964,0
ELP.US,5,20131209,153500,13.3600,13.3900,13.3500,13.3800,21883,0
ELP.US,5,20131209,154000,13.4000,13.4000,13.3600,13.3800,4000,0
ELP.US,5,20131209,154500,13.3900,13.3900,13.3800,13.3900,4401,0
ELP.US,5,20131209,155000,13.4000,13.4200,13.4000,13.4000,5707,0
ELP.US,5,20131209,155500,13.4100,13.4200,13.4100,13.4100,4700,0
ELP.US,5,20131209,160000,13.4300,13.4600,13.4300,13.4600,7768,0
ELP.US,5,20131209,160500,13.4600,13.4600,13.4300,13.4400,2901,0
ELP.US,5,20131209,161000,13.4400,13.4500,13.4200,13.4200,3311,0
ELP.US,5,20131209,161500,13.4200,13.4200,13.4200,13.4200,4444,0
ELP.US,5,20131209,162000,13.4200,13.4200,13.4100,13.4100,2800,0
ELP.US,5,20131209,162500,13.4200,13.4200,13.4100,13.4100,2000,0
ELP.US,5,20131209,163000,13.4100,13.4300,13.4100,13.4200,3600,0
ELP.US,5,20131209,163500,13.4100,13.4100,13.3700,13.3700,3226,0
ELP.US,5,20131209,164000,13.3700,13.3700,13.3600,13.3700,5100,0
ELP.US,5,20131209,164500,13.3600,13.3800,13.3600,13.3800,1900,0
ELP.US,5,20131209,165000,13.3700,13.3800,13.3700,13.3800,6426,0
ELP.US,5,20131209,165500,13.3800,13.3800,13.3800,13.3800,500,0
ELP.US,5,20131209,170000,13.3800,13.4100,13.3800,13.3900,9773,0
ELP.US,5,20131209,170500,13.3900,13.4000,13.3800,13.3900,10368,0
ELP.US,5,20131209,171000,13.3800,13.3800,13.3800,13.3800,5134,0
ELP.US,5,20131209,171500,13.3700,13.4100,13.3700,13.3900,3000,0
ELP.US,5,20131209,172000,13.3900,13.3900,13.3600,13.3600,13300,0
ELP.US,5,20131209,172500,13.3700,13.3800,13.3600,13.3700,4600,0
ELP.US,5,20131209,173000,13.3700,13.3900,13.3700,13.3800,4200,0
ELP.US,5,20131209,173500,13.3900,13.3900,13.3600,13.3700,8629,0
ELP.US,5,20131209,174000,13.3700,13.3900,13.3700,13.3800,4958,0
ELP.US,5,20131209,174500,13.3700,13.3800,13.3700,13.3700,12971,0
ELP.US,5,20131209,175000,13.3700,13.4000,13.3700,13.3900,5013,0
ELP.US,5,20131209,175500,13.4000,13.4300,13.3900,13.4300,26600,0
ELP.US,5,20131209,180000,13.4200,13.5000,13.4200,13.4900,15519,0
ELP.US,5,20131209,180500,13.5000,13.5400,13.5000,13.5200,9760,0
ELP.US,5,20131209,181000,13.5300,13.5400,13.5200,13.5300,3900,0
ELP.US,5,20131209,181500,13.5300,13.5500,13.5300,13.5400,26634,0
ELP.US,5,20131209,182000,13.5400,13.5900,13.5300,13.5800,24801,0
ELP.US,5,20131209,182500,13.5900,13.6100,13.5500,13.5600,60327,0
ELP.US,5,20131209,183000,13.5500,13.5700,13.5300,13.5300,18999,0
ELP.US,5,20131209,183500,13.5400,13.5400,13.5200,13.5200,10400,0
ELP.US,5,20131209,184000,13.5300,13.5300,13.5000,13.5100,9858,0
ELP.US,5,20131209,184500,13.5300,13.5500,13.5300,13.5300,8710,0
ELP.US,5,20131209,185000,13.5300,13.5300,13.5200,13.5200,12100,0
ELP.US,5,20131209,185500,13.5200,13.5400,13.5200,13.5400,3200,0
ELP.US,5,20131209,190000,13.5400,13.5500,13.5400,13.5500,6720,0
ELP.US,5,20131209,190500,13.5400,13.5500,13.5100,13.5200,14703,0
ELP.US,5,20131209,191000,13.5300,13.5400,13.5300,13.5300,2000,0
ELP.US,5,20131209,191500,13.5300,13.5400,13.5300,13.5400,2100,0
ELP.US,5,20131209,192000,13.5400,13.5600,13.5400,13.5500,4998,0
ELP.US,5,20131209,192500,13.5600,13.5600,13.5500,13.5500,3500,0
ELP.US,5,20131209,193000,13.5600,13.5700,13.5500,13.5500,16557,0
ELP.US,5,20131209,193500,13.5500,13.5700,13.5400,13.5400,9598,0
ELP.US,5,20131209,194000,13.5400,13.5600,13.5100,13.5400,12022,0
ELP.US,5,20131209,194500,13.5400,13.5600,13.5400,13.5400,10631,0
ELP.US,5,20131209,195000,13.5400,13.5900,13.5400,13.5700,8301,0
ELP.US,5,20131209,195500,13.5700,13.5700,13.5500,13.5700,4600,0
ELP.US,5,20131209,200000,13.5700,13.5800,13.5700,13.5800,1900,0
ELP.US,5,20131209,200500,13.5800,13.6200,13.5800,13.5800,22825,0
ELP.US,5,20131209,201000,13.5900,13.5900,13.5900,13.5900,1490,0
ELP.US,5,20131209,201500,13.5900,13.6100,13.5900,13.6100,3100,0
ELP.US,5,20131209,202000,13.6100,13.6300,13.6100,13.6200,8648,0
ELP.US,5,20131209,202500,13.6200,13.6300,13.6000,13.6100,6300,0
ELP.US,5,20131209,203000,13.6100,13.6700,13.6100,13.6700,14190,0
ELP.US,5,20131209,203500,13.6600,13.6600,13.6200,13.6500,5700,0
ELP.US,5,20131209,204000,13.6500,13.7000,13.6400,13.6900,7540,0
ELP.US,5,20131209,204500,13.6900,13.7200,13.6900,13.7100,5609,0
ELP.US,5,20131209,205000,13.7200,13.7400,13.7100,13.7400,4100,0
ELP.US,5,20131209,205500,13.7400,13.7500,13.7300,13.7400,12668,0
ELP.US,5,20131209,210000,13.7300,13.7300,13.7000,13.7200,5158,0
ELP.US,5,20131209,210500,13.7100,13.7100,13.7100,13.7100,700,0
ELP.US,5,20131209,211000,13.7100,13.7100,13.6900,13.7100,9699,0
ELP.US,5,20131209,211500,13.7100,13.7200,13.6900,13.7200,7411,0
ELP.US,5,20131209,212000,13.7200,13.7200,13.7000,13.7000,5441,0
ELP.US,5,20131209,212500,13.7000,13.7400,13.7000,13.7300,11248,0
ELP.US,5,20131209,213000,13.7200,13.7300,13.7000,13.7200,18600,0
ELP.US,5,20131209,213500,13.7200,13.7800,13.7200,13.7700,21418,0
ELP.US,5,20131209,214000,13.7700,13.7800,13.7500,13.7500,13580,0
ELP.US,5,20131209,214500,13.7400,13.7400,13.7100,13.7300,6206,0
ELP.US,5,20131209,215000,13.7200,13.7400,13.7200,13.7400,10006,0
ELP.US,5,20131209,215500,13.7400,13.7400,13.7200,13.7200,8707,0
ELP.US,5,20131209,220000,13.7200,13.7300,13.7100,13.7200,20269,0
ELP.US,5,20131209,220500,13.7200,13.7200,13.7200,13.7200,2514,0
