<TICKER>,<PER>,<DTYYYYMMDD>,<TIME>,<OPEN>,<HIGH>,<LOW>,<CLOSE>,<VOL>,<OPENINT>
ELY.US,5,20131112,153500,8.3100,8.3100,8.2900,8.2900,4200,0
ELY.US,5,20131112,154000,8.3000,8.3200,8.2900,8.3100,3295,0
ELY.US,5,20131112,154500,8.3100,8.3300,8.3000,8.3300,1600,0
ELY.US,5,20131112,155000,8.3100,8.3300,8.3100,8.3300,8400,0
ELY.US,5,20131112,155500,8.3200,8.3200,8.2900,8.3000,10516,0
ELY.US,5,20131112,160000,8.2900,8.3100,8.2900,8.3100,8506,0
ELY.US,5,20131112,160500,8.3000,8.3000,8.2700,8.2700,6425,0
ELY.US,5,20131112,161000,8.2700,8.2800,8.2700,8.2800,4500,0
ELY.US,5,20131112,161500,8.3000,8.3000,8.3000,8.3000,1500,0
ELY.US,5,20131112,162000,8.3000,8.3300,8.3000,8.3300,1700,0
ELY.US,5,20131112,162500,8.3200,8.3300,8.3200,8.3200,1100,0
ELY.US,5,20131112,163000,8.3200,8.3300,8.3200,8.3300,6300,0
ELY.US,5,20131112,163500,8.3200,8.3300,8.3200,8.3300,1450,0
ELY.US,5,20131112,164000,8.3300,8.3500,8.3300,8.3400,7793,0
ELY.US,5,20131112,164500,8.3400,8.3500,8.3400,8.3400,6894,0
ELY.US,5,20131112,165000,8.3600,8.3600,8.3000,8.3100,9690,0
ELY.US,5,20131112,165500,8.3000,8.3100,8.2900,8.2900,9265,0
ELY.US,5,20131112,170000,8.2900,8.2900,8.2900,8.2900,1800,0
ELY.US,5,20131112,170500,8.2900,8.3100,8.2900,8.3100,2400,0
ELY.US,5,20131112,171000,8.3000,8.3100,8.3000,8.3100,7619,0
ELY.US,5,20131112,171500,8.3100,8.3200,8.3000,8.3200,4609,0
ELY.US,5,20131112,172000,8.3200,8.3200,8.3100,8.3200,4572,0
ELY.US,5,20131112,172500,8.3200,8.3200,8.3100,8.3200,7634,0
ELY.US,5,20131112,173000,8.3200,8.3300,8.3100,8.3300,16281,0
ELY.US,5,20131112,173500,8.3300,8.3300,8.3200,8.3300,2700,0
ELY.US,5,20131112,174000,8.3200,8.3300,8.3100,8.3100,6510,0
ELY.US,5,20131112,174500,8.3000,8.3100,8.2900,8.3000,4611,0
ELY.US,5,20131112,175000,8.3000,8.3000,8.2600,8.2800,20800,0
ELY.US,5,20131112,175500,8.2800,8.2800,8.2700,8.2700,7200,0
ELY.US,5,20131112,180000,8.2800,8.2800,8.2800,8.2800,200,0
ELY.US,5,20131112,180500,8.2800,8.2800,8.2800,8.2800,1700,0
ELY.US,5,20131112,181000,8.2700,8.2800,8.2400,8.2400,16934,0
ELY.US,5,20131112,181500,8.2400,8.2500,8.2300,8.2300,2100,0
ELY.US,5,20131112,182000,8.2400,8.2600,8.2400,8.2500,2900,0
ELY.US,5,20131112,182500,8.2500,8.2500,8.2400,8.2400,1799,0
ELY.US,5,20131112,183000,8.2500,8.2500,8.2500,8.2500,198,0
ELY.US,5,20131112,183500,8.2400,8.2600,8.2400,8.2600,10799,0
ELY.US,5,20131112,184000,8.2600,8.2700,8.2500,8.2700,3482,0
ELY.US,5,20131112,184500,8.2700,8.2800,8.2700,8.2700,2300,0
ELY.US,5,20131112,185000,8.2700,8.2700,8.2700,8.2700,900,0
ELY.US,5,20131112,185500,8.2800,8.2800,8.2700,8.2700,1200,0
ELY.US,5,20131112,190000,8.2700,8.2700,8.2700,8.2700,1800,0
ELY.US,5,20131112,190500,8.2800,8.2800,8.2700,8.2700,2100,0
ELY.US,5,20131112,191000,8.2700,8.2700,8.2700,8.2700,600,0
ELY.US,5,20131112,191500,8.2700,8.2800,8.2700,8.2800,1700,0
ELY.US,5,20131112,192000,8.2800,8.3100,8.2800,8.3100,2400,0
ELY.US,5,20131112,192500,8.3100,8.3100,8.3100,8.3100,800,0
ELY.US,5,20131112,193000,8.3100,8.3100,8.3100,8.3100,1500,0
ELY.US,5,20131112,193500,8.3000,8.3000,8.3000,8.3000,900,0
ELY.US,5,20131112,194000,8.2900,8.3000,8.2900,8.3000,200,0
ELY.US,5,20131112,194500,8.3000,8.3000,8.2900,8.2900,1800,0
ELY.US,5,20131112,195000,8.2800,8.3100,8.2800,8.3100,2300,0
ELY.US,5,20131112,195500,8.3000,8.3100,8.3000,8.3100,950,0
ELY.US,5,20131112,200000,8.3200,8.3200,8.3200,8.3200,1200,0
ELY.US,5,20131112,200500,8.3100,8.3200,8.3100,8.3200,500,0
ELY.US,5,20131112,201000,8.3200,8.3200,8.3000,8.3100,5999,0
ELY.US,5,20131112,201500,8.3100,8.3100,8.3100,8.3100,200,0
ELY.US,5,20131112,202000,8.3200,8.3200,8.3100,8.3200,3308,0
ELY.US,5,20131112,202500,8.3200,8.3300,8.3200,8.3200,19650,0
ELY.US,5,20131112,203000,8.3200,8.3300,8.3200,8.3300,11086,0
ELY.US,5,20131112,203500,8.3300,8.3300,8.3200,8.3200,7400,0
ELY.US,5,20131112,204000,8.3200,8.3700,8.3200,8.3700,12697,0
ELY.US,5,20131112,204500,8.3700,8.3800,8.3400,8.3800,12408,0
ELY.US,5,20131112,205000,8.3800,8.4100,8.3800,8.3900,21061,0
ELY.US,5,20131112,205500,8.3900,8.4000,8.3800,8.3800,6100,0
ELY.US,5,20131112,210000,8.4000,8.4400,8.3800,8.4000,24979,0
ELY.US,5,20131112,210500,8.4100,8.4300,8.3900,8.4100,29900,0
ELY.US,5,20131112,211000,8.4000,8.4000,8.4000,8.4000,2500,0
ELY.US,5,20131112,211500,8.4000,8.4500,8.4000,8.4400,14729,0
ELY.US,5,20131112,212000,8.4400,8.4600,8.4400,8.4600,7500,0
ELY.US,5,20131112,212500,8.4600,8.4600,8.4300,8.4300,6742,0
ELY.US,5,20131112,213000,8.4300,8.4400,8.4200,8.4200,5920,0
ELY.US,5,20131112,213500,8.4300,8.4500,8.4300,8.4300,7171,0
ELY.US,5,20131112,214000,8.4300,8.4500,8.4000,8.4000,38201,0
ELY.US,5,20131112,214500,8.4000,8.4100,8.3800,8.3900,31122,0
ELY.US,5,20131112,215000,8.3900,8.3900,8.3700,8.3800,63682,0
ELY.US,5,20131112,215500,8.3800,8.3900,8.3800,8.3800,9874,0
ELY.US,5,20131112,220000,8.3800,8.3900,8.3600,8.3700,49113,0
ELY.US,5,20131112,220500,8.3600,8.3600,8.3600,8.3600,30895,0
ELY.US,5,20131113,153500,8.3400,8.3400,8.3200,8.3200,10870,0
ELY.US,5,20131113,154000,8.3200,8.3500,8.3200,8.3300,2100,0
ELY.US,5,20131113,154500,8.3300,8.3300,8.2600,8.2700,7618,0
ELY.US,5,20131113,155000,8.2900,8.3000,8.2800,8.3000,8840,0
ELY.US,5,20131113,155500,8.2900,8.2900,8.2700,8.2700,4000,0
ELY.US,5,20131113,160000,8.2800,8.2900,8.2700,8.2800,5648,0
ELY.US,5,20131113,160500,8.2900,8.3300,8.2900,8.3200,9000,0
ELY.US,5,20131113,161000,8.3400,8.3400,8.3300,8.3300,2700,0
ELY.US,5,20131113,161500,8.3300,8.3400,8.3200,8.3400,2200,0
ELY.US,5,20131113,162000,8.3400,8.3400,8.3300,8.3400,5144,0
ELY.US,5,20131113,162500,8.3400,8.3400,8.3300,8.3400,1325,0
ELY.US,5,20131113,163000,8.3400,8.3600,8.3400,8.3600,4500,0
ELY.US,5,20131113,163500,8.3500,8.3500,8.3500,8.3500,800,0
ELY.US,5,20131113,164000,8.3500,8.3600,8.3500,8.3500,1050,0
ELY.US,5,20131113,164500,8.3500,8.3600,8.3500,8.3500,1453,0
ELY.US,5,20131113,165000,8.3500,8.3600,8.3500,8.3500,8325,0
ELY.US,5,20131113,165500,8.3600,8.3600,8.3500,8.3500,3244,0
ELY.US,5,20131113,170000,8.3400,8.3400,8.3300,8.3300,1900,0
ELY.US,5,20131113,170500,8.3400,8.3500,8.3400,8.3400,3659,0
ELY.US,5,20131113,171000,8.3500,8.3500,8.3400,8.3400,800,0
ELY.US,5,20131113,171500,8.3500,8.3500,8.3400,8.3500,1100,0
ELY.US,5,20131113,172000,8.3500,8.3500,8.3300,8.3300,3853,0
ELY.US,5,20131113,172500,8.3300,8.3400,8.3200,8.3300,1200,0
ELY.US,5,20131113,173000,8.3300,8.3400,8.3200,8.3300,6200,0
ELY.US,5,20131113,173500,8.3300,8.3500,8.3300,8.3500,2362,0
ELY.US,5,20131113,174000,8.3500,8.3600,8.3400,8.3500,1559,0
ELY.US,5,20131113,174500,8.3500,8.3500,8.3200,8.3300,14574,0
ELY.US,5,20131113,175000,8.3400,8.3400,8.3300,8.3400,1600,0
ELY.US,5,20131113,175500,8.3400,8.3500,8.3400,8.3500,2100,0
ELY.US,5,20131113,180000,8.3500,8.3500,8.3400,8.3500,3000,0
ELY.US,5,20131113,180500,8.3500,8.3500,8.3400,8.3500,1200,0
ELY.US,5,20131113,181000,8.3400,8.3500,8.3400,8.3500,700,0
ELY.US,5,20131113,181500,8.3500,8.3500,8.3400,8.3500,8215,0
ELY.US,5,20131113,182000,8.3500,8.3500,8.3500,8.3500,1200,0
ELY.US,5,20131113,182500,8.3500,8.3600,8.3500,8.3500,1409,0
ELY.US,5,20131113,183000,8.3500,8.3600,8.3500,8.3600,600,0
ELY.US,5,20131113,183500,8.3500,8.3600,8.3500,8.3500,1600,0
ELY.US,5,20131113,184000,8.3600,8.3600,8.3500,8.3600,3060,0
ELY.US,5,20131113,184500,8.3600,8.3600,8.3500,8.3500,23989,0
ELY.US,5,20131113,185000,8.3500,8.3600,8.3500,8.3500,8349,0
ELY.US,5,20131113,185500,8.3500,8.3500,8.3300,8.3400,7207,0
ELY.US,5,20131113,190000,8.3400,8.3600,8.3400,8.3500,9575,0
ELY.US,5,20131113,190500,8.3600,8.3600,8.3500,8.3600,1129,0
ELY.US,5,20131113,191000,8.3500,8.3600,8.3400,8.3400,6600,0
ELY.US,5,20131113,191500,8.3500,8.3500,8.3400,8.3400,7684,0
ELY.US,5,20131113,192000,8.3400,8.3500,8.3400,8.3500,2600,0
ELY.US,5,20131113,192500,8.3500,8.3600,8.3400,8.3500,3900,0
ELY.US,5,20131113,193000,8.3600,8.3600,8.3500,8.3600,1101,0
ELY.US,5,20131113,193500,8.3500,8.3600,8.3500,8.3500,2498,0
ELY.US,5,20131113,194000,8.3600,8.3600,8.3500,8.3600,1100,0
ELY.US,5,20131113,194500,8.3600,8.3600,8.3500,8.3500,3800,0
ELY.US,5,20131113,195000,8.3600,8.3800,8.3500,8.3700,35551,0
ELY.US,5,20131113,195500,8.3700,8.3900,8.3700,8.3800,5136,0
ELY.US,5,20131113,200000,8.3800,8.4000,8.3800,8.3900,8070,0
ELY.US,5,20131113,200500,8.3800,8.4000,8.3800,8.3900,1900,0
ELY.US,5,20131113,201000,8.3900,8.4000,8.3900,8.3900,2314,0
ELY.US,5,20131113,201500,8.3900,8.4000,8.3900,8.4000,4700,0
ELY.US,5,20131113,202000,8.3900,8.4000,8.3900,8.4000,4850,0
ELY.US,5,20131113,202500,8.3900,8.4000,8.3900,8.4000,10750,0
ELY.US,5,20131113,203000,8.3900,8.4000,8.3900,8.3900,15377,0
ELY.US,5,20131113,203500,8.4000,8.4000,8.3900,8.4000,2900,0
ELY.US,5,20131113,204000,8.3900,8.4000,8.3700,8.3700,8059,0
ELY.US,5,20131113,204500,8.3700,8.3800,8.3600,8.3700,14890,0
ELY.US,5,20131113,205000,8.3800,8.3900,8.3700,8.3800,5400,0
ELY.US,5,20131113,205500,8.3800,8.3900,8.3800,8.3800,12902,0
ELY.US,5,20131113,210000,8.3800,8.3900,8.3800,8.3900,4200,0
ELY.US,5,20131113,210500,8.3900,8.3900,8.3800,8.3900,2400,0
ELY.US,5,20131113,211000,8.3900,8.3900,8.3800,8.3800,3600,0
ELY.US,5,20131113,211500,8.3800,8.3900,8.3800,8.3800,4100,0
ELY.US,5,20131113,212000,8.3800,8.3900,8.3800,8.3800,6900,0
ELY.US,5,20131113,212500,8.3900,8.3900,8.3800,8.3900,4700,0
ELY.US,5,20131113,213000,8.3800,8.3900,8.3800,8.3800,7200,0
ELY.US,5,20131113,213500,8.3900,8.3900,8.3800,8.3900,6600,0
ELY.US,5,20131113,214000,8.3800,8.3800,8.3700,8.3800,21389,0
ELY.US,5,20131113,214500,8.3800,8.4000,8.3800,8.3900,25601,0
ELY.US,5,20131113,215000,8.4000,8.4000,8.3900,8.4000,13389,0
ELY.US,5,20131113,215500,8.4000,8.4000,8.3800,8.3800,39442,0
ELY.US,5,20131113,220000,8.3900,8.4100,8.3800,8.4100,94691,0
ELY.US,5,20131113,220500,8.4100,8.4100,8.4100,8.4100,32961,0
ELY.US,5,20131114,153500,8.4200,8.4200,8.4000,8.4000,8992,0
ELY.US,5,20131114,154000,8.4000,8.4100,8.3800,8.3900,4600,0
ELY.US,5,20131114,154500,8.3900,8.3900,8.3500,8.3500,3500,0
ELY.US,5,20131114,155000,8.3400,8.3500,8.3100,8.3200,2200,0
ELY.US,5,20131114,155500,8.3200,8.3400,8.3200,8.3300,1100,0
ELY.US,5,20131114,160000,8.3100,8.3300,8.3100,8.3200,2100,0
ELY.US,5,20131114,160500,8.3100,8.3200,8.2900,8.3000,4400,0
ELY.US,5,20131114,161000,8.2900,8.3100,8.2500,8.2500,5199,0
ELY.US,5,20131114,161500,8.2800,8.3100,8.2600,8.3100,3920,0
ELY.US,5,20131114,162000,8.3200,8.3200,8.3100,8.3200,411,0
ELY.US,5,20131114,162500,8.3300,8.3400,8.3200,8.3300,1630,0
ELY.US,5,20131114,163000,8.3300,8.3500,8.3300,8.3400,1700,0
ELY.US,5,20131114,163500,8.3200,8.3600,8.3200,8.3600,2400,0
ELY.US,5,20131114,164000,8.3700,8.3800,8.3600,8.3800,1700,0
ELY.US,5,20131114,164500,8.3700,8.3800,8.3500,8.3500,1800,0
ELY.US,5,20131114,165000,8.3500,8.3600,8.3400,8.3600,2685,0
ELY.US,5,20131114,165500,8.3600,8.3600,8.3200,8.3300,10499,0
ELY.US,5,20131114,170000,8.3300,8.3300,8.3200,8.3300,4800,0
ELY.US,5,20131114,170500,8.3300,8.3400,8.3200,8.3400,1500,0
ELY.US,5,20131114,171000,8.3400,8.3400,8.3200,8.3400,2900,0
ELY.US,5,20131114,171500,8.3300,8.3300,8.3200,8.3200,3220,0
ELY.US,5,20131114,172000,8.3300,8.3400,8.3300,8.3300,13726,0
ELY.US,5,20131114,172500,8.3300,8.3400,8.3200,8.3300,2525,0
ELY.US,5,20131114,173000,8.3200,8.3300,8.3200,8.3300,1600,0
ELY.US,5,20131114,173500,8.3200,8.3200,8.3100,8.3100,1691,0
ELY.US,5,20131114,174000,8.3000,8.3000,8.2800,8.2900,900,0
ELY.US,5,20131114,174500,8.2900,8.2900,8.2800,8.2800,1200,0
ELY.US,5,20131114,175000,8.2800,8.3100,8.2800,8.3100,1800,0
ELY.US,5,20131114,175500,8.3100,8.3100,8.2900,8.2900,1506,0
ELY.US,5,20131114,180000,8.2900,8.2900,8.2800,8.2800,1288,0
ELY.US,5,20131114,180500,8.2700,8.2800,8.2700,8.2800,1700,0
ELY.US,5,20131114,181000,8.2700,8.2800,8.2700,8.2800,3900,0
ELY.US,5,20131114,181500,8.2800,8.2800,8.2700,8.2700,2006,0
ELY.US,5,20131114,182000,8.2700,8.2700,8.2700,8.2700,1600,0
ELY.US,5,20131114,182500,8.2600,8.2600,8.2600,8.2600,400,0
ELY.US,5,20131114,183000,8.2700,8.2700,8.2600,8.2600,1600,0
ELY.US,5,20131114,183500,8.2600,8.2600,8.2600,8.2600,100,0
ELY.US,5,20131114,184000,8.2600,8.2700,8.2600,8.2600,600,0
ELY.US,5,20131114,184500,8.2600,8.2700,8.2600,8.2600,2100,0
ELY.US,5,20131114,185000,8.2600,8.2600,8.2500,8.2500,2237,0
ELY.US,5,20131114,185500,8.2500,8.2500,8.2500,8.2500,500,0
ELY.US,5,20131114,190000,8.2600,8.2700,8.2500,8.2600,8387,0
ELY.US,5,20131114,190500,8.2500,8.2700,8.2500,8.2700,1200,0
ELY.US,5,20131114,191000,8.2600,8.2700,8.2600,8.2700,3158,0
ELY.US,5,20131114,191500,8.2600,8.2700,8.2500,8.2600,1400,0
ELY.US,5,20131114,192000,8.2500,8.2600,8.2500,8.2600,300,0
ELY.US,5,20131114,192500,8.2500,8.2500,8.2500,8.2500,400,0
ELY.US,5,20131114,193000,8.2600,8.2600,8.2500,8.2500,1100,0
ELY.US,5,20131114,193500,8.2500,8.2900,8.2500,8.2900,16407,0
ELY.US,5,20131114,194000,8.2900,8.3000,8.2800,8.3000,1187,0
ELY.US,5,20131114,194500,8.2900,8.3000,8.2900,8.3000,700,0
ELY.US,5,20131114,195000,8.3000,8.3000,8.2900,8.2900,400,0
ELY.US,5,20131114,195500,8.2900,8.3000,8.2900,8.2900,720,0
ELY.US,5,20131114,200000,8.3000,8.3100,8.3000,8.3000,1800,0
ELY.US,5,20131114,200500,8.3100,8.3100,8.2900,8.3000,3300,0
ELY.US,5,20131114,201000,8.3100,8.3200,8.3000,8.3100,2400,0
ELY.US,5,20131114,201500,8.3100,8.3300,8.3100,8.3100,1200,0
ELY.US,5,20131114,202000,8.3200,8.3400,8.3200,8.3300,1247,0
ELY.US,5,20131114,202500,8.3300,8.3400,8.3200,8.3400,6094,0
ELY.US,5,20131114,203000,8.3400,8.3400,8.3300,8.3400,1300,0
ELY.US,5,20131114,203500,8.3300,8.3400,8.3300,8.3400,3647,0
ELY.US,5,20131114,204000,8.3400,8.3400,8.3300,8.3400,3576,0
ELY.US,5,20131114,204500,8.3400,8.3400,8.3300,8.3400,1500,0
ELY.US,5,20131114,205000,8.3300,8.3400,8.3300,8.3300,6624,0
ELY.US,5,20131114,205500,8.3300,8.3300,8.3200,8.3200,892,0
ELY.US,5,20131114,210000,8.3300,8.3300,8.3200,8.3300,5100,0
ELY.US,5,20131114,210500,8.3300,8.3300,8.3200,8.3300,700,0
ELY.US,5,20131114,211000,8.3200,8.3300,8.3200,8.3300,4386,0
ELY.US,5,20131114,211500,8.3300,8.3400,8.3200,8.3200,4002,0
ELY.US,5,20131114,212000,8.3200,8.3300,8.3200,8.3300,700,0
ELY.US,5,20131114,212500,8.3300,8.3300,8.3200,8.3300,1300,0
ELY.US,5,20131114,213000,8.3300,8.3300,8.3200,8.3200,2552,0
ELY.US,5,20131114,213500,8.3300,8.3300,8.3200,8.3300,2800,0
ELY.US,5,20131114,214000,8.3200,8.3300,8.3200,8.3300,2400,0
ELY.US,5,20131114,214500,8.3200,8.3400,8.3200,8.3400,7413,0
ELY.US,5,20131114,215000,8.3400,8.3400,8.3200,8.3200,6218,0
ELY.US,5,20131114,215500,8.3300,8.3300,8.3200,8.3300,2841,0
ELY.US,5,20131114,220000,8.3300,8.3300,8.3100,8.3100,24797,0
ELY.US,5,20131114,220500,8.3200,8.3200,8.3200,8.3200,11988,0
ELY.US,5,20131115,153500,8.3000,8.3300,8.2900,8.3300,25567,0
ELY.US,5,20131115,154000,8.3300,8.3600,8.3300,8.3500,9300,0
ELY.US,5,20131115,154500,8.3500,8.3500,8.3200,8.3400,5299,0
ELY.US,5,20131115,155000,8.3400,8.3500,8.3400,8.3400,800,0
ELY.US,5,20131115,155500,8.3300,8.3400,8.3100,8.3200,1100,0
ELY.US,5,20131115,160000,8.3200,8.3300,8.3100,8.3200,1801,0
ELY.US,5,20131115,160500,8.3200,8.3200,8.2600,8.2600,5346,0
ELY.US,5,20131115,161000,8.2700,8.2700,8.2600,8.2700,2100,0
ELY.US,5,20131115,161500,8.2600,8.2700,8.2600,8.2600,2000,0
ELY.US,5,20131115,162000,8.2600,8.2700,8.2600,8.2600,2600,0
ELY.US,5,20131115,162500,8.2700,8.2700,8.2500,8.2600,4200,0
ELY.US,5,20131115,163000,8.2500,8.2600,8.2500,8.2500,2343,0
ELY.US,5,20131115,163500,8.2600,8.2600,8.2500,8.2600,1200,0
ELY.US,5,20131115,164000,8.2500,8.2600,8.2500,8.2500,900,0
ELY.US,5,20131115,164500,8.2600,8.2600,8.2500,8.2500,1000,0
ELY.US,5,20131115,165000,8.2500,8.2600,8.2500,8.2600,8300,0
ELY.US,5,20131115,165500,8.2600,8.2600,8.2300,8.2500,15585,0
ELY.US,5,20131115,170000,8.2500,8.2500,8.2300,8.2400,8981,0
ELY.US,5,20131115,170500,8.2300,8.2400,8.2200,8.2200,11000,0
ELY.US,5,20131115,171000,8.2100,8.2300,8.2000,8.2100,12115,0
ELY.US,5,20131115,171500,8.2100,8.2200,8.2100,8.2200,4300,0
ELY.US,5,20131115,172000,8.2300,8.2300,8.2200,8.2300,1700,0
ELY.US,5,20131115,172500,8.2300,8.2300,8.2000,8.2200,26458,0
ELY.US,5,20131115,173000,8.2200,8.2200,8.2100,8.2200,2200,0
ELY.US,5,20131115,173500,8.2200,8.2400,8.2200,8.2400,2600,0
ELY.US,5,20131115,174000,8.2400,8.2500,8.2300,8.2400,5518,0
ELY.US,5,20131115,174500,8.2400,8.2400,8.2300,8.2300,9100,0
ELY.US,5,20131115,175000,8.2300,8.2300,8.2100,8.2200,9022,0
ELY.US,5,20131115,175500,8.2100,8.2200,8.2100,8.2200,3600,0
ELY.US,5,20131115,180000,8.2200,8.2200,8.2100,8.2200,1800,0
ELY.US,5,20131115,180500,8.2100,8.2200,8.2100,8.2100,2900,0
ELY.US,5,20131115,181000,8.2100,8.2200,8.2100,8.2100,2000,0
ELY.US,5,20131115,181500,8.2200,8.2300,8.2100,8.2300,14959,0
ELY.US,5,20131115,182000,8.2200,8.2500,8.2200,8.2200,29718,0
ELY.US,5,20131115,182500,8.2300,8.2300,8.2200,8.2300,2496,0
ELY.US,5,20131115,183000,8.2300,8.2600,8.2300,8.2600,5100,0
ELY.US,5,20131115,183500,8.2600,8.2800,8.2500,8.2800,2998,0
ELY.US,5,20131115,184000,8.2800,8.2800,8.2800,8.2800,400,0
ELY.US,5,20131115,184500,8.2800,8.2800,8.2700,8.2800,1100,0
ELY.US,5,20131115,185000,8.2800,8.2800,8.2700,8.2700,4000,0
ELY.US,5,20131115,185500,8.2800,8.3000,8.2700,8.2900,5200,0
ELY.US,5,20131115,190000,8.2900,8.2900,8.2900,8.2900,2100,0
ELY.US,5,20131115,190500,8.2900,8.2900,8.2800,8.2800,400,0
ELY.US,5,20131115,191000,8.2900,8.2900,8.2800,8.2900,5340,0
ELY.US,5,20131115,191500,8.3000,8.3200,8.2900,8.3100,4999,0
ELY.US,5,20131115,192000,8.3100,8.3100,8.3000,8.3000,1933,0
ELY.US,5,20131115,192500,8.3100,8.3100,8.3000,8.3000,800,0
ELY.US,5,20131115,193000,8.3000,8.3100,8.3000,8.3000,900,0
ELY.US,5,20131115,193500,8.3100,8.3100,8.3000,8.3000,1536,0
ELY.US,5,20131115,194000,8.3000,8.3100,8.3000,8.3100,1400,0
ELY.US,5,20131115,194500,8.3000,8.3100,8.3000,8.3000,2100,0
ELY.US,5,20131115,195000,8.3100,8.3100,8.3000,8.3000,1829,0
ELY.US,5,20131115,195500,8.3100,8.3100,8.2800,8.2800,5372,0
ELY.US,5,20131115,200000,8.2900,8.2900,8.2400,8.2500,6650,0
ELY.US,5,20131115,200500,8.2400,8.2700,8.2400,8.2400,10960,0
ELY.US,5,20131115,201000,8.2600,8.2600,8.2400,8.2400,1300,0
ELY.US,5,20131115,201500,8.2500,8.2500,8.2400,8.2400,900,0
ELY.US,5,20131115,202000,8.2500,8.2500,8.2400,8.2500,6700,0
ELY.US,5,20131115,202500,8.2500,8.2500,8.2400,8.2500,3900,0
ELY.US,5,20131115,203000,8.2500,8.2500,8.2400,8.2500,3200,0
ELY.US,5,20131115,203500,8.2500,8.2600,8.2500,8.2600,1700,0
ELY.US,5,20131115,204000,8.2600,8.2900,8.2600,8.2800,4102,0
ELY.US,5,20131115,204500,8.2900,8.2900,8.2800,8.2900,2000,0
ELY.US,5,20131115,205000,8.2900,8.3000,8.2900,8.2900,2524,0
ELY.US,5,20131115,205500,8.2900,8.3000,8.2900,8.3000,1432,0
ELY.US,5,20131115,210000,8.2900,8.3000,8.2900,8.3000,1900,0
ELY.US,5,20131115,210500,8.2900,8.3000,8.2900,8.3000,1600,0
ELY.US,5,20131115,211000,8.2900,8.3000,8.2900,8.3000,4752,0
ELY.US,5,20131115,211500,8.3000,8.3100,8.2900,8.3000,4386,0
ELY.US,5,20131115,212000,8.3000,8.3100,8.2900,8.3000,2800,0
ELY.US,5,20131115,212500,8.3100,8.3200,8.3000,8.3000,8200,0
ELY.US,5,20131115,213000,8.2900,8.3100,8.2900,8.3100,3739,0
ELY.US,5,20131115,213500,8.3000,8.3100,8.2900,8.2900,5700,0
ELY.US,5,20131115,214000,8.3000,8.3000,8.2900,8.3000,2446,0
ELY.US,5,20131115,214500,8.3000,8.3000,8.2800,8.2900,5500,0
ELY.US,5,20131115,215000,8.2900,8.3000,8.2900,8.3000,5700,0
ELY.US,5,20131115,215500,8.3000,8.3000,8.2900,8.3000,7468,0
ELY.US,5,20131115,220000,8.3000,8.3000,8.2900,8.3000,16230,0
ELY.US,5,20131115,220500,8.3000,8.3000,8.3000,8.3000,34398,0
ELY.US,5,20131118,153500,8.3800,8.3800,8.3600,8.3600,4252,0
ELY.US,5,20131118,154000,8.3400,8.3400,8.3400,8.3400,200,0
ELY.US,5,20131118,154500,8.3300,8.3300,8.3300,8.3300,1600,0
ELY.US,5,20131118,155000,8.3000,8.3000,8.2900,8.2900,2100,0
ELY.US,5,20131118,155500,8.2800,8.2800,8.2800,8.2800,300,0
ELY.US,5,20131118,160000,8.2900,8.2900,8.2700,8.2700,1900,0
ELY.US,5,20131118,160500,8.2700,8.2700,8.2500,8.2500,3770,0
ELY.US,5,20131118,161000,8.2500,8.2900,8.2400,8.2900,8503,0
ELY.US,5,20131118,161500,8.2900,8.3100,8.2600,8.2600,8005,0
ELY.US,5,20131118,162000,8.2600,8.3300,8.2600,8.3300,4200,0
ELY.US,5,20131118,162500,8.3200,8.3600,8.3200,8.3500,21670,0
ELY.US,5,20131118,163000,8.3400,8.3400,8.2900,8.2900,2786,0
ELY.US,5,20131118,163500,8.3000,8.3000,8.2900,8.3000,1440,0
ELY.US,5,20131118,164000,8.3000,8.3000,8.2800,8.2900,2554,0
ELY.US,5,20131118,164500,8.2800,8.2800,8.2400,8.2400,5284,0
ELY.US,5,20131118,165000,8.2400,8.2500,8.2100,8.2200,8344,0
ELY.US,5,20131118,165500,8.2300,8.2600,8.2300,8.2500,1907,0
ELY.US,5,20131118,170000,8.2500,8.2600,8.2500,8.2600,1400,0
ELY.US,5,20131118,170500,8.2600,8.2700,8.2600,8.2600,919,0
ELY.US,5,20131118,171000,8.2600,8.2600,8.2500,8.2500,6800,0
ELY.US,5,20131118,171500,8.2600,8.2700,8.2500,8.2500,6859,0
ELY.US,5,20131118,172500,8.2600,8.2700,8.2600,8.2700,1200,0
ELY.US,5,20131118,173000,8.2700,8.2900,8.2700,8.2800,4383,0
ELY.US,5,20131118,173500,8.2800,8.2900,8.2800,8.2900,4404,0
ELY.US,5,20131118,174000,8.2900,8.3000,8.2900,8.2900,5300,0
ELY.US,5,20131118,174500,8.2800,8.2900,8.2600,8.2600,2127,0
ELY.US,5,20131118,175000,8.2600,8.2600,8.2500,8.2600,1500,0
ELY.US,5,20131118,175500,8.2500,8.2500,8.2500,8.2500,200,0
ELY.US,5,20131118,180000,8.2600,8.2600,8.2600,8.2600,900,0
ELY.US,5,20131118,180500,8.2500,8.2600,8.2400,8.2400,2767,0
ELY.US,5,20131118,181000,8.2400,8.2400,8.2400,8.2400,3000,0
ELY.US,5,20131118,181500,8.2300,8.2300,8.2300,8.2300,100,0
ELY.US,5,20131118,182000,8.2400,8.2400,8.2400,8.2400,300,0
ELY.US,5,20131118,182500,8.2400,8.2600,8.2400,8.2600,4428,0
ELY.US,5,20131118,183000,8.2700,8.2700,8.2700,8.2700,400,0
ELY.US,5,20131118,183500,8.2700,8.2800,8.2700,8.2800,1300,0
ELY.US,5,20131118,184000,8.2700,8.2700,8.2700,8.2700,2506,0
ELY.US,5,20131118,184500,8.2800,8.2800,8.2800,8.2800,700,0
ELY.US,5,20131118,185000,8.2700,8.2900,8.2700,8.2900,8841,0
ELY.US,5,20131118,190000,8.2900,8.2900,8.2900,8.2900,100,0
ELY.US,5,20131118,190500,8.2900,8.2900,8.2900,8.2900,400,0
ELY.US,5,20131118,191000,8.2800,8.3000,8.2800,8.3000,6477,0
ELY.US,5,20131118,191500,8.2900,8.3000,8.2900,8.3000,2212,0
ELY.US,5,20131118,192000,8.3100,8.3100,8.3100,8.3100,200,0
ELY.US,5,20131118,192500,8.3100,8.3100,8.3100,8.3100,200,0
ELY.US,5,20131118,193000,8.3000,8.3200,8.3000,8.3200,2520,0
ELY.US,5,20131118,193500,8.3200,8.3300,8.3100,8.3200,3500,0
ELY.US,5,20131118,194500,8.3100,8.3200,8.3100,8.3200,200,0
ELY.US,5,20131118,195000,8.3200,8.3200,8.3100,8.3100,600,0
ELY.US,5,20131118,195500,8.3100,8.3200,8.3000,8.3000,2563,0
ELY.US,5,20131118,200000,8.3100,8.3100,8.2900,8.2900,2700,0
ELY.US,5,20131118,200500,8.2800,8.3000,8.2800,8.2800,800,0
ELY.US,5,20131118,201000,8.2800,8.2800,8.2800,8.2800,400,0
ELY.US,5,20131118,201500,8.2800,8.2900,8.2800,8.2800,900,0
ELY.US,5,20131118,202000,8.2800,8.2900,8.2800,8.2900,200,0
ELY.US,5,20131118,202500,8.2900,8.2900,8.2800,8.2900,551,0
ELY.US,5,20131118,203000,8.2900,8.2900,8.2800,8.2900,400,0
ELY.US,5,20131118,203500,8.2800,8.2900,8.2700,8.2800,2856,0
ELY.US,5,20131118,204000,8.2800,8.2800,8.2700,8.2700,2760,0
ELY.US,5,20131118,204500,8.2700,8.2800,8.2500,8.2700,7720,0
ELY.US,5,20131118,205000,8.2600,8.2700,8.2600,8.2600,1000,0
ELY.US,5,20131118,205500,8.2700,8.2800,8.2600,8.2700,4800,0
ELY.US,5,20131118,210000,8.2700,8.2700,8.2600,8.2600,900,0
ELY.US,5,20131118,210500,8.2600,8.2700,8.2500,8.2600,4000,0
ELY.US,5,20131118,211000,8.2600,8.2600,8.2200,8.2200,21004,0
ELY.US,5,20131118,211500,8.2300,8.2500,8.2200,8.2500,17740,0
ELY.US,5,20131118,212000,8.2600,8.2600,8.2300,8.2400,7723,0
ELY.US,5,20131118,212500,8.2400,8.2500,8.2200,8.2200,9700,0
ELY.US,5,20131118,213000,8.2200,8.2400,8.2100,8.2300,8942,0
ELY.US,5,20131118,213500,8.2300,8.2400,8.2200,8.2200,5450,0
ELY.US,5,20131118,214000,8.2300,8.2300,8.2200,8.2300,4714,0
ELY.US,5,20131118,214500,8.2300,8.2300,8.2200,8.2300,2100,0
ELY.US,5,20131118,215000,8.2200,8.2300,8.2200,8.2300,3600,0
ELY.US,5,20131118,215500,8.2300,8.2300,8.2200,8.2300,12507,0
ELY.US,5,20131118,220000,8.2200,8.2300,8.2200,8.2200,20201,0
ELY.US,5,20131118,220500,8.2300,8.2300,8.2300,8.2300,19791,0
ELY.US,5,20131119,153500,8.2600,8.2600,8.2400,8.2400,3820,0
ELY.US,5,20131119,154000,8.2300,8.2300,8.1900,8.1900,600,0
ELY.US,5,20131119,154500,8.1900,8.1900,8.1500,8.1700,6300,0
ELY.US,5,20131119,155000,8.1800,8.1800,8.1600,8.1700,4400,0
ELY.US,5,20131119,155500,8.1800,8.2500,8.1800,8.2200,5709,0
ELY.US,5,20131119,160000,8.2100,8.2100,8.1800,8.1900,6900,0
ELY.US,5,20131119,160500,8.1900,8.2200,8.1900,8.2200,5393,0
ELY.US,5,20131119,161000,8.2300,8.2400,8.2200,8.2400,4352,0
ELY.US,5,20131119,161500,8.2300,8.2400,8.1900,8.2100,6446,0
ELY.US,5,20131119,162000,8.2100,8.2200,8.1800,8.2000,6300,0
ELY.US,5,20131119,162500,8.2000,8.2000,8.1700,8.1800,3700,0
ELY.US,5,20131119,163000,8.1800,8.1900,8.1600,8.1700,12500,0
ELY.US,5,20131119,163500,8.1700,8.1800,8.1700,8.1800,2900,0
ELY.US,5,20131119,164000,8.1800,8.2600,8.1800,8.2600,14571,0
ELY.US,5,20131119,164500,8.2600,8.2700,8.2300,8.2400,19900,0
ELY.US,5,20131119,165000,8.2500,8.2500,8.2300,8.2300,5377,0
ELY.US,5,20131119,165500,8.2300,8.2400,8.2300,8.2400,1000,0
ELY.US,5,20131119,170000,8.2500,8.2700,8.2500,8.2700,5200,0
ELY.US,5,20131119,170500,8.2700,8.2700,8.2600,8.2600,9805,0
ELY.US,5,20131119,171000,8.2500,8.2700,8.2100,8.2500,23839,0
ELY.US,5,20131119,171500,8.2400,8.2400,8.2200,8.2200,7010,0
ELY.US,5,20131119,172000,8.2200,8.2200,8.2000,8.2100,5700,0
ELY.US,5,20131119,172500,8.2000,8.2000,8.2000,8.2000,1300,0
ELY.US,5,20131119,173000,8.2000,8.2100,8.2000,8.2000,3300,0
ELY.US,5,20131119,173500,8.2100,8.2100,8.2000,8.2100,1600,0
ELY.US,5,20131119,174000,8.2000,8.2400,8.2000,8.2400,8400,0
ELY.US,5,20131119,174500,8.2400,8.2400,8.2400,8.2400,800,0
ELY.US,5,20131119,175000,8.2400,8.2500,8.2300,8.2500,2200,0
ELY.US,5,20131119,175500,8.2500,8.2500,8.2000,8.2000,7080,0
ELY.US,5,20131119,180000,8.2100,8.2100,8.2000,8.2000,2100,0
ELY.US,5,20131119,180500,8.2000,8.2000,8.1800,8.1800,2733,0
ELY.US,5,20131119,181000,8.1800,8.2000,8.1800,8.2000,3300,0
ELY.US,5,20131119,181500,8.2000,8.2100,8.1900,8.1900,3800,0
ELY.US,5,20131119,182000,8.1800,8.1900,8.1600,8.1700,25600,0
ELY.US,5,20131119,182500,8.1800,8.1900,8.1700,8.1800,6000,0
ELY.US,5,20131119,183000,8.1800,8.1900,8.1800,8.1900,1100,0
ELY.US,5,20131119,183500,8.2000,8.2100,8.1800,8.1800,7517,0
ELY.US,5,20131119,184000,8.1900,8.1900,8.1800,8.1900,900,0
ELY.US,5,20131119,184500,8.1800,8.1900,8.1800,8.1800,1540,0
ELY.US,5,20131119,185000,8.1800,8.1900,8.1800,8.1900,3500,0
ELY.US,5,20131119,185500,8.1900,8.1900,8.1800,8.1900,800,0
ELY.US,5,20131119,190000,8.1800,8.1900,8.1600,8.1600,5629,0
ELY.US,5,20131119,190500,8.1600,8.1700,8.1600,8.1700,1500,0
ELY.US,5,20131119,191000,8.1500,8.1600,8.1500,8.1500,1000,0
ELY.US,5,20131119,191500,8.1500,8.1600,8.1500,8.1600,4000,0
ELY.US,5,20131119,192000,8.1600,8.1600,8.1500,8.1600,1200,0
ELY.US,5,20131119,192500,8.1600,8.1600,8.1300,8.1300,4407,0
ELY.US,5,20131119,193000,8.1400,8.1400,8.1100,8.1100,1402,0
ELY.US,5,20131119,193500,8.1100,8.1100,8.1100,8.1100,3373,0
ELY.US,5,20131119,194000,8.1100,8.1100,8.0900,8.1000,15600,0
ELY.US,5,20131119,194500,8.1000,8.1300,8.0900,8.1300,10200,0
ELY.US,5,20131119,195000,8.1300,8.1400,8.1200,8.1200,1700,0
ELY.US,5,20131119,195500,8.1200,8.1200,8.1000,8.1100,3331,0
ELY.US,5,20131119,200000,8.1000,8.1000,8.0900,8.0900,1000,0
ELY.US,5,20131119,200500,8.1000,8.1100,8.0900,8.1000,9640,0
ELY.US,5,20131119,201000,8.0900,8.1000,8.0900,8.1000,1200,0
ELY.US,5,20131119,201500,8.1000,8.1000,8.1000,8.1000,1200,0
ELY.US,5,20131119,202000,8.1000,8.1100,8.1000,8.1000,2300,0
ELY.US,5,20131119,202500,8.1000,8.1100,8.0900,8.1000,6100,0
ELY.US,5,20131119,203000,8.1000,8.1000,8.0700,8.0700,5200,0
ELY.US,5,20131119,203500,8.0800,8.0900,8.0700,8.0900,4300,0
ELY.US,5,20131119,204000,8.0900,8.1100,8.0900,8.1000,7900,0
ELY.US,5,20131119,204500,8.1100,8.1100,8.0900,8.0900,4361,0
ELY.US,5,20131119,205000,8.0900,8.1000,8.0900,8.0900,500,0
ELY.US,5,20131119,205500,8.0900,8.1000,8.0900,8.1000,1200,0
ELY.US,5,20131119,210000,8.1000,8.1000,8.0900,8.0900,700,0
ELY.US,5,20131119,210500,8.1000,8.1000,8.0900,8.0900,2261,0
ELY.US,5,20131119,211000,8.0900,8.1000,8.0900,8.0900,3000,0
ELY.US,5,20131119,211500,8.0900,8.1000,8.0900,8.0900,4670,0
ELY.US,5,20131119,212000,8.0900,8.1000,8.0800,8.0900,9400,0
ELY.US,5,20131119,212500,8.0800,8.0900,8.0800,8.0900,2900,0
ELY.US,5,20131119,213000,8.0800,8.0900,8.0800,8.0800,5500,0
ELY.US,5,20131119,213500,8.0900,8.0900,8.0800,8.0900,6400,0
ELY.US,5,20131119,214000,8.0900,8.0900,8.0700,8.0700,8742,0
ELY.US,5,20131119,214500,8.0700,8.0900,8.0700,8.0800,8886,0
ELY.US,5,20131119,215000,8.0900,8.0900,8.0500,8.0500,41759,0
ELY.US,5,20131119,215500,8.0500,8.0700,8.0500,8.0600,16087,0
ELY.US,5,20131119,220000,8.0700,8.0700,8.0600,8.0600,19477,0
ELY.US,5,20131119,220500,8.0600,8.0700,8.0600,8.0700,27969,0
ELY.US,5,20131120,153500,8.0600,8.1000,8.0600,8.0600,2700,0
ELY.US,5,20131120,154000,8.0900,8.1000,8.0700,8.0800,988,0
ELY.US,5,20131120,154500,8.0700,8.0700,8.0600,8.0700,1600,0
ELY.US,5,20131120,155000,8.0700,8.0700,8.0600,8.0600,3400,0
ELY.US,5,20131120,155500,8.0700,8.0800,8.0600,8.0700,4900,0
ELY.US,5,20131120,160000,8.0700,8.0700,8.0600,8.0700,4250,0
ELY.US,5,20131120,160500,8.0600,8.0700,8.0400,8.0700,3400,0
ELY.US,5,20131120,161000,8.0700,8.0800,8.0600,8.0700,2400,0
ELY.US,5,20131120,161500,8.0800,8.0900,8.0600,8.0700,3900,0
ELY.US,5,20131120,162000,8.0700,8.0700,8.0500,8.0500,2600,0
ELY.US,5,20131120,162500,8.0500,8.1000,8.0500,8.0600,5800,0
ELY.US,5,20131120,163000,8.0700,8.0800,8.0500,8.0500,4200,0
ELY.US,5,20131120,163500,8.0600,8.0700,8.0500,8.0600,3667,0
ELY.US,5,20131120,164000,8.0500,8.0500,8.0300,8.0400,5813,0
ELY.US,5,20131120,164500,8.0400,8.0600,8.0200,8.0600,4718,0
ELY.US,5,20131120,165000,8.0500,8.0800,8.0400,8.0700,6700,0
ELY.US,5,20131120,165500,8.0600,8.0600,8.0400,8.0500,1500,0
ELY.US,5,20131120,170000,8.0600,8.0600,8.0400,8.0400,2100,0
ELY.US,5,20131120,170500,8.0500,8.0500,8.0400,8.0500,1700,0
ELY.US,5,20131120,171000,8.0400,8.0700,8.0400,8.0700,2000,0
ELY.US,5,20131120,171500,8.0700,8.0700,8.0600,8.0600,2300,0
ELY.US,5,20131120,172000,8.0600,8.0700,8.0500,8.0600,1300,0
ELY.US,5,20131120,172500,8.0700,8.0800,8.0600,8.0700,4657,0
ELY.US,5,20131120,173000,8.0800,8.0800,8.0700,8.0800,5019,0
ELY.US,5,20131120,173500,8.0700,8.0800,8.0700,8.0700,500,0
ELY.US,5,20131120,174000,8.0800,8.0800,8.0700,8.0700,3600,0
ELY.US,5,20131120,174500,8.0800,8.0800,8.0600,8.0700,4215,0
ELY.US,5,20131120,175000,8.0700,8.0700,8.0600,8.0600,700,0
ELY.US,5,20131120,175500,8.0700,8.0700,8.0600,8.0700,3800,0
ELY.US,5,20131120,180000,8.0700,8.0700,8.0600,8.0600,900,0
ELY.US,5,20131120,180500,8.0700,8.0700,8.0600,8.0700,400,0
ELY.US,5,20131120,181000,8.0600,8.0700,8.0600,8.0600,1000,0
ELY.US,5,20131120,181500,8.0700,8.0700,8.0600,8.0700,1200,0
ELY.US,5,20131120,182000,8.0700,8.0700,8.0600,8.0600,800,0
ELY.US,5,20131120,182500,8.0700,8.0700,8.0600,8.0600,3100,0
ELY.US,5,20131120,183000,8.0700,8.0700,8.0600,8.0700,1300,0
ELY.US,5,20131120,183500,8.0700,8.0700,8.0600,8.0700,1100,0
ELY.US,5,20131120,184000,8.0700,8.0700,8.0600,8.0600,1400,0
ELY.US,5,20131120,184500,8.0600,8.0700,8.0600,8.0700,2000,0
ELY.US,5,20131120,185000,8.0700,8.0700,8.0600,8.0700,1300,0
ELY.US,5,20131120,185500,8.0700,8.0700,8.0600,8.0600,1300,0
ELY.US,5,20131120,190000,8.0700,8.0700,8.0600,8.0700,2800,0
ELY.US,5,20131120,190500,8.0600,8.0700,8.0600,8.0600,562,0
ELY.US,5,20131120,191000,8.0700,8.0700,8.0600,8.0700,3945,0
ELY.US,5,20131120,191500,8.0700,8.0700,8.0600,8.0600,1300,0
ELY.US,5,20131120,192000,8.0700,8.0700,8.0600,8.0600,1000,0
ELY.US,5,20131120,192500,8.0700,8.0700,8.0600,8.0700,1100,0
ELY.US,5,20131120,193000,8.0700,8.0700,8.0600,8.0700,1800,0
ELY.US,5,20131120,193500,8.0600,8.0700,8.0600,8.0600,1431,0
ELY.US,5,20131120,194000,8.0700,8.0700,8.0600,8.0700,2700,0
ELY.US,5,20131120,194500,8.0700,8.0700,8.0600,8.0600,900,0
ELY.US,5,20131120,195000,8.0700,8.0700,8.0600,8.0700,1800,0
ELY.US,5,20131120,195500,8.0700,8.0700,8.0600,8.0700,1300,0
ELY.US,5,20131120,200000,8.0600,8.0800,8.0600,8.0800,2800,0
ELY.US,5,20131120,200500,8.0700,8.0800,8.0600,8.0700,7905,0
ELY.US,5,20131120,201000,8.0600,8.0600,8.0500,8.0500,1738,0
ELY.US,5,20131120,201500,8.0500,8.0500,8.0100,8.0100,9745,0
ELY.US,5,20131120,202000,8.0300,8.0400,8.0300,8.0400,900,0
ELY.US,5,20131120,202500,8.0400,8.0400,8.0300,8.0400,900,0
ELY.US,5,20131120,203000,8.0400,8.0500,8.0300,8.0400,1100,0
ELY.US,5,20131120,203500,8.0400,8.0400,8.0300,8.0300,3200,0
ELY.US,5,20131120,204000,8.0300,8.0300,8.0200,8.0300,5100,0
ELY.US,5,20131120,204500,8.0200,8.0300,8.0200,8.0300,3000,0
ELY.US,5,20131120,205000,8.0300,8.0300,8.0200,8.0300,2309,0
ELY.US,5,20131120,205500,8.0200,8.0300,8.0200,8.0200,2300,0
ELY.US,5,20131120,210000,8.0200,8.0200,8.0100,8.0200,1600,0
ELY.US,5,20131120,210500,8.0200,8.0200,8.0100,8.0100,2200,0
ELY.US,5,20131120,211000,8.0100,8.0100,7.9900,7.9900,13924,0
ELY.US,5,20131120,211500,7.9900,8.0100,7.9900,8.0000,13641,0
ELY.US,5,20131120,212000,8.0000,8.0100,8.0000,8.0000,5500,0
ELY.US,5,20131120,212500,8.0000,8.0100,8.0000,8.0100,2900,0
ELY.US,5,20131120,213000,8.0100,8.0200,8.0100,8.0100,1100,0
ELY.US,5,20131120,213500,8.0100,8.0200,8.0100,8.0100,1100,0
ELY.US,5,20131120,214000,8.0200,8.0200,8.0100,8.0100,1300,0
ELY.US,5,20131120,214500,8.0200,8.0200,8.0000,8.0100,11382,0
ELY.US,5,20131120,215000,8.0000,8.0200,7.9900,8.0200,82113,0
ELY.US,5,20131120,215500,8.0200,8.0200,8.0000,8.0000,6090,0
ELY.US,5,20131120,220000,8.0000,8.0100,7.9900,7.9900,78163,0
ELY.US,5,20131120,220500,8.0000,8.0000,8.0000,8.0000,13466,0
ELY.US,5,20131121,153500,8.0500,8.0500,8.0400,8.0400,1603,0
ELY.US,5,20131121,154000,8.0400,8.0700,8.0400,8.0400,6100,0
ELY.US,5,20131121,154500,8.0400,8.0900,8.0400,8.0900,5250,0
ELY.US,5,20131121,155000,8.1000,8.1000,8.0500,8.0500,6000,0
ELY.US,5,20131121,155500,8.0500,8.0600,8.0400,8.0500,1600,0
ELY.US,5,20131121,160000,8.0500,8.0800,8.0500,8.0800,13699,0
ELY.US,5,20131121,160500,8.0800,8.1000,8.0700,8.0700,12291,0
ELY.US,5,20131121,161000,8.0700,8.0800,8.0700,8.0800,700,0
ELY.US,5,20131121,161500,8.0800,8.1000,8.0800,8.1000,12833,0
ELY.US,5,20131121,162000,8.1000,8.1000,8.0600,8.0600,10200,0
ELY.US,5,20131121,162500,8.0800,8.0800,8.0600,8.0600,6042,0
ELY.US,5,20131121,163000,8.0700,8.0700,8.0600,8.0700,1100,0
ELY.US,5,20131121,163500,8.0600,8.0700,8.0600,8.0700,12033,0
ELY.US,5,20131121,164000,8.0700,8.0700,8.0500,8.0500,6869,0
ELY.US,5,20131121,164500,8.0500,8.0700,8.0500,8.0700,3831,0
ELY.US,5,20131121,165000,8.0700,8.0700,8.0700,8.0700,800,0
ELY.US,5,20131121,165500,8.0700,8.0700,8.0700,8.0700,14950,0
ELY.US,5,20131121,170000,8.0700,8.0700,8.0700,8.0700,2600,0
ELY.US,5,20131121,170500,8.0700,8.0700,8.0700,8.0700,3050,0
ELY.US,5,20131121,171000,8.0700,8.0700,8.0500,8.0500,8458,0
ELY.US,5,20131121,171500,8.0500,8.0700,8.0500,8.0700,3200,0
ELY.US,5,20131121,172000,8.0700,8.0700,8.0700,8.0700,4300,0
ELY.US,5,20131121,172500,8.0700,8.0700,8.0600,8.0700,11999,0
ELY.US,5,20131121,173000,8.0700,8.0700,8.0700,8.0700,1600,0
ELY.US,5,20131121,173500,8.0700,8.0800,8.0700,8.0700,22400,0
ELY.US,5,20131121,174000,8.0700,8.0800,8.0700,8.0700,8860,0
ELY.US,5,20131121,174500,8.0700,8.1100,8.0700,8.0900,5400,0
ELY.US,5,20131121,175000,8.0900,8.0900,8.0800,8.0800,6000,0
ELY.US,5,20131121,175500,8.0900,8.1100,8.0900,8.1000,1200,0
ELY.US,5,20131121,180000,8.1000,8.1000,8.0900,8.1000,4300,0
ELY.US,5,20131121,180500,8.1000,8.1000,8.0900,8.0900,10500,0
ELY.US,5,20131121,181000,8.1000,8.1000,8.0900,8.1000,18053,0
ELY.US,5,20131121,181500,8.1000,8.1000,8.0900,8.1000,5600,0
ELY.US,5,20131121,182000,8.1000,8.1000,8.0900,8.0900,4750,0
ELY.US,5,20131121,182500,8.1000,8.1000,8.0900,8.0900,4600,0
ELY.US,5,20131121,183000,8.0900,8.1000,8.0900,8.1000,6753,0
ELY.US,5,20131121,183500,8.0900,8.1000,8.0800,8.0900,4600,0
ELY.US,5,20131121,184000,8.0900,8.0900,8.0800,8.0900,2500,0
ELY.US,5,20131121,184500,8.0800,8.0900,8.0800,8.0800,4800,0
ELY.US,5,20131121,185000,8.0900,8.0900,8.0600,8.0600,15008,0
ELY.US,5,20131121,185500,8.0600,8.0600,8.0600,8.0600,1600,0
ELY.US,5,20131121,190000,8.0700,8.0700,8.0600,8.0600,600,0
ELY.US,5,20131121,190500,8.0700,8.0700,8.0600,8.0700,5700,0
ELY.US,5,20131121,191000,8.0700,8.0700,8.0600,8.0600,400,0
ELY.US,5,20131121,191500,8.0600,8.0900,8.0600,8.0800,5700,0
ELY.US,5,20131121,192000,8.0900,8.1000,8.0900,8.0900,650,0
ELY.US,5,20131121,192500,8.0900,8.1000,8.0900,8.1000,400,0
ELY.US,5,20131121,193000,8.1000,8.1000,8.0900,8.0900,4024,0
ELY.US,5,20131121,193500,8.0900,8.1000,8.0900,8.1000,1000,0
ELY.US,5,20131121,194000,8.1000,8.1000,8.0900,8.1000,500,0
ELY.US,5,20131121,194500,8.1000,8.1300,8.1000,8.1300,11957,0
ELY.US,5,20131121,195000,8.1200,8.1300,8.1200,8.1200,3600,0
ELY.US,5,20131121,195500,8.1300,8.1400,8.1300,8.1300,2900,0
ELY.US,5,20131121,200000,8.1400,8.1400,8.1400,8.1400,1400,0
ELY.US,5,20131121,200500,8.1400,8.1400,8.1400,8.1400,1700,0
ELY.US,5,20131121,201000,8.1500,8.1600,8.1500,8.1600,2185,0
ELY.US,5,20131121,201500,8.1600,8.1600,8.1400,8.1400,4900,0
ELY.US,5,20131121,202000,8.1400,8.1500,8.1400,8.1500,1723,0
ELY.US,5,20131121,202500,8.1400,8.1500,8.1400,8.1500,1700,0
ELY.US,5,20131121,203000,8.1500,8.1500,8.1500,8.1500,3600,0
ELY.US,5,20131121,203500,8.1500,8.1500,8.1400,8.1400,1800,0
ELY.US,5,20131121,204000,8.1400,8.1500,8.1400,8.1500,2900,0
ELY.US,5,20131121,204500,8.1500,8.1500,8.1400,8.1500,4200,0
ELY.US,5,20131121,205000,8.1400,8.1500,8.1400,8.1500,800,0
ELY.US,5,20131121,205500,8.1500,8.1500,8.1400,8.1500,1500,0
ELY.US,5,20131121,210000,8.1500,8.1500,8.1400,8.1500,7757,0
ELY.US,5,20131121,210500,8.1500,8.1500,8.1500,8.1500,3600,0
ELY.US,5,20131121,211000,8.1500,8.1500,8.1400,8.1500,2641,0
ELY.US,5,20131121,211500,8.1500,8.1500,8.1500,8.1500,2100,0
ELY.US,5,20131121,212000,8.1500,8.1500,8.1500,8.1500,1754,0
ELY.US,5,20131121,212500,8.1400,8.1500,8.1400,8.1500,7846,0
ELY.US,5,20131121,213000,8.1500,8.1500,8.1400,8.1500,1000,0
ELY.US,5,20131121,213500,8.1500,8.1500,8.1400,8.1400,14941,0
ELY.US,5,20131121,214000,8.1300,8.1400,8.1300,8.1400,1500,0
ELY.US,5,20131121,214500,8.1400,8.1500,8.1300,8.1500,7032,0
ELY.US,5,20131121,215000,8.1400,8.1500,8.1400,8.1500,6800,0
ELY.US,5,20131121,215500,8.1500,8.1500,8.1400,8.1500,4497,0
ELY.US,5,20131121,220000,8.1500,8.1600,8.1400,8.1600,28798,0
ELY.US,5,20131121,220500,8.1500,8.1500,8.1500,8.1500,37045,0
ELY.US,5,20131122,153500,8.1500,8.1800,8.1200,8.1800,3594,0
ELY.US,5,20131122,154000,8.1500,8.1600,8.1100,8.1100,3805,0
ELY.US,5,20131122,154500,8.1000,8.1300,8.0700,8.1300,4100,0
ELY.US,5,20131122,155000,8.1300,8.1400,8.0900,8.1200,10800,0
ELY.US,5,20131122,155500,8.1200,8.1600,8.1200,8.1600,6473,0
ELY.US,5,20131122,160000,8.1700,8.1900,8.1400,8.1400,4311,0
ELY.US,5,20131122,160500,8.1400,8.1400,8.1200,8.1400,1500,0
ELY.US,5,20131122,161000,8.1300,8.1500,8.1300,8.1300,6291,0
ELY.US,5,20131122,161500,8.1300,8.1700,8.1300,8.1600,5400,0
ELY.US,5,20131122,162000,8.1600,8.1700,8.1400,8.1500,6669,0
ELY.US,5,20131122,162500,8.1500,8.1500,8.1300,8.1500,5400,0
ELY.US,5,20131122,163000,8.1400,8.1500,8.1300,8.1300,5740,0
ELY.US,5,20131122,163500,8.1400,8.1400,8.1300,8.1300,3900,0
ELY.US,5,20131122,164000,8.1300,8.1700,8.1200,8.1600,10000,0
ELY.US,5,20131122,164500,8.1600,8.1600,8.1500,8.1600,1700,0
ELY.US,5,20131122,165000,8.1600,8.1600,8.1300,8.1500,6300,0
ELY.US,5,20131122,165500,8.1500,8.1600,8.1400,8.1600,3200,0
ELY.US,5,20131122,170000,8.1500,8.1500,8.1300,8.1300,1800,0
ELY.US,5,20131122,170500,8.1400,8.1600,8.1300,8.1600,6100,0
ELY.US,5,20131122,171000,8.1600,8.1600,8.1400,8.1400,5100,0
ELY.US,5,20131122,171500,8.1400,8.1500,8.1400,8.1400,1200,0
ELY.US,5,20131122,172000,8.1400,8.1500,8.1400,8.1400,1876,0
ELY.US,5,20131122,172500,8.1400,8.1500,8.1300,8.1300,2600,0
ELY.US,5,20131122,173000,8.1300,8.1400,8.1100,8.1100,4000,0
ELY.US,5,20131122,173500,8.1100,8.1200,8.1000,8.1200,3000,0
ELY.US,5,20131122,174000,8.1200,8.1400,8.1200,8.1400,7000,0
ELY.US,5,20131122,174500,8.1400,8.1600,8.1300,8.1600,6499,0
ELY.US,5,20131122,175000,8.1600,8.1600,8.1100,8.1300,34108,0
ELY.US,5,20131122,175500,8.1200,8.1300,8.1100,8.1200,13300,0
ELY.US,5,20131122,180000,8.1200,8.1500,8.1200,8.1500,4250,0
ELY.US,5,20131122,180500,8.1500,8.1600,8.1500,8.1500,1600,0
ELY.US,5,20131122,181000,8.1500,8.1600,8.1400,8.1600,7800,0
ELY.US,5,20131122,181500,8.1500,8.1700,8.1500,8.1600,7390,0
ELY.US,5,20131122,182000,8.1600,8.1700,8.1600,8.1700,3100,0
ELY.US,5,20131122,182500,8.1700,8.1700,8.1500,8.1600,5700,0
ELY.US,5,20131122,183000,8.1600,8.1700,8.1500,8.1500,6224,0
ELY.US,5,20131122,183500,8.1600,8.1600,8.1500,8.1600,2700,0
ELY.US,5,20131122,184000,8.1500,8.1600,8.1500,8.1600,23480,0
ELY.US,5,20131122,184500,8.1600,8.1600,8.1500,8.1500,23700,0
ELY.US,5,20131122,185000,8.1500,8.1600,8.1500,8.1600,2208,0
ELY.US,5,20131122,185500,8.1600,8.1600,8.1500,8.1500,600,0
ELY.US,5,20131122,190000,8.1600,8.1700,8.1600,8.1700,1600,0
ELY.US,5,20131122,190500,8.1700,8.1700,8.1600,8.1700,11071,0
ELY.US,5,20131122,191000,8.1600,8.1700,8.1600,8.1600,600,0
ELY.US,5,20131122,191500,8.1600,8.1700,8.1600,8.1600,1500,0
ELY.US,5,20131122,192000,8.1600,8.1700,8.1600,8.1600,1600,0
ELY.US,5,20131122,192500,8.1700,8.1700,8.1600,8.1600,3619,0
ELY.US,5,20131122,193000,8.1600,8.1600,8.1500,8.1500,911,0
ELY.US,5,20131122,193500,8.1500,8.1500,8.1300,8.1300,3954,0
ELY.US,5,20131122,194000,8.1300,8.1300,8.1200,8.1200,3500,0
ELY.US,5,20131122,194500,8.1200,8.1200,8.1100,8.1100,1200,0
ELY.US,5,20131122,195000,8.1100,8.1100,8.1000,8.1000,2400,0
ELY.US,5,20131122,195500,8.1000,8.1100,8.1000,8.1100,4419,0
ELY.US,5,20131122,200000,8.1100,8.1100,8.1000,8.1100,2500,0
ELY.US,5,20131122,200500,8.1100,8.1200,8.1100,8.1200,1800,0
ELY.US,5,20131122,201000,8.1200,8.1200,8.1000,8.1100,4397,0
ELY.US,5,20131122,201500,8.1100,8.1100,8.1000,8.1000,2000,0
ELY.US,5,20131122,202000,8.1100,8.1100,8.1000,8.1100,1000,0
ELY.US,5,20131122,202500,8.1000,8.1000,8.0900,8.1000,11393,0
ELY.US,5,20131122,203000,8.1000,8.1100,8.0900,8.1100,2600,0
ELY.US,5,20131122,203500,8.1100,8.1100,8.1000,8.1000,1105,0
ELY.US,5,20131122,204000,8.1000,8.1100,8.1000,8.1100,2600,0
ELY.US,5,20131122,204500,8.1000,8.1100,8.0800,8.0900,6962,0
ELY.US,5,20131122,205000,8.0900,8.0900,8.0800,8.0800,3200,0
ELY.US,5,20131122,205500,8.0900,8.0900,8.0800,8.0800,2900,0
ELY.US,5,20131122,210000,8.0800,8.0800,8.0700,8.0800,3300,0
ELY.US,5,20131122,210500,8.0800,8.1000,8.0700,8.0900,4232,0
ELY.US,5,20131122,211000,8.0900,8.0900,8.0900,8.0900,500,0
ELY.US,5,20131122,211500,8.0900,8.1000,8.0900,8.0900,1900,0
ELY.US,5,20131122,212000,8.1000,8.1000,8.0900,8.1000,2213,0
ELY.US,5,20131122,212500,8.0900,8.1000,8.0900,8.0900,1600,0
ELY.US,5,20131122,213000,8.0900,8.1000,8.0900,8.0900,2750,0
ELY.US,5,20131122,213500,8.0900,8.1000,8.0800,8.0800,12879,0
ELY.US,5,20131122,214000,8.0900,8.0900,8.0800,8.0900,3700,0
ELY.US,5,20131122,214500,8.0800,8.0900,8.0800,8.0900,6800,0
ELY.US,5,20131122,215000,8.0900,8.1100,8.0900,8.1100,13355,0
ELY.US,5,20131122,215500,8.1100,8.1100,8.1000,8.1100,15170,0
ELY.US,5,20131122,220000,8.1100,8.1200,8.1100,8.1200,12349,0
ELY.US,5,20131122,220500,8.1200,8.1200,8.1200,8.1200,22468,0
ELY.US,5,20131125,153500,8.1300,8.1600,8.1300,8.1600,2266,0
ELY.US,5,20131125,154000,8.1600,8.1600,8.1200,8.1300,2974,0
ELY.US,5,20131125,154500,8.1300,8.1300,8.0800,8.1000,4156,0
ELY.US,5,20131125,155500,8.0900,8.1000,8.0900,8.0900,3500,0
ELY.US,5,20131125,160000,8.0900,8.0900,8.0300,8.0600,5005,0
ELY.US,5,20131125,160500,8.0600,8.0700,8.0400,8.0500,2710,0
ELY.US,5,20131125,161000,8.0400,8.0700,8.0300,8.0600,11030,0
ELY.US,5,20131125,161500,8.0600,8.0700,8.0600,8.0600,2300,0
ELY.US,5,20131125,162000,8.0600,8.0900,8.0500,8.0900,4400,0
ELY.US,5,20131125,162500,8.0700,8.0700,8.0700,8.0700,100,0
ELY.US,5,20131125,163000,8.0800,8.0800,8.0500,8.0700,4952,0
ELY.US,5,20131125,163500,8.0700,8.0900,8.0700,8.0800,3373,0
ELY.US,5,20131125,164000,8.0900,8.0900,8.0800,8.0800,3800,0
ELY.US,5,20131125,165000,8.0900,8.1000,8.0800,8.0800,4616,0
ELY.US,5,20131125,165500,8.0800,8.0800,8.0600,8.0600,1770,0
ELY.US,5,20131125,170000,8.0600,8.0600,8.0500,8.0500,1600,0
ELY.US,5,20131125,170500,8.0600,8.0600,8.0400,8.0400,3300,0
ELY.US,5,20131125,171000,8.0500,8.0500,8.0400,8.0400,200,0
ELY.US,5,20131125,171500,8.0400,8.0500,8.0400,8.0400,2600,0
ELY.US,5,20131125,172000,8.0500,8.0600,8.0500,8.0600,5217,0
ELY.US,5,20131125,172500,8.0500,8.0600,8.0500,8.0600,4100,0
ELY.US,5,20131125,173000,8.0600,8.0600,8.0500,8.0600,3400,0
ELY.US,5,20131125,173500,8.0600,8.0700,8.0600,8.0700,2358,0
ELY.US,5,20131125,174000,8.0700,8.0700,8.0600,8.0700,2072,0
ELY.US,5,20131125,174500,8.0700,8.0700,8.0500,8.0500,3998,0
ELY.US,5,20131125,175000,8.0500,8.0700,8.0500,8.0500,3000,0
ELY.US,5,20131125,175500,8.0600,8.0600,8.0500,8.0500,3898,0
ELY.US,5,20131125,180000,8.0600,8.0700,8.0500,8.0500,3735,0
ELY.US,5,20131125,180500,8.0500,8.0600,8.0500,8.0500,3475,0
ELY.US,5,20131125,181000,8.0500,8.0600,8.0500,8.0500,2100,0
ELY.US,5,20131125,181500,8.0500,8.0600,8.0400,8.0400,2346,0
ELY.US,5,20131125,182000,8.0500,8.0500,8.0400,8.0500,1000,0
ELY.US,5,20131125,182500,8.0500,8.0500,8.0400,8.0500,2149,0
ELY.US,5,20131125,183000,8.0600,8.0600,8.0500,8.0500,2300,0
ELY.US,5,20131125,183500,8.0500,8.0500,8.0500,8.0500,3500,0
ELY.US,5,20131125,184000,8.0500,8.0500,8.0500,8.0500,700,0
ELY.US,5,20131125,184500,8.0500,8.0500,8.0300,8.0300,3380,0
ELY.US,5,20131125,185000,8.0300,8.0400,8.0300,8.0400,1300,0
ELY.US,5,20131125,185500,8.0400,8.0400,8.0400,8.0400,300,0
ELY.US,5,20131125,190000,8.0300,8.0300,8.0300,8.0300,4100,0
ELY.US,5,20131125,191000,8.0300,8.0300,8.0200,8.0300,2600,0
ELY.US,5,20131125,191500,8.0300,8.0400,8.0300,8.0400,1700,0
ELY.US,5,20131125,192000,8.0400,8.0400,8.0300,8.0300,300,0
ELY.US,5,20131125,193000,8.0400,8.0400,8.0200,8.0200,4765,0
ELY.US,5,20131125,193500,8.0200,8.0400,8.0200,8.0300,4565,0
ELY.US,5,20131125,194000,8.0200,8.0300,8.0200,8.0300,2200,0
ELY.US,5,20131125,194500,8.0200,8.0300,8.0200,8.0200,3450,0
ELY.US,5,20131125,195000,8.0200,8.0300,8.0200,8.0200,1600,0
ELY.US,5,20131125,195500,8.0200,8.0200,8.0200,8.0200,200,0
ELY.US,5,20131125,200000,8.0200,8.0300,8.0100,8.0300,7636,0
ELY.US,5,20131125,200500,8.0300,8.0300,8.0300,8.0300,5800,0
ELY.US,5,20131125,201000,8.0300,8.0300,8.0300,8.0300,500,0
ELY.US,5,20131125,201500,8.0300,8.0500,8.0300,8.0500,16070,0
ELY.US,5,20131125,202000,8.0400,8.0500,8.0400,8.0400,3757,0
ELY.US,5,20131125,202500,8.0500,8.0500,8.0300,8.0500,12587,0
ELY.US,5,20131125,203000,8.0400,8.0600,8.0300,8.0400,16064,0
ELY.US,5,20131125,203500,8.0500,8.0500,8.0500,8.0500,2000,0
ELY.US,5,20131125,204000,8.0500,8.0600,8.0400,8.0500,7100,0
ELY.US,5,20131125,204500,8.0500,8.0500,8.0400,8.0400,3500,0
ELY.US,5,20131125,205000,8.0500,8.0500,8.0300,8.0300,3411,0
ELY.US,5,20131125,205500,8.0300,8.0500,8.0300,8.0300,12200,0
ELY.US,5,20131125,210000,8.0300,8.0400,8.0300,8.0300,5300,0
ELY.US,5,20131125,210500,8.0300,8.0300,8.0200,8.0300,9100,0
ELY.US,5,20131125,211000,8.0400,8.0500,8.0200,8.0200,11600,0
ELY.US,5,20131125,211500,8.0200,8.0200,8.0200,8.0200,7173,0
ELY.US,5,20131125,212000,8.0200,8.0300,8.0200,8.0300,2850,0
ELY.US,5,20131125,212500,8.0200,8.0300,8.0100,8.0100,3900,0
ELY.US,5,20131125,213000,8.0200,8.0200,8.0100,8.0200,2900,0
ELY.US,5,20131125,213500,8.0200,8.0200,8.0100,8.0200,2600,0
ELY.US,5,20131125,214000,8.0200,8.0300,8.0100,8.0200,5200,0
ELY.US,5,20131125,214500,8.0300,8.0400,8.0200,8.0400,5601,0
ELY.US,5,20131125,215000,8.0400,8.0400,8.0200,8.0300,6256,0
ELY.US,5,20131125,215500,8.0300,8.0400,8.0200,8.0300,14244,0
ELY.US,5,20131125,220000,8.0300,8.0500,8.0200,8.0300,26394,0
ELY.US,5,20131125,220500,8.0400,8.0400,8.0400,8.0400,30244,0
ELY.US,5,20131126,153500,8.0700,8.0700,8.0400,8.0400,9669,0
ELY.US,5,20131126,154000,8.0500,8.0600,8.0500,8.0600,1600,0
ELY.US,5,20131126,154500,8.0900,8.0900,8.0700,8.0700,3400,0
ELY.US,5,20131126,155000,8.0700,8.0700,8.0600,8.0700,400,0
ELY.US,5,20131126,155500,8.0600,8.0700,8.0600,8.0600,4125,0
ELY.US,5,20131126,160000,8.0700,8.0700,8.0600,8.0700,2350,0
ELY.US,5,20131126,160500,8.0600,8.0700,8.0500,8.0500,3300,0
ELY.US,5,20131126,161000,8.0500,8.0700,8.0500,8.0700,2700,0
ELY.US,5,20131126,161500,8.0700,8.0700,8.0500,8.0500,8500,0
ELY.US,5,20131126,162500,8.0500,8.0500,8.0400,8.0500,600,0
ELY.US,5,20131126,163000,8.0400,8.0500,8.0400,8.0400,900,0
ELY.US,5,20131126,163500,8.0400,8.0500,8.0400,8.0500,3500,0
ELY.US,5,20131126,164000,8.0500,8.0500,8.0300,8.0400,3183,0
ELY.US,5,20131126,164500,8.0300,8.0300,8.0300,8.0300,400,0
ELY.US,5,20131126,165000,8.0300,8.0400,8.0300,8.0300,2300,0
ELY.US,5,20131126,165500,8.0400,8.0400,8.0300,8.0300,807,0
ELY.US,5,20131126,170000,8.0400,8.0400,8.0300,8.0400,3608,0
ELY.US,5,20131126,170500,8.0500,8.0600,8.0500,8.0500,1516,0
ELY.US,5,20131126,171000,8.0600,8.0600,8.0600,8.0600,500,0
ELY.US,5,20131126,171500,8.0600,8.0700,8.0500,8.0600,5200,0
ELY.US,5,20131126,172000,8.0500,8.0500,8.0400,8.0400,3905,0
ELY.US,5,20131126,172500,8.0500,8.0600,8.0500,8.0600,6100,0
ELY.US,5,20131126,173000,8.0500,8.0600,8.0500,8.0500,2910,0
ELY.US,5,20131126,173500,8.0400,8.0400,8.0300,8.0400,2019,0
ELY.US,5,20131126,174000,8.0400,8.0400,8.0300,8.0300,2563,0
ELY.US,5,20131126,174500,8.0300,8.0400,8.0300,8.0400,657,0
ELY.US,5,20131126,175000,8.0400,8.0700,8.0400,8.0600,6921,0
ELY.US,5,20131126,175500,8.0600,8.0600,8.0600,8.0600,300,0
ELY.US,5,20131126,180000,8.0500,8.0600,8.0400,8.0400,3536,0
ELY.US,5,20131126,180500,8.0400,8.0500,8.0400,8.0500,10634,0
ELY.US,5,20131126,181000,8.0500,8.0500,8.0500,8.0500,300,0
ELY.US,5,20131126,181500,8.0600,8.0600,8.0600,8.0600,1200,0
ELY.US,5,20131126,182000,8.0400,8.0500,8.0400,8.0400,8800,0
ELY.US,5,20131126,182500,8.0500,8.0500,8.0300,8.0400,12822,0
ELY.US,5,20131126,183000,8.0400,8.0500,8.0400,8.0500,800,0
ELY.US,5,20131126,183500,8.0500,8.0600,8.0500,8.0600,7400,0
ELY.US,5,20131126,184000,8.0600,8.0600,8.0600,8.0600,1900,0
ELY.US,5,20131126,184500,8.0700,8.0800,8.0600,8.0600,3900,0
ELY.US,5,20131126,185000,8.0700,8.0700,8.0600,8.0600,2300,0
ELY.US,5,20131126,185500,8.0700,8.0700,8.0700,8.0700,5168,0
ELY.US,5,20131126,190000,8.0700,8.0700,8.0600,8.0600,2000,0
ELY.US,5,20131126,190500,8.0600,8.0600,8.0600,8.0600,6684,0
ELY.US,5,20131126,191000,8.0600,8.0600,8.0600,8.0600,900,0
ELY.US,5,20131126,191500,8.0600,8.0700,8.0500,8.0700,4602,0
ELY.US,5,20131126,192000,8.0700,8.0700,8.0700,8.0700,500,0
ELY.US,5,20131126,192500,8.0700,8.0700,8.0600,8.0600,1000,0
ELY.US,5,20131126,193000,8.0700,8.0700,8.0700,8.0700,2400,0
ELY.US,5,20131126,194000,8.0700,8.0700,8.0600,8.0700,1884,0
ELY.US,5,20131126,194500,8.0700,8.0700,8.0600,8.0700,1915,0
ELY.US,5,20131126,195000,8.0700,8.0700,8.0600,8.0700,2200,0
ELY.US,5,20131126,195500,8.0600,8.0700,8.0600,8.0700,3700,0
ELY.US,5,20131126,200000,8.0600,8.0700,8.0600,8.0700,1700,0
ELY.US,5,20131126,200500,8.0700,8.0700,8.0600,8.0700,2100,0
ELY.US,5,20131126,201000,8.0600,8.0700,8.0600,8.0700,2460,0
ELY.US,5,20131126,201500,8.0700,8.0700,8.0600,8.0700,6099,0
ELY.US,5,20131126,202000,8.0600,8.0700,8.0600,8.0600,2900,0
ELY.US,5,20131126,202500,8.0700,8.0800,8.0700,8.0700,35987,0
ELY.US,5,20131126,203000,8.0800,8.0900,8.0800,8.0800,5350,0
ELY.US,5,20131126,203500,8.0900,8.1100,8.0800,8.1000,12840,0
ELY.US,5,20131126,204000,8.1100,8.1200,8.1000,8.1100,10954,0
ELY.US,5,20131126,204500,8.1000,8.1000,8.0900,8.0900,14795,0
ELY.US,5,20131126,205000,8.0900,8.1000,8.0900,8.1000,6300,0
ELY.US,5,20131126,205500,8.1000,8.1000,8.0900,8.1000,7300,0
ELY.US,5,20131126,210000,8.1000,8.1000,8.1000,8.1000,4800,0
ELY.US,5,20131126,210500,8.1000,8.1000,8.0900,8.1000,1700,0
ELY.US,5,20131126,211000,8.1000,8.1000,8.0900,8.0900,5142,0
ELY.US,5,20131126,211500,8.0900,8.0900,8.0900,8.0900,1300,0
ELY.US,5,20131126,212000,8.0900,8.0900,8.0800,8.0900,2300,0
ELY.US,5,20131126,212500,8.0900,8.1000,8.0800,8.1000,3000,0
ELY.US,5,20131126,213000,8.1000,8.1000,8.1000,8.1000,1000,0
ELY.US,5,20131126,213500,8.1000,8.1000,8.0900,8.1000,2609,0
ELY.US,5,20131126,214000,8.0900,8.1000,8.0900,8.1000,2800,0
ELY.US,5,20131126,214500,8.0900,8.1000,8.0900,8.0900,2500,0
ELY.US,5,20131126,215000,8.0900,8.0900,8.0700,8.0700,10300,0
ELY.US,5,20131126,215500,8.0700,8.0700,8.0500,8.0600,38301,0
ELY.US,5,20131126,220000,8.0500,8.0600,8.0500,8.0600,41114,0
ELY.US,5,20131126,220500,8.0600,8.0600,8.0600,8.0600,124322,0
ELY.US,5,20131127,153500,8.1000,8.1300,8.1000,8.1300,2900,0
ELY.US,5,20131127,154000,8.1400,8.1400,8.0900,8.0900,2905,0
ELY.US,5,20131127,154500,8.1000,8.1200,8.1000,8.1200,800,0
ELY.US,5,20131127,155000,8.1100,8.1500,8.1100,8.1500,1200,0
ELY.US,5,20131127,155500,8.1800,8.1900,8.1700,8.1900,700,0
ELY.US,5,20131127,160000,8.1900,8.2000,8.1600,8.1700,7201,0
ELY.US,5,20131127,160500,8.1700,8.1700,8.1400,8.1400,4107,0
ELY.US,5,20131127,161000,8.1400,8.1700,8.1100,8.1500,26386,0
ELY.US,5,20131127,161500,8.1600,8.1600,8.1600,8.1600,1600,0
ELY.US,5,20131127,162000,8.1500,8.1500,8.1300,8.1500,4042,0
ELY.US,5,20131127,162500,8.1400,8.1400,8.1400,8.1400,100,0
ELY.US,5,20131127,163000,8.1300,8.1600,8.1200,8.1500,10297,0
ELY.US,5,20131127,163500,8.1600,8.1600,8.1600,8.1600,245,0
ELY.US,5,20131127,164000,8.1600,8.1600,8.1500,8.1500,3200,0
ELY.US,5,20131127,164500,8.1500,8.1600,8.1500,8.1600,600,0
ELY.US,5,20131127,165000,8.1600,8.1600,8.1500,8.1600,960,0
ELY.US,5,20131127,165500,8.1500,8.1700,8.1500,8.1700,4250,0
ELY.US,5,20131127,170000,8.1700,8.2000,8.1700,8.1800,15419,0
ELY.US,5,20131127,170500,8.1700,8.1700,8.1700,8.1700,1900,0
ELY.US,5,20131127,171000,8.1700,8.1800,8.1700,8.1700,800,0
ELY.US,5,20131127,171500,8.1700,8.2000,8.1700,8.2000,5600,0
ELY.US,5,20131127,172000,8.2000,8.2000,8.1900,8.2000,2860,0
ELY.US,5,20131127,172500,8.2000,8.2100,8.1900,8.2100,14055,0
ELY.US,5,20131127,173000,8.2000,8.2100,8.2000,8.2000,6811,0
ELY.US,5,20131127,173500,8.2100,8.2100,8.2100,8.2100,100,0
ELY.US,5,20131127,174000,8.2100,8.2100,8.2000,8.2000,3700,0
ELY.US,5,20131127,174500,8.2000,8.2000,8.1900,8.2000,2300,0
ELY.US,5,20131127,175000,8.2000,8.2000,8.2000,8.2000,800,0
ELY.US,5,20131127,175500,8.1900,8.2000,8.1900,8.2000,600,0
ELY.US,5,20131127,180000,8.2000,8.2000,8.1900,8.2000,880,0
ELY.US,5,20131127,180500,8.2000,8.2000,8.1900,8.2000,600,0
ELY.US,5,20131127,181000,8.1900,8.2000,8.1800,8.1800,3944,0
ELY.US,5,20131127,181500,8.1800,8.1800,8.1700,8.1700,500,0
ELY.US,5,20131127,182000,8.1700,8.1700,8.1700,8.1700,300,0
ELY.US,5,20131127,182500,8.1700,8.1800,8.1700,8.1800,700,0
ELY.US,5,20131127,183000,8.1700,8.1800,8.1700,8.1800,3863,0
ELY.US,5,20131127,183500,8.1800,8.1800,8.1800,8.1800,400,0
ELY.US,5,20131127,184000,8.1800,8.1800,8.1700,8.1700,700,0
ELY.US,5,20131127,184500,8.1700,8.1800,8.1700,8.1800,3751,0
ELY.US,5,20131127,185000,8.1800,8.1800,8.1800,8.1800,100,0
ELY.US,5,20131127,185500,8.1900,8.1900,8.1800,8.1900,1500,0
ELY.US,5,20131127,190000,8.1800,8.1900,8.1800,8.1800,1700,0
ELY.US,5,20131127,190500,8.1900,8.1900,8.1800,8.1900,851,0
ELY.US,5,20131127,191000,8.1800,8.1900,8.1800,8.1800,1500,0
ELY.US,5,20131127,191500,8.1800,8.1900,8.1800,8.1900,1100,0
ELY.US,5,20131127,192000,8.1800,8.1900,8.1800,8.1900,600,0
ELY.US,5,20131127,192500,8.1800,8.1900,8.1800,8.1900,1100,0
ELY.US,5,20131127,193000,8.1800,8.1900,8.1800,8.1900,959,0
ELY.US,5,20131127,193500,8.1800,8.1900,8.1800,8.1900,900,0
ELY.US,5,20131127,194000,8.1800,8.1900,8.1800,8.1900,600,0
ELY.US,5,20131127,194500,8.1900,8.2100,8.1900,8.2100,1700,0
ELY.US,5,20131127,195000,8.2000,8.2100,8.2000,8.2100,500,0
ELY.US,5,20131127,195500,8.2000,8.2100,8.2000,8.2100,400,0
ELY.US,5,20131127,200000,8.2000,8.2100,8.2000,8.2000,25300,0
ELY.US,5,20131127,200500,8.2000,8.2000,8.1900,8.1900,1500,0
ELY.US,5,20131127,201000,8.1900,8.1900,8.1700,8.1700,7200,0
ELY.US,5,20131127,201500,8.1800,8.1800,8.1400,8.1400,7065,0
ELY.US,5,20131127,202000,8.1400,8.1500,8.1400,8.1400,1900,0
ELY.US,5,20131127,202500,8.1400,8.1500,8.1300,8.1500,4400,0
ELY.US,5,20131127,203000,8.1400,8.1400,8.1300,8.1300,1443,0
ELY.US,5,20131127,203500,8.1400,8.1400,8.1300,8.1300,5044,0
ELY.US,5,20131127,204000,8.1400,8.1400,8.1300,8.1400,1600,0
ELY.US,5,20131127,204500,8.1400,8.1400,8.1300,8.1400,1100,0
ELY.US,5,20131127,205000,8.1400,8.1400,8.1300,8.1300,3000,0
ELY.US,5,20131127,205500,8.1300,8.1300,8.1100,8.1200,5118,0
ELY.US,5,20131127,210000,8.1300,8.1300,8.1200,8.1200,500,0
ELY.US,5,20131127,210500,8.1300,8.1300,8.1200,8.1200,900,0
ELY.US,5,20131127,211000,8.1300,8.1400,8.1200,8.1400,1500,0
ELY.US,5,20131127,211500,8.1400,8.1400,8.1400,8.1400,800,0
ELY.US,5,20131127,212000,8.1400,8.1400,8.1300,8.1400,2100,0
ELY.US,5,20131127,212500,8.1300,8.1400,8.1300,8.1400,2000,0
ELY.US,5,20131127,213000,8.1300,8.1500,8.1300,8.1400,4800,0
ELY.US,5,20131127,213500,8.1400,8.1500,8.1400,8.1400,800,0
ELY.US,5,20131127,214000,8.1500,8.1500,8.1400,8.1400,2200,0
ELY.US,5,20131127,214500,8.1400,8.1400,8.1300,8.1400,18899,0
ELY.US,5,20131127,215000,8.1400,8.1500,8.1300,8.1400,7100,0
ELY.US,5,20131127,215500,8.1500,8.1500,8.1400,8.1400,4800,0
ELY.US,5,20131127,220000,8.1500,8.1500,8.1400,8.1500,12273,0
ELY.US,5,20131127,220500,8.1400,8.1400,8.1400,8.1400,17764,0
ELY.US,5,20131129,153500,8.2900,8.2900,8.2500,8.2700,600,0
ELY.US,5,20131129,154000,8.2600,8.2600,8.2200,8.2500,5867,0
ELY.US,5,20131129,154500,8.2500,8.2500,8.2200,8.2200,5330,0
ELY.US,5,20131129,155000,8.2400,8.2400,8.2200,8.2300,800,0
ELY.US,5,20131129,155500,8.2400,8.2500,8.2300,8.2500,6767,0
ELY.US,5,20131129,160000,8.2500,8.2500,8.2400,8.2400,3278,0
ELY.US,5,20131129,160500,8.2400,8.2400,8.2400,8.2400,200,0
ELY.US,5,20131129,161000,8.2400,8.2400,8.2400,8.2400,2300,0
ELY.US,5,20131129,161500,8.2400,8.2400,8.2200,8.2200,3100,0
ELY.US,5,20131129,162000,8.2300,8.2400,8.2200,8.2400,1800,0
ELY.US,5,20131129,162500,8.2400,8.2500,8.2400,8.2500,1700,0
ELY.US,5,20131129,163000,8.2500,8.2500,8.2400,8.2400,11200,0
ELY.US,5,20131129,163500,8.2400,8.2500,8.2400,8.2500,1500,0
ELY.US,5,20131129,164000,8.2500,8.2500,8.2500,8.2500,900,0
ELY.US,5,20131129,164500,8.2500,8.2500,8.2400,8.2500,1200,0
ELY.US,5,20131129,165000,8.2500,8.2500,8.2400,8.2500,6000,0
ELY.US,5,20131129,165500,8.2400,8.2500,8.2400,8.2500,1000,0
ELY.US,5,20131129,170000,8.2500,8.2500,8.2400,8.2500,2113,0
ELY.US,5,20131129,170500,8.2500,8.2500,8.1700,8.1900,26983,0
ELY.US,5,20131129,171000,8.1900,8.1900,8.1800,8.1900,2600,0
ELY.US,5,20131129,171500,8.1900,8.2100,8.1900,8.1900,2350,0
ELY.US,5,20131129,172000,8.1900,8.1900,8.1700,8.1800,3200,0
ELY.US,5,20131129,172500,8.1800,8.1800,8.1600,8.1700,3800,0
ELY.US,5,20131129,173000,8.1700,8.1700,8.1600,8.1700,1200,0
ELY.US,5,20131129,173500,8.1700,8.1800,8.1700,8.1800,2500,0
ELY.US,5,20131129,174000,8.1800,8.1900,8.1700,8.1900,2150,0
ELY.US,5,20131129,174500,8.1900,8.2100,8.1900,8.2100,1880,0
ELY.US,5,20131129,175000,8.2100,8.2300,8.2100,8.2300,1250,0
ELY.US,5,20131129,175500,8.2200,8.2300,8.2200,8.2300,700,0
ELY.US,5,20131129,180000,8.2300,8.2300,8.2200,8.2200,2500,0
ELY.US,5,20131129,180500,8.2300,8.2400,8.2300,8.2300,8750,0
ELY.US,5,20131129,181000,8.2300,8.2400,8.2300,8.2400,4000,0
ELY.US,5,20131129,181500,8.2400,8.2400,8.2300,8.2300,1600,0
ELY.US,5,20131129,182000,8.2400,8.2400,8.2200,8.2300,6592,0
ELY.US,5,20131129,182500,8.2300,8.2300,8.2200,8.2300,1300,0
ELY.US,5,20131129,183000,8.2300,8.2300,8.2200,8.2200,1310,0
ELY.US,5,20131129,183500,8.2200,8.2300,8.1900,8.2000,14024,0
ELY.US,5,20131129,184000,8.1900,8.2000,8.1700,8.1700,2700,0
ELY.US,5,20131129,184500,8.1800,8.1800,8.1700,8.1700,1300,0
ELY.US,5,20131129,185000,8.1700,8.1800,8.1400,8.1400,3813,0
ELY.US,5,20131129,185500,8.1400,8.1500,8.1000,8.1100,20575,0
ELY.US,5,20131129,190000,8.1100,8.1200,8.1000,8.1000,9358,0
ELY.US,5,20131129,190500,8.1000,8.1000,8.1000,8.1000,21241,0
ELY.US,5,20131202,153500,8.0700,8.1200,8.0700,8.1200,11950,0
ELY.US,5,20131202,154000,8.1200,8.1200,8.0900,8.0900,200,0
ELY.US,5,20131202,154500,8.0800,8.0800,8.0400,8.0400,2500,0
ELY.US,5,20131202,155000,8.0400,8.0700,8.0400,8.0600,9698,0
ELY.US,5,20131202,155500,8.0600,8.0800,8.0500,8.0500,560,0
ELY.US,5,20131202,160000,8.0500,8.0500,8.0400,8.0400,2392,0
ELY.US,5,20131202,160500,8.0400,8.0500,8.0300,8.0300,2200,0
ELY.US,5,20131202,161000,8.0400,8.0400,8.0300,8.0300,5050,0
ELY.US,5,20131202,161500,8.0400,8.0400,8.0300,8.0300,5300,0
ELY.US,5,20131202,162000,8.0400,8.0500,8.0300,8.0500,1200,0
ELY.US,5,20131202,162500,8.0500,8.0600,8.0500,8.0500,2200,0
ELY.US,5,20131202,163000,8.0500,8.0500,8.0500,8.0500,2581,0
ELY.US,5,20131202,163500,8.0600,8.0600,8.0400,8.0500,1758,0
ELY.US,5,20131202,164000,8.0500,8.0600,8.0500,8.0500,800,0
ELY.US,5,20131202,164500,8.0500,8.0600,8.0500,8.0600,5900,0
ELY.US,5,20131202,165000,8.0500,8.0700,8.0500,8.0700,14501,0
ELY.US,5,20131202,165500,8.0700,8.0800,8.0700,8.0800,600,0
ELY.US,5,20131202,170000,8.0800,8.1000,8.0800,8.0900,4000,0
ELY.US,5,20131202,170500,8.0900,8.1000,8.0900,8.0900,2397,0
ELY.US,5,20131202,171000,8.0900,8.1000,8.0900,8.0900,2400,0
ELY.US,5,20131202,171500,8.0900,8.0900,8.0600,8.0600,1500,0
ELY.US,5,20131202,172000,8.0500,8.0600,8.0300,8.0300,700,0
ELY.US,5,20131202,172500,8.0300,8.0400,8.0300,8.0300,1100,0
ELY.US,5,20131202,173000,8.0300,8.0400,7.9900,8.0000,35652,0
ELY.US,5,20131202,173500,8.0000,8.0100,7.9800,8.0100,11245,0
ELY.US,5,20131202,174000,8.0200,8.0200,8.0100,8.0100,11443,0
ELY.US,5,20131202,174500,8.0200,8.0200,8.0100,8.0100,3100,0
ELY.US,5,20131202,175000,8.0100,8.0200,7.9900,7.9900,15993,0
ELY.US,5,20131202,175500,8.0000,8.0100,7.9900,8.0000,9185,0
ELY.US,5,20131202,180000,8.0000,8.0100,7.9800,8.0100,12580,0
ELY.US,5,20131202,180500,8.0200,8.0200,8.0000,8.0000,2017,0
ELY.US,5,20131202,181000,8.0000,8.0100,8.0000,8.0100,3600,0
ELY.US,5,20131202,181500,8.0000,8.0100,7.9700,7.9700,10422,0
ELY.US,5,20131202,182000,7.9600,7.9700,7.9600,7.9600,2708,0
ELY.US,5,20131202,182500,7.9600,7.9700,7.9600,7.9600,5700,0
ELY.US,5,20131202,183000,7.9700,7.9700,7.9500,7.9600,5600,0
ELY.US,5,20131202,183500,7.9600,7.9600,7.9500,7.9500,1900,0
ELY.US,5,20131202,184000,7.9500,7.9600,7.9500,7.9500,2250,0
ELY.US,5,20131202,184500,7.9500,7.9600,7.9100,7.9200,22290,0
ELY.US,5,20131202,185000,7.9200,7.9600,7.9200,7.9600,7807,0
ELY.US,5,20131202,185500,7.9500,7.9500,7.9300,7.9300,7006,0
ELY.US,5,20131202,190000,7.9400,7.9400,7.9300,7.9400,1500,0
ELY.US,5,20131202,190500,7.9400,7.9400,7.9300,7.9300,5600,0
ELY.US,5,20131202,191000,7.9300,7.9400,7.9100,7.9300,6053,0
ELY.US,5,20131202,191500,7.9200,7.9200,7.9000,7.9000,6300,0
ELY.US,5,20131202,192000,7.9100,7.9100,7.8700,7.8800,5191,0
ELY.US,5,20131202,192500,7.8800,7.8800,7.8700,7.8700,3253,0
ELY.US,5,20131202,193000,7.8800,7.8800,7.8600,7.8600,5410,0
ELY.US,5,20131202,193500,7.8500,7.8600,7.8400,7.8600,8300,0
ELY.US,5,20131202,194000,7.8500,7.9100,7.8500,7.9000,13931,0
ELY.US,5,20131202,194500,7.9100,7.9400,7.9000,7.9300,13416,0
ELY.US,5,20131202,195000,7.9300,7.9400,7.9200,7.9400,8718,0
ELY.US,5,20131202,195500,7.9300,7.9500,7.9300,7.9500,4600,0
ELY.US,5,20131202,200000,7.9500,7.9600,7.9400,7.9400,3900,0
ELY.US,5,20131202,200500,7.9400,7.9500,7.9300,7.9300,2776,0
ELY.US,5,20131202,201000,7.9300,7.9400,7.9100,7.9200,12150,0
ELY.US,5,20131202,201500,7.9200,7.9200,7.9000,7.9100,1100,0
ELY.US,5,20131202,202000,7.9000,7.9400,7.9000,7.9400,6000,0
ELY.US,5,20131202,202500,7.9300,7.9400,7.9300,7.9400,10750,0
ELY.US,5,20131202,203000,7.9400,7.9400,7.9300,7.9400,900,0
ELY.US,5,20131202,203500,7.9300,7.9400,7.9200,7.9200,3656,0
ELY.US,5,20131202,204000,7.9100,7.9200,7.9000,7.9000,1700,0
ELY.US,5,20131202,204500,7.9100,7.9100,7.9000,7.9000,5400,0
ELY.US,5,20131202,205000,7.9000,7.9100,7.9000,7.9100,9738,0
ELY.US,5,20131202,205500,7.9200,7.9400,7.9100,7.9400,3655,0
ELY.US,5,20131202,210000,7.9500,7.9600,7.9400,7.9500,4663,0
ELY.US,5,20131202,210500,7.9500,7.9700,7.9500,7.9500,7300,0
ELY.US,5,20131202,211000,7.9500,7.9600,7.9500,7.9600,1542,0
ELY.US,5,20131202,211500,7.9600,7.9600,7.9500,7.9600,6200,0
ELY.US,5,20131202,212000,7.9500,7.9600,7.9500,7.9500,2400,0
ELY.US,5,20131202,212500,7.9500,7.9600,7.9300,7.9300,16836,0
ELY.US,5,20131202,213000,7.9300,7.9300,7.9100,7.9100,6300,0
ELY.US,5,20131202,213500,7.9100,7.9200,7.8900,7.8900,6300,0
ELY.US,5,20131202,214000,7.9000,7.9000,7.8800,7.8900,7750,0
ELY.US,5,20131202,214500,7.8800,7.9000,7.8800,7.9000,19964,0
ELY.US,5,20131202,215000,7.8900,7.9300,7.8800,7.9300,42396,0
ELY.US,5,20131202,215500,7.9300,7.9300,7.9200,7.9200,16300,0
ELY.US,5,20131202,220000,7.9200,7.9500,7.9200,7.9500,41177,0
ELY.US,5,20131202,220500,7.9500,7.9500,7.9500,7.9500,51702,0
ELY.US,5,20131203,153500,7.9600,7.9700,7.9500,7.9700,6756,0
ELY.US,5,20131203,154000,7.9800,7.9800,7.9600,7.9600,1100,0
ELY.US,5,20131203,154500,7.9600,7.9700,7.9600,7.9700,1600,0
ELY.US,5,20131203,155000,7.9600,7.9700,7.9600,7.9600,2500,0
ELY.US,5,20131203,155500,7.9600,7.9700,7.9600,7.9700,3164,0
ELY.US,5,20131203,160000,7.9700,7.9800,7.9600,7.9800,2435,0
ELY.US,5,20131203,160500,7.9900,8.0000,7.9900,8.0000,1300,0
ELY.US,5,20131203,161000,8.0000,8.0300,7.9900,8.0300,700,0
ELY.US,5,20131203,161500,8.0200,8.0300,8.0000,8.0000,1000,0
ELY.US,5,20131203,162000,8.0100,8.0100,8.0100,8.0100,600,0
ELY.US,5,20131203,162500,8.0100,8.0300,8.0100,8.0300,7200,0
ELY.US,5,20131203,163000,8.0300,8.0300,8.0000,8.0000,1000,0
ELY.US,5,20131203,163500,8.0000,8.0100,8.0000,8.0100,2700,0
ELY.US,5,20131203,164000,8.0000,8.0100,8.0000,8.0100,2000,0
ELY.US,5,20131203,164500,8.0000,8.0100,7.9800,7.9800,5236,0
ELY.US,5,20131203,165000,7.9800,8.0000,7.9700,7.9700,1544,0
ELY.US,5,20131203,165500,7.9600,7.9700,7.9500,7.9500,4100,0
ELY.US,5,20131203,170000,7.9700,7.9700,7.9600,7.9600,1900,0
ELY.US,5,20131203,170500,7.9700,7.9700,7.9200,7.9300,3964,0
ELY.US,5,20131203,171000,7.9400,7.9700,7.9400,7.9700,3400,0
ELY.US,5,20131203,171500,7.9700,7.9700,7.9600,7.9600,2039,0
ELY.US,5,20131203,172000,7.9500,7.9500,7.9300,7.9400,1815,0
ELY.US,5,20131203,172500,7.9300,7.9300,7.9200,7.9300,1700,0
ELY.US,5,20131203,173000,7.9300,7.9400,7.9200,7.9300,6300,0
ELY.US,5,20131203,173500,7.9300,7.9400,7.9200,7.9400,1600,0
ELY.US,5,20131203,174000,7.9300,7.9500,7.9300,7.9500,2106,0
ELY.US,5,20131203,174500,7.9400,7.9500,7.9300,7.9300,600,0
ELY.US,5,20131203,175000,7.9400,7.9400,7.9200,7.9300,2650,0
ELY.US,5,20131203,175500,7.9400,7.9400,7.9300,7.9400,400,0
ELY.US,5,20131203,180000,7.9300,7.9400,7.9300,7.9400,3000,0
ELY.US,5,20131203,180500,7.9500,7.9500,7.9300,7.9400,575,0
ELY.US,5,20131203,181000,7.9300,7.9400,7.9300,7.9400,1600,0
ELY.US,5,20131203,181500,7.9400,7.9400,7.9300,7.9400,1500,0
ELY.US,5,20131203,182000,7.9400,7.9500,7.9400,7.9500,800,0
ELY.US,5,20131203,182500,7.9400,7.9400,7.9300,7.9400,6500,0
ELY.US,5,20131203,183000,7.9400,7.9400,7.9200,7.9200,500,0
ELY.US,5,20131203,183500,7.9400,7.9400,7.9100,7.9100,3200,0
ELY.US,5,20131203,184000,7.9200,7.9200,7.9000,7.9200,4000,0
ELY.US,5,20131203,184500,7.9200,7.9200,7.9100,7.9200,600,0
ELY.US,5,20131203,185000,7.9200,7.9200,7.9100,7.9200,2370,0
ELY.US,5,20131203,185500,7.9100,7.9200,7.9100,7.9200,500,0
ELY.US,5,20131203,190000,7.9200,7.9200,7.9100,7.9200,4200,0
ELY.US,5,20131203,190500,7.9200,7.9200,7.9000,7.9100,1800,0
ELY.US,5,20131203,191000,7.9000,7.9100,7.9000,7.9100,2600,0
ELY.US,5,20131203,191500,7.9100,7.9100,7.9000,7.9000,400,0
ELY.US,5,20131203,192000,7.9100,7.9100,7.9000,7.9100,9923,0
ELY.US,5,20131203,192500,7.9100,7.9100,7.9000,7.9000,2700,0
ELY.US,5,20131203,193000,7.9000,7.9100,7.8800,7.9000,5000,0
ELY.US,5,20131203,193500,7.9100,7.9100,7.9100,7.9100,600,0
ELY.US,5,20131203,194000,7.9000,7.9100,7.9000,7.9100,11779,0
ELY.US,5,20131203,194500,7.9100,7.9100,7.9000,7.9000,500,0
ELY.US,5,20131203,195000,7.9000,7.9100,7.8900,7.9100,1100,0
ELY.US,5,20131203,195500,7.9000,7.9100,7.8900,7.8900,2000,0
ELY.US,5,20131203,200000,7.9000,7.9100,7.8800,7.9000,5093,0
ELY.US,5,20131203,200500,7.9000,7.9000,7.8800,7.9000,2200,0
ELY.US,5,20131203,201000,7.9000,7.9000,7.8900,7.9000,3500,0
ELY.US,5,20131203,201500,7.9000,7.9100,7.8900,7.9100,2000,0
ELY.US,5,20131203,202000,7.9000,7.9000,7.8800,7.9000,2800,0
ELY.US,5,20131203,202500,7.9000,7.9100,7.9000,7.9100,1000,0
ELY.US,5,20131203,203000,7.9100,7.9200,7.9100,7.9100,2200,0
ELY.US,5,20131203,203500,7.9200,7.9200,7.9100,7.9200,1767,0
ELY.US,5,20131203,204000,7.9300,7.9300,7.9300,7.9300,600,0
ELY.US,5,20131203,204500,7.9300,7.9300,7.9200,7.9300,2900,0
ELY.US,5,20131203,205000,7.9300,7.9300,7.9200,7.9300,2700,0
ELY.US,5,20131203,205500,7.9300,7.9300,7.9300,7.9300,800,0
ELY.US,5,20131203,210000,7.9200,7.9300,7.9200,7.9300,1424,0
ELY.US,5,20131203,210500,7.9300,7.9300,7.9200,7.9200,2468,0
ELY.US,5,20131203,211000,7.9200,7.9300,7.9200,7.9300,700,0
ELY.US,5,20131203,211500,7.9300,7.9300,7.9200,7.9300,1500,0
ELY.US,5,20131203,212000,7.9200,7.9300,7.9200,7.9200,700,0
ELY.US,5,20131203,212500,7.9300,7.9300,7.9200,7.9300,900,0
ELY.US,5,20131203,213000,7.9200,7.9500,7.9200,7.9400,28964,0
ELY.US,5,20131203,213500,7.9400,7.9400,7.9300,7.9300,4896,0
ELY.US,5,20131203,214000,7.9400,7.9400,7.9300,7.9300,2400,0
ELY.US,5,20131203,214500,7.9300,7.9300,7.9100,7.9200,3100,0
ELY.US,5,20131203,215000,7.9200,7.9400,7.9100,7.9400,16700,0
ELY.US,5,20131203,215500,7.9500,7.9600,7.9400,7.9600,21336,0
ELY.US,5,20131203,220000,7.9600,7.9600,7.9400,7.9500,18749,0
ELY.US,5,20131203,220500,7.9400,7.9400,7.9400,7.9400,82620,0
ELY.US,5,20131204,153500,7.9300,7.9300,7.8900,7.8900,1000,0
ELY.US,5,20131204,154000,7.9100,7.9100,7.8900,7.9000,1800,0
ELY.US,5,20131204,154500,7.9000,7.9200,7.9000,7.9100,8000,0
ELY.US,5,20131204,155000,7.9100,7.9200,7.9000,7.9100,7431,0
ELY.US,5,20131204,155500,7.9000,7.9000,7.8900,7.9000,1504,0
ELY.US,5,20131204,160000,7.9000,7.9000,7.8900,7.8900,800,0
ELY.US,5,20131204,160500,7.8900,7.9200,7.8900,7.9200,4200,0
ELY.US,5,20131204,161000,7.9200,7.9300,7.9100,7.9200,2600,0
ELY.US,5,20131204,161500,7.9400,7.9400,7.9200,7.9200,1200,0
ELY.US,5,20131204,162000,7.9100,7.9200,7.9100,7.9200,6300,0
ELY.US,5,20131204,162500,7.9200,7.9200,7.9100,7.9200,7292,0
ELY.US,5,20131204,163000,7.9200,7.9200,7.9100,7.9100,1500,0
ELY.US,5,20131204,163500,7.9100,7.9200,7.9000,7.9100,3500,0
ELY.US,5,20131204,164000,7.9100,7.9200,7.9000,7.9000,3800,0
ELY.US,5,20131204,164500,7.9000,7.9000,7.8900,7.9000,2900,0
ELY.US,5,20131204,165000,7.9000,7.9000,7.9000,7.9000,1900,0
ELY.US,5,20131204,165500,7.9000,7.9000,7.8900,7.8900,7401,0
ELY.US,5,20131204,170000,7.8900,7.9000,7.8900,7.8900,700,0
ELY.US,5,20131204,170500,7.9000,7.9000,7.8900,7.9000,6675,0
ELY.US,5,20131204,171000,7.9000,7.9200,7.9000,7.9100,12500,0
ELY.US,5,20131204,171500,7.9000,7.9100,7.8900,7.8900,10300,0
ELY.US,5,20131204,172000,7.8900,7.9000,7.8900,7.8900,1238,0
ELY.US,5,20131204,172500,7.8900,7.9000,7.8900,7.9000,3900,0
ELY.US,5,20131204,173000,7.8900,7.9000,7.8900,7.8900,2200,0
ELY.US,5,20131204,173500,7.8900,7.8900,7.8900,7.8900,200,0
ELY.US,5,20131204,174000,7.8900,7.9000,7.8900,7.8900,1600,0
ELY.US,5,20131204,174500,7.8900,7.8900,7.8900,7.8900,2180,0
ELY.US,5,20131204,175000,7.8900,7.8900,7.8700,7.8700,3422,0
ELY.US,5,20131204,175500,7.8600,7.8600,7.8500,7.8500,2968,0
ELY.US,5,20131204,180000,7.8500,7.8600,7.8500,7.8600,600,0
ELY.US,5,20131204,180500,7.8500,7.8500,7.8200,7.8300,15060,0
ELY.US,5,20131204,181000,7.8300,7.8300,7.8200,7.8300,5000,0
ELY.US,5,20131204,181500,7.8200,7.8200,7.8200,7.8200,2300,0
ELY.US,5,20131204,182000,7.8100,7.8200,7.7600,7.8000,23114,0
ELY.US,5,20131204,182500,7.8000,7.8100,7.7900,7.7900,3798,0
ELY.US,5,20131204,183000,7.7900,7.8000,7.7700,7.7700,16717,0
ELY.US,5,20131204,183500,7.7800,7.8000,7.7800,7.8000,9000,0
ELY.US,5,20131204,184000,7.8100,7.8100,7.7800,7.7800,1600,0
ELY.US,5,20131204,184500,7.7800,7.7900,7.7800,7.7900,1900,0
ELY.US,5,20131204,185000,7.7900,7.7900,7.7800,7.7800,4066,0
ELY.US,5,20131204,185500,7.7700,7.7800,7.7600,7.7600,5700,0
ELY.US,5,20131204,190000,7.7700,7.7700,7.7600,7.7600,1300,0
ELY.US,5,20131204,190500,7.7500,7.7700,7.7500,7.7700,4300,0
ELY.US,5,20131204,191000,7.7800,7.7800,7.7600,7.7600,1300,0
ELY.US,5,20131204,191500,7.7700,7.7700,7.7600,7.7600,1900,0
ELY.US,5,20131204,192000,7.7600,7.7600,7.7500,7.7500,900,0
ELY.US,5,20131204,192500,7.7500,7.7600,7.7300,7.7300,9850,0
ELY.US,5,20131204,193000,7.7300,7.7500,7.7300,7.7500,2900,0
ELY.US,5,20131204,193500,7.7300,7.7300,7.7000,7.7200,7961,0
ELY.US,5,20131204,194000,7.7200,7.7300,7.7200,7.7300,950,0
ELY.US,5,20131204,194500,7.7400,7.7600,7.7300,7.7500,16500,0
ELY.US,5,20131204,195000,7.7500,7.7500,7.7400,7.7400,250,0
ELY.US,5,20131204,195500,7.7500,7.7600,7.7500,7.7600,1900,0
ELY.US,5,20131204,200000,7.7600,7.7600,7.7500,7.7600,668,0
ELY.US,5,20131204,200500,7.7600,7.7600,7.7500,7.7600,1400,0
ELY.US,5,20131204,201000,7.7600,7.7700,7.7600,7.7600,1700,0
ELY.US,5,20131204,201500,7.7500,7.7700,7.7500,7.7700,1600,0
ELY.US,5,20131204,202000,7.7800,7.7800,7.7700,7.7700,2700,0
ELY.US,5,20131204,202500,7.7700,7.7800,7.7700,7.7800,3800,0
ELY.US,5,20131204,203000,7.7800,7.7800,7.7700,7.7700,1300,0
ELY.US,5,20131204,203500,7.7700,7.7800,7.7700,7.7800,8036,0
ELY.US,5,20131204,204000,7.7900,7.8500,7.7900,7.8200,21144,0
ELY.US,5,20131204,204500,7.8200,7.8400,7.8200,7.8400,14136,0
ELY.US,5,20131204,205000,7.8400,7.8400,7.8300,7.8300,1450,0
ELY.US,5,20131204,205500,7.8300,7.8400,7.8200,7.8200,4312,0
ELY.US,5,20131204,210000,7.8200,7.8200,7.7900,7.7900,1950,0
ELY.US,5,20131204,210500,7.7900,7.8000,7.7900,7.7900,6101,0
ELY.US,5,20131204,211000,7.7900,7.7900,7.7900,7.7900,1800,0
ELY.US,5,20131204,211500,7.8000,7.8000,7.7900,7.7900,3000,0
ELY.US,5,20131204,212000,7.7900,7.8000,7.7900,7.7900,4750,0
ELY.US,5,20131204,212500,7.7900,7.8000,7.7900,7.7900,4200,0
ELY.US,5,20131204,213000,7.7900,7.7900,7.7800,7.7800,10256,0
ELY.US,5,20131204,213500,7.7800,7.7900,7.7700,7.7700,2900,0
ELY.US,5,20131204,214000,7.7700,7.7900,7.7700,7.7800,15600,0
ELY.US,5,20131204,214500,7.7900,7.8000,7.7800,7.8000,6060,0
ELY.US,5,20131204,215000,7.7900,7.8000,7.7900,7.7900,3700,0
ELY.US,5,20131204,215500,7.8000,7.8000,7.7900,7.8000,10152,0
ELY.US,5,20131204,220000,7.7900,7.8000,7.7800,7.8000,62920,0
ELY.US,5,20131204,220500,7.7800,7.7800,7.7800,7.7800,47147,0
ELY.US,5,20131205,153500,7.8000,7.8400,7.8000,7.8300,4750,0
ELY.US,5,20131205,154000,7.8200,7.8200,7.8100,7.8100,600,0
ELY.US,5,20131205,154500,7.7700,7.7900,7.7700,7.7700,2500,0
ELY.US,5,20131205,155000,7.7900,7.7900,7.7900,7.7900,782,0
ELY.US,5,20131205,155500,7.7700,7.7800,7.7700,7.7800,3374,0
ELY.US,5,20131205,160000,7.7800,7.7900,7.7800,7.7800,2600,0
ELY.US,5,20131205,160500,7.7800,7.7900,7.7800,7.7900,2350,0
ELY.US,5,20131205,161000,7.7900,7.7900,7.7800,7.7800,300,0
ELY.US,5,20131205,161500,7.7800,7.7800,7.7700,7.7700,2900,0
ELY.US,5,20131205,162000,7.7600,7.7700,7.7500,7.7500,3250,0
ELY.US,5,20131205,162500,7.7500,7.7500,7.7300,7.7300,2208,0
ELY.US,5,20131205,163000,7.7200,7.7400,7.7200,7.7400,1400,0
ELY.US,5,20131205,163500,7.7500,7.7800,7.7400,7.7700,8800,0
ELY.US,5,20131205,164000,7.7700,7.7900,7.7400,7.7600,19063,0
ELY.US,5,20131205,164500,7.7700,7.7700,7.7600,7.7600,200,0
ELY.US,5,20131205,165000,7.7700,7.7700,7.7100,7.7200,2700,0
ELY.US,5,20131205,165500,7.7200,7.7200,7.7100,7.7100,500,0
ELY.US,5,20131205,170000,7.7100,7.7300,7.7100,7.7200,3100,0
ELY.US,5,20131205,170500,7.7200,7.7200,7.7000,7.7200,3317,0
ELY.US,5,20131205,171000,7.7100,7.7300,7.7100,7.7100,2100,0
ELY.US,5,20131205,171500,7.7100,7.7200,7.7000,7.7100,1700,0
ELY.US,5,20131205,172000,7.7200,7.7600,7.7100,7.7600,10838,0
ELY.US,5,20131205,172500,7.7500,7.7600,7.7500,7.7600,1200,0
ELY.US,5,20131205,173000,7.7600,7.7600,7.7500,7.7500,1000,0
ELY.US,5,20131205,173500,7.7500,7.7600,7.7500,7.7500,2200,0
ELY.US,5,20131205,174000,7.7500,7.7500,7.7500,7.7500,1100,0
ELY.US,5,20131205,174500,7.7500,7.7600,7.7400,7.7600,26200,0
ELY.US,5,20131205,175000,7.7600,7.7600,7.7500,7.7500,1300,0
ELY.US,5,20131205,175500,7.7500,7.7600,7.7500,7.7500,1685,0
ELY.US,5,20131205,180000,7.7600,7.7600,7.7500,7.7500,3100,0
ELY.US,5,20131205,180500,7.7500,7.7600,7.7500,7.7500,1300,0
ELY.US,5,20131205,181000,7.7500,7.7900,7.7500,7.7800,4100,0
ELY.US,5,20131205,181500,7.7900,7.8000,7.7800,7.7900,1500,0
ELY.US,5,20131205,182000,7.7900,7.8000,7.7800,7.7800,3850,0
ELY.US,5,20131205,182500,7.7800,7.7800,7.7600,7.7700,5096,0
ELY.US,5,20131205,183000,7.7700,7.7900,7.7600,7.7900,3100,0
ELY.US,5,20131205,183500,7.7900,7.8000,7.7800,7.8000,4450,0
ELY.US,5,20131205,184000,7.8000,7.8000,7.7900,7.7900,600,0
ELY.US,5,20131205,184500,7.8000,7.8000,7.7900,7.8000,6100,0
ELY.US,5,20131205,185000,7.8200,7.8200,7.7900,7.7900,1601,0
ELY.US,5,20131205,185500,7.8000,7.8100,7.8000,7.8000,1100,0
ELY.US,5,20131205,190000,7.8100,7.8200,7.8000,7.8200,1427,0
ELY.US,5,20131205,190500,7.8200,7.8200,7.8000,7.8100,8209,0
ELY.US,5,20131205,191000,7.8100,7.8200,7.8000,7.8100,21102,0
ELY.US,5,20131205,191500,7.8000,7.8200,7.8000,7.8100,5200,0
ELY.US,5,20131205,192000,7.8200,7.8300,7.8100,7.8100,3168,0
ELY.US,5,20131205,192500,7.8000,7.8100,7.8000,7.8100,3911,0
ELY.US,5,20131205,193000,7.8100,7.8100,7.8000,7.8100,2733,0
ELY.US,5,20131205,193500,7.8000,7.8100,7.8000,7.8000,9100,0
ELY.US,5,20131205,194000,7.8000,7.8100,7.8000,7.8100,1200,0
ELY.US,5,20131205,194500,7.8100,7.8100,7.8000,7.8100,1700,0
ELY.US,5,20131205,195000,7.8000,7.8100,7.8000,7.8100,4463,0
ELY.US,5,20131205,195500,7.8100,7.8100,7.8000,7.8000,2240,0
ELY.US,5,20131205,200000,7.8100,7.8100,7.8000,7.8100,2000,0
ELY.US,5,20131205,200500,7.8000,7.8200,7.8000,7.8100,8650,0
ELY.US,5,20131205,201000,7.8200,7.8200,7.8100,7.8100,10400,0
ELY.US,5,20131205,201500,7.8200,7.8200,7.8000,7.8000,3300,0
ELY.US,5,20131205,202000,7.8000,7.8100,7.8000,7.8000,2400,0
ELY.US,5,20131205,202500,7.8000,7.8000,7.8000,7.8000,5310,0
ELY.US,5,20131205,203000,7.8000,7.8000,7.8000,7.8000,900,0
ELY.US,5,20131205,203500,7.8000,7.8100,7.8000,7.8000,1500,0
ELY.US,5,20131205,204000,7.8100,7.8100,7.8000,7.8100,1700,0
ELY.US,5,20131205,204500,7.8000,7.8100,7.8000,7.8000,1605,0
ELY.US,5,20131205,205000,7.8100,7.8100,7.8000,7.8100,1500,0
ELY.US,5,20131205,205500,7.8000,7.8100,7.8000,7.8000,800,0
ELY.US,5,20131205,210000,7.8000,7.8100,7.7900,7.8100,17112,0
ELY.US,5,20131205,210500,7.8000,7.8100,7.8000,7.8100,3425,0
ELY.US,5,20131205,211000,7.8100,7.8100,7.8000,7.8000,1900,0
ELY.US,5,20131205,211500,7.8000,7.8100,7.8000,7.8100,1900,0
ELY.US,5,20131205,212000,7.8100,7.8100,7.8000,7.8100,2700,0
ELY.US,5,20131205,212500,7.8100,7.8100,7.8000,7.8000,2200,0
ELY.US,5,20131205,213000,7.8100,7.8200,7.8000,7.8100,17575,0
ELY.US,5,20131205,213500,7.8200,7.8200,7.8100,7.8200,2800,0
ELY.US,5,20131205,214000,7.8200,7.8200,7.8100,7.8100,3300,0
ELY.US,5,20131205,214500,7.8100,7.8200,7.8100,7.8200,2400,0
ELY.US,5,20131205,215000,7.8100,7.8100,7.8000,7.8000,3700,0
ELY.US,5,20131205,215500,7.8000,7.8100,7.8000,7.8000,6100,0
ELY.US,5,20131205,220000,7.8000,7.8200,7.8000,7.8200,33446,0
ELY.US,5,20131205,220500,7.8100,7.8100,7.8100,7.8100,31086,0
ELY.US,5,20131206,153500,7.8400,7.8400,7.8200,7.8200,1354,0
ELY.US,5,20131206,154000,7.8300,7.8400,7.8300,7.8400,4000,0
ELY.US,5,20131206,154500,7.8300,7.8400,7.8300,7.8400,7655,0
ELY.US,5,20131206,155000,7.8300,7.8400,7.8300,7.8400,7991,0
ELY.US,5,20131206,155500,7.8400,7.8400,7.8200,7.8200,3900,0
ELY.US,5,20131206,160000,7.8300,7.9000,7.8300,7.8400,5752,0
ELY.US,5,20131206,160500,7.8700,7.8700,7.8300,7.8300,27149,0
ELY.US,5,20131206,161000,7.8400,7.8400,7.8200,7.8400,3200,0
ELY.US,5,20131206,161500,7.8400,7.8500,7.8300,7.8400,24043,0
ELY.US,5,20131206,162000,7.8400,7.8500,7.8300,7.8500,1900,0
ELY.US,5,20131206,162500,7.8400,7.8500,7.8400,7.8400,1600,0
ELY.US,5,20131206,163000,7.8400,7.8500,7.8300,7.8300,21200,0
ELY.US,5,20131206,163500,7.8300,7.8300,7.8100,7.8200,14412,0
ELY.US,5,20131206,164000,7.8200,7.8200,7.8000,7.8100,2100,0
ELY.US,5,20131206,164500,7.8200,7.8200,7.8100,7.8200,3000,0
ELY.US,5,20131206,165000,7.8200,7.8200,7.8100,7.8200,1100,0
ELY.US,5,20131206,165500,7.8100,7.8300,7.8100,7.8200,6598,0
ELY.US,5,20131206,170000,7.8300,7.8300,7.8100,7.8200,21033,0
ELY.US,5,20131206,170500,7.8100,7.8200,7.8000,7.8200,5804,0
ELY.US,5,20131206,171000,7.8200,7.8200,7.8000,7.8100,700,0
ELY.US,5,20131206,171500,7.8100,7.8100,7.8000,7.8100,8532,0
ELY.US,5,20131206,172000,7.8100,7.8200,7.8100,7.8100,2442,0
ELY.US,5,20131206,172500,7.8200,7.8200,7.8100,7.8100,3111,0
ELY.US,5,20131206,173000,7.8100,7.8200,7.8000,7.8000,21475,0
ELY.US,5,20131206,173500,7.8200,7.8400,7.8100,7.8400,20800,0
ELY.US,5,20131206,174000,7.8500,7.8500,7.8400,7.8400,400,0
ELY.US,5,20131206,174500,7.8500,7.8500,7.8300,7.8400,4500,0
ELY.US,5,20131206,175000,7.8400,7.8500,7.8400,7.8500,1500,0
ELY.US,5,20131206,175500,7.8600,7.8900,7.8500,7.8700,11047,0
ELY.US,5,20131206,180000,7.8800,7.8900,7.8800,7.8800,300,0
ELY.US,5,20131206,180500,7.8900,7.9100,7.8800,7.9000,17070,0
ELY.US,5,20131206,181000,7.9000,7.9000,7.8900,7.8900,1900,0
ELY.US,5,20131206,181500,7.9000,7.9000,7.8900,7.8900,1804,0
ELY.US,5,20131206,182000,7.8800,7.9000,7.8700,7.8900,2000,0
ELY.US,5,20131206,182500,7.8900,7.9000,7.8800,7.8900,1800,0
ELY.US,5,20131206,183000,7.8900,7.8900,7.8800,7.8900,5131,0
ELY.US,5,20131206,183500,7.8900,7.8900,7.8800,7.8800,1500,0
ELY.US,5,20131206,184000,7.8800,7.9000,7.8800,7.9000,2907,0
ELY.US,5,20131206,184500,7.9000,7.9000,7.8900,7.8900,1800,0
ELY.US,5,20131206,185000,7.9000,7.9000,7.8900,7.9000,1700,0
ELY.US,5,20131206,185500,7.9000,7.9000,7.8900,7.9000,1200,0
ELY.US,5,20131206,190000,7.9000,7.9000,7.8900,7.9000,1200,0
ELY.US,5,20131206,190500,7.9000,7.9000,7.8800,7.8900,10804,0
ELY.US,5,20131206,191000,7.8800,7.8900,7.8700,7.8800,9252,0
ELY.US,5,20131206,191500,7.8700,7.8700,7.8600,7.8600,900,0
ELY.US,5,20131206,192000,7.8600,7.9000,7.8500,7.8900,27672,0
ELY.US,5,20131206,192500,7.9000,7.9000,7.8900,7.8900,400,0
ELY.US,5,20131206,193000,7.9000,7.9000,7.8900,7.9000,1800,0
ELY.US,5,20131206,193500,7.8900,7.9000,7.8800,7.9000,2300,0
ELY.US,5,20131206,194000,7.8900,7.9000,7.8900,7.9000,1100,0
ELY.US,5,20131206,194500,7.9000,7.9000,7.8900,7.8900,14297,0
ELY.US,5,20131206,195000,7.9000,7.9000,7.8900,7.8900,600,0
ELY.US,5,20131206,195500,7.8900,7.9000,7.8800,7.8800,12675,0
ELY.US,5,20131206,200000,7.8800,7.8900,7.8700,7.8700,10800,0
ELY.US,5,20131206,200500,7.8800,7.8800,7.8800,7.8800,500,0
ELY.US,5,20131206,201000,7.8700,7.8800,7.8700,7.8800,4200,0
ELY.US,5,20131206,201500,7.8800,7.8900,7.8600,7.8700,12800,0
ELY.US,5,20131206,202000,7.8700,7.8900,7.8600,7.8800,7093,0
ELY.US,5,20131206,202500,7.8800,7.8800,7.8700,7.8800,700,0
ELY.US,5,20131206,203000,7.8800,7.8800,7.8700,7.8700,900,0
ELY.US,5,20131206,203500,7.8800,7.8800,7.8700,7.8700,1154,0
ELY.US,5,20131206,204000,7.8800,7.8800,7.8700,7.8700,1500,0
ELY.US,5,20131206,204500,7.8800,7.8800,7.8700,7.8700,4695,0
ELY.US,5,20131206,205000,7.8800,7.8800,7.8600,7.8800,5623,0
ELY.US,5,20131206,205500,7.8800,7.8800,7.8700,7.8700,9386,0
ELY.US,5,20131206,210000,7.8700,7.8800,7.8600,7.8700,2700,0
ELY.US,5,20131206,210500,7.8800,7.8800,7.8700,7.8700,4400,0
ELY.US,5,20131206,211000,7.8700,7.8700,7.8700,7.8700,2200,0
ELY.US,5,20131206,211500,7.8700,7.8800,7.8600,7.8700,18035,0
ELY.US,5,20131206,212000,7.8800,7.8800,7.8700,7.8800,2894,0
ELY.US,5,20131206,212500,7.8700,7.8700,7.8700,7.8700,1200,0
ELY.US,5,20131206,213000,7.8700,7.8800,7.8700,7.8700,666,0
ELY.US,5,20131206,213500,7.8800,7.8800,7.8700,7.8700,2154,0
ELY.US,5,20131206,214000,7.8700,7.8800,7.8500,7.8500,8900,0
ELY.US,5,20131206,214500,7.8600,7.8700,7.8600,7.8700,3400,0
ELY.US,5,20131206,215000,7.8600,7.8600,7.8500,7.8600,5581,0
ELY.US,5,20131206,215500,7.8600,7.8600,7.8500,7.8600,3956,0
ELY.US,5,20131206,220000,7.8500,7.8600,7.8500,7.8600,41650,0
ELY.US,5,20131206,220500,7.8500,7.8500,7.8500,7.8500,42273,0
ELY.US,5,20131209,153500,7.9300,7.9300,7.8500,7.8500,900,0
ELY.US,5,20131209,154000,7.8500,7.8500,7.8400,7.8500,2975,0
ELY.US,5,20131209,154500,7.8500,7.8500,7.8400,7.8400,1600,0
ELY.US,5,20131209,155000,7.8600,7.8600,7.8500,7.8500,800,0
ELY.US,5,20131209,155500,7.8600,7.8600,7.8500,7.8500,500,0
ELY.US,5,20131209,160000,7.8500,7.8600,7.8500,7.8600,3400,0
ELY.US,5,20131209,160500,7.8600,7.8700,7.8600,7.8700,1100,0
ELY.US,5,20131209,161000,7.8500,7.8500,7.8400,7.8500,5000,0
ELY.US,5,20131209,161500,7.8400,7.8400,7.8300,7.8300,4700,0
ELY.US,5,20131209,162000,7.8300,7.8400,7.8200,7.8200,1300,0
ELY.US,5,20131209,162500,7.8300,7.8300,7.8000,7.8100,5305,0
ELY.US,5,20131209,163000,7.8100,7.8100,7.7900,7.8000,15650,0
ELY.US,5,20131209,163500,7.7700,7.7800,7.7700,7.7800,1000,0
ELY.US,5,20131209,164000,7.7900,7.7900,7.7800,7.7800,400,0
ELY.US,5,20131209,164500,7.7800,7.7900,7.7800,7.7900,500,0
ELY.US,5,20131209,165000,7.8000,7.8100,7.8000,7.8000,5100,0
ELY.US,5,20131209,165500,7.8000,7.8000,7.8000,7.8000,3600,0
ELY.US,5,20131209,170000,7.7900,7.8000,7.7900,7.8000,20635,0
ELY.US,5,20131209,170500,7.8000,7.8000,7.8000,7.8000,800,0
ELY.US,5,20131209,171000,7.8000,7.8000,7.8000,7.8000,800,0
ELY.US,5,20131209,171500,7.8000,7.8000,7.8000,7.8000,9265,0
ELY.US,5,20131209,172000,7.7900,7.8000,7.7900,7.7900,5000,0
ELY.US,5,20131209,172500,7.7900,7.8000,7.7900,7.7900,2097,0
ELY.US,5,20131209,173000,7.8000,7.8000,7.8000,7.8000,400,0
ELY.US,5,20131209,173500,7.7900,7.8000,7.7900,7.8000,1300,0
ELY.US,5,20131209,174000,7.8000,7.8000,7.8000,7.8000,900,0
ELY.US,5,20131209,174500,7.8000,7.8000,7.7900,7.8000,510,0
ELY.US,5,20131209,175000,7.7900,7.8000,7.7900,7.8000,1200,0
ELY.US,5,20131209,175500,7.8000,7.8000,7.8000,7.8000,800,0
ELY.US,5,20131209,180000,7.8000,7.8000,7.8000,7.8000,1300,0
ELY.US,5,20131209,180500,7.8000,7.8000,7.7900,7.7900,5717,0
ELY.US,5,20131209,181000,7.7900,7.7900,7.7900,7.7900,400,0
ELY.US,5,20131209,181500,7.7900,7.7900,7.7900,7.7900,1600,0
ELY.US,5,20131209,182000,7.7900,7.7900,7.7800,7.7900,1450,0
ELY.US,5,20131209,182500,7.7900,7.7900,7.7900,7.7900,400,0
ELY.US,5,20131209,183000,7.7900,7.7900,7.7800,7.7900,1306,0
ELY.US,5,20131209,183500,7.7900,7.7900,7.7800,7.7800,2600,0
ELY.US,5,20131209,184000,7.7800,7.7800,7.7800,7.7800,2580,0
ELY.US,5,20131209,184500,7.7800,7.7800,7.7800,7.7800,600,0
ELY.US,5,20131209,185000,7.7800,7.8000,7.7800,7.8000,2840,0
ELY.US,5,20131209,185500,7.8000,7.8000,7.8000,7.8000,600,0
ELY.US,5,20131209,190000,7.8000,7.8000,7.7900,7.8000,900,0
ELY.US,5,20131209,190500,7.8000,7.8000,7.7900,7.7900,2910,0
ELY.US,5,20131209,191000,7.7800,7.7900,7.7800,7.7900,400,0
ELY.US,5,20131209,191500,7.7900,7.7900,7.7800,7.7800,400,0
ELY.US,5,20131209,192000,7.7800,7.7900,7.7800,7.7900,2400,0
ELY.US,5,20131209,192500,7.7900,7.7900,7.7800,7.7800,6800,0
ELY.US,5,20131209,193000,7.7800,7.7800,7.7800,7.7800,1013,0
ELY.US,5,20131209,193500,7.7800,7.7800,7.7500,7.7500,29788,0
ELY.US,5,20131209,194000,7.7500,7.7500,7.7300,7.7300,8864,0
ELY.US,5,20131209,194500,7.7300,7.7300,7.7100,7.7200,16878,0
ELY.US,5,20131209,195000,7.7200,7.7200,7.7200,7.7200,100,0
ELY.US,5,20131209,195500,7.7200,7.7200,7.7000,7.7000,10143,0
ELY.US,5,20131209,200000,7.7000,7.7100,7.7000,7.7000,5200,0
ELY.US,5,20131209,200500,7.7000,7.7100,7.7000,7.7000,3530,0
ELY.US,5,20131209,201000,7.7000,7.7000,7.7000,7.7000,3546,0
ELY.US,5,20131209,201500,7.7000,7.7100,7.6900,7.7000,38681,0
ELY.US,5,20131209,202000,7.7000,7.7000,7.6900,7.6900,2500,0
ELY.US,5,20131209,202500,7.6900,7.7000,7.6700,7.6700,17053,0
ELY.US,5,20131209,203000,7.6700,7.6800,7.6700,7.6800,4372,0
ELY.US,5,20131209,203500,7.6900,7.7000,7.6900,7.7000,10378,0
ELY.US,5,20131209,204000,7.7000,7.7400,7.6900,7.7000,148078,0
ELY.US,5,20131209,204500,7.7100,7.8300,7.7000,7.8300,169842,0
ELY.US,5,20131209,205000,7.8400,7.9400,7.8300,7.8700,139969,0
ELY.US,5,20131209,205500,7.8700,7.8800,7.8300,7.8500,112036,0
ELY.US,5,20131209,210000,7.8500,7.8500,7.8300,7.8400,57666,0
ELY.US,5,20131209,210500,7.8400,7.8400,7.8300,7.8400,38688,0
ELY.US,5,20131209,211000,7.8400,7.8500,7.8200,7.8300,53338,0
ELY.US,5,20131209,211500,7.8300,7.8400,7.8200,7.8300,63558,0
ELY.US,5,20131209,212000,7.8300,7.8300,7.8100,7.8200,37900,0
ELY.US,5,20131209,212500,7.8200,7.8300,7.8200,7.8300,22650,0
ELY.US,5,20131209,213000,7.8200,7.8300,7.8200,7.8200,19982,0
ELY.US,5,20131209,213500,7.8300,7.8300,7.8200,7.8300,33072,0
ELY.US,5,20131209,214000,7.8300,7.8400,7.8200,7.8300,33828,0
ELY.US,5,20131209,214500,7.8200,7.8300,7.8200,7.8300,40953,0
ELY.US,5,20131209,215000,7.8200,7.8300,7.8100,7.8200,42995,0
ELY.US,5,20131209,215500,7.8300,7.8300,7.8200,7.8300,39115,0
ELY.US,5,20131209,220000,7.8300,7.8300,7.8200,7.8200,62405,0
ELY.US,5,20131209,220500,7.8300,7.8300,7.8300,7.8300,77257,0
