<TICKER>,<PER>,<DTYYYYMMDD>,<TIME>,<OPEN>,<HIGH>,<LOW>,<CLOSE>,<VOL>,<OPENINT>
ETW.US,5,20131112,154000,11.8400,11.8500,11.8300,11.8500,721,0
ETW.US,5,20131112,154500,11.8500,11.8500,11.8500,11.8500,6500,0
ETW.US,5,20131112,155000,11.8600,11.8600,11.8500,11.8600,1525,0
ETW.US,5,20131112,155500,11.8700,11.8700,11.8700,11.8700,13300,0
ETW.US,5,20131112,160000,11.8700,11.8700,11.8600,11.8600,8817,0
ETW.US,5,20131112,160500,11.8500,11.8700,11.8500,11.8500,6381,0
ETW.US,5,20131112,161000,11.8600,11.8600,11.8600,11.8600,325,0
ETW.US,5,20131112,162000,11.8600,11.8600,11.8600,11.8600,2200,0
ETW.US,5,20131112,162500,11.8600,11.8600,11.8600,11.8600,1000,0
ETW.US,5,20131112,163500,11.8600,11.8600,11.8500,11.8600,11273,0
ETW.US,5,20131112,164000,11.8600,11.8600,11.8500,11.8500,640,0
ETW.US,5,20131112,165000,11.8600,11.8600,11.8600,11.8600,125,0
ETW.US,5,20131112,165500,11.8600,11.8600,11.8600,11.8600,660,0
ETW.US,5,20131112,170000,11.8600,11.8600,11.8500,11.8500,800,0
ETW.US,5,20131112,170500,11.8500,11.8600,11.8500,11.8500,300,0
ETW.US,5,20131112,171000,11.8500,11.8500,11.8300,11.8300,3900,0
ETW.US,5,20131112,171500,11.8300,11.8400,11.8300,11.8400,4292,0
ETW.US,5,20131112,172000,11.8400,11.8500,11.8400,11.8400,600,0
ETW.US,5,20131112,172500,11.8400,11.8400,11.8300,11.8300,2308,0
ETW.US,5,20131112,173000,11.8300,11.8300,11.8200,11.8200,1600,0
ETW.US,5,20131112,173500,11.8200,11.8400,11.8200,11.8400,6171,0
ETW.US,5,20131112,174000,11.8300,11.8300,11.8100,11.8100,2900,0
ETW.US,5,20131112,174500,11.8100,11.8100,11.8000,11.8000,7600,0
ETW.US,5,20131112,175000,11.8100,11.8100,11.7900,11.7900,3609,0
ETW.US,5,20131112,175500,11.7900,11.8000,11.7900,11.8000,4942,0
ETW.US,5,20131112,180000,11.8100,11.8100,11.7900,11.8100,4824,0
ETW.US,5,20131112,180500,11.8000,11.8000,11.7900,11.7900,1809,0
ETW.US,5,20131112,181000,11.7900,11.8100,11.7800,11.8000,5695,0
ETW.US,5,20131112,181500,11.7900,11.8100,11.7900,11.7900,3205,0
ETW.US,5,20131112,182000,11.7900,11.8100,11.7900,11.8000,2425,0
ETW.US,5,20131112,182500,11.8000,11.8000,11.7900,11.7900,1800,0
ETW.US,5,20131112,183000,11.7900,11.8100,11.7800,11.7900,3467,0
ETW.US,5,20131112,183500,11.7800,11.8000,11.7800,11.7800,7015,0
ETW.US,5,20131112,184000,11.7800,11.8000,11.7800,11.7800,11700,0
ETW.US,5,20131112,184500,11.7800,11.7900,11.7700,11.7700,3775,0
ETW.US,5,20131112,185000,11.7700,11.7800,11.7700,11.7800,3500,0
ETW.US,5,20131112,185500,11.7800,11.7800,11.7800,11.7800,2000,0
ETW.US,5,20131112,190000,11.7800,11.7800,11.7800,11.7800,155,0
ETW.US,5,20131112,191500,11.8000,11.8000,11.7800,11.7800,892,0
ETW.US,5,20131112,192500,11.8000,11.8000,11.8000,11.8000,800,0
ETW.US,5,20131112,193000,11.7900,11.8000,11.7900,11.7900,5500,0
ETW.US,5,20131112,194500,11.8000,11.8000,11.8000,11.8000,300,0
ETW.US,5,20131112,195000,11.8000,11.8100,11.7900,11.7900,4914,0
ETW.US,5,20131112,195500,11.8200,11.8200,11.8100,11.8100,1115,0
ETW.US,5,20131112,200500,11.8100,11.8300,11.8100,11.8200,2800,0
ETW.US,5,20131112,201000,11.8100,11.8200,11.8000,11.8000,2024,0
ETW.US,5,20131112,201500,11.8100,11.8200,11.8100,11.8200,7659,0
ETW.US,5,20131112,202000,11.8000,11.8200,11.8000,11.8200,1500,0
ETW.US,5,20131112,202500,11.8100,11.8200,11.8100,11.8100,2382,0
ETW.US,5,20131112,203000,11.8000,11.8000,11.8000,11.8000,126,0
ETW.US,5,20131112,203500,11.8000,11.8200,11.8000,11.8200,1175,0
ETW.US,5,20131112,204000,11.8200,11.8200,11.8000,11.8200,8562,0
ETW.US,5,20131112,204500,11.8000,11.8100,11.8000,11.8100,945,0
ETW.US,5,20131112,205000,11.8200,11.8200,11.8100,11.8200,885,0
ETW.US,5,20131112,205500,11.8300,11.8300,11.8300,11.8300,4200,0
ETW.US,5,20131112,210000,11.8300,11.8300,11.8200,11.8300,2000,0
ETW.US,5,20131112,210500,11.8200,11.8400,11.8100,11.8400,5250,0
ETW.US,5,20131112,211000,11.8400,11.8700,11.8400,11.8500,2600,0
ETW.US,5,20131112,211500,11.8500,11.8500,11.8500,11.8500,2000,0
ETW.US,5,20131112,212000,11.8500,11.8600,11.8500,11.8600,5452,0
ETW.US,5,20131112,212500,11.8600,11.8600,11.8500,11.8500,3050,0
ETW.US,5,20131112,213000,11.8500,11.8500,11.8500,11.8500,850,0
ETW.US,5,20131112,214000,11.8500,11.8500,11.8500,11.8500,450,0
ETW.US,5,20131112,215000,11.8400,11.8400,11.8300,11.8300,3475,0
ETW.US,5,20131112,215500,11.8300,11.8300,11.8300,11.8300,399,0
ETW.US,5,20131112,220000,11.8300,11.8400,11.8300,11.8300,3386,0
ETW.US,5,20131112,220500,11.8400,11.8400,11.8400,11.8400,350,0
ETW.US,5,20131113,154000,11.8200,11.8300,11.8200,11.8300,400,0
ETW.US,5,20131113,154500,11.8200,11.8500,11.8100,11.8100,11830,0
ETW.US,5,20131113,155000,11.8300,11.8400,11.8200,11.8400,12598,0
ETW.US,5,20131113,155500,11.8400,11.8400,11.8400,11.8400,600,0
ETW.US,5,20131113,160000,11.8300,11.8400,11.8300,11.8300,1900,0
ETW.US,5,20131113,160500,11.8400,11.8400,11.8300,11.8300,3378,0
ETW.US,5,20131113,161000,11.8300,11.8400,11.8200,11.8400,6972,0
ETW.US,5,20131113,161500,11.8200,11.8200,11.8200,11.8200,150,0
ETW.US,5,20131113,162000,11.8200,11.8300,11.8100,11.8100,5619,0
ETW.US,5,20131113,162500,11.8200,11.8200,11.8100,11.8100,3800,0
ETW.US,5,20131113,163500,11.8100,11.8300,11.8100,11.8300,1158,0
ETW.US,5,20131113,164000,11.8100,11.8300,11.8100,11.8200,6750,0
ETW.US,5,20131113,164500,11.8200,11.8300,11.8100,11.8300,2200,0
ETW.US,5,20131113,165000,11.8100,11.8300,11.8100,11.8300,10735,0
ETW.US,5,20131113,165500,11.8300,11.8300,11.8100,11.8100,1500,0
ETW.US,5,20131113,170000,11.8300,11.8300,11.8100,11.8100,940,0
ETW.US,5,20131113,170500,11.8100,11.8100,11.8100,11.8100,600,0
ETW.US,5,20131113,171000,11.8100,11.8100,11.8000,11.8000,700,0
ETW.US,5,20131113,171500,11.8100,11.8100,11.7900,11.7900,1100,0
ETW.US,5,20131113,172000,11.7900,11.8000,11.7900,11.7900,1260,0
ETW.US,5,20131113,172500,11.7900,11.8100,11.7900,11.8100,7802,0
ETW.US,5,20131113,173000,11.8100,11.8100,11.7900,11.8000,1700,0
ETW.US,5,20131113,174000,11.8100,11.8100,11.8000,11.8100,2517,0
ETW.US,5,20131113,174500,11.8200,11.8200,11.8000,11.8000,3145,0
ETW.US,5,20131113,175000,11.8100,11.8200,11.8000,11.8000,4251,0
ETW.US,5,20131113,175500,11.8000,11.8200,11.8000,11.8000,3371,0
ETW.US,5,20131113,180000,11.8200,11.8200,11.8000,11.8000,798,0
ETW.US,5,20131113,181000,11.7900,11.8100,11.7900,11.8000,1299,0
ETW.US,5,20131113,181500,11.7900,11.7900,11.7900,11.7900,375,0
ETW.US,5,20131113,182000,11.8100,11.8100,11.8100,11.8100,400,0
ETW.US,5,20131113,182500,11.7900,11.8400,11.7900,11.8100,9400,0
ETW.US,5,20131113,183000,11.8100,11.8300,11.8100,11.8300,600,0
ETW.US,5,20131113,183500,11.8200,11.8200,11.8200,11.8200,3815,0
ETW.US,5,20131113,184000,11.8200,11.8200,11.8100,11.8100,1475,0
ETW.US,5,20131113,184500,11.8100,11.8100,11.8100,11.8100,1666,0
ETW.US,5,20131113,185000,11.8400,11.8400,11.8200,11.8200,328,0
ETW.US,5,20131113,190000,11.8400,11.8400,11.8200,11.8200,2990,0
ETW.US,5,20131113,190500,11.8300,11.8300,11.8300,11.8300,250,0
ETW.US,5,20131113,191500,11.8200,11.8200,11.8200,11.8200,100,0
ETW.US,5,20131113,192000,11.8300,11.8400,11.8300,11.8400,6200,0
ETW.US,5,20131113,192500,11.8500,11.8500,11.8500,11.8500,6305,0
ETW.US,5,20131113,193000,11.8400,11.8400,11.8400,11.8400,1000,0
ETW.US,5,20131113,193500,11.8600,11.8600,11.8300,11.8500,1738,0
ETW.US,5,20131113,195000,11.8300,11.8300,11.8300,11.8300,503,0
ETW.US,5,20131113,195500,11.8500,11.8500,11.8500,11.8500,960,0
ETW.US,5,20131113,200000,11.8600,11.8600,11.8600,11.8600,4900,0
ETW.US,5,20131113,200500,11.8500,11.8500,11.8500,11.8500,1200,0
ETW.US,5,20131113,201000,11.8600,11.8600,11.8600,11.8600,1008,0
ETW.US,5,20131113,201500,11.8700,11.8700,11.8700,11.8700,1000,0
ETW.US,5,20131113,202000,11.8600,11.8600,11.8400,11.8500,2708,0
ETW.US,5,20131113,202500,11.8400,11.8600,11.8400,11.8500,1265,0
ETW.US,5,20131113,203000,11.8700,11.8700,11.8700,11.8700,226,0
ETW.US,5,20131113,203500,11.8500,11.8500,11.8500,11.8500,580,0
ETW.US,5,20131113,204000,11.8400,11.8400,11.8400,11.8400,513,0
ETW.US,5,20131113,204500,11.8400,11.8400,11.8400,11.8400,531,0
ETW.US,5,20131113,205000,11.8500,11.8500,11.8500,11.8500,1000,0
ETW.US,5,20131113,205500,11.8400,11.8400,11.8400,11.8400,207,0
ETW.US,5,20131113,210000,11.8500,11.8500,11.8500,11.8500,575,0
ETW.US,5,20131113,210500,11.8600,11.8600,11.8400,11.8400,2400,0
ETW.US,5,20131113,211000,11.8400,11.8600,11.8400,11.8600,7829,0
ETW.US,5,20131113,211500,11.8400,11.8600,11.8300,11.8300,2808,0
ETW.US,5,20131113,212000,11.8600,11.8600,11.8400,11.8600,3667,0
ETW.US,5,20131113,212500,11.8600,11.8600,11.8400,11.8400,4098,0
ETW.US,5,20131113,213000,11.8300,11.8900,11.8300,11.8900,12324,0
ETW.US,5,20131113,213500,11.8500,11.8600,11.8500,11.8600,2939,0
ETW.US,5,20131113,214500,11.8600,11.8600,11.8600,11.8600,1750,0
ETW.US,5,20131113,215000,11.8800,11.8800,11.8800,11.8800,1300,0
ETW.US,5,20131113,215500,11.8900,11.9000,11.8800,11.8800,3612,0
ETW.US,5,20131113,220000,11.8800,11.8900,11.8800,11.8800,1724,0
ETW.US,5,20131113,220500,11.8700,11.8700,11.8700,11.8700,806,0
ETW.US,5,20131114,153500,11.9000,11.9000,11.9000,11.9000,100,0
ETW.US,5,20131114,154000,11.9000,11.9000,11.9000,11.9000,300,0
ETW.US,5,20131114,154500,11.9000,11.9100,11.8700,11.9000,2922,0
ETW.US,5,20131114,155000,11.8900,11.9000,11.8700,11.8900,10142,0
ETW.US,5,20131114,155500,11.9000,11.9000,11.8700,11.8900,11500,0
ETW.US,5,20131114,160000,11.9000,11.9000,11.8600,11.8800,9050,0
ETW.US,5,20131114,160500,11.8900,11.9000,11.8900,11.9000,925,0
ETW.US,5,20131114,161000,11.8800,11.8900,11.8800,11.8900,800,0
ETW.US,5,20131114,161500,11.8700,11.8800,11.8600,11.8700,2310,0
ETW.US,5,20131114,162000,11.8700,11.8700,11.8700,11.8700,900,0
ETW.US,5,20131114,162500,11.8900,11.8900,11.8700,11.8700,2386,0
ETW.US,5,20131114,163000,11.8700,11.8900,11.8700,11.8700,2520,0
ETW.US,5,20131114,163500,11.8800,11.8800,11.8800,11.8800,1590,0
ETW.US,5,20131114,164000,11.8700,11.8900,11.8700,11.8900,4300,0
ETW.US,5,20131114,164500,11.8800,11.8800,11.8700,11.8800,4342,0
ETW.US,5,20131114,165000,11.8700,11.8900,11.8700,11.8900,4750,0
ETW.US,5,20131114,165500,11.9000,11.9000,11.9000,11.9000,100,0
ETW.US,5,20131114,170000,11.9000,11.9000,11.9000,11.9000,950,0
ETW.US,5,20131114,170500,11.8900,11.8900,11.8800,11.8800,890,0
ETW.US,5,20131114,171000,11.9000,11.9000,11.9000,11.9000,3000,0
ETW.US,5,20131114,171500,11.9000,11.9000,11.8900,11.8900,1000,0
ETW.US,5,20131114,172000,11.8900,11.9100,11.8900,11.9100,11669,0
ETW.US,5,20131114,172500,11.9200,11.9200,11.9200,11.9200,4000,0
ETW.US,5,20131114,173000,11.9200,11.9200,11.9200,11.9200,5333,0
ETW.US,5,20131114,173500,11.9100,11.9100,11.9100,11.9100,500,0
ETW.US,5,20131114,174000,11.9000,11.9000,11.8900,11.8900,3900,0
ETW.US,5,20131114,175000,11.8800,11.9100,11.8800,11.9100,8233,0
ETW.US,5,20131114,175500,11.8900,11.9100,11.8900,11.9100,1860,0
ETW.US,5,20131114,180000,11.9000,11.9100,11.9000,11.9100,1622,0
ETW.US,5,20131114,180500,11.9100,11.9100,11.9100,11.9100,1000,0
ETW.US,5,20131114,181000,11.9000,11.9100,11.8900,11.8900,2035,0
ETW.US,5,20131114,181500,11.9100,11.9100,11.8900,11.8900,391,0
ETW.US,5,20131114,182000,11.9000,11.9000,11.9000,11.9000,1178,0
ETW.US,5,20131114,183000,11.9000,11.9000,11.9000,11.9000,533,0
ETW.US,5,20131114,183500,11.9100,11.9100,11.9000,11.9000,1454,0
ETW.US,5,20131114,184500,11.9100,11.9100,11.9100,11.9100,1000,0
ETW.US,5,20131114,185000,11.9100,11.9100,11.9100,11.9100,3675,0
ETW.US,5,20131114,185500,11.8900,11.8900,11.8900,11.8900,250,0
ETW.US,5,20131114,190000,11.9100,11.9100,11.8900,11.9000,1014,0
ETW.US,5,20131114,190500,11.9100,11.9100,11.9100,11.9100,1670,0
ETW.US,5,20131114,191000,11.9000,11.9100,11.9000,11.9000,1575,0
ETW.US,5,20131114,191500,11.9000,11.9000,11.9000,11.9000,802,0
ETW.US,5,20131114,192000,11.9100,11.9200,11.9000,11.9200,3868,0
ETW.US,5,20131114,192500,11.9100,11.9300,11.9100,11.9300,2200,0
ETW.US,5,20131114,193000,11.9300,11.9300,11.9300,11.9300,2509,0
ETW.US,5,20131114,193500,11.9300,11.9300,11.9300,11.9300,300,0
ETW.US,5,20131114,194000,11.9300,11.9400,11.9200,11.9400,3444,0
ETW.US,5,20131114,194500,11.9200,11.9400,11.9200,11.9400,5217,0
ETW.US,5,20131114,195000,11.9400,11.9400,11.9200,11.9200,1417,0
ETW.US,5,20131114,195500,11.9400,11.9400,11.9400,11.9400,3400,0
ETW.US,5,20131114,200000,11.9400,11.9400,11.9300,11.9400,4400,0
ETW.US,5,20131114,200500,11.9400,11.9500,11.9300,11.9500,1466,0
ETW.US,5,20131114,201000,11.9500,11.9500,11.9400,11.9400,1869,0
ETW.US,5,20131114,201500,11.9500,11.9600,11.9500,11.9500,2200,0
ETW.US,5,20131114,202000,11.9600,11.9600,11.9600,11.9600,200,0
ETW.US,5,20131114,202500,11.9600,11.9600,11.9500,11.9600,1600,0
ETW.US,5,20131114,203000,11.9600,11.9600,11.9500,11.9600,13923,0
ETW.US,5,20131114,203500,11.9600,11.9600,11.9500,11.9600,4419,0
ETW.US,5,20131114,204000,11.9600,11.9600,11.9500,11.9600,2100,0
ETW.US,5,20131114,204500,11.9600,11.9600,11.9300,11.9300,1207,0
ETW.US,5,20131114,205000,11.9400,11.9400,11.9400,11.9400,645,0
ETW.US,5,20131114,205500,11.9400,11.9600,11.9400,11.9600,1641,0
ETW.US,5,20131114,210000,11.9600,11.9700,11.9500,11.9700,4793,0
ETW.US,5,20131114,210500,11.9400,11.9600,11.9200,11.9600,5704,0
ETW.US,5,20131114,211000,11.9600,11.9600,11.9400,11.9500,6986,0
ETW.US,5,20131114,211500,11.9600,11.9600,11.9600,11.9600,100,0
ETW.US,5,20131114,212000,11.9500,11.9600,11.9500,11.9600,1675,0
ETW.US,5,20131114,212500,11.9500,11.9600,11.9500,11.9500,3070,0
ETW.US,5,20131114,213000,11.9500,11.9600,11.9500,11.9500,6825,0
ETW.US,5,20131114,213500,11.9400,11.9500,11.9400,11.9400,1811,0
ETW.US,5,20131114,214000,11.9600,11.9700,11.9600,11.9600,2825,0
ETW.US,5,20131114,214500,11.9400,11.9500,11.9200,11.9400,5320,0
ETW.US,5,20131114,215000,11.9300,11.9500,11.9300,11.9300,2527,0
ETW.US,5,20131114,215500,11.9300,11.9400,11.9300,11.9400,9500,0
ETW.US,5,20131114,220000,11.9500,11.9500,11.9300,11.9300,4400,0
ETW.US,5,20131114,220500,11.9500,11.9500,11.9500,11.9500,406,0
ETW.US,5,20131115,153500,11.9600,11.9800,11.9600,11.9800,400,0
ETW.US,5,20131115,154000,11.9800,11.9800,11.9600,11.9700,4917,0
ETW.US,5,20131115,154500,11.9700,11.9700,11.9700,11.9700,600,0
ETW.US,5,20131115,155000,11.9700,11.9800,11.9700,11.9800,10059,0
ETW.US,5,20131115,155500,11.9800,11.9800,11.9700,11.9800,2500,0
ETW.US,5,20131115,160000,11.9800,11.9800,11.9700,11.9700,4861,0
ETW.US,5,20131115,160500,11.9700,11.9700,11.9600,11.9600,670,0
ETW.US,5,20131115,161500,11.9800,11.9800,11.9800,11.9800,1130,0
ETW.US,5,20131115,162000,11.9800,11.9800,11.9800,11.9800,250,0
ETW.US,5,20131115,162500,11.9600,11.9700,11.9600,11.9600,9740,0
ETW.US,5,20131115,163000,11.9700,11.9800,11.9700,11.9700,1850,0
ETW.US,5,20131115,163500,11.9800,11.9800,11.9700,11.9800,7482,0
ETW.US,5,20131115,164000,11.9700,11.9800,11.9700,11.9800,9626,0
ETW.US,5,20131115,164500,11.9700,11.9700,11.9700,11.9700,2554,0
ETW.US,5,20131115,165500,11.9700,11.9700,11.9500,11.9500,15946,0
ETW.US,5,20131115,170000,11.9500,11.9600,11.9500,11.9600,5486,0
ETW.US,5,20131115,170500,11.9700,11.9700,11.9600,11.9600,2459,0
ETW.US,5,20131115,171000,11.9600,11.9600,11.9600,11.9600,116,0
ETW.US,5,20131115,171500,11.9600,11.9800,11.9600,11.9800,1237,0
ETW.US,5,20131115,172000,11.9800,11.9800,11.9800,11.9800,550,0
ETW.US,5,20131115,172500,11.9800,11.9800,11.9800,11.9800,4140,0
ETW.US,5,20131115,173000,11.9700,11.9700,11.9700,11.9700,550,0
ETW.US,5,20131115,173500,11.9700,11.9800,11.9600,11.9700,4628,0
ETW.US,5,20131115,174000,11.9600,11.9800,11.9600,11.9700,5732,0
ETW.US,5,20131115,174500,11.9700,11.9700,11.9700,11.9700,100,0
ETW.US,5,20131115,175000,11.9700,11.9700,11.9700,11.9700,1683,0
ETW.US,5,20131115,175500,11.9700,11.9800,11.9700,11.9700,2575,0
ETW.US,5,20131115,180500,11.9800,11.9800,11.9800,11.9800,11911,0
ETW.US,5,20131115,181000,11.9900,11.9900,11.9900,11.9900,550,0
ETW.US,5,20131115,181500,11.9900,11.9900,11.9800,11.9900,3199,0
ETW.US,5,20131115,182000,11.9800,11.9800,11.9800,11.9800,1898,0
ETW.US,5,20131115,182500,11.9900,11.9900,11.9900,11.9900,1000,0
ETW.US,5,20131115,183500,11.9900,11.9900,11.9900,11.9900,1535,0
ETW.US,5,20131115,184000,11.9900,11.9900,11.9900,11.9900,100,0
ETW.US,5,20131115,184500,11.9900,11.9900,11.9900,11.9900,100,0
ETW.US,5,20131115,185500,11.9900,11.9900,11.9800,11.9800,1700,0
ETW.US,5,20131115,190000,11.9800,11.9800,11.9700,11.9700,3097,0
ETW.US,5,20131115,190500,11.9700,11.9700,11.9700,11.9700,265,0
ETW.US,5,20131115,191500,11.9900,11.9900,11.9800,11.9800,900,0
ETW.US,5,20131115,192000,11.9800,11.9800,11.9700,11.9800,4204,0
ETW.US,5,20131115,192500,11.9800,11.9900,11.9800,11.9800,1900,0
ETW.US,5,20131115,193000,11.9800,11.9800,11.9800,11.9800,2800,0
ETW.US,5,20131115,193500,11.9800,12.0000,11.9800,11.9800,15326,0
ETW.US,5,20131115,194000,11.9800,11.9800,11.9800,11.9800,300,0
ETW.US,5,20131115,194500,11.9900,11.9900,11.9800,11.9800,299,0
ETW.US,5,20131115,195000,11.9900,11.9900,11.9700,11.9700,1561,0
ETW.US,5,20131115,195500,11.9700,11.9900,11.9700,11.9700,2184,0
ETW.US,5,20131115,200000,11.9700,11.9900,11.9700,11.9700,3986,0
ETW.US,5,20131115,200500,11.9800,11.9800,11.9600,11.9600,12525,0
ETW.US,5,20131115,201000,11.9600,11.9700,11.9600,11.9600,2425,0
ETW.US,5,20131115,201500,11.9600,11.9700,11.9500,11.9500,5901,0
ETW.US,5,20131115,202000,11.9700,11.9700,11.9500,11.9500,4679,0
ETW.US,5,20131115,202500,11.9600,11.9700,11.9500,11.9500,3710,0
ETW.US,5,20131115,203000,11.9500,11.9600,11.9500,11.9500,600,0
ETW.US,5,20131115,203500,11.9700,11.9700,11.9500,11.9500,2950,0
ETW.US,5,20131115,204000,11.9500,11.9700,11.9500,11.9500,2019,0
ETW.US,5,20131115,204500,11.9500,11.9500,11.9500,11.9500,500,0
ETW.US,5,20131115,205000,11.9500,11.9700,11.9500,11.9600,2056,0
ETW.US,5,20131115,205500,11.9500,11.9500,11.9500,11.9500,4420,0
ETW.US,5,20131115,210000,11.9500,11.9600,11.9500,11.9500,3336,0
ETW.US,5,20131115,210500,11.9500,11.9500,11.9400,11.9400,1683,0
ETW.US,5,20131115,211000,11.9500,11.9600,11.9400,11.9400,1725,0
ETW.US,5,20131115,211500,11.9500,11.9500,11.9400,11.9500,3435,0
ETW.US,5,20131115,212000,11.9500,11.9500,11.9400,11.9400,3500,0
ETW.US,5,20131115,212500,11.9400,11.9400,11.9400,11.9400,1200,0
ETW.US,5,20131115,213000,11.9500,11.9500,11.9400,11.9400,1675,0
ETW.US,5,20131115,213500,11.9500,11.9500,11.9500,11.9500,1000,0
ETW.US,5,20131115,214000,11.9400,11.9400,11.9400,11.9400,500,0
ETW.US,5,20131115,214500,11.9400,11.9600,11.9400,11.9600,1342,0
ETW.US,5,20131115,215000,11.9600,11.9600,11.9500,11.9500,4100,0
ETW.US,5,20131115,215500,11.9400,11.9400,11.9400,11.9400,2000,0
ETW.US,5,20131115,220000,11.9400,11.9500,11.9200,11.9400,19332,0
ETW.US,5,20131115,220500,11.9500,11.9500,11.9500,11.9500,876,0
ETW.US,5,20131118,153500,11.9900,12.0100,11.9900,12.0100,4500,0
ETW.US,5,20131118,154000,12.0200,12.0300,12.0100,12.0300,3367,0
ETW.US,5,20131118,154500,12.0200,12.0300,12.0200,12.0200,2500,0
ETW.US,5,20131118,155000,12.0100,12.0200,12.0100,12.0200,350,0
ETW.US,5,20131118,155500,12.0200,12.0200,12.0000,12.0200,8672,0
ETW.US,5,20131118,160000,12.0200,12.0200,12.0000,12.0100,9009,0
ETW.US,5,20131118,160500,12.0000,12.0100,11.9800,11.9800,8278,0
ETW.US,5,20131118,161000,11.9800,11.9800,11.9800,11.9800,1100,0
ETW.US,5,20131118,161500,11.9900,11.9900,11.9800,11.9900,4007,0
ETW.US,5,20131118,162500,12.0100,12.0100,11.9900,11.9900,5703,0
ETW.US,5,20131118,163000,11.9900,12.0000,11.9900,11.9900,2500,0
ETW.US,5,20131118,163500,12.0000,12.0000,11.9900,11.9900,1000,0
ETW.US,5,20131118,164000,11.9800,11.9900,11.9800,11.9900,474,0
ETW.US,5,20131118,164500,11.9900,11.9900,11.9900,11.9900,1124,0
ETW.US,5,20131118,165000,11.9900,11.9900,11.9900,11.9900,500,0
ETW.US,5,20131118,165500,11.9900,12.0000,11.9900,11.9900,8923,0
ETW.US,5,20131118,170000,11.9800,11.9800,11.9800,11.9800,720,0
ETW.US,5,20131118,170500,12.0000,12.0000,11.9800,12.0000,2739,0
ETW.US,5,20131118,171000,12.0000,12.0000,12.0000,12.0000,500,0
ETW.US,5,20131118,171500,12.0000,12.0000,11.9900,12.0000,3332,0
ETW.US,5,20131118,172000,11.9900,11.9900,11.9900,11.9900,500,0
ETW.US,5,20131118,172500,11.9900,12.0000,11.9900,12.0000,330,0
ETW.US,5,20131118,173000,12.0000,12.0000,11.9900,12.0000,10320,0
ETW.US,5,20131118,173500,12.0000,12.0000,12.0000,12.0000,450,0
ETW.US,5,20131118,174000,12.0000,12.0000,11.9900,11.9900,5547,0
ETW.US,5,20131118,174500,12.0000,12.0000,12.0000,12.0000,10100,0
ETW.US,5,20131118,175000,11.9900,12.0000,11.9800,12.0000,3175,0
ETW.US,5,20131118,175500,11.9900,11.9900,11.9900,11.9900,1073,0
ETW.US,5,20131118,180000,12.0000,12.0000,12.0000,12.0000,1800,0
ETW.US,5,20131118,180500,11.9900,12.0200,11.9900,12.0100,22175,0
ETW.US,5,20131118,181000,12.0100,12.0100,12.0100,12.0100,525,0
ETW.US,5,20131118,181500,12.0000,12.0100,12.0000,12.0000,1735,0
ETW.US,5,20131118,182000,12.0200,12.0200,12.0000,12.0200,3941,0
ETW.US,5,20131118,182500,12.0200,12.0200,12.0200,12.0200,452,0
ETW.US,5,20131118,183000,12.0000,12.0000,12.0000,12.0000,1000,0
ETW.US,5,20131118,183500,12.0100,12.0200,12.0100,12.0200,1949,0
ETW.US,5,20131118,184000,12.0200,12.0200,12.0100,12.0100,1810,0
ETW.US,5,20131118,184500,12.0100,12.0100,12.0100,12.0100,1512,0
ETW.US,5,20131118,185000,12.0100,12.0100,12.0000,12.0100,5348,0
ETW.US,5,20131118,190000,12.0000,12.0000,12.0000,12.0000,1736,0
ETW.US,5,20131118,190500,12.0100,12.0100,12.0100,12.0100,3369,0
ETW.US,5,20131118,191500,12.0000,12.0200,12.0000,12.0200,4600,0
ETW.US,5,20131118,192000,12.0200,12.0200,12.0200,12.0200,250,0
ETW.US,5,20131118,193500,12.0200,12.0200,12.0000,12.0000,800,0
ETW.US,5,20131118,194000,12.0100,12.0100,12.0100,12.0100,300,0
ETW.US,5,20131118,194500,12.0200,12.0200,12.0100,12.0100,851,0
ETW.US,5,20131118,195000,12.0200,12.0200,12.0100,12.0200,1005,0
ETW.US,5,20131118,195500,12.0200,12.0200,12.0200,12.0200,200,0
ETW.US,5,20131118,200000,12.0200,12.0300,12.0200,12.0200,1110,0
ETW.US,5,20131118,200500,12.0200,12.0300,12.0100,12.0100,3474,0
ETW.US,5,20131118,201000,12.0200,12.0300,12.0200,12.0300,200,0
ETW.US,5,20131118,202000,12.0300,12.0400,12.0300,12.0300,5355,0
ETW.US,5,20131118,202500,12.0300,12.0300,12.0300,12.0300,100,0
ETW.US,5,20131118,203000,12.0400,12.0500,12.0300,12.0500,4501,0
ETW.US,5,20131118,203500,12.0400,12.0400,12.0400,12.0400,4251,0
ETW.US,5,20131118,204000,12.0400,12.0400,12.0400,12.0400,170,0
ETW.US,5,20131118,204500,12.0400,12.0400,12.0300,12.0400,2542,0
ETW.US,5,20131118,205000,12.0300,12.0300,12.0100,12.0300,13380,0
ETW.US,5,20131118,205500,12.0100,12.0200,12.0100,12.0100,7201,0
ETW.US,5,20131118,210000,12.0200,12.0200,12.0100,12.0100,700,0
ETW.US,5,20131118,210500,12.0200,12.0200,12.0100,12.0100,1500,0
ETW.US,5,20131118,211000,12.0000,12.0200,12.0000,12.0200,3550,0
ETW.US,5,20131118,211500,12.0000,12.0000,11.9900,11.9900,4600,0
ETW.US,5,20131118,212000,12.0000,12.0000,11.9900,11.9900,4316,0
ETW.US,5,20131118,212500,11.9900,12.0000,11.9800,11.9800,8172,0
ETW.US,5,20131118,213000,11.9800,11.9900,11.9800,11.9900,500,0
ETW.US,5,20131118,213500,11.9800,11.9900,11.9800,11.9800,2575,0
ETW.US,5,20131118,214000,11.9700,11.9700,11.9700,11.9700,2200,0
ETW.US,5,20131118,214500,11.9700,11.9700,11.9600,11.9700,2735,0
ETW.US,5,20131118,215000,11.9700,11.9800,11.9600,11.9600,5875,0
ETW.US,5,20131118,215500,11.9600,11.9600,11.9400,11.9600,16502,0
ETW.US,5,20131118,220000,11.9400,11.9500,11.9400,11.9400,2500,0
ETW.US,5,20131118,220500,11.9400,11.9400,11.9400,11.9400,836,0
ETW.US,5,20131119,153500,11.9700,11.9700,11.9500,11.9600,2700,0
ETW.US,5,20131119,154000,11.9800,11.9800,11.9800,11.9800,4265,0
ETW.US,5,20131119,154500,11.9600,11.9600,11.9500,11.9500,2557,0
ETW.US,5,20131119,155000,11.9500,11.9700,11.9400,11.9700,3969,0
ETW.US,5,20131119,155500,11.9700,11.9900,11.9500,11.9900,10409,0
ETW.US,5,20131119,160000,11.9900,12.0000,11.9800,11.9900,4800,0
ETW.US,5,20131119,160500,11.9900,12.0000,11.9900,12.0000,1732,0
ETW.US,5,20131119,161000,12.0000,12.0000,12.0000,12.0000,1830,0
ETW.US,5,20131119,161500,12.0000,12.0000,11.9800,11.9800,1367,0
ETW.US,5,20131119,162000,12.0000,12.0000,12.0000,12.0000,1330,0
ETW.US,5,20131119,162500,11.9900,11.9900,11.9900,11.9900,1500,0
ETW.US,5,20131119,163000,12.0000,12.0000,12.0000,12.0000,1000,0
ETW.US,5,20131119,163500,12.0000,12.0000,11.9700,11.9700,1200,0
ETW.US,5,20131119,164000,11.9800,11.9800,11.9700,11.9700,229,0
ETW.US,5,20131119,164500,11.9900,11.9900,11.9800,11.9800,700,0
ETW.US,5,20131119,165000,11.9800,11.9800,11.9700,11.9700,2400,0
ETW.US,5,20131119,165500,11.9800,12.0000,11.9800,11.9900,11760,0
ETW.US,5,20131119,170000,11.9900,11.9900,11.9800,11.9800,6134,0
ETW.US,5,20131119,170500,11.9900,11.9900,11.9800,11.9800,2144,0
ETW.US,5,20131119,171000,11.9800,11.9800,11.9800,11.9800,700,0
ETW.US,5,20131119,171500,11.9800,12.0000,11.9700,11.9900,19515,0
ETW.US,5,20131119,172000,11.9800,12.0000,11.9700,11.9900,9523,0
ETW.US,5,20131119,172500,11.9800,11.9800,11.9700,11.9800,3300,0
ETW.US,5,20131119,173000,11.9700,11.9700,11.9400,11.9600,4671,0
ETW.US,5,20131119,173500,11.9700,11.9700,11.9600,11.9600,2362,0
ETW.US,5,20131119,174000,11.9500,11.9700,11.9500,11.9700,4360,0
ETW.US,5,20131119,174500,11.9800,11.9800,11.9800,11.9800,410,0
ETW.US,5,20131119,175000,11.9700,11.9700,11.9600,11.9600,2000,0
ETW.US,5,20131119,175500,11.9700,11.9700,11.9600,11.9600,2285,0
ETW.US,5,20131119,180000,11.9700,11.9700,11.9700,11.9700,1000,0
ETW.US,5,20131119,180500,11.9700,11.9700,11.9700,11.9700,2200,0
ETW.US,5,20131119,181000,11.9800,11.9800,11.9800,11.9800,1946,0
ETW.US,5,20131119,181500,11.9900,11.9900,11.9800,11.9900,1870,0
ETW.US,5,20131119,182000,11.9900,11.9900,11.9900,11.9900,1000,0
ETW.US,5,20131119,183000,11.9800,11.9800,11.9700,11.9700,420,0
ETW.US,5,20131119,183500,11.9800,11.9800,11.9800,11.9800,523,0
ETW.US,5,20131119,184000,11.9800,11.9900,11.9700,11.9700,1570,0
ETW.US,5,20131119,184500,11.9900,11.9900,11.9900,11.9900,100,0
ETW.US,5,20131119,185500,11.9900,11.9900,11.9700,11.9700,3600,0
ETW.US,5,20131119,190500,11.9700,11.9700,11.9500,11.9500,12592,0
ETW.US,5,20131119,191000,11.9500,11.9500,11.9500,11.9500,1300,0
ETW.US,5,20131119,192000,11.9500,11.9600,11.9500,11.9500,467,0
ETW.US,5,20131119,192500,11.9500,11.9500,11.9500,11.9500,644,0
ETW.US,5,20131119,193000,11.9500,11.9500,11.9500,11.9500,1800,0
ETW.US,5,20131119,193500,11.9500,11.9600,11.9300,11.9300,16942,0
ETW.US,5,20131119,194000,11.9300,11.9300,11.9300,11.9300,6800,0
ETW.US,5,20131119,194500,11.9300,11.9300,11.9300,11.9300,1100,0
ETW.US,5,20131119,195000,11.9300,11.9300,11.9300,11.9300,100,0
ETW.US,5,20131119,195500,11.9300,11.9300,11.9300,11.9300,100,0
ETW.US,5,20131119,200000,11.9300,11.9300,11.9300,11.9300,560,0
ETW.US,5,20131119,200500,11.9300,11.9300,11.9300,11.9300,100,0
ETW.US,5,20131119,201000,11.9300,11.9300,11.9200,11.9200,700,0
ETW.US,5,20131119,201500,11.9300,11.9300,11.9100,11.9100,300,0
ETW.US,5,20131119,202000,11.9200,11.9300,11.9200,11.9300,2725,0
ETW.US,5,20131119,202500,11.9300,11.9300,11.9300,11.9300,200,0
ETW.US,5,20131119,203000,11.9300,11.9300,11.9300,11.9300,1525,0
ETW.US,5,20131119,203500,11.9300,11.9300,11.9200,11.9200,1552,0
ETW.US,5,20131119,204000,11.9200,11.9200,11.9200,11.9200,748,0
ETW.US,5,20131119,204500,11.9300,11.9400,11.9300,11.9300,2640,0
ETW.US,5,20131119,205000,11.9300,11.9300,11.9300,11.9300,1355,0
ETW.US,5,20131119,205500,11.9500,11.9600,11.9500,11.9500,3272,0
ETW.US,5,20131119,210000,11.9400,11.9500,11.9400,11.9500,3777,0
ETW.US,5,20131119,210500,11.9400,11.9500,11.9400,11.9500,1385,0
ETW.US,5,20131119,211000,11.9500,11.9500,11.9400,11.9400,3256,0
ETW.US,5,20131119,211500,11.9500,11.9500,11.9400,11.9500,1500,0
ETW.US,5,20131119,212000,11.9400,11.9600,11.9400,11.9600,5136,0
ETW.US,5,20131119,212500,11.9500,11.9500,11.9400,11.9400,2500,0
ETW.US,5,20131119,213000,11.9400,11.9400,11.9400,11.9400,100,0
ETW.US,5,20131119,213500,11.9500,11.9500,11.9400,11.9500,1806,0
ETW.US,5,20131119,214000,11.9400,11.9500,11.9400,11.9500,918,0
ETW.US,5,20131119,214500,11.9500,11.9500,11.9400,11.9400,3700,0
ETW.US,5,20131119,215000,11.9500,11.9500,11.9400,11.9500,8500,0
ETW.US,5,20131119,215500,11.9500,11.9600,11.9400,11.9600,5248,0
ETW.US,5,20131119,220000,11.9400,11.9700,11.9400,11.9700,6300,0
ETW.US,5,20131119,220500,11.9500,11.9500,11.9500,11.9500,435,0
ETW.US,5,20131120,153500,11.8500,11.8500,11.8300,11.8300,500,0
ETW.US,5,20131120,154000,11.8600,11.8600,11.8500,11.8500,4700,0
ETW.US,5,20131120,154500,11.8500,11.8500,11.8500,11.8500,1872,0
ETW.US,5,20131120,155000,11.8500,11.8600,11.8400,11.8400,11137,0
ETW.US,5,20131120,155500,11.8400,11.8400,11.8400,11.8400,300,0
ETW.US,5,20131120,160000,11.8300,11.8500,11.8300,11.8500,2700,0
ETW.US,5,20131120,160500,11.8500,11.8500,11.8500,11.8500,3500,0
ETW.US,5,20131120,161000,11.8500,11.8700,11.8500,11.8700,5220,0
ETW.US,5,20131120,161500,11.8700,11.8700,11.8600,11.8600,2550,0
ETW.US,5,20131120,162000,11.8800,11.8800,11.8800,11.8800,261,0
ETW.US,5,20131120,162500,11.8800,11.9000,11.8700,11.9000,11566,0
ETW.US,5,20131120,163500,11.8900,11.8900,11.8700,11.8900,2045,0
ETW.US,5,20131120,164000,11.8700,11.8700,11.8600,11.8600,1330,0
ETW.US,5,20131120,164500,11.8500,11.8500,11.8500,11.8500,236,0
ETW.US,5,20131120,165000,11.8700,11.8700,11.8700,11.8700,600,0
ETW.US,5,20131120,170000,11.8800,11.8800,11.8800,11.8800,100,0
ETW.US,5,20131120,170500,11.8600,11.8800,11.8600,11.8700,2074,0
ETW.US,5,20131120,171000,11.8700,11.8700,11.8700,11.8700,700,0
ETW.US,5,20131120,171500,11.8700,11.8800,11.8700,11.8800,656,0
ETW.US,5,20131120,172000,11.8700,11.8700,11.8700,11.8700,236,0
ETW.US,5,20131120,172500,11.8700,11.8700,11.8700,11.8700,1163,0
ETW.US,5,20131120,173000,11.8800,11.8800,11.8800,11.8800,486,0
ETW.US,5,20131120,173500,11.8800,11.8800,11.8800,11.8800,1020,0
ETW.US,5,20131120,174000,11.8700,11.9000,11.8700,11.8800,6487,0
ETW.US,5,20131120,174500,11.8600,11.8800,11.8600,11.8800,3994,0
ETW.US,5,20131120,175000,11.8800,11.8800,11.8800,11.8800,2000,0
ETW.US,5,20131120,175500,11.8700,11.8900,11.8600,11.8900,4518,0
ETW.US,5,20131120,180000,11.8800,11.8800,11.8800,11.8800,6923,0
ETW.US,5,20131120,180500,11.8800,11.8800,11.8800,11.8800,1709,0
ETW.US,5,20131120,181000,11.8800,11.8900,11.8600,11.8700,1300,0
ETW.US,5,20131120,181500,11.8700,11.8700,11.8700,11.8700,215,0
ETW.US,5,20131120,182000,11.8600,11.8600,11.8600,11.8600,378,0
ETW.US,5,20131120,182500,11.8600,11.8800,11.8600,11.8700,1200,0
ETW.US,5,20131120,183000,11.8900,11.8900,11.8900,11.8900,650,0
ETW.US,5,20131120,183500,11.8600,11.8800,11.8600,11.8800,650,0
ETW.US,5,20131120,184000,11.8600,11.8700,11.8600,11.8600,3760,0
ETW.US,5,20131120,184500,11.8800,11.8800,11.8800,11.8800,571,0
ETW.US,5,20131120,185000,11.8900,11.9300,11.8800,11.8800,21181,0
ETW.US,5,20131120,185500,11.9000,11.9000,11.9000,11.9000,1140,0
ETW.US,5,20131120,190000,11.8800,11.8800,11.8800,11.8800,600,0
ETW.US,5,20131120,190500,11.8800,11.8900,11.8800,11.8900,311,0
ETW.US,5,20131120,191000,11.8800,11.8900,11.8800,11.8800,900,0
ETW.US,5,20131120,191500,11.9000,11.9000,11.8900,11.8900,685,0
ETW.US,5,20131120,192000,11.8800,11.8900,11.8800,11.8800,500,0
ETW.US,5,20131120,192500,11.8800,11.9000,11.8800,11.8900,3980,0
ETW.US,5,20131120,193000,11.8900,11.9000,11.8800,11.8800,2500,0
ETW.US,5,20131120,193500,11.8900,11.8900,11.8900,11.8900,3300,0
ETW.US,5,20131120,194000,11.8900,11.8900,11.8800,11.8800,2700,0
ETW.US,5,20131120,195000,11.8900,11.8900,11.8800,11.8900,994,0
ETW.US,5,20131120,195500,11.8800,11.9100,11.8800,11.9100,3592,0
ETW.US,5,20131120,200000,11.9000,11.9000,11.9000,11.9000,728,0
ETW.US,5,20131120,200500,11.8800,11.9000,11.8700,11.8700,306,0
ETW.US,5,20131120,201000,11.8900,11.8900,11.8700,11.8700,500,0
ETW.US,5,20131120,201500,11.8800,11.8800,11.8600,11.8600,3600,0
ETW.US,5,20131120,202000,11.8700,11.8800,11.8500,11.8800,7284,0
ETW.US,5,20131120,202500,11.8700,11.8800,11.8700,11.8700,3358,0
ETW.US,5,20131120,203000,11.8900,11.8900,11.8900,11.8900,8153,0
ETW.US,5,20131120,203500,11.8900,11.8900,11.8900,11.8900,140,0
ETW.US,5,20131120,204000,11.8700,11.8700,11.8700,11.8700,200,0
ETW.US,5,20131120,204500,11.8600,11.8600,11.8500,11.8500,2600,0
ETW.US,5,20131120,205000,11.8500,11.8500,11.8500,11.8500,1500,0
ETW.US,5,20131120,210000,11.8500,11.8600,11.8500,11.8500,21800,0
ETW.US,5,20131120,210500,11.8600,11.8600,11.8400,11.8400,8600,0
ETW.US,5,20131120,211000,11.8300,11.8400,11.8300,11.8300,2937,0
ETW.US,5,20131120,211500,11.8300,11.8300,11.8300,11.8300,4800,0
ETW.US,5,20131120,212000,11.8200,11.8400,11.8200,11.8200,1005,0
ETW.US,5,20131120,213000,11.8200,11.8200,11.8200,11.8200,1069,0
ETW.US,5,20131120,213500,11.8300,11.8300,11.8200,11.8200,1698,0
ETW.US,5,20131120,214000,11.8200,11.8200,11.8200,11.8200,3675,0
ETW.US,5,20131120,215000,11.8300,11.8400,11.8200,11.8400,2363,0
ETW.US,5,20131120,215500,11.8200,11.8300,11.8200,11.8300,2600,0
ETW.US,5,20131120,220000,11.8200,11.8200,11.8100,11.8200,3111,0
ETW.US,5,20131120,220500,11.8300,11.8300,11.8300,11.8300,2770,0
ETW.US,5,20131121,153500,11.8500,11.9300,11.8500,11.9300,3803,0
ETW.US,5,20131121,154000,11.9300,11.9300,11.9000,11.9200,2400,0
ETW.US,5,20131121,154500,11.9200,11.9200,11.9100,11.9200,4700,0
ETW.US,5,20131121,155000,11.9100,11.9200,11.9000,11.9200,4507,0
ETW.US,5,20131121,155500,11.9100,11.9200,11.9100,11.9100,9072,0
ETW.US,5,20131121,160000,11.9000,11.9800,11.9000,11.9300,25125,0
ETW.US,5,20131121,160500,11.9600,11.9600,11.9400,11.9400,1505,0
ETW.US,5,20131121,161000,11.9500,11.9500,11.9400,11.9500,6200,0
ETW.US,5,20131121,161500,11.9500,11.9500,11.9400,11.9500,2100,0
ETW.US,5,20131121,162000,11.9400,11.9500,11.9300,11.9300,1400,0
ETW.US,5,20131121,162500,11.9400,11.9400,11.9200,11.9400,3990,0
ETW.US,5,20131121,163000,11.9400,11.9500,11.9300,11.9500,5644,0
ETW.US,5,20131121,163500,11.9400,11.9500,11.9300,11.9500,2439,0
ETW.US,5,20131121,164000,11.9500,11.9500,11.9500,11.9500,4110,0
ETW.US,5,20131121,164500,11.9500,11.9600,11.9500,11.9600,700,0
ETW.US,5,20131121,165000,11.9400,11.9700,11.9400,11.9700,1200,0
ETW.US,5,20131121,165500,11.9600,11.9700,11.9500,11.9500,1600,0
ETW.US,5,20131121,170000,11.9600,11.9600,11.9500,11.9600,2725,0
ETW.US,5,20131121,170500,11.9500,11.9700,11.9500,11.9600,5572,0
ETW.US,5,20131121,171000,11.9700,11.9700,11.9600,11.9600,1000,0
ETW.US,5,20131121,171500,11.9600,11.9600,11.9600,11.9600,2440,0
ETW.US,5,20131121,172000,11.9600,11.9600,11.9500,11.9600,1189,0
ETW.US,5,20131121,172500,11.9600,11.9600,11.9600,11.9600,1760,0
ETW.US,5,20131121,173000,11.9600,11.9600,11.9600,11.9600,3200,0
ETW.US,5,20131121,173500,11.9700,11.9800,11.9600,11.9600,3400,0
ETW.US,5,20131121,174000,11.9700,11.9700,11.9600,11.9600,2800,0
ETW.US,5,20131121,174500,11.9500,11.9600,11.9500,11.9600,4200,0
ETW.US,5,20131121,175000,11.9600,11.9600,11.9600,11.9600,29480,0
ETW.US,5,20131121,175500,11.9500,11.9600,11.9500,11.9600,1100,0
ETW.US,5,20131121,180000,11.9800,11.9800,11.9600,11.9800,4000,0
ETW.US,5,20131121,180500,11.9700,11.9700,11.9600,11.9600,1525,0
ETW.US,5,20131121,181000,11.9800,11.9800,11.9600,11.9600,935,0
ETW.US,5,20131121,181500,11.9600,11.9600,11.9600,11.9600,2500,0
ETW.US,5,20131121,182500,11.9600,11.9600,11.9600,11.9600,110,0
ETW.US,5,20131121,183500,11.9500,11.9700,11.9500,11.9700,2843,0
ETW.US,5,20131121,184000,11.9600,11.9600,11.9500,11.9600,3800,0
ETW.US,5,20131121,185000,11.9500,11.9500,11.9400,11.9400,550,0
ETW.US,5,20131121,185500,11.9400,11.9400,11.9400,11.9400,500,0
ETW.US,5,20131121,190000,11.9400,11.9500,11.9400,11.9500,3700,0
ETW.US,5,20131121,191000,11.9400,11.9500,11.9400,11.9500,3000,0
ETW.US,5,20131121,191500,11.9500,11.9500,11.9500,11.9500,1000,0
ETW.US,5,20131121,192000,11.9500,11.9600,11.9400,11.9400,5100,0
ETW.US,5,20131121,193000,11.9500,11.9500,11.9500,11.9500,2027,0
ETW.US,5,20131121,193500,11.9500,11.9500,11.9500,11.9500,2075,0
ETW.US,5,20131121,194000,11.9600,11.9600,11.9400,11.9500,8518,0
ETW.US,5,20131121,194500,11.9500,11.9500,11.9500,11.9500,497,0
ETW.US,5,20131121,195000,11.9600,11.9600,11.9600,11.9600,1500,0
ETW.US,5,20131121,195500,11.9500,11.9600,11.9500,11.9600,1104,0
ETW.US,5,20131121,200500,11.9600,11.9600,11.9500,11.9500,1000,0
ETW.US,5,20131121,202000,11.9500,11.9500,11.9500,11.9500,2000,0
ETW.US,5,20131121,202500,11.9600,11.9700,11.9500,11.9600,8421,0
ETW.US,5,20131121,203000,11.9600,11.9600,11.9500,11.9600,4294,0
ETW.US,5,20131121,203500,11.9600,11.9600,11.9500,11.9500,1982,0
ETW.US,5,20131121,204000,11.9500,11.9500,11.9500,11.9500,850,0
ETW.US,5,20131121,204500,11.9500,11.9600,11.9500,11.9500,3711,0
ETW.US,5,20131121,205000,11.9500,11.9500,11.9500,11.9500,700,0
ETW.US,5,20131121,205500,11.9600,11.9600,11.9600,11.9600,800,0
ETW.US,5,20131121,210000,11.9500,11.9500,11.9500,11.9500,200,0
ETW.US,5,20131121,210500,11.9600,11.9700,11.9500,11.9700,8027,0
ETW.US,5,20131121,211000,11.9600,11.9600,11.9500,11.9500,5730,0
ETW.US,5,20131121,211500,11.9500,11.9700,11.9500,11.9500,2332,0
ETW.US,5,20131121,212000,11.9700,11.9700,11.9500,11.9500,1500,0
ETW.US,5,20131121,212500,11.9500,11.9500,11.9500,11.9500,362,0
ETW.US,5,20131121,213000,11.9500,11.9500,11.9500,11.9500,1120,0
ETW.US,5,20131121,213500,11.9600,11.9600,11.9600,11.9600,700,0
ETW.US,5,20131121,214000,11.9700,11.9700,11.9700,11.9700,100,0
ETW.US,5,20131121,214500,11.9700,11.9700,11.9600,11.9700,4319,0
ETW.US,5,20131121,215000,11.9700,11.9800,11.9700,11.9800,3708,0
ETW.US,5,20131121,215500,11.9800,11.9800,11.9700,11.9700,1000,0
ETW.US,5,20131121,220000,11.9800,11.9900,11.9700,11.9700,8710,0
ETW.US,5,20131121,220500,11.9700,11.9700,11.9700,11.9700,1129,0
ETW.US,5,20131122,153500,11.9400,11.9400,11.9200,11.9200,700,0
ETW.US,5,20131122,154000,11.9200,11.9400,11.9200,11.9400,2100,0
ETW.US,5,20131122,154500,11.9400,11.9400,11.9400,11.9400,200,0
ETW.US,5,20131122,155000,11.9400,11.9400,11.9400,11.9400,600,0
ETW.US,5,20131122,155500,11.9500,11.9600,11.9400,11.9400,9803,0
ETW.US,5,20131122,160000,11.9300,11.9400,11.9300,11.9400,3785,0
ETW.US,5,20131122,160500,11.9400,11.9400,11.9300,11.9300,800,0
ETW.US,5,20131122,161000,11.9500,11.9500,11.9300,11.9500,1100,0
ETW.US,5,20131122,161500,11.9600,11.9600,11.9400,11.9600,3171,0
ETW.US,5,20131122,162000,11.9600,11.9600,11.9600,11.9600,600,0
ETW.US,5,20131122,162500,11.9600,11.9600,11.9400,11.9600,1700,0
ETW.US,5,20131122,163000,11.9600,11.9600,11.9600,11.9600,300,0
ETW.US,5,20131122,163500,11.9600,11.9600,11.9500,11.9600,1051,0
ETW.US,5,20131122,164000,11.9500,11.9600,11.9500,11.9600,2300,0
ETW.US,5,20131122,164500,11.9600,11.9600,11.9500,11.9500,4457,0
ETW.US,5,20131122,165500,11.9500,11.9500,11.9500,11.9500,103,0
ETW.US,5,20131122,170000,11.9500,11.9500,11.9400,11.9400,745,0
ETW.US,5,20131122,170500,11.9500,11.9500,11.9400,11.9500,2700,0
ETW.US,5,20131122,171000,11.9400,11.9500,11.9400,11.9400,4078,0
ETW.US,5,20131122,171500,11.9400,11.9400,11.9300,11.9300,2950,0
ETW.US,5,20131122,172500,11.9300,11.9300,11.9300,11.9300,1200,0
ETW.US,5,20131122,173500,11.9300,11.9300,11.9300,11.9300,300,0
ETW.US,5,20131122,174000,11.9400,11.9400,11.9300,11.9300,869,0
ETW.US,5,20131122,174500,11.9300,11.9400,11.9300,11.9400,1320,0
ETW.US,5,20131122,175000,11.9300,11.9300,11.9300,11.9300,1500,0
ETW.US,5,20131122,175500,11.9300,11.9300,11.9300,11.9300,1100,0
ETW.US,5,20131122,180000,11.9300,11.9300,11.9300,11.9300,562,0
ETW.US,5,20131122,180500,11.9300,11.9300,11.9300,11.9300,6650,0
ETW.US,5,20131122,181000,11.9300,11.9400,11.9300,11.9300,1330,0
ETW.US,5,20131122,182000,11.9300,11.9400,11.9300,11.9400,2025,0
ETW.US,5,20131122,182500,11.9300,11.9300,11.9300,11.9300,400,0
ETW.US,5,20131122,183000,11.9400,11.9400,11.9400,11.9400,102,0
ETW.US,5,20131122,183500,11.9300,11.9300,11.9300,11.9300,5511,0
ETW.US,5,20131122,184500,11.9300,11.9300,11.9200,11.9200,600,0
ETW.US,5,20131122,185000,11.9200,11.9300,11.9200,11.9300,950,0
ETW.US,5,20131122,185500,11.9300,11.9300,11.9300,11.9300,351,0
ETW.US,5,20131122,190500,11.9300,11.9300,11.9300,11.9300,100,0
ETW.US,5,20131122,191000,11.9300,11.9300,11.9300,11.9300,100,0
ETW.US,5,20131122,191500,11.9300,11.9300,11.9300,11.9300,262,0
ETW.US,5,20131122,192000,11.9300,11.9300,11.9300,11.9300,1000,0
ETW.US,5,20131122,192500,11.9300,11.9300,11.9200,11.9300,16337,0
ETW.US,5,20131122,193500,11.9300,11.9300,11.9300,11.9300,1500,0
ETW.US,5,20131122,194000,11.9200,11.9300,11.9200,11.9300,2300,0
ETW.US,5,20131122,194500,11.9200,11.9300,11.9100,11.9100,4355,0
ETW.US,5,20131122,195500,11.9100,11.9200,11.9100,11.9100,3717,0
ETW.US,5,20131122,200000,11.9100,11.9200,11.9100,11.9200,2225,0
ETW.US,5,20131122,200500,11.9200,11.9200,11.9200,11.9200,1785,0
ETW.US,5,20131122,201000,11.9200,11.9200,11.9200,11.9200,1900,0
ETW.US,5,20131122,201500,11.9300,11.9300,11.9300,11.9300,550,0
ETW.US,5,20131122,202000,11.9300,11.9300,11.9200,11.9300,2501,0
ETW.US,5,20131122,202500,11.9400,11.9400,11.9200,11.9200,5000,0
ETW.US,5,20131122,203000,11.9400,11.9400,11.9200,11.9200,415,0
ETW.US,5,20131122,203500,11.9200,11.9400,11.9200,11.9400,2100,0
ETW.US,5,20131122,204000,11.9400,11.9400,11.9400,11.9400,100,0
ETW.US,5,20131122,204500,11.9400,11.9400,11.9400,11.9400,100,0
ETW.US,5,20131122,205000,11.9400,11.9400,11.9400,11.9400,1100,0
ETW.US,5,20131122,205500,11.9300,11.9400,11.9300,11.9400,1900,0
ETW.US,5,20131122,210000,11.9300,11.9400,11.9200,11.9400,5100,0
ETW.US,5,20131122,210500,11.9200,11.9300,11.9200,11.9300,2155,0
ETW.US,5,20131122,211000,11.9300,11.9300,11.9200,11.9200,3100,0
ETW.US,5,20131122,211500,11.9300,11.9300,11.9300,11.9300,100,0
ETW.US,5,20131122,212000,11.9300,11.9400,11.9300,11.9300,5200,0
ETW.US,5,20131122,212500,11.9500,11.9500,11.9400,11.9400,1657,0
ETW.US,5,20131122,213000,11.9400,11.9500,11.9400,11.9500,3850,0
ETW.US,5,20131122,213500,11.9500,11.9500,11.9500,11.9500,200,0
ETW.US,5,20131122,214000,11.9500,11.9600,11.9400,11.9600,6484,0
ETW.US,5,20131122,214500,11.9600,11.9600,11.9500,11.9500,11131,0
ETW.US,5,20131122,215000,11.9600,11.9600,11.9400,11.9600,1545,0
ETW.US,5,20131122,215500,11.9600,11.9700,11.9600,11.9700,2612,0
ETW.US,5,20131122,220000,11.9700,11.9700,11.9500,11.9700,10776,0
ETW.US,5,20131122,220500,11.9700,11.9700,11.9700,11.9700,1079,0
ETW.US,5,20131125,153500,11.9500,11.9800,11.9500,11.9800,1164,0
ETW.US,5,20131125,154000,11.9900,12.0000,11.9800,11.9800,3900,0
ETW.US,5,20131125,154500,11.9900,12.0000,11.9600,11.9600,16435,0
ETW.US,5,20131125,155000,11.9700,11.9900,11.9700,11.9800,1479,0
ETW.US,5,20131125,155500,11.9800,11.9800,11.9800,11.9800,600,0
ETW.US,5,20131125,160000,11.9700,12.0000,11.9700,11.9800,6017,0
ETW.US,5,20131125,160500,11.9900,11.9900,11.9700,11.9700,5488,0
ETW.US,5,20131125,161000,11.9900,11.9900,11.9700,11.9700,3800,0
ETW.US,5,20131125,161500,11.9700,11.9800,11.9700,11.9700,1300,0
ETW.US,5,20131125,162000,11.9700,11.9700,11.9500,11.9700,3900,0
ETW.US,5,20131125,162500,11.9500,11.9500,11.9500,11.9500,5846,0
ETW.US,5,20131125,163000,11.9600,11.9600,11.9400,11.9400,7607,0
ETW.US,5,20131125,163500,11.9400,11.9500,11.9400,11.9500,2500,0
ETW.US,5,20131125,164000,11.9600,11.9600,11.9500,11.9500,6986,0
ETW.US,5,20131125,164500,11.9500,11.9700,11.9500,11.9700,1985,0
ETW.US,5,20131125,165000,11.9700,11.9700,11.9700,11.9700,482,0
ETW.US,5,20131125,165500,11.9700,11.9700,11.9500,11.9700,4391,0
ETW.US,5,20131125,170000,11.9700,11.9700,11.9600,11.9600,1100,0
ETW.US,5,20131125,170500,11.9700,11.9700,11.9500,11.9600,602,0
ETW.US,5,20131125,171000,11.9700,11.9700,11.9500,11.9500,2300,0
ETW.US,5,20131125,171500,11.9700,11.9700,11.9600,11.9700,3075,0
ETW.US,5,20131125,172000,11.9700,11.9700,11.9700,11.9700,2650,0
ETW.US,5,20131125,172500,11.9700,11.9800,11.9700,11.9700,2490,0
ETW.US,5,20131125,173000,11.9700,11.9800,11.9700,11.9700,800,0
ETW.US,5,20131125,173500,11.9700,11.9700,11.9600,11.9700,1945,0
ETW.US,5,20131125,174000,11.9700,11.9700,11.9600,11.9700,1943,0
ETW.US,5,20131125,174500,11.9700,11.9700,11.9700,11.9700,100,0
ETW.US,5,20131125,175000,11.9600,11.9700,11.9600,11.9700,2254,0
ETW.US,5,20131125,175500,11.9700,11.9800,11.9700,11.9700,406,0
ETW.US,5,20131125,180000,11.9700,11.9800,11.9500,11.9500,3700,0
ETW.US,5,20131125,180500,11.9500,11.9700,11.9500,11.9500,1565,0
ETW.US,5,20131125,181000,11.9700,11.9800,11.9700,11.9700,3221,0
ETW.US,5,20131125,181500,11.9800,11.9800,11.9700,11.9700,965,0
ETW.US,5,20131125,182000,11.9800,11.9800,11.9700,11.9700,735,0
ETW.US,5,20131125,182500,11.9800,11.9800,11.9700,11.9700,800,0
ETW.US,5,20131125,183000,11.9600,11.9600,11.9600,11.9600,4594,0
ETW.US,5,20131125,183500,11.9700,11.9700,11.9700,11.9700,350,0
ETW.US,5,20131125,184000,11.9600,11.9700,11.9500,11.9500,900,0
ETW.US,5,20131125,184500,11.9700,11.9700,11.9600,11.9600,400,0
ETW.US,5,20131125,185000,11.9600,11.9600,11.9600,11.9600,100,0
ETW.US,5,20131125,185500,11.9600,11.9600,11.9500,11.9500,1100,0
ETW.US,5,20131125,190000,11.9600,11.9700,11.9500,11.9600,1185,0
ETW.US,5,20131125,190500,11.9600,11.9600,11.9600,11.9600,200,0
ETW.US,5,20131125,191000,11.9600,11.9600,11.9600,11.9600,700,0
ETW.US,5,20131125,191500,11.9500,11.9700,11.9500,11.9600,3300,0
ETW.US,5,20131125,192000,11.9700,11.9700,11.9600,11.9700,1450,0
ETW.US,5,20131125,192500,11.9700,11.9800,11.9700,11.9700,9010,0
ETW.US,5,20131125,193000,11.9800,11.9800,11.9700,11.9800,547,0
ETW.US,5,20131125,193500,11.9700,11.9700,11.9700,11.9700,300,0
ETW.US,5,20131125,194000,11.9600,11.9800,11.9600,11.9700,1050,0
ETW.US,5,20131125,194500,11.9800,11.9800,11.9700,11.9800,2469,0
ETW.US,5,20131125,195000,11.9800,11.9800,11.9800,11.9800,8450,0
ETW.US,5,20131125,195500,11.9800,11.9800,11.9700,11.9700,2200,0
ETW.US,5,20131125,200000,11.9800,11.9800,11.9700,11.9700,200,0
ETW.US,5,20131125,200500,11.9600,11.9600,11.9600,11.9600,900,0
ETW.US,5,20131125,201000,11.9600,11.9600,11.9500,11.9500,1000,0
ETW.US,5,20131125,201500,11.9500,11.9600,11.9500,11.9600,763,0
ETW.US,5,20131125,202500,11.9600,11.9600,11.9600,11.9600,200,0
ETW.US,5,20131125,203000,11.9500,11.9600,11.9500,11.9600,1620,0
ETW.US,5,20131125,203500,11.9600,11.9600,11.9500,11.9600,6322,0
ETW.US,5,20131125,204000,11.9500,11.9600,11.9500,11.9600,2197,0
ETW.US,5,20131125,204500,11.9600,11.9600,11.9600,11.9600,400,0
ETW.US,5,20131125,205000,11.9600,11.9600,11.9600,11.9600,100,0
ETW.US,5,20131125,205500,11.9500,11.9600,11.9500,11.9600,205,0
ETW.US,5,20131125,210000,11.9600,11.9600,11.9600,11.9600,1200,0
ETW.US,5,20131125,210500,11.9600,11.9600,11.9500,11.9500,3875,0
ETW.US,5,20131125,211000,11.9600,11.9600,11.9500,11.9500,1650,0
ETW.US,5,20131125,211500,11.9400,11.9500,11.9400,11.9400,4400,0
ETW.US,5,20131125,212000,11.9500,11.9500,11.9400,11.9400,679,0
ETW.US,5,20131125,212500,11.9400,11.9400,11.9400,11.9400,889,0
ETW.US,5,20131125,213000,11.9400,11.9400,11.9400,11.9400,2211,0
ETW.US,5,20131125,213500,11.9400,11.9400,11.9300,11.9400,3185,0
ETW.US,5,20131125,214000,11.9400,11.9400,11.9400,11.9400,970,0
ETW.US,5,20131125,214500,11.9400,11.9400,11.9300,11.9400,5029,0
ETW.US,5,20131125,215000,11.9400,11.9400,11.9300,11.9400,1360,0
ETW.US,5,20131125,215500,11.9400,11.9400,11.9300,11.9300,900,0
ETW.US,5,20131125,220000,11.9400,11.9400,11.9300,11.9300,6638,0
ETW.US,5,20131125,220500,11.9300,11.9300,11.9300,11.9300,580,0
ETW.US,5,20131126,153500,11.9200,11.9500,11.9200,11.9500,3421,0
ETW.US,5,20131126,154000,11.9500,11.9500,11.9300,11.9300,2600,0
ETW.US,5,20131126,155000,11.9400,11.9400,11.9200,11.9200,5838,0
ETW.US,5,20131126,155500,11.9100,11.9300,11.9100,11.9300,700,0
ETW.US,5,20131126,160000,11.9200,11.9200,11.9100,11.9100,4500,0
ETW.US,5,20131126,160500,11.9000,11.9000,11.8900,11.8900,3696,0
ETW.US,5,20131126,161000,11.8900,11.9200,11.8900,11.8900,2100,0
ETW.US,5,20131126,161500,11.9200,11.9200,11.9000,11.9000,3100,0
ETW.US,5,20131126,162000,11.9000,11.9200,11.9000,11.9200,1090,0
ETW.US,5,20131126,162500,11.9000,11.9100,11.9000,11.9100,1220,0
ETW.US,5,20131126,163000,11.9200,11.9200,11.9200,11.9200,500,0
ETW.US,5,20131126,163500,11.9100,11.9100,11.9100,11.9100,200,0
ETW.US,5,20131126,164000,11.9100,11.9100,11.9000,11.9000,5468,0
ETW.US,5,20131126,164500,11.9000,11.9000,11.9000,11.9000,100,0
ETW.US,5,20131126,165000,11.9100,11.9100,11.9000,11.9100,2400,0
ETW.US,5,20131126,165500,11.9000,11.9000,11.9000,11.9000,100,0
ETW.US,5,20131126,170000,11.9000,11.9000,11.9000,11.9000,900,0
ETW.US,5,20131126,170500,11.9000,11.9000,11.9000,11.9000,1400,0
ETW.US,5,20131126,171000,11.9000,11.9000,11.8900,11.9000,2619,0
ETW.US,5,20131126,171500,11.9000,11.9000,11.9000,11.9000,640,0
ETW.US,5,20131126,172000,11.8900,11.8900,11.8900,11.8900,500,0
ETW.US,5,20131126,172500,11.8900,11.8900,11.8900,11.8900,750,0
ETW.US,5,20131126,173000,11.9000,11.9000,11.9000,11.9000,1365,0
ETW.US,5,20131126,174000,11.9000,11.9000,11.9000,11.9000,1418,0
ETW.US,5,20131126,174500,11.8900,11.9000,11.8900,11.9000,2000,0
ETW.US,5,20131126,175000,11.8900,11.8900,11.8900,11.8900,1100,0
ETW.US,5,20131126,180000,11.9000,11.9000,11.8900,11.8900,2365,0
ETW.US,5,20131126,180500,11.8900,11.8900,11.8900,11.8900,350,0
ETW.US,5,20131126,181500,11.9000,11.9000,11.8900,11.8900,770,0
ETW.US,5,20131126,182000,11.9000,11.9100,11.9000,11.9100,1300,0
ETW.US,5,20131126,182500,11.9000,11.9000,11.8700,11.8800,10543,0
ETW.US,5,20131126,183000,11.8800,11.8900,11.8800,11.8800,919,0
ETW.US,5,20131126,183500,11.8900,11.8900,11.8900,11.8900,2500,0
ETW.US,5,20131126,184500,11.8900,11.9000,11.8900,11.9000,4166,0
ETW.US,5,20131126,185000,11.9100,11.9100,11.9000,11.9100,2300,0
ETW.US,5,20131126,185500,11.9000,11.9000,11.9000,11.9000,2000,0
ETW.US,5,20131126,190000,11.9000,11.9000,11.9000,11.9000,100,0
ETW.US,5,20131126,191500,11.9000,11.9000,11.9000,11.9000,1964,0
ETW.US,5,20131126,192000,11.8900,11.8900,11.8900,11.8900,120,0
ETW.US,5,20131126,192500,11.9000,11.9000,11.9000,11.9000,500,0
ETW.US,5,20131126,193000,11.8900,11.8900,11.8900,11.8900,1213,0
ETW.US,5,20131126,193500,11.9000,11.9000,11.9000,11.9000,300,0
ETW.US,5,20131126,194000,11.9000,11.9100,11.9000,11.9100,1864,0
ETW.US,5,20131126,195000,11.9100,11.9100,11.9100,11.9100,481,0
ETW.US,5,20131126,195500,11.9000,11.9000,11.9000,11.9000,2000,0
ETW.US,5,20131126,200000,11.9100,11.9100,11.9100,11.9100,1799,0
ETW.US,5,20131126,200500,11.9000,11.9100,11.9000,11.9100,4478,0
ETW.US,5,20131126,201000,11.9000,11.9000,11.9000,11.9000,131,0
ETW.US,5,20131126,201500,11.9200,11.9200,11.9000,11.9100,2700,0
ETW.US,5,20131126,202000,11.9100,11.9100,11.9100,11.9100,1200,0
ETW.US,5,20131126,202500,11.9100,11.9100,11.9000,11.9000,678,0
ETW.US,5,20131126,203000,11.9100,11.9100,11.9000,11.9000,300,0
ETW.US,5,20131126,204000,11.9200,11.9200,11.9100,11.9100,19916,0
ETW.US,5,20131126,204500,11.9300,11.9400,11.9300,11.9400,6635,0
ETW.US,5,20131126,205000,11.9300,11.9300,11.9100,11.9100,800,0
ETW.US,5,20131126,205500,11.9200,11.9200,11.9100,11.9100,3550,0
ETW.US,5,20131126,210000,11.9200,11.9200,11.9200,11.9200,2200,0
ETW.US,5,20131126,210500,11.9100,11.9100,11.9100,11.9100,820,0
ETW.US,5,20131126,211000,11.9000,11.9100,11.8900,11.9100,4770,0
ETW.US,5,20131126,211500,11.9200,11.9200,11.9100,11.9200,4988,0
ETW.US,5,20131126,212000,11.9200,11.9200,11.9200,11.9200,1100,0
ETW.US,5,20131126,212500,11.9200,11.9200,11.9200,11.9200,500,0
ETW.US,5,20131126,213000,11.9100,11.9100,11.9100,11.9100,100,0
ETW.US,5,20131126,214500,11.9100,11.9100,11.9100,11.9100,600,0
ETW.US,5,20131126,215000,11.9100,11.9100,11.9100,11.9100,200,0
ETW.US,5,20131126,215500,11.9100,11.9200,11.9100,11.9200,4775,0
ETW.US,5,20131126,220000,11.9300,11.9300,11.9100,11.9100,1071,0
ETW.US,5,20131126,220500,11.9300,11.9300,11.9300,11.9300,205,0
ETW.US,5,20131127,154500,11.9300,11.9600,11.9200,11.9600,11368,0
ETW.US,5,20131127,155000,11.9600,11.9600,11.9400,11.9400,2122,0
ETW.US,5,20131127,155500,11.9500,11.9900,11.9500,11.9900,7100,0
ETW.US,5,20131127,160000,11.9800,11.9800,11.9600,11.9700,4000,0
ETW.US,5,20131127,160500,11.9700,11.9700,11.9700,11.9700,262,0
ETW.US,5,20131127,161000,11.9900,11.9900,11.9800,11.9800,1850,0
ETW.US,5,20131127,161500,11.9700,11.9700,11.9700,11.9700,1600,0
ETW.US,5,20131127,162500,11.9700,11.9700,11.9700,11.9700,1620,0
ETW.US,5,20131127,163000,11.9700,11.9700,11.9700,11.9700,500,0
ETW.US,5,20131127,164500,11.9600,11.9600,11.9600,11.9600,100,0
ETW.US,5,20131127,165000,11.9700,11.9700,11.9600,11.9700,3104,0
ETW.US,5,20131127,165500,11.9700,11.9700,11.9600,11.9700,5458,0
ETW.US,5,20131127,170000,11.9600,11.9700,11.9600,11.9600,4072,0
ETW.US,5,20131127,170500,11.9600,11.9700,11.9500,11.9500,6110,0
ETW.US,5,20131127,171000,11.9600,11.9800,11.9600,11.9700,3000,0
ETW.US,5,20131127,171500,11.9700,11.9800,11.9600,11.9600,2102,0
ETW.US,5,20131127,172000,11.9700,11.9800,11.9700,11.9800,2803,0
ETW.US,5,20131127,172500,11.9700,11.9800,11.9700,11.9800,2325,0
ETW.US,5,20131127,174000,11.9700,11.9800,11.9700,11.9700,1210,0
ETW.US,5,20131127,174500,11.9800,11.9800,11.9700,11.9700,660,0
ETW.US,5,20131127,175000,11.9800,11.9900,11.9700,11.9700,3938,0
ETW.US,5,20131127,175500,11.9700,11.9800,11.9700,11.9800,773,0
ETW.US,5,20131127,180000,11.9800,11.9800,11.9700,11.9800,3386,0
ETW.US,5,20131127,180500,11.9700,11.9700,11.9700,11.9700,400,0
ETW.US,5,20131127,181000,11.9700,11.9700,11.9700,11.9700,253,0
ETW.US,5,20131127,181500,11.9700,11.9700,11.9600,11.9600,1289,0
ETW.US,5,20131127,182500,11.9700,11.9700,11.9700,11.9700,250,0
ETW.US,5,20131127,185000,11.9600,11.9600,11.9500,11.9500,3662,0
ETW.US,5,20131127,185500,11.9500,11.9500,11.9400,11.9400,1959,0
ETW.US,5,20131127,190000,11.9400,11.9400,11.9400,11.9400,1610,0
ETW.US,5,20131127,190500,11.9400,11.9500,11.9300,11.9300,3447,0
ETW.US,5,20131127,191000,11.9300,11.9300,11.9300,11.9300,820,0
ETW.US,5,20131127,191500,11.9500,11.9500,11.9500,11.9500,100,0
ETW.US,5,20131127,192000,11.9400,11.9400,11.9400,11.9400,200,0
ETW.US,5,20131127,192500,11.9400,11.9400,11.9400,11.9400,785,0
ETW.US,5,20131127,193000,11.9400,11.9400,11.9400,11.9400,600,0
ETW.US,5,20131127,193500,11.9300,11.9300,11.9300,11.9300,277,0
ETW.US,5,20131127,194000,11.9400,11.9500,11.9300,11.9300,4500,0
ETW.US,5,20131127,194500,11.9300,11.9300,11.9300,11.9300,1000,0
ETW.US,5,20131127,195000,11.9500,11.9500,11.9500,11.9500,900,0
ETW.US,5,20131127,200000,11.9400,11.9400,11.9400,11.9400,2000,0
ETW.US,5,20131127,200500,11.9400,11.9400,11.9300,11.9300,830,0
ETW.US,5,20131127,201000,11.9300,11.9500,11.9300,11.9500,614,0
ETW.US,5,20131127,202000,11.9300,11.9400,11.9300,11.9400,2450,0
ETW.US,5,20131127,202500,11.9500,11.9500,11.9500,11.9500,1025,0
ETW.US,5,20131127,203500,11.9700,11.9800,11.9600,11.9800,825,0
ETW.US,5,20131127,204500,11.9800,11.9800,11.9800,11.9800,268,0
ETW.US,5,20131127,205000,11.9700,11.9700,11.9700,11.9700,200,0
ETW.US,5,20131127,210000,11.9800,11.9800,11.9800,11.9800,711,0
ETW.US,5,20131127,210500,11.9800,11.9800,11.9800,11.9800,417,0
ETW.US,5,20131127,212000,11.9800,11.9900,11.9700,11.9900,1050,0
ETW.US,5,20131127,212500,11.9900,11.9900,11.9900,11.9900,675,0
ETW.US,5,20131127,213000,11.9900,12.0200,11.9900,12.0200,7394,0
ETW.US,5,20131127,213500,12.0200,12.0200,12.0200,12.0200,3500,0
ETW.US,5,20131127,214000,12.0300,12.0300,12.0200,12.0300,2100,0
ETW.US,5,20131127,214500,12.0200,12.0300,12.0200,12.0300,5978,0
ETW.US,5,20131127,215000,12.0300,12.0300,12.0300,12.0300,5100,0
ETW.US,5,20131127,215500,12.0300,12.0300,12.0200,12.0300,5400,0
ETW.US,5,20131127,220000,12.0300,12.0300,12.0200,12.0300,7184,0
ETW.US,5,20131127,220500,12.0400,12.0400,12.0400,12.0400,6562,0
ETW.US,5,20131129,153500,12.0500,12.0500,12.0500,12.0500,2433,0
ETW.US,5,20131129,154000,12.0500,12.0600,12.0400,12.0500,1500,0
ETW.US,5,20131129,154500,12.0400,12.0600,12.0400,12.0500,8995,0
ETW.US,5,20131129,155000,12.0300,12.0400,12.0300,12.0400,3042,0
ETW.US,5,20131129,155500,12.0300,12.0300,12.0200,12.0200,232,0
ETW.US,5,20131129,160000,12.0300,12.0300,12.0100,12.0100,3882,0
ETW.US,5,20131129,160500,12.0100,12.0200,12.0100,12.0100,8190,0
ETW.US,5,20131129,161000,12.0100,12.0100,12.0100,12.0100,3600,0
ETW.US,5,20131129,161500,12.0100,12.0200,12.0100,12.0200,2150,0
ETW.US,5,20131129,162000,12.0200,12.0400,12.0100,12.0200,24022,0
ETW.US,5,20131129,162500,12.0200,12.0200,12.0200,12.0200,1300,0
ETW.US,5,20131129,163000,12.0100,12.0200,12.0100,12.0100,2634,0
ETW.US,5,20131129,163500,12.0200,12.0200,12.0100,12.0100,4079,0
ETW.US,5,20131129,164000,12.0100,12.0100,12.0100,12.0100,400,0
ETW.US,5,20131129,164500,12.0200,12.0200,12.0000,12.0000,2375,0
ETW.US,5,20131129,165000,12.0000,12.0000,11.9900,11.9900,2250,0
ETW.US,5,20131129,165500,12.0000,12.0000,11.9900,12.0000,4248,0
ETW.US,5,20131129,170000,11.9900,12.0000,11.9900,12.0000,1600,0
ETW.US,5,20131129,170500,11.9900,12.0000,11.9900,11.9900,4008,0
ETW.US,5,20131129,171000,11.9900,12.0000,11.9900,11.9900,2966,0
ETW.US,5,20131129,171500,11.9900,12.0000,11.9900,11.9900,2511,0
ETW.US,5,20131129,172000,11.9900,12.0000,11.9900,11.9900,2835,0
ETW.US,5,20131129,172500,12.0000,12.0100,12.0000,12.0000,3685,0
ETW.US,5,20131129,173000,12.0000,12.0100,12.0000,12.0000,958,0
ETW.US,5,20131129,173500,12.0000,12.0000,12.0000,12.0000,300,0
ETW.US,5,20131129,174000,12.0000,12.0100,12.0000,12.0000,645,0
ETW.US,5,20131129,174500,12.0100,12.0100,12.0000,12.0000,612,0
ETW.US,5,20131129,175000,12.0100,12.0200,12.0000,12.0200,1126,0
ETW.US,5,20131129,175500,12.0000,12.0100,12.0000,12.0000,6368,0
ETW.US,5,20131129,180000,12.0000,12.0100,12.0000,12.0100,1800,0
ETW.US,5,20131129,180500,12.0000,12.0100,12.0000,12.0000,538,0
ETW.US,5,20131129,181000,12.0000,12.0000,12.0000,12.0000,484,0
ETW.US,5,20131129,181500,12.0000,12.0000,12.0000,12.0000,500,0
ETW.US,5,20131129,182000,12.0000,12.0000,12.0000,12.0000,1040,0
ETW.US,5,20131129,182500,12.0000,12.0000,12.0000,12.0000,700,0
ETW.US,5,20131129,183000,12.0000,12.0100,12.0000,12.0100,2000,0
ETW.US,5,20131129,183500,12.0100,12.0100,12.0000,12.0000,690,0
ETW.US,5,20131129,184000,12.0000,12.0100,12.0000,12.0000,600,0
ETW.US,5,20131129,184500,12.0000,12.0000,12.0000,12.0000,400,0
ETW.US,5,20131129,185000,12.0000,12.0100,12.0000,12.0000,5692,0
ETW.US,5,20131129,185500,12.0000,12.0100,11.9900,11.9900,5991,0
ETW.US,5,20131129,190000,12.0000,12.0000,11.9800,11.9800,2233,0
ETW.US,5,20131129,190500,11.9800,11.9800,11.9800,11.9800,562,0
ETW.US,5,20131202,153500,12.0000,12.0000,11.9700,11.9700,1365,0
ETW.US,5,20131202,154000,11.9700,12.0000,11.9700,11.9700,1000,0
ETW.US,5,20131202,154500,12.0100,12.0100,11.9700,11.9700,1425,0
ETW.US,5,20131202,155000,11.9700,11.9800,11.9400,11.9400,1564,0
ETW.US,5,20131202,155500,11.9400,11.9500,11.9400,11.9400,2661,0
ETW.US,5,20131202,160000,11.9400,11.9700,11.9400,11.9500,4000,0
ETW.US,5,20131202,160500,11.9700,11.9700,11.9500,11.9500,5610,0
ETW.US,5,20131202,161000,11.9500,11.9600,11.9500,11.9600,3100,0
ETW.US,5,20131202,161500,11.9500,11.9500,11.9300,11.9300,1900,0
ETW.US,5,20131202,162000,11.9400,11.9400,11.9400,11.9400,2435,0
ETW.US,5,20131202,162500,11.9500,11.9500,11.9400,11.9500,2700,0
ETW.US,5,20131202,163000,11.9600,11.9700,11.9600,11.9700,3970,0
ETW.US,5,20131202,163500,11.9600,11.9600,11.9600,11.9600,623,0
ETW.US,5,20131202,164000,11.9600,11.9700,11.9500,11.9500,3500,0
ETW.US,5,20131202,164500,11.9500,11.9500,11.9500,11.9500,500,0
ETW.US,5,20131202,165000,11.9500,11.9600,11.9500,11.9500,1200,0
ETW.US,5,20131202,165500,11.9500,11.9500,11.9400,11.9500,4700,0
ETW.US,5,20131202,170000,11.9400,11.9600,11.9400,11.9600,3100,0
ETW.US,5,20131202,171500,11.9600,11.9800,11.9400,11.9700,10841,0
ETW.US,5,20131202,172000,11.9700,11.9800,11.9600,11.9600,3375,0
ETW.US,5,20131202,172500,11.9700,11.9700,11.9600,11.9600,924,0
ETW.US,5,20131202,173000,11.9600,11.9600,11.9500,11.9600,1700,0
ETW.US,5,20131202,173500,11.9500,11.9600,11.9500,11.9500,675,0
ETW.US,5,20131202,174000,11.9500,11.9700,11.9500,11.9700,3300,0
ETW.US,5,20131202,174500,11.9800,11.9900,11.9800,11.9900,4928,0
ETW.US,5,20131202,175500,11.9700,11.9800,11.9700,11.9800,2200,0
ETW.US,5,20131202,180000,11.9800,11.9800,11.9700,11.9700,2200,0
ETW.US,5,20131202,180500,11.9700,11.9700,11.9700,11.9700,400,0
ETW.US,5,20131202,181000,11.9700,11.9800,11.9700,11.9700,4075,0
ETW.US,5,20131202,181500,11.9700,12.0000,11.9700,12.0000,6740,0
ETW.US,5,20131202,182000,11.9800,11.9800,11.9700,11.9700,2750,0
ETW.US,5,20131202,182500,11.9900,12.0000,11.9700,11.9800,4275,0
ETW.US,5,20131202,183000,11.9800,12.0000,11.9800,11.9800,550,0
ETW.US,5,20131202,183500,11.9800,12.0000,11.9800,11.9800,740,0
ETW.US,5,20131202,184000,11.9800,11.9900,11.9700,11.9700,400,0
ETW.US,5,20131202,184500,11.9800,11.9900,11.9800,11.9900,1705,0
ETW.US,5,20131202,185000,12.0000,12.0000,11.9900,11.9900,2100,0
ETW.US,5,20131202,185500,11.9900,12.0000,11.9900,11.9900,5585,0
ETW.US,5,20131202,190000,11.9900,12.0000,11.9800,12.0000,3500,0
ETW.US,5,20131202,190500,11.9800,12.0100,11.9800,12.0000,10444,0
ETW.US,5,20131202,191000,12.0100,12.0100,11.9800,12.0000,11419,0
ETW.US,5,20131202,191500,11.9800,12.0000,11.9800,11.9900,800,0
ETW.US,5,20131202,192000,11.9900,11.9900,11.9800,11.9800,5500,0
ETW.US,5,20131202,192500,11.9800,11.9900,11.9800,11.9800,600,0
ETW.US,5,20131202,193000,11.9800,12.0000,11.9800,11.9800,2100,0
ETW.US,5,20131202,193500,11.9800,11.9900,11.9800,11.9900,1903,0
ETW.US,5,20131202,194000,11.9800,11.9900,11.9800,11.9800,867,0
ETW.US,5,20131202,194500,11.9900,11.9900,11.9800,11.9800,1600,0
ETW.US,5,20131202,195000,11.9800,11.9900,11.9800,11.9800,600,0
ETW.US,5,20131202,195500,11.9800,11.9900,11.9800,11.9800,600,0
ETW.US,5,20131202,200000,11.9800,11.9900,11.9700,11.9700,4857,0
ETW.US,5,20131202,200500,11.9600,11.9700,11.9600,11.9600,3110,0
ETW.US,5,20131202,201000,11.9600,11.9600,11.9500,11.9500,1450,0
ETW.US,5,20131202,201500,11.9500,11.9600,11.9500,11.9600,1800,0
ETW.US,5,20131202,202000,11.9500,11.9600,11.9500,11.9500,7450,0
ETW.US,5,20131202,202500,11.9500,11.9600,11.9500,11.9500,3693,0
ETW.US,5,20131202,203000,11.9600,11.9600,11.9500,11.9500,400,0
ETW.US,5,20131202,203500,11.9500,11.9600,11.9500,11.9500,600,0
ETW.US,5,20131202,204000,11.9500,11.9500,11.9400,11.9400,3092,0
ETW.US,5,20131202,204500,11.9400,11.9500,11.9400,11.9500,800,0
ETW.US,5,20131202,205000,11.9400,11.9500,11.9400,11.9500,2771,0
ETW.US,5,20131202,205500,11.9400,11.9400,11.9400,11.9400,1700,0
ETW.US,5,20131202,210000,11.9400,11.9500,11.9300,11.9400,3541,0
ETW.US,5,20131202,210500,11.9400,11.9500,11.9400,11.9400,986,0
ETW.US,5,20131202,211000,11.9400,11.9500,11.9300,11.9400,2150,0
ETW.US,5,20131202,211500,11.9400,11.9400,11.9300,11.9400,700,0
ETW.US,5,20131202,212000,11.9300,11.9500,11.9300,11.9500,45468,0
ETW.US,5,20131202,212500,11.9600,11.9700,11.9300,11.9400,19972,0
ETW.US,5,20131202,213000,11.9300,11.9300,11.9300,11.9300,700,0
ETW.US,5,20131202,213500,11.9200,11.9200,11.9000,11.9000,2428,0
ETW.US,5,20131202,214000,11.9000,11.9100,11.9000,11.9100,2955,0
ETW.US,5,20131202,214500,11.9100,11.9100,11.9100,11.9100,2845,0
ETW.US,5,20131202,215000,11.9000,11.9000,11.9000,11.9000,1200,0
ETW.US,5,20131202,215500,11.9000,11.9100,11.9000,11.9000,5700,0
ETW.US,5,20131202,220000,11.9000,11.9100,11.8900,11.9000,4300,0
ETW.US,5,20131202,220500,11.9100,11.9100,11.9100,11.9100,426,0
ETW.US,5,20131203,153500,11.8800,11.8800,11.8600,11.8600,1790,0
ETW.US,5,20131203,154000,11.8600,11.8700,11.8600,11.8600,3031,0
ETW.US,5,20131203,154500,11.8800,11.8800,11.8600,11.8600,1554,0
ETW.US,5,20131203,155000,11.8600,11.8600,11.8600,11.8600,1500,0
ETW.US,5,20131203,155500,11.8600,11.8700,11.8600,11.8600,2000,0
ETW.US,5,20131203,160000,11.8600,11.8600,11.8600,11.8600,2200,0
ETW.US,5,20131203,160500,11.8600,11.8700,11.8600,11.8600,2600,0
ETW.US,5,20131203,161000,11.8600,11.8700,11.8600,11.8600,1000,0
ETW.US,5,20131203,161500,11.8600,11.8700,11.8500,11.8600,3695,0
ETW.US,5,20131203,162000,11.8500,11.8600,11.8500,11.8500,2600,0
ETW.US,5,20131203,162500,11.8500,11.8500,11.8400,11.8500,5144,0
ETW.US,5,20131203,163000,11.8400,11.8500,11.8300,11.8400,1266,0
ETW.US,5,20131203,163500,11.8300,11.8300,11.8300,11.8300,500,0
ETW.US,5,20131203,164000,11.8300,11.8300,11.8300,11.8300,2210,0
ETW.US,5,20131203,164500,11.8300,11.8400,11.8300,11.8300,1500,0
ETW.US,5,20131203,165000,11.8300,11.8300,11.8300,11.8300,500,0
ETW.US,5,20131203,165500,11.8300,11.8300,11.8200,11.8200,6857,0
ETW.US,5,20131203,170000,11.8200,11.8200,11.8100,11.8100,8475,0
ETW.US,5,20131203,170500,11.8100,11.8100,11.8000,11.8100,18385,0
ETW.US,5,20131203,171000,11.8100,11.8100,11.8100,11.8100,279,0
ETW.US,5,20131203,171500,11.8100,11.8100,11.8000,11.8000,800,0
ETW.US,5,20131203,172000,11.8000,11.8100,11.7900,11.8000,6530,0
ETW.US,5,20131203,172500,11.7900,11.8000,11.7900,11.8000,1549,0
ETW.US,5,20131203,173000,11.7900,11.8000,11.7900,11.7900,2240,0
ETW.US,5,20131203,173500,11.7900,11.7900,11.7800,11.7800,3015,0
ETW.US,5,20131203,174000,11.7800,11.7900,11.7800,11.7800,3748,0
ETW.US,5,20131203,174500,11.7800,11.7900,11.7800,11.7800,12516,0
ETW.US,5,20131203,175000,11.7800,11.7800,11.7700,11.7800,8436,0
ETW.US,5,20131203,175500,11.7700,11.7700,11.7600,11.7600,5200,0
ETW.US,5,20131203,180000,11.7700,11.7700,11.7700,11.7700,6870,0
ETW.US,5,20131203,180500,11.7600,11.7700,11.7600,11.7600,3000,0
ETW.US,5,20131203,181000,11.7700,11.7700,11.7700,11.7700,2400,0
ETW.US,5,20131203,181500,11.7700,11.7800,11.7500,11.7600,33900,0
ETW.US,5,20131203,182000,11.7700,11.7700,11.7600,11.7600,5031,0
ETW.US,5,20131203,182500,11.7600,11.7600,11.7600,11.7600,1170,0
ETW.US,5,20131203,183000,11.7700,11.7700,11.7700,11.7700,3250,0
ETW.US,5,20131203,183500,11.7600,11.7600,11.7500,11.7500,2575,0
ETW.US,5,20131203,184000,11.7600,11.7600,11.7500,11.7600,1000,0
ETW.US,5,20131203,184500,11.7500,11.7700,11.7500,11.7700,3150,0
ETW.US,5,20131203,185000,11.7700,11.7800,11.7700,11.7800,1800,0
ETW.US,5,20131203,185500,11.7800,11.7800,11.7700,11.7800,930,0
ETW.US,5,20131203,190000,11.7800,11.7800,11.7500,11.7600,12209,0
ETW.US,5,20131203,190500,11.7600,11.7700,11.7500,11.7600,1850,0
ETW.US,5,20131203,191000,11.7600,11.7600,11.7500,11.7500,1444,0
ETW.US,5,20131203,191500,11.7600,11.7600,11.7500,11.7500,500,0
ETW.US,5,20131203,192000,11.7500,11.7500,11.7400,11.7500,9576,0
ETW.US,5,20131203,192500,11.7500,11.7500,11.7500,11.7500,3600,0
ETW.US,5,20131203,193000,11.7500,11.7500,11.7400,11.7400,9008,0
ETW.US,5,20131203,194000,11.7400,11.7500,11.7400,11.7400,400,0
ETW.US,5,20131203,194500,11.7400,11.7500,11.7400,11.7500,10856,0
ETW.US,5,20131203,195000,11.7400,11.7500,11.7400,11.7400,5150,0
ETW.US,5,20131203,195500,11.7400,11.7600,11.7400,11.7600,4741,0
ETW.US,5,20131203,200000,11.7500,11.7600,11.7500,11.7600,6688,0
ETW.US,5,20131203,200500,11.7500,11.7600,11.7500,11.7500,1918,0
ETW.US,5,20131203,201000,11.7500,11.7600,11.7500,11.7500,9100,0
ETW.US,5,20131203,201500,11.7600,11.7600,11.7500,11.7500,2651,0
ETW.US,5,20131203,202000,11.7500,11.7600,11.7500,11.7500,4516,0
ETW.US,5,20131203,202500,11.7500,11.7500,11.7500,11.7500,2563,0
ETW.US,5,20131203,203000,11.7500,11.7600,11.7500,11.7600,3979,0
ETW.US,5,20131203,203500,11.7500,11.7600,11.7500,11.7600,2621,0
ETW.US,5,20131203,204000,11.7600,11.7700,11.7600,11.7700,1000,0
ETW.US,5,20131203,204500,11.7700,11.8000,11.7700,11.7700,18800,0
ETW.US,5,20131203,205000,11.7800,11.7800,11.7700,11.7700,3413,0
ETW.US,5,20131203,205500,11.7700,11.7800,11.7700,11.7700,8900,0
ETW.US,5,20131203,210000,11.7700,11.7800,11.7700,11.7800,3232,0
ETW.US,5,20131203,210500,11.7800,11.7800,11.7800,11.7800,222,0
ETW.US,5,20131203,211000,11.7800,11.7900,11.7800,11.7900,2600,0
ETW.US,5,20131203,211500,11.7800,11.7900,11.7800,11.7900,4200,0
ETW.US,5,20131203,212000,11.7800,11.7900,11.7800,11.7800,5030,0
ETW.US,5,20131203,212500,11.7800,11.7900,11.7800,11.7800,500,0
ETW.US,5,20131203,213000,11.7800,11.7800,11.7700,11.7700,3426,0
ETW.US,5,20131203,213500,11.7700,11.7800,11.7700,11.7700,2692,0
ETW.US,5,20131203,214000,11.7700,11.7800,11.7700,11.7700,765,0
ETW.US,5,20131203,214500,11.7700,11.7700,11.7700,11.7700,1100,0
ETW.US,5,20131203,215000,11.7700,11.7800,11.7700,11.7800,1930,0
ETW.US,5,20131203,215500,11.7700,11.7800,11.7600,11.7700,13427,0
ETW.US,5,20131203,220000,11.7600,11.7700,11.7600,11.7600,8297,0
ETW.US,5,20131204,154000,11.7500,11.7600,11.7500,11.7600,9865,0
ETW.US,5,20131204,154500,11.7700,11.8000,11.7700,11.8000,1200,0
ETW.US,5,20131204,155000,11.8000,11.8200,11.8000,11.8200,800,0
ETW.US,5,20131204,155500,11.8100,11.8100,11.7800,11.8100,1474,0
ETW.US,5,20131204,160000,11.8000,11.8000,11.7700,11.8000,5600,0
ETW.US,5,20131204,160500,11.7900,11.8100,11.7600,11.8100,8158,0
ETW.US,5,20131204,161000,11.8000,11.8100,11.7900,11.8000,4884,0
ETW.US,5,20131204,161500,11.8200,11.8300,11.8200,11.8300,2100,0
ETW.US,5,20131204,162000,11.8300,11.8300,11.8300,11.8300,1900,0
ETW.US,5,20131204,162500,11.8400,11.8400,11.8100,11.8100,1100,0
ETW.US,5,20131204,163000,11.8000,11.8000,11.8000,11.8000,100,0
ETW.US,5,20131204,163500,11.8300,11.8300,11.8100,11.8200,2000,0
ETW.US,5,20131204,164000,11.8200,11.8200,11.8000,11.8000,1200,0
ETW.US,5,20131204,164500,11.8200,11.8200,11.8000,11.8000,600,0
ETW.US,5,20131204,165000,11.8200,11.8200,11.8200,11.8200,3494,0
ETW.US,5,20131204,165500,11.8300,11.8400,11.8300,11.8400,4500,0
ETW.US,5,20131204,170000,11.8300,11.8400,11.8300,11.8400,2824,0
ETW.US,5,20131204,170500,11.8400,11.8400,11.8400,11.8400,100,0
ETW.US,5,20131204,171000,11.8200,11.8400,11.8200,11.8300,7756,0
ETW.US,5,20131204,171500,11.8100,11.8100,11.8100,11.8100,290,0
ETW.US,5,20131204,172000,11.8100,11.8300,11.8000,11.8000,5500,0
ETW.US,5,20131204,172500,11.8000,11.8000,11.8000,11.8000,700,0
ETW.US,5,20131204,173000,11.8000,11.8200,11.7900,11.7900,3150,0
ETW.US,5,20131204,173500,11.7900,11.8100,11.7800,11.8000,9322,0
ETW.US,5,20131204,174000,11.7900,11.7900,11.7800,11.7800,900,0
ETW.US,5,20131204,174500,11.7800,11.7900,11.7800,11.7800,13833,0
ETW.US,5,20131204,175000,11.7800,11.8000,11.7800,11.8000,9269,0
ETW.US,5,20131204,175500,11.8000,11.8200,11.7800,11.7900,26834,0
ETW.US,5,20131204,180000,11.7900,11.7900,11.7900,11.7900,1170,0
ETW.US,5,20131204,180500,11.8000,11.8000,11.7800,11.7800,1815,0
ETW.US,5,20131204,181500,11.7600,11.7800,11.7600,11.7600,1425,0
ETW.US,5,20131204,182000,11.7600,11.7800,11.7600,11.7600,2400,0
ETW.US,5,20131204,182500,11.7800,11.7800,11.7600,11.7600,53538,0
ETW.US,5,20131204,183000,11.7600,11.7700,11.7600,11.7600,1141,0
ETW.US,5,20131204,183500,11.7600,11.7700,11.7500,11.7700,42700,0
ETW.US,5,20131204,184000,11.7500,11.7600,11.7500,11.7500,5342,0
ETW.US,5,20131204,184500,11.7500,11.7500,11.7500,11.7500,400,0
ETW.US,5,20131204,185000,11.7500,11.7500,11.7500,11.7500,300,0
ETW.US,5,20131204,185500,11.7500,11.7700,11.7400,11.7700,77751,0
ETW.US,5,20131204,190000,11.7400,11.7700,11.7400,11.7700,1100,0
ETW.US,5,20131204,190500,11.7400,11.7700,11.7400,11.7500,3725,0
ETW.US,5,20131204,191000,11.7500,11.7600,11.7500,11.7600,11406,0
ETW.US,5,20131204,191500,11.7500,11.7700,11.7500,11.7600,4501,0
ETW.US,5,20131204,192000,11.7600,11.7700,11.7400,11.7600,6690,0
ETW.US,5,20131204,192500,11.7500,11.7500,11.7500,11.7500,100,0
ETW.US,5,20131204,193500,11.7400,11.7400,11.7200,11.7200,4464,0
ETW.US,5,20131204,194000,11.7200,11.7300,11.7200,11.7300,336,0
ETW.US,5,20131204,194500,11.7400,11.7500,11.7300,11.7300,4331,0
ETW.US,5,20131204,195000,11.7300,11.7300,11.7300,11.7300,425,0
ETW.US,5,20131204,195500,11.7500,11.7500,11.7300,11.7300,3850,0
ETW.US,5,20131204,200000,11.7500,11.7500,11.7300,11.7300,2405,0
ETW.US,5,20131204,200500,11.7300,11.7400,11.7300,11.7300,2872,0
ETW.US,5,20131204,201000,11.7300,11.7600,11.7300,11.7400,2379,0
ETW.US,5,20131204,201500,11.7400,11.7500,11.7400,11.7500,3092,0
ETW.US,5,20131204,202000,11.7500,11.7500,11.7400,11.7400,2499,0
ETW.US,5,20131204,202500,11.7400,11.7400,11.7400,11.7400,200,0
ETW.US,5,20131204,203000,11.7300,11.7400,11.7300,11.7300,1352,0
ETW.US,5,20131204,203500,11.7400,11.7400,11.7300,11.7300,4405,0
ETW.US,5,20131204,204000,11.7400,11.7400,11.7300,11.7300,2731,0
ETW.US,5,20131204,204500,11.7300,11.7400,11.7300,11.7400,6053,0
ETW.US,5,20131204,205000,11.7400,11.7400,11.7300,11.7400,3575,0
ETW.US,5,20131204,205500,11.7300,11.7400,11.7300,11.7300,1750,0
ETW.US,5,20131204,210000,11.7400,11.7400,11.7300,11.7300,6755,0
ETW.US,5,20131204,210500,11.7300,11.7400,11.7300,11.7300,8287,0
ETW.US,5,20131204,211000,11.7300,11.7500,11.7200,11.7500,8340,0
ETW.US,5,20131204,211500,11.7300,11.7600,11.7300,11.7400,9295,0
ETW.US,5,20131204,212000,11.7300,11.7700,11.7300,11.7700,6080,0
ETW.US,5,20131204,213000,11.7600,11.7600,11.7500,11.7500,1536,0
ETW.US,5,20131204,214000,11.7600,11.7600,11.7400,11.7400,1103,0
ETW.US,5,20131204,214500,11.7400,11.7600,11.7400,11.7500,3536,0
ETW.US,5,20131204,215000,11.7500,11.7500,11.7400,11.7400,4894,0
ETW.US,5,20131204,215500,11.7500,11.7500,11.7400,11.7400,4469,0
ETW.US,5,20131204,220000,11.7400,11.7400,11.7300,11.7400,7318,0
ETW.US,5,20131204,220500,11.7600,11.7600,11.7600,11.7600,300,0
ETW.US,5,20131205,153500,11.7500,11.7500,11.7100,11.7400,3900,0
ETW.US,5,20131205,154000,11.7400,11.7400,11.7400,11.7400,100,0
ETW.US,5,20131205,154500,11.7500,11.7500,11.7500,11.7500,1900,0
ETW.US,5,20131205,155000,11.7500,11.7600,11.7100,11.7600,5629,0
ETW.US,5,20131205,155500,11.7600,11.7600,11.7600,11.7600,1135,0
ETW.US,5,20131205,160000,11.7600,11.7600,11.7600,11.7600,651,0
ETW.US,5,20131205,160500,11.7700,11.7700,11.7500,11.7700,3000,0
ETW.US,5,20131205,161000,11.7700,11.7700,11.7500,11.7500,1600,0
ETW.US,5,20131205,161500,11.7600,11.7700,11.7500,11.7700,2050,0
ETW.US,5,20131205,162000,11.7700,11.7700,11.7600,11.7700,5416,0
ETW.US,5,20131205,162500,11.7700,11.7700,11.7600,11.7600,3460,0
ETW.US,5,20131205,163000,11.7600,11.7600,11.7300,11.7500,2527,0
ETW.US,5,20131205,163500,11.7400,11.7400,11.7300,11.7300,300,0
ETW.US,5,20131205,164000,11.7500,11.7500,11.7300,11.7300,1600,0
ETW.US,5,20131205,164500,11.7200,11.7400,11.7200,11.7200,2366,0
ETW.US,5,20131205,165000,11.7200,11.7200,11.7100,11.7200,2288,0
ETW.US,5,20131205,165500,11.7200,11.7200,11.7200,11.7200,400,0
ETW.US,5,20131205,170000,11.7300,11.7300,11.7200,11.7200,553,0
ETW.US,5,20131205,170500,11.7200,11.7400,11.7200,11.7400,2330,0
ETW.US,5,20131205,171000,11.7400,11.7400,11.7400,11.7400,100,0
ETW.US,5,20131205,171500,11.7400,11.7400,11.7200,11.7400,1063,0
ETW.US,5,20131205,172000,11.7200,11.7400,11.7200,11.7400,676,0
ETW.US,5,20131205,172500,11.7400,11.7400,11.7200,11.7300,2200,0
ETW.US,5,20131205,173000,11.7400,11.7500,11.7200,11.7300,3005,0
ETW.US,5,20131205,173500,11.7500,11.7500,11.7300,11.7400,7950,0
ETW.US,5,20131205,174000,11.7400,11.7500,11.7300,11.7500,913,0
ETW.US,5,20131205,174500,11.7500,11.7500,11.7300,11.7500,2900,0
ETW.US,5,20131205,175000,11.7500,11.7600,11.7500,11.7600,2302,0
ETW.US,5,20131205,175500,11.7500,11.7600,11.7500,11.7600,2650,0
ETW.US,5,20131205,180000,11.7600,11.7600,11.7600,11.7600,782,0
ETW.US,5,20131205,180500,11.7500,11.7600,11.7500,11.7600,4300,0
ETW.US,5,20131205,181000,11.7700,11.7700,11.7600,11.7600,700,0
ETW.US,5,20131205,181500,11.7700,11.7700,11.7500,11.7500,6211,0
ETW.US,5,20131205,182000,11.7400,11.7500,11.7400,11.7500,500,0
ETW.US,5,20131205,182500,11.7700,11.7700,11.7700,11.7700,100,0
ETW.US,5,20131205,183000,11.7700,11.7700,11.7600,11.7600,1400,0
ETW.US,5,20131205,183500,11.7700,11.7700,11.7300,11.7500,11562,0
ETW.US,5,20131205,184000,11.7300,11.7600,11.7300,11.7400,1445,0
ETW.US,5,20131205,184500,11.7600,11.7600,11.7500,11.7500,300,0
ETW.US,5,20131205,185000,11.7500,11.7500,11.7500,11.7500,200,0
ETW.US,5,20131205,185500,11.7500,11.7500,11.7500,11.7500,1465,0
ETW.US,5,20131205,190000,11.7400,11.7500,11.7400,11.7500,1100,0
ETW.US,5,20131205,190500,11.7400,11.7500,11.7400,11.7500,4803,0
ETW.US,5,20131205,191000,11.7500,11.7700,11.7500,11.7700,3000,0
ETW.US,5,20131205,191500,11.7600,11.7700,11.7600,11.7600,4015,0
ETW.US,5,20131205,192000,11.7700,11.7700,11.7600,11.7700,2635,0
ETW.US,5,20131205,192500,11.7700,11.7700,11.7600,11.7600,1150,0
ETW.US,5,20131205,193000,11.7600,11.7600,11.7600,11.7600,300,0
ETW.US,5,20131205,193500,11.7500,11.7600,11.7500,11.7600,200,0
ETW.US,5,20131205,194000,11.7600,11.7700,11.7600,11.7600,3427,0
ETW.US,5,20131205,194500,11.7700,11.7700,11.7700,11.7700,900,0
ETW.US,5,20131205,195000,11.7700,11.7700,11.7600,11.7600,1404,0
ETW.US,5,20131205,195500,11.7700,11.7700,11.7300,11.7700,17044,0
ETW.US,5,20131205,200000,11.7600,11.7700,11.7600,11.7700,1600,0
ETW.US,5,20131205,200500,11.7700,11.7700,11.7700,11.7700,785,0
ETW.US,5,20131205,201000,11.7700,11.7700,11.7700,11.7700,200,0
ETW.US,5,20131205,201500,11.7600,11.7600,11.7500,11.7500,1100,0
ETW.US,5,20131205,202500,11.7600,11.7600,11.7500,11.7600,4052,0
ETW.US,5,20131205,203000,11.7700,11.7700,11.7600,11.7600,200,0
ETW.US,5,20131205,203500,11.7600,11.7600,11.7600,11.7600,100,0
ETW.US,5,20131205,204000,11.7600,11.7700,11.7400,11.7700,5383,0
ETW.US,5,20131205,204500,11.7700,11.7700,11.7600,11.7700,5597,0
ETW.US,5,20131205,205000,11.7700,11.7700,11.7700,11.7700,300,0
ETW.US,5,20131205,205500,11.7600,11.7600,11.7600,11.7600,300,0
ETW.US,5,20131205,210000,11.7600,11.7700,11.7600,11.7700,861,0
ETW.US,5,20131205,210500,11.7700,11.7700,11.7600,11.7600,2300,0
ETW.US,5,20131205,211500,11.7700,11.7700,11.7600,11.7700,2220,0
ETW.US,5,20131205,212000,11.7700,11.7700,11.7600,11.7600,200,0
ETW.US,5,20131205,212500,11.7600,11.7700,11.7500,11.7600,4347,0
ETW.US,5,20131205,213000,11.7500,11.7500,11.7300,11.7300,2643,0
ETW.US,5,20131205,213500,11.7300,11.7500,11.7300,11.7300,1475,0
ETW.US,5,20131205,214000,11.7500,11.7700,11.7500,11.7700,7000,0
ETW.US,5,20131205,214500,11.7700,11.7700,11.7500,11.7500,3359,0
ETW.US,5,20131205,215000,11.7600,11.7600,11.7500,11.7600,4735,0
ETW.US,5,20131205,215500,11.7600,11.7700,11.7500,11.7500,4850,0
ETW.US,5,20131205,220000,11.7700,11.7700,11.7500,11.7700,4600,0
ETW.US,5,20131206,153500,11.8400,11.8400,11.7900,11.8300,5300,0
ETW.US,5,20131206,154000,11.8000,11.8300,11.8000,11.8100,2200,0
ETW.US,5,20131206,154500,11.8100,11.8100,11.7800,11.8000,1700,0
ETW.US,5,20131206,155500,11.7900,11.8000,11.7900,11.8000,300,0
ETW.US,5,20131206,160000,11.8000,11.8200,11.8000,11.8000,5515,0
ETW.US,5,20131206,160500,11.8000,11.8000,11.7800,11.7800,1250,0
ETW.US,5,20131206,161000,11.8000,11.8000,11.7900,11.8000,1100,0
ETW.US,5,20131206,162000,11.8000,11.8000,11.7800,11.7800,1100,0
ETW.US,5,20131206,162500,11.8000,11.8000,11.7800,11.7900,6694,0
ETW.US,5,20131206,163000,11.7900,11.8000,11.7800,11.7800,5914,0
ETW.US,5,20131206,163500,11.7900,11.7900,11.7700,11.7800,6893,0
ETW.US,5,20131206,164000,11.7800,11.7800,11.7700,11.7800,4619,0
ETW.US,5,20131206,164500,11.7700,11.7800,11.7700,11.7800,1222,0
ETW.US,5,20131206,165000,11.7800,11.7900,11.7800,11.7900,1700,0
ETW.US,5,20131206,165500,11.7900,11.7900,11.7800,11.7800,420,0
ETW.US,5,20131206,170000,11.7900,11.8100,11.7800,11.8100,4997,0
ETW.US,5,20131206,170500,11.8100,11.8100,11.8100,11.8100,200,0
ETW.US,5,20131206,171000,11.8100,11.8200,11.7900,11.8000,6540,0
ETW.US,5,20131206,171500,11.8200,11.8200,11.8100,11.8200,1200,0
ETW.US,5,20131206,172000,11.8200,11.8200,11.8100,11.8200,3978,0
ETW.US,5,20131206,172500,11.8200,11.8200,11.8200,11.8200,200,0
ETW.US,5,20131206,173000,11.8200,11.8200,11.8200,11.8200,500,0
ETW.US,5,20131206,173500,11.8200,11.8300,11.8200,11.8300,3070,0
ETW.US,5,20131206,174000,11.8300,11.8400,11.8300,11.8400,6100,0
ETW.US,5,20131206,174500,11.8400,11.8400,11.8300,11.8300,1375,0
ETW.US,5,20131206,175000,11.8400,11.8400,11.8300,11.8300,2990,0
ETW.US,5,20131206,175500,11.8400,11.8400,11.8400,11.8400,4840,0
ETW.US,5,20131206,180000,11.8400,11.8400,11.8400,11.8400,1780,0
ETW.US,5,20131206,180500,11.8300,11.8400,11.8300,11.8400,4652,0
ETW.US,5,20131206,181000,11.8400,11.8400,11.8300,11.8300,300,0
ETW.US,5,20131206,181500,11.8300,11.8400,11.8300,11.8400,1300,0
ETW.US,5,20131206,182000,11.8300,11.8400,11.8300,11.8300,4400,0
ETW.US,5,20131206,182500,11.8400,11.8400,11.8300,11.8300,2100,0
ETW.US,5,20131206,183000,11.8400,11.8400,11.8300,11.8300,1887,0
ETW.US,5,20131206,183500,11.8400,11.8400,11.8300,11.8300,4500,0
ETW.US,5,20131206,184000,11.8300,11.8300,11.8200,11.8300,5620,0
ETW.US,5,20131206,184500,11.8300,11.8300,11.8300,11.8300,3200,0
ETW.US,5,20131206,185000,11.8200,11.8300,11.8200,11.8200,876,0
ETW.US,5,20131206,185500,11.8200,11.8200,11.8100,11.8100,3900,0
ETW.US,5,20131206,190000,11.8100,11.8200,11.8100,11.8200,8059,0
ETW.US,5,20131206,190500,11.8100,11.8200,11.8100,11.8200,3932,0
ETW.US,5,20131206,191000,11.8100,11.8200,11.8100,11.8200,12009,0
ETW.US,5,20131206,191500,11.8100,11.8200,11.8100,11.8100,5009,0
ETW.US,5,20131206,192000,11.8100,11.8200,11.8100,11.8100,1800,0
ETW.US,5,20131206,192500,11.8100,11.8200,11.8100,11.8100,3390,0
ETW.US,5,20131206,193000,11.8100,11.8100,11.8100,11.8100,1575,0
ETW.US,5,20131206,193500,11.8200,11.8200,11.8200,11.8200,200,0
ETW.US,5,20131206,194000,11.8200,11.8200,11.8200,11.8200,985,0
ETW.US,5,20131206,194500,11.8200,11.8200,11.8100,11.8200,1207,0
ETW.US,5,20131206,195000,11.8100,11.8200,11.8100,11.8200,600,0
ETW.US,5,20131206,195500,11.8200,11.8200,11.8100,11.8200,1900,0
ETW.US,5,20131206,200000,11.8200,11.8300,11.8200,11.8300,11935,0
ETW.US,5,20131206,200500,11.8300,11.8300,11.8300,11.8300,5100,0
ETW.US,5,20131206,201000,11.8300,11.8400,11.8300,11.8400,13233,0
ETW.US,5,20131206,201500,11.8400,11.8400,11.8300,11.8400,7426,0
ETW.US,5,20131206,202000,11.8400,11.8400,11.8300,11.8400,4785,0
ETW.US,5,20131206,202500,11.8400,11.8400,11.8400,11.8400,405,0
ETW.US,5,20131206,203000,11.8400,11.8400,11.8300,11.8300,3100,0
ETW.US,5,20131206,203500,11.8400,11.8400,11.8400,11.8400,435,0
ETW.US,5,20131206,204000,11.8400,11.8400,11.8400,11.8400,2203,0
ETW.US,5,20131206,204500,11.8400,11.8400,11.8400,11.8400,1742,0
ETW.US,5,20131206,205000,11.8500,11.8800,11.8400,11.8800,43042,0
ETW.US,5,20131206,205500,11.8700,11.8800,11.8700,11.8800,4033,0
ETW.US,5,20131206,210000,11.8800,11.8800,11.8700,11.8700,7242,0
ETW.US,5,20131206,210500,11.8800,11.8800,11.8700,11.8700,4665,0
ETW.US,5,20131206,211000,11.8700,11.8800,11.8700,11.8800,12157,0
ETW.US,5,20131206,211500,11.8700,11.8800,11.8700,11.8800,33300,0
ETW.US,5,20131206,212000,11.8800,11.8800,11.8700,11.8800,2950,0
ETW.US,5,20131206,212500,11.8800,11.8800,11.8700,11.8800,1858,0
ETW.US,5,20131206,213000,11.8800,11.8800,11.8800,11.8800,2622,0
ETW.US,5,20131206,213500,11.8800,11.8900,11.8700,11.8900,10025,0
ETW.US,5,20131206,214000,11.8900,11.9000,11.8900,11.8900,3374,0
ETW.US,5,20131206,214500,11.8800,11.8800,11.8700,11.8700,2110,0
ETW.US,5,20131206,215000,11.8700,11.8800,11.8700,11.8700,2490,0
ETW.US,5,20131206,215500,11.8800,11.8800,11.8700,11.8800,1895,0
ETW.US,5,20131206,220000,11.8800,11.8800,11.8700,11.8800,5205,0
ETW.US,5,20131209,153500,11.8900,11.8900,11.8800,11.8800,721,0
ETW.US,5,20131209,154000,11.8800,11.8800,11.8700,11.8700,3500,0
ETW.US,5,20131209,154500,11.8700,11.8800,11.8600,11.8600,3900,0
ETW.US,5,20131209,155000,11.8600,11.8800,11.8600,11.8800,2738,0
ETW.US,5,20131209,155500,11.8600,11.8600,11.8500,11.8500,3500,0
ETW.US,5,20131209,160000,11.8500,11.8700,11.8500,11.8500,4932,0
ETW.US,5,20131209,160500,11.8500,11.8700,11.8500,11.8500,8618,0
ETW.US,5,20131209,161000,11.8500,11.8700,11.8500,11.8600,4700,0
ETW.US,5,20131209,161500,11.8500,11.8700,11.8500,11.8500,4040,0
ETW.US,5,20131209,162000,11.8500,11.8600,11.8500,11.8600,7021,0
ETW.US,5,20131209,162500,11.8600,11.8600,11.8400,11.8600,8222,0
ETW.US,5,20131209,163000,11.8500,11.8500,11.8400,11.8500,1351,0
ETW.US,5,20131209,163500,11.8400,11.8400,11.8400,11.8400,500,0
ETW.US,5,20131209,164000,11.8300,11.8500,11.8300,11.8500,2900,0
ETW.US,5,20131209,164500,11.8400,11.8400,11.8400,11.8400,4000,0
ETW.US,5,20131209,165000,11.8400,11.8400,11.8300,11.8300,7039,0
ETW.US,5,20131209,165500,11.8400,11.8400,11.8400,11.8400,1083,0
ETW.US,5,20131209,170000,11.8400,11.8500,11.8400,11.8500,1600,0
ETW.US,5,20131209,170500,11.8400,11.8400,11.8400,11.8400,3000,0
ETW.US,5,20131209,171000,11.8400,11.8400,11.8400,11.8400,523,0
ETW.US,5,20131209,171500,11.8400,11.8500,11.8400,11.8400,532,0
ETW.US,5,20131209,172000,11.8400,11.8400,11.8300,11.8300,1192,0
ETW.US,5,20131209,172500,11.8300,11.8400,11.8300,11.8400,5744,0
ETW.US,5,20131209,173000,11.8300,11.8500,11.8300,11.8500,1810,0
ETW.US,5,20131209,173500,11.8400,11.8500,11.8400,11.8500,1327,0
ETW.US,5,20131209,175000,11.8400,11.8500,11.8400,11.8500,8800,0
ETW.US,5,20131209,175500,11.8500,11.8500,11.8500,11.8500,1850,0
ETW.US,5,20131209,180000,11.8400,11.8500,11.8400,11.8400,1442,0
ETW.US,5,20131209,180500,11.8400,11.8500,11.8400,11.8400,3500,0
ETW.US,5,20131209,181000,11.8400,11.8400,11.8400,11.8400,3056,0
ETW.US,5,20131209,181500,11.8400,11.8400,11.8300,11.8300,13705,0
ETW.US,5,20131209,182000,11.8300,11.8400,11.8300,11.8400,2250,0
ETW.US,5,20131209,182500,11.8300,11.8400,11.8300,11.8400,2957,0
ETW.US,5,20131209,183000,11.8400,11.8400,11.8400,11.8400,1000,0
ETW.US,5,20131209,183500,11.8300,11.8500,11.8300,11.8500,2543,0
ETW.US,5,20131209,184000,11.8400,11.8400,11.8400,11.8400,450,0
ETW.US,5,20131209,184500,11.8400,11.8500,11.8400,11.8500,7395,0
ETW.US,5,20131209,185000,11.8500,11.8500,11.8500,11.8500,1000,0
ETW.US,5,20131209,185500,11.8600,11.8600,11.8400,11.8400,3849,0
ETW.US,5,20131209,190000,11.8500,11.8500,11.8400,11.8500,3656,0
ETW.US,5,20131209,190500,11.8400,11.8400,11.8300,11.8400,7483,0
ETW.US,5,20131209,191000,11.8400,11.8400,11.8300,11.8300,1456,0
ETW.US,5,20131209,191500,11.8300,11.8500,11.8300,11.8400,6720,0
ETW.US,5,20131209,192000,11.8300,11.8400,11.8300,11.8400,2335,0
ETW.US,5,20131209,192500,11.8500,11.8500,11.8500,11.8500,110,0
ETW.US,5,20131209,193000,11.8500,11.8500,11.8500,11.8500,3059,0
ETW.US,5,20131209,193500,11.8400,11.8500,11.8400,11.8500,1900,0
ETW.US,5,20131209,194000,11.8400,11.8500,11.8400,11.8400,3100,0
ETW.US,5,20131209,194500,11.8400,11.8500,11.8400,11.8500,1100,0
ETW.US,5,20131209,195000,11.8500,11.8500,11.8400,11.8400,4031,0
ETW.US,5,20131209,195500,11.8500,11.8500,11.8400,11.8500,3181,0
ETW.US,5,20131209,200000,11.8500,11.8500,11.8400,11.8500,10309,0
ETW.US,5,20131209,200500,11.8500,11.8600,11.8500,11.8500,3100,0
ETW.US,5,20131209,201000,11.8500,11.8500,11.8500,11.8500,900,0
ETW.US,5,20131209,201500,11.8500,11.8700,11.8500,11.8500,5784,0
ETW.US,5,20131209,202000,11.8500,11.8600,11.8500,11.8500,2491,0
ETW.US,5,20131209,202500,11.8500,11.8700,11.8500,11.8700,2450,0
ETW.US,5,20131209,203000,11.8600,11.8700,11.8600,11.8700,3900,0
ETW.US,5,20131209,203500,11.8700,11.8800,11.8700,11.8800,3995,0
ETW.US,5,20131209,204000,11.8700,11.8800,11.8700,11.8800,8367,0
ETW.US,5,20131209,204500,11.8800,11.8800,11.8800,11.8800,6225,0
ETW.US,5,20131209,205000,11.8800,11.8800,11.8700,11.8800,1701,0
ETW.US,5,20131209,205500,11.8800,11.8800,11.8700,11.8800,3589,0
ETW.US,5,20131209,210000,11.8800,11.8800,11.8700,11.8800,3211,0
ETW.US,5,20131209,210500,11.8700,11.8800,11.8700,11.8800,3036,0
ETW.US,5,20131209,211000,11.8800,11.8800,11.8700,11.8800,2500,0
ETW.US,5,20131209,211500,11.8800,11.8800,11.8700,11.8800,5185,0
ETW.US,5,20131209,212000,11.8800,11.8800,11.8700,11.8800,1680,0
ETW.US,5,20131209,212500,11.8800,11.8800,11.8700,11.8700,11022,0
ETW.US,5,20131209,213000,11.8800,11.8800,11.8700,11.8700,18323,0
ETW.US,5,20131209,213500,11.8700,11.8800,11.8700,11.8800,7260,0
ETW.US,5,20131209,214000,11.8800,11.8800,11.8700,11.8800,3053,0
ETW.US,5,20131209,214500,11.8700,11.8800,11.8700,11.8700,1600,0
ETW.US,5,20131209,215000,11.8800,11.8800,11.8700,11.8700,2999,0
ETW.US,5,20131209,215500,11.8800,11.8800,11.8700,11.8700,3826,0
ETW.US,5,20131209,220000,11.8800,11.8800,11.8700,11.8800,12882,0
