<TICKER>,<PER>,<DTYYYYMMDD>,<TIME>,<OPEN>,<HIGH>,<LOW>,<CLOSE>,<VOL>,<OPENINT>
EXAM.US,5,20131112,153500,25.8800,25.8800,25.8800,25.8800,100,0
EXAM.US,5,20131112,154000,25.9500,25.9500,25.9500,25.9500,100,0
EXAM.US,5,20131112,154500,25.9900,25.9900,25.9900,25.9900,100,0
EXAM.US,5,20131112,155000,25.9400,25.9500,25.9100,25.9500,1300,0
EXAM.US,5,20131112,155500,26.0500,26.0500,25.9600,26.0500,1500,0
EXAM.US,5,20131112,160000,25.9600,26.0200,25.8900,25.9700,3286,0
EXAM.US,5,20131112,160500,25.9100,25.9100,25.9100,25.9100,100,0
EXAM.US,5,20131112,161000,25.8500,25.9000,25.8200,25.9000,1100,0
EXAM.US,5,20131112,161500,25.9300,25.9300,25.9300,25.9300,200,0
EXAM.US,5,20131112,162000,25.9300,26.0600,25.9300,26.0600,207,0
EXAM.US,5,20131112,162500,25.9100,25.9100,25.9100,25.9100,100,0
EXAM.US,5,20131112,163000,25.9300,25.9300,25.9300,25.9300,100,0
EXAM.US,5,20131112,163500,25.9700,25.9800,25.8800,25.9600,700,0
EXAM.US,5,20131112,164000,25.9400,25.9400,25.9400,25.9400,822,0
EXAM.US,5,20131112,164500,25.9900,26.0000,25.9900,25.9900,300,0
EXAM.US,5,20131112,165000,25.9800,25.9800,25.9600,25.9600,215,0
EXAM.US,5,20131112,165500,25.9700,25.9700,25.9700,25.9700,100,0
EXAM.US,5,20131112,170500,25.9700,25.9700,25.9700,25.9700,100,0
EXAM.US,5,20131112,171000,25.9700,26.0100,25.8800,26.0100,2200,0
EXAM.US,5,20131112,171500,26.0000,26.0300,25.9900,26.0300,300,0
EXAM.US,5,20131112,174000,26.0400,26.0400,25.8800,25.8800,1600,0
EXAM.US,5,20131112,174500,25.9100,25.9400,25.9100,25.9400,400,0
EXAM.US,5,20131112,175500,25.9500,25.9500,25.9500,25.9500,100,0
EXAM.US,5,20131112,180000,25.9200,25.9200,25.9100,25.9100,200,0
EXAM.US,5,20131112,180500,25.9000,25.9100,25.8900,25.8900,300,0
EXAM.US,5,20131112,181000,25.8700,25.8700,25.7900,25.7900,700,0
EXAM.US,5,20131112,181500,25.8300,25.8300,25.8300,25.8300,100,0
EXAM.US,5,20131112,182000,25.8300,25.8300,25.8200,25.8200,500,0
EXAM.US,5,20131112,183000,25.8400,25.8500,25.8400,25.8500,300,0
EXAM.US,5,20131112,183500,25.8600,25.8600,25.8600,25.8600,100,0
EXAM.US,5,20131112,184000,25.9400,25.9400,25.9200,25.9400,300,0
EXAM.US,5,20131112,184500,25.9900,25.9900,25.9900,25.9900,100,0
EXAM.US,5,20131112,185000,25.9800,25.9900,25.9800,25.9900,1300,0
EXAM.US,5,20131112,185500,26.0000,26.0800,26.0000,26.0800,633,0
EXAM.US,5,20131112,190500,26.0700,26.0700,26.0700,26.0700,200,0
EXAM.US,5,20131112,191500,26.0800,26.0800,26.0700,26.0700,600,0
EXAM.US,5,20131112,192000,26.0700,26.1000,26.0700,26.1000,300,0
EXAM.US,5,20131112,192500,26.0900,26.1000,26.0900,26.1000,700,0
EXAM.US,5,20131112,193000,26.1000,26.1700,26.1000,26.1700,2203,0
EXAM.US,5,20131112,193500,26.1600,26.1900,26.1100,26.1400,1500,0
EXAM.US,5,20131112,194000,26.1600,26.1600,26.1400,26.1400,300,0
EXAM.US,5,20131112,194500,26.2400,26.2900,26.2300,26.2600,1400,0
EXAM.US,5,20131112,195000,26.2600,26.3400,26.2500,26.2500,3200,0
EXAM.US,5,20131112,195500,26.2500,26.2500,26.2200,26.2200,300,0
EXAM.US,5,20131112,200000,26.2200,26.2200,26.2200,26.2200,100,0
EXAM.US,5,20131112,200500,26.2600,26.2600,26.2600,26.2600,100,0
EXAM.US,5,20131112,201000,26.2100,26.3100,26.2100,26.3000,2005,0
EXAM.US,5,20131112,201500,26.2900,26.3300,26.2200,26.3300,2700,0
EXAM.US,5,20131112,202000,26.2900,26.3500,26.2900,26.3500,1000,0
EXAM.US,5,20131112,202500,26.3800,26.4000,26.3600,26.4000,1301,0
EXAM.US,5,20131112,203000,26.3900,26.4000,26.3700,26.4000,800,0
EXAM.US,5,20131112,203500,26.4000,26.4400,26.4000,26.4400,800,0
EXAM.US,5,20131112,204000,26.4600,26.5000,26.4600,26.5000,1300,0
EXAM.US,5,20131112,204500,26.4900,26.4900,26.4500,26.4700,1519,0
EXAM.US,5,20131112,205000,26.5000,26.5200,26.4800,26.5000,7095,0
EXAM.US,5,20131112,205500,26.5100,26.5800,26.5100,26.5800,1500,0
EXAM.US,5,20131112,210000,26.5800,26.6300,26.5600,26.6300,3394,0
EXAM.US,5,20131112,210500,26.6300,26.6300,26.5000,26.5200,2700,0
EXAM.US,5,20131112,211000,26.5100,26.5100,26.4800,26.5100,1745,0
EXAM.US,5,20131112,211500,26.5100,26.6500,26.5100,26.6300,3900,0
EXAM.US,5,20131112,212000,26.6000,26.6000,26.4600,26.4900,4400,0
EXAM.US,5,20131112,212500,26.4900,26.5000,26.4700,26.4900,1432,0
EXAM.US,5,20131112,213000,26.5000,26.5000,26.4800,26.5000,1800,0
EXAM.US,5,20131112,213500,26.5000,26.5000,26.4800,26.4900,3300,0
EXAM.US,5,20131112,214000,26.4700,26.5000,26.4400,26.4400,1744,0
EXAM.US,5,20131112,214500,26.4400,26.4400,26.4200,26.4400,300,0
EXAM.US,5,20131112,215000,26.4400,26.4400,26.4200,26.4400,800,0
EXAM.US,5,20131112,215500,26.4400,26.4500,26.4200,26.4200,1200,0
EXAM.US,5,20131112,220000,26.4200,26.4900,26.4200,26.4800,4056,0
EXAM.US,5,20131112,220500,26.4800,26.4800,26.4800,26.4800,7364,0
EXAM.US,5,20131113,153500,26.1800,26.1800,26.1400,26.1400,200,0
EXAM.US,5,20131113,154000,26.1800,26.1900,26.1800,26.1900,300,0
EXAM.US,5,20131113,154500,26.2200,26.2200,26.0500,26.0500,1150,0
EXAM.US,5,20131113,155000,26.1300,26.1300,26.1300,26.1300,300,0
EXAM.US,5,20131113,160000,26.2000,26.2800,26.2000,26.2500,1800,0
EXAM.US,5,20131113,160500,26.2700,26.2700,26.1100,26.2100,4900,0
EXAM.US,5,20131113,161000,26.2000,26.2100,26.0200,26.0200,2500,0
EXAM.US,5,20131113,161500,26.0600,26.0600,26.0200,26.0200,749,0
EXAM.US,5,20131113,162000,26.0500,26.1100,26.0300,26.0500,500,0
EXAM.US,5,20131113,162500,26.1100,26.1100,26.0300,26.0800,815,0
EXAM.US,5,20131113,163000,26.0500,26.1300,26.0500,26.1300,754,0
EXAM.US,5,20131113,163500,26.2200,26.2200,26.1100,26.1100,1600,0
EXAM.US,5,20131113,164000,26.1100,26.1400,26.0900,26.1400,1300,0
EXAM.US,5,20131113,164500,26.1100,26.1300,26.0600,26.1300,700,0
EXAM.US,5,20131113,165000,26.1600,26.1600,26.0700,26.1300,748,0
EXAM.US,5,20131113,165500,26.1400,26.1400,26.1400,26.1400,100,0
EXAM.US,5,20131113,170500,26.1300,26.1900,26.1300,26.1900,500,0
EXAM.US,5,20131113,171000,26.1500,26.1500,26.0800,26.0800,800,0
EXAM.US,5,20131113,171500,26.0800,26.0800,26.0500,26.0500,600,0
EXAM.US,5,20131113,172000,26.0500,26.1100,26.0400,26.0400,4500,0
EXAM.US,5,20131113,172500,26.0400,26.0800,26.0400,26.0800,600,0
EXAM.US,5,20131113,173000,26.0700,26.0700,26.0400,26.0400,400,0
EXAM.US,5,20131113,173500,26.0300,26.0400,26.0300,26.0400,944,0
EXAM.US,5,20131113,174000,26.0400,26.0400,26.0400,26.0400,100,0
EXAM.US,5,20131113,174500,26.0600,26.0700,26.0500,26.0500,1400,0
EXAM.US,5,20131113,175000,26.0500,26.0500,26.0500,26.0500,100,0
EXAM.US,5,20131113,175500,26.0800,26.0800,26.0800,26.0800,100,0
EXAM.US,5,20131113,180000,26.0600,26.0600,26.0600,26.0600,200,0
EXAM.US,5,20131113,180500,26.0300,26.0300,25.9700,25.9700,1100,0
EXAM.US,5,20131113,181500,25.9600,26.0000,25.9600,26.0000,300,0
EXAM.US,5,20131113,182000,25.9700,26.0500,25.9700,26.0400,600,0
EXAM.US,5,20131113,182500,26.1300,26.1500,26.1300,26.1500,200,0
EXAM.US,5,20131113,183000,26.1400,26.1800,26.1000,26.1800,400,0
EXAM.US,5,20131113,183500,26.1300,26.1700,26.1300,26.1700,700,0
EXAM.US,5,20131113,184000,26.1500,26.1500,26.1500,26.1500,100,0
EXAM.US,5,20131113,184500,26.1500,26.1700,26.1500,26.1700,200,0
EXAM.US,5,20131113,185000,26.1900,26.1900,26.1900,26.1900,200,0
EXAM.US,5,20131113,185500,26.1700,26.2000,26.1700,26.2000,400,0
EXAM.US,5,20131113,190000,26.3100,26.3100,26.2300,26.2300,436,0
EXAM.US,5,20131113,190500,26.2700,26.3700,26.2700,26.3000,1607,0
EXAM.US,5,20131113,191000,26.3200,26.3700,26.3000,26.3400,1600,0
EXAM.US,5,20131113,191500,26.3100,26.3200,26.3000,26.3000,300,0
EXAM.US,5,20131113,192000,26.2600,26.2700,26.2600,26.2700,300,0
EXAM.US,5,20131113,192500,26.3100,26.3200,26.3100,26.3200,300,0
EXAM.US,5,20131113,193000,26.4000,26.4000,26.3300,26.3800,801,0
EXAM.US,5,20131113,193500,26.4000,26.4600,26.4000,26.4100,900,0
EXAM.US,5,20131113,194000,26.4200,26.4200,26.3400,26.3400,200,0
EXAM.US,5,20131113,194500,26.3500,26.4100,26.3500,26.4100,300,0
EXAM.US,5,20131113,195000,26.4000,26.4400,26.3200,26.3400,2125,0
EXAM.US,5,20131113,195500,26.2800,26.2800,26.2800,26.2800,100,0
EXAM.US,5,20131113,200000,26.3400,26.3400,26.3300,26.3400,300,0
EXAM.US,5,20131113,200500,26.3200,26.3400,26.3200,26.3400,300,0
EXAM.US,5,20131113,201000,26.3300,26.3600,26.3100,26.3600,1600,0
EXAM.US,5,20131113,201500,26.3500,26.3600,26.3200,26.3600,700,0
EXAM.US,5,20131113,202000,26.3400,26.3500,26.3400,26.3500,200,0
EXAM.US,5,20131113,203000,26.3400,26.3600,26.3300,26.3400,900,0
EXAM.US,5,20131113,203500,26.3200,26.3400,26.2700,26.3400,500,0
EXAM.US,5,20131113,204000,26.2900,26.2900,26.2900,26.2900,200,0
EXAM.US,5,20131113,204500,26.2800,26.3000,26.2700,26.2700,600,0
EXAM.US,5,20131113,205000,26.2900,26.2900,26.2900,26.2900,100,0
EXAM.US,5,20131113,205500,26.2600,26.3200,26.2600,26.3200,500,0
EXAM.US,5,20131113,210000,26.3300,26.3500,26.3100,26.3100,300,0
EXAM.US,5,20131113,210500,26.3300,26.3600,26.3300,26.3300,600,0
EXAM.US,5,20131113,211000,26.3400,26.3400,26.3200,26.3200,400,0
EXAM.US,5,20131113,211500,26.3200,26.3400,26.3100,26.3100,1000,0
EXAM.US,5,20131113,212000,26.3200,26.3400,26.3200,26.3400,200,0
EXAM.US,5,20131113,212500,26.3200,26.3400,26.3200,26.3300,900,0
EXAM.US,5,20131113,213000,26.3200,26.3600,26.3200,26.3600,400,0
EXAM.US,5,20131113,213500,26.3400,26.3600,26.3300,26.3300,400,0
EXAM.US,5,20131113,214000,26.3500,26.4300,26.3300,26.4200,7752,0
EXAM.US,5,20131113,214500,26.4200,26.4600,26.4000,26.4200,1800,0
EXAM.US,5,20131113,215000,26.4200,26.4300,26.3500,26.3500,10655,0
EXAM.US,5,20131113,215500,26.4000,26.4100,26.3800,26.3800,900,0
EXAM.US,5,20131113,220000,26.4000,26.4500,26.4000,26.4500,7304,0
EXAM.US,5,20131113,220500,26.4300,26.4300,26.4300,26.4300,6564,0
EXAM.US,5,20131114,153500,26.3200,26.3200,26.3200,26.3200,100,0
EXAM.US,5,20131114,154000,26.5100,26.5100,26.4600,26.4600,600,0
EXAM.US,5,20131114,154500,26.3500,26.3500,26.3500,26.3500,100,0
EXAM.US,5,20131114,155000,26.3100,26.4200,26.3100,26.3500,500,0
EXAM.US,5,20131114,155500,26.3400,26.4700,26.3400,26.4700,1000,0
EXAM.US,5,20131114,160000,26.4600,26.6300,26.4600,26.6300,2581,0
EXAM.US,5,20131114,160500,26.5100,26.5100,26.3300,26.3300,400,0
EXAM.US,5,20131114,161000,26.4100,26.4100,26.3300,26.3300,550,0
EXAM.US,5,20131114,161500,26.3500,26.3500,26.3500,26.3500,100,0
EXAM.US,5,20131114,162000,26.3600,26.3600,26.3600,26.3600,100,0
EXAM.US,5,20131114,163000,26.3700,26.3700,26.3700,26.3700,100,0
EXAM.US,5,20131114,164000,26.3700,26.3700,26.3700,26.3700,200,0
EXAM.US,5,20131114,165000,26.4000,26.4300,26.4000,26.4300,200,0
EXAM.US,5,20131114,165500,26.4400,26.4400,26.2500,26.3000,4898,0
EXAM.US,5,20131114,170000,26.2700,26.2700,26.2200,26.2200,1100,0
EXAM.US,5,20131114,170500,26.2300,26.2300,26.2300,26.2300,500,0
EXAM.US,5,20131114,171000,26.2300,26.2400,26.2200,26.2200,441,0
EXAM.US,5,20131114,171500,26.2100,26.2100,26.1700,26.1700,800,0
EXAM.US,5,20131114,172000,26.1700,26.2500,26.1600,26.2500,801,0
EXAM.US,5,20131114,173000,26.2600,26.2600,26.2600,26.2600,200,0
EXAM.US,5,20131114,173500,26.2300,26.2500,26.2300,26.2500,200,0
EXAM.US,5,20131114,174000,26.1700,26.2800,26.1700,26.2300,792,0
EXAM.US,5,20131114,174500,26.1700,26.3300,26.1700,26.2100,600,0
EXAM.US,5,20131114,175000,26.2700,26.3300,26.2700,26.3100,500,0
EXAM.US,5,20131114,175500,26.3300,26.4000,26.3300,26.3400,800,0
EXAM.US,5,20131114,180500,26.4200,26.4200,26.4200,26.4200,100,0
EXAM.US,5,20131114,181000,26.3500,26.3500,26.3100,26.3100,700,0
EXAM.US,5,20131114,182000,26.2500,26.2600,26.1900,26.2400,1900,0
EXAM.US,5,20131114,182500,26.2300,26.2400,26.2100,26.2300,522,0
EXAM.US,5,20131114,183000,26.2100,26.2100,26.2100,26.2100,100,0
EXAM.US,5,20131114,183500,26.2300,26.2300,26.2300,26.2300,150,0
EXAM.US,5,20131114,184000,26.2400,26.2400,26.2400,26.2400,100,0
EXAM.US,5,20131114,185000,26.2700,26.3200,26.2700,26.3200,600,0
EXAM.US,5,20131114,185500,26.2800,26.2800,26.2800,26.2800,100,0
EXAM.US,5,20131114,190000,26.3200,26.3300,26.3200,26.3300,799,0
EXAM.US,5,20131114,190500,26.2800,26.2800,26.2800,26.2800,100,0
EXAM.US,5,20131114,191000,26.3200,26.3200,26.2900,26.2900,200,0
EXAM.US,5,20131114,191500,26.3000,26.3000,26.2900,26.2900,400,0
EXAM.US,5,20131114,192000,26.2800,26.3900,26.2800,26.3900,1000,0
EXAM.US,5,20131114,192500,26.4200,26.4200,26.4200,26.4200,1300,0
EXAM.US,5,20131114,193000,26.4200,26.4300,26.4200,26.4300,200,0
EXAM.US,5,20131114,193500,26.4000,26.4000,26.4000,26.4000,100,0
EXAM.US,5,20131114,194000,26.4500,26.4700,26.4500,26.4600,1100,0
EXAM.US,5,20131114,194500,26.5300,26.5500,26.4600,26.4900,4100,0
EXAM.US,5,20131114,195000,26.4800,26.5100,26.4700,26.4800,1200,0
EXAM.US,5,20131114,195500,26.4300,26.4400,26.3700,26.3700,700,0
EXAM.US,5,20131114,200000,26.4400,26.4400,26.4300,26.4300,200,0
EXAM.US,5,20131114,200500,26.4100,26.4600,26.4100,26.4600,200,0
EXAM.US,5,20131114,201000,26.4500,26.4500,26.4500,26.4500,600,0
EXAM.US,5,20131114,201500,26.4700,26.4800,26.4100,26.4600,2600,0
EXAM.US,5,20131114,202000,26.4400,26.5100,26.4200,26.4200,1806,0
EXAM.US,5,20131114,202500,26.4300,26.4300,26.3900,26.3900,400,0
EXAM.US,5,20131114,203000,26.3800,26.4000,26.3800,26.4000,200,0
EXAM.US,5,20131114,203500,26.3800,26.4000,26.3800,26.3900,1300,0
EXAM.US,5,20131114,204500,26.4000,26.4000,26.4000,26.4000,100,0
EXAM.US,5,20131114,205000,26.4100,26.4300,26.4100,26.4300,300,0
EXAM.US,5,20131114,205500,26.4200,26.4200,26.3200,26.3800,2796,0
EXAM.US,5,20131114,210000,26.3400,26.3400,26.3300,26.3300,699,0
EXAM.US,5,20131114,210500,26.3600,26.3600,26.3500,26.3600,300,0
EXAM.US,5,20131114,211000,26.3500,26.3900,26.3500,26.3900,200,0
EXAM.US,5,20131114,211500,26.4000,26.4200,26.4000,26.4100,300,0
EXAM.US,5,20131114,212000,26.4100,26.4300,26.4100,26.4100,1000,0
EXAM.US,5,20131114,212500,26.3900,26.4100,26.3900,26.4000,300,0
EXAM.US,5,20131114,213000,26.3800,26.4000,26.3800,26.4000,400,0
EXAM.US,5,20131114,213500,26.3700,26.3800,26.3600,26.3700,800,0
EXAM.US,5,20131114,214000,26.3800,26.3800,26.3800,26.3800,100,0
EXAM.US,5,20131114,214500,26.4000,26.4300,26.3800,26.3800,6200,0
EXAM.US,5,20131114,215000,26.3700,26.4300,26.3500,26.4300,4600,0
EXAM.US,5,20131114,215500,26.4300,26.4500,26.3700,26.3900,4836,0
EXAM.US,5,20131114,220000,26.3900,26.4400,26.3900,26.4200,4028,0
EXAM.US,5,20131114,220500,26.4200,26.4200,26.4200,26.4200,1910,0
EXAM.US,5,20131115,153500,26.4000,26.4000,26.4000,26.4000,7004,0
EXAM.US,5,20131115,160000,26.4700,26.4700,26.3300,26.4400,500,0
EXAM.US,5,20131115,160500,26.3300,26.3700,26.3000,26.3700,500,0
EXAM.US,5,20131115,161000,26.3500,26.3500,26.3500,26.3500,5400,0
EXAM.US,5,20131115,161500,26.3100,26.3900,26.3100,26.3800,3483,0
EXAM.US,5,20131115,162000,26.3900,26.3900,26.3700,26.3700,300,0
EXAM.US,5,20131115,162500,26.3300,26.3300,26.3100,26.3100,700,0
EXAM.US,5,20131115,163000,26.3500,26.3500,26.3000,26.3500,1037,0
EXAM.US,5,20131115,163500,26.3000,26.3700,26.3000,26.3400,800,0
EXAM.US,5,20131115,164000,26.3200,26.3600,26.3200,26.3600,300,0
EXAM.US,5,20131115,165000,26.3200,26.3200,26.3200,26.3200,100,0
EXAM.US,5,20131115,165500,26.3300,26.3500,26.3300,26.3500,1200,0
EXAM.US,5,20131115,170000,26.3100,26.3100,26.3100,26.3100,100,0
EXAM.US,5,20131115,170500,26.3100,26.3100,26.3100,26.3100,100,0
EXAM.US,5,20131115,171000,26.3100,26.3100,26.3100,26.3100,100,0
EXAM.US,5,20131115,171500,26.3000,26.3000,26.3000,26.3000,100,0
EXAM.US,5,20131115,172000,26.3200,26.3900,26.3200,26.3700,1000,0
EXAM.US,5,20131115,172500,26.3300,26.3300,26.3000,26.3000,200,0
EXAM.US,5,20131115,173000,26.3400,26.4000,26.3000,26.3000,3700,0
EXAM.US,5,20131115,174000,26.3400,26.3400,26.3000,26.3000,200,0
EXAM.US,5,20131115,174500,26.3400,26.3600,26.3000,26.3300,30440,0
EXAM.US,5,20131115,175000,26.3500,26.3700,26.3400,26.3400,400,0
EXAM.US,5,20131115,175500,26.3600,26.3900,26.3200,26.3500,2300,0
EXAM.US,5,20131115,180000,26.3700,26.3900,26.3600,26.3600,600,0
EXAM.US,5,20131115,181500,26.3800,26.3900,26.3500,26.3500,500,0
EXAM.US,5,20131115,182000,26.3400,26.3900,26.3400,26.3900,200,0
EXAM.US,5,20131115,182500,26.3900,26.4000,26.3700,26.3900,1720,0
EXAM.US,5,20131115,183000,26.3700,26.3700,26.3700,26.3700,100,0
EXAM.US,5,20131115,184500,26.3400,26.4500,26.3400,26.4500,7006,0
EXAM.US,5,20131115,185000,26.4300,26.4300,26.3200,26.4100,2800,0
EXAM.US,5,20131115,185500,26.4800,26.5000,26.4400,26.4700,4079,0
EXAM.US,5,20131115,190000,26.4500,26.4500,26.4500,26.4500,100,0
EXAM.US,5,20131115,190500,26.4600,26.5100,26.4500,26.4500,2782,0
EXAM.US,5,20131115,191000,26.4500,26.4900,26.4500,26.4900,400,0
EXAM.US,5,20131115,191500,26.4700,26.5000,26.4400,26.5000,400,0
EXAM.US,5,20131115,192000,26.4700,26.4700,26.4400,26.4700,300,0
EXAM.US,5,20131115,192500,26.4700,26.4700,26.4700,26.4700,200,0
EXAM.US,5,20131115,193000,26.4700,26.4900,26.4400,26.4400,500,0
EXAM.US,5,20131115,193500,26.4400,26.4400,26.4400,26.4400,400,0
EXAM.US,5,20131115,194000,26.4100,26.4100,26.4100,26.4100,100,0
EXAM.US,5,20131115,195000,26.4300,26.4300,26.4300,26.4300,500,0
EXAM.US,5,20131115,195500,26.4000,26.4500,26.3900,26.4500,3200,0
EXAM.US,5,20131115,200000,26.4200,26.4400,26.4200,26.4400,300,0
EXAM.US,5,20131115,200500,26.4500,26.5000,26.4400,26.4700,7700,0
EXAM.US,5,20131115,201000,26.4800,26.4800,26.4800,26.4800,100,0
EXAM.US,5,20131115,202500,26.4500,26.4800,26.4500,26.4800,300,0
EXAM.US,5,20131115,203000,26.4800,26.4900,26.4800,26.4900,400,0
EXAM.US,5,20131115,203500,26.4900,26.4900,26.4800,26.4800,200,0
EXAM.US,5,20131115,204000,26.5000,26.5000,26.4600,26.4800,4623,0
EXAM.US,5,20131115,204500,26.4800,26.4800,26.4800,26.4800,200,0
EXAM.US,5,20131115,205000,26.5000,26.5000,26.5000,26.5000,100,0
EXAM.US,5,20131115,205500,26.4800,26.5000,26.4800,26.5000,1402,0
EXAM.US,5,20131115,210000,26.4700,26.4900,26.4700,26.4900,200,0
EXAM.US,5,20131115,210500,26.4800,26.5000,26.4800,26.5000,500,0
EXAM.US,5,20131115,211000,26.5000,26.6800,26.4900,26.6800,11312,0
EXAM.US,5,20131115,211500,26.6900,26.7800,26.6500,26.6900,4500,0
EXAM.US,5,20131115,212500,26.6600,26.6700,26.6600,26.6700,400,0
EXAM.US,5,20131115,213000,26.6800,26.6800,26.6400,26.6700,1794,0
EXAM.US,5,20131115,213500,26.6700,26.7100,26.6700,26.7000,1400,0
EXAM.US,5,20131115,214000,26.7000,26.7800,26.7000,26.7600,1500,0
EXAM.US,5,20131115,214500,26.7500,26.7600,26.6900,26.7200,1580,0
EXAM.US,5,20131115,215000,26.7000,26.7500,26.6900,26.7500,1400,0
EXAM.US,5,20131115,215500,26.7500,26.7900,26.7200,26.7600,4206,0
EXAM.US,5,20131115,220000,26.7600,26.8900,26.7600,26.8900,24473,0
EXAM.US,5,20131115,220500,26.8900,26.8900,26.8900,26.8900,10541,0
EXAM.US,5,20131118,153500,26.9100,26.9200,26.7200,26.8600,1854,0
EXAM.US,5,20131118,154000,26.8000,26.8000,26.6700,26.6700,1500,0
EXAM.US,5,20131118,154500,26.6600,26.6600,26.6600,26.6600,100,0
EXAM.US,5,20131118,155000,26.5500,26.5500,26.5400,26.5400,200,0
EXAM.US,5,20131118,155500,26.6100,26.6100,26.5300,26.5300,200,0
EXAM.US,5,20131118,160000,26.5100,26.5100,26.4100,26.4200,1196,0
EXAM.US,5,20131118,160500,26.4200,26.7200,26.2800,26.6600,21233,0
EXAM.US,5,20131118,161000,26.7200,26.7300,26.4500,26.4500,6500,0
EXAM.US,5,20131118,161500,26.6300,26.6500,26.5500,26.5500,580,0
EXAM.US,5,20131118,162500,26.6800,26.6800,26.6800,26.6800,100,0
EXAM.US,5,20131118,163000,26.7000,26.7000,26.7000,26.7000,112,0
EXAM.US,5,20131118,164000,26.6000,26.6000,26.5800,26.5800,500,0
EXAM.US,5,20131118,164500,26.5600,26.5800,26.5500,26.5500,2571,0
EXAM.US,5,20131118,165000,26.5100,26.5800,26.5100,26.5600,300,0
EXAM.US,5,20131118,165500,26.5600,26.6200,26.5500,26.5500,500,0
EXAM.US,5,20131118,170000,26.5900,26.6400,26.5900,26.6400,600,0
EXAM.US,5,20131118,170500,26.6100,26.6400,26.6000,26.6000,1500,0
EXAM.US,5,20131118,171000,26.6100,26.6100,26.6100,26.6100,100,0
EXAM.US,5,20131118,171500,26.5500,26.5800,26.5500,26.5800,399,0
EXAM.US,5,20131118,172500,26.6200,26.6200,26.6200,26.6200,200,0
EXAM.US,5,20131118,173500,26.6100,26.6100,26.6100,26.6100,100,0
EXAM.US,5,20131118,174000,26.6200,26.6200,26.6200,26.6200,100,0
EXAM.US,5,20131118,174500,26.6300,26.6300,26.5800,26.5800,449,0
EXAM.US,5,20131118,175000,26.6400,26.6400,26.5900,26.5900,200,0
EXAM.US,5,20131118,180000,26.6300,26.6600,26.5900,26.5900,800,0
EXAM.US,5,20131118,180500,26.5100,26.5500,26.5100,26.5300,1300,0
EXAM.US,5,20131118,181000,26.5700,26.5700,26.5600,26.5600,200,0
EXAM.US,5,20131118,181500,26.6700,26.6700,26.6700,26.6700,100,0
EXAM.US,5,20131118,182000,26.6100,26.6100,26.5400,26.5400,300,0
EXAM.US,5,20131118,182500,26.6200,26.6200,26.6200,26.6200,260,0
EXAM.US,5,20131118,183000,26.6200,26.6200,26.5700,26.5700,374,0
EXAM.US,5,20131118,183500,26.6100,26.6100,26.5700,26.5800,500,0
EXAM.US,5,20131118,184000,26.6200,26.6200,26.5500,26.5600,500,0
EXAM.US,5,20131118,184500,26.6100,26.6100,26.5900,26.5900,200,0
EXAM.US,5,20131118,185000,26.5600,26.6300,26.5600,26.6300,600,0
EXAM.US,5,20131118,185500,26.6600,26.6600,26.6200,26.6200,400,0
EXAM.US,5,20131118,190000,26.6900,26.6900,26.6900,26.6900,200,0
EXAM.US,5,20131118,190500,26.6500,26.6500,26.6500,26.6500,500,0
EXAM.US,5,20131118,191000,26.6200,26.6200,26.6100,26.6100,200,0
EXAM.US,5,20131118,191500,26.6500,26.6600,26.6100,26.6100,1200,0
EXAM.US,5,20131118,192000,26.6100,26.6100,26.5900,26.5900,400,0
EXAM.US,5,20131118,193000,26.6000,26.6400,26.5900,26.5900,699,0
EXAM.US,5,20131118,194000,26.6500,26.6500,26.6500,26.6500,100,0
EXAM.US,5,20131118,194500,26.6200,26.6200,26.5900,26.5900,325,0
EXAM.US,5,20131118,195000,26.5900,26.6400,26.5600,26.5600,18300,0
EXAM.US,5,20131118,195500,26.5700,26.5900,26.5700,26.5900,500,0
EXAM.US,5,20131118,201000,26.5900,26.5900,26.5800,26.5800,702,0
EXAM.US,5,20131118,201500,26.6100,26.6300,26.6100,26.6300,1100,0
EXAM.US,5,20131118,202000,26.6300,26.6300,26.6300,26.6300,100,0
EXAM.US,5,20131118,203000,26.6500,26.7000,26.6300,26.7000,2712,0
EXAM.US,5,20131118,204000,26.7100,26.7100,26.7100,26.7100,200,0
EXAM.US,5,20131118,204500,26.6900,26.6900,26.6500,26.6500,500,0
EXAM.US,5,20131118,205000,26.6800,26.7000,26.6500,26.6500,900,0
EXAM.US,5,20131118,210500,26.6300,26.6400,26.5600,26.5600,700,0
EXAM.US,5,20131118,211000,26.5800,26.6000,26.5200,26.5300,3400,0
EXAM.US,5,20131118,211500,26.5300,26.5300,26.4600,26.4600,5400,0
EXAM.US,5,20131118,212000,26.4800,26.4900,26.4800,26.4800,300,0
EXAM.US,5,20131118,212500,26.5000,26.5100,26.3900,26.3900,900,0
EXAM.US,5,20131118,213000,26.3500,26.3900,26.3300,26.3400,1000,0
EXAM.US,5,20131118,213500,26.3400,26.3400,26.2500,26.3400,800,0
EXAM.US,5,20131118,214000,26.3200,26.3800,26.2900,26.3800,1000,0
EXAM.US,5,20131118,214500,26.3700,26.4000,26.3500,26.3800,2900,0
EXAM.US,5,20131118,215000,26.3600,26.4100,26.3500,26.3500,2200,0
EXAM.US,5,20131118,215500,26.3800,26.4000,26.3200,26.3600,7600,0
EXAM.US,5,20131118,220000,26.3500,26.4000,26.3200,26.3800,5163,0
EXAM.US,5,20131118,220500,26.3800,26.3800,26.3800,26.3800,6451,0
EXAM.US,5,20131119,153500,26.4000,26.4000,26.4000,26.4000,200,0
EXAM.US,5,20131119,154500,26.3400,26.3500,26.1800,26.3300,7424,0
EXAM.US,5,20131119,155000,26.3200,26.6200,26.2700,26.5500,8787,0
EXAM.US,5,20131119,155500,26.6800,26.6800,26.4000,26.4600,15798,0
EXAM.US,5,20131119,160000,26.4900,26.6200,26.4900,26.6100,1294,0
EXAM.US,5,20131119,160500,26.7700,26.7700,26.7200,26.7200,280,0
EXAM.US,5,20131119,161500,26.8400,26.9100,26.8100,26.9100,3300,0
EXAM.US,5,20131119,162000,26.9300,26.9600,26.9300,26.9500,550,0
EXAM.US,5,20131119,163000,26.9400,26.9400,26.9400,26.9400,100,0
EXAM.US,5,20131119,163500,26.9100,26.9100,26.9100,26.9100,100,0
EXAM.US,5,20131119,164000,26.9200,27.0200,26.9200,27.0200,1200,0
EXAM.US,5,20131119,164500,27.0200,27.0200,26.9400,26.9400,1000,0
EXAM.US,5,20131119,165000,26.9900,27.0000,26.9900,26.9900,391,0
EXAM.US,5,20131119,165500,26.9700,26.9900,26.8900,26.8900,2100,0
EXAM.US,5,20131119,170000,26.8700,26.9200,26.8600,26.8800,1300,0
EXAM.US,5,20131119,170500,26.8700,26.8700,26.8700,26.8700,100,0
EXAM.US,5,20131119,171000,26.8700,26.8700,26.8500,26.8500,701,0
EXAM.US,5,20131119,171500,26.8100,26.8100,26.8100,26.8100,100,0
EXAM.US,5,20131119,172000,26.6400,26.8200,26.6400,26.8200,1200,0
EXAM.US,5,20131119,172500,26.7600,26.7600,26.7600,26.7600,200,0
EXAM.US,5,20131119,173000,26.6700,26.7700,26.6700,26.7600,805,0
EXAM.US,5,20131119,173500,26.7600,26.7600,26.6700,26.6800,2211,0
EXAM.US,5,20131119,174000,26.6100,26.6500,26.5600,26.5600,734,0
EXAM.US,5,20131119,174500,26.6300,26.6300,26.6100,26.6200,2800,0
EXAM.US,5,20131119,175000,26.5900,26.5900,26.5900,26.5900,300,0
EXAM.US,5,20131119,175500,26.6000,26.6000,26.5600,26.6000,600,0
EXAM.US,5,20131119,180000,26.6000,26.6000,26.6000,26.6000,300,0
EXAM.US,5,20131119,180500,26.6000,26.6000,26.6000,26.6000,300,0
EXAM.US,5,20131119,181000,26.6000,26.6000,26.5900,26.6000,1200,0
EXAM.US,5,20131119,181500,26.6000,26.6000,26.6000,26.6000,700,0
EXAM.US,5,20131119,182000,26.5900,26.5900,26.5500,26.5900,600,0
EXAM.US,5,20131119,182500,26.5900,26.7200,26.5900,26.7200,2705,0
EXAM.US,5,20131119,183000,26.6600,26.6600,26.6600,26.6600,100,0
EXAM.US,5,20131119,183500,26.7200,26.7200,26.7200,26.7200,100,0
EXAM.US,5,20131119,184000,26.7200,26.7300,26.7200,26.7300,500,0
EXAM.US,5,20131119,184500,26.7200,26.7300,26.7000,26.7300,900,0
EXAM.US,5,20131119,185000,26.7500,26.7600,26.6700,26.7100,1952,0
EXAM.US,5,20131119,185500,26.7100,26.7500,26.6800,26.6800,700,0
EXAM.US,5,20131119,190000,26.5400,26.5800,26.5400,26.5600,800,0
EXAM.US,5,20131119,190500,26.5600,26.6100,26.5600,26.6100,600,0
EXAM.US,5,20131119,191000,26.6100,26.6600,26.5700,26.6600,15970,0
EXAM.US,5,20131119,191500,26.6300,26.6700,26.6300,26.6700,500,0
EXAM.US,5,20131119,192000,26.6300,26.7600,26.6300,26.6900,1400,0
EXAM.US,5,20131119,192500,26.6700,26.6800,26.5900,26.6000,1000,0
EXAM.US,5,20131119,193000,26.5500,26.6800,26.5300,26.6200,1981,0
EXAM.US,5,20131119,193500,26.6700,26.7500,26.6700,26.7500,2800,0
EXAM.US,5,20131119,194000,26.7400,26.7400,26.7300,26.7300,400,0
EXAM.US,5,20131119,194500,26.6600,26.7100,26.6600,26.7100,500,0
EXAM.US,5,20131119,195000,26.7100,26.8000,26.7100,26.7900,1414,0
EXAM.US,5,20131119,195500,26.8000,26.8000,26.7100,26.8000,1538,0
EXAM.US,5,20131119,200000,26.7100,26.7300,26.6100,26.6100,997,0
EXAM.US,5,20131119,200500,26.5100,26.6000,26.5100,26.5700,3000,0
EXAM.US,5,20131119,201000,26.5700,26.5700,26.5000,26.5000,820,0
EXAM.US,5,20131119,201500,26.4500,26.4600,26.3900,26.4600,900,0
EXAM.US,5,20131119,202000,26.5000,26.5000,26.4800,26.4800,300,0
EXAM.US,5,20131119,202500,26.4200,26.4200,26.3900,26.3900,446,0
EXAM.US,5,20131119,203000,26.3400,26.3700,26.3200,26.3700,500,0
EXAM.US,5,20131119,203500,26.3500,26.3500,26.3500,26.3500,100,0
EXAM.US,5,20131119,204000,26.3800,26.4200,26.3800,26.4200,200,0
EXAM.US,5,20131119,204500,26.5200,26.5300,26.5200,26.5300,500,0
EXAM.US,5,20131119,205000,26.5500,26.5500,26.5500,26.5500,200,0
EXAM.US,5,20131119,205500,26.5500,26.5500,26.4400,26.4400,500,0
EXAM.US,5,20131119,210000,26.4400,26.5300,26.4400,26.5300,300,0
EXAM.US,5,20131119,210500,26.5300,26.5400,26.5300,26.5400,300,0
EXAM.US,5,20131119,211000,26.5600,26.6000,26.5600,26.6000,650,0
EXAM.US,5,20131119,211500,26.5700,26.5800,26.5000,26.5800,2900,0
EXAM.US,5,20131119,212000,26.5600,26.6000,26.5600,26.6000,9433,0
EXAM.US,5,20131119,212500,26.6500,26.7000,26.6300,26.6800,2200,0
EXAM.US,5,20131119,213000,26.7000,26.7000,26.6700,26.6700,800,0
EXAM.US,5,20131119,213500,26.7000,26.7000,26.6300,26.6300,500,0
EXAM.US,5,20131119,214000,26.6000,26.6200,26.5900,26.6000,2400,0
EXAM.US,5,20131119,214500,26.5700,26.6100,26.5700,26.6000,500,0
EXAM.US,5,20131119,215000,26.6000,26.6300,26.5300,26.6000,19000,0
EXAM.US,5,20131119,215500,26.6200,26.6300,26.6100,26.6300,1200,0
EXAM.US,5,20131119,220000,26.6400,26.6600,26.6000,26.6500,5148,0
EXAM.US,5,20131119,220500,26.6200,26.6200,26.6200,26.6200,5696,0
EXAM.US,5,20131120,153500,26.6400,26.7900,26.6400,26.7900,20900,0
EXAM.US,5,20131120,154000,26.6400,26.6400,26.6400,26.6400,300,0
EXAM.US,5,20131120,154500,26.6100,26.6100,26.6100,26.6100,100,0
EXAM.US,5,20131120,155000,26.6100,26.6500,26.5900,26.6500,1500,0
EXAM.US,5,20131120,155500,26.7000,26.7000,26.7000,26.7000,100,0
EXAM.US,5,20131120,160500,26.7000,26.7000,26.6300,26.6600,600,0
EXAM.US,5,20131120,161500,26.6800,26.7500,26.6600,26.6700,1900,0
EXAM.US,5,20131120,162500,26.6600,26.8000,26.6500,26.6500,2469,0
EXAM.US,5,20131120,163000,26.6100,26.6100,26.6000,26.6100,1533,0
EXAM.US,5,20131120,163500,26.6100,26.6600,26.6100,26.6100,800,0
EXAM.US,5,20131120,164000,26.5900,26.6000,26.5800,26.6000,500,0
EXAM.US,5,20131120,164500,26.5900,26.5900,26.5800,26.5800,300,0
EXAM.US,5,20131120,165000,26.6000,26.6900,26.6000,26.6900,2600,0
EXAM.US,5,20131120,165500,26.7000,26.7100,26.6800,26.6800,1050,0
EXAM.US,5,20131120,170000,26.5900,26.6200,26.5900,26.5900,400,0
EXAM.US,5,20131120,171000,26.6000,26.7000,26.6000,26.7000,400,0
EXAM.US,5,20131120,171500,26.6500,26.6500,26.6400,26.6400,500,0
EXAM.US,5,20131120,172500,26.6800,26.6800,26.6500,26.6500,200,0
EXAM.US,5,20131120,173000,26.6900,26.6900,26.6900,26.6900,400,0
EXAM.US,5,20131120,173500,26.7000,26.7000,26.6400,26.7000,300,0
EXAM.US,5,20131120,174000,26.7000,26.7400,26.6800,26.7400,800,0
EXAM.US,5,20131120,174500,26.7700,26.7700,26.7700,26.7700,100,0
EXAM.US,5,20131120,175000,26.7400,26.7600,26.7000,26.7600,400,0
EXAM.US,5,20131120,175500,26.7700,26.7700,26.7700,26.7700,100,0
EXAM.US,5,20131120,180000,26.7200,26.7300,26.7000,26.7100,700,0
EXAM.US,5,20131120,180500,26.7000,26.7100,26.7000,26.7100,200,0
EXAM.US,5,20131120,181000,26.7400,26.7600,26.7200,26.7400,1000,0
EXAM.US,5,20131120,182000,26.7000,26.7000,26.7000,26.7000,100,0
EXAM.US,5,20131120,183000,26.7000,26.7000,26.6300,26.6800,2900,0
EXAM.US,5,20131120,183500,26.6200,26.6200,26.6000,26.6000,900,0
EXAM.US,5,20131120,184500,26.6400,26.6400,26.6400,26.6400,100,0
EXAM.US,5,20131120,185000,26.6100,26.6600,26.5900,26.6600,1000,0
EXAM.US,5,20131120,185500,26.6300,26.6300,26.6300,26.6300,100,0
EXAM.US,5,20131120,190000,26.6000,26.6100,26.5700,26.5700,11500,0
EXAM.US,5,20131120,190500,26.5700,26.6200,26.5700,26.6200,11200,0
EXAM.US,5,20131120,191000,26.5900,26.6500,26.5900,26.6500,300,0
EXAM.US,5,20131120,191500,26.6100,26.6100,26.5800,26.5800,400,0
EXAM.US,5,20131120,193000,26.6200,26.6200,26.6200,26.6200,100,0
EXAM.US,5,20131120,193500,26.6000,26.6000,26.6000,26.6000,100,0
EXAM.US,5,20131120,194000,26.5900,26.5900,26.5900,26.5900,200,0
EXAM.US,5,20131120,194500,26.6200,26.6200,26.5900,26.5900,200,0
EXAM.US,5,20131120,195500,26.6000,26.6500,26.6000,26.6500,500,0
EXAM.US,5,20131120,200000,26.6900,26.6900,26.6900,26.6900,100,0
EXAM.US,5,20131120,200500,26.6600,26.6700,26.6200,26.6400,800,0
EXAM.US,5,20131120,201000,26.6300,26.6300,26.6300,26.6300,100,0
EXAM.US,5,20131120,201500,26.5700,26.5800,26.5100,26.5800,900,0
EXAM.US,5,20131120,202000,26.5800,26.6500,26.5600,26.6500,1200,0
EXAM.US,5,20131120,202500,26.6500,26.6500,26.6000,26.6000,400,0
EXAM.US,5,20131120,203500,26.6300,26.6800,26.6300,26.6800,200,0
EXAM.US,5,20131120,204000,26.6600,26.6700,26.6100,26.6600,1500,0
EXAM.US,5,20131120,204500,26.6300,26.6500,26.6300,26.6300,1000,0
EXAM.US,5,20131120,205000,26.6700,26.7400,26.6700,26.7400,1500,0
EXAM.US,5,20131120,205500,26.7000,26.7000,26.6900,26.6900,300,0
EXAM.US,5,20131120,210000,26.6600,26.7200,26.6600,26.6900,11700,0
EXAM.US,5,20131120,210500,26.6900,26.7100,26.6900,26.7000,1800,0
EXAM.US,5,20131120,211000,26.6300,26.6500,26.6000,26.6500,3300,0
EXAM.US,5,20131120,211500,26.6700,26.7000,26.6700,26.6900,400,0
EXAM.US,5,20131120,212000,26.6800,26.6800,26.6800,26.6800,100,0
EXAM.US,5,20131120,212500,26.6300,26.6600,26.6000,26.6400,800,0
EXAM.US,5,20131120,213000,26.6800,26.7200,26.6400,26.6600,16073,0
EXAM.US,5,20131120,213500,26.6000,26.6200,26.6000,26.6200,500,0
EXAM.US,5,20131120,214000,26.6000,26.6800,26.6000,26.6800,500,0
EXAM.US,5,20131120,215000,26.6700,26.6900,26.6500,26.6900,901,0
EXAM.US,5,20131120,215500,26.6900,26.7100,26.6500,26.7100,1000,0
EXAM.US,5,20131120,220000,26.6900,26.7700,26.6700,26.7500,4461,0
EXAM.US,5,20131120,220500,26.7700,26.7700,26.7700,26.7700,3672,0
EXAM.US,5,20131121,153500,26.8000,26.8000,26.6700,26.7800,861,0
EXAM.US,5,20131121,154000,26.8000,26.8500,26.7900,26.8500,900,0
EXAM.US,5,20131121,155000,26.9400,27.0000,26.8300,26.9200,5100,0
EXAM.US,5,20131121,155500,26.9000,27.0000,26.6700,26.9100,32409,0
EXAM.US,5,20131121,160000,26.9100,27.2400,26.9000,27.2400,12121,0
EXAM.US,5,20131121,160500,27.2500,27.3500,27.2500,27.3500,2314,0
EXAM.US,5,20131121,161000,27.3900,27.4200,27.3900,27.4200,200,0
EXAM.US,5,20131121,161500,27.4600,27.5000,27.4200,27.4900,900,0
EXAM.US,5,20131121,162000,27.5300,27.5400,27.5000,27.5000,12100,0
EXAM.US,5,20131121,162500,27.5000,27.6500,27.5000,27.6200,10773,0
EXAM.US,5,20131121,163000,27.6000,27.6500,27.6000,27.6500,1545,0
EXAM.US,5,20131121,163500,27.6900,27.7200,27.6400,27.6900,3400,0
EXAM.US,5,20131121,164000,27.7000,27.7800,27.7000,27.7400,3650,0
EXAM.US,5,20131121,164500,27.7800,28.0400,27.7800,28.0400,8483,0
EXAM.US,5,20131121,165000,28.0300,28.0300,27.9600,27.9600,1300,0
EXAM.US,5,20131121,165500,28.0600,28.1100,27.9400,27.9900,2834,0
EXAM.US,5,20131121,170000,27.9400,28.0400,27.9400,28.0400,4250,0
EXAM.US,5,20131121,170500,28.0300,28.1200,28.0300,28.1200,3600,0
EXAM.US,5,20131121,171000,28.0900,28.1000,28.0800,28.0800,1117,0
EXAM.US,5,20131121,171500,28.0800,28.2000,27.9500,28.2000,17014,0
EXAM.US,5,20131121,172000,28.2100,28.2100,28.0400,28.2000,4281,0
EXAM.US,5,20131121,172500,28.2100,28.3500,28.1500,28.3500,5806,0
EXAM.US,5,20131121,173000,28.3000,28.3000,28.2000,28.2600,1566,0
EXAM.US,5,20131121,173500,28.2700,28.3200,27.8100,28.1800,32088,0
EXAM.US,5,20131121,174000,28.1600,28.1700,28.1000,28.1700,1400,0
EXAM.US,5,20131121,174500,28.1700,28.2200,28.1100,28.2100,3697,0
EXAM.US,5,20131121,175000,28.1700,28.2700,28.1700,28.2700,35983,0
EXAM.US,5,20131121,175500,28.2700,28.3400,28.1500,28.2300,14000,0
EXAM.US,5,20131121,180000,28.2000,28.5500,28.2000,28.5300,20940,0
EXAM.US,5,20131121,180500,28.4600,28.4600,28.2900,28.3200,7331,0
EXAM.US,5,20131121,181000,28.3300,28.3400,28.3200,28.3300,1233,0
EXAM.US,5,20131121,181500,28.3200,28.3200,28.2000,28.2000,917,0
EXAM.US,5,20131121,182000,28.2000,28.2100,28.1400,28.1900,2799,0
EXAM.US,5,20131121,182500,28.1900,28.1900,28.1900,28.1900,300,0
EXAM.US,5,20131121,183000,28.2400,28.2500,28.1900,28.2500,500,0
EXAM.US,5,20131121,183500,28.2200,28.2700,28.2100,28.2200,4303,0
EXAM.US,5,20131121,184000,28.2700,28.2800,28.2700,28.2800,900,0
EXAM.US,5,20131121,184500,28.3100,28.3100,28.2900,28.2900,200,0
EXAM.US,5,20131121,185000,28.2800,28.3300,28.2800,28.3000,2233,0
EXAM.US,5,20131121,185500,28.2800,28.2800,28.2300,28.2300,400,0
EXAM.US,5,20131121,190000,28.2100,28.2100,28.1700,28.1700,300,0
EXAM.US,5,20131121,190500,28.2000,28.2300,28.2000,28.2100,1433,0
EXAM.US,5,20131121,191000,28.2600,28.3300,28.2600,28.3300,700,0
EXAM.US,5,20131121,191500,28.3500,28.5500,28.3500,28.4800,4138,0
EXAM.US,5,20131121,192000,28.4900,28.4900,28.3600,28.3600,1466,0
EXAM.US,5,20131121,192500,28.3600,28.3800,28.3200,28.3200,600,0
EXAM.US,5,20131121,193000,28.3600,28.3800,28.3400,28.3400,600,0
EXAM.US,5,20131121,193500,28.3200,28.3800,28.3200,28.3800,600,0
EXAM.US,5,20131121,194000,28.3300,28.3700,28.3300,28.3400,1666,0
EXAM.US,5,20131121,194500,28.3600,28.4400,28.3600,28.4400,600,0
EXAM.US,5,20131121,195000,28.4500,28.4600,28.4400,28.4600,400,0
EXAM.US,5,20131121,195500,28.4600,28.4800,28.4000,28.4000,3103,0
EXAM.US,5,20131121,200000,28.4500,28.4500,28.3900,28.3900,1400,0
EXAM.US,5,20131121,200500,28.4100,28.5800,28.3000,28.3000,10124,0
EXAM.US,5,20131121,201000,28.3300,28.3300,28.2200,28.2700,2600,0
EXAM.US,5,20131121,201500,28.3100,28.3300,28.2600,28.2600,1666,0
EXAM.US,5,20131121,202000,28.3000,28.3800,28.2700,28.3400,1334,0
EXAM.US,5,20131121,202500,28.3400,28.3600,28.3200,28.3400,1400,0
EXAM.US,5,20131121,203000,28.3700,28.3700,28.3400,28.3600,700,0
EXAM.US,5,20131121,203500,28.3700,28.3700,28.3300,28.3600,1100,0
EXAM.US,5,20131121,204000,28.3600,28.3700,28.3600,28.3600,1200,0
EXAM.US,5,20131121,204500,28.3400,28.4200,28.3400,28.4200,4900,0
EXAM.US,5,20131121,205000,28.4500,28.4500,28.4400,28.4500,300,0
EXAM.US,5,20131121,205500,28.4200,28.4800,28.4200,28.4500,2450,0
EXAM.US,5,20131121,210000,28.4500,28.5000,28.4400,28.4400,3432,0
EXAM.US,5,20131121,210500,28.4300,28.6000,28.4300,28.5400,6100,0
EXAM.US,5,20131121,211000,28.6900,28.6900,28.5600,28.5600,1600,0
EXAM.US,5,20131121,211500,28.5700,28.5800,28.5500,28.5800,600,0
EXAM.US,5,20131121,212000,28.5400,28.5600,28.5000,28.5000,700,0
EXAM.US,5,20131121,212500,28.4500,28.4500,28.0200,28.3000,25797,0
EXAM.US,5,20131121,213000,28.3000,28.3100,28.2300,28.2400,1700,0
EXAM.US,5,20131121,213500,28.2500,28.3000,28.2400,28.2800,3395,0
EXAM.US,5,20131121,214000,28.3400,28.3900,28.2200,28.2900,4830,0
EXAM.US,5,20131121,214500,28.2800,28.3300,28.1800,28.3300,25745,0
EXAM.US,5,20131121,215000,28.3400,28.3800,28.3200,28.3500,3690,0
EXAM.US,5,20131121,215500,28.3700,28.4600,28.3000,28.4600,5288,0
EXAM.US,5,20131121,220000,28.4500,28.4600,28.3700,28.4500,8920,0
EXAM.US,5,20131121,220500,28.4300,28.4300,28.4300,28.4300,18077,0
EXAM.US,5,20131122,154000,28.2700,28.3800,28.2600,28.3800,1019,0
EXAM.US,5,20131122,155000,28.3500,28.3600,28.2600,28.3400,6400,0
EXAM.US,5,20131122,155500,28.3500,28.3700,28.3500,28.3600,1530,0
EXAM.US,5,20131122,160000,28.3800,28.4000,28.3800,28.4000,1157,0
EXAM.US,5,20131122,160500,28.4300,28.4300,28.3700,28.3700,200,0
EXAM.US,5,20131122,161000,28.4300,28.4500,28.4300,28.4500,500,0
EXAM.US,5,20131122,161500,28.4700,28.5300,28.4500,28.5300,940,0
EXAM.US,5,20131122,162000,28.5700,28.6100,28.5700,28.6100,994,0
EXAM.US,5,20131122,162500,28.6100,28.6100,28.4900,28.4900,1400,0
EXAM.US,5,20131122,163500,28.4800,28.5600,28.4800,28.5600,1200,0
EXAM.US,5,20131122,164000,28.5700,28.6900,28.5700,28.6900,1100,0
EXAM.US,5,20131122,164500,28.6700,28.7000,28.6400,28.7000,1967,0
EXAM.US,5,20131122,165000,28.6500,28.7100,28.6500,28.7100,933,0
EXAM.US,5,20131122,165500,28.7200,28.7200,28.6500,28.7200,700,0
EXAM.US,5,20131122,170000,28.7200,28.7200,28.6600,28.7100,900,0
EXAM.US,5,20131122,170500,28.6600,28.7100,28.6600,28.6600,1000,0
EXAM.US,5,20131122,171000,28.7000,28.7000,28.6300,28.6300,1836,0
EXAM.US,5,20131122,171500,28.6300,28.6600,28.5000,28.5100,4500,0
EXAM.US,5,20131122,172000,28.5000,28.5400,28.5000,28.5400,2000,0
EXAM.US,5,20131122,172500,28.5700,28.5700,28.5500,28.5500,200,0
EXAM.US,5,20131122,173000,28.5700,28.6100,28.5200,28.5200,2600,0
EXAM.US,5,20131122,173500,28.4700,28.5700,28.4700,28.5100,800,0
EXAM.US,5,20131122,174000,28.5200,28.5200,28.5100,28.5100,500,0
EXAM.US,5,20131122,174500,28.5100,28.5400,28.5100,28.5300,2300,0
EXAM.US,5,20131122,175000,28.5500,28.5600,28.5200,28.5400,700,0
EXAM.US,5,20131122,175500,28.5600,28.6000,28.5300,28.5500,5100,0
EXAM.US,5,20131122,180000,28.6000,28.6500,28.5900,28.6500,1333,0
EXAM.US,5,20131122,180500,28.6400,28.6700,28.6300,28.6300,1300,0
EXAM.US,5,20131122,181000,28.6300,28.6600,28.6300,28.6300,400,0
EXAM.US,5,20131122,181500,28.6700,28.6700,28.6300,28.6700,800,0
EXAM.US,5,20131122,182000,28.6700,28.6800,28.6200,28.6500,7306,0
EXAM.US,5,20131122,182500,28.6700,28.6700,28.6400,28.6400,600,0
EXAM.US,5,20131122,183000,28.6400,28.6900,28.6200,28.6500,2446,0
EXAM.US,5,20131122,183500,28.5900,28.6200,28.5000,28.5000,6848,0
EXAM.US,5,20131122,184000,28.4900,28.5300,28.4800,28.4900,800,0
EXAM.US,5,20131122,184500,28.4900,28.5100,28.4900,28.5100,600,0
EXAM.US,5,20131122,185000,28.5000,28.5500,28.5000,28.5400,1700,0
EXAM.US,5,20131122,185500,28.5600,28.5600,28.5500,28.5500,400,0
EXAM.US,5,20131122,190000,28.5500,28.5600,28.4700,28.5100,2700,0
EXAM.US,5,20131122,190500,28.5100,28.5300,28.5000,28.5300,1100,0
EXAM.US,5,20131122,191000,28.5400,28.6200,28.5400,28.5900,800,0
EXAM.US,5,20131122,191500,28.6500,28.6500,28.6000,28.6000,700,0
EXAM.US,5,20131122,192000,28.6000,28.6600,28.6000,28.6500,1100,0
EXAM.US,5,20131122,192500,28.6900,28.6900,28.6300,28.6900,1100,0
EXAM.US,5,20131122,193000,28.6900,28.7200,28.6700,28.6900,1200,0
EXAM.US,5,20131122,193500,28.6900,28.7000,28.5300,28.5300,3716,0
EXAM.US,5,20131122,194000,28.5300,28.5400,28.4700,28.4900,2779,0
EXAM.US,5,20131122,194500,28.4700,28.4800,28.4200,28.4700,3964,0
EXAM.US,5,20131122,195000,28.4200,28.4600,28.4200,28.4200,600,0
EXAM.US,5,20131122,195500,28.4300,28.4400,28.4200,28.4400,500,0
EXAM.US,5,20131122,200000,28.4300,28.5600,28.4200,28.5600,2500,0
EXAM.US,5,20131122,200500,28.5600,28.6400,28.5500,28.6400,700,0
EXAM.US,5,20131122,201000,28.6300,28.7200,28.6300,28.7000,1000,0
EXAM.US,5,20131122,201500,28.7100,28.7100,28.6800,28.7000,2400,0
EXAM.US,5,20131122,202000,28.6800,28.7000,28.6700,28.6800,6900,0
EXAM.US,5,20131122,202500,28.6800,28.7500,28.6800,28.7500,1681,0
EXAM.US,5,20131122,203000,28.7300,28.7600,28.7200,28.7600,1700,0
EXAM.US,5,20131122,203500,28.7200,28.7800,28.7100,28.7100,1867,0
EXAM.US,5,20131122,204000,28.7400,28.7500,28.6600,28.6600,3199,0
EXAM.US,5,20131122,204500,28.6600,28.7000,28.6600,28.6700,600,0
EXAM.US,5,20131122,205000,28.6700,28.6800,28.6300,28.6300,1734,0
EXAM.US,5,20131122,205500,28.6300,28.6800,28.6000,28.6200,1700,0
EXAM.US,5,20131122,210000,28.6400,28.6800,28.6200,28.6300,900,0
EXAM.US,5,20131122,210500,28.6700,28.7100,28.6500,28.7000,2600,0
EXAM.US,5,20131122,211000,28.7400,28.7400,28.5700,28.6100,15659,0
EXAM.US,5,20131122,211500,28.6200,28.6700,28.6200,28.6200,4100,0
EXAM.US,5,20131122,212000,28.6300,28.6400,28.6200,28.6400,3800,0
EXAM.US,5,20131122,212500,28.6400,28.6500,28.5900,28.6300,3800,0
EXAM.US,5,20131122,213000,28.6000,28.6300,28.6000,28.6300,4100,0
EXAM.US,5,20131122,213500,28.6200,28.6400,28.5900,28.6300,5640,0
EXAM.US,5,20131122,214000,28.6400,28.6700,28.6400,28.6700,3300,0
EXAM.US,5,20131122,214500,28.6500,28.6700,28.6000,28.6100,6700,0
EXAM.US,5,20131122,215000,28.5900,28.6600,28.5900,28.6500,7918,0
EXAM.US,5,20131122,215500,28.6600,28.7100,28.6400,28.6400,5486,0
EXAM.US,5,20131122,220000,28.6500,28.7000,28.6200,28.6300,8310,0
EXAM.US,5,20131122,220500,28.6300,28.6300,28.6300,28.6300,16613,0
EXAM.US,5,20131125,153500,28.2600,28.2600,28.2600,28.2600,200,0
EXAM.US,5,20131125,154500,28.5600,28.7100,28.5600,28.7100,566,0
EXAM.US,5,20131125,155000,28.6300,28.7200,28.6300,28.7200,533,0
EXAM.US,5,20131125,155500,28.7200,28.7200,28.6800,28.7000,400,0
EXAM.US,5,20131125,160500,28.6700,28.6700,28.4500,28.5000,3446,0
EXAM.US,5,20131125,161000,28.5000,28.6100,28.5000,28.6100,3029,0
EXAM.US,5,20131125,161500,28.6100,28.6100,28.5000,28.5600,2766,0
EXAM.US,5,20131125,162000,28.5600,28.5900,28.5200,28.5800,1233,0
EXAM.US,5,20131125,162500,28.5700,28.5700,28.5600,28.5600,433,0
EXAM.US,5,20131125,163000,28.5200,28.5200,28.5000,28.5000,1186,0
EXAM.US,5,20131125,163500,28.5000,28.5000,28.5000,28.5000,300,0
EXAM.US,5,20131125,164000,28.4900,28.5000,28.3800,28.4600,1869,0
EXAM.US,5,20131125,164500,28.4500,28.4500,28.4500,28.4500,433,0
EXAM.US,5,20131125,165000,28.4500,28.4900,28.3700,28.3700,900,0
EXAM.US,5,20131125,165500,28.4700,28.5300,28.4200,28.5300,600,0
EXAM.US,5,20131125,170000,28.4400,28.4800,28.4400,28.4700,600,0
EXAM.US,5,20131125,170500,28.4400,28.4800,28.4200,28.4400,1966,0
EXAM.US,5,20131125,171000,28.4000,28.4100,28.3200,28.3900,3194,0
EXAM.US,5,20131125,171500,28.3500,28.3500,28.3500,28.3500,300,0
EXAM.US,5,20131125,172000,28.3500,28.5000,28.3500,28.4900,3113,0
EXAM.US,5,20131125,172500,28.4400,28.5400,28.4400,28.5400,700,0
EXAM.US,5,20131125,173000,28.6000,28.6300,28.6000,28.6300,2600,0
EXAM.US,5,20131125,173500,28.5700,28.6100,28.5600,28.5700,2366,0
EXAM.US,5,20131125,174000,28.5400,28.5500,28.4600,28.4600,800,0
EXAM.US,5,20131125,174500,28.4900,28.5100,28.4400,28.4500,4200,0
EXAM.US,5,20131125,175000,28.4500,28.5900,28.4500,28.5900,1700,0
EXAM.US,5,20131125,175500,28.6000,28.6000,28.5700,28.5800,600,0
EXAM.US,5,20131125,180000,28.5700,28.5800,28.5700,28.5700,500,0
EXAM.US,5,20131125,180500,28.5700,28.6000,28.5700,28.6000,400,0
EXAM.US,5,20131125,181000,28.5400,28.5400,28.5400,28.5400,400,0
EXAM.US,5,20131125,181500,28.5700,28.5700,28.5700,28.5700,1200,0
EXAM.US,5,20131125,182000,28.5700,28.5700,28.5700,28.5700,100,0
EXAM.US,5,20131125,182500,28.5400,28.5600,28.4800,28.5200,1733,0
EXAM.US,5,20131125,183000,28.5100,28.5300,28.4800,28.4800,400,0
EXAM.US,5,20131125,183500,28.5100,28.5100,28.4000,28.4200,1835,0
EXAM.US,5,20131125,184000,28.4400,28.4500,28.4400,28.4500,303,0
EXAM.US,5,20131125,184500,28.4600,28.5000,28.4500,28.4500,2940,0
EXAM.US,5,20131125,185000,28.4900,28.5100,28.4700,28.4800,500,0
EXAM.US,5,20131125,185500,28.4500,28.4500,28.4500,28.4500,100,0
EXAM.US,5,20131125,190000,28.4900,28.5000,28.4800,28.5000,400,0
EXAM.US,5,20131125,190500,28.5200,28.5200,28.4800,28.4800,600,0
EXAM.US,5,20131125,191000,28.4900,28.5000,28.4400,28.4400,1000,0
EXAM.US,5,20131125,191500,28.4500,28.4500,28.3800,28.3800,400,0
EXAM.US,5,20131125,192000,28.4100,28.4200,28.4100,28.4100,500,0
EXAM.US,5,20131125,192500,28.4300,28.4400,28.4100,28.4400,1300,0
EXAM.US,5,20131125,193000,28.4300,28.4300,28.4100,28.4100,200,0
EXAM.US,5,20131125,193500,28.3800,28.3800,28.3800,28.3800,433,0
EXAM.US,5,20131125,194000,28.4100,28.4200,28.4100,28.4200,400,0
EXAM.US,5,20131125,194500,28.4000,28.4000,28.4000,28.4000,300,0
EXAM.US,5,20131125,195000,28.4100,28.4600,28.4100,28.4200,300,0
EXAM.US,5,20131125,195500,28.4400,28.4400,28.4300,28.4300,200,0
EXAM.US,5,20131125,200000,28.4200,28.4700,28.4100,28.4700,600,0
EXAM.US,5,20131125,200500,28.4400,28.4400,28.4300,28.4300,200,0
EXAM.US,5,20131125,201000,28.4200,28.4400,28.4100,28.4200,700,0
EXAM.US,5,20131125,201500,28.4200,28.4500,28.4200,28.4500,200,0
EXAM.US,5,20131125,202000,28.4100,28.4200,28.4000,28.4200,504,0
EXAM.US,5,20131125,202500,28.4000,28.4300,28.4000,28.4100,1250,0
EXAM.US,5,20131125,203000,28.4200,28.4200,28.3800,28.4000,2712,0
EXAM.US,5,20131125,203500,28.3800,28.3800,28.3300,28.3400,1000,0
EXAM.US,5,20131125,204000,28.3500,28.3600,28.3300,28.3500,500,0
EXAM.US,5,20131125,204500,28.3500,28.3500,28.3500,28.3500,200,0
EXAM.US,5,20131125,205000,28.3500,28.3900,28.3300,28.3500,700,0
EXAM.US,5,20131125,205500,28.3500,28.3500,28.3300,28.3300,300,0
EXAM.US,5,20131125,210000,28.3500,28.3800,28.3300,28.3500,600,0
EXAM.US,5,20131125,210500,28.3700,28.3700,28.3200,28.3200,900,0
EXAM.US,5,20131125,211000,28.3300,28.3300,28.2300,28.2500,6225,0
EXAM.US,5,20131125,211500,28.2500,28.2500,28.1800,28.2100,3566,0
EXAM.US,5,20131125,212000,28.2100,28.2600,28.2000,28.2600,4598,0
EXAM.US,5,20131125,212500,28.2400,28.2700,28.1900,28.2700,5500,0
EXAM.US,5,20131125,213000,28.2700,28.2700,28.2100,28.2200,748,0
EXAM.US,5,20131125,213500,28.2200,28.2200,28.1500,28.2000,3002,0
EXAM.US,5,20131125,214000,28.2100,28.3000,28.2100,28.2700,4200,0
EXAM.US,5,20131125,214500,28.2800,28.2800,28.2800,28.2800,100,0
EXAM.US,5,20131125,215000,28.2800,28.2800,28.2300,28.2600,3000,0
EXAM.US,5,20131125,215500,28.2700,28.3100,28.2700,28.3000,1900,0
EXAM.US,5,20131125,220000,28.3000,28.3200,28.2800,28.3000,5979,0
EXAM.US,5,20131125,220500,28.3000,28.3000,28.3000,28.3000,6119,0
EXAM.US,5,20131126,154000,28.3500,28.3500,28.0300,28.0700,1986,0
EXAM.US,5,20131126,154500,28.0900,28.2200,28.0700,28.1900,2284,0
EXAM.US,5,20131126,155000,28.2600,28.2600,28.2000,28.2600,400,0
EXAM.US,5,20131126,155500,28.3000,28.3200,28.2400,28.3200,600,0
EXAM.US,5,20131126,160000,28.2300,28.3200,28.2300,28.2300,733,0
EXAM.US,5,20131126,160500,28.3000,28.3200,28.2600,28.3100,1100,0
EXAM.US,5,20131126,161000,28.3000,28.3000,28.3000,28.3000,300,0
EXAM.US,5,20131126,161500,28.3000,28.3300,28.2200,28.2800,833,0
EXAM.US,5,20131126,162000,28.2800,28.2900,28.1500,28.1500,1832,0
EXAM.US,5,20131126,162500,28.2800,28.3400,28.1800,28.3400,1146,0
EXAM.US,5,20131126,163000,28.3300,28.3600,28.2700,28.3300,900,0
EXAM.US,5,20131126,163500,28.3100,28.3200,28.2800,28.2800,400,0
EXAM.US,5,20131126,164000,28.3000,28.3000,28.2000,28.2000,1199,0
EXAM.US,5,20131126,165000,28.2400,28.2800,28.1500,28.1900,2902,0
EXAM.US,5,20131126,165500,28.2800,28.3000,28.2700,28.2700,500,0
EXAM.US,5,20131126,170000,28.2400,28.2500,28.1900,28.2300,1100,0
EXAM.US,5,20131126,171000,28.3000,28.3300,28.2900,28.2900,700,0
EXAM.US,5,20131126,171500,28.3500,28.3600,28.2900,28.2900,600,0
EXAM.US,5,20131126,172000,28.3500,28.3600,28.3000,28.3100,2557,0
EXAM.US,5,20131126,172500,28.3200,28.3200,28.3200,28.3200,100,0
EXAM.US,5,20131126,173000,28.3500,28.3500,28.2900,28.3300,833,0
EXAM.US,5,20131126,173500,28.2900,28.3000,28.2400,28.2400,1067,0
EXAM.US,5,20131126,174000,28.2500,28.3200,28.2500,28.3200,300,0
EXAM.US,5,20131126,174500,28.3600,28.3600,28.3500,28.3600,3115,0
EXAM.US,5,20131126,175000,28.3200,28.3200,28.3200,28.3200,440,0
EXAM.US,5,20131126,175500,28.3500,28.3500,28.3200,28.3500,500,0
EXAM.US,5,20131126,180000,28.2700,28.2900,28.2700,28.2900,300,0
EXAM.US,5,20131126,181000,28.3600,28.3600,28.3600,28.3600,200,0
EXAM.US,5,20131126,181500,28.3600,28.3600,28.3600,28.3600,500,0
EXAM.US,5,20131126,182000,28.3600,28.3600,28.3600,28.3600,200,0
EXAM.US,5,20131126,182500,28.3600,28.3600,28.3500,28.3600,800,0
EXAM.US,5,20131126,183000,28.3600,28.3600,28.3300,28.3300,350,0
EXAM.US,5,20131126,183500,28.3600,28.3600,28.3600,28.3600,3377,0
EXAM.US,5,20131126,184000,28.3600,28.3600,28.3500,28.3500,500,0
EXAM.US,5,20131126,184500,28.3600,28.3600,28.3500,28.3500,300,0
EXAM.US,5,20131126,185000,28.3600,28.3600,28.3400,28.3600,1100,0
EXAM.US,5,20131126,190000,28.3600,28.3600,28.3600,28.3600,503,0
EXAM.US,5,20131126,190500,28.3300,28.3300,28.2400,28.2800,2073,0
EXAM.US,5,20131126,191000,28.2600,28.3300,28.2600,28.3300,583,0
EXAM.US,5,20131126,191500,28.3500,28.3500,28.3500,28.3500,100,0
EXAM.US,5,20131126,192000,28.3700,28.3700,28.3500,28.3600,600,0
EXAM.US,5,20131126,192500,28.3500,28.3600,28.3500,28.3600,200,0
EXAM.US,5,20131126,193000,28.3700,28.3700,28.3700,28.3700,100,0
EXAM.US,5,20131126,193500,28.3700,28.3700,28.3700,28.3700,100,0
EXAM.US,5,20131126,194000,28.3700,28.3900,28.3700,28.3900,900,0
EXAM.US,5,20131126,194500,28.3900,28.4100,28.3900,28.4100,1200,0
EXAM.US,5,20131126,195000,28.4200,28.4200,28.3600,28.3600,2400,0
EXAM.US,5,20131126,195500,28.3600,28.4000,28.3600,28.3700,1800,0
EXAM.US,5,20131126,200000,28.3800,28.3800,28.3700,28.3800,900,0
EXAM.US,5,20131126,200500,28.3600,28.4000,28.3600,28.4000,200,0
EXAM.US,5,20131126,201000,28.3600,28.3600,28.3600,28.3600,200,0
EXAM.US,5,20131126,201500,28.3900,28.3900,28.3900,28.3900,100,0
EXAM.US,5,20131126,202000,28.4000,28.4100,28.3700,28.4100,1400,0
EXAM.US,5,20131126,202500,28.4200,28.4300,28.4100,28.4300,800,0
EXAM.US,5,20131126,203000,28.4300,28.4500,28.4300,28.4500,766,0
EXAM.US,5,20131126,203500,28.4500,28.4500,28.4200,28.4200,700,0
EXAM.US,5,20131126,204000,28.4700,28.4700,28.4700,28.4700,100,0
EXAM.US,5,20131126,204500,28.4500,28.4500,28.4500,28.4500,100,0
EXAM.US,5,20131126,205000,28.4700,28.5500,28.4500,28.5300,3400,0
EXAM.US,5,20131126,205500,28.5200,28.5400,28.5200,28.5400,500,0
EXAM.US,5,20131126,210000,28.5200,28.5700,28.5200,28.5700,1800,0
EXAM.US,5,20131126,210500,28.5700,28.5700,28.5700,28.5700,900,0
EXAM.US,5,20131126,211000,28.6000,28.6000,28.6000,28.6000,1300,0
EXAM.US,5,20131126,211500,28.5700,28.6000,28.5700,28.6000,800,0
EXAM.US,5,20131126,212000,28.5700,28.6000,28.5700,28.6000,1356,0
EXAM.US,5,20131126,212500,28.6000,28.6400,28.6000,28.6200,2200,0
EXAM.US,5,20131126,213000,28.6200,28.6400,28.6000,28.6400,1100,0
EXAM.US,5,20131126,213500,28.6300,28.7600,28.6300,28.7600,6500,0
EXAM.US,5,20131126,214000,28.7500,28.7800,28.7200,28.7600,3100,0
EXAM.US,5,20131126,214500,28.7900,28.8300,28.7900,28.8300,2900,0
EXAM.US,5,20131126,215000,28.8300,28.8400,28.7900,28.8000,8201,0
EXAM.US,5,20131126,215500,28.8000,28.8300,28.7700,28.8000,6287,0
EXAM.US,5,20131126,220000,28.8300,28.8800,28.8200,28.8700,18397,0
EXAM.US,5,20131126,220500,28.8700,28.8700,28.8700,28.8700,20095,0
EXAM.US,5,20131127,153500,28.6900,28.6900,28.6900,28.6900,200,0
EXAM.US,5,20131127,154500,28.8300,28.8800,28.7700,28.8800,700,0
EXAM.US,5,20131127,155000,28.8800,28.8800,28.7800,28.8200,300,0
EXAM.US,5,20131127,155500,28.8500,28.8700,28.7500,28.8100,1457,0
EXAM.US,5,20131127,160000,28.8100,28.8700,28.8000,28.8600,2109,0
EXAM.US,5,20131127,160500,28.8500,28.8600,28.7800,28.7800,1486,0
EXAM.US,5,20131127,161000,28.8400,28.8500,28.8400,28.8500,300,0
EXAM.US,5,20131127,161500,28.8500,28.8500,28.8500,28.8500,200,0
EXAM.US,5,20131127,162000,28.8500,28.8500,28.8400,28.8400,302,0
EXAM.US,5,20131127,162500,28.8100,28.8500,28.8100,28.8200,11333,0
EXAM.US,5,20131127,163000,28.8700,28.8700,28.8700,28.8700,100,0
EXAM.US,5,20131127,163500,28.8700,28.8700,28.8400,28.8400,300,0
EXAM.US,5,20131127,164000,28.8700,28.8700,28.8500,28.8700,1700,0
EXAM.US,5,20131127,164500,28.8700,28.8700,28.8700,28.8700,1100,0
EXAM.US,5,20131127,165000,28.8500,28.8900,28.8500,28.8900,1166,0
EXAM.US,5,20131127,165500,28.9000,28.9000,28.8800,28.8800,1667,0
EXAM.US,5,20131127,170000,28.9000,28.9300,28.9000,28.9300,1300,0
EXAM.US,5,20131127,170500,28.9300,28.9700,28.9300,28.9700,1800,0
EXAM.US,5,20131127,171000,28.9700,28.9900,28.9700,28.9700,1166,0
EXAM.US,5,20131127,171500,28.9900,28.9900,28.9400,28.9400,2399,0
EXAM.US,5,20131127,172000,28.9400,28.9400,28.8800,28.9000,1100,0
EXAM.US,5,20131127,172500,28.9300,28.9400,28.9300,28.9300,900,0
EXAM.US,5,20131127,173000,28.9700,28.9800,28.9700,28.9800,300,0
EXAM.US,5,20131127,173500,28.9800,28.9800,28.9600,28.9800,1000,0
EXAM.US,5,20131127,174000,28.9700,28.9800,28.9500,28.9800,800,0
EXAM.US,5,20131127,175000,28.9900,28.9900,28.9700,28.9700,400,0
EXAM.US,5,20131127,175500,28.9500,28.9500,28.8500,28.9200,4433,0
EXAM.US,5,20131127,180000,28.9300,28.9400,28.9200,28.9400,600,0
EXAM.US,5,20131127,180500,28.9400,28.9400,28.9300,28.9300,300,0
EXAM.US,5,20131127,181000,28.9400,28.9400,28.9400,28.9400,100,0
EXAM.US,5,20131127,181500,28.9400,28.9400,28.8600,28.8700,1300,0
EXAM.US,5,20131127,182000,28.9200,28.9200,28.9200,28.9200,100,0
EXAM.US,5,20131127,183000,28.9000,28.9300,28.9000,28.9100,300,0
EXAM.US,5,20131127,183500,28.9200,28.9500,28.9200,28.9500,600,0
EXAM.US,5,20131127,184000,28.9700,28.9700,28.9300,28.9300,200,0
EXAM.US,5,20131127,184500,28.9800,28.9800,28.9300,28.9600,3300,0
EXAM.US,5,20131127,185000,28.9700,28.9800,28.9500,28.9500,900,0
EXAM.US,5,20131127,185500,28.9600,28.9600,28.9300,28.9300,500,0
EXAM.US,5,20131127,190000,28.9600,28.9600,28.9400,28.9400,300,0
EXAM.US,5,20131127,190500,28.9500,28.9500,28.9300,28.9400,400,0
EXAM.US,5,20131127,191500,28.9300,28.9500,28.9300,28.9500,400,0
EXAM.US,5,20131127,192000,28.9600,28.9600,28.9100,28.9400,300,0
EXAM.US,5,20131127,192500,28.9500,28.9500,28.9400,28.9500,600,0
EXAM.US,5,20131127,193000,28.9300,28.9700,28.9300,28.9300,1071,0
EXAM.US,5,20131127,193500,28.9400,28.9400,28.9100,28.9100,700,0
EXAM.US,5,20131127,194000,28.9000,28.9500,28.8800,28.9500,897,0
EXAM.US,5,20131127,194500,28.9600,28.9600,28.9200,28.9200,200,0
EXAM.US,5,20131127,195000,28.9600,28.9600,28.9200,28.9400,700,0
EXAM.US,5,20131127,195500,28.9400,28.9700,28.9400,28.9700,500,0
EXAM.US,5,20131127,200000,28.9400,28.9700,28.9200,28.9200,800,0
EXAM.US,5,20131127,200500,28.9700,28.9700,28.9200,28.9200,1000,0
EXAM.US,5,20131127,201000,28.9200,28.9200,28.9200,28.9200,700,0
EXAM.US,5,20131127,201500,28.9600,28.9600,28.9200,28.9200,6798,0
EXAM.US,5,20131127,202000,28.9200,28.9500,28.8800,28.8800,600,0
EXAM.US,5,20131127,202500,28.8800,28.8800,28.8800,28.8800,400,0
EXAM.US,5,20131127,203000,28.8900,28.8900,28.8900,28.8900,300,0
EXAM.US,5,20131127,203500,28.9000,28.9400,28.8900,28.9200,941,0
EXAM.US,5,20131127,204000,28.9500,28.9500,28.9000,28.9000,300,0
EXAM.US,5,20131127,204500,28.9200,28.9300,28.9000,28.9000,464,0
EXAM.US,5,20131127,205000,28.9000,28.9400,28.9000,28.9000,700,0
EXAM.US,5,20131127,205500,28.9300,28.9300,28.9300,28.9300,100,0
EXAM.US,5,20131127,210000,28.9300,28.9300,28.9100,28.9100,200,0
EXAM.US,5,20131127,210500,28.9500,28.9500,28.9200,28.9200,600,0
EXAM.US,5,20131127,211000,28.9400,28.9500,28.9200,28.9400,1607,0
EXAM.US,5,20131127,211500,28.9300,28.9300,28.8700,28.8700,2546,0
EXAM.US,5,20131127,212000,28.8600,28.8700,28.8600,28.8700,400,0
EXAM.US,5,20131127,212500,28.8900,28.9600,28.8800,28.9600,3800,0
EXAM.US,5,20131127,213000,28.9200,28.9600,28.9200,28.9500,2500,0
EXAM.US,5,20131127,213500,28.9400,28.9400,28.8900,28.8900,1165,0
EXAM.US,5,20131127,214000,28.8900,28.9000,28.8500,28.8900,2059,0
EXAM.US,5,20131127,214500,28.8700,28.8800,28.8600,28.8800,2800,0
EXAM.US,5,20131127,215000,28.8800,28.9100,28.8000,28.8100,1900,0
EXAM.US,5,20131127,215500,28.8100,28.8700,28.8100,28.8600,2600,0
EXAM.US,5,20131127,220000,28.8800,28.9100,28.8600,28.8900,10658,0
EXAM.US,5,20131127,220500,28.9000,28.9000,28.9000,28.9000,3467,0
EXAM.US,5,20131129,153500,28.8400,28.9000,28.8400,28.9000,6861,0
EXAM.US,5,20131129,154000,28.9100,28.9100,28.8000,28.8000,900,0
EXAM.US,5,20131129,155000,28.7900,28.9600,28.7900,28.9600,966,0
EXAM.US,5,20131129,155500,29.0000,29.0000,29.0000,29.0000,200,0
EXAM.US,5,20131129,160000,28.9900,28.9900,28.8800,28.8800,367,0
EXAM.US,5,20131129,160500,28.9500,28.9500,28.8900,28.9200,500,0
EXAM.US,5,20131129,161000,28.9300,28.9900,28.9000,28.9000,1323,0
EXAM.US,5,20131129,161500,28.9900,29.0000,28.9100,28.9200,1033,0
EXAM.US,5,20131129,162000,28.9000,29.0000,28.9000,28.9000,700,0
EXAM.US,5,20131129,162500,28.9000,28.9600,28.9000,28.9600,200,0
EXAM.US,5,20131129,163000,28.9900,28.9900,28.8900,28.8900,450,0
EXAM.US,5,20131129,163500,28.9800,29.0000,28.9800,29.0000,200,0
EXAM.US,5,20131129,164000,28.9300,28.9300,28.9000,28.9000,600,0
EXAM.US,5,20131129,164500,28.9100,28.9600,28.8500,28.9600,1900,0
EXAM.US,5,20131129,165500,28.9600,28.9600,28.9600,28.9600,100,0
EXAM.US,5,20131129,170000,28.9800,28.9800,28.9100,28.9100,633,0
EXAM.US,5,20131129,170500,28.9500,28.9700,28.9100,28.9400,800,0
EXAM.US,5,20131129,171000,28.8800,28.9600,28.8800,28.9600,633,0
EXAM.US,5,20131129,171500,28.9600,29.0100,28.9600,29.0100,4787,0
EXAM.US,5,20131129,172000,29.0800,29.2900,29.0800,29.2900,1166,0
EXAM.US,5,20131129,172500,29.2200,29.2900,29.2100,29.2800,1450,0
EXAM.US,5,20131129,173000,29.2500,29.2900,29.2100,29.2800,3800,0
EXAM.US,5,20131129,173500,29.2100,29.2800,29.2000,29.2300,1900,0
EXAM.US,5,20131129,174000,29.2200,29.3100,29.1900,29.3100,2600,0
EXAM.US,5,20131129,174500,29.2600,29.3500,29.1400,29.2600,4389,0
EXAM.US,5,20131129,175000,29.2700,29.3800,29.2700,29.3600,2217,0
EXAM.US,5,20131129,175500,29.3700,29.4500,29.3300,29.4500,700,0
EXAM.US,5,20131129,180000,29.3800,29.4400,29.3700,29.4300,4300,0
EXAM.US,5,20131129,180500,29.4000,29.4500,29.4000,29.4300,2600,0
EXAM.US,5,20131129,181000,29.4700,29.4900,29.4700,29.4900,2050,0
EXAM.US,5,20131129,181500,29.4900,29.5700,29.4900,29.5600,2191,0
EXAM.US,5,20131129,182000,29.5700,29.5800,29.5100,29.5800,3315,0
EXAM.US,5,20131129,182500,29.5500,29.5900,29.3500,29.5100,3228,0
EXAM.US,5,20131129,183000,29.5500,29.5700,29.4900,29.5700,700,0
EXAM.US,5,20131129,183500,29.5500,29.5900,29.5500,29.5700,1233,0
EXAM.US,5,20131129,184000,29.5900,29.5900,29.4300,29.4900,1800,0
EXAM.US,5,20131129,184500,29.5000,29.5000,29.5000,29.5000,500,0
EXAM.US,5,20131129,185000,29.5400,29.5400,29.5000,29.5200,2200,0
EXAM.US,5,20131129,185500,29.5200,29.5400,29.5200,29.5200,1777,0
EXAM.US,5,20131129,190000,29.5400,29.5400,29.4600,29.4900,6498,0
EXAM.US,5,20131129,190500,29.5100,29.5100,29.5100,29.5100,8181,0
EXAM.US,5,20131202,153500,29.2700,29.2700,29.2500,29.2700,1200,0
EXAM.US,5,20131202,154000,29.0200,29.2100,29.0200,29.1800,1400,0
EXAM.US,5,20131202,154500,29.2700,29.2700,29.2000,29.2000,200,0
EXAM.US,5,20131202,155000,29.2200,29.2200,29.1600,29.1600,300,0
EXAM.US,5,20131202,155500,29.1800,29.1800,29.1800,29.1800,100,0
EXAM.US,5,20131202,160000,29.0900,29.0900,29.0300,29.0600,400,0
EXAM.US,5,20131202,160500,29.0600,29.1300,29.0600,29.1300,500,0
EXAM.US,5,20131202,161000,29.0800,29.0800,29.0500,29.0500,216,0
EXAM.US,5,20131202,161500,29.0500,29.1000,29.0300,29.0700,845,0
EXAM.US,5,20131202,162000,29.0700,29.0700,29.0700,29.0700,100,0
EXAM.US,5,20131202,162500,29.0900,29.0900,29.0700,29.0700,700,0
EXAM.US,5,20131202,163000,29.0600,29.0900,29.0500,29.0800,1783,0
EXAM.US,5,20131202,163500,29.0500,29.0500,28.9200,28.9200,4800,0
EXAM.US,5,20131202,164000,28.9200,28.9400,28.9000,28.9300,600,0
EXAM.US,5,20131202,164500,28.9500,29.0300,28.9500,28.9500,1305,0
EXAM.US,5,20131202,165000,28.9900,29.0100,28.9500,28.9500,1200,0
EXAM.US,5,20131202,165500,28.9800,29.0600,28.9800,29.0600,600,0
EXAM.US,5,20131202,170000,29.0700,29.0700,29.0300,29.0300,400,0
EXAM.US,5,20131202,170500,29.0900,29.2000,29.0800,29.2000,2434,0
EXAM.US,5,20131202,171000,29.2300,29.3000,29.2100,29.3000,4382,0
EXAM.US,5,20131202,171500,29.2500,29.3200,29.2400,29.2700,4400,0
EXAM.US,5,20131202,172000,29.2600,29.2700,29.2500,29.2500,1300,0
EXAM.US,5,20131202,172500,29.2600,29.2600,29.2300,29.2300,700,0
EXAM.US,5,20131202,173000,29.1600,29.1600,29.1600,29.1600,100,0
EXAM.US,5,20131202,173500,29.2100,29.2100,29.2100,29.2100,100,0
EXAM.US,5,20131202,174000,29.1700,29.1800,29.1700,29.1700,500,0
EXAM.US,5,20131202,174500,29.0700,29.0800,29.0300,29.0800,693,0
EXAM.US,5,20131202,175000,29.0000,29.0300,29.0000,29.0300,300,0
EXAM.US,5,20131202,175500,29.0100,29.1300,29.0100,29.1300,200,0
EXAM.US,5,20131202,180000,29.0900,29.1400,28.9800,29.0300,9384,0
EXAM.US,5,20131202,180500,29.0100,29.0100,28.9700,28.9700,1000,0
EXAM.US,5,20131202,181000,29.0000,29.0700,28.9800,29.0400,10700,0
EXAM.US,5,20131202,181500,29.0900,29.1400,29.0200,29.0800,11600,0
EXAM.US,5,20131202,182000,29.1200,29.1800,29.0000,29.0200,16944,0
EXAM.US,5,20131202,182500,29.0100,29.0800,28.9900,29.0400,9200,0
EXAM.US,5,20131202,183000,29.0600,29.0700,28.9100,28.9200,14250,0
EXAM.US,5,20131202,183500,28.9500,28.9700,28.9500,28.9700,600,0
EXAM.US,5,20131202,184000,29.0100,29.0100,28.9500,28.9800,1020,0
EXAM.US,5,20131202,184500,28.9800,29.0100,28.9400,28.9700,5418,0
EXAM.US,5,20131202,185000,28.9700,28.9900,28.9400,28.9900,1200,0
EXAM.US,5,20131202,185500,28.9600,28.9700,28.9600,28.9700,500,0
EXAM.US,5,20131202,190000,29.0400,29.0500,28.9900,28.9900,500,0
EXAM.US,5,20131202,190500,28.9800,29.0100,28.9500,28.9500,1200,0
EXAM.US,5,20131202,191000,29.0100,29.0100,29.0100,29.0100,200,0
EXAM.US,5,20131202,191500,28.9700,28.9700,28.9300,28.9500,2204,0
EXAM.US,5,20131202,192000,28.9500,28.9500,28.9500,28.9500,300,0
EXAM.US,5,20131202,192500,28.9300,28.9800,28.9300,28.9800,500,0
EXAM.US,5,20131202,193000,28.9700,28.9800,28.9500,28.9500,2101,0
EXAM.US,5,20131202,193500,28.8900,28.9200,28.8000,28.8000,900,0
EXAM.US,5,20131202,194000,28.8000,28.9800,28.8000,28.9800,2800,0
EXAM.US,5,20131202,194500,29.0300,29.0300,28.9900,29.0000,2500,0
EXAM.US,5,20131202,195000,29.0000,29.0200,28.9900,28.9900,1500,0
EXAM.US,5,20131202,195500,28.9900,29.0000,28.9900,29.0000,400,0
EXAM.US,5,20131202,200000,29.0100,29.0200,29.0000,29.0200,500,0
EXAM.US,5,20131202,200500,29.0100,29.0100,28.9900,28.9900,1500,0
EXAM.US,5,20131202,201000,28.9900,29.0100,28.9900,29.0000,700,0
EXAM.US,5,20131202,201500,28.9900,29.0200,28.9900,29.0000,5405,0
EXAM.US,5,20131202,202000,29.0000,29.0200,28.9800,29.0200,2649,0
EXAM.US,5,20131202,202500,29.0100,29.0200,29.0000,29.0100,1500,0
EXAM.US,5,20131202,203000,28.9900,29.0300,28.9200,28.9500,5459,0
EXAM.US,5,20131202,203500,28.9600,28.9900,28.9400,28.9800,2461,0
EXAM.US,5,20131202,204000,28.9800,29.0200,28.9600,28.9800,1500,0
EXAM.US,5,20131202,204500,28.9900,29.0000,28.9600,29.0000,3000,0
EXAM.US,5,20131202,205000,29.0200,29.0200,28.9900,29.0000,4451,0
EXAM.US,5,20131202,205500,29.0200,29.0200,29.0000,29.0200,1700,0
EXAM.US,5,20131202,210000,29.0300,29.0300,29.0100,29.0100,200,0
EXAM.US,5,20131202,210500,29.0200,29.0400,29.0200,29.0300,900,0
EXAM.US,5,20131202,211000,29.0300,29.0300,29.0000,29.0000,2400,0
EXAM.US,5,20131202,211500,28.9900,29.0000,28.9600,29.0000,2100,0
EXAM.US,5,20131202,212000,29.0100,29.0200,28.9800,29.0200,3500,0
EXAM.US,5,20131202,212500,29.0200,29.0200,29.0100,29.0200,800,0
EXAM.US,5,20131202,213000,29.0300,29.0300,28.9900,29.0000,2000,0
EXAM.US,5,20131202,213500,29.0000,29.0100,28.9900,28.9900,5600,0
EXAM.US,5,20131202,214000,29.0000,29.0100,28.9900,29.0100,2540,0
EXAM.US,5,20131202,214500,29.0100,29.0100,28.9900,29.0100,4528,0
EXAM.US,5,20131202,215000,29.0100,29.0100,28.9900,28.9900,5019,0
EXAM.US,5,20131202,215500,28.9900,29.0000,28.9500,28.9900,4964,0
EXAM.US,5,20131202,220000,28.9900,29.0000,28.9800,28.9900,4572,0
EXAM.US,5,20131202,220500,28.9800,28.9800,28.9800,28.9800,7735,0
EXAM.US,5,20131203,154000,29.0000,29.0800,29.0000,29.0800,500,0
EXAM.US,5,20131203,154500,29.0000,29.0000,28.9900,28.9900,300,0
EXAM.US,5,20131203,160000,29.0300,29.0300,29.0300,29.0300,200,0
EXAM.US,5,20131203,160500,29.0300,29.0400,28.9500,28.9600,1340,0
EXAM.US,5,20131203,161500,28.9500,28.9500,28.9500,28.9500,146,0
EXAM.US,5,20131203,162000,28.9600,28.9800,28.9300,28.9300,900,0
EXAM.US,5,20131203,162500,28.9900,28.9900,28.9400,28.9400,200,0
EXAM.US,5,20131203,163500,28.9300,29.0000,28.9300,28.9500,1000,0
EXAM.US,5,20131203,164000,29.0000,29.0200,28.9500,29.0200,6007,0
EXAM.US,5,20131203,164500,29.0200,29.0200,29.0000,29.0000,900,0
EXAM.US,5,20131203,165000,29.0000,29.0100,29.0000,29.0000,616,0
EXAM.US,5,20131203,165500,29.0000,29.0000,28.9500,28.9500,1000,0
EXAM.US,5,20131203,170000,28.9800,29.0100,28.9300,29.0100,6600,0
EXAM.US,5,20131203,170500,29.0000,29.0000,28.9900,28.9900,2845,0
EXAM.US,5,20131203,171000,28.9900,28.9900,28.9900,28.9900,1600,0
EXAM.US,5,20131203,171500,29.0000,29.0100,28.9800,29.0100,3250,0
EXAM.US,5,20131203,172000,29.0000,29.0200,28.9900,28.9900,2000,0
EXAM.US,5,20131203,173000,29.0100,29.0100,28.9800,29.0100,2200,0
EXAM.US,5,20131203,173500,29.0100,29.0300,29.0000,29.0300,847,0
EXAM.US,5,20131203,174000,29.0300,29.0300,29.0300,29.0300,100,0
EXAM.US,5,20131203,174500,29.0300,29.0300,28.9900,29.0200,600,0
EXAM.US,5,20131203,175000,29.0300,29.0300,28.9900,28.9900,700,0
EXAM.US,5,20131203,175500,29.0200,29.0200,28.9800,28.9800,200,0
EXAM.US,5,20131203,180000,29.0300,29.0400,28.9900,29.0400,2200,0
EXAM.US,5,20131203,180500,29.0500,29.0500,28.9900,29.0400,5300,0
EXAM.US,5,20131203,181000,29.0000,29.0400,29.0000,29.0400,1600,0
EXAM.US,5,20131203,182000,29.0100,29.0600,29.0100,29.0300,2980,0
EXAM.US,5,20131203,182500,29.0200,29.0200,29.0100,29.0100,200,0
EXAM.US,5,20131203,183000,29.0600,29.0600,29.0100,29.0200,1839,0
EXAM.US,5,20131203,183500,29.0200,29.0200,29.0200,29.0200,100,0
EXAM.US,5,20131203,184000,29.0500,29.0900,29.0200,29.0900,3731,0
EXAM.US,5,20131203,184500,29.0300,29.0700,29.0300,29.0700,900,0
EXAM.US,5,20131203,185000,29.0300,29.0700,29.0000,29.0600,1300,0
EXAM.US,5,20131203,185500,29.0100,29.0600,29.0000,29.0000,1600,0
EXAM.US,5,20131203,190000,29.0000,29.0500,28.9800,28.9800,3910,0
EXAM.US,5,20131203,190500,29.0000,29.0400,28.9500,28.9900,2019,0
EXAM.US,5,20131203,191000,28.9500,29.0200,28.9500,28.9900,2000,0
EXAM.US,5,20131203,191500,29.0100,29.0100,28.9700,29.0000,2100,0
EXAM.US,5,20131203,192000,29.0100,29.0100,28.9900,29.0000,1400,0
EXAM.US,5,20131203,192500,29.0000,29.0000,28.9900,28.9900,428,0
EXAM.US,5,20131203,193000,28.9900,29.0000,28.9500,28.9500,3636,0
EXAM.US,5,20131203,193500,28.9700,29.0000,28.9600,28.9800,1600,0
EXAM.US,5,20131203,194000,29.0000,29.0300,28.9700,29.0000,4228,0
EXAM.US,5,20131203,194500,29.0200,29.0200,28.9900,29.0100,700,0
EXAM.US,5,20131203,195000,29.0100,29.0100,28.9900,28.9900,3291,0
EXAM.US,5,20131203,195500,29.0000,29.0000,29.0000,29.0000,1000,0
EXAM.US,5,20131203,200000,29.0000,29.0000,28.9900,28.9900,485,0
EXAM.US,5,20131203,200500,28.9900,29.0000,28.9900,28.9900,994,0
EXAM.US,5,20131203,201000,29.0100,29.0100,29.0100,29.0100,100,0
EXAM.US,5,20131203,201500,28.9900,28.9900,28.9900,28.9900,100,0
EXAM.US,5,20131203,202000,28.9800,29.0100,28.9700,28.9900,2766,0
EXAM.US,5,20131203,202500,28.9900,28.9900,28.9900,28.9900,474,0
EXAM.US,5,20131203,203000,28.9800,29.0000,28.9700,28.9900,400,0
EXAM.US,5,20131203,203500,29.0000,29.0100,28.9900,29.0100,1690,0
EXAM.US,5,20131203,204000,29.0200,29.0400,29.0200,29.0200,1376,0
EXAM.US,5,20131203,204500,29.0400,29.0400,29.0200,29.0400,400,0
EXAM.US,5,20131203,205000,29.0400,29.0400,29.0100,29.0100,1300,0
EXAM.US,5,20131203,205500,29.0400,29.0400,29.0300,29.0300,700,0
EXAM.US,5,20131203,210000,29.0300,29.0300,29.0300,29.0300,200,0
EXAM.US,5,20131203,210500,29.0300,29.0600,29.0100,29.0300,1200,0
EXAM.US,5,20131203,211000,29.0400,29.0400,29.0200,29.0300,1600,0
EXAM.US,5,20131203,211500,29.0200,29.0400,29.0200,29.0400,2433,0
EXAM.US,5,20131203,212000,29.0400,29.0500,29.0300,29.0500,723,0
EXAM.US,5,20131203,212500,29.0600,29.0600,29.0600,29.0600,300,0
EXAM.US,5,20131203,213000,29.0600,29.0600,29.0400,29.0600,1700,0
EXAM.US,5,20131203,213500,29.0500,29.0800,29.0500,29.0800,1500,0
EXAM.US,5,20131203,214000,29.0700,29.0900,29.0700,29.0700,1000,0
EXAM.US,5,20131203,214500,29.0600,29.0600,29.0200,29.0400,3000,0
EXAM.US,5,20131203,215000,29.0300,29.0900,29.0300,29.0900,3900,0
EXAM.US,5,20131203,215500,29.0700,29.0900,29.0700,29.0700,3900,0
EXAM.US,5,20131203,220000,29.0600,29.0800,29.0400,29.0500,11901,0
EXAM.US,5,20131203,220500,29.0400,29.0400,29.0400,29.0400,22796,0
EXAM.US,5,20131204,153500,28.8400,28.8400,28.8400,28.8400,200,0
EXAM.US,5,20131204,154000,28.8600,28.8600,28.8000,28.8000,1151,0
EXAM.US,5,20131204,154500,28.8000,28.9000,28.8000,28.9000,2333,0
EXAM.US,5,20131204,155000,28.9100,28.9700,28.9000,28.9700,900,0
EXAM.US,5,20131204,160000,28.8800,28.8800,28.8800,28.8800,333,0
EXAM.US,5,20131204,160500,28.9700,29.0100,28.9700,29.0100,200,0
EXAM.US,5,20131204,161000,29.0000,29.0000,29.0000,29.0000,500,0
EXAM.US,5,20131204,161500,28.9800,29.0100,28.9800,29.0100,1003,0
EXAM.US,5,20131204,162000,29.0000,29.0400,28.9700,28.9700,2300,0
EXAM.US,5,20131204,162500,29.0400,29.0400,29.0300,29.0300,400,0
EXAM.US,5,20131204,163500,29.0300,29.0400,29.0300,29.0400,1000,0
EXAM.US,5,20131204,164000,29.0700,29.1000,29.0700,29.0800,1600,0
EXAM.US,5,20131204,164500,29.0100,29.0800,29.0100,29.0100,537,0
EXAM.US,5,20131204,165000,28.9800,29.0100,28.9800,28.9800,900,0
EXAM.US,5,20131204,165500,28.9600,29.0000,28.9600,29.0000,400,0
EXAM.US,5,20131204,170500,28.9700,28.9700,28.9500,28.9500,1300,0
EXAM.US,5,20131204,171000,28.9700,28.9700,28.9500,28.9700,350,0
EXAM.US,5,20131204,171500,28.9600,28.9600,28.9500,28.9600,1000,0
EXAM.US,5,20131204,172000,28.9300,28.9600,28.9300,28.9600,200,0
EXAM.US,5,20131204,172500,28.9400,28.9400,28.8000,28.9000,10700,0
EXAM.US,5,20131204,173000,28.9000,28.9300,28.9000,28.9000,600,0
EXAM.US,5,20131204,174000,28.9000,28.9000,28.9000,28.9000,500,0
EXAM.US,5,20131204,174500,28.9000,28.9600,28.8900,28.9600,700,0
EXAM.US,5,20131204,180000,28.9300,28.9500,28.9300,28.9500,200,0
EXAM.US,5,20131204,180500,28.9300,28.9300,28.8800,28.8800,2400,0
EXAM.US,5,20131204,181000,28.9200,28.9200,28.9200,28.9200,100,0
EXAM.US,5,20131204,181500,28.9400,28.9400,28.9000,28.9400,600,0
EXAM.US,5,20131204,182000,28.9500,28.9600,28.9000,28.9600,3200,0
EXAM.US,5,20131204,182500,28.9500,28.9600,28.9500,28.9600,300,0
EXAM.US,5,20131204,183000,28.9300,28.9600,28.8800,28.9100,13798,0
EXAM.US,5,20131204,183500,28.8800,28.9300,28.8800,28.9300,1200,0
EXAM.US,5,20131204,184000,28.8900,28.9300,28.8900,28.8900,390,0
EXAM.US,5,20131204,184500,28.9000,28.9700,28.9000,28.9700,8800,0
EXAM.US,5,20131204,185000,29.0000,29.0000,28.9000,28.9000,4600,0
EXAM.US,5,20131204,185500,28.9000,28.9000,28.9000,28.9000,300,0
EXAM.US,5,20131204,190000,28.9000,28.9300,28.8600,28.9000,800,0
EXAM.US,5,20131204,191000,28.8800,28.8800,28.8400,28.8400,500,0
EXAM.US,5,20131204,192000,28.8100,28.8600,28.8100,28.8600,1500,0
EXAM.US,5,20131204,192500,28.8400,28.8700,28.8000,28.8200,2250,0
EXAM.US,5,20131204,193000,28.8000,28.8400,28.7800,28.8100,2036,0
EXAM.US,5,20131204,193500,28.7800,28.8300,28.6500,28.7900,4800,0
EXAM.US,5,20131204,194000,28.8200,28.8400,28.7800,28.8400,400,0
EXAM.US,5,20131204,194500,28.8400,28.8500,28.8200,28.8200,600,0
EXAM.US,5,20131204,195000,28.8500,28.8700,28.8500,28.8700,646,0
EXAM.US,5,20131204,195500,28.8900,28.8900,28.8900,28.8900,400,0
EXAM.US,5,20131204,200000,28.8600,28.9000,28.8600,28.9000,200,0
EXAM.US,5,20131204,200500,28.9000,28.9100,28.8500,28.8700,2600,0
EXAM.US,5,20131204,201000,28.8700,28.9900,28.8700,28.9900,4155,0
EXAM.US,5,20131204,201500,28.9300,28.9900,28.9300,28.9900,300,0
EXAM.US,5,20131204,202000,28.9400,29.0000,28.9300,28.9300,400,0
EXAM.US,5,20131204,202500,28.9300,28.9300,28.9300,28.9300,100,0
EXAM.US,5,20131204,203000,28.9900,28.9900,28.9100,28.9100,500,0
EXAM.US,5,20131204,203500,28.9900,28.9900,28.9600,28.9600,300,0
EXAM.US,5,20131204,204000,28.9300,28.9300,28.9300,28.9300,100,0
EXAM.US,5,20131204,204500,28.9400,28.9900,28.9400,28.9900,400,0
EXAM.US,5,20131204,205000,28.9900,28.9900,28.9900,28.9900,500,0
EXAM.US,5,20131204,205500,29.0000,29.0000,28.9800,28.9800,200,0
EXAM.US,5,20131204,210000,29.0000,29.0200,28.9600,29.0000,2246,0
EXAM.US,5,20131204,210500,29.0200,29.0200,28.9800,29.0100,300,0
EXAM.US,5,20131204,211000,28.9900,29.0200,28.9900,29.0200,300,0
EXAM.US,5,20131204,211500,29.0200,29.0200,29.0200,29.0200,600,0
EXAM.US,5,20131204,212000,29.0200,29.0500,29.0000,29.0500,1200,0
EXAM.US,5,20131204,212500,29.0500,29.0700,29.0400,29.0700,1000,0
EXAM.US,5,20131204,213000,29.0700,29.0700,29.0100,29.0500,1500,0
EXAM.US,5,20131204,213500,29.0100,29.0500,29.0100,29.0500,1200,0
EXAM.US,5,20131204,214000,29.0700,29.0800,29.0400,29.0600,1900,0
EXAM.US,5,20131204,214500,29.0600,29.1000,29.0600,29.1000,600,0
EXAM.US,5,20131204,215000,29.0700,29.0800,29.0500,29.0700,5145,0
EXAM.US,5,20131204,215500,29.0700,29.0800,29.0400,29.0800,6410,0
EXAM.US,5,20131204,220000,29.0800,29.0800,29.0200,29.0200,5115,0
EXAM.US,5,20131204,220500,29.0100,29.0100,29.0100,29.0100,9773,0
EXAM.US,5,20131205,153500,28.9900,28.9900,28.9900,28.9900,100,0
EXAM.US,5,20131205,154000,28.9400,28.9400,28.9400,28.9400,333,0
EXAM.US,5,20131205,154500,29.0000,29.0000,28.9700,28.9700,400,0
EXAM.US,5,20131205,155500,29.0100,29.0200,29.0100,29.0200,500,0
EXAM.US,5,20131205,160000,29.0300,29.0300,29.0300,29.0300,500,0
EXAM.US,5,20131205,160500,29.0200,29.0800,29.0200,29.0700,1749,0
EXAM.US,5,20131205,161000,29.0800,29.0900,29.0800,29.0900,300,0
EXAM.US,5,20131205,161500,29.0900,29.1000,29.0900,29.0900,300,0
EXAM.US,5,20131205,162000,29.0900,29.0900,29.0900,29.0900,100,0
EXAM.US,5,20131205,162500,29.0900,29.0900,29.0900,29.0900,100,0
EXAM.US,5,20131205,163000,29.0500,29.0900,29.0500,29.0900,800,0
EXAM.US,5,20131205,163500,29.0900,29.1000,29.0900,29.1000,894,0
EXAM.US,5,20131205,164000,29.1100,29.1200,29.0600,29.1200,300,0
EXAM.US,5,20131205,164500,29.0700,29.0700,29.0600,29.0600,400,0
EXAM.US,5,20131205,165000,29.0100,29.0400,29.0100,29.0400,200,0
EXAM.US,5,20131205,170500,29.0900,29.0900,29.0200,29.0900,830,0
EXAM.US,5,20131205,171000,29.0900,29.1200,29.0900,29.1200,1000,0
EXAM.US,5,20131205,171500,29.1200,29.1200,29.0900,29.1100,300,0
EXAM.US,5,20131205,172000,29.1000,29.1100,29.0300,29.0800,3680,0
EXAM.US,5,20131205,172500,29.0800,29.1100,29.0800,29.1100,400,0
EXAM.US,5,20131205,173000,29.0500,29.0900,29.0500,29.0500,600,0
EXAM.US,5,20131205,173500,29.0900,29.0900,29.0900,29.0900,100,0
EXAM.US,5,20131205,174000,29.0800,29.0800,29.0000,29.0000,370,0
EXAM.US,5,20131205,174500,29.0300,29.0900,29.0300,29.0300,3800,0
EXAM.US,5,20131205,175000,29.0000,29.0500,28.8000,29.0100,15218,0
EXAM.US,5,20131205,175500,28.9400,29.0100,28.9400,29.0100,1400,0
EXAM.US,5,20131205,180000,29.0100,29.0900,28.9700,29.0900,4700,0
EXAM.US,5,20131205,180500,29.0900,29.0900,29.0400,29.0400,200,0
EXAM.US,5,20131205,181000,29.1000,29.1200,29.0700,29.0700,1325,0
EXAM.US,5,20131205,181500,29.1300,29.1300,29.1100,29.1300,500,0
EXAM.US,5,20131205,182000,29.1100,29.1400,29.1100,29.1400,482,0
EXAM.US,5,20131205,182500,29.1200,29.1200,29.1200,29.1200,100,0
EXAM.US,5,20131205,183000,29.1000,29.1000,29.1000,29.1000,100,0
EXAM.US,5,20131205,183500,29.1200,29.1200,29.1200,29.1200,100,0
EXAM.US,5,20131205,184000,29.1100,29.1300,29.1100,29.1300,780,0
EXAM.US,5,20131205,184500,29.1000,29.1300,29.1000,29.1300,1500,0
EXAM.US,5,20131205,185000,29.0900,29.0900,29.0900,29.0900,200,0
EXAM.US,5,20131205,185500,29.0900,29.1400,29.0900,29.1400,1700,0
EXAM.US,5,20131205,190000,29.1400,29.1500,29.1400,29.1500,500,0
EXAM.US,5,20131205,190500,29.1500,29.1500,29.1000,29.1000,1616,0
EXAM.US,5,20131205,191000,29.1400,29.1400,29.1400,29.1400,100,0
EXAM.US,5,20131205,191500,29.1000,29.1500,29.1000,29.1300,3259,0
EXAM.US,5,20131205,192000,29.1300,29.1300,29.1300,29.1300,1700,0
EXAM.US,5,20131205,192500,29.1300,29.1300,29.1000,29.1000,300,0
EXAM.US,5,20131205,193500,29.1500,29.1500,29.1100,29.1100,200,0
EXAM.US,5,20131205,194000,29.1500,29.1700,29.1400,29.1400,1300,0
EXAM.US,5,20131205,194500,29.1700,29.1700,29.1400,29.1400,1800,0
EXAM.US,5,20131205,195000,29.1400,29.1400,29.1400,29.1400,600,0
EXAM.US,5,20131205,195500,29.1700,29.1800,29.1700,29.1700,600,0
EXAM.US,5,20131205,200000,29.1500,29.1500,29.1500,29.1500,100,0
EXAM.US,5,20131205,200500,29.1900,29.2100,29.1500,29.2100,2775,0
EXAM.US,5,20131205,201000,29.2100,29.2300,29.2000,29.2300,800,0
EXAM.US,5,20131205,202000,29.2300,29.2300,29.1900,29.1900,900,0
EXAM.US,5,20131205,202500,29.1800,29.1800,29.1800,29.1800,100,0
EXAM.US,5,20131205,203000,29.1600,29.1800,29.1300,29.1800,1600,0
EXAM.US,5,20131205,203500,29.1700,29.1700,29.1500,29.1500,200,0
EXAM.US,5,20131205,204000,29.1800,29.1900,29.1800,29.1900,700,0
EXAM.US,5,20131205,204500,29.1900,29.1900,29.1900,29.1900,400,0
EXAM.US,5,20131205,205000,29.2000,29.2000,29.1500,29.1500,600,0
EXAM.US,5,20131205,205500,29.1500,29.1500,29.1000,29.1000,1500,0
EXAM.US,5,20131205,210000,29.1100,29.1100,28.9800,29.0300,2400,0
EXAM.US,5,20131205,210500,29.0200,29.0600,29.0100,29.0100,816,0
EXAM.US,5,20131205,211000,29.0600,29.0700,29.0500,29.0500,1233,0
EXAM.US,5,20131205,211500,29.0500,29.0600,29.0500,29.0600,1750,0
EXAM.US,5,20131205,212000,29.0600,29.0600,29.0400,29.0500,716,0
EXAM.US,5,20131205,212500,29.0500,29.0600,29.0100,29.0500,2800,0
EXAM.US,5,20131205,213000,29.0200,29.0500,29.0000,29.0300,1500,0
EXAM.US,5,20131205,213500,29.0300,29.0600,29.0200,29.0400,5338,0
EXAM.US,5,20131205,214000,29.0400,29.0600,29.0300,29.0500,4800,0
EXAM.US,5,20131205,214500,29.0500,29.0600,29.0300,29.0400,4755,0
EXAM.US,5,20131205,215000,29.0500,29.0500,28.9800,29.0000,2198,0
EXAM.US,5,20131205,215500,29.0000,29.0800,28.9900,29.0600,2947,0
EXAM.US,5,20131205,220000,29.0700,29.1100,29.0500,29.0600,5700,0
EXAM.US,5,20131205,220500,29.0600,29.0600,29.0600,29.0600,3232,0
EXAM.US,5,20131206,154000,29.1000,29.1000,29.1000,29.1000,100,0
EXAM.US,5,20131206,154500,29.2000,29.2000,29.1500,29.1500,200,0
EXAM.US,5,20131206,155000,29.1400,29.2500,29.1200,29.1200,814,0
EXAM.US,5,20131206,155500,29.1800,29.2300,29.1800,29.2300,200,0
EXAM.US,5,20131206,160000,29.2500,29.2500,29.1500,29.2200,600,0
EXAM.US,5,20131206,160500,29.2600,29.2600,29.1500,29.1500,700,0
EXAM.US,5,20131206,161000,29.1300,29.2000,29.1300,29.2000,400,0
EXAM.US,5,20131206,161500,29.1700,29.2500,29.1700,29.2000,400,0
EXAM.US,5,20131206,162000,29.1900,29.1900,29.1600,29.1600,300,0
EXAM.US,5,20131206,162500,29.1500,29.2200,29.1500,29.2200,500,0
EXAM.US,5,20131206,163000,29.1500,29.1500,29.0600,29.0600,200,0
EXAM.US,5,20131206,164000,29.0900,29.1000,29.0900,29.1000,200,0
EXAM.US,5,20131206,164500,29.1000,29.1000,29.1000,29.1000,100,0
EXAM.US,5,20131206,165500,29.1000,29.1000,29.1000,29.1000,100,0
EXAM.US,5,20131206,170000,29.1100,29.1400,29.1000,29.1400,773,0
EXAM.US,5,20131206,170500,29.1900,29.2000,29.1100,29.1200,2600,0
EXAM.US,5,20131206,171000,29.1300,29.1300,29.1100,29.1100,1300,0
EXAM.US,5,20131206,171500,29.1000,29.1300,29.0600,29.1100,2196,0
EXAM.US,5,20131206,172000,29.1000,29.1100,29.0600,29.0600,300,0
EXAM.US,5,20131206,172500,29.1000,29.1000,29.0600,29.0600,800,0
EXAM.US,5,20131206,173000,29.1000,29.1000,29.0600,29.1000,800,0
EXAM.US,5,20131206,173500,29.1000,29.1400,29.0600,29.1400,2254,0
EXAM.US,5,20131206,174000,29.1500,29.1500,28.9500,28.9500,6200,0
EXAM.US,5,20131206,174500,28.9500,29.1700,28.8800,29.1700,23408,0
EXAM.US,5,20131206,175000,29.1700,29.2100,29.1400,29.2000,1800,0
EXAM.US,5,20131206,175500,29.2200,29.2300,29.2000,29.2100,1200,0
EXAM.US,5,20131206,180000,29.2300,29.2500,29.1900,29.1900,8200,0
EXAM.US,5,20131206,181000,29.2200,29.2500,29.2200,29.2200,1000,0
EXAM.US,5,20131206,181500,29.2400,29.2500,29.2200,29.2400,1736,0
EXAM.US,5,20131206,182000,29.2500,29.2500,29.2300,29.2400,700,0
EXAM.US,5,20131206,182500,29.2400,29.2500,29.2200,29.2300,1200,0
EXAM.US,5,20131206,183000,29.2500,29.2600,29.2300,29.2600,1100,0
EXAM.US,5,20131206,183500,29.2700,29.2800,29.2500,29.2600,1900,0
EXAM.US,5,20131206,184000,29.2900,29.2900,29.2600,29.2900,2121,0
EXAM.US,5,20131206,184500,29.2800,29.2900,29.2700,29.2700,1800,0
EXAM.US,5,20131206,185000,29.2900,29.2900,29.2700,29.2900,600,0
EXAM.US,5,20131206,185500,29.2800,29.2800,29.2600,29.2700,1100,0
EXAM.US,5,20131206,190000,29.2700,29.2800,29.2300,29.2300,2595,0
EXAM.US,5,20131206,190500,29.2300,29.2400,29.1800,29.1800,1300,0
EXAM.US,5,20131206,191000,29.1900,29.2000,29.1900,29.2000,500,0
EXAM.US,5,20131206,191500,29.2000,29.2200,29.2000,29.2200,1000,0
EXAM.US,5,20131206,192000,29.2000,29.2400,29.1800,29.2000,6200,0
EXAM.US,5,20131206,192500,29.2100,29.2500,29.1900,29.2500,1200,0
EXAM.US,5,20131206,193000,29.2500,29.2600,29.2300,29.2500,900,0
EXAM.US,5,20131206,193500,29.2600,29.2700,29.2500,29.2700,2200,0
EXAM.US,5,20131206,194000,29.2700,29.2700,29.2500,29.2500,1400,0
EXAM.US,5,20131206,194500,29.2500,29.2900,29.2500,29.2800,7900,0
EXAM.US,5,20131206,195000,29.2800,29.2800,29.2700,29.2800,1800,0
EXAM.US,5,20131206,195500,29.2800,29.2800,29.0100,29.0500,28966,0
EXAM.US,5,20131206,200000,29.0600,29.0600,29.0600,29.0600,800,0
EXAM.US,5,20131206,200500,29.0800,29.0800,29.0600,29.0600,1800,0
EXAM.US,5,20131206,201000,29.0800,29.0800,29.0600,29.0800,1100,0
EXAM.US,5,20131206,201500,29.0800,29.1000,29.0700,29.1000,2068,0
EXAM.US,5,20131206,202000,29.1100,29.1100,29.0900,29.0900,1468,0
EXAM.US,5,20131206,202500,29.0900,29.0900,29.0600,29.0600,500,0
EXAM.US,5,20131206,203000,29.0600,29.0600,29.0600,29.0600,491,0
EXAM.US,5,20131206,203500,29.0700,29.0900,29.0600,29.0900,1100,0
EXAM.US,5,20131206,204000,29.0900,29.1000,29.0600,29.0800,1500,0
EXAM.US,5,20131206,204500,29.1000,29.1600,29.0800,29.1400,3200,0
EXAM.US,5,20131206,205000,29.1600,29.1700,29.1600,29.1600,1000,0
EXAM.US,5,20131206,205500,29.1800,29.1800,29.1600,29.1600,1000,0
EXAM.US,5,20131206,210000,29.1200,29.1200,29.1200,29.1200,100,0
EXAM.US,5,20131206,210500,29.1300,29.1500,29.1300,29.1500,1900,0
EXAM.US,5,20131206,211000,29.1500,29.1800,29.1400,29.1700,1400,0
EXAM.US,5,20131206,211500,29.1700,29.1800,29.1700,29.1800,1600,0
EXAM.US,5,20131206,212000,29.1800,29.1800,29.1700,29.1700,1100,0
EXAM.US,5,20131206,212500,29.1800,29.2000,29.1700,29.1900,2100,0
EXAM.US,5,20131206,213000,29.2000,29.2000,29.1900,29.2000,2000,0
EXAM.US,5,20131206,213500,29.2000,29.2500,29.1900,29.2500,4300,0
EXAM.US,5,20131206,214000,29.2500,29.2500,29.1700,29.1800,4100,0
EXAM.US,5,20131206,214500,29.1900,29.2400,29.1900,29.2300,1900,0
EXAM.US,5,20131206,215000,29.2300,29.2400,29.2300,29.2300,1900,0
EXAM.US,5,20131206,215500,29.2400,29.2500,29.2300,29.2400,2628,0
EXAM.US,5,20131206,220000,29.2400,29.2500,29.2000,29.2000,10752,0
EXAM.US,5,20131206,220500,29.2100,29.2100,29.2100,29.2100,4738,0
EXAM.US,5,20131209,153500,29.2000,29.2100,29.0700,29.1800,1500,0
EXAM.US,5,20131209,154500,29.2900,29.3500,29.2300,29.3200,9712,0
EXAM.US,5,20131209,155000,29.3300,29.3400,29.3200,29.3200,1300,0
EXAM.US,5,20131209,155500,29.3200,29.3200,29.3100,29.3200,1100,0
EXAM.US,5,20131209,160000,29.3200,29.3400,29.3200,29.3400,800,0
EXAM.US,5,20131209,160500,29.3100,29.3500,29.2900,29.3200,4975,0
EXAM.US,5,20131209,161000,29.3100,29.3400,29.3100,29.3300,3800,0
EXAM.US,5,20131209,161500,29.3300,29.3400,29.3200,29.3300,3900,0
EXAM.US,5,20131209,162000,29.3200,29.3200,29.3000,29.3100,5049,0
EXAM.US,5,20131209,162500,29.2900,29.3000,29.2600,29.2800,3400,0
EXAM.US,5,20131209,163000,29.2800,29.2900,29.2800,29.2900,1700,0
EXAM.US,5,20131209,163500,29.3000,29.3100,29.2800,29.2900,1400,0
EXAM.US,5,20131209,164000,29.3000,29.3000,29.2600,29.2900,1300,0
EXAM.US,5,20131209,164500,29.3100,29.3500,29.2900,29.3500,4000,0
EXAM.US,5,20131209,165500,29.3400,29.3400,29.3100,29.3100,600,0
EXAM.US,5,20131209,170000,29.3100,29.3100,29.2700,29.2800,3100,0
EXAM.US,5,20131209,170500,29.2500,29.2800,29.2500,29.2800,300,0
EXAM.US,5,20131209,171000,29.2800,29.2900,29.2500,29.2900,2100,0
EXAM.US,5,20131209,171500,29.2600,29.2600,29.2600,29.2600,100,0
EXAM.US,5,20131209,172500,29.3000,29.3100,29.3000,29.3100,500,0
EXAM.US,5,20131209,173000,29.2900,29.3000,29.2900,29.2900,300,0
EXAM.US,5,20131209,173500,29.3000,29.3100,29.2900,29.3100,800,0
EXAM.US,5,20131209,174000,29.2800,29.2900,29.2800,29.2800,400,0
EXAM.US,5,20131209,174500,29.2800,29.3400,29.2800,29.3300,9016,0
EXAM.US,5,20131209,175000,29.2900,29.3300,29.2900,29.3300,400,0
EXAM.US,5,20131209,175500,29.3100,29.3100,29.2900,29.2900,400,0
EXAM.US,5,20131209,180000,29.3100,29.3100,29.3100,29.3100,200,0
EXAM.US,5,20131209,180500,29.3100,29.3300,29.3100,29.3300,1900,0
EXAM.US,5,20131209,181000,29.3100,29.3100,29.3100,29.3100,600,0
EXAM.US,5,20131209,182000,29.2900,29.3100,29.2900,29.3100,600,0
EXAM.US,5,20131209,182500,29.2900,29.2900,29.2800,29.2800,500,0
EXAM.US,5,20131209,183000,29.3200,29.3200,29.2800,29.2800,1000,0
EXAM.US,5,20131209,183500,29.2800,29.2800,29.2800,29.2800,1900,0
EXAM.US,5,20131209,184000,29.3000,29.3000,29.3000,29.3000,100,0
EXAM.US,5,20131209,184500,29.2800,29.3200,29.2800,29.3200,1400,0
EXAM.US,5,20131209,185000,29.3200,29.3300,29.3100,29.3200,1000,0
EXAM.US,5,20131209,185500,29.3300,29.3300,29.3000,29.3300,700,0
EXAM.US,5,20131209,190000,29.3300,29.3300,29.2800,29.2800,10970,0
EXAM.US,5,20131209,190500,29.2800,29.2900,29.2800,29.2800,11129,0
EXAM.US,5,20131209,191000,29.2900,29.2900,29.2800,29.2800,800,0
EXAM.US,5,20131209,191500,29.2800,29.3000,29.2800,29.2800,3400,0
EXAM.US,5,20131209,192000,29.3100,29.3100,29.2800,29.3100,500,0
EXAM.US,5,20131209,192500,29.3100,29.3200,29.3000,29.3000,500,0
EXAM.US,5,20131209,193000,29.3200,29.3300,29.3200,29.3300,856,0
EXAM.US,5,20131209,193500,29.3100,29.3100,29.2900,29.3000,1623,0
EXAM.US,5,20131209,194000,29.3000,29.3000,29.2800,29.2900,600,0
EXAM.US,5,20131209,194500,29.2800,29.2900,29.2800,29.2800,1968,0
EXAM.US,5,20131209,195000,29.2800,29.2800,29.2800,29.2800,1400,0
EXAM.US,5,20131209,195500,29.2800,29.2800,29.2800,29.2800,1948,0
EXAM.US,5,20131209,200000,29.2900,29.2900,29.2700,29.2700,200,0
EXAM.US,5,20131209,200500,29.2800,29.2800,29.2500,29.2700,500,0
EXAM.US,5,20131209,201000,29.2500,29.2600,29.2500,29.2500,500,0
EXAM.US,5,20131209,201500,29.2400,29.2400,29.2400,29.2400,500,0
EXAM.US,5,20131209,202000,29.2400,29.2400,29.2400,29.2400,200,0
EXAM.US,5,20131209,202500,29.2300,29.2300,29.1900,29.1900,400,0
EXAM.US,5,20131209,203000,29.1900,29.2100,29.1900,29.2000,3010,0
EXAM.US,5,20131209,203500,29.1800,29.2100,29.1800,29.2000,6460,0
EXAM.US,5,20131209,204000,29.2000,29.2200,29.2000,29.2100,1864,0
EXAM.US,5,20131209,204500,29.2100,29.2500,29.2100,29.2500,2200,0
EXAM.US,5,20131209,205000,29.2700,29.2700,29.2700,29.2700,500,0
EXAM.US,5,20131209,205500,29.2600,29.2600,29.2600,29.2600,700,0
EXAM.US,5,20131209,210000,29.2500,29.2700,29.2500,29.2700,1500,0
EXAM.US,5,20131209,210500,29.2700,29.2700,29.2700,29.2700,1200,0
EXAM.US,5,20131209,211000,29.2500,29.2700,29.2500,29.2700,600,0
EXAM.US,5,20131209,211500,29.2700,29.2700,29.2500,29.2700,1324,0
EXAM.US,5,20131209,212000,29.3000,29.3100,29.2800,29.2800,800,0
EXAM.US,5,20131209,212500,29.2900,29.3000,29.2500,29.2600,2200,0
EXAM.US,5,20131209,213000,29.2500,29.2600,29.2500,29.2500,7600,0
EXAM.US,5,20131209,213500,29.2500,29.2600,29.2500,29.2600,2900,0
EXAM.US,5,20131209,214000,29.2600,29.2600,29.2500,29.2500,2200,0
EXAM.US,5,20131209,214500,29.2500,29.2600,29.2400,29.2600,16711,0
EXAM.US,5,20131209,215000,29.2600,29.2700,29.2400,29.2500,5273,0
EXAM.US,5,20131209,215500,29.2500,29.2600,29.2100,29.2300,11670,0
EXAM.US,5,20131209,220000,29.2200,29.2200,29.1800,29.1900,11342,0
EXAM.US,5,20131209,220500,29.2000,29.2000,29.2000,29.2000,41832,0
