<TICKER>,<PER>,<DTYYYYMMDD>,<TIME>,<OPEN>,<HIGH>,<LOW>,<CLOSE>,<VOL>,<OPENINT>
FBS-A.US,5,20131112,214500,29.6700,29.6700,29.6700,29.6700,100,0
FBS-A.US,5,20131113,155000,29.9000,29.9000,29.8900,29.8900,300,0
FBS-A.US,5,20131113,160500,30.0000,30.0000,30.0000,30.0000,200,0
FBS-A.US,5,20131113,174000,30.0000,30.0000,30.0000,30.0000,600,0
FBS-A.US,5,20131113,191000,30.0000,30.0000,30.0000,30.0000,800,0
FBS-A.US,5,20131114,163500,30.0000,30.0000,30.0000,30.0000,500,0
FBS-A.US,5,20131114,164000,30.0000,30.0000,30.0000,30.0000,800,0
FBS-A.US,5,20131114,172500,29.9800,30.0000,29.9800,30.0000,700,0
FBS-A.US,5,20131114,173000,30.2500,30.2500,30.2500,30.2500,1100,0
FBS-A.US,5,20131114,173500,30.2500,30.2500,30.2500,30.2500,400,0
FBS-A.US,5,20131114,180000,29.9800,29.9900,29.9800,29.9900,500,0
FBS-A.US,5,20131114,193500,29.9900,30.0000,29.9900,29.9900,2300,0
FBS-A.US,5,20131114,204500,30.0000,30.0000,30.0000,30.0000,278,0
FBS-A.US,5,20131114,205500,30.0000,30.0000,30.0000,30.0000,200,0
FBS-A.US,5,20131115,165000,30.0100,30.0100,30.0100,30.0100,500,0
FBS-A.US,5,20131115,173000,30.1200,30.1200,30.1200,30.1200,229,0
FBS-A.US,5,20131115,180000,30.0000,30.0000,30.0000,30.0000,535,0
FBS-A.US,5,20131115,205500,30.0000,30.0000,30.0000,30.0000,746,0
FBS-A.US,5,20131115,210500,30.0000,30.0000,30.0000,30.0000,690,0
FBS-A.US,5,20131115,215500,30.0000,30.0000,30.0000,30.0000,300,0
FBS-A.US,5,20131118,163500,29.9600,29.9600,29.9600,29.9600,309,0
FBS-A.US,5,20131118,171000,29.9500,29.9500,29.9500,29.9500,100,0
FBS-A.US,5,20131118,201500,30.0000,30.0000,30.0000,30.0000,1000,0
FBS-A.US,5,20131118,202000,29.8100,29.8100,29.5300,29.5300,800,0
FBS-A.US,5,20131119,153500,29.7500,29.7500,29.7500,29.7500,951,0
FBS-A.US,5,20131119,201500,29.7600,29.7600,29.7600,29.7600,200,0
FBS-A.US,5,20131119,202000,29.9000,29.9000,29.9000,29.9000,300,0
FBS-A.US,5,20131120,153500,29.8200,29.8200,29.8200,29.8200,540,0
FBS-A.US,5,20131120,175500,29.9500,29.9500,29.9500,29.9500,400,0
FBS-A.US,5,20131120,180500,29.9100,29.9100,29.9100,29.9100,500,0
FBS-A.US,5,20131120,181000,29.9500,29.9500,29.9500,29.9500,100,0
FBS-A.US,5,20131120,182000,30.2000,30.2500,30.2000,30.2500,1350,0
FBS-A.US,5,20131120,205000,29.7600,29.7600,29.7600,29.7600,100,0
FBS-A.US,5,20131120,211500,29.7700,29.7700,29.6500,29.6500,1000,0
FBS-A.US,5,20131121,191000,29.7800,29.7800,29.7800,29.7800,500,0
FBS-A.US,5,20131121,191500,29.7900,29.7900,29.7900,29.7900,500,0
FBS-A.US,5,20131121,192000,29.7900,29.7900,29.7900,29.7900,1100,0
FBS-A.US,5,20131121,214500,29.7900,29.7900,29.7900,29.7900,560,0
FBS-A.US,5,20131121,215500,29.7900,29.7900,29.7900,29.7900,100,0
FBS-A.US,5,20131122,173500,29.9800,29.9800,29.9800,29.9800,719,0
FBS-A.US,5,20131125,183000,30.0000,30.0000,30.0000,30.0000,1000,0
FBS-A.US,5,20131125,212000,29.7800,29.7800,29.7800,29.7800,300,0
FBS-A.US,5,20131126,182000,30.0100,30.0100,30.0100,30.0100,200,0
FBS-A.US,5,20131126,183000,30.1000,30.1000,30.0000,30.0000,1100,0
FBS-A.US,5,20131126,195000,30.0900,30.0900,30.0900,30.0900,100,0
FBS-A.US,5,20131127,153500,30.0000,30.0000,30.0000,30.0000,800,0
FBS-A.US,5,20131127,193000,30.0000,30.0100,30.0000,30.0100,655,0
FBS-A.US,5,20131129,190000,30.0000,30.0000,30.0000,30.0000,400,0
FBS-A.US,5,20131202,163500,29.6700,29.6700,29.6700,29.6700,475,0
FBS-A.US,5,20131202,164500,30.0000,30.0000,30.0000,30.0000,1391,0
FBS-A.US,5,20131202,192500,29.9500,29.9500,29.9500,29.9500,800,0
FBS-A.US,5,20131203,205000,30.0000,30.0000,30.0000,30.0000,800,0
FBS-A.US,5,20131203,211000,30.0000,30.0000,30.0000,30.0000,1700,0
FBS-A.US,5,20131204,154000,30.0000,30.0000,30.0000,30.0000,400,0
FBS-A.US,5,20131204,211500,30.4000,30.4000,30.4000,30.4000,564,0
FBS-A.US,5,20131204,215500,30.0000,30.0000,30.0000,30.0000,500,0
FBS-A.US,5,20131205,160500,30.0000,30.0000,30.0000,30.0000,300,0
FBS-A.US,5,20131205,161000,30.0000,30.0000,30.0000,30.0000,250,0
FBS-A.US,5,20131205,202500,29.8800,29.8800,29.8800,29.8800,400,0
FBS-A.US,5,20131205,211500,30.0500,30.0500,30.0500,30.0500,150,0
FBS-A.US,5,20131205,215000,30.0500,30.0500,30.0500,30.0500,400,0
FBS-A.US,5,20131206,192500,30.0000,30.0000,30.0000,30.0000,850,0
FBS-A.US,5,20131206,195500,30.0000,30.0000,30.0000,30.0000,200,0
FBS-A.US,5,20131206,200500,30.0000,30.0000,30.0000,30.0000,500,0
FBS-A.US,5,20131206,201500,30.0000,30.0000,30.0000,30.0000,300,0
FBS-A.US,5,20131206,203000,30.0000,30.0000,30.0000,30.0000,300,0
FBS-A.US,5,20131206,204000,30.0000,30.0000,30.0000,30.0000,347,0
FBS-A.US,5,20131206,204500,30.1000,30.1000,30.1000,30.1000,325,0
FBS-A.US,5,20131206,213000,30.0000,30.0000,30.0000,30.0000,200,0
FBS-A.US,5,20131206,215000,30.0000,30.0000,30.0000,30.0000,100,0
FBS-A.US,5,20131209,165500,30.0100,30.0100,30.0100,30.0100,1000,0
FBS-A.US,5,20131209,172000,30.0100,30.0100,30.0100,30.0100,400,0
FBS-A.US,5,20131209,175000,30.0100,30.0100,30.0100,30.0100,138,0
FBS-A.US,5,20131209,180000,30.0100,30.0100,30.0100,30.0100,200,0
FBS-A.US,5,20131209,181000,30.0100,30.0100,30.0100,30.0100,1000,0
FBS-A.US,5,20131209,204000,30.0000,30.0000,30.0000,30.0000,100,0
