<TICKER>,<PER>,<DTYYYYMMDD>,<TIME>,<OPEN>,<HIGH>,<LOW>,<CLOSE>,<VOL>,<OPENINT>
FC.US,5,20131112,153500,19.6800,19.6800,19.3800,19.3800,640,0
FC.US,5,20131112,154000,19.4300,19.4300,19.4300,19.4300,715,0
FC.US,5,20131112,155000,19.5500,19.5500,19.5500,19.5500,100,0
FC.US,5,20131112,155500,19.4000,19.5900,19.4000,19.5900,1426,0
FC.US,5,20131112,160000,19.6700,19.6800,19.6500,19.6500,443,0
FC.US,5,20131112,161500,19.5100,19.6700,19.3000,19.3000,5078,0
FC.US,5,20131112,162500,19.3000,19.3000,19.3000,19.3000,100,0
FC.US,5,20131112,163500,19.4700,19.4800,19.4700,19.4800,200,0
FC.US,5,20131112,170500,19.3700,19.3700,19.3700,19.3700,100,0
FC.US,5,20131112,172000,19.4800,19.4800,19.4800,19.4800,100,0
FC.US,5,20131112,172500,19.4800,19.4800,19.4600,19.4600,857,0
FC.US,5,20131112,173000,19.4700,19.4700,19.4700,19.4700,100,0
FC.US,5,20131112,174000,19.4300,19.4300,19.4300,19.4300,100,0
FC.US,5,20131112,175000,19.5800,19.5800,19.5800,19.5800,600,0
FC.US,5,20131112,180000,19.6500,19.6500,19.6500,19.6500,100,0
FC.US,5,20131112,182000,19.4300,19.4300,19.4300,19.4300,100,0
FC.US,5,20131112,184000,19.3000,19.3100,19.3000,19.3100,600,0
FC.US,5,20131112,184500,19.4200,19.4200,19.3100,19.3100,500,0
FC.US,5,20131112,190000,19.3000,19.3000,19.3000,19.3000,100,0
FC.US,5,20131112,191000,19.4000,19.4900,19.4000,19.4900,973,0
FC.US,5,20131112,191500,19.4300,19.6700,19.4300,19.6000,1400,0
FC.US,5,20131112,192000,19.6000,19.6700,19.6000,19.6300,1152,0
FC.US,5,20131112,192500,19.6700,19.6700,19.6200,19.6700,1000,0
FC.US,5,20131112,193000,19.7500,19.7500,19.7300,19.7400,2700,0
FC.US,5,20131112,193500,19.7500,19.7500,19.7400,19.7400,800,0
FC.US,5,20131112,194000,19.7500,19.7500,19.7400,19.7400,1000,0
FC.US,5,20131112,194500,19.7500,19.7500,19.7500,19.7500,1999,0
FC.US,5,20131112,195000,19.7500,19.7500,19.6600,19.6600,1656,0
FC.US,5,20131112,195500,19.7500,19.7500,19.7100,19.7500,1306,0
FC.US,5,20131112,200000,19.7200,19.7500,19.7200,19.7500,300,0
FC.US,5,20131112,200500,19.7500,19.9500,19.7500,19.9300,3141,0
FC.US,5,20131112,201000,19.9400,20.0000,19.9400,19.9900,1400,0
FC.US,5,20131112,201500,20.0000,20.0000,20.0000,20.0000,200,0
FC.US,5,20131112,202500,20.0000,20.0000,20.0000,20.0000,4700,0
FC.US,5,20131112,203500,20.0000,20.0000,20.0000,20.0000,3300,0
FC.US,5,20131112,204000,20.0000,20.1000,20.0000,20.1000,3900,0
FC.US,5,20131112,204500,20.0900,20.3000,20.0600,20.3000,2975,0
FC.US,5,20131112,205000,20.2800,20.4300,20.2100,20.2700,4108,0
FC.US,5,20131112,205500,20.4000,20.4700,20.4000,20.4700,1400,0
FC.US,5,20131112,210000,20.3500,20.4000,20.3500,20.3500,1000,0
FC.US,5,20131112,210500,20.3300,20.3300,20.3300,20.3300,500,0
FC.US,5,20131112,211000,20.3400,20.6400,20.3400,20.6400,7969,0
FC.US,5,20131112,211500,20.7000,20.8500,20.6800,20.8100,3700,0
FC.US,5,20131112,212000,20.8100,20.8100,20.7600,20.8100,1600,0
FC.US,5,20131112,213000,20.7500,20.7600,20.6000,20.6700,2135,0
FC.US,5,20131112,213500,20.6500,20.6500,20.6200,20.6200,1168,0
FC.US,5,20131112,214000,20.6600,20.8000,20.6500,20.6500,1498,0
FC.US,5,20131112,214500,20.6500,20.6500,20.6500,20.6500,100,0
FC.US,5,20131112,215500,20.7300,20.7500,20.7300,20.7500,991,0
FC.US,5,20131112,220000,20.7400,20.7500,20.7400,20.7500,1500,0
FC.US,5,20131112,221000,20.7500,20.7500,20.7500,20.7500,1889,0
FC.US,5,20131113,153500,20.8100,20.8100,20.8100,20.8100,200,0
FC.US,5,20131113,154000,20.8100,20.8100,20.8100,20.8100,100,0
FC.US,5,20131113,154500,20.7400,20.7400,20.7400,20.7400,100,0
FC.US,5,20131113,155000,20.5800,20.5800,20.5700,20.5700,300,0
FC.US,5,20131113,155500,20.6400,20.6400,20.6400,20.6400,200,0
FC.US,5,20131113,160000,20.5800,20.5800,20.5700,20.5800,300,0
FC.US,5,20131113,164000,20.5000,20.5700,20.4900,20.5000,1300,0
FC.US,5,20131113,164500,20.4800,20.4800,20.4500,20.4500,900,0
FC.US,5,20131113,165000,20.4500,20.4500,20.4300,20.4300,433,0
FC.US,5,20131113,165500,20.3000,20.3000,19.9800,20.1600,1400,0
FC.US,5,20131113,180500,20.0700,20.0800,20.0700,20.0800,200,0
FC.US,5,20131113,181000,20.0900,20.0900,20.0900,20.0900,100,0
FC.US,5,20131113,190000,20.3100,20.3100,20.3100,20.3100,100,0
FC.US,5,20131113,190500,20.1400,20.1500,20.1400,20.1500,500,0
FC.US,5,20131113,191000,20.1400,20.1400,20.1400,20.1400,100,0
FC.US,5,20131113,192000,20.1500,20.1500,20.1500,20.1500,100,0
FC.US,5,20131113,194500,20.2300,20.2300,20.2300,20.2300,200,0
FC.US,5,20131113,200500,20.3600,20.3600,20.3600,20.3600,100,0
FC.US,5,20131113,204000,20.3400,20.3400,20.3400,20.3400,100,0
FC.US,5,20131113,211000,20.1400,20.2300,20.1400,20.2300,853,0
FC.US,5,20131113,211500,20.1000,20.1000,20.1000,20.1000,100,0
FC.US,5,20131113,213000,20.1500,20.1700,20.0800,20.0800,1100,0
FC.US,5,20131113,214000,20.1600,20.1700,20.1600,20.1700,331,0
FC.US,5,20131113,215000,20.0900,20.0900,20.0900,20.0900,100,0
FC.US,5,20131113,215500,20.1800,20.2100,20.1800,20.2100,525,0
FC.US,5,20131113,220000,20.2700,20.2900,20.2700,20.2800,2488,0
FC.US,5,20131113,221000,20.2700,20.2700,20.2700,20.2700,1950,0
FC.US,5,20131114,153500,19.9900,19.9900,19.3000,19.6400,3675,0
FC.US,5,20131114,154000,19.8200,19.8200,19.6400,19.6400,200,0
FC.US,5,20131114,155000,19.7500,19.7500,19.7500,19.7500,100,0
FC.US,5,20131114,155500,19.5800,19.5800,19.5800,19.5800,100,0
FC.US,5,20131114,160000,19.6700,19.7400,19.6700,19.7400,500,0
FC.US,5,20131114,162000,19.7300,19.7300,19.7300,19.7300,100,0
FC.US,5,20131114,162500,19.6100,19.6100,19.6000,19.6100,500,0
FC.US,5,20131114,163000,19.6300,19.6300,19.6300,19.6300,200,0
FC.US,5,20131114,163500,19.5900,19.5900,19.5900,19.5900,277,0
FC.US,5,20131114,164500,19.7000,19.7000,19.7000,19.7000,100,0
FC.US,5,20131114,174500,19.6500,19.6500,19.6500,19.6500,100,0
FC.US,5,20131114,175500,19.7500,19.7500,19.7400,19.7500,5000,0
FC.US,5,20131114,180000,19.6900,19.6900,19.6900,19.6900,100,0
FC.US,5,20131114,183000,19.6600,19.6600,19.6600,19.6600,100,0
FC.US,5,20131114,185000,19.6700,19.6800,19.6700,19.6800,500,0
FC.US,5,20131114,193000,19.6900,19.7100,19.6900,19.7100,200,0
FC.US,5,20131114,193500,19.6800,19.6800,19.6800,19.6800,100,0
FC.US,5,20131114,194000,19.7000,19.7000,19.7000,19.7000,400,0
FC.US,5,20131114,195000,19.6900,19.7200,19.6900,19.7200,1315,0
FC.US,5,20131114,201000,19.7100,19.7200,19.6800,19.7200,1500,0
FC.US,5,20131114,202000,19.7200,19.7200,19.6700,19.6700,300,0
FC.US,5,20131114,203500,19.7300,19.7300,19.7300,19.7300,125,0
FC.US,5,20131114,204000,19.7300,19.7300,19.7300,19.7300,100,0
FC.US,5,20131114,204500,19.7200,19.7900,19.7200,19.7900,500,0
FC.US,5,20131114,210000,19.7400,19.8300,19.7000,19.7000,2317,0
FC.US,5,20131114,210500,19.6800,19.6800,19.6800,19.6800,100,0
FC.US,5,20131114,212000,19.8100,19.8100,19.8100,19.8100,200,0
FC.US,5,20131114,212500,19.8200,19.8200,19.7000,19.7500,401,0
FC.US,5,20131114,214000,19.7100,19.8000,19.7100,19.8000,300,0
FC.US,5,20131114,214500,19.7100,19.7100,19.7100,19.7100,200,0
FC.US,5,20131114,215000,19.7600,19.7600,19.6800,19.6900,1056,0
FC.US,5,20131114,215500,19.7100,19.8500,19.7100,19.8500,1254,0
FC.US,5,20131114,220000,19.9100,19.9300,19.8400,19.8400,1981,0
FC.US,5,20131114,220500,19.8500,19.8500,19.8500,19.8500,100,0
FC.US,5,20131114,221000,19.8900,19.8900,19.8900,19.8900,744,0
FC.US,5,20131115,153500,20.0200,20.0200,19.9800,19.9800,900,0
FC.US,5,20131115,154000,20.1000,20.1000,20.1000,20.1000,500,0
FC.US,5,20131115,160000,20.1400,20.1400,20.1400,20.1400,100,0
FC.US,5,20131115,161000,20.2200,20.2500,20.2000,20.2200,2078,0
FC.US,5,20131115,161500,20.2500,20.2500,20.2500,20.2500,200,0
FC.US,5,20131115,162000,20.3000,20.3000,20.3000,20.3000,601,0
FC.US,5,20131115,163000,20.3000,20.3000,20.3000,20.3000,100,0
FC.US,5,20131115,163500,20.2200,20.2200,20.2200,20.2200,200,0
FC.US,5,20131115,170000,20.2400,20.2400,20.2400,20.2400,300,0
FC.US,5,20131115,170500,20.2300,20.2300,20.2300,20.2300,100,0
FC.US,5,20131115,172000,20.1200,20.1200,20.1200,20.1200,104,0
FC.US,5,20131115,173000,20.0800,20.0800,20.0800,20.0800,220,0
FC.US,5,20131115,175500,20.0900,20.0900,20.0900,20.0900,100,0
FC.US,5,20131115,180000,20.0900,20.2500,20.0900,20.2500,200,0
FC.US,5,20131115,181000,20.0800,20.0900,20.0800,20.0900,300,0
FC.US,5,20131115,181500,20.2200,20.2200,20.2200,20.2200,100,0
FC.US,5,20131115,182000,20.0900,20.0900,20.0900,20.0900,200,0
FC.US,5,20131115,182500,20.0900,20.0900,20.0900,20.0900,100,0
FC.US,5,20131115,183500,20.0900,20.0900,20.0900,20.0900,100,0
FC.US,5,20131115,184500,20.0900,20.0900,20.0900,20.0900,100,0
FC.US,5,20131115,185500,20.0800,20.0800,20.0800,20.0800,100,0
FC.US,5,20131115,190500,20.0600,20.0600,20.0600,20.0600,300,0
FC.US,5,20131115,192500,20.0500,20.1600,20.0500,20.1600,200,0
FC.US,5,20131115,200000,20.0900,20.0900,20.0300,20.0300,400,0
FC.US,5,20131115,200500,19.9200,19.9200,19.9100,19.9100,433,0
FC.US,5,20131115,203000,20.1400,20.1400,20.1400,20.1400,100,0
FC.US,5,20131115,205000,20.1900,20.1900,20.1900,20.1900,576,0
FC.US,5,20131115,210000,20.2000,20.2000,20.2000,20.2000,100,0
FC.US,5,20131115,212000,20.2400,20.2400,20.2400,20.2400,100,0
FC.US,5,20131115,212500,20.2600,20.2600,20.2600,20.2600,100,0
FC.US,5,20131115,213500,20.2000,20.2000,20.0500,20.0500,300,0
FC.US,5,20131115,215000,20.2500,20.2500,20.2500,20.2500,100,0
FC.US,5,20131115,215500,20.2400,20.2400,20.1000,20.1000,400,0
FC.US,5,20131115,220000,20.0400,20.0700,19.8900,20.0600,2624,0
FC.US,5,20131115,221000,20.0700,20.0700,20.0700,20.0700,2826,0
FC.US,5,20131118,154500,20.0600,20.0600,20.0600,20.0600,596,0
FC.US,5,20131118,160500,19.8300,19.8300,19.8300,19.8300,100,0
FC.US,5,20131118,161000,19.8300,19.8800,19.8300,19.8800,200,0
FC.US,5,20131118,162000,19.8700,19.8700,19.8700,19.8700,100,0
FC.US,5,20131118,163500,19.6900,19.6900,19.6900,19.6900,253,0
FC.US,5,20131118,164500,19.8700,19.8700,19.8700,19.8700,100,0
FC.US,5,20131118,170500,19.8900,19.8900,19.8900,19.8900,400,0
FC.US,5,20131118,173000,19.7500,19.7500,19.7500,19.7500,1300,0
FC.US,5,20131118,173500,19.9000,19.9000,19.8900,19.8900,200,0
FC.US,5,20131118,174500,19.9900,19.9900,19.8000,19.8000,200,0
FC.US,5,20131118,175500,19.8100,19.8100,19.8100,19.8100,100,0
FC.US,5,20131118,180000,19.8600,19.8600,19.8600,19.8600,100,0
FC.US,5,20131118,182000,19.8700,19.8700,19.8700,19.8700,200,0
FC.US,5,20131118,183000,19.8500,19.8500,19.8500,19.8500,100,0
FC.US,5,20131118,184000,19.8600,19.8600,19.8600,19.8600,100,0
FC.US,5,20131118,185500,19.9000,19.9000,19.9000,19.9000,100,0
FC.US,5,20131118,190500,19.9000,19.9000,19.9000,19.9000,100,0
FC.US,5,20131118,191500,19.7800,19.7800,19.7800,19.7800,100,0
FC.US,5,20131118,192000,19.8700,19.8700,19.8300,19.8300,400,0
FC.US,5,20131118,193500,19.8500,19.8500,19.8500,19.8500,600,0
FC.US,5,20131118,194000,20.0100,20.0100,20.0100,20.0100,100,0
FC.US,5,20131118,195000,19.9000,19.9000,19.9000,19.9000,100,0
FC.US,5,20131118,200000,19.8800,20.0500,19.8800,20.0500,200,0
FC.US,5,20131118,200500,20.0500,20.0500,20.0500,20.0500,100,0
FC.US,5,20131118,201000,20.0600,20.0600,19.8800,19.8800,200,0
FC.US,5,20131118,201500,20.0500,20.0600,20.0500,20.0500,300,0
FC.US,5,20131118,202000,20.0600,20.0600,19.9700,19.9700,300,0
FC.US,5,20131118,202500,20.0500,20.0500,20.0500,20.0500,100,0
FC.US,5,20131118,203000,20.0500,20.0600,19.8800,20.0500,500,0
FC.US,5,20131118,203500,19.9700,20.0600,19.9700,20.0600,200,0
FC.US,5,20131118,204000,20.0500,20.0600,20.0500,20.0500,500,0
FC.US,5,20131118,204500,20.0400,20.0500,19.8600,20.0500,300,0
FC.US,5,20131118,205000,20.0500,20.0500,20.0500,20.0500,100,0
FC.US,5,20131118,205500,19.9500,20.0500,19.8700,19.8700,400,0
FC.US,5,20131118,210000,20.0200,20.0200,19.8300,19.8300,200,0
FC.US,5,20131118,210500,20.0200,20.0300,19.9400,20.0200,500,0
FC.US,5,20131118,211000,20.0200,20.0200,19.8300,20.0200,400,0
FC.US,5,20131118,211500,19.9300,19.9300,19.8300,19.8300,200,0
FC.US,5,20131118,212000,19.9900,19.9900,19.9900,19.9900,100,0
FC.US,5,20131118,212500,20.0300,20.0300,19.9100,19.9100,200,0
FC.US,5,20131118,213000,19.9200,19.9300,19.9200,19.9300,200,0
FC.US,5,20131118,213500,19.8900,20.0000,19.8900,20.0000,200,0
FC.US,5,20131118,214000,19.9100,19.9100,19.8600,19.8900,1300,0
FC.US,5,20131118,214500,19.9400,19.9400,19.9000,19.9000,200,0
FC.US,5,20131118,215000,19.9000,19.9800,19.8400,19.9800,1100,0
FC.US,5,20131118,215500,19.9800,19.9800,19.9800,19.9800,106,0
FC.US,5,20131118,220000,19.9100,19.9400,19.8800,19.9300,776,0
FC.US,5,20131118,221000,19.9200,19.9200,19.9200,19.9200,1695,0
FC.US,5,20131119,160000,19.7500,19.7500,19.7400,19.7400,300,0
FC.US,5,20131119,170500,20.0000,20.0100,20.0000,20.0100,200,0
FC.US,5,20131119,171000,20.0400,20.0400,20.0400,20.0400,100,0
FC.US,5,20131119,175000,19.8200,19.8200,19.8200,19.8200,337,0
FC.US,5,20131119,180500,19.9500,19.9500,19.9500,19.9500,200,0
FC.US,5,20131119,181500,20.0500,20.0500,20.0500,20.0500,250,0
FC.US,5,20131119,182500,20.0500,20.0500,20.0500,20.0500,100,0
FC.US,5,20131119,183000,20.1200,20.2700,20.1200,20.2700,200,0
FC.US,5,20131119,184000,20.1000,20.1000,20.1000,20.1000,200,0
FC.US,5,20131119,191000,20.2400,20.2500,20.1100,20.1100,3826,0
FC.US,5,20131119,191500,20.0900,20.0900,20.0900,20.0900,200,0
FC.US,5,20131119,192000,20.1100,20.1100,20.0900,20.0900,200,0
FC.US,5,20131119,193500,20.0600,20.0600,20.0600,20.0600,110,0
FC.US,5,20131119,194000,20.0600,20.0600,20.0600,20.0600,100,0
FC.US,5,20131119,195000,20.0600,20.0600,20.0600,20.0600,100,0
FC.US,5,20131119,203500,19.9400,19.9400,19.9400,19.9400,200,0
FC.US,5,20131119,204000,19.9300,19.9300,19.6600,19.6800,1247,0
FC.US,5,20131119,211500,19.4700,19.5100,19.4700,19.5100,200,0
FC.US,5,20131119,212000,19.5200,19.5200,19.5200,19.5200,100,0
FC.US,5,20131119,214000,19.4800,19.5000,19.4600,19.5000,1900,0
FC.US,5,20131119,214500,19.4800,19.4800,19.4800,19.4800,100,0
FC.US,5,20131119,215000,19.5300,19.6100,19.5300,19.6100,200,0
FC.US,5,20131119,215500,19.5300,19.5300,19.5300,19.5300,100,0
FC.US,5,20131119,220000,19.6200,19.6200,19.5700,19.5700,700,0
FC.US,5,20131120,154500,19.5500,19.5500,19.5500,19.5500,100,0
FC.US,5,20131120,155500,19.6100,19.6100,19.6100,19.6100,100,0
FC.US,5,20131120,160000,19.6500,19.6500,19.6500,19.6500,100,0
FC.US,5,20131120,162500,19.6500,19.6500,19.6500,19.6500,100,0
FC.US,5,20131120,163000,19.7200,19.7300,19.7200,19.7300,200,0
FC.US,5,20131120,165000,19.5500,19.5600,19.2500,19.2700,9423,0
FC.US,5,20131120,165500,19.2800,19.2800,19.2800,19.2800,100,0
FC.US,5,20131120,170000,19.4500,19.4500,19.4500,19.4500,100,0
FC.US,5,20131120,170500,19.4500,19.4500,19.2800,19.4300,700,0
FC.US,5,20131120,171000,19.4300,19.4300,19.3200,19.3200,200,0
FC.US,5,20131120,171500,19.4500,19.4500,19.4500,19.4500,100,0
FC.US,5,20131120,172000,19.4800,19.4800,19.4800,19.4800,100,0
FC.US,5,20131120,173500,19.4000,19.4000,19.4000,19.4000,100,0
FC.US,5,20131120,175000,19.3900,19.3900,19.3900,19.3900,100,0
FC.US,5,20131120,180000,19.5200,19.5200,19.5200,19.5200,100,0
FC.US,5,20131120,181000,19.4000,19.4000,19.4000,19.4000,100,0
FC.US,5,20131120,183500,19.3700,19.3700,19.3700,19.3700,100,0
FC.US,5,20131120,190000,19.3600,19.3600,19.3600,19.3600,100,0
FC.US,5,20131120,193000,19.3500,19.3500,19.3500,19.3500,100,0
FC.US,5,20131120,195500,19.3600,19.3600,19.3600,19.3600,100,0
FC.US,5,20131120,200000,19.3600,19.3600,19.3600,19.3600,200,0
FC.US,5,20131120,200500,19.4500,19.4500,19.4400,19.4500,300,0
FC.US,5,20131120,201500,19.3700,19.3700,19.3700,19.3700,100,0
FC.US,5,20131120,202000,19.4300,19.4300,19.4300,19.4300,100,0
FC.US,5,20131120,204000,19.3600,19.4000,19.2600,19.4000,2700,0
FC.US,5,20131120,204500,19.3900,19.3900,19.3200,19.3200,2000,0
FC.US,5,20131120,205500,19.2200,19.2200,19.2200,19.2200,200,0
FC.US,5,20131120,211500,19.3500,19.3500,19.2800,19.2800,203,0
FC.US,5,20131120,212000,19.2200,19.2200,19.1600,19.1600,200,0
FC.US,5,20131120,213500,19.2200,19.2200,19.2200,19.2200,200,0
FC.US,5,20131120,214000,19.2300,19.3400,19.2300,19.3400,200,0
FC.US,5,20131120,214500,19.2600,19.2600,19.1900,19.1900,400,0
FC.US,5,20131120,215000,19.2000,19.2000,19.1600,19.1600,800,0
FC.US,5,20131120,215500,19.0400,19.0400,18.9800,18.9900,1900,0
FC.US,5,20131120,220000,19.0600,19.0800,19.0000,19.0700,1800,0
FC.US,5,20131120,221000,19.0900,19.0900,19.0900,19.0900,1461,0
FC.US,5,20131121,153500,19.1700,19.1700,19.1700,19.1700,116,0
FC.US,5,20131121,163000,19.5200,19.5200,19.5200,19.5200,200,0
FC.US,5,20131121,163500,19.5200,19.5200,19.5200,19.5200,200,0
FC.US,5,20131121,164000,19.6200,19.6200,19.6200,19.6200,100,0
FC.US,5,20131121,173500,19.5700,19.5700,19.5700,19.5700,100,0
FC.US,5,20131121,175500,19.6000,19.6000,19.6000,19.6000,209,0
FC.US,5,20131121,180000,19.5500,19.5600,19.5200,19.5200,850,0
FC.US,5,20131121,181000,19.6000,19.6000,19.5700,19.5700,1200,0
FC.US,5,20131121,182000,19.5600,19.5700,19.5600,19.5700,300,0
FC.US,5,20131121,182500,19.5400,19.5400,19.5400,19.5400,400,0
FC.US,5,20131121,184500,19.4900,19.5000,19.4900,19.4900,501,0
FC.US,5,20131121,185000,19.4800,19.4800,19.4800,19.4800,100,0
FC.US,5,20131121,193500,19.5000,19.5000,19.5000,19.5000,200,0
FC.US,5,20131121,194500,19.5500,19.5500,19.5500,19.5500,300,0
FC.US,5,20131121,195000,19.6000,19.6000,19.6000,19.6000,3014,0
FC.US,5,20131121,195500,19.6000,19.6000,19.6000,19.6000,4000,0
FC.US,5,20131121,200000,19.6000,19.6000,19.6000,19.6000,2700,0
FC.US,5,20131121,200500,19.6000,19.6700,19.6000,19.6700,400,0
FC.US,5,20131121,204500,19.7000,19.7000,19.7000,19.7000,100,0
FC.US,5,20131121,211000,19.6400,19.6900,19.6400,19.6900,200,0
FC.US,5,20131121,211500,19.6400,19.6400,19.6400,19.6400,144,0
FC.US,5,20131121,212000,19.7000,19.7000,19.6600,19.6600,200,0
FC.US,5,20131121,212500,19.6500,19.6500,19.6500,19.6500,400,0
FC.US,5,20131121,213000,19.6400,19.6600,19.6400,19.6600,466,0
FC.US,5,20131121,213500,19.7000,19.7100,19.6800,19.7100,600,0
FC.US,5,20131121,214500,19.8000,19.8400,19.8000,19.8400,200,0
FC.US,5,20131121,215000,19.7000,19.7000,19.7000,19.7000,100,0
FC.US,5,20131121,215500,19.8800,19.8800,19.8800,19.8800,200,0
FC.US,5,20131121,220000,19.8800,19.9500,19.8800,19.8800,1343,0
FC.US,5,20131121,221000,19.9400,19.9400,19.9400,19.9400,3771,0
FC.US,5,20131122,153500,20.0100,20.0100,20.0100,20.0100,164,0
FC.US,5,20131122,155000,20.1800,20.1800,20.0500,20.0500,200,0
FC.US,5,20131122,155500,20.2000,20.2000,20.0600,20.1700,300,0
FC.US,5,20131122,160000,20.1600,20.3300,20.0500,20.2000,1100,0
FC.US,5,20131122,161000,20.1900,20.1900,20.0800,20.0800,300,0
FC.US,5,20131122,161500,20.2700,20.2800,20.2700,20.2800,200,0
FC.US,5,20131122,162000,20.2800,20.2800,20.1000,20.1000,500,0
FC.US,5,20131122,162500,20.1000,20.1600,20.0900,20.1600,765,0
FC.US,5,20131122,163000,20.1600,20.1600,20.1600,20.1600,100,0
FC.US,5,20131122,163500,20.0100,20.1500,20.0100,20.1500,200,0
FC.US,5,20131122,164000,20.0000,20.0000,19.9900,19.9900,400,0
FC.US,5,20131122,164500,19.9400,19.9700,19.8500,19.8500,900,0
FC.US,5,20131122,165000,19.8200,19.8200,19.5800,19.5800,600,0
FC.US,5,20131122,165500,19.5600,19.7000,19.5600,19.7000,300,0
FC.US,5,20131122,170000,19.5100,19.7200,19.5100,19.7200,300,0
FC.US,5,20131122,173000,19.7800,19.7800,19.7800,19.7800,100,0
FC.US,5,20131122,173500,19.7700,19.7700,19.7700,19.7700,100,0
FC.US,5,20131122,174000,19.6400,19.6400,19.6300,19.6300,200,0
FC.US,5,20131122,183000,19.6500,19.7000,19.6500,19.6800,1500,0
FC.US,5,20131122,183500,19.6500,19.6500,19.6500,19.6500,104,0
FC.US,5,20131122,184000,19.7000,19.7000,19.6700,19.6900,2000,0
FC.US,5,20131122,184500,19.7000,19.7000,19.6700,19.7000,5100,0
FC.US,5,20131122,185000,19.7000,19.7300,19.6800,19.7000,5500,0
FC.US,5,20131122,185500,19.7000,19.7000,19.7000,19.7000,100,0
FC.US,5,20131122,190000,19.7100,19.7100,19.7000,19.7000,800,0
FC.US,5,20131122,191000,19.6900,19.6900,19.6900,19.6900,100,0
FC.US,5,20131122,192500,19.6800,19.6800,19.4200,19.4200,2365,0
FC.US,5,20131122,200500,19.5300,19.6400,19.5300,19.6400,500,0
FC.US,5,20131122,201500,19.6200,19.6200,19.5000,19.5000,200,0
FC.US,5,20131122,203500,19.5800,19.5900,19.5800,19.5900,200,0
FC.US,5,20131122,204000,19.5100,19.5100,19.5100,19.5100,200,0
FC.US,5,20131122,204500,19.5000,19.5000,19.5000,19.5000,200,0
FC.US,5,20131122,205000,19.5000,19.5000,19.5000,19.5000,300,0
FC.US,5,20131122,205500,19.5000,19.5100,19.5000,19.5100,200,0
FC.US,5,20131122,210000,19.6000,19.6300,19.6000,19.6300,200,0
FC.US,5,20131122,210500,19.6300,19.6400,19.6300,19.6400,300,0
FC.US,5,20131122,211000,19.5100,19.5100,19.5100,19.5100,100,0
FC.US,5,20131122,212000,19.5200,19.5200,19.5100,19.5100,1000,0
FC.US,5,20131122,212500,19.5200,19.5200,19.4800,19.5000,1200,0
FC.US,5,20131122,213000,19.5000,19.5200,19.5000,19.5200,4506,0
FC.US,5,20131122,213500,19.5200,19.5200,19.5000,19.5000,1650,0
FC.US,5,20131122,214000,19.5000,19.5000,19.5000,19.5000,250,0
FC.US,5,20131122,214500,19.5800,19.5800,19.5800,19.5800,200,0
FC.US,5,20131122,215000,19.5800,19.6700,19.5300,19.6700,2100,0
FC.US,5,20131122,215500,19.7300,19.7300,19.6900,19.6900,220,0
FC.US,5,20131122,220000,19.5800,19.6000,19.5400,19.5400,400,0
FC.US,5,20131122,221000,19.6800,19.6800,19.6800,19.6800,2216,0
FC.US,5,20131125,163500,19.7400,19.7700,19.7400,19.7500,310,0
FC.US,5,20131125,164000,19.8000,19.8000,19.8000,19.8000,100,0
FC.US,5,20131125,165000,19.7500,19.7500,19.7500,19.7500,500,0
FC.US,5,20131125,171000,19.7500,19.7500,19.7500,19.7500,100,0
FC.US,5,20131125,173000,19.8200,19.8200,19.7600,19.7600,200,0
FC.US,5,20131125,173500,19.7500,19.7500,19.7500,19.7500,200,0
FC.US,5,20131125,175000,19.7400,19.7400,19.7300,19.7400,300,0
FC.US,5,20131125,190000,19.7300,19.7300,19.7300,19.7300,100,0
FC.US,5,20131125,191000,19.8000,19.8000,19.7400,19.7500,900,0
FC.US,5,20131125,192000,19.8500,19.8500,19.7600,19.7700,400,0
FC.US,5,20131125,193000,19.7700,19.7700,19.7500,19.7500,1000,0
FC.US,5,20131125,193500,19.7500,19.7600,19.7500,19.7600,200,0
FC.US,5,20131125,194000,19.7300,19.7500,19.7300,19.7500,600,0
FC.US,5,20131125,200500,19.8000,19.8000,19.8000,19.8000,100,0
FC.US,5,20131125,201000,19.7500,19.7600,19.7400,19.7400,300,0
FC.US,5,20131125,202000,19.8800,19.8800,19.8200,19.8200,200,0
FC.US,5,20131125,210000,19.7700,19.7700,19.7600,19.7600,200,0
FC.US,5,20131125,214500,19.8000,19.8000,19.8000,19.8000,400,0
FC.US,5,20131125,215000,19.7500,19.7700,19.6900,19.7600,1400,0
FC.US,5,20131125,215500,19.7100,19.7300,19.6900,19.7100,1567,0
FC.US,5,20131125,220000,19.7000,19.7200,19.6900,19.7200,1928,0
FC.US,5,20131125,221000,19.8000,19.8000,19.8000,19.8000,985,0
FC.US,5,20131126,162000,19.7800,19.8300,19.7800,19.8200,400,0
FC.US,5,20131126,162500,19.8200,19.8200,19.8000,19.8000,300,0
FC.US,5,20131126,163000,19.8000,19.8000,19.7800,19.7800,600,0
FC.US,5,20131126,163500,19.7700,19.7700,19.7700,19.7700,100,0
FC.US,5,20131126,172500,19.7900,19.7900,19.7500,19.7500,800,0
FC.US,5,20131126,173000,19.8000,19.8000,19.7500,19.7900,500,0
FC.US,5,20131126,173500,19.7500,19.8000,19.7500,19.7600,400,0
FC.US,5,20131126,174000,19.7400,19.7500,19.6900,19.7500,2417,0
FC.US,5,20131126,175000,19.8000,19.8000,19.8000,19.8000,100,0
FC.US,5,20131126,180000,19.7800,19.7800,19.7800,19.7800,100,0
FC.US,5,20131126,180500,19.7800,19.7800,19.7500,19.7500,400,0
FC.US,5,20131126,181000,19.7800,19.7800,19.7600,19.7600,200,0
FC.US,5,20131126,181500,19.7800,19.7800,19.7600,19.7600,400,0
FC.US,5,20131126,182000,19.7500,19.7600,19.7300,19.7400,2078,0
FC.US,5,20131126,182500,19.7400,19.8100,19.7300,19.7400,4200,0
FC.US,5,20131126,183000,19.7400,19.7400,19.6600,19.6600,2713,0
FC.US,5,20131126,191500,19.7600,19.7600,19.7600,19.7600,100,0
FC.US,5,20131126,192500,19.7600,19.7600,19.7600,19.7600,700,0
FC.US,5,20131126,193500,19.8600,19.8600,19.8600,19.8600,100,0
FC.US,5,20131126,194500,19.7600,19.7600,19.7600,19.7600,200,0
FC.US,5,20131126,195000,19.7600,19.7600,19.7600,19.7600,100,0
FC.US,5,20131126,195500,19.9100,19.9100,19.9100,19.9100,100,0
FC.US,5,20131126,200000,19.7500,19.7600,19.7500,19.7600,200,0
FC.US,5,20131126,200500,19.7600,19.7700,19.7600,19.7700,200,0
FC.US,5,20131126,201500,19.9000,19.9000,19.7700,19.7700,200,0
FC.US,5,20131126,202500,19.7600,19.7700,19.7600,19.7700,200,0
FC.US,5,20131126,203500,19.7800,19.8800,19.7500,19.7700,1500,0
FC.US,5,20131126,204000,19.7700,19.7700,19.7700,19.7700,100,0
FC.US,5,20131126,205000,19.8900,19.8900,19.7800,19.7900,300,0
FC.US,5,20131126,205500,19.7800,19.7800,19.7800,19.7800,100,0
FC.US,5,20131126,210500,19.8900,19.8900,19.8000,19.8000,200,0
FC.US,5,20131126,212500,19.8500,19.8500,19.8500,19.8500,100,0
FC.US,5,20131126,213500,19.8500,19.8500,19.8500,19.8500,300,0
FC.US,5,20131126,215000,19.8300,19.8300,19.7800,19.7800,200,0
FC.US,5,20131126,215500,19.7800,19.7800,19.7600,19.7600,500,0
FC.US,5,20131126,220000,19.8200,19.8300,19.7200,19.7200,1100,0
FC.US,5,20131126,221000,19.7400,19.7400,19.7400,19.7400,1128,0
FC.US,5,20131127,153500,19.7500,19.9400,19.7500,19.9400,1832,0
FC.US,5,20131127,154500,19.6600,19.8000,19.6600,19.8000,1000,0
FC.US,5,20131127,155500,19.8200,19.8200,19.8200,19.8200,100,0
FC.US,5,20131127,161000,19.9300,19.9300,19.9300,19.9300,100,0
FC.US,5,20131127,162000,19.8100,19.8100,19.8100,19.8100,100,0
FC.US,5,20131127,163000,19.7400,19.7400,19.7400,19.7400,100,0
FC.US,5,20131127,170000,19.8900,19.9200,19.8800,19.9200,500,0
FC.US,5,20131127,170500,19.8900,19.8900,19.8900,19.8900,100,0
FC.US,5,20131127,171000,19.8800,19.8900,19.8800,19.8900,300,0
FC.US,5,20131127,171500,19.8900,19.8900,19.8900,19.8900,200,0
FC.US,5,20131127,172000,19.8900,19.8900,19.8900,19.8900,200,0
FC.US,5,20131127,173000,19.8800,19.8900,19.8800,19.8900,200,0
FC.US,5,20131127,173500,19.8900,19.9300,19.8900,19.9200,600,0
FC.US,5,20131127,174500,19.8900,19.9200,19.8700,19.8700,813,0
FC.US,5,20131127,175000,19.8800,19.8800,19.8800,19.8800,300,0
FC.US,5,20131127,180500,19.9200,19.9200,19.9200,19.9200,100,0
FC.US,5,20131127,181000,19.9300,19.9300,19.9200,19.9200,200,0
FC.US,5,20131127,181500,19.9000,19.9200,19.9000,19.9200,200,0
FC.US,5,20131127,182000,19.8900,19.8900,19.8900,19.8900,100,0
FC.US,5,20131127,182500,19.9300,19.9300,19.9000,19.9000,300,0
FC.US,5,20131127,183000,19.9100,19.9100,19.8900,19.9000,300,0
FC.US,5,20131127,184000,19.9200,19.9200,19.9200,19.9200,100,0
FC.US,5,20131127,184500,19.8900,19.8900,19.8900,19.8900,100,0
FC.US,5,20131127,185000,19.8800,19.8800,19.8800,19.8800,100,0
FC.US,5,20131127,185500,19.8900,19.9200,19.8900,19.9200,200,0
FC.US,5,20131127,190500,19.8900,19.9000,19.8900,19.9000,300,0
FC.US,5,20131127,191000,19.8800,19.8800,19.8800,19.8800,100,0
FC.US,5,20131127,191500,19.8800,19.8800,19.8100,19.8100,5200,0
FC.US,5,20131127,192000,19.8400,19.8500,19.8400,19.8400,1000,0
FC.US,5,20131127,193500,19.8300,19.8300,19.8300,19.8300,1000,0
FC.US,5,20131127,194000,19.8400,19.8400,19.8400,19.8400,100,0
FC.US,5,20131127,195500,19.8300,19.8300,19.8300,19.8300,100,0
FC.US,5,20131127,200000,19.8500,19.8500,19.8500,19.8500,100,0
FC.US,5,20131127,201500,19.8300,19.8300,19.8300,19.8300,100,0
FC.US,5,20131127,202000,19.8300,19.8300,19.8300,19.8300,600,0
FC.US,5,20131127,203000,19.8300,19.8300,19.8300,19.8300,100,0
FC.US,5,20131127,203500,19.8300,19.8300,19.8100,19.8100,200,0
FC.US,5,20131127,204500,19.8500,19.8500,19.8200,19.8300,700,0
FC.US,5,20131127,205000,19.8300,19.8300,19.8300,19.8300,100,0
FC.US,5,20131127,205500,19.8300,19.8300,19.8300,19.8300,200,0
FC.US,5,20131127,211000,19.8400,19.8700,19.8400,19.8500,2100,0
FC.US,5,20131127,211500,19.9100,19.9100,19.9000,19.9000,200,0
FC.US,5,20131127,212500,19.9100,19.9100,19.9100,19.9100,100,0
FC.US,5,20131127,213000,19.9400,19.9400,19.9400,19.9400,100,0
FC.US,5,20131127,214000,19.9700,19.9700,19.9700,19.9700,204,0
FC.US,5,20131127,214500,19.9600,19.9600,19.9200,19.9200,400,0
FC.US,5,20131127,215000,19.9300,19.9300,19.9300,19.9300,100,0
FC.US,5,20131127,215500,19.9600,19.9900,19.9600,19.9900,479,0
FC.US,5,20131127,220000,19.9800,19.9800,19.9300,19.9300,700,0
FC.US,5,20131127,221000,19.9700,19.9700,19.9700,19.9700,691,0
FC.US,5,20131129,155000,20.2400,20.2400,20.2400,20.2400,200,0
FC.US,5,20131129,161500,20.4200,20.4200,20.4200,20.4200,100,0
FC.US,5,20131129,162000,20.4400,20.4400,20.4300,20.4300,307,0
FC.US,5,20131129,162500,20.3000,20.3100,20.3000,20.3000,700,0
FC.US,5,20131129,163500,20.4200,20.4200,20.3300,20.3400,500,0
FC.US,5,20131129,164500,20.4400,20.4400,20.4400,20.4400,400,0
FC.US,5,20131129,165500,20.3900,20.3900,20.3900,20.3900,100,0
FC.US,5,20131129,171000,20.4600,20.4600,20.4600,20.4600,209,0
FC.US,5,20131129,172000,20.4400,20.4500,20.4400,20.4500,1700,0
FC.US,5,20131129,172500,20.5400,20.5500,20.5400,20.5400,800,0
FC.US,5,20131129,173000,20.5400,20.6400,20.5400,20.6400,1540,0
FC.US,5,20131129,174500,20.5600,20.5600,20.5500,20.5500,1100,0
FC.US,5,20131129,175000,20.5500,20.5600,20.5500,20.5500,300,0
FC.US,5,20131129,175500,20.5600,20.5700,20.5400,20.5400,1000,0
FC.US,5,20131129,180000,20.5300,20.5300,20.5300,20.5300,300,0
FC.US,5,20131129,183500,20.5300,20.5700,20.5300,20.5700,400,0
FC.US,5,20131129,184000,20.5000,20.5100,20.5000,20.5000,1300,0
FC.US,5,20131129,184500,20.4800,20.4800,20.4800,20.4800,100,0
FC.US,5,20131129,185000,20.4800,20.4800,20.4800,20.4800,300,0
FC.US,5,20131129,185500,20.4700,20.4700,20.4500,20.4500,400,0
FC.US,5,20131129,190000,20.4600,20.4600,20.4000,20.4000,427,0
FC.US,5,20131129,191000,20.3500,20.3500,20.3500,20.3500,1630,0
FC.US,5,20131202,154500,20.4300,20.4300,20.4300,20.4300,200,0
FC.US,5,20131202,155000,20.3000,20.3000,20.3000,20.3000,200,0
FC.US,5,20131202,155500,20.3400,20.3400,20.3200,20.3200,300,0
FC.US,5,20131202,160000,20.4000,20.4000,20.4000,20.4000,100,0
FC.US,5,20131202,160500,20.4000,20.4000,20.4000,20.4000,525,0
FC.US,5,20131202,161000,20.3100,20.3100,20.3100,20.3100,100,0
FC.US,5,20131202,161500,20.3000,20.3400,20.3000,20.3400,200,0
FC.US,5,20131202,162000,20.2500,20.4300,20.2100,20.2100,997,0
FC.US,5,20131202,163000,20.3900,20.3900,20.3900,20.3900,100,0
FC.US,5,20131202,163500,20.3000,20.3000,20.2200,20.2300,400,0
FC.US,5,20131202,165500,20.2700,20.2700,20.2700,20.2700,200,0
FC.US,5,20131202,170000,20.2800,20.2800,20.2800,20.2800,100,0
FC.US,5,20131202,171500,20.2700,20.4000,20.2700,20.3300,300,0
FC.US,5,20131202,172000,20.2600,20.2700,19.8500,20.0000,8781,0
FC.US,5,20131202,173000,19.9700,19.9700,19.9700,19.9700,100,0
FC.US,5,20131202,174000,19.9000,19.9000,19.9000,19.9000,100,0
FC.US,5,20131202,175000,19.9000,19.9100,19.9000,19.9100,200,0
FC.US,5,20131202,175500,19.9000,19.9300,19.9000,19.9000,800,0
FC.US,5,20131202,180000,19.9000,19.9200,19.9000,19.9200,700,0
FC.US,5,20131202,180500,19.8500,19.8500,19.8500,19.8500,1357,0
FC.US,5,20131202,181000,19.8500,19.8500,19.8500,19.8500,100,0
FC.US,5,20131202,182000,19.8900,19.8900,19.8700,19.8700,400,0
FC.US,5,20131202,182500,19.8900,19.9000,19.8900,19.9000,1400,0
FC.US,5,20131202,183000,19.8700,19.8700,19.8700,19.8700,100,0
FC.US,5,20131202,183500,19.8700,19.8900,19.8500,19.8500,600,0
FC.US,5,20131202,184000,19.8500,19.8500,19.8500,19.8500,100,0
FC.US,5,20131202,184500,19.8000,19.8500,19.8000,19.8000,700,0
FC.US,5,20131202,190000,19.7500,19.8000,19.7500,19.7600,993,0
FC.US,5,20131202,190500,19.8100,19.8100,19.7800,19.7800,200,0
FC.US,5,20131202,191000,19.8000,19.8000,19.8000,19.8000,200,0
FC.US,5,20131202,192500,19.8000,19.8000,19.8000,19.8000,500,0
FC.US,5,20131202,193000,19.8000,19.8000,19.7900,19.7900,600,0
FC.US,5,20131202,193500,19.7500,19.7500,19.7500,19.7500,400,0
FC.US,5,20131202,194500,19.7900,19.7900,19.7900,19.7900,100,0
FC.US,5,20131202,195000,19.7700,19.7700,19.7500,19.7500,1100,0
FC.US,5,20131202,200000,19.7500,19.7500,19.7500,19.7500,500,0
FC.US,5,20131202,200500,19.7500,19.7600,19.7500,19.7600,800,0
FC.US,5,20131202,201500,19.7500,19.7500,19.7500,19.7500,400,0
FC.US,5,20131202,202500,19.7500,19.7500,19.7500,19.7500,200,0
FC.US,5,20131202,203500,19.7500,19.7500,19.7500,19.7500,300,0
FC.US,5,20131202,204000,19.7500,19.7500,19.7000,19.7000,1000,0
FC.US,5,20131202,204500,19.7000,19.7000,19.7000,19.7000,300,0
FC.US,5,20131202,205000,19.7000,19.7000,19.7000,19.7000,200,0
FC.US,5,20131202,210500,19.7000,19.7100,19.7000,19.7100,900,0
FC.US,5,20131202,211000,19.7200,19.7700,19.7200,19.7400,2837,0
FC.US,5,20131202,211500,19.7400,19.7400,19.7400,19.7400,100,0
FC.US,5,20131202,212500,19.7100,19.7200,19.7100,19.7200,700,0
FC.US,5,20131202,213000,19.7100,19.7100,19.7000,19.7000,200,0
FC.US,5,20131202,213500,19.7000,19.7000,19.7000,19.7000,400,0
FC.US,5,20131202,214500,19.7300,19.7300,19.7000,19.7000,490,0
FC.US,5,20131202,215000,19.7000,19.7000,19.6800,19.6800,1200,0
FC.US,5,20131202,215500,19.6600,19.6900,19.6200,19.6500,700,0
FC.US,5,20131202,220000,19.6500,19.6500,19.6200,19.6200,1855,0
FC.US,5,20131202,221000,19.6300,19.6300,19.6300,19.6300,1309,0
FC.US,5,20131203,154500,19.5000,19.5000,19.5000,19.5000,100,0
FC.US,5,20131203,155000,19.5100,19.5100,19.5100,19.5100,1700,0
FC.US,5,20131203,160000,19.6300,19.6300,19.5100,19.5100,1000,0
FC.US,5,20131203,160500,19.5200,19.5200,19.5200,19.5200,100,0
FC.US,5,20131203,161000,19.5800,19.5800,19.5800,19.5800,100,0
FC.US,5,20131203,161500,19.5800,19.5800,19.5800,19.5800,100,0
FC.US,5,20131203,162500,19.5800,19.5800,19.5800,19.5800,100,0
FC.US,5,20131203,164000,19.5900,19.5900,19.5900,19.5900,100,0
FC.US,5,20131203,165000,19.6000,19.6000,19.6000,19.6000,200,0
FC.US,5,20131203,171000,19.5700,19.5700,19.5700,19.5700,100,0
FC.US,5,20131203,172000,19.4800,19.4800,19.4800,19.4800,200,0
FC.US,5,20131203,172500,19.4800,19.5900,19.4800,19.5900,300,0
FC.US,5,20131203,173000,19.5100,19.6000,19.5100,19.6000,1000,0
FC.US,5,20131203,173500,19.6000,19.6400,19.4700,19.6400,800,0
FC.US,5,20131203,174000,19.6800,19.6800,19.6500,19.6500,300,0
FC.US,5,20131203,174500,19.7200,19.7200,19.7200,19.7200,100,0
FC.US,5,20131203,175000,19.6000,19.6700,19.6000,19.6700,300,0
FC.US,5,20131203,181500,19.5400,19.5400,19.5400,19.5400,100,0
FC.US,5,20131203,182500,19.5200,19.5200,19.5200,19.5200,100,0
FC.US,5,20131203,183000,19.6400,19.6400,19.5300,19.5600,500,0
FC.US,5,20131203,184500,19.5200,19.5200,19.5200,19.5200,100,0
FC.US,5,20131203,185000,19.5200,19.5200,19.5200,19.5200,100,0
FC.US,5,20131203,191000,19.5200,19.5200,19.5200,19.5200,100,0
FC.US,5,20131203,191500,19.5200,19.5200,19.5200,19.5200,200,0
FC.US,5,20131203,192000,19.5200,19.5200,19.5200,19.5200,563,0
FC.US,5,20131203,200500,19.4800,19.5000,19.4400,19.4800,1335,0
FC.US,5,20131203,201000,19.6000,19.6000,19.3700,19.3700,400,0
FC.US,5,20131203,202500,19.3100,19.3100,19.3100,19.3100,100,0
FC.US,5,20131203,203500,19.5500,19.5800,19.5500,19.5800,200,0
FC.US,5,20131203,204000,19.5500,19.5600,19.3300,19.3300,386,0
FC.US,5,20131203,205500,19.5300,19.5700,19.5200,19.5600,3000,0
FC.US,5,20131203,210000,19.4100,19.4100,19.3600,19.3600,200,0
FC.US,5,20131203,210500,19.5100,19.5100,19.5100,19.5100,100,0
FC.US,5,20131203,211000,19.5600,19.6900,19.5600,19.6900,300,0
FC.US,5,20131203,211500,19.4700,19.4700,19.4700,19.4700,100,0
FC.US,5,20131203,212500,19.6000,19.6500,19.6000,19.6500,545,0
FC.US,5,20131203,213000,19.6600,19.6600,19.4800,19.4800,200,0
FC.US,5,20131203,213500,19.4700,19.4700,19.4700,19.4700,100,0
FC.US,5,20131203,215000,19.5900,19.5900,19.5900,19.5900,100,0
FC.US,5,20131203,215500,19.6000,19.6900,19.6000,19.6500,400,0
FC.US,5,20131203,220000,19.6900,19.7100,19.6900,19.7000,800,0
FC.US,5,20131203,221000,19.6700,19.6700,19.6700,19.6700,4508,0
FC.US,5,20131204,154000,19.4800,19.4800,19.4500,19.4500,400,0
FC.US,5,20131204,154500,19.5200,19.5200,19.5200,19.5200,200,0
FC.US,5,20131204,161000,19.5100,19.5100,19.5100,19.5100,200,0
FC.US,5,20131204,161500,19.5100,19.5200,19.5100,19.5200,200,0
FC.US,5,20131204,171500,19.5600,19.5600,19.5600,19.5600,100,0
FC.US,5,20131204,172000,19.5500,19.6500,19.5500,19.6500,698,0
FC.US,5,20131204,181000,19.6800,19.6800,19.6800,19.6800,100,0
FC.US,5,20131204,182500,19.6000,19.6000,19.6000,19.6000,300,0
FC.US,5,20131204,183000,19.6000,19.6500,19.6000,19.6000,400,0
FC.US,5,20131204,190500,19.4600,19.5300,19.4600,19.4700,500,0
FC.US,5,20131204,191000,19.4900,19.5600,19.4600,19.5500,1800,0
FC.US,5,20131204,191500,19.5200,19.5500,19.4200,19.5500,1000,0
FC.US,5,20131204,192500,19.5000,19.5000,19.5000,19.5000,50000,0
FC.US,5,20131204,193500,19.4500,19.4500,19.4000,19.4000,900,0
FC.US,5,20131204,194500,19.4300,19.4300,19.4300,19.4300,200,0
FC.US,5,20131204,201500,19.4900,19.4900,19.4900,19.4900,300,0
FC.US,5,20131204,205000,19.5200,19.6000,19.5200,19.6000,200,0
FC.US,5,20131204,210000,19.6000,19.6000,19.6000,19.6000,100,0
FC.US,5,20131204,213500,19.7300,19.7500,19.7300,19.7500,200,0
FC.US,5,20131204,214000,19.7500,19.7500,19.7300,19.7500,300,0
FC.US,5,20131204,214500,19.7500,19.7500,19.7500,19.7500,100,0
FC.US,5,20131204,215000,19.7300,19.7300,19.6200,19.6200,200,0
FC.US,5,20131204,215500,19.7200,19.7200,19.7200,19.7200,100,0
FC.US,5,20131204,220000,19.6600,19.6900,19.6300,19.6300,500,0
FC.US,5,20131204,221000,19.6200,19.6200,19.6200,19.6200,2804,0
FC.US,5,20131205,154000,19.3800,19.3800,19.1900,19.1900,850,0
FC.US,5,20131205,154500,19.2000,19.2000,19.2000,19.2000,100,0
FC.US,5,20131205,155500,19.2400,19.4100,19.2300,19.2300,300,0
FC.US,5,20131205,161000,19.2600,19.2600,19.2600,19.2600,200,0
FC.US,5,20131205,162000,19.3200,19.3200,19.3200,19.3200,100,0
FC.US,5,20131205,162500,19.3500,19.3500,19.3500,19.3500,100,0
FC.US,5,20131205,165000,19.3500,19.3500,19.3100,19.3500,600,0
FC.US,5,20131205,171000,19.4000,19.4000,19.4000,19.4000,200,0
FC.US,5,20131205,171500,19.3600,19.3600,19.3500,19.3600,300,0
FC.US,5,20131205,172500,19.4000,19.4000,19.4000,19.4000,100,0
FC.US,5,20131205,173500,19.3700,19.3700,19.3700,19.3700,100,0
FC.US,5,20131205,174000,19.5100,19.5100,19.5000,19.5000,200,0
FC.US,5,20131205,174500,19.4100,19.4100,19.4100,19.4100,100,0
FC.US,5,20131205,175500,19.3800,19.4000,19.3800,19.4000,200,0
FC.US,5,20131205,180500,19.3900,19.3900,19.3900,19.3900,100,0
FC.US,5,20131205,181000,19.5000,19.5000,19.5000,19.5000,50000,0
FC.US,5,20131205,181500,19.4400,19.4400,19.4400,19.4400,100,0
FC.US,5,20131205,182500,19.4000,19.4900,19.4000,19.4900,200,0
FC.US,5,20131205,184000,19.4000,19.4000,19.4000,19.4000,100,0
FC.US,5,20131205,184500,19.4100,19.4100,19.4100,19.4100,100,0
FC.US,5,20131205,185000,19.4100,19.4100,19.4000,19.4000,200,0
FC.US,5,20131205,185500,19.4300,19.4400,19.3500,19.4300,500,0
FC.US,5,20131205,190000,19.4300,19.4300,19.4300,19.4300,100,0
FC.US,5,20131205,191500,19.3800,19.3800,19.3800,19.3800,100,0
FC.US,5,20131205,192000,19.5500,19.5500,19.4100,19.4100,200,0
FC.US,5,20131205,192500,19.4100,19.5300,19.4100,19.5300,547,0
FC.US,5,20131205,193000,19.5500,19.5500,19.4000,19.4000,200,0
FC.US,5,20131205,194000,19.4000,19.4000,19.4000,19.4000,100,0
FC.US,5,20131205,195000,19.5200,19.5200,19.4000,19.4000,200,0
FC.US,5,20131205,195500,19.5200,19.5200,19.5200,19.5200,100,0
FC.US,5,20131205,200000,19.4000,19.4000,19.4000,19.4000,100,0
FC.US,5,20131205,201000,19.4100,19.4100,19.4100,19.4100,300,0
FC.US,5,20131205,202000,19.4000,19.5000,19.4000,19.5000,400,0
FC.US,5,20131205,202500,19.4100,19.4100,19.4100,19.4100,100,0
FC.US,5,20131205,203500,19.3700,19.3700,19.3700,19.3700,100,0
FC.US,5,20131205,204500,19.3600,19.3600,19.3600,19.3600,100,0
FC.US,5,20131205,205000,19.3800,19.3800,19.3800,19.3800,100,0
FC.US,5,20131205,210000,19.4800,19.4900,19.3700,19.3700,300,0
FC.US,5,20131205,210500,19.3700,19.3700,19.3700,19.3700,200,0
FC.US,5,20131205,211000,19.4000,19.4200,19.4000,19.4200,400,0
FC.US,5,20131205,211500,19.4200,19.4200,19.4200,19.4200,100,0
FC.US,5,20131205,212000,19.4000,19.4000,19.4000,19.4000,100,0
FC.US,5,20131205,212500,19.4000,19.4000,19.4000,19.4000,100,0
FC.US,5,20131205,214000,19.4600,19.4700,19.4000,19.4700,1200,0
FC.US,5,20131205,214500,19.5600,19.5600,19.5600,19.5600,100,0
FC.US,5,20131205,215000,19.5000,19.5900,19.5000,19.5900,300,0
FC.US,5,20131205,215500,19.5500,19.5600,19.5200,19.5600,300,0
FC.US,5,20131205,220000,19.5400,19.5700,19.4900,19.5000,1328,0
FC.US,5,20131205,221000,19.5000,19.5000,19.5000,19.5000,1530,0
FC.US,5,20131206,154500,19.7500,19.7500,19.7500,19.7500,100,0
FC.US,5,20131206,155000,19.6400,19.6400,19.6300,19.6300,600,0
FC.US,5,20131206,160500,19.7700,19.7700,19.7700,19.7700,100,0
FC.US,5,20131206,161500,19.6500,19.6500,19.6500,19.6500,600,0
FC.US,5,20131206,162000,19.6400,19.7800,19.6400,19.7800,400,0
FC.US,5,20131206,170000,19.9200,19.9200,19.9200,19.9200,100,0
FC.US,5,20131206,173000,19.8500,19.8500,19.8300,19.8300,841,0
FC.US,5,20131206,181500,19.9300,19.9900,19.9300,19.9900,200,0
FC.US,5,20131206,201000,19.9900,19.9900,19.9900,19.9900,107,0
FC.US,5,20131206,203500,19.9600,19.9600,19.8900,19.8900,500,0
FC.US,5,20131206,204500,19.9700,19.9900,19.9700,19.9900,200,0
FC.US,5,20131206,210000,19.9900,19.9900,19.9900,19.9900,100,0
FC.US,5,20131206,211500,20.0700,20.0700,20.0700,20.0700,100,0
FC.US,5,20131206,212000,20.0500,20.0600,20.0400,20.0400,416,0
FC.US,5,20131206,214000,20.1200,20.1500,20.1200,20.1500,400,0
FC.US,5,20131206,214500,20.1500,20.1700,20.1400,20.1400,333,0
FC.US,5,20131206,215500,20.0900,20.2200,20.0900,20.1000,950,0
FC.US,5,20131206,220000,20.1000,20.1600,20.0400,20.0800,1660,0
FC.US,5,20131206,221000,20.0900,20.0900,20.0900,20.0900,638,0
FC.US,5,20131209,153500,20.2900,20.2900,20.2900,20.2900,884,0
FC.US,5,20131209,160500,20.1500,20.1500,20.1100,20.1100,625,0
FC.US,5,20131209,161000,20.2000,20.2100,20.2000,20.2100,300,0
FC.US,5,20131209,161500,20.1000,20.1000,20.1000,20.1000,200,0
FC.US,5,20131209,162000,20.0900,20.0900,20.0900,20.0900,100000,0
FC.US,5,20131209,163000,20.1200,20.1200,20.1200,20.1200,100,0
FC.US,5,20131209,163500,20.1400,20.1400,20.1400,20.1400,200,0
FC.US,5,20131209,172000,20.1400,20.1500,20.1400,20.1500,600,0
FC.US,5,20131209,183500,20.2100,20.2200,20.1600,20.1600,800,0
FC.US,5,20131209,185000,20.1300,20.1300,20.1300,20.1300,700,0
FC.US,5,20131209,190000,20.1900,20.1900,20.1900,20.1900,200,0
FC.US,5,20131209,191500,20.1800,20.1800,20.1800,20.1800,100,0
FC.US,5,20131209,192500,20.1400,20.1400,20.1400,20.1400,600,0
FC.US,5,20131209,193000,20.1900,20.3200,20.1900,20.3200,400,0
FC.US,5,20131209,193500,20.1800,20.1800,20.1500,20.1600,500,0
FC.US,5,20131209,200000,20.1900,20.1900,20.1900,20.1900,600,0
FC.US,5,20131209,202000,20.1600,20.1600,20.1400,20.1600,600,0
FC.US,5,20131209,203000,20.2400,20.2400,20.2400,20.2400,100,0
FC.US,5,20131209,211500,20.2000,20.2000,20.2000,20.2000,200,0
FC.US,5,20131209,212000,20.4000,20.4000,20.2600,20.3000,650,0
FC.US,5,20131209,213000,20.3000,20.3000,20.3000,20.3000,1510,0
FC.US,5,20131209,213500,20.2900,20.2900,20.2900,20.2900,300,0
FC.US,5,20131209,214500,20.1700,20.2300,20.1700,20.2300,600,0
FC.US,5,20131209,215000,20.2300,20.2300,20.2300,20.2300,800,0
FC.US,5,20131209,215500,20.3000,20.3200,20.3000,20.3200,1048,0
FC.US,5,20131209,220000,20.3600,20.4300,20.3000,20.4000,2159,0
FC.US,5,20131209,221000,20.4000,20.4000,20.4000,20.4000,1758,0
