<TICKER>,<PER>,<DTYYYYMMDD>,<TIME>,<OPEN>,<HIGH>,<LOW>,<CLOSE>,<VOL>,<OPENINT>
FI.US,5,20131112,153500,30.1200,30.1500,30.1200,30.1500,300,0
FI.US,5,20131112,154000,30.1900,30.2600,30.1800,30.2300,2488,0
FI.US,5,20131112,154500,30.2400,30.2600,30.1700,30.1700,2600,0
FI.US,5,20131112,155000,30.1400,30.1600,30.0700,30.0900,3500,0
FI.US,5,20131112,155500,30.0600,30.1200,30.0400,30.0400,2533,0
FI.US,5,20131112,160000,30.0500,30.0900,29.8100,29.8300,7975,0
FI.US,5,20131112,160500,29.8500,29.9500,29.7900,29.9300,3795,0
FI.US,5,20131112,161000,29.8700,29.9100,29.8400,29.8800,2745,0
FI.US,5,20131112,161500,29.8900,30.0000,29.8900,30.0000,2600,0
FI.US,5,20131112,162000,30.0000,30.0800,29.9900,30.0300,2000,0
FI.US,5,20131112,162500,29.9900,30.0300,29.9900,29.9900,2740,0
FI.US,5,20131112,163000,29.9900,30.0300,29.9900,29.9900,2000,0
FI.US,5,20131112,163500,29.9900,29.9900,29.9600,29.9900,3000,0
FI.US,5,20131112,164000,29.9800,30.0100,29.9800,30.0000,5800,0
FI.US,5,20131112,164500,30.0000,30.0100,29.9700,29.9900,1100,0
FI.US,5,20131112,165000,29.9800,30.0400,29.9700,29.9900,2200,0
FI.US,5,20131112,165500,29.9900,29.9900,29.9700,29.9800,1800,0
FI.US,5,20131112,170000,29.9800,29.9800,29.8900,29.9200,13924,0
FI.US,5,20131112,170500,29.8900,29.9500,29.8900,29.9500,6309,0
FI.US,5,20131112,171000,29.9100,29.9100,29.8000,29.8000,2075,0
FI.US,5,20131112,171500,29.8300,29.8800,29.8000,29.8800,3300,0
FI.US,5,20131112,172000,29.8700,29.8800,29.8500,29.8500,1300,0
FI.US,5,20131112,172500,29.8300,29.8300,29.8200,29.8200,1050,0
FI.US,5,20131112,173000,29.8200,29.8300,29.8200,29.8300,1600,0
FI.US,5,20131112,173500,29.8300,29.9300,29.8300,29.8700,2500,0
FI.US,5,20131112,174000,29.8100,29.8800,29.8100,29.8700,1300,0
FI.US,5,20131112,174500,29.8700,29.9600,29.8700,29.9400,2025,0
FI.US,5,20131112,175000,29.9500,29.9500,29.9200,29.9500,1228,0
FI.US,5,20131112,175500,29.9000,29.9300,29.9000,29.9100,1200,0
FI.US,5,20131112,180000,29.9000,30.0000,29.9000,29.9500,2700,0
FI.US,5,20131112,180500,29.9500,29.9700,29.9400,29.9400,1473,0
FI.US,5,20131112,181000,29.9100,29.9400,29.9100,29.9100,473,0
FI.US,5,20131112,181500,29.9400,29.9400,29.9300,29.9400,900,0
FI.US,5,20131112,182000,29.9600,29.9600,29.9500,29.9500,300,0
FI.US,5,20131112,182500,29.9700,29.9900,29.9600,29.9900,2800,0
FI.US,5,20131112,183000,30.0000,30.0200,29.9100,29.9100,2502,0
FI.US,5,20131112,183500,29.9100,29.9600,29.9000,29.9100,600,0
FI.US,5,20131112,184000,29.9200,29.9300,29.9200,29.9300,500,0
FI.US,5,20131112,184500,29.9700,30.0000,29.9600,29.9700,1399,0
FI.US,5,20131112,185000,29.9800,29.9900,29.9800,29.9900,500,0
FI.US,5,20131112,185500,29.9700,30.0200,29.9600,29.9800,4377,0
FI.US,5,20131112,190000,29.9600,30.0000,29.9600,29.9800,974,0
FI.US,5,20131112,190500,30.0000,30.0000,30.0000,30.0000,500,0
FI.US,5,20131112,191000,30.0200,30.1100,30.0000,30.1100,5286,0
FI.US,5,20131112,191500,30.1800,30.2500,30.1200,30.1200,3500,0
FI.US,5,20131112,192000,30.0800,30.0800,29.9600,29.9600,900,0
FI.US,5,20131112,192500,29.9900,30.0600,29.9900,30.0200,1200,0
FI.US,5,20131112,193000,30.0000,30.0100,29.9800,29.9900,1200,0
FI.US,5,20131112,193500,30.0000,30.0000,29.9600,29.9700,4135,0
FI.US,5,20131112,194000,29.9800,29.9900,29.9800,29.9900,1941,0
FI.US,5,20131112,194500,29.9900,30.0400,29.9800,30.0400,1685,0
FI.US,5,20131112,195000,30.0500,30.0500,29.9700,29.9700,500,0
FI.US,5,20131112,195500,29.9800,29.9900,29.9400,29.9900,1900,0
FI.US,5,20131112,200000,29.9700,30.0200,29.9700,30.0200,1080,0
FI.US,5,20131112,200500,29.9900,30.0000,29.9700,29.9800,1300,0
FI.US,5,20131112,201000,29.9800,29.9800,29.9200,29.9400,1600,0
FI.US,5,20131112,201500,29.9600,29.9600,29.9200,29.9600,1500,0
FI.US,5,20131112,202000,29.9600,29.9600,29.8700,29.8700,3592,0
FI.US,5,20131112,202500,29.8700,29.9000,29.8600,29.8700,2600,0
FI.US,5,20131112,203000,29.8700,29.8900,29.8300,29.8300,1993,0
FI.US,5,20131112,203500,29.8300,29.8400,29.8000,29.8200,1100,0
FI.US,5,20131112,204000,29.8700,29.9000,29.8700,29.9000,2500,0
FI.US,5,20131112,204500,29.8900,29.8900,29.8500,29.8500,2700,0
FI.US,5,20131112,205000,29.8700,29.8700,29.8500,29.8500,8799,0
FI.US,5,20131112,205500,29.8500,29.8600,29.8500,29.8500,2100,0
FI.US,5,20131112,210000,29.8400,29.8500,29.8000,29.8500,6400,0
FI.US,5,20131112,210500,29.8600,29.8600,29.8300,29.8300,1600,0
FI.US,5,20131112,211000,29.8400,29.8600,29.8000,29.8600,1800,0
FI.US,5,20131112,211500,29.8400,29.8400,29.8100,29.8100,1501,0
FI.US,5,20131112,212000,29.8000,29.8200,29.7800,29.7900,8280,0
FI.US,5,20131112,212500,29.7600,29.7700,29.7000,29.7100,5598,0
FI.US,5,20131112,213000,29.7200,29.7200,29.6300,29.6900,4290,0
FI.US,5,20131112,213500,29.7200,29.7300,29.6900,29.7000,10350,0
FI.US,5,20131112,214000,29.7200,29.7200,29.7000,29.7100,5650,0
FI.US,5,20131112,214500,29.7100,29.7200,29.6900,29.6900,8919,0
FI.US,5,20131112,215000,29.7000,29.7000,29.6000,29.6000,7799,0
FI.US,5,20131112,215500,29.6100,29.6700,29.5100,29.6100,10785,0
FI.US,5,20131112,220000,29.5400,29.5800,29.4400,29.5100,19052,0
FI.US,5,20131112,220500,29.5200,29.5200,29.5200,29.5200,4415,0
FI.US,5,20131113,153500,26.0000,26.0000,23.4600,23.6000,37920,0
FI.US,5,20131113,154000,23.5900,25.2200,23.1000,25.0500,370962,0
FI.US,5,20131113,154500,25.0500,26.4500,25.0000,25.9600,108941,0
FI.US,5,20131113,155000,25.9600,26.3700,25.6000,26.1200,237087,0
FI.US,5,20131113,155500,26.0800,26.8200,25.9600,26.8200,109022,0
FI.US,5,20131113,160000,26.7500,26.9000,26.1200,26.2800,130152,0
FI.US,5,20131113,160500,26.0500,26.2900,25.7800,26.1600,65087,0
FI.US,5,20131113,161000,26.1600,26.3600,25.8600,25.9900,118870,0
FI.US,5,20131113,161500,26.0000,26.0000,25.1500,25.3500,33228,0
FI.US,5,20131113,162000,25.4300,25.8600,25.3100,25.7800,75414,0
FI.US,5,20131113,162500,25.7700,26.0000,25.6200,25.7200,107925,0
FI.US,5,20131113,163000,25.6900,25.8500,25.5100,25.5100,45959,0
FI.US,5,20131113,163500,25.5100,25.5200,25.1200,25.4300,25517,0
FI.US,5,20131113,164000,25.4300,26.0000,25.4300,25.9500,35261,0
FI.US,5,20131113,164500,25.9300,26.1100,25.9300,26.0100,79435,0
FI.US,5,20131113,165000,26.0700,26.1500,25.9800,26.0000,33597,0
FI.US,5,20131113,165500,26.0000,26.3500,26.0000,26.0100,34167,0
FI.US,5,20131113,170000,26.0100,26.3800,25.9800,26.0900,31180,0
FI.US,5,20131113,170500,26.0900,26.2400,25.6200,26.1600,158585,0
FI.US,5,20131113,171000,26.0300,26.0400,25.6400,26.0100,154155,0
FI.US,5,20131113,171500,26.0200,26.1400,25.7800,25.9400,38651,0
FI.US,5,20131113,172000,25.9700,26.0300,25.6300,25.8200,25909,0
FI.US,5,20131113,172500,25.8200,26.0500,25.8200,25.9200,44250,0
FI.US,5,20131113,173000,25.9400,26.0800,25.9400,26.0000,58290,0
FI.US,5,20131113,173500,26.0000,26.0200,25.8000,25.9000,44551,0
FI.US,5,20131113,174000,25.9300,25.9400,25.8000,25.8600,18460,0
FI.US,5,20131113,174500,25.8700,25.8700,25.7600,25.8300,50987,0
FI.US,5,20131113,175000,25.8300,25.9600,25.3000,25.3900,51742,0
FI.US,5,20131113,175500,25.3700,26.0000,25.1400,25.3300,44032,0
FI.US,5,20131113,180000,25.2500,25.2600,24.9900,25.0900,129927,0
FI.US,5,20131113,180500,25.0500,25.4200,25.0000,25.2500,28171,0
FI.US,5,20131113,181000,25.2500,25.6400,25.1000,25.3500,34071,0
FI.US,5,20131113,181500,25.3700,25.4200,25.2300,25.2400,21250,0
FI.US,5,20131113,182000,25.1700,25.1900,24.7100,24.7400,106278,0
FI.US,5,20131113,182500,24.7300,25.0300,24.7300,24.9700,76455,0
FI.US,5,20131113,183000,24.9800,25.2900,24.9100,25.2300,60484,0
FI.US,5,20131113,183500,25.2300,25.7400,25.1200,25.1900,32130,0
FI.US,5,20131113,184000,25.1700,25.2500,25.0000,25.2200,20573,0
FI.US,5,20131113,184500,25.2000,25.2500,25.1200,25.1900,14988,0
FI.US,5,20131113,185000,25.1800,25.2600,25.0400,25.1500,50169,0
FI.US,5,20131113,185500,25.1900,25.3500,25.1200,25.3000,46645,0
FI.US,5,20131113,190000,25.2900,25.3000,25.2400,25.3000,33665,0
FI.US,5,20131113,190500,25.2900,25.3500,25.1100,25.2700,55427,0
FI.US,5,20131113,191000,25.3200,25.3500,25.2500,25.3000,16297,0
FI.US,5,20131113,191500,25.3000,25.3500,25.2700,25.3200,24936,0
FI.US,5,20131113,192000,25.3100,25.3200,25.2500,25.2500,28368,0
FI.US,5,20131113,192500,25.2600,25.2900,25.2500,25.2700,22617,0
FI.US,5,20131113,193000,25.2700,25.2900,25.0500,25.1400,22288,0
FI.US,5,20131113,193500,25.1700,25.2600,25.1000,25.2100,72000,0
FI.US,5,20131113,194000,25.2100,25.2400,25.1000,25.1300,32083,0
FI.US,5,20131113,194500,25.1300,25.2000,25.1100,25.1200,15605,0
FI.US,5,20131113,195000,25.1200,25.2100,25.0100,25.0100,80211,0
FI.US,5,20131113,195500,25.0200,25.2500,25.0200,25.2000,48629,0
FI.US,5,20131113,200000,25.2500,25.2500,25.1800,25.2400,6101,0
FI.US,5,20131113,200500,25.2400,25.2500,25.2300,25.2400,21095,0
FI.US,5,20131113,201000,25.2400,25.2500,25.1800,25.1800,60098,0
FI.US,5,20131113,201500,25.1800,25.4100,25.1600,25.2900,91964,0
FI.US,5,20131113,202000,25.2900,25.5000,25.2600,25.4200,40362,0
FI.US,5,20131113,202500,25.4200,25.4300,25.3400,25.4000,20505,0
FI.US,5,20131113,203000,25.3900,25.4500,25.3500,25.4300,46543,0
FI.US,5,20131113,203500,25.4200,25.4400,25.3500,25.3800,12557,0
FI.US,5,20131113,204000,25.3900,25.4300,25.3500,25.4300,100099,0
FI.US,5,20131113,204500,25.4300,25.4500,25.2000,25.4500,135261,0
FI.US,5,20131113,205000,25.4400,25.5000,25.3400,25.5000,96946,0
FI.US,5,20131113,205500,25.5000,25.7300,25.4900,25.5800,46426,0
FI.US,5,20131113,210000,25.5700,25.5800,25.4400,25.4500,27911,0
FI.US,5,20131113,210500,25.4500,25.4600,25.4300,25.4300,35761,0
FI.US,5,20131113,211000,25.4400,25.5500,25.4300,25.5400,43367,0
FI.US,5,20131113,211500,25.5200,25.6000,25.5000,25.5700,32045,0
FI.US,5,20131113,212000,25.5600,25.5700,25.4800,25.5000,43954,0
FI.US,5,20131113,212500,25.5000,25.5100,25.5000,25.5100,15400,0
FI.US,5,20131113,213000,25.5100,25.5100,25.5000,25.5000,17802,0
FI.US,5,20131113,213500,25.5000,25.5100,25.5000,25.5000,46977,0
FI.US,5,20131113,214000,25.5100,25.5100,25.5000,25.5000,73741,0
FI.US,5,20131113,214500,25.5100,25.5100,25.5000,25.5000,68640,0
FI.US,5,20131113,215000,25.5100,25.5500,25.5000,25.5000,45965,0
FI.US,5,20131113,215500,25.5000,25.5100,25.3200,25.3500,101024,0
FI.US,5,20131113,220000,25.3500,25.4800,25.2500,25.4800,154641,0
FI.US,5,20131113,221000,25.4700,25.4700,25.4700,25.4700,26165,0
FI.US,5,20131114,153500,25.9600,26.2900,25.5000,25.7000,35803,0
FI.US,5,20131114,154000,25.7000,25.8700,25.6900,25.8600,9850,0
FI.US,5,20131114,154500,25.8600,26.1000,25.8200,25.8200,95177,0
FI.US,5,20131114,155000,25.7600,25.8100,25.7000,25.7900,23398,0
FI.US,5,20131114,155500,25.8000,26.0300,25.7900,25.8100,12485,0
FI.US,5,20131114,160000,25.8700,25.9800,25.8400,25.9800,12207,0
FI.US,5,20131114,160500,25.9900,25.9900,25.8000,25.8000,15855,0
FI.US,5,20131114,161000,25.7900,26.1300,25.7900,25.9100,26734,0
FI.US,5,20131114,161500,25.9000,26.0000,25.8400,26.0000,12514,0
FI.US,5,20131114,162000,26.0100,26.0200,25.9500,25.9600,11653,0
FI.US,5,20131114,162500,25.9700,26.0000,25.9400,25.9600,12419,0
FI.US,5,20131114,163000,25.9600,26.0900,25.9100,25.9100,68875,0
FI.US,5,20131114,163500,25.9100,25.9600,25.8300,25.8300,13295,0
FI.US,5,20131114,164000,25.8400,25.8500,25.6400,25.6700,17925,0
FI.US,5,20131114,164500,25.6700,25.6900,25.5500,25.5500,6436,0
FI.US,5,20131114,165000,25.5400,25.5700,25.5000,25.5500,16647,0
FI.US,5,20131114,165500,25.5100,25.5500,25.5000,25.5400,28607,0
FI.US,5,20131114,170000,25.5500,25.6100,25.5400,25.5800,3700,0
FI.US,5,20131114,170500,25.5300,25.5500,25.4700,25.5100,28669,0
FI.US,5,20131114,171000,25.5100,25.5600,25.4300,25.5000,65314,0
FI.US,5,20131114,171500,25.5000,25.5000,25.4700,25.5000,22382,0
FI.US,5,20131114,172000,25.5000,25.5000,25.4900,25.5000,3718,0
FI.US,5,20131114,172500,25.5000,25.5000,25.4900,25.5000,7200,0
FI.US,5,20131114,173000,25.5000,25.5000,25.5000,25.5000,4800,0
FI.US,5,20131114,173500,25.4900,25.5000,25.4000,25.4200,7781,0
FI.US,5,20131114,174000,25.4100,25.5000,25.4100,25.4300,6595,0
FI.US,5,20131114,174500,25.4400,25.4700,25.3900,25.4000,10573,0
FI.US,5,20131114,175000,25.4000,25.4000,25.3900,25.3900,3280,0
FI.US,5,20131114,175500,25.4000,25.5000,25.3900,25.4600,6845,0
FI.US,5,20131114,180000,25.4900,25.6700,25.4900,25.6000,4450,0
FI.US,5,20131114,180500,25.5300,25.5300,25.5000,25.5200,2495,0
FI.US,5,20131114,181000,25.5900,25.5900,25.5200,25.5200,3201,0
FI.US,5,20131114,181500,25.5000,25.5000,25.4600,25.4600,7400,0
FI.US,5,20131114,182000,25.4500,25.4700,25.4100,25.4600,5315,0
FI.US,5,20131114,182500,25.4600,25.4700,25.4600,25.4600,3100,0
FI.US,5,20131114,183000,25.4700,25.5300,25.4600,25.5000,6197,0
FI.US,5,20131114,183500,25.5200,25.5200,25.5100,25.5200,2518,0
FI.US,5,20131114,184000,25.5100,25.5200,25.5000,25.5000,1900,0
FI.US,5,20131114,184500,25.5000,25.5100,25.4100,25.4200,11451,0
FI.US,5,20131114,185000,25.4200,25.4200,25.3700,25.3700,4800,0
FI.US,5,20131114,185500,25.3700,25.3700,25.3000,25.3000,11695,0
FI.US,5,20131114,190000,25.3100,25.3100,25.3000,25.3000,26000,0
FI.US,5,20131114,190500,25.3000,25.3100,25.3000,25.3000,2800,0
FI.US,5,20131114,191000,25.3100,25.3100,25.0600,25.0700,16185,0
FI.US,5,20131114,191500,25.0500,25.0800,25.0400,25.0400,15624,0
FI.US,5,20131114,192000,25.0500,25.2000,25.0100,25.1500,23630,0
FI.US,5,20131114,192500,25.1600,25.1600,25.0800,25.1200,4399,0
FI.US,5,20131114,193000,25.1300,25.2600,25.1200,25.1900,6560,0
FI.US,5,20131114,193500,25.1800,25.3400,25.1800,25.2100,22000,0
FI.US,5,20131114,194000,25.1900,25.2000,25.1900,25.1900,2800,0
FI.US,5,20131114,194500,25.2000,25.2400,25.2000,25.2300,7609,0
FI.US,5,20131114,195000,25.2500,25.4300,25.2500,25.3600,15511,0
FI.US,5,20131114,195500,25.3400,25.5100,25.2800,25.5100,11270,0
FI.US,5,20131114,200000,25.5000,25.5600,25.5000,25.5000,5276,0
FI.US,5,20131114,200500,25.5100,25.5600,25.3900,25.3900,3800,0
FI.US,5,20131114,201000,25.3900,25.5200,25.3800,25.4900,8951,0
FI.US,5,20131114,201500,25.5000,25.5000,25.4400,25.4700,3800,0
FI.US,5,20131114,202000,25.5000,25.5300,25.5000,25.5200,1200,0
FI.US,5,20131114,202500,25.5100,25.5100,25.4300,25.4600,6700,0
FI.US,5,20131114,203000,25.4600,25.5200,25.4600,25.5100,7501,0
FI.US,5,20131114,203500,25.5100,25.5600,25.5100,25.5600,3300,0
FI.US,5,20131114,204000,25.5600,25.5800,25.5600,25.5700,3000,0
FI.US,5,20131114,204500,25.5700,25.6900,25.5600,25.6900,6520,0
FI.US,5,20131114,205000,25.7000,25.7300,25.6300,25.6300,3600,0
FI.US,5,20131114,205500,25.6300,25.6900,25.6300,25.6600,4400,0
FI.US,5,20131114,210000,25.6500,25.6500,25.5700,25.5700,5300,0
FI.US,5,20131114,210500,25.5600,25.5600,25.4600,25.4800,9800,0
FI.US,5,20131114,211000,25.4600,25.5300,25.3900,25.5300,8274,0
FI.US,5,20131114,211500,25.5200,25.5700,25.4900,25.5100,14200,0
FI.US,5,20131114,212000,25.5100,25.5500,25.5100,25.5300,7300,0
FI.US,5,20131114,212500,25.5200,25.5300,25.5100,25.5100,4435,0
FI.US,5,20131114,213000,25.5200,25.5200,25.4000,25.4700,9124,0
FI.US,5,20131114,213500,25.5000,25.5300,25.4500,25.5000,10692,0
FI.US,5,20131114,214000,25.5000,25.5000,25.4400,25.4400,5900,0
FI.US,5,20131114,214500,25.4400,25.4400,25.3700,25.3700,5020,0
FI.US,5,20131114,215000,25.3600,25.3700,25.2800,25.2800,7289,0
FI.US,5,20131114,215500,25.2800,25.2900,25.2500,25.2500,11500,0
FI.US,5,20131114,220000,25.2500,25.2600,25.2300,25.2500,33047,0
FI.US,5,20131114,220500,25.2500,25.2500,25.2400,25.2400,7256,0
FI.US,5,20131115,153500,25.2200,25.2200,24.7700,24.9000,8655,0
FI.US,5,20131115,154000,25.0000,25.1500,24.9900,25.0000,6442,0
FI.US,5,20131115,154500,25.0100,25.1000,24.9900,25.0900,7653,0
FI.US,5,20131115,155000,25.0600,25.1400,25.0500,25.1000,17870,0
FI.US,5,20131115,155500,25.0800,25.1700,25.0800,25.1600,4184,0
FI.US,5,20131115,160000,25.1700,25.2300,25.1700,25.2000,4196,0
FI.US,5,20131115,160500,25.2000,25.2000,25.1000,25.1900,7867,0
FI.US,5,20131115,161000,25.2000,25.2000,25.0500,25.1300,10198,0
FI.US,5,20131115,161500,25.1500,25.2600,25.1000,25.2300,24916,0
FI.US,5,20131115,162000,25.2800,25.3200,25.2300,25.2900,4698,0
FI.US,5,20131115,162500,25.2700,25.3000,25.2300,25.2700,5253,0
FI.US,5,20131115,163000,25.2800,25.2900,25.1200,25.1200,5392,0
FI.US,5,20131115,163500,25.1600,25.1600,25.1500,25.1500,400,0
FI.US,5,20131115,164000,25.1800,25.2300,25.1500,25.2200,7140,0
FI.US,5,20131115,164500,25.2200,25.2500,25.2200,25.2300,2300,0
FI.US,5,20131115,165000,25.2400,25.2500,25.2200,25.2400,3864,0
FI.US,5,20131115,165500,25.2200,25.2200,25.1700,25.1700,3100,0
FI.US,5,20131115,170000,25.1700,25.1800,24.9600,25.0000,10868,0
FI.US,5,20131115,170500,24.9900,24.9900,24.9000,24.9600,9900,0
FI.US,5,20131115,171000,24.9600,24.9600,24.9200,24.9300,10376,0
FI.US,5,20131115,171500,25.0100,25.0200,24.9800,25.0000,19781,0
FI.US,5,20131115,172000,25.0000,25.0400,24.9900,25.0200,12380,0
FI.US,5,20131115,172500,25.0000,25.2700,24.9900,25.2700,11101,0
FI.US,5,20131115,173000,25.2800,25.4300,25.2400,25.4100,7800,0
FI.US,5,20131115,173500,25.4100,25.6500,25.4100,25.6500,5092,0
FI.US,5,20131115,174000,25.6400,25.6900,25.5500,25.6100,7908,0
FI.US,5,20131115,174500,25.6200,25.6200,25.4100,25.4100,15500,0
FI.US,5,20131115,175000,25.3700,25.6500,25.3600,25.6500,15413,0
FI.US,5,20131115,175500,25.6400,25.6400,25.4900,25.6300,10653,0
FI.US,5,20131115,180000,25.6300,25.8800,25.6100,25.8800,12596,0
FI.US,5,20131115,180500,25.8900,26.1300,25.8700,26.1300,20386,0
FI.US,5,20131115,181000,26.1800,26.6400,26.1700,26.4000,32146,0
FI.US,5,20131115,181500,26.3900,26.4800,26.3700,26.4800,4894,0
FI.US,5,20131115,182000,26.4300,26.4500,26.1800,26.3000,8700,0
FI.US,5,20131115,182500,26.2600,26.2900,26.0300,26.0800,8200,0
FI.US,5,20131115,183000,26.0700,26.1400,25.9700,26.0800,9271,0
FI.US,5,20131115,183500,26.1400,26.1500,25.9400,25.9900,11000,0
FI.US,5,20131115,184000,26.0000,26.0100,25.8700,25.8700,6600,0
FI.US,5,20131115,184500,25.8700,25.8700,25.7500,25.7800,3500,0
FI.US,5,20131115,185000,25.8000,25.9200,25.8000,25.9100,1400,0
FI.US,5,20131115,185500,25.9700,25.9900,25.9400,25.9700,1980,0
FI.US,5,20131115,190000,25.8300,25.9300,25.8200,25.8800,2149,0
FI.US,5,20131115,190500,25.8200,25.8700,25.8000,25.8300,25600,0
FI.US,5,20131115,191000,25.8600,25.8600,25.5300,25.5500,18660,0
FI.US,5,20131115,191500,25.5300,25.7000,25.4400,25.6500,45359,0
FI.US,5,20131115,192000,25.6600,25.6600,25.4500,25.4900,15302,0
FI.US,5,20131115,192500,25.5100,25.5100,25.4000,25.4000,11685,0
FI.US,5,20131115,193000,25.4300,25.4400,25.2900,25.3100,25186,0
FI.US,5,20131115,193500,25.3200,25.4700,25.3200,25.4600,14045,0
FI.US,5,20131115,194000,25.4400,25.6000,25.4400,25.5700,4000,0
FI.US,5,20131115,194500,25.5400,25.5700,25.3900,25.5200,6799,0
FI.US,5,20131115,195000,25.5100,25.5200,25.4600,25.5000,32601,0
FI.US,5,20131115,195500,25.4400,25.5300,25.4200,25.4900,22500,0
FI.US,5,20131115,200000,25.5100,25.5400,25.5100,25.5100,11300,0
FI.US,5,20131115,200500,25.5100,25.5400,25.5000,25.5000,3100,0
FI.US,5,20131115,201000,25.5100,25.6000,25.5000,25.6000,4000,0
FI.US,5,20131115,201500,25.5600,25.7600,25.5600,25.6000,6530,0
FI.US,5,20131115,202000,25.6500,25.6500,25.6300,25.6400,1000,0
FI.US,5,20131115,202500,25.6200,25.6400,25.5900,25.6000,2700,0
FI.US,5,20131115,203000,25.6300,25.8500,25.6300,25.8500,7400,0
FI.US,5,20131115,203500,25.8000,25.8300,25.7100,25.8300,5150,0
FI.US,5,20131115,204000,25.8300,25.8300,25.7600,25.7600,4005,0
FI.US,5,20131115,204500,25.7600,25.7600,25.7000,25.7000,2200,0
FI.US,5,20131115,205000,25.7300,25.7800,25.6500,25.6700,13100,0
FI.US,5,20131115,205500,25.7300,25.7600,25.7100,25.7500,1940,0
FI.US,5,20131115,210000,25.7200,25.7200,25.6200,25.6200,18300,0
FI.US,5,20131115,210500,25.6200,25.6600,25.4500,25.5800,16228,0
FI.US,5,20131115,211000,25.5800,25.6100,25.5100,25.5100,35500,0
FI.US,5,20131115,211500,25.5100,25.5200,25.4300,25.5000,17700,0
FI.US,5,20131115,212000,25.4900,25.5500,25.4800,25.5500,5100,0
FI.US,5,20131115,212500,25.5600,25.5800,25.4400,25.4500,4000,0
FI.US,5,20131115,213000,25.4400,25.5200,25.4400,25.5100,11671,0
FI.US,5,20131115,213500,25.5000,25.5200,25.5000,25.5200,4000,0
FI.US,5,20131115,214000,25.5100,25.5200,25.5100,25.5200,3000,0
FI.US,5,20131115,214500,25.5200,25.5200,25.5000,25.5100,3700,0
FI.US,5,20131115,215000,25.5100,25.5200,25.5000,25.5200,19161,0
FI.US,5,20131115,215500,25.5200,25.5700,25.5100,25.5600,15192,0
FI.US,5,20131115,220000,25.5600,25.6200,25.5300,25.6000,38902,0
FI.US,5,20131115,220500,25.6100,25.6100,25.6100,25.6100,5801,0
FI.US,5,20131118,153500,25.1100,25.1100,24.8000,24.9900,46154,0
FI.US,5,20131118,154000,24.9700,25.0000,24.8400,24.9400,35030,0
FI.US,5,20131118,154500,24.8500,24.8600,24.3600,24.3900,24406,0
FI.US,5,20131118,155000,24.3700,24.3800,24.1000,24.1700,38260,0
FI.US,5,20131118,155500,24.1600,24.2000,24.1200,24.1400,23047,0
FI.US,5,20131118,160000,24.1000,24.1400,23.9100,23.9200,40508,0
FI.US,5,20131118,160500,23.9100,24.0000,23.7700,23.7800,32613,0
FI.US,5,20131118,161000,23.8200,24.0800,23.7700,23.9500,36013,0
FI.US,5,20131118,161500,23.9000,24.0400,23.9000,24.0000,46734,0
FI.US,5,20131118,162000,24.0100,24.1400,23.9300,24.0100,87903,0
FI.US,5,20131118,162500,24.0000,24.1000,23.9600,24.0800,26142,0
FI.US,5,20131118,163000,24.0700,24.2000,24.0400,24.1700,8441,0
FI.US,5,20131118,163500,24.1200,24.1600,24.0900,24.1400,35001,0
FI.US,5,20131118,164000,24.1100,24.2000,24.1100,24.2000,3700,0
FI.US,5,20131118,164500,24.2000,24.3600,24.1500,24.2100,48075,0
FI.US,5,20131118,165000,24.2200,24.4300,24.2000,24.4000,19973,0
FI.US,5,20131118,165500,24.4800,24.5700,24.4000,24.5300,116430,0
FI.US,5,20131118,170000,24.5300,24.5300,24.3500,24.5100,19191,0
FI.US,5,20131118,170500,24.5300,24.5300,24.3700,24.4200,13477,0
FI.US,5,20131118,171000,24.3800,24.4800,24.3600,24.4000,13100,0
FI.US,5,20131118,171500,24.4200,24.4400,24.3500,24.4100,31463,0
FI.US,5,20131118,172000,24.4100,24.5000,24.3700,24.4800,14300,0
FI.US,5,20131118,172500,24.4800,24.5000,24.4300,24.4700,6900,0
FI.US,5,20131118,173000,24.4900,24.5000,24.4200,24.4600,6610,0
FI.US,5,20131118,173500,24.4400,24.4500,24.3600,24.4000,18594,0
FI.US,5,20131118,174000,24.4000,24.4400,24.3600,24.3800,13450,0
FI.US,5,20131118,174500,24.4000,24.4100,24.2600,24.2800,29946,0
FI.US,5,20131118,175000,24.3000,24.3700,24.3000,24.3500,17400,0
FI.US,5,20131118,175500,24.3200,24.3600,24.3100,24.3400,19400,0
FI.US,5,20131118,180000,24.3500,24.3600,24.3100,24.3600,7300,0
FI.US,5,20131118,180500,24.3600,24.4100,24.3000,24.4100,17100,0
FI.US,5,20131118,181000,24.4000,24.4800,24.4000,24.4800,14900,0
FI.US,5,20131118,181500,24.4700,24.4800,24.3800,24.4500,21076,0
FI.US,5,20131118,182000,24.4500,24.4500,24.3900,24.4300,1100,0
FI.US,5,20131118,182500,24.4200,24.5600,24.4000,24.5300,10199,0
FI.US,5,20131118,183000,24.5600,24.5600,24.3900,24.4500,25400,0
FI.US,5,20131118,183500,24.4400,24.4600,24.4100,24.4500,3800,0
FI.US,5,20131118,184000,24.4500,24.4600,24.4000,24.4000,5221,0
FI.US,5,20131118,184500,24.4100,24.4200,24.3100,24.3100,5689,0
FI.US,5,20131118,185000,24.3200,24.3200,24.2000,24.2500,12315,0
FI.US,5,20131118,185500,24.1900,24.4000,24.1300,24.1700,8300,0
FI.US,5,20131118,190000,24.1600,24.1600,24.1000,24.1400,5259,0
FI.US,5,20131118,190500,24.1300,24.2000,24.0900,24.1000,20024,0
FI.US,5,20131118,191000,24.1200,24.1800,24.1100,24.1500,6400,0
FI.US,5,20131118,191500,24.1200,24.2100,24.1200,24.1500,11800,0
FI.US,5,20131118,192000,24.1200,24.2000,24.1200,24.1500,7900,0
FI.US,5,20131118,192500,24.1200,24.2000,24.1200,24.1500,7000,0
FI.US,5,20131118,193000,24.1500,24.1700,24.1400,24.1500,3800,0
FI.US,5,20131118,193500,24.1400,24.1500,24.1000,24.1200,10087,0
FI.US,5,20131118,194000,24.1200,24.1500,24.0800,24.1100,16525,0
FI.US,5,20131118,194500,24.1000,24.1300,24.0800,24.1300,8975,0
FI.US,5,20131118,195000,24.1400,24.2300,24.1100,24.2300,11999,0
FI.US,5,20131118,195500,24.2100,24.3300,24.1900,24.2500,17800,0
FI.US,5,20131118,200000,24.2400,24.3400,24.2400,24.3100,17200,0
FI.US,5,20131118,200500,24.3300,24.5700,24.3300,24.5600,106108,0
FI.US,5,20131118,201000,24.5600,24.5600,24.4400,24.4400,2900,0
FI.US,5,20131118,201500,24.3900,24.3900,24.2100,24.2100,5685,0
FI.US,5,20131118,202000,24.2200,24.2200,24.1400,24.1400,3500,0
FI.US,5,20131118,202500,24.1400,24.2100,24.1300,24.1800,5499,0
FI.US,5,20131118,203000,24.1700,24.1700,24.1100,24.1300,4642,0
FI.US,5,20131118,203500,24.1300,24.1300,24.1100,24.1100,4080,0
FI.US,5,20131118,204000,24.1000,24.1900,24.0700,24.1400,19475,0
FI.US,5,20131118,204500,24.1900,24.1900,24.1000,24.1100,5346,0
FI.US,5,20131118,205000,24.1100,24.1800,24.1000,24.1200,7300,0
FI.US,5,20131118,205500,24.1200,24.1700,24.1200,24.1700,6630,0
FI.US,5,20131118,210000,24.1700,24.2500,24.0200,24.1600,43650,0
FI.US,5,20131118,210500,24.1500,24.1500,24.0300,24.1000,13550,0
FI.US,5,20131118,211000,24.1400,24.1700,24.1000,24.1100,8340,0
FI.US,5,20131118,211500,24.0800,24.0800,23.9800,23.9800,13738,0
FI.US,5,20131118,212000,23.9700,24.1200,23.9300,24.0500,24602,0
FI.US,5,20131118,212500,24.0700,24.1900,24.0400,24.0800,17901,0
FI.US,5,20131118,213000,24.0900,24.0900,24.0000,24.0600,12500,0
FI.US,5,20131118,213500,24.0400,24.0400,23.9900,24.0000,29106,0
FI.US,5,20131118,214000,24.0000,24.0100,23.9900,23.9900,15849,0
FI.US,5,20131118,214500,23.9900,24.0500,23.9600,24.0400,27469,0
FI.US,5,20131118,215000,24.0200,24.0500,23.9900,24.0000,47808,0
FI.US,5,20131118,215500,24.0000,24.0100,23.9900,24.0000,25827,0
FI.US,5,20131118,220000,23.9900,24.0200,23.9900,24.0200,60097,0
FI.US,5,20131118,220500,24.0200,24.0200,24.0200,24.0200,8913,0
FI.US,5,20131119,153500,24.4800,24.6800,24.2700,24.4200,30996,0
FI.US,5,20131119,154000,24.4500,24.5100,24.4100,24.5100,425,0
FI.US,5,20131119,154500,24.5300,24.5300,24.3500,24.3600,5195,0
FI.US,5,20131119,155000,24.4000,24.4000,24.2600,24.2700,1500,0
FI.US,5,20131119,155500,24.2900,24.4500,24.1900,24.2800,6400,0
FI.US,5,20131119,160000,24.2400,24.3400,24.1800,24.1800,3400,0
FI.US,5,20131119,160500,24.2100,24.2800,24.2000,24.2000,3250,0
FI.US,5,20131119,161000,24.1900,24.2400,24.1900,24.2400,1900,0
FI.US,5,20131119,161500,24.2500,24.2600,24.1300,24.2100,6700,0
FI.US,5,20131119,162000,24.2100,24.2700,24.2100,24.2400,2800,0
FI.US,5,20131119,162500,24.2500,24.3200,24.2000,24.2000,10500,0
FI.US,5,20131119,163000,24.2200,24.3100,24.2100,24.2400,13200,0
FI.US,5,20131119,163500,24.2000,24.2500,24.2000,24.2500,8200,0
FI.US,5,20131119,164000,24.2600,24.2900,24.1800,24.1900,6600,0
FI.US,5,20131119,164500,24.2300,24.2600,24.2000,24.2000,3500,0
FI.US,5,20131119,165000,24.1800,24.2100,24.1800,24.2100,6000,0
FI.US,5,20131119,165500,24.2100,24.2200,24.1900,24.1900,2150,0
FI.US,5,20131119,170000,24.1800,24.1900,24.1600,24.1600,3500,0
FI.US,5,20131119,170500,24.1600,24.1700,24.1400,24.1400,3112,0
FI.US,5,20131119,171000,24.1300,24.1500,24.1300,24.1300,4472,0
FI.US,5,20131119,171500,24.1200,24.1300,24.0600,24.1100,5133,0
FI.US,5,20131119,172000,24.1000,24.1100,24.0800,24.0800,500,0
FI.US,5,20131119,172500,24.1500,24.1500,24.1100,24.1100,2600,0
FI.US,5,20131119,173000,24.1500,24.1500,24.1200,24.1200,1000,0
FI.US,5,20131119,173500,24.1400,24.1500,24.1300,24.1500,800,0
FI.US,5,20131119,174000,24.1500,24.1500,24.1200,24.1200,1900,0
FI.US,5,20131119,174500,24.1100,24.1100,24.0800,24.0800,1000,0
FI.US,5,20131119,175000,24.0900,24.0900,24.0700,24.0800,2160,0
FI.US,5,20131119,175500,24.0800,24.0900,24.0700,24.0800,900,0
FI.US,5,20131119,180000,24.0500,24.0600,24.0300,24.0400,6100,0
FI.US,5,20131119,180500,24.0500,24.0500,24.0100,24.0500,7090,0
FI.US,5,20131119,181000,24.0500,24.0600,24.0300,24.0300,1018,0
FI.US,5,20131119,181500,24.0200,24.0300,24.0200,24.0200,900,0
FI.US,5,20131119,182000,24.0200,24.0300,24.0100,24.0200,4000,0
FI.US,5,20131119,182500,24.0200,24.0200,24.0100,24.0100,2000,0
FI.US,5,20131119,183000,24.0200,24.0200,24.0100,24.0200,800,0
FI.US,5,20131119,183500,24.0100,24.0200,24.0100,24.0200,1475,0
FI.US,5,20131119,184000,24.0100,24.0200,24.0100,24.0200,300,0
FI.US,5,20131119,184500,24.0200,24.0200,24.0000,24.0100,9988,0
FI.US,5,20131119,185000,24.0100,24.0200,24.0100,24.0200,1000,0
FI.US,5,20131119,185500,24.0200,24.0200,24.0200,24.0200,1300,0
FI.US,5,20131119,190000,24.0200,24.0300,24.0000,24.0200,11100,0
FI.US,5,20131119,190500,24.0300,24.1400,23.9800,24.1400,32198,0
FI.US,5,20131119,191000,24.1200,24.1500,24.1100,24.1300,3052,0
FI.US,5,20131119,191500,24.1400,24.1500,24.0800,24.0800,14450,0
FI.US,5,20131119,192000,24.0800,24.0800,24.0700,24.0700,2100,0
FI.US,5,20131119,192500,24.0800,24.0900,24.0700,24.0800,1400,0
FI.US,5,20131119,193000,24.0700,24.0800,24.0500,24.0800,1277,0
FI.US,5,20131119,193500,24.0700,24.0800,24.0600,24.0600,3280,0
FI.US,5,20131119,194000,24.0800,24.0900,24.0600,24.0900,1508,0
FI.US,5,20131119,194500,24.0700,24.0700,24.0400,24.0400,3400,0
FI.US,5,20131119,195000,24.0500,24.0500,24.0400,24.0400,1831,0
FI.US,5,20131119,195500,24.0500,24.0600,24.0500,24.0600,1000,0
FI.US,5,20131119,200000,24.0500,24.0500,24.0000,24.0200,15933,0
FI.US,5,20131119,200500,24.0200,24.0500,24.0200,24.0500,9203,0
FI.US,5,20131119,201000,24.0500,24.0500,24.0200,24.0300,2000,0
FI.US,5,20131119,201500,24.0200,24.0500,24.0200,24.0300,2600,0
FI.US,5,20131119,202000,24.0200,24.0500,24.0000,24.0400,10420,0
FI.US,5,20131119,202500,24.0400,24.0400,24.0100,24.0100,5704,0
FI.US,5,20131119,203000,24.0100,24.0100,24.0000,24.0000,1320,0
FI.US,5,20131119,203500,24.0200,24.0200,24.0000,24.0100,2100,0
FI.US,5,20131119,204000,24.0100,24.0500,24.0000,24.0200,4250,0
FI.US,5,20131119,204500,24.0100,24.0400,24.0100,24.0300,1100,0
FI.US,5,20131119,205000,24.0300,24.0400,24.0200,24.0300,2000,0
FI.US,5,20131119,205500,24.0200,24.0200,23.9800,24.0200,2100,0
FI.US,5,20131119,210000,24.0200,24.0200,23.9800,24.0000,8072,0
FI.US,5,20131119,210500,23.9800,24.0400,23.9800,24.0100,17804,0
FI.US,5,20131119,211000,24.0100,24.0200,24.0000,24.0000,54075,0
FI.US,5,20131119,211500,24.0000,24.0100,24.0000,24.0000,38401,0
FI.US,5,20131119,212000,24.0000,24.0100,24.0000,24.0000,13000,0
FI.US,5,20131119,212500,24.0000,24.0100,24.0000,24.0000,20500,0
FI.US,5,20131119,213000,24.0000,24.0100,24.0000,24.0000,26909,0
FI.US,5,20131119,213500,24.0000,24.0100,23.7600,23.7700,22097,0
FI.US,5,20131119,214000,23.7700,23.8400,23.6400,23.7200,32903,0
FI.US,5,20131119,214500,23.7300,23.7300,23.5700,23.5800,25525,0
FI.US,5,20131119,215000,23.5800,23.6400,23.5300,23.5900,46115,0
FI.US,5,20131119,215500,23.5900,23.7000,23.5200,23.7000,51315,0
FI.US,5,20131119,220000,23.7000,23.7700,23.6600,23.7200,32921,0
FI.US,5,20131120,153500,23.8700,23.9900,23.8500,23.8800,8600,0
FI.US,5,20131120,154000,23.9300,23.9800,23.9000,23.9200,3400,0
FI.US,5,20131120,154500,23.9600,23.9600,23.8600,23.8600,5600,0
FI.US,5,20131120,155000,23.8400,24.0000,23.8300,23.9700,4050,0
FI.US,5,20131120,155500,23.9600,24.0000,23.9500,24.0000,29770,0
FI.US,5,20131120,160000,24.0200,24.0700,24.0100,24.0400,800,0
FI.US,5,20131120,160500,24.0800,24.1300,24.0800,24.1200,2100,0
FI.US,5,20131120,161000,24.1100,24.1900,24.1100,24.1700,2400,0
FI.US,5,20131120,161500,24.1700,24.1800,24.1200,24.1200,5100,0
FI.US,5,20131120,162000,24.1200,24.1600,24.0100,24.0100,3200,0
FI.US,5,20131120,162500,24.0200,24.0700,24.0200,24.0600,1525,0
FI.US,5,20131120,163000,24.0800,24.0900,23.9800,24.0300,3800,0
FI.US,5,20131120,163500,24.0400,24.0800,24.0100,24.0700,4425,0
FI.US,5,20131120,164000,24.0300,24.0300,23.9700,24.0100,4983,0
FI.US,5,20131120,164500,24.0200,24.1300,24.0200,24.1200,7520,0
FI.US,5,20131120,165000,24.1800,24.1800,24.1200,24.1600,7866,0
FI.US,5,20131120,165500,24.1800,24.1800,24.0600,24.0800,1500,0
FI.US,5,20131120,170000,24.0200,24.0300,23.9900,24.0000,4600,0
FI.US,5,20131120,170500,24.0300,24.0300,24.0000,24.0000,3100,0
FI.US,5,20131120,171000,24.0000,24.0300,24.0000,24.0200,1500,0
FI.US,5,20131120,171500,24.0500,24.0500,24.0100,24.0200,3300,0
FI.US,5,20131120,172000,24.0300,24.0400,24.0300,24.0400,1800,0
FI.US,5,20131120,172500,24.0500,24.1100,24.0500,24.0900,3500,0
FI.US,5,20131120,173000,24.1200,24.1200,24.0600,24.0600,1600,0
FI.US,5,20131120,173500,24.0400,24.0400,24.0000,24.0000,800,0
FI.US,5,20131120,174000,24.0000,24.0200,24.0000,24.0100,3100,0
FI.US,5,20131120,174500,24.0000,24.0300,24.0000,24.0200,2900,0
FI.US,5,20131120,175000,24.0200,24.0500,24.0000,24.0000,1200,0
FI.US,5,20131120,175500,24.0200,24.0500,24.0100,24.0500,1100,0
FI.US,5,20131120,180000,24.0400,24.0400,24.0000,24.0000,3400,0
FI.US,5,20131120,180500,24.0100,24.0300,24.0100,24.0200,1300,0
FI.US,5,20131120,181000,24.0100,24.0200,24.0000,24.0200,1800,0
FI.US,5,20131120,181500,24.0000,24.0100,24.0000,24.0100,2600,0
FI.US,5,20131120,182000,24.0200,24.0900,24.0200,24.0600,2500,0
FI.US,5,20131120,182500,24.0600,24.0700,24.0200,24.0200,1000,0
FI.US,5,20131120,183000,24.0400,24.0500,24.0100,24.0300,1900,0
FI.US,5,20131120,183500,24.0200,24.0300,24.0100,24.0100,7800,0
FI.US,5,20131120,184000,24.0100,24.0200,24.0100,24.0200,1100,0
FI.US,5,20131120,184500,24.0100,24.0100,24.0000,24.0000,4300,0
FI.US,5,20131120,185000,24.0100,24.0200,24.0000,24.0000,1200,0
FI.US,5,20131120,185500,24.0300,24.0600,24.0000,24.0400,2853,0
FI.US,5,20131120,190000,24.0100,24.0500,24.0100,24.0300,400,0
FI.US,5,20131120,190500,24.0200,24.0300,24.0100,24.0200,800,0
FI.US,5,20131120,191000,24.0200,24.0200,24.0000,24.0000,3308,0
FI.US,5,20131120,191500,24.0000,24.0200,23.9900,23.9900,3100,0
FI.US,5,20131120,192000,23.9900,24.0000,23.9300,23.9700,5600,0
FI.US,5,20131120,192500,23.9800,24.0300,23.9800,24.0300,3700,0
FI.US,5,20131120,193000,24.0100,24.0400,24.0100,24.0300,2500,0
FI.US,5,20131120,193500,24.0400,24.0600,24.0100,24.0200,1200,0
FI.US,5,20131120,194000,24.0100,24.0200,24.0000,24.0100,2100,0
FI.US,5,20131120,194500,24.0100,24.0200,24.0000,24.0000,4100,0
FI.US,5,20131120,195000,24.0000,24.0000,24.0000,24.0000,1000,0
FI.US,5,20131120,195500,24.0100,24.0100,23.9700,23.9900,35755,0
FI.US,5,20131120,200000,23.9800,23.9800,23.9300,23.9600,22846,0
FI.US,5,20131120,200500,23.9600,24.0200,23.9600,24.0200,4469,0
FI.US,5,20131120,201000,24.0000,24.0100,23.9800,24.0000,2101,0
FI.US,5,20131120,201500,23.9800,24.0100,23.9800,24.0000,8100,0
FI.US,5,20131120,202000,24.0000,24.0700,24.0000,24.0700,6625,0
FI.US,5,20131120,202500,24.0500,24.0800,24.0500,24.0800,1200,0
FI.US,5,20131120,203000,24.0500,24.0500,24.0300,24.0300,700,0
FI.US,5,20131120,203500,24.0200,24.0700,24.0200,24.0500,4299,0
FI.US,5,20131120,204000,24.0600,24.1000,24.0500,24.0600,4870,0
FI.US,5,20131120,204500,24.0500,24.0700,24.0500,24.0700,3400,0
FI.US,5,20131120,205000,24.0700,24.0800,24.0500,24.0800,2600,0
FI.US,5,20131120,205500,24.0700,24.0700,24.0500,24.0500,1200,0
FI.US,5,20131120,210000,24.0100,24.0100,23.9900,23.9900,3430,0
FI.US,5,20131120,210500,24.0000,24.0100,24.0000,24.0000,6030,0
FI.US,5,20131120,211000,24.0000,24.0000,23.9900,24.0000,5500,0
FI.US,5,20131120,211500,24.0000,24.0100,23.9900,24.0000,6617,0
FI.US,5,20131120,212000,24.0100,24.0700,24.0100,24.0300,6400,0
FI.US,5,20131120,212500,24.0300,24.0600,24.0200,24.0400,1400,0
FI.US,5,20131120,213000,24.0400,24.0700,24.0400,24.0500,2350,0
FI.US,5,20131120,213500,24.0500,24.0700,24.0500,24.0500,2400,0
FI.US,5,20131120,214000,24.0500,24.0500,24.0000,24.0300,3598,0
FI.US,5,20131120,214500,24.0100,24.0600,24.0100,24.0200,5547,0
FI.US,5,20131120,215000,24.0200,24.0400,24.0100,24.0200,4200,0
FI.US,5,20131120,215500,24.0300,24.0300,24.0000,24.0000,2700,0
FI.US,5,20131120,220000,24.0100,24.0700,24.0100,24.0700,9837,0
FI.US,5,20131120,220500,24.0600,24.0600,24.0600,24.0600,1209,0
FI.US,5,20131121,153500,24.1000,24.1000,24.0800,24.0800,495,0
FI.US,5,20131121,154000,24.1900,24.1900,24.0700,24.1200,2898,0
FI.US,5,20131121,154500,24.0600,24.0900,24.0100,24.0100,1599,0
FI.US,5,20131121,155000,24.0100,24.0100,23.9800,23.9900,3751,0
FI.US,5,20131121,155500,23.9900,24.1000,23.9800,24.1000,2511,0
FI.US,5,20131121,160000,24.1000,24.2000,24.1000,24.1900,5724,0
FI.US,5,20131121,160500,24.1900,24.2000,24.1700,24.1800,835,0
FI.US,5,20131121,161000,24.1300,24.2000,24.1000,24.1900,14000,0
FI.US,5,20131121,161500,24.2000,24.3100,24.1900,24.3100,5500,0
FI.US,5,20131121,162000,24.3300,24.4500,24.3100,24.4500,2121,0
FI.US,5,20131121,162500,24.4400,24.4800,24.3500,24.3500,5723,0
FI.US,5,20131121,163000,24.3300,24.3800,24.2600,24.2600,1100,0
FI.US,5,20131121,163500,24.2500,24.2600,24.1800,24.2200,1000,0
FI.US,5,20131121,164000,24.2000,24.3800,24.2000,24.3800,4830,0
FI.US,5,20131121,164500,24.3900,24.3900,24.2700,24.3400,1900,0
FI.US,5,20131121,165000,24.3200,24.3500,24.2700,24.2800,2500,0
FI.US,5,20131121,165500,24.2100,24.2100,24.2100,24.2100,100,0
FI.US,5,20131121,170000,24.2000,24.2400,24.1100,24.2400,3325,0
FI.US,5,20131121,170500,24.1700,24.3000,24.1700,24.2900,8450,0
FI.US,5,20131121,171000,24.2700,24.2900,24.2500,24.2800,800,0
FI.US,5,20131121,171500,24.2900,24.2900,24.1400,24.1400,2015,0
FI.US,5,20131121,172000,24.1400,24.1700,24.1400,24.1700,1200,0
FI.US,5,20131121,172500,24.2000,24.2000,24.1600,24.1600,600,0
FI.US,5,20131121,173000,24.1100,24.1300,24.0700,24.0700,2000,0
FI.US,5,20131121,173500,24.0600,24.1900,24.0600,24.1900,2250,0
FI.US,5,20131121,174000,24.1800,24.2000,24.1400,24.1400,4192,0
FI.US,5,20131121,174500,24.1000,24.1400,24.0900,24.1000,1300,0
FI.US,5,20131121,175000,24.1100,24.1100,24.0800,24.0900,900,0
FI.US,5,20131121,175500,24.1300,24.1500,24.1200,24.1300,10000,0
FI.US,5,20131121,180000,24.1200,24.1600,24.1200,24.1600,1200,0
FI.US,5,20131121,180500,24.1300,24.1300,24.1200,24.1300,600,0
FI.US,5,20131121,181000,24.1300,24.1300,24.1000,24.1000,2772,0
FI.US,5,20131121,181500,24.1100,24.1500,24.1100,24.1300,2600,0
FI.US,5,20131121,182000,24.1100,24.1100,24.1100,24.1100,200,0
FI.US,5,20131121,182500,24.1100,24.1100,24.1100,24.1100,200,0
FI.US,5,20131121,183000,24.1000,24.1400,24.1000,24.1400,1200,0
FI.US,5,20131121,183500,24.1300,24.1300,24.1200,24.1200,1400,0
FI.US,5,20131121,184000,24.1200,24.1600,24.1100,24.1600,3200,0
FI.US,5,20131121,184500,24.1700,24.1700,24.1200,24.1200,1400,0
FI.US,5,20131121,185000,24.1900,24.2000,24.1800,24.1800,1200,0
FI.US,5,20131121,185500,24.2100,24.2100,24.1700,24.1800,1300,0
FI.US,5,20131121,190000,24.1900,24.1900,24.1900,24.1900,100,0
FI.US,5,20131121,190500,24.1600,24.2700,24.1600,24.2700,1700,0
FI.US,5,20131121,191000,24.2800,24.3100,24.2600,24.2600,3200,0
FI.US,5,20131121,191500,24.2400,24.3000,24.2300,24.2800,1700,0
FI.US,5,20131121,192000,24.2900,24.3500,24.2900,24.3400,3900,0
FI.US,5,20131121,192500,24.3500,24.5500,24.3500,24.5400,20575,0
FI.US,5,20131121,193000,24.5400,24.5800,24.3900,24.3900,6750,0
FI.US,5,20131121,193500,24.3900,24.4700,24.3800,24.4600,2799,0
FI.US,5,20131121,194000,24.4700,24.5000,24.4500,24.4800,3313,0
FI.US,5,20131121,194500,24.4600,24.4600,24.3700,24.3700,800,0
FI.US,5,20131121,195000,24.4100,24.5000,24.4000,24.5000,3799,0
FI.US,5,20131121,195500,24.5300,24.6300,24.5300,24.6200,6149,0
FI.US,5,20131121,200000,24.6000,24.6000,24.5300,24.5900,1350,0
FI.US,5,20131121,200500,24.6000,24.6000,24.4900,24.4900,5700,0
FI.US,5,20131121,201000,24.4600,24.5300,24.4600,24.4700,950,0
FI.US,5,20131121,201500,24.4200,24.4900,24.4200,24.4200,11571,0
FI.US,5,20131121,202000,24.4200,24.4200,24.3300,24.3300,5400,0
FI.US,5,20131121,202500,24.3200,24.3400,24.3000,24.3000,1500,0
FI.US,5,20131121,203000,24.2600,24.3700,24.2400,24.3300,3600,0
FI.US,5,20131121,203500,24.3300,24.3500,24.3300,24.3500,1152,0
FI.US,5,20131121,204000,24.3500,24.3500,24.2600,24.3000,2500,0
FI.US,5,20131121,204500,24.2900,24.3100,24.2700,24.2700,850,0
FI.US,5,20131121,205000,24.2700,24.2700,24.2600,24.2600,2000,0
FI.US,5,20131121,205500,24.2500,24.2500,24.2500,24.2500,650,0
FI.US,5,20131121,210000,24.2500,24.2500,24.2200,24.2200,1800,0
FI.US,5,20131121,210500,24.2000,24.2000,24.1700,24.1800,1600,0
FI.US,5,20131121,211000,24.1700,24.1800,24.1300,24.1300,5605,0
FI.US,5,20131121,211500,24.1300,24.1900,24.1100,24.1800,7800,0
FI.US,5,20131121,212000,24.1700,24.2600,24.1500,24.2600,4300,0
FI.US,5,20131121,212500,24.2600,24.2700,24.1600,24.1700,2621,0
FI.US,5,20131121,213000,24.1800,24.1900,24.1500,24.1700,3700,0
FI.US,5,20131121,213500,24.1900,24.2200,24.1900,24.2000,2400,0
FI.US,5,20131121,214000,24.1900,24.2100,24.1900,24.2000,1100,0
FI.US,5,20131121,214500,24.2000,24.2100,24.2000,24.2000,2500,0
FI.US,5,20131121,215000,24.2000,24.2100,24.2000,24.2000,3201,0
FI.US,5,20131121,215500,24.2000,24.2700,24.2000,24.2600,7294,0
FI.US,5,20131121,220000,24.2800,24.2900,24.2600,24.2600,5810,0
FI.US,5,20131121,220500,24.2500,24.2500,24.2500,24.2500,1924,0
FI.US,5,20131122,153500,24.1800,24.1800,24.1800,24.1800,100,0
FI.US,5,20131122,154000,24.2900,24.2900,24.0500,24.0500,1999,0
FI.US,5,20131122,154500,24.0100,24.0100,24.0100,24.0100,300,0
FI.US,5,20131122,155500,24.1000,24.1000,24.0100,24.0500,4643,0
FI.US,5,20131122,160000,24.0400,24.0500,23.9200,23.9600,5846,0
FI.US,5,20131122,160500,23.9600,23.9700,23.9200,23.9500,1200,0
FI.US,5,20131122,161000,23.9200,23.9200,23.9000,23.9000,1383,0
FI.US,5,20131122,161500,23.9200,23.9500,23.9000,23.9500,5565,0
FI.US,5,20131122,162000,23.9600,23.9600,23.9300,23.9300,2500,0
FI.US,5,20131122,162500,23.9200,23.9500,23.9000,23.9200,1650,0
FI.US,5,20131122,163000,23.9700,24.0000,23.9500,23.9900,3333,0
FI.US,5,20131122,164000,24.0200,24.0500,24.0200,24.0300,1100,0
FI.US,5,20131122,164500,24.0400,24.1200,24.0300,24.0600,3617,0
FI.US,5,20131122,165000,24.0400,24.0500,24.0400,24.0500,300,0
FI.US,5,20131122,165500,24.0900,24.1000,24.0500,24.0500,1010,0
FI.US,5,20131122,170000,24.1000,24.1000,24.0700,24.0700,400,0
FI.US,5,20131122,170500,24.0900,24.1400,24.0900,24.1400,600,0
FI.US,5,20131122,171000,24.1400,24.1400,24.0700,24.0700,609,0
FI.US,5,20131122,171500,24.0600,24.0800,24.0500,24.0500,1383,0
FI.US,5,20131122,172000,24.0600,24.1600,24.0600,24.1600,1100,0
FI.US,5,20131122,172500,24.1400,24.1600,24.1400,24.1600,700,0
FI.US,5,20131122,173000,24.1800,24.2000,24.1700,24.1700,700,0
FI.US,5,20131122,173500,24.1700,24.1900,24.1500,24.1600,1088,0
FI.US,5,20131122,174000,24.1400,24.2000,24.1400,24.1800,1200,0
FI.US,5,20131122,174500,24.1800,24.1800,24.1500,24.1500,1226,0
FI.US,5,20131122,175000,24.1500,24.1800,24.1300,24.1700,5700,0
FI.US,5,20131122,180000,24.1400,24.1800,24.1400,24.1400,874,0
FI.US,5,20131122,180500,24.1600,24.1600,24.0700,24.0800,1621,0
FI.US,5,20131122,181000,24.0700,24.0800,24.0700,24.0800,300,0
FI.US,5,20131122,181500,24.0900,24.0900,24.0900,24.0900,250,0
FI.US,5,20131122,182000,24.0600,24.0800,24.0600,24.0700,700,0
FI.US,5,20131122,182500,24.0600,24.0600,24.0300,24.0300,8776,0
FI.US,5,20131122,183000,24.0200,24.0800,24.0200,24.0600,1578,0
FI.US,5,20131122,184000,24.0300,24.0300,24.0300,24.0300,100,0
FI.US,5,20131122,184500,24.0400,24.0500,24.0300,24.0500,500,0
FI.US,5,20131122,185000,24.0300,24.0400,24.0300,24.0400,2900,0
FI.US,5,20131122,185500,24.0500,24.0600,24.0300,24.0300,500,0
FI.US,5,20131122,190000,24.0300,24.0300,24.0300,24.0300,500,0
FI.US,5,20131122,190500,24.0300,24.0300,24.0200,24.0200,1781,0
FI.US,5,20131122,191000,24.0200,24.0200,24.0100,24.0100,1962,0
FI.US,5,20131122,191500,24.0100,24.0100,24.0000,24.0000,2300,0
FI.US,5,20131122,192000,24.0000,24.0000,23.9500,23.9500,7318,0
FI.US,5,20131122,192500,23.9500,23.9900,23.9500,23.9500,1200,0
FI.US,5,20131122,193000,23.9900,23.9900,23.9700,23.9700,500,0
FI.US,5,20131122,193500,23.9600,23.9600,23.9600,23.9600,200,0
FI.US,5,20131122,194000,23.9600,23.9700,23.9600,23.9700,1100,0
FI.US,5,20131122,194500,23.9500,23.9600,23.9100,23.9100,2100,0
FI.US,5,20131122,195000,23.9100,23.9100,23.9000,23.9000,400,0
FI.US,5,20131122,195500,23.9100,23.9100,23.9000,23.9100,500,0
FI.US,5,20131122,200000,23.9400,23.9400,23.9100,23.9100,900,0
FI.US,5,20131122,200500,23.9100,23.9100,23.8300,23.8700,8753,0
FI.US,5,20131122,201000,23.8600,23.8600,23.8500,23.8500,200,0
FI.US,5,20131122,201500,23.8700,23.8700,23.8700,23.8700,800,0
FI.US,5,20131122,202000,23.8600,23.9000,23.8600,23.8600,300,0
FI.US,5,20131122,202500,23.8700,23.9100,23.8700,23.8900,1340,0
FI.US,5,20131122,203000,23.8600,23.8600,23.8600,23.8600,600,0
FI.US,5,20131122,203500,23.8600,23.8700,23.8500,23.8600,1650,0
FI.US,5,20131122,204000,23.8500,23.8500,23.8300,23.8400,1200,0
FI.US,5,20131122,204500,23.8200,23.8500,23.8200,23.8200,1100,0
FI.US,5,20131122,205000,23.8100,23.8500,23.7300,23.7500,4245,0
FI.US,5,20131122,205500,23.7500,23.8000,23.7500,23.7700,2400,0
FI.US,5,20131122,210000,23.7900,23.7900,23.7900,23.7900,800,0
FI.US,5,20131122,210500,23.7900,23.7900,23.7600,23.7600,400,0
FI.US,5,20131122,211000,23.7600,23.7600,23.7600,23.7600,491,0
FI.US,5,20131122,211500,23.7700,23.8300,23.7500,23.8300,9300,0
FI.US,5,20131122,212000,23.8200,23.8300,23.7700,23.8000,12652,0
FI.US,5,20131122,212500,23.8400,23.8500,23.8000,23.8100,2128,0
FI.US,5,20131122,213000,23.7900,23.8100,23.7700,23.8000,4850,0
FI.US,5,20131122,213500,23.7900,23.8200,23.7700,23.7900,6050,0
FI.US,5,20131122,214000,23.8300,23.9300,23.8300,23.9300,10800,0
FI.US,5,20131122,214500,23.9100,24.0600,23.9100,24.0400,13250,0
FI.US,5,20131122,215000,24.0200,24.1500,24.0100,24.1400,13746,0
FI.US,5,20131122,215500,24.1100,24.1800,24.1100,24.1700,10200,0
FI.US,5,20131122,220000,24.1900,24.2500,24.1700,24.2500,21550,0
FI.US,5,20131122,220500,24.1400,24.1400,24.1400,24.1400,7058,0
FI.US,5,20131125,153500,24.1400,24.1400,24.1000,24.1400,1300,0
FI.US,5,20131125,154000,24.0700,24.0700,23.7800,23.7800,1040,0
FI.US,5,20131125,154500,23.7800,23.8800,23.7800,23.8800,200,0
FI.US,5,20131125,155000,23.8700,23.8700,23.7800,23.7900,1600,0
FI.US,5,20131125,155500,23.7800,23.7800,23.6200,23.6300,7657,0
FI.US,5,20131125,160000,23.6200,23.6500,23.6200,23.6500,1010,0
FI.US,5,20131125,160500,23.6300,23.6300,23.5300,23.5300,9242,0
FI.US,5,20131125,161000,23.5400,23.6000,23.5100,23.5900,11493,0
FI.US,5,20131125,161500,23.6000,23.6800,23.6000,23.6800,7933,0
FI.US,5,20131125,162000,23.6900,23.7000,23.6500,23.6500,400,0
FI.US,5,20131125,162500,23.6900,23.6900,23.6200,23.6200,2820,0
FI.US,5,20131125,163000,23.6000,23.6000,23.5500,23.5800,2460,0
FI.US,5,20131125,163500,23.6400,23.6500,23.6000,23.6500,2500,0
FI.US,5,20131125,164000,23.6000,23.6400,23.6000,23.6100,1760,0
FI.US,5,20131125,164500,23.6500,23.6500,23.6100,23.6100,900,0
FI.US,5,20131125,165000,23.6000,23.7000,23.5800,23.7000,38400,0
FI.US,5,20131125,165500,23.7000,23.8500,23.6900,23.7100,11700,0
FI.US,5,20131125,170000,23.7600,23.8800,23.7500,23.8800,3221,0
FI.US,5,20131125,170500,23.8800,23.8800,23.7700,23.7800,1100,0
FI.US,5,20131125,171000,23.7600,23.8500,23.7400,23.7900,2401,0
FI.US,5,20131125,171500,23.7500,23.8200,23.7500,23.7700,3911,0
FI.US,5,20131125,172000,23.8000,23.8000,23.7000,23.7000,1900,0
FI.US,5,20131125,172500,23.7100,23.7200,23.6200,23.6200,1200,0
FI.US,5,20131125,173000,23.6400,23.7200,23.6400,23.6900,1900,0
FI.US,5,20131125,173500,23.6800,23.7300,23.6700,23.7300,1900,0
FI.US,5,20131125,174000,23.7000,23.7000,23.6600,23.6600,600,0
FI.US,5,20131125,174500,23.7000,23.7000,23.6700,23.6700,500,0
FI.US,5,20131125,175000,23.6700,23.6700,23.6600,23.6600,342,0
FI.US,5,20131125,175500,23.6800,23.6800,23.6500,23.6500,720,0
FI.US,5,20131125,180000,23.6200,23.6300,23.6100,23.6100,300,0
FI.US,5,20131125,180500,23.6300,23.6800,23.6300,23.6700,1400,0
FI.US,5,20131125,181000,23.6900,23.6900,23.6500,23.6500,599,0
FI.US,5,20131125,181500,23.6300,23.6500,23.6300,23.6400,600,0
FI.US,5,20131125,182000,23.6700,23.6800,23.6700,23.6800,200,0
FI.US,5,20131125,182500,23.6300,23.6600,23.6000,23.6100,4099,0
FI.US,5,20131125,183000,23.6200,23.6500,23.6100,23.6500,4350,0
FI.US,5,20131125,183500,23.6700,23.6700,23.6500,23.6600,300,0
FI.US,5,20131125,184500,23.6500,23.6500,23.6400,23.6400,200,0
FI.US,5,20131125,185000,23.6200,23.6300,23.6100,23.6300,400,0
FI.US,5,20131125,185500,23.6200,23.6200,23.6200,23.6200,100,0
FI.US,5,20131125,190000,23.6100,23.6200,23.6000,23.6000,2900,0
FI.US,5,20131125,190500,23.5900,23.5900,23.5500,23.5500,1900,0
FI.US,5,20131125,191000,23.5300,23.5500,23.5300,23.5500,800,0
FI.US,5,20131125,191500,23.5500,23.5600,23.5500,23.5600,1400,0
FI.US,5,20131125,192000,23.5700,23.5700,23.5300,23.5500,850,0
FI.US,5,20131125,192500,23.5500,23.5500,23.5400,23.5400,300,0
FI.US,5,20131125,193000,23.5400,23.5900,23.5400,23.5900,2840,0
FI.US,5,20131125,193500,23.5700,23.5900,23.5700,23.5900,1800,0
FI.US,5,20131125,194000,23.6000,23.6000,23.6000,23.6000,290,0
FI.US,5,20131125,194500,23.5800,23.5800,23.5700,23.5800,650,0
FI.US,5,20131125,195000,23.5800,23.5800,23.5600,23.5600,1100,0
FI.US,5,20131125,195500,23.5600,23.5600,23.5600,23.5600,500,0
FI.US,5,20131125,200000,23.5600,23.6200,23.5600,23.5900,2000,0
FI.US,5,20131125,200500,23.6000,23.6000,23.6000,23.6000,200,0
FI.US,5,20131125,201000,23.6000,23.6000,23.5800,23.5900,1070,0
FI.US,5,20131125,201500,23.5800,23.5900,23.5600,23.5900,1400,0
FI.US,5,20131125,202000,23.5900,23.5900,23.5700,23.5800,800,0
FI.US,5,20131125,202500,23.6300,23.6400,23.6300,23.6400,650,0
FI.US,5,20131125,203000,23.6400,23.6400,23.5900,23.5900,1664,0
FI.US,5,20131125,203500,23.5800,23.6200,23.5800,23.5800,500,0
FI.US,5,20131125,204000,23.5900,23.5900,23.5900,23.5900,500,0
FI.US,5,20131125,204500,23.6000,23.6000,23.5800,23.5800,3700,0
FI.US,5,20131125,205000,23.5800,23.6400,23.5800,23.6200,1665,0
FI.US,5,20131125,205500,23.6000,23.6100,23.5700,23.6100,11120,0
FI.US,5,20131125,210000,23.5900,23.6300,23.5900,23.6300,900,0
FI.US,5,20131125,210500,23.6300,23.6700,23.6300,23.6700,4285,0
FI.US,5,20131125,211000,23.6600,23.7000,23.6600,23.6600,3200,0
FI.US,5,20131125,211500,23.6600,23.6800,23.6400,23.6400,1600,0
FI.US,5,20131125,212000,23.6400,23.6500,23.6100,23.6500,1300,0
FI.US,5,20131125,212500,23.6200,23.6500,23.6200,23.6300,2379,0
FI.US,5,20131125,213000,23.6400,23.6600,23.6400,23.6500,1500,0
FI.US,5,20131125,213500,23.6500,23.6500,23.6100,23.6200,1700,0
FI.US,5,20131125,214000,23.6200,23.6300,23.5900,23.6100,4114,0
FI.US,5,20131125,214500,23.6100,23.6400,23.6000,23.6300,6320,0
FI.US,5,20131125,215000,23.6300,23.6300,23.6000,23.6100,5723,0
FI.US,5,20131125,215500,23.6000,23.6100,23.5900,23.6100,7466,0
FI.US,5,20131125,220000,23.6200,23.6600,23.6000,23.6600,11426,0
FI.US,5,20131125,220500,23.6600,23.6600,23.6600,23.6600,2338,0
FI.US,5,20131126,153500,23.6100,23.6300,23.6000,23.6300,3400,0
FI.US,5,20131126,154000,23.6200,23.6400,23.5600,23.6000,12500,0
FI.US,5,20131126,154500,23.6000,23.6000,23.6000,23.6000,800,0
FI.US,5,20131126,155000,23.6000,23.6400,23.6000,23.6200,900,0
FI.US,5,20131126,155500,23.6200,23.6300,23.6000,23.6000,2000,0
FI.US,5,20131126,160000,23.6200,23.6200,23.6100,23.6100,200,0
FI.US,5,20131126,160500,23.6100,23.6100,23.6100,23.6100,100,0
FI.US,5,20131126,161000,23.6000,23.6000,23.5900,23.5900,600,0
FI.US,5,20131126,161500,23.5600,23.6000,23.5600,23.6000,6700,0
FI.US,5,20131126,162000,23.6000,23.6200,23.6000,23.6200,768,0
FI.US,5,20131126,162500,23.6000,23.6000,23.6000,23.6000,100,0
FI.US,5,20131126,163000,23.6000,23.6500,23.6000,23.6500,2890,0
FI.US,5,20131126,163500,23.6300,23.6400,23.6000,23.6100,1200,0
FI.US,5,20131126,164000,23.6300,23.6400,23.6000,23.6000,2501,0
FI.US,5,20131126,164500,23.6100,23.6200,23.6000,23.6200,654,0
FI.US,5,20131126,165000,23.6300,23.6300,23.6300,23.6300,1400,0
FI.US,5,20131126,165500,23.6500,23.6800,23.6100,23.6300,5000,0
FI.US,5,20131126,170000,23.6500,23.6500,23.6500,23.6500,300,0
FI.US,5,20131126,170500,23.6500,23.6500,23.6500,23.6500,100,0
FI.US,5,20131126,171000,23.6600,23.6600,23.6600,23.6600,700,0
FI.US,5,20131126,171500,23.6600,23.6600,23.6300,23.6300,1300,0
FI.US,5,20131126,172500,23.7100,23.7100,23.6500,23.6500,500,0
FI.US,5,20131126,173000,23.6000,23.6000,23.5900,23.5900,215,0
FI.US,5,20131126,173500,23.6100,23.6100,23.6000,23.6100,300,0
FI.US,5,20131126,174000,23.5900,23.6500,23.5900,23.6300,26400,0
FI.US,5,20131126,174500,23.6400,23.6400,23.6300,23.6400,1000,0
FI.US,5,20131126,175000,23.6600,23.6700,23.6400,23.6400,1528,0
FI.US,5,20131126,180000,23.6200,23.6200,23.6000,23.6000,600,0
FI.US,5,20131126,180500,23.6100,23.6500,23.6100,23.6300,10950,0
FI.US,5,20131126,181000,23.6200,23.6500,23.6000,23.6400,4225,0
FI.US,5,20131126,181500,23.6400,23.6800,23.6000,23.6300,9625,0
FI.US,5,20131126,182000,23.6400,23.6600,23.6300,23.6400,2596,0
FI.US,5,20131126,182500,23.6300,23.6300,23.6000,23.6100,1100,0
FI.US,5,20131126,183000,23.6100,23.6500,23.6100,23.6500,2000,0
FI.US,5,20131126,183500,23.6100,23.6100,23.6100,23.6100,400,0
FI.US,5,20131126,184000,23.6200,23.6200,23.6200,23.6200,100,0
FI.US,5,20131126,184500,23.6200,23.6600,23.6100,23.6100,800,0
FI.US,5,20131126,185000,23.6500,23.6500,23.6300,23.6300,300,0
FI.US,5,20131126,185500,23.6400,23.6500,23.6400,23.6500,401,0
FI.US,5,20131126,190000,23.6700,23.6700,23.6200,23.6300,1500,0
FI.US,5,20131126,190500,23.6500,23.6500,23.6500,23.6500,200,0
FI.US,5,20131126,191000,23.6600,23.6700,23.6400,23.6700,781,0
FI.US,5,20131126,192000,23.6600,23.7200,23.6600,23.6800,4026,0
FI.US,5,20131126,192500,23.7100,23.7100,23.6800,23.6800,200,0
FI.US,5,20131126,193000,23.6800,23.7200,23.6600,23.6600,7800,0
FI.US,5,20131126,193500,23.6700,23.6900,23.6200,23.6900,1843,0
FI.US,5,20131126,194000,23.6700,23.7300,23.6400,23.6500,1800,0
FI.US,5,20131126,194500,23.6500,23.7500,23.6500,23.6900,6500,0
FI.US,5,20131126,195000,23.6700,23.6800,23.6600,23.6600,1400,0
FI.US,5,20131126,195500,23.6700,23.6900,23.6600,23.6600,1950,0
FI.US,5,20131126,200000,23.7200,23.7200,23.6800,23.6800,5600,0
FI.US,5,20131126,200500,23.6800,23.6900,23.6200,23.6400,1747,0
FI.US,5,20131126,201000,23.6300,23.6600,23.6200,23.6400,2645,0
FI.US,5,20131126,201500,23.6200,23.6400,23.6200,23.6400,400,0
FI.US,5,20131126,202000,23.6400,23.6400,23.6200,23.6200,1667,0
FI.US,5,20131126,202500,23.6200,23.6300,23.5900,23.6000,2100,0
FI.US,5,20131126,203000,23.6100,23.6300,23.6000,23.6200,7560,0
FI.US,5,20131126,203500,23.6200,23.6300,23.6000,23.6000,48313,0
FI.US,5,20131126,204000,23.6000,23.6000,23.5900,23.5900,900,0
FI.US,5,20131126,204500,23.5900,23.6000,23.5900,23.6000,1100,0
FI.US,5,20131126,205000,23.6000,23.6700,23.6000,23.6000,2900,0
FI.US,5,20131126,205500,23.6200,23.6200,23.6000,23.6000,600,0
FI.US,5,20131126,210000,23.6000,23.6200,23.6000,23.6000,2150,0
FI.US,5,20131126,210500,23.6100,23.6200,23.5900,23.6100,8540,0
FI.US,5,20131126,211000,23.6100,23.6300,23.6000,23.6300,1400,0
FI.US,5,20131126,211500,23.6100,23.6200,23.6100,23.6100,1900,0
FI.US,5,20131126,212000,23.6100,23.6200,23.6000,23.6100,1250,0
FI.US,5,20131126,212500,23.6100,23.6300,23.6000,23.6200,3400,0
FI.US,5,20131126,213000,23.6100,23.6500,23.6100,23.6500,5392,0
FI.US,5,20131126,213500,23.6500,23.6800,23.6300,23.6300,10885,0
FI.US,5,20131126,214000,23.6300,23.6300,23.6200,23.6200,1200,0
FI.US,5,20131126,214500,23.6300,23.7000,23.6100,23.7000,9300,0
FI.US,5,20131126,215000,23.6800,23.7100,23.6000,23.6500,12845,0
FI.US,5,20131126,215500,23.6500,23.6500,23.6100,23.6200,8300,0
FI.US,5,20131126,220000,23.6200,23.6200,23.5900,23.6200,46575,0
FI.US,5,20131126,220500,23.6300,23.6300,23.6300,23.6300,173787,0
FI.US,5,20131127,153500,23.8300,23.8300,23.7100,23.7300,5861,0
FI.US,5,20131127,154000,23.6500,23.6900,23.6000,23.6900,4898,0
FI.US,5,20131127,154500,23.6900,23.7200,23.6000,23.6500,3900,0
FI.US,5,20131127,155000,23.6600,23.7000,23.6600,23.6900,5199,0
FI.US,5,20131127,155500,23.7200,23.7500,23.7000,23.7100,3100,0
FI.US,5,20131127,160000,23.7200,23.7400,23.6900,23.7300,1000,0
FI.US,5,20131127,160500,23.7400,23.7400,23.6400,23.6500,4100,0
FI.US,5,20131127,161000,23.6700,23.7100,23.6600,23.7000,1600,0
FI.US,5,20131127,161500,23.6900,23.7000,23.6700,23.6900,3300,0
FI.US,5,20131127,162000,23.6900,23.7000,23.6700,23.7000,4269,0
FI.US,5,20131127,162500,23.7100,23.8300,23.7100,23.7800,4434,0
FI.US,5,20131127,163000,23.8000,23.8000,23.7500,23.7500,2400,0
FI.US,5,20131127,163500,23.7400,23.7400,23.6700,23.7000,3600,0
FI.US,5,20131127,164000,23.6900,23.7400,23.6900,23.7300,3300,0
FI.US,5,20131127,164500,23.7400,23.7800,23.7300,23.7500,5712,0
FI.US,5,20131127,165000,23.7200,23.7200,23.6900,23.7200,735,0
FI.US,5,20131127,165500,23.7300,23.7400,23.7200,23.7300,3510,0
FI.US,5,20131127,170000,23.7500,23.7500,23.7200,23.7500,1900,0
FI.US,5,20131127,170500,23.7500,23.7500,23.7200,23.7200,2100,0
FI.US,5,20131127,171000,23.6900,23.7000,23.6900,23.7000,600,0
FI.US,5,20131127,171500,23.7000,23.7100,23.7000,23.7000,1191,0
FI.US,5,20131127,172000,23.7000,23.7100,23.6800,23.7000,3522,0
FI.US,5,20131127,172500,23.7000,23.7300,23.7000,23.7300,1000,0
FI.US,5,20131127,173000,23.7500,23.7500,23.7200,23.7500,2000,0
FI.US,5,20131127,173500,23.7500,23.7500,23.7500,23.7500,650,0
FI.US,5,20131127,174000,23.7500,23.7500,23.7500,23.7500,644,0
FI.US,5,20131127,174500,23.7500,23.8200,23.7500,23.7900,7040,0
FI.US,5,20131127,175000,23.7900,23.8000,23.7900,23.7900,2458,0
FI.US,5,20131127,175500,23.7900,23.8000,23.7900,23.8000,1000,0
FI.US,5,20131127,180000,23.8000,23.8000,23.7800,23.7900,2400,0
FI.US,5,20131127,180500,23.8000,23.8000,23.7700,23.7800,1615,0
FI.US,5,20131127,181000,23.7800,23.8500,23.7800,23.8400,10308,0
FI.US,5,20131127,181500,23.8400,23.8900,23.8300,23.8800,5700,0
FI.US,5,20131127,182000,23.8700,23.9400,23.8700,23.9000,8380,0
FI.US,5,20131127,182500,23.8900,23.9300,23.8900,23.9300,6900,0
FI.US,5,20131127,183000,23.9300,23.9300,23.9200,23.9200,1190,0
FI.US,5,20131127,183500,23.9000,23.9000,23.9000,23.9000,100,0
FI.US,5,20131127,184000,23.9000,23.9300,23.9000,23.9000,800,0
FI.US,5,20131127,184500,23.8900,23.9000,23.8900,23.9000,300,0
FI.US,5,20131127,185000,23.8900,23.8900,23.8500,23.8500,1693,0
FI.US,5,20131127,185500,23.8400,23.8500,23.8000,23.8000,10920,0
FI.US,5,20131127,190000,23.8100,23.8600,23.8100,23.8400,11533,0
FI.US,5,20131127,190500,23.8500,23.9000,23.8500,23.9000,8610,0
FI.US,5,20131127,191000,23.9000,23.9000,23.8900,23.9000,600,0
FI.US,5,20131127,191500,23.8900,23.9000,23.8900,23.9000,5525,0
FI.US,5,20131127,192000,23.9000,23.9000,23.9000,23.9000,100,0
FI.US,5,20131127,192500,23.9000,23.9100,23.9000,23.9000,900,0
FI.US,5,20131127,193000,23.8900,23.9000,23.8900,23.9000,700,0
FI.US,5,20131127,193500,23.8900,23.9300,23.8900,23.8900,2888,0
FI.US,5,20131127,194000,23.9000,23.9100,23.8900,23.9000,2049,0
FI.US,5,20131127,194500,23.8900,23.8900,23.8900,23.8900,100,0
FI.US,5,20131127,195000,23.9000,23.9000,23.8900,23.9000,400,0
FI.US,5,20131127,195500,23.9000,23.9000,23.9000,23.9000,100,0
FI.US,5,20131127,200000,23.9000,23.9200,23.9000,23.9100,2500,0
FI.US,5,20131127,200500,23.9100,23.9100,23.9000,23.9000,1100,0
FI.US,5,20131127,201000,23.9000,23.9100,23.9000,23.9000,1900,0
FI.US,5,20131127,201500,23.9000,23.9200,23.9000,23.9100,2981,0
FI.US,5,20131127,202000,23.9100,23.9100,23.9000,23.9100,1600,0
FI.US,5,20131127,202500,23.9100,23.9200,23.9000,23.9000,4162,0
FI.US,5,20131127,203500,23.9000,23.9000,23.9000,23.9000,100,0
FI.US,5,20131127,204000,23.9000,23.9200,23.9000,23.9200,2387,0
FI.US,5,20131127,204500,23.9200,23.9500,23.9000,23.9500,6689,0
FI.US,5,20131127,205000,23.9300,23.9500,23.9300,23.9500,3200,0
FI.US,5,20131127,210000,23.9300,23.9300,23.9200,23.9300,700,0
FI.US,5,20131127,210500,23.9200,23.9300,23.9100,23.9100,1000,0
FI.US,5,20131127,211000,23.9100,23.9200,23.9100,23.9200,300,0
FI.US,5,20131127,211500,23.9000,23.9000,23.8900,23.8900,700,0
FI.US,5,20131127,212000,23.9000,23.9000,23.9000,23.9000,3496,0
FI.US,5,20131127,212500,23.9100,23.9100,23.9000,23.9000,1700,0
FI.US,5,20131127,213000,23.8900,23.9000,23.8900,23.9000,1500,0
FI.US,5,20131127,213500,23.9000,23.9300,23.9000,23.9300,7900,0
FI.US,5,20131127,214000,23.9200,23.9300,23.9100,23.9200,4900,0
FI.US,5,20131127,214500,23.9200,23.9400,23.9000,23.9000,7530,0
FI.US,5,20131127,215000,23.9000,23.9100,23.8900,23.9000,4488,0
FI.US,5,20131127,215500,23.9100,23.9500,23.8900,23.9500,14239,0
FI.US,5,20131127,220000,23.9500,23.9600,23.9200,23.9500,11819,0
FI.US,5,20131127,220500,23.9500,23.9500,23.9500,23.9500,2775,0
FI.US,5,20131129,153500,23.9500,23.9500,23.9500,23.9500,2200,0
FI.US,5,20131129,154000,23.9100,23.9800,23.9000,23.9800,400,0
FI.US,5,20131129,154500,23.8800,23.9800,23.8400,23.9500,1700,0
FI.US,5,20131129,155000,23.9600,23.9600,23.9500,23.9500,1400,0
FI.US,5,20131129,161500,23.9500,23.9500,23.9100,23.9100,600,0
FI.US,5,20131129,162000,23.9000,23.9000,23.9000,23.9000,921,0
FI.US,5,20131129,162500,23.9100,23.9600,23.9100,23.9600,2100,0
FI.US,5,20131129,163000,23.9000,23.9000,23.7800,23.7800,2333,0
FI.US,5,20131129,163500,23.7900,23.9100,23.7900,23.9000,1600,0
FI.US,5,20131129,164000,23.8500,23.8500,23.8500,23.8500,100,0
FI.US,5,20131129,164500,23.8600,23.8600,23.8300,23.8300,300,0
FI.US,5,20131129,165000,23.8800,23.8800,23.8600,23.8600,200,0
FI.US,5,20131129,165500,23.8500,23.9400,23.8400,23.9400,1700,0
FI.US,5,20131129,170000,23.9200,23.9200,23.8200,23.8700,1913,0
FI.US,5,20131129,170500,23.8600,23.8600,23.8100,23.8100,900,0
FI.US,5,20131129,171000,23.8500,23.8500,23.8500,23.8500,100,0
FI.US,5,20131129,171500,23.8600,23.8800,23.8300,23.8800,2050,0
FI.US,5,20131129,172000,23.8800,23.8900,23.8500,23.8500,1200,0
FI.US,5,20131129,172500,23.8600,23.8900,23.8500,23.8500,400,0
FI.US,5,20131129,173000,23.8800,23.9000,23.8500,23.8500,1000,0
FI.US,5,20131129,173500,23.8400,23.8800,23.8200,23.8800,2400,0
FI.US,5,20131129,174000,23.8800,23.9200,23.8700,23.8900,650,0
FI.US,5,20131129,174500,23.9200,23.9300,23.8900,23.8900,700,0
FI.US,5,20131129,175000,23.8900,23.9400,23.8900,23.9400,2300,0
FI.US,5,20131129,175500,23.9400,23.9400,23.8800,23.9200,700,0
FI.US,5,20131129,180000,23.9200,23.9400,23.9100,23.9100,500,0
FI.US,5,20131129,180500,23.9200,23.9400,23.9200,23.9400,700,0
FI.US,5,20131129,181000,23.8800,23.9400,23.8800,23.9400,21300,0
FI.US,5,20131129,181500,23.9400,23.9800,23.9400,23.9400,3400,0
FI.US,5,20131129,182000,23.9500,23.9500,23.9100,23.9100,1500,0
FI.US,5,20131129,182500,23.9100,23.9400,23.9100,23.9400,700,0
FI.US,5,20131129,183000,23.9400,23.9400,23.9000,23.9000,1400,0
FI.US,5,20131129,183500,23.9000,23.9100,23.8900,23.9000,600,0
FI.US,5,20131129,184000,23.9100,23.9300,23.9000,23.9200,1600,0
FI.US,5,20131129,184500,23.9200,23.9400,23.9200,23.9300,900,0
FI.US,5,20131129,185000,23.8800,23.9400,23.8800,23.9200,4200,0
FI.US,5,20131129,185500,23.9200,23.9500,23.8500,23.9500,8163,0
FI.US,5,20131129,190000,23.9300,23.9500,23.8700,23.9300,9200,0
FI.US,5,20131129,190500,23.9300,23.9300,23.9300,23.9300,2227,0
FI.US,5,20131202,153500,25.4400,25.4900,25.0700,25.1100,10958,0
FI.US,5,20131202,154000,25.0800,25.1500,24.7800,24.7800,14668,0
FI.US,5,20131202,154500,24.7800,24.9400,24.3200,24.3500,15100,0
FI.US,5,20131202,155000,24.3800,24.6400,24.3600,24.5700,16200,0
FI.US,5,20131202,155500,24.5900,24.7300,24.4300,24.5000,18895,0
FI.US,5,20131202,160000,24.4800,24.6800,24.4800,24.6200,10660,0
FI.US,5,20131202,160500,24.5900,24.6000,24.4700,24.5000,5490,0
FI.US,5,20131202,161000,24.5300,24.5700,24.5100,24.5500,3000,0
FI.US,5,20131202,161500,24.5900,24.7200,24.5600,24.7000,3102,0
FI.US,5,20131202,162000,24.7100,24.8600,24.6500,24.8000,6800,0
FI.US,5,20131202,162500,24.8000,24.8900,24.8000,24.8900,1805,0
FI.US,5,20131202,163000,24.8900,24.9200,24.8800,24.9100,900,0
FI.US,5,20131202,163500,24.9400,24.9900,24.8000,24.8000,10602,0
FI.US,5,20131202,164000,24.7900,24.8700,24.7900,24.8700,3500,0
FI.US,5,20131202,164500,24.8300,24.8600,24.8300,24.8500,700,0
FI.US,5,20131202,165000,24.8400,24.8700,24.8000,24.8700,4465,0
FI.US,5,20131202,165500,24.8400,24.8900,24.8400,24.8900,3823,0
FI.US,5,20131202,170000,24.8400,24.9000,24.8200,24.9000,1500,0
FI.US,5,20131202,170500,24.9000,24.9500,24.9000,24.9400,1300,0
FI.US,5,20131202,171000,24.9300,25.0000,24.9100,24.9100,4304,0
FI.US,5,20131202,171500,24.8400,24.8500,24.8400,24.8400,1200,0
FI.US,5,20131202,172000,24.8500,24.8500,24.8500,24.8500,1000,0
FI.US,5,20131202,172500,24.8400,24.8500,24.8300,24.8300,900,0
FI.US,5,20131202,173000,24.8400,24.8400,24.8400,24.8400,735,0
FI.US,5,20131202,173500,24.8400,24.8500,24.8200,24.8300,3501,0
FI.US,5,20131202,174000,24.8000,24.8000,24.7900,24.7900,1275,0
FI.US,5,20131202,174500,24.7900,24.8300,24.7900,24.8200,1200,0
FI.US,5,20131202,175000,24.8000,24.8700,24.8000,24.8400,3300,0
FI.US,5,20131202,175500,24.8400,24.8400,24.8000,24.8100,1051,0
FI.US,5,20131202,180000,24.8700,24.9000,24.8300,24.9000,2700,0
FI.US,5,20131202,180500,24.9100,25.0300,24.9100,24.9300,5951,0
FI.US,5,20131202,181000,24.9100,24.9400,24.9000,24.9400,1500,0
FI.US,5,20131202,181500,24.9300,24.9400,24.9200,24.9400,400,0
FI.US,5,20131202,182000,24.9400,25.0500,24.9400,24.9800,2750,0
FI.US,5,20131202,182500,24.9600,25.0100,24.9600,25.0100,600,0
FI.US,5,20131202,183000,25.0600,25.0600,25.0300,25.0600,460,0
FI.US,5,20131202,183500,25.1000,25.2000,25.0800,25.2000,4575,0
FI.US,5,20131202,184000,25.2300,25.2500,25.1500,25.1500,2500,0
FI.US,5,20131202,184500,25.1500,25.1500,25.1400,25.1500,800,0
FI.US,5,20131202,185000,25.1700,25.1700,25.1500,25.1500,4300,0
FI.US,5,20131202,185500,25.0900,25.1900,25.0900,25.1600,2200,0
FI.US,5,20131202,190000,25.1400,25.1400,25.1000,25.1000,3815,0
FI.US,5,20131202,190500,25.1000,25.1000,25.0700,25.0900,412,0
FI.US,5,20131202,191000,25.1000,25.1400,25.0800,25.0900,1200,0
FI.US,5,20131202,191500,25.1400,25.1400,25.1000,25.1000,500,0
FI.US,5,20131202,192000,25.0900,25.1000,24.9800,24.9800,6500,0
FI.US,5,20131202,192500,24.9800,25.0800,24.9800,25.0800,1010,0
FI.US,5,20131202,193000,25.0300,25.0400,25.0200,25.0300,2750,0
FI.US,5,20131202,193500,25.0200,25.1400,25.0200,25.1100,3000,0
FI.US,5,20131202,194000,25.1100,25.1300,25.1100,25.1100,2400,0
FI.US,5,20131202,194500,25.1000,25.1300,25.0900,25.1000,3300,0
FI.US,5,20131202,195000,25.1000,25.1100,25.0800,25.0800,1800,0
FI.US,5,20131202,195500,25.0600,25.0600,25.0600,25.0600,3300,0
FI.US,5,20131202,200000,25.0700,25.0800,25.0500,25.0600,3600,0
FI.US,5,20131202,200500,25.0500,25.0700,25.0400,25.0700,3800,0
FI.US,5,20131202,201000,25.0700,25.0800,25.0700,25.0800,1880,0
FI.US,5,20131202,201500,25.0700,25.0900,25.0700,25.0700,1939,0
FI.US,5,20131202,202000,25.0600,25.0800,25.0600,25.0700,900,0
FI.US,5,20131202,202500,25.0700,25.1400,25.0700,25.1100,2100,0
FI.US,5,20131202,203000,25.1300,25.2000,25.1300,25.2000,10347,0
FI.US,5,20131202,203500,25.2100,25.2400,25.1000,25.1100,16675,0
FI.US,5,20131202,204000,25.1200,25.1200,25.0900,25.0900,2012,0
FI.US,5,20131202,204500,25.0800,25.1000,25.0700,25.0900,2200,0
FI.US,5,20131202,205000,25.1200,25.2300,25.1200,25.2300,8940,0
FI.US,5,20131202,205500,25.2100,25.2200,25.1400,25.1500,3950,0
FI.US,5,20131202,210000,25.1500,25.1800,25.1500,25.1800,2900,0
FI.US,5,20131202,210500,25.1800,25.2400,25.1800,25.2200,2600,0
FI.US,5,20131202,211000,25.2500,25.2800,25.2300,25.2400,8860,0
FI.US,5,20131202,211500,25.2500,25.2500,25.2400,25.2500,3500,0
FI.US,5,20131202,212000,25.2500,25.2800,25.2400,25.2800,6471,0
FI.US,5,20131202,212500,25.2700,25.2800,25.2600,25.2600,5735,0
FI.US,5,20131202,213000,25.2600,25.2700,25.1900,25.1900,6600,0
FI.US,5,20131202,213500,25.2100,25.2200,25.1500,25.1700,4207,0
FI.US,5,20131202,214000,25.1800,25.2100,25.1800,25.2000,3800,0
FI.US,5,20131202,214500,25.2000,25.3000,25.2000,25.3000,6667,0
FI.US,5,20131202,215000,25.2900,25.3000,25.2500,25.2700,11993,0
FI.US,5,20131202,215500,25.2700,25.2900,25.2500,25.2700,8822,0
FI.US,5,20131202,220000,25.2800,25.3500,25.2000,25.2700,12937,0
FI.US,5,20131202,220500,25.2400,25.2400,25.2400,25.2400,10569,0
FI.US,5,20131203,153500,25.5000,25.5300,25.2900,25.2900,7530,0
FI.US,5,20131203,154000,25.3600,25.3600,25.2500,25.2700,6217,0
FI.US,5,20131203,154500,25.2900,25.5000,25.2700,25.3700,4350,0
FI.US,5,20131203,155000,25.3900,25.3900,25.3300,25.3700,2500,0
FI.US,5,20131203,155500,25.3200,25.3200,25.1500,25.1800,8890,0
FI.US,5,20131203,160000,25.1800,25.3000,25.1400,25.3000,6000,0
FI.US,5,20131203,160500,25.3100,25.4000,25.3000,25.3200,3414,0
FI.US,5,20131203,161000,25.3700,25.3700,25.2500,25.2900,4220,0
FI.US,5,20131203,161500,25.3600,25.3600,25.1600,25.1600,9350,0
FI.US,5,20131203,162000,25.1800,25.1800,25.1300,25.1800,6300,0
FI.US,5,20131203,162500,25.2000,25.2000,25.1800,25.1800,1500,0
FI.US,5,20131203,163000,25.1900,25.1900,25.1100,25.1400,6107,0
FI.US,5,20131203,163500,25.1200,25.1900,25.1200,25.1900,3300,0
FI.US,5,20131203,164000,25.2200,25.2400,25.1800,25.1800,7325,0
FI.US,5,20131203,164500,25.1900,25.2600,25.1800,25.2600,1818,0
FI.US,5,20131203,165000,25.2400,25.3200,25.2300,25.3200,2240,0
FI.US,5,20131203,165500,25.3300,25.3300,25.2700,25.3100,4200,0
FI.US,5,20131203,170000,25.3300,25.3500,25.3300,25.3500,700,0
FI.US,5,20131203,170500,25.3400,25.3400,25.2800,25.3100,3100,0
FI.US,5,20131203,171000,25.3000,25.3200,25.3000,25.3100,1300,0
FI.US,5,20131203,171500,25.3200,25.3600,25.3200,25.3600,600,0
FI.US,5,20131203,172000,25.3000,25.3500,25.3000,25.3500,3995,0
FI.US,5,20131203,172500,25.3100,25.3100,25.3000,25.3000,400,0
FI.US,5,20131203,173000,25.3100,25.3100,25.2800,25.2900,2030,0
FI.US,5,20131203,173500,25.2800,25.2900,25.2800,25.2900,1100,0
FI.US,5,20131203,174000,25.2900,25.3000,25.2800,25.2900,2400,0
FI.US,5,20131203,174500,25.2800,25.2800,25.2800,25.2800,100,0
FI.US,5,20131203,175000,25.2800,25.2900,25.1700,25.2100,7175,0
FI.US,5,20131203,175500,25.2300,25.2400,25.2200,25.2400,1300,0
FI.US,5,20131203,180000,25.2600,25.2600,25.2000,25.2600,2200,0
FI.US,5,20131203,180500,25.2500,25.2600,25.2400,25.2600,2200,0
FI.US,5,20131203,181000,25.2400,25.2700,25.2400,25.2500,1300,0
FI.US,5,20131203,181500,25.2400,25.2400,25.2000,25.2200,6344,0
FI.US,5,20131203,182000,25.2000,25.2000,25.2000,25.2000,800,0
FI.US,5,20131203,182500,25.1900,25.2100,25.1700,25.1700,1100,0
FI.US,5,20131203,183000,25.1800,25.1800,25.1500,25.1500,2650,0
FI.US,5,20131203,183500,25.1600,25.1600,25.1600,25.1600,1836,0
FI.US,5,20131203,184000,25.1600,25.1900,25.1600,25.1900,2350,0
FI.US,5,20131203,184500,25.2000,25.2200,25.1900,25.2100,2536,0
FI.US,5,20131203,185000,25.2200,25.2200,25.1900,25.1900,1700,0
FI.US,5,20131203,185500,25.1700,25.1800,25.1600,25.1700,4300,0
FI.US,5,20131203,190000,25.1700,25.2400,25.1700,25.2400,1300,0
FI.US,5,20131203,190500,25.2200,25.2200,25.1800,25.1800,800,0
FI.US,5,20131203,191000,25.1700,25.2100,25.1700,25.2100,2700,0
FI.US,5,20131203,191500,25.1800,25.1900,25.1700,25.1700,540,0
FI.US,5,20131203,192000,25.1700,25.1800,25.1500,25.1500,2939,0
FI.US,5,20131203,192500,25.1300,25.1400,25.1300,25.1300,1000,0
FI.US,5,20131203,193000,25.1200,25.1300,25.1100,25.1200,1900,0
FI.US,5,20131203,193500,25.1300,25.1500,25.1300,25.1500,900,0
FI.US,5,20131203,194000,25.1600,25.1800,25.1600,25.1800,600,0
FI.US,5,20131203,194500,25.1800,25.1800,25.1300,25.1400,2704,0
FI.US,5,20131203,195000,25.1400,25.1600,25.1200,25.1600,2302,0
FI.US,5,20131203,195500,25.1300,25.1300,25.1100,25.1100,600,0
FI.US,5,20131203,200000,25.1200,25.1200,25.1200,25.1200,900,0
FI.US,5,20131203,200500,25.1200,25.1200,25.1100,25.1200,7845,0
FI.US,5,20131203,201000,25.1400,25.1400,25.1400,25.1400,100,0
FI.US,5,20131203,201500,25.1200,25.1300,25.1100,25.1300,1600,0
FI.US,5,20131203,202000,25.1400,25.1400,25.1100,25.1200,1213,0
FI.US,5,20131203,202500,25.1100,25.1200,25.1100,25.1200,1100,0
FI.US,5,20131203,203000,25.1200,25.1300,25.1200,25.1200,1300,0
FI.US,5,20131203,203500,25.1200,25.1200,25.1100,25.1100,1302,0
FI.US,5,20131203,204000,25.1000,25.1100,25.0600,25.0600,2000,0
FI.US,5,20131203,204500,25.0600,25.0600,25.0600,25.0600,200,0
FI.US,5,20131203,205000,25.0500,25.0500,25.0100,25.0200,4500,0
FI.US,5,20131203,205500,25.0200,25.0300,25.0200,25.0300,400,0
FI.US,5,20131203,210000,25.0100,25.0400,25.0100,25.0400,2088,0
FI.US,5,20131203,210500,25.0300,25.0400,25.0100,25.0400,3761,0
FI.US,5,20131203,211000,25.0400,25.0800,25.0300,25.0600,4625,0
FI.US,5,20131203,211500,25.0600,25.0600,25.0400,25.0600,4200,0
FI.US,5,20131203,212000,25.0600,25.0600,25.0400,25.0400,860,0
FI.US,5,20131203,212500,25.0400,25.0500,25.0200,25.0200,2900,0
FI.US,5,20131203,213000,25.0200,25.0300,25.0000,25.0100,9563,0
FI.US,5,20131203,213500,25.0200,25.0300,25.0100,25.0100,5600,0
FI.US,5,20131203,214000,25.0100,25.0100,25.0000,25.0100,1615,0
FI.US,5,20131203,214500,25.0100,25.0300,25.0100,25.0200,4147,0
FI.US,5,20131203,215000,25.0100,25.0200,25.0000,25.0200,6025,0
FI.US,5,20131203,215500,25.0100,25.0600,25.0100,25.0500,9614,0
FI.US,5,20131203,220000,25.0600,25.0800,25.0400,25.0700,9220,0
FI.US,5,20131203,220500,25.0600,25.0600,25.0600,25.0600,3542,0
FI.US,5,20131204,153500,25.8700,25.9600,25.4900,25.7600,8525,0
FI.US,5,20131204,154000,25.7400,25.7400,25.5700,25.6300,5125,0
FI.US,5,20131204,154500,25.6700,25.7500,25.6200,25.7500,7700,0
FI.US,5,20131204,155000,25.7500,25.7500,25.5300,25.5300,6266,0
FI.US,5,20131204,155500,25.6100,25.6100,25.5200,25.5500,700,0
FI.US,5,20131204,160000,25.6000,25.7200,25.5100,25.6400,5600,0
FI.US,5,20131204,160500,25.6300,25.6300,25.5500,25.5500,5900,0
FI.US,5,20131204,161000,25.5700,25.5700,25.4600,25.5000,6098,0
FI.US,5,20131204,161500,25.4900,25.6100,25.4600,25.6100,5475,0
FI.US,5,20131204,162000,25.6100,25.6100,25.5400,25.5400,2271,0
FI.US,5,20131204,162500,25.5400,25.5800,25.5200,25.5700,1650,0
FI.US,5,20131204,163000,25.5300,25.6100,25.5300,25.5500,2600,0
FI.US,5,20131204,163500,25.5200,25.5300,25.4800,25.4800,1100,0
FI.US,5,20131204,164000,25.5000,25.5900,25.4900,25.5600,2388,0
FI.US,5,20131204,164500,25.5700,25.5700,25.5500,25.5500,10100,0
FI.US,5,20131204,165000,25.5100,25.5700,25.5000,25.5100,7300,0
FI.US,5,20131204,165500,25.5400,25.5400,25.5000,25.5000,1150,0
FI.US,5,20131204,170000,25.5600,25.5800,25.5400,25.5400,4525,0
FI.US,5,20131204,170500,25.5400,25.5900,25.5300,25.5900,2176,0
FI.US,5,20131204,171000,25.6400,25.6500,25.5300,25.5600,2013,0
FI.US,5,20131204,171500,25.5800,25.6500,25.5700,25.6100,1900,0
FI.US,5,20131204,172000,25.6000,25.6700,25.6000,25.6600,2832,0
FI.US,5,20131204,172500,25.6500,25.7000,25.6500,25.6900,3000,0
FI.US,5,20131204,173000,25.6600,25.6600,25.6000,25.6600,1200,0
FI.US,5,20131204,173500,25.6000,25.7000,25.6000,25.7000,5041,0
FI.US,5,20131204,174000,25.7000,25.7000,25.6500,25.6500,700,0
FI.US,5,20131204,174500,25.6000,25.6900,25.6000,25.6900,700,0
FI.US,5,20131204,175000,25.7100,25.7300,25.7000,25.7300,840,0
FI.US,5,20131204,175500,25.7400,25.7400,25.6800,25.6800,1475,0
FI.US,5,20131204,180000,25.7300,25.7300,25.7100,25.7100,1200,0
FI.US,5,20131204,180500,25.7400,25.7500,25.7300,25.7500,2516,0
FI.US,5,20131204,181000,25.7300,25.7700,25.7100,25.7700,2100,0
FI.US,5,20131204,181500,25.7800,25.7800,25.7300,25.7300,6400,0
FI.US,5,20131204,182000,25.7500,25.7800,25.7500,25.7800,700,0
FI.US,5,20131204,182500,25.7500,25.7500,25.7100,25.7100,900,0
FI.US,5,20131204,183000,25.7100,25.7100,25.6700,25.6700,1000,0
FI.US,5,20131204,183500,25.6700,25.6700,25.6100,25.6700,1250,0
FI.US,5,20131204,184000,25.6700,25.7200,25.6700,25.7200,1200,0
FI.US,5,20131204,184500,25.7200,25.7700,25.7100,25.7700,3200,0
FI.US,5,20131204,185000,25.8000,25.8400,25.7300,25.8100,16504,0
FI.US,5,20131204,185500,25.8700,25.8800,25.8000,25.8800,2000,0
FI.US,5,20131204,190000,25.8200,25.8200,25.7600,25.7900,4200,0
FI.US,5,20131204,190500,25.7900,25.8300,25.7900,25.8000,2255,0
FI.US,5,20131204,191000,25.8200,25.8600,25.8200,25.8500,3240,0
FI.US,5,20131204,191500,25.8300,25.8400,25.8000,25.8000,1400,0
FI.US,5,20131204,192000,25.8300,25.8300,25.7800,25.8000,1700,0
FI.US,5,20131204,192500,25.8100,25.8500,25.7800,25.7800,832,0
FI.US,5,20131204,193000,25.7900,25.8100,25.7800,25.8000,2600,0
FI.US,5,20131204,193500,25.7900,25.8000,25.7600,25.8000,3450,0
FI.US,5,20131204,194000,25.8600,25.8600,25.7900,25.8100,900,0
FI.US,5,20131204,194500,25.8000,25.8100,25.8000,25.8100,600,0
FI.US,5,20131204,195000,25.8400,25.8800,25.8100,25.8700,3800,0
FI.US,5,20131204,195500,25.8400,25.8800,25.8400,25.8500,4562,0
FI.US,5,20131204,200000,25.8500,25.8500,25.7400,25.7600,12700,0
FI.US,5,20131204,200500,25.7900,25.8400,25.7700,25.7700,2300,0
FI.US,5,20131204,201000,25.7700,25.7800,25.7600,25.7700,3878,0
FI.US,5,20131204,201500,25.7600,25.7600,25.7400,25.7500,2900,0
FI.US,5,20131204,202000,25.8100,25.8300,25.8000,25.8300,1787,0
FI.US,5,20131204,202500,25.8200,25.8800,25.8200,25.8800,2000,0
FI.US,5,20131204,203000,25.8700,25.8700,25.8400,25.8600,4100,0
FI.US,5,20131204,203500,25.8800,25.8800,25.8400,25.8500,3000,0
FI.US,5,20131204,204000,25.8400,25.8500,25.8400,25.8500,1762,0
FI.US,5,20131204,204500,25.8500,25.8700,25.8400,25.8700,4684,0
FI.US,5,20131204,205000,25.8600,25.8800,25.8500,25.8600,4600,0
FI.US,5,20131204,205500,25.8500,25.8600,25.8500,25.8500,6393,0
FI.US,5,20131204,210000,25.8500,25.8800,25.8500,25.8500,2200,0
FI.US,5,20131204,210500,25.8500,25.8600,25.8300,25.8300,5334,0
FI.US,5,20131204,211000,25.8100,25.8400,25.8100,25.8300,7100,0
FI.US,5,20131204,211500,25.8300,25.8500,25.8100,25.8400,7075,0
FI.US,5,20131204,212000,25.8500,25.8700,25.8500,25.8700,15474,0
FI.US,5,20131204,212500,25.8700,25.8700,25.8500,25.8500,5400,0
FI.US,5,20131204,213000,25.8500,25.8700,25.8500,25.8700,6400,0
FI.US,5,20131204,213500,25.8700,25.9000,25.8600,25.9000,6300,0
FI.US,5,20131204,214000,25.9000,25.9300,25.9000,25.9100,7485,0
FI.US,5,20131204,214500,25.9100,25.9100,25.8900,25.9000,7511,0
FI.US,5,20131204,215000,25.9000,25.9200,25.9000,25.9100,7711,0
FI.US,5,20131204,215500,25.9100,25.9100,25.8900,25.9000,21248,0
FI.US,5,20131204,220000,25.9000,25.9100,25.8800,25.9000,33424,0
FI.US,5,20131204,220500,25.9100,25.9100,25.9100,25.9100,14140,0
FI.US,5,20131205,153500,26.0000,26.0900,26.0000,26.0000,6800,0
FI.US,5,20131205,154000,26.0000,26.0400,26.0000,26.0200,3700,0
FI.US,5,20131205,154500,26.0300,26.0300,26.0000,26.0000,2200,0
FI.US,5,20131205,155000,26.0000,26.2900,26.0000,26.2500,11260,0
FI.US,5,20131205,155500,26.2500,26.2500,26.2200,26.2200,400,0
FI.US,5,20131205,160000,26.1200,26.1200,26.0600,26.1000,300,0
FI.US,5,20131205,160500,26.1000,26.1000,26.0500,26.0500,1600,0
FI.US,5,20131205,161000,26.0900,26.1000,26.0400,26.1000,5000,0
FI.US,5,20131205,161500,26.0900,26.1700,26.0500,26.1700,9300,0
FI.US,5,20131205,162000,26.1700,26.2000,26.1400,26.1800,3248,0
FI.US,5,20131205,162500,26.2000,26.2000,26.1600,26.1600,1400,0
FI.US,5,20131205,163000,26.1700,26.1700,26.1300,26.1700,1775,0
FI.US,5,20131205,163500,26.2000,26.4000,26.2000,26.4000,55274,0
FI.US,5,20131205,164000,26.4000,26.4400,26.3700,26.4000,8764,0
FI.US,5,20131205,164500,26.4100,26.5000,26.4100,26.5000,3700,0
FI.US,5,20131205,165000,26.4800,26.5000,26.3900,26.3900,16991,0
FI.US,5,20131205,165500,26.3900,26.4700,26.3600,26.4200,32126,0
FI.US,5,20131205,170000,26.4500,26.4700,26.4100,26.4100,1850,0
FI.US,5,20131205,170500,26.4400,26.4700,26.4000,26.4700,1889,0
FI.US,5,20131205,171000,26.4100,26.4600,26.4100,26.4400,3500,0
FI.US,5,20131205,171500,26.4100,26.4400,26.3100,26.3200,3400,0
FI.US,5,20131205,172000,26.3000,26.3000,26.2400,26.3000,5845,0
FI.US,5,20131205,172500,26.3200,26.3500,26.3200,26.3500,1400,0
FI.US,5,20131205,173000,26.3400,26.3500,26.3200,26.3200,2180,0
FI.US,5,20131205,173500,26.3300,26.3400,26.3100,26.3400,2400,0
FI.US,5,20131205,174000,26.3400,26.3400,26.2800,26.3200,5700,0
FI.US,5,20131205,174500,26.3100,26.3500,26.3000,26.3400,9783,0
FI.US,5,20131205,175000,26.3400,26.3400,26.3200,26.3300,3400,0
FI.US,5,20131205,175500,26.3500,26.4200,26.3500,26.4200,3710,0
FI.US,5,20131205,180000,26.4200,26.4500,26.3700,26.4200,82782,0
FI.US,5,20131205,180500,26.4600,26.5000,26.4200,26.4700,8491,0
FI.US,5,20131205,181000,26.4700,26.5000,26.4700,26.4900,6900,0
FI.US,5,20131205,181500,26.4700,26.5000,26.4700,26.4900,500,0
FI.US,5,20131205,182000,26.4800,26.5300,26.4800,26.5200,10000,0
FI.US,5,20131205,182500,26.5200,26.5200,26.5000,26.5000,2400,0
FI.US,5,20131205,183000,26.4900,26.5000,26.4800,26.5000,14250,0
FI.US,5,20131205,183500,26.4900,26.5000,26.4900,26.5000,400,0
FI.US,5,20131205,184000,26.4700,26.5000,26.4700,26.4800,600,0
FI.US,5,20131205,184500,26.4900,26.4900,26.4500,26.4500,3153,0
FI.US,5,20131205,185000,26.4600,26.4600,26.4300,26.4600,724,0
FI.US,5,20131205,185500,26.4500,26.4500,26.4300,26.4400,950,0
FI.US,5,20131205,190000,26.4500,26.4500,26.4500,26.4500,100,0
FI.US,5,20131205,190500,26.4400,26.4400,26.4100,26.4400,12003,0
FI.US,5,20131205,191000,26.4400,26.4500,26.4400,26.4500,2200,0
FI.US,5,20131205,191500,26.4700,26.5000,26.4500,26.4500,3195,0
FI.US,5,20131205,192000,26.4700,26.4700,26.4600,26.4600,1200,0
FI.US,5,20131205,192500,26.4600,26.4700,26.4400,26.4600,2203,0
FI.US,5,20131205,193000,26.4700,26.4700,26.4400,26.4500,2200,0
FI.US,5,20131205,193500,26.4500,26.4500,26.4400,26.4400,2200,0
FI.US,5,20131205,194000,26.4300,26.4500,26.4300,26.4500,1304,0
FI.US,5,20131205,194500,26.4600,26.4700,26.4600,26.4700,1643,0
FI.US,5,20131205,195000,26.4700,26.4700,26.4600,26.4600,2100,0
FI.US,5,20131205,195500,26.4600,26.5000,26.4600,26.5000,4460,0
FI.US,5,20131205,200000,26.4800,26.5100,26.4700,26.4800,21569,0
FI.US,5,20131205,200500,26.4800,26.4900,26.4700,26.4800,5600,0
FI.US,5,20131205,201000,26.4900,26.4900,26.4600,26.4700,6129,0
FI.US,5,20131205,201500,26.4700,26.5000,26.4600,26.4800,11230,0
FI.US,5,20131205,202000,26.4900,26.5000,26.4900,26.5000,3400,0
FI.US,5,20131205,202500,26.5000,26.5100,26.4900,26.4900,30954,0
FI.US,5,20131205,203000,26.5000,26.5100,26.4800,26.4800,6600,0
FI.US,5,20131205,203500,26.4600,26.4800,26.4600,26.4600,3600,0
FI.US,5,20131205,204000,26.4800,26.5000,26.4800,26.5000,7145,0
FI.US,5,20131205,204500,26.5000,26.5000,26.4800,26.4900,2400,0
FI.US,5,20131205,205000,26.4900,26.5000,26.4800,26.4900,3000,0
FI.US,5,20131205,205500,26.4900,26.5000,26.4800,26.5000,3299,0
FI.US,5,20131205,210000,26.5000,26.5000,26.4800,26.4900,12250,0
FI.US,5,20131205,210500,26.4800,26.5300,26.4800,26.5200,12988,0
FI.US,5,20131205,211000,26.5100,26.5200,26.5100,26.5100,5201,0
FI.US,5,20131205,211500,26.5100,26.5200,26.5100,26.5200,1400,0
FI.US,5,20131205,212000,26.5100,26.5200,26.5100,26.5100,3334,0
FI.US,5,20131205,212500,26.5200,26.5200,26.5100,26.5200,3500,0
FI.US,5,20131205,213000,26.5200,26.5200,26.5100,26.5100,5094,0
FI.US,5,20131205,213500,26.5200,26.5400,26.5100,26.5300,20909,0
FI.US,5,20131205,214000,26.5300,26.5300,26.5000,26.5100,3700,0
FI.US,5,20131205,214500,26.5100,26.5200,26.5100,26.5200,6400,0
FI.US,5,20131205,215000,26.5100,26.5500,26.5100,26.5500,20121,0
FI.US,5,20131205,215500,26.5500,26.5500,26.5100,26.5300,8300,0
FI.US,5,20131205,220000,26.5300,26.5800,26.5300,26.5600,23816,0
FI.US,5,20131205,220500,26.5700,26.5700,26.5700,26.5700,4870,0
FI.US,5,20131206,153500,27.1000,27.3000,27.1000,27.1800,9350,0
FI.US,5,20131206,154000,27.1800,27.3000,27.1500,27.3000,15535,0
FI.US,5,20131206,154500,27.3000,27.3800,27.2500,27.2800,5546,0
FI.US,5,20131206,155000,27.3100,27.3100,27.1500,27.2600,21420,0
FI.US,5,20131206,155500,27.3100,27.3500,27.2100,27.3400,6887,0
FI.US,5,20131206,160000,27.3700,27.4100,27.2900,27.3200,24869,0
FI.US,5,20131206,160500,27.3400,27.3900,27.3200,27.3600,8022,0
FI.US,5,20131206,161000,27.3400,27.4100,27.3400,27.3800,6085,0
FI.US,5,20131206,161500,27.3700,27.4000,27.3300,27.3700,7712,0
FI.US,5,20131206,162000,27.3800,27.3900,27.3700,27.3900,870,0
FI.US,5,20131206,162500,27.3900,27.4600,27.3900,27.4400,3904,0
FI.US,5,20131206,163000,27.4600,27.4600,27.4200,27.4400,900,0
FI.US,5,20131206,163500,27.4100,27.4500,27.3300,27.3800,3900,0
FI.US,5,20131206,164000,27.3300,27.4000,27.3300,27.3900,13701,0
FI.US,5,20131206,164500,27.3600,27.4000,27.3400,27.3700,4800,0
FI.US,5,20131206,165000,27.3700,27.4300,27.3600,27.3600,7475,0
FI.US,5,20131206,165500,27.3500,27.3500,27.3000,27.3000,8100,0
FI.US,5,20131206,170000,27.3000,27.3000,27.2500,27.2500,6008,0
FI.US,5,20131206,170500,27.2600,27.2800,27.2500,27.2800,4440,0
FI.US,5,20131206,171000,27.2700,27.3500,27.2500,27.3400,21650,0
FI.US,5,20131206,171500,27.3500,27.4200,27.3300,27.4200,2408,0
FI.US,5,20131206,172000,27.4400,27.5100,27.4000,27.4000,9400,0
FI.US,5,20131206,172500,27.3900,27.4200,27.3900,27.4200,4100,0
FI.US,5,20131206,173000,27.4500,27.4900,27.4000,27.4900,900,0
FI.US,5,20131206,173500,27.5000,27.5200,27.4100,27.4200,7000,0
FI.US,5,20131206,174000,27.4100,27.4100,27.3400,27.3800,5954,0
FI.US,5,20131206,174500,27.3900,27.4000,27.3700,27.4000,825,0
FI.US,5,20131206,175000,27.4000,27.4000,27.3600,27.3600,1800,0
FI.US,5,20131206,175500,27.3600,27.4700,27.3600,27.4700,19990,0
FI.US,5,20131206,180000,27.4700,27.4700,27.4100,27.4400,4700,0
FI.US,5,20131206,180500,27.4800,27.4800,27.4300,27.4300,1600,0
FI.US,5,20131206,181000,27.4800,27.4900,27.4000,27.4000,3200,0
FI.US,5,20131206,181500,27.3900,27.4300,27.3900,27.4300,833,0
FI.US,5,20131206,182000,27.4400,27.4400,27.4000,27.4000,4690,0
FI.US,5,20131206,182500,27.4100,27.4400,27.3900,27.4300,6700,0
FI.US,5,20131206,183000,27.4200,27.4600,27.4100,27.4100,2700,0
FI.US,5,20131206,183500,27.4300,27.4300,27.3900,27.3900,3600,0
FI.US,5,20131206,184000,27.3900,27.3900,27.3700,27.3800,3700,0
FI.US,5,20131206,184500,27.3800,27.3900,27.3800,27.3900,1815,0
FI.US,5,20131206,185000,27.3800,27.3800,27.3700,27.3700,1000,0
FI.US,5,20131206,185500,27.3700,27.3700,27.3500,27.3500,59850,0
FI.US,5,20131206,190000,27.3500,27.4200,27.3500,27.4000,2200,0
FI.US,5,20131206,190500,27.4000,27.4000,27.4000,27.4000,100,0
FI.US,5,20131206,191000,27.4000,27.4100,27.3400,27.3600,7134,0
FI.US,5,20131206,191500,27.3400,27.3400,27.2000,27.2000,7280,0
FI.US,5,20131206,192000,27.1900,27.2700,27.1300,27.1300,25192,0
FI.US,5,20131206,192500,27.1400,27.2300,27.1400,27.1900,15483,0
FI.US,5,20131206,193000,27.1900,27.2400,27.1900,27.2100,47300,0
FI.US,5,20131206,193500,27.2100,27.2100,27.1900,27.2000,36100,0
FI.US,5,20131206,194000,27.2000,27.2100,27.2000,27.2000,4400,0
FI.US,5,20131206,194500,27.2000,27.2200,27.2000,27.2100,63472,0
FI.US,5,20131206,195000,27.2100,27.2100,27.2000,27.2000,3900,0
FI.US,5,20131206,195500,27.2100,27.2200,27.1900,27.2000,8898,0
FI.US,5,20131206,200000,27.1900,27.2000,27.1400,27.1800,16796,0
FI.US,5,20131206,200500,27.1800,27.1900,27.1700,27.1800,2000,0
FI.US,5,20131206,201000,27.1600,27.1700,27.1400,27.1500,4100,0
FI.US,5,20131206,201500,27.1500,27.1900,27.1400,27.1700,6644,0
FI.US,5,20131206,202000,27.1600,27.1700,27.1100,27.1500,50398,0
FI.US,5,20131206,202500,27.1300,27.2000,27.1300,27.2000,12100,0
FI.US,5,20131206,203000,27.2000,27.2100,27.0400,27.0900,20700,0
FI.US,5,20131206,203500,27.1100,27.1300,27.0900,27.0900,6800,0
FI.US,5,20131206,204000,27.0900,27.1000,27.0300,27.0300,6700,0
FI.US,5,20131206,204500,27.0400,27.0700,27.0300,27.0500,4400,0
FI.US,5,20131206,205000,27.0400,27.0400,27.0000,27.0100,6108,0
FI.US,5,20131206,205500,27.0100,27.0600,27.0000,27.0200,103200,0
FI.US,5,20131206,210000,27.0200,27.0200,26.9600,27.0000,19555,0
FI.US,5,20131206,210500,26.9900,27.0800,26.9500,26.9500,30452,0
FI.US,5,20131206,211000,26.9500,27.0400,26.9500,27.0000,8003,0
FI.US,5,20131206,211500,27.0000,27.0400,27.0000,27.0200,6100,0
FI.US,5,20131206,212000,27.0200,27.0500,27.0100,27.0500,5300,0
FI.US,5,20131206,212500,27.0500,27.0700,27.0400,27.0400,6200,0
FI.US,5,20131206,213000,27.0200,27.1200,27.0200,27.1200,8117,0
FI.US,5,20131206,213500,27.1200,27.1200,27.0200,27.0300,7288,0
FI.US,5,20131206,214000,27.0300,27.0600,27.0200,27.0400,13308,0
FI.US,5,20131206,214500,27.0300,27.1200,27.0300,27.1000,22457,0
FI.US,5,20131206,215000,27.0900,27.1400,27.0700,27.1300,15667,0
FI.US,5,20131206,215500,27.1500,27.2000,27.0900,27.1300,21232,0
FI.US,5,20131206,220000,27.1500,27.1900,27.1300,27.1400,11099,0
FI.US,5,20131206,220500,27.1100,27.1100,27.1100,27.1100,10932,0
FI.US,5,20131209,153500,27.1500,27.2200,26.9500,26.9500,10084,0
FI.US,5,20131209,154000,26.8000,26.9300,26.7600,26.8100,12300,0
FI.US,5,20131209,154500,26.8000,26.8300,26.8000,26.8000,2000,0
FI.US,5,20131209,155000,26.8100,26.8200,26.8000,26.8200,16223,0
FI.US,5,20131209,155500,26.8200,26.8200,26.7600,26.7900,3672,0
FI.US,5,20131209,160000,26.7900,26.8100,26.7600,26.7800,1500,0
FI.US,5,20131209,160500,26.8000,26.8000,26.6900,26.6900,7325,0
FI.US,5,20131209,161000,26.7300,26.7500,26.5700,26.6900,14819,0
FI.US,5,20131209,161500,26.6900,26.7200,26.6500,26.6500,7050,0
FI.US,5,20131209,162000,26.6800,26.8600,26.6800,26.8500,3118,0
FI.US,5,20131209,162500,26.8500,26.9800,26.8300,26.9800,3700,0
FI.US,5,20131209,163000,26.9300,27.1300,26.9300,27.0500,10250,0
FI.US,5,20131209,163500,27.0500,27.1100,26.9800,26.9800,5000,0
FI.US,5,20131209,164000,26.9900,27.1600,26.9000,27.1600,10501,0
FI.US,5,20131209,164500,27.1600,27.2100,27.1500,27.1800,4700,0
FI.US,5,20131209,165000,27.1500,27.1900,26.9800,27.1900,20894,0
FI.US,5,20131209,165500,27.1600,27.2100,27.1000,27.1500,9699,0
FI.US,5,20131209,170000,27.1500,27.1500,27.0800,27.1100,4800,0
FI.US,5,20131209,170500,27.1200,27.1600,27.1000,27.1300,7400,0
FI.US,5,20131209,171000,27.1300,27.1500,27.1100,27.1400,2500,0
FI.US,5,20131209,171500,27.1400,27.1500,27.1100,27.1200,3900,0
FI.US,5,20131209,172000,27.1500,27.2100,27.1200,27.1500,4921,0
FI.US,5,20131209,172500,27.1900,27.1900,27.1200,27.1900,7100,0
FI.US,5,20131209,173000,27.1500,27.1900,27.1400,27.1800,2300,0
FI.US,5,20131209,173500,27.1600,27.1900,27.1100,27.1900,4552,0
FI.US,5,20131209,174000,27.1500,27.3000,27.1500,27.2800,3615,0
FI.US,5,20131209,174500,27.3300,27.3900,27.2600,27.3700,4265,0
FI.US,5,20131209,175000,27.3700,27.4500,27.3700,27.3800,2878,0
FI.US,5,20131209,175500,27.3900,27.4500,27.3700,27.3700,1900,0
FI.US,5,20131209,180000,27.3200,27.3300,27.2000,27.2600,5789,0
FI.US,5,20131209,180500,27.2600,27.2700,27.2100,27.2700,2600,0
FI.US,5,20131209,181000,27.3300,27.5000,27.3300,27.4900,2400,0
FI.US,5,20131209,181500,27.4800,27.4800,27.4200,27.4800,4000,0
FI.US,5,20131209,182000,27.4600,27.5000,27.4600,27.5000,1900,0
FI.US,5,20131209,182500,27.5000,27.5200,27.4800,27.5100,2350,0
FI.US,5,20131209,183000,27.5100,27.5400,27.4300,27.4900,8325,0
FI.US,5,20131209,183500,27.5000,27.5200,27.4900,27.5200,3700,0
FI.US,5,20131209,184000,27.5200,27.6000,27.5200,27.6000,1900,0
FI.US,5,20131209,184500,27.6000,27.6200,27.6000,27.6200,2775,0
FI.US,5,20131209,185000,27.6300,27.6900,27.6200,27.6600,2850,0
FI.US,5,20131209,185500,27.6600,27.6700,27.6600,27.6700,2300,0
FI.US,5,20131209,190000,27.6700,27.6700,27.6000,27.6000,1900,0
FI.US,5,20131209,190500,27.5900,27.6100,27.5700,27.5800,2090,0
FI.US,5,20131209,191000,27.5800,27.5800,27.5000,27.5000,1800,0
FI.US,5,20131209,191500,27.4700,27.4900,27.4600,27.4600,4100,0
FI.US,5,20131209,192000,27.4600,27.4600,27.3600,27.4200,5300,0
FI.US,5,20131209,192500,27.4600,27.4800,27.4400,27.4500,2700,0
FI.US,5,20131209,193000,27.4600,27.4700,27.4500,27.4700,1350,0
FI.US,5,20131209,193500,27.4700,27.4700,27.4300,27.4400,1900,0
FI.US,5,20131209,194000,27.4400,27.4800,27.4100,27.4700,3150,0
FI.US,5,20131209,194500,27.4700,27.4900,27.4500,27.4900,4300,0
FI.US,5,20131209,195000,27.4900,27.5100,27.4700,27.5100,1600,0
FI.US,5,20131209,195500,27.5000,27.5300,27.4900,27.5300,1700,0
FI.US,5,20131209,200000,27.5300,27.5900,27.5100,27.5800,1800,0
FI.US,5,20131209,200500,27.6000,27.6100,27.5100,27.5100,1300,0
FI.US,5,20131209,201000,27.5500,27.5600,27.5000,27.5000,3150,0
FI.US,5,20131209,201500,27.5000,27.5000,27.3400,27.3400,3198,0
FI.US,5,20131209,202000,27.3400,27.3400,27.1700,27.2000,2294,0
FI.US,5,20131209,202500,27.1900,27.1900,27.1000,27.1900,7600,0
FI.US,5,20131209,203000,27.2000,27.2800,27.2000,27.2600,3450,0
FI.US,5,20131209,203500,27.2400,27.2700,27.1600,27.1600,2900,0
FI.US,5,20131209,204000,27.1800,27.2200,27.0500,27.2100,8570,0
FI.US,5,20131209,204500,27.1900,27.1900,27.1000,27.1600,7300,0
FI.US,5,20131209,205000,27.1300,27.1600,27.0900,27.1600,5821,0
FI.US,5,20131209,205500,27.1700,27.1700,27.1100,27.1200,4200,0
FI.US,5,20131209,210000,27.1100,27.1700,27.0900,27.1200,7200,0
FI.US,5,20131209,210500,27.1100,27.1400,27.1100,27.1400,6699,0
FI.US,5,20131209,211000,27.1300,27.1400,27.1000,27.1100,6999,0
FI.US,5,20131209,211500,27.1100,27.1500,27.1000,27.1200,13500,0
FI.US,5,20131209,212000,27.1100,27.1300,27.1100,27.1300,6225,0
FI.US,5,20131209,212500,27.1300,27.1600,27.1200,27.1300,14332,0
FI.US,5,20131209,213000,27.1200,27.1400,27.0800,27.1000,12800,0
FI.US,5,20131209,213500,27.1100,27.1500,27.1000,27.1300,7400,0
FI.US,5,20131209,214000,27.1300,27.1300,27.1200,27.1300,3975,0
FI.US,5,20131209,214500,27.1300,27.1400,27.1200,27.1200,12500,0
FI.US,5,20131209,215000,27.1300,27.1700,27.1200,27.1600,16905,0
FI.US,5,20131209,215500,27.1500,27.2200,27.1500,27.2000,12300,0
FI.US,5,20131209,220000,27.2000,27.2100,27.1500,27.1800,22470,0
FI.US,5,20131209,220500,27.1700,27.1700,27.1700,27.1700,2589,0
