<TICKER>,<PER>,<DTYYYYMMDD>,<TIME>,<OPEN>,<HIGH>,<LOW>,<CLOSE>,<VOL>,<OPENINT>
FVE.US,5,20131112,153500,4.7400,4.7700,4.6900,4.7600,11800,0
FVE.US,5,20131112,154000,4.7600,4.8800,4.7600,4.8600,5200,0
FVE.US,5,20131112,154500,4.8800,4.9100,4.8800,4.9100,700,0
FVE.US,5,20131112,155000,4.9200,4.9300,4.9000,4.9300,3321,0
FVE.US,5,20131112,155500,4.9300,4.9500,4.9300,4.9500,7500,0
FVE.US,5,20131112,160000,4.9400,4.9400,4.9100,4.9400,13245,0
FVE.US,5,20131112,160500,4.9100,4.9100,4.9100,4.9100,200,0
FVE.US,5,20131112,161000,4.9300,4.9400,4.9300,4.9300,903,0
FVE.US,5,20131112,161500,4.9400,4.9700,4.9400,4.9700,12484,0
FVE.US,5,20131112,162000,4.9700,4.9800,4.9700,4.9800,1500,0
FVE.US,5,20131112,162500,4.9800,4.9900,4.9700,4.9900,13400,0
FVE.US,5,20131112,163000,4.9900,4.9900,4.9800,4.9900,3200,0
FVE.US,5,20131112,163500,4.9900,5.0400,4.9900,5.0400,5170,0
FVE.US,5,20131112,164000,5.0500,5.0600,5.0300,5.0600,2383,0
FVE.US,5,20131112,164500,5.0600,5.0900,5.0600,5.0600,4300,0
FVE.US,5,20131112,165000,5.0700,5.0700,5.0300,5.0300,2300,0
FVE.US,5,20131112,165500,5.0300,5.0300,4.9600,4.9800,11580,0
FVE.US,5,20131112,170000,4.9900,5.0000,4.9400,4.9500,13391,0
FVE.US,5,20131112,170500,4.9400,4.9900,4.9300,4.9900,5992,0
FVE.US,5,20131112,171000,4.9900,5.0000,4.9900,5.0000,2100,0
FVE.US,5,20131112,171500,5.0000,5.0400,5.0000,5.0400,9470,0
FVE.US,5,20131112,172000,5.0500,5.0500,5.0400,5.0400,3003,0
FVE.US,5,20131112,172500,5.0400,5.0400,5.0300,5.0300,4000,0
FVE.US,5,20131112,173000,5.0400,5.0400,5.0200,5.0200,2100,0
FVE.US,5,20131112,173500,5.0300,5.0400,5.0300,5.0400,700,0
FVE.US,5,20131112,174000,5.0400,5.0500,5.0300,5.0300,2227,0
FVE.US,5,20131112,174500,5.0300,5.0300,5.0000,5.0200,4500,0
FVE.US,5,20131112,175500,5.0300,5.0400,5.0300,5.0400,700,0
FVE.US,5,20131112,180000,5.0400,5.0400,5.0400,5.0400,500,0
FVE.US,5,20131112,180500,5.0400,5.0400,5.0300,5.0300,200,0
FVE.US,5,20131112,181000,5.0400,5.0400,5.0000,5.0100,3800,0
FVE.US,5,20131112,181500,5.0000,5.0400,5.0000,5.0300,3900,0
FVE.US,5,20131112,182000,5.0400,5.0400,5.0400,5.0400,300,0
FVE.US,5,20131112,182500,5.0400,5.0400,5.0000,5.0100,10584,0
FVE.US,5,20131112,183000,5.0200,5.0300,5.0100,5.0300,1000,0
FVE.US,5,20131112,183500,5.0300,5.0300,5.0200,5.0300,900,0
FVE.US,5,20131112,184000,5.0200,5.0300,5.0000,5.0300,4246,0
FVE.US,5,20131112,184500,5.0400,5.0400,5.0400,5.0400,700,0
FVE.US,5,20131112,185000,5.0500,5.0500,5.0400,5.0500,2100,0
FVE.US,5,20131112,185500,5.0400,5.0400,5.0400,5.0400,100,0
FVE.US,5,20131112,190000,5.0500,5.0500,5.0400,5.0500,1300,0
FVE.US,5,20131112,190500,5.0400,5.0400,5.0400,5.0400,2400,0
FVE.US,5,20131112,191000,5.0400,5.0500,5.0400,5.0500,3900,0
FVE.US,5,20131112,192000,5.0400,5.0400,5.0400,5.0400,3997,0
FVE.US,5,20131112,192500,5.0400,5.0500,5.0400,5.0500,7100,0
FVE.US,5,20131112,193000,5.0400,5.0400,5.0400,5.0400,2800,0
FVE.US,5,20131112,193500,5.0400,5.0400,5.0200,5.0300,2400,0
FVE.US,5,20131112,194000,5.0300,5.0300,5.0200,5.0200,700,0
FVE.US,5,20131112,194500,5.0200,5.0200,5.0100,5.0200,400,0
FVE.US,5,20131112,195000,5.0100,5.0200,5.0100,5.0100,300,0
FVE.US,5,20131112,195500,5.0100,5.0200,5.0100,5.0100,3116,0
FVE.US,5,20131112,200000,5.0100,5.0200,5.0100,5.0200,600,0
FVE.US,5,20131112,200500,5.0100,5.0100,5.0100,5.0100,100,0
FVE.US,5,20131112,201000,5.0200,5.0300,5.0100,5.0300,3000,0
FVE.US,5,20131112,201500,5.0200,5.0200,5.0100,5.0200,2300,0
FVE.US,5,20131112,202000,5.0200,5.0400,5.0200,5.0400,7532,0
FVE.US,5,20131112,202500,5.0400,5.0400,5.0400,5.0400,4459,0
FVE.US,5,20131112,203000,5.0400,5.0400,5.0400,5.0400,200,0
FVE.US,5,20131112,203500,5.0400,5.0400,5.0200,5.0300,4400,0
FVE.US,5,20131112,204000,5.0300,5.0300,5.0300,5.0300,1941,0
FVE.US,5,20131112,204500,5.0400,5.0400,5.0300,5.0400,400,0
FVE.US,5,20131112,205000,5.0300,5.0300,5.0200,5.0300,2600,0
FVE.US,5,20131112,205500,5.0300,5.0400,5.0300,5.0300,2100,0
FVE.US,5,20131112,210000,5.0400,5.0400,5.0200,5.0200,1200,0
FVE.US,5,20131112,210500,5.0400,5.0400,5.0300,5.0400,1000,0
FVE.US,5,20131112,211000,5.0300,5.0400,5.0200,5.0300,4000,0
FVE.US,5,20131112,211500,5.0300,5.0400,5.0300,5.0400,2100,0
FVE.US,5,20131112,212000,5.0300,5.0300,5.0200,5.0200,4400,0
FVE.US,5,20131112,212500,5.0200,5.0400,5.0000,5.0300,18671,0
FVE.US,5,20131112,213000,5.0400,5.0400,5.0300,5.0300,2300,0
FVE.US,5,20131112,213500,5.0300,5.0800,5.0300,5.0800,14473,0
FVE.US,5,20131112,214000,5.0800,5.0800,5.0700,5.0800,1500,0
FVE.US,5,20131112,214500,5.0800,5.0800,5.0400,5.0600,4770,0
FVE.US,5,20131112,215000,5.0600,5.0600,5.0500,5.0500,1500,0
FVE.US,5,20131112,215500,5.0500,5.0600,5.0500,5.0600,2000,0
FVE.US,5,20131112,220000,5.0600,5.0700,5.0400,5.0500,14946,0
FVE.US,5,20131112,221000,5.0400,5.0400,5.0400,5.0400,6203,0
FVE.US,5,20131113,153500,4.9500,5.0100,4.9500,5.0100,2600,0
FVE.US,5,20131113,154000,5.0100,5.1100,5.0100,5.1000,2500,0
FVE.US,5,20131113,154500,5.1000,5.1000,5.1000,5.1000,2000,0
FVE.US,5,20131113,155000,5.0900,5.0900,4.9800,5.0500,16500,0
FVE.US,5,20131113,155500,5.0500,5.0800,5.0400,5.0700,6692,0
FVE.US,5,20131113,160000,5.0600,5.1000,5.0600,5.1000,2700,0
FVE.US,5,20131113,160500,5.0900,5.1000,5.0900,5.1000,1400,0
FVE.US,5,20131113,161000,5.1000,5.1000,5.0700,5.0800,2100,0
FVE.US,5,20131113,161500,5.0800,5.0800,5.0700,5.0700,1000,0
FVE.US,5,20131113,162000,5.0800,5.0800,5.0700,5.0800,1600,0
FVE.US,5,20131113,162500,5.0700,5.0700,5.0000,5.0500,16504,0
FVE.US,5,20131113,163000,5.0500,5.1400,5.0500,5.1300,6700,0
FVE.US,5,20131113,163500,5.1300,5.1300,5.1100,5.1100,2263,0
FVE.US,5,20131113,164000,5.1100,5.1100,5.1100,5.1100,400,0
FVE.US,5,20131113,164500,5.1100,5.1200,5.1100,5.1200,1100,0
FVE.US,5,20131113,165000,5.1300,5.1300,5.1300,5.1300,100,0
FVE.US,5,20131113,165500,5.1300,5.1300,5.1200,5.1200,1100,0
FVE.US,5,20131113,170000,5.1200,5.1300,5.1200,5.1200,400,0
FVE.US,5,20131113,170500,5.1200,5.1200,5.1100,5.1100,2900,0
FVE.US,5,20131113,171000,5.1100,5.1100,5.1000,5.1000,1441,0
FVE.US,5,20131113,171500,5.1000,5.1100,5.1000,5.1100,200,0
FVE.US,5,20131113,172000,5.1000,5.1000,5.1000,5.1000,600,0
FVE.US,5,20131113,172500,5.1000,5.1100,5.1000,5.1000,600,0
FVE.US,5,20131113,173000,5.1000,5.1100,5.1000,5.1000,600,0
FVE.US,5,20131113,173500,5.1000,5.1100,5.1000,5.1000,1000,0
FVE.US,5,20131113,174000,5.1100,5.1100,5.1100,5.1100,1400,0
FVE.US,5,20131113,174500,5.1100,5.1100,5.0800,5.0800,2600,0
FVE.US,5,20131113,175000,5.0800,5.0800,5.0800,5.0800,300,0
FVE.US,5,20131113,175500,5.0900,5.1100,5.0900,5.1100,1500,0
FVE.US,5,20131113,180000,5.1000,5.1100,5.1000,5.1000,1600,0
FVE.US,5,20131113,180500,5.1000,5.1100,5.1000,5.1100,1000,0
FVE.US,5,20131113,181000,5.1100,5.1100,5.1100,5.1100,4400,0
FVE.US,5,20131113,181500,5.1000,5.1000,5.0900,5.0900,1100,0
FVE.US,5,20131113,182000,5.0900,5.1000,5.0900,5.1000,1300,0
FVE.US,5,20131113,182500,5.1000,5.1100,5.1000,5.1100,2100,0
FVE.US,5,20131113,183000,5.1200,5.1500,5.1200,5.1400,1900,0
FVE.US,5,20131113,183500,5.1400,5.1400,5.1100,5.1400,5867,0
FVE.US,5,20131113,184000,5.1400,5.1500,5.1200,5.1300,2750,0
FVE.US,5,20131113,184500,5.1200,5.1200,5.1200,5.1200,900,0
FVE.US,5,20131113,185000,5.1200,5.1200,5.1200,5.1200,600,0
FVE.US,5,20131113,185500,5.1200,5.1300,5.1200,5.1300,1900,0
FVE.US,5,20131113,190000,5.1200,5.1300,5.1200,5.1200,400,0
FVE.US,5,20131113,190500,5.1300,5.1300,5.1200,5.1200,900,0
FVE.US,5,20131113,191000,5.1200,5.1300,5.1200,5.1300,700,0
FVE.US,5,20131113,191500,5.1200,5.1200,5.1200,5.1200,700,0
FVE.US,5,20131113,192000,5.1100,5.1100,5.1100,5.1100,300,0
FVE.US,5,20131113,192500,5.1100,5.1100,5.1100,5.1100,700,0
FVE.US,5,20131113,193000,5.1100,5.1100,5.1100,5.1100,300,0
FVE.US,5,20131113,193500,5.1200,5.1300,5.1100,5.1300,2500,0
FVE.US,5,20131113,194000,5.1300,5.1500,5.1300,5.1500,1200,0
FVE.US,5,20131113,194500,5.1400,5.1400,5.1100,5.1100,3764,0
FVE.US,5,20131113,195000,5.1100,5.1200,5.1100,5.1200,900,0
FVE.US,5,20131113,195500,5.1300,5.1300,5.1200,5.1200,500,0
FVE.US,5,20131113,200000,5.1300,5.1300,5.1200,5.1300,1100,0
FVE.US,5,20131113,200500,5.1300,5.1400,5.1300,5.1400,1400,0
FVE.US,5,20131113,201000,5.1300,5.1400,5.1300,5.1400,714,0
FVE.US,5,20131113,201500,5.1300,5.1400,5.1300,5.1400,1000,0
FVE.US,5,20131113,202000,5.1300,5.1400,5.1300,5.1400,400,0
FVE.US,5,20131113,202500,5.1400,5.1400,5.1300,5.1300,500,0
FVE.US,5,20131113,203000,5.1300,5.1300,5.1200,5.1200,4500,0
FVE.US,5,20131113,203500,5.1300,5.1300,5.1200,5.1200,1300,0
FVE.US,5,20131113,204000,5.1200,5.1200,5.1200,5.1200,400,0
FVE.US,5,20131113,204500,5.1200,5.1300,5.1100,5.1100,2700,0
FVE.US,5,20131113,205000,5.1000,5.1100,5.0500,5.0600,11538,0
FVE.US,5,20131113,205500,5.0900,5.1000,5.0900,5.1000,2200,0
FVE.US,5,20131113,210000,5.1000,5.1000,5.0900,5.1000,1000,0
FVE.US,5,20131113,210500,5.1000,5.1000,5.0900,5.1000,2500,0
FVE.US,5,20131113,211000,5.1000,5.1000,5.0900,5.1000,1210,0
FVE.US,5,20131113,211500,5.0900,5.0900,5.0700,5.0900,4186,0
FVE.US,5,20131113,212000,5.0900,5.1000,5.0900,5.1000,800,0
FVE.US,5,20131113,212500,5.1000,5.1000,5.0900,5.0900,500,0
FVE.US,5,20131113,213000,5.0900,5.1000,5.0900,5.1000,1100,0
FVE.US,5,20131113,213500,5.0900,5.1000,5.0900,5.0900,600,0
FVE.US,5,20131113,214000,5.0900,5.1000,5.0900,5.1000,2300,0
FVE.US,5,20131113,214500,5.1000,5.1100,5.1000,5.1100,6200,0
FVE.US,5,20131113,215000,5.1100,5.1100,5.1000,5.1100,3713,0
FVE.US,5,20131113,215500,5.1000,5.1100,5.0900,5.0900,4268,0
FVE.US,5,20131113,220000,5.1000,5.1000,5.0900,5.1000,6158,0
FVE.US,5,20131113,221000,5.0900,5.0900,5.0900,5.0900,9807,0
FVE.US,5,20131114,153500,5.0600,5.0800,5.0600,5.0800,1300,0
FVE.US,5,20131114,154000,5.0800,5.0800,5.0700,5.0800,2300,0
FVE.US,5,20131114,154500,5.0700,5.0700,5.0600,5.0600,700,0
FVE.US,5,20131114,155000,5.0600,5.0600,5.0500,5.0500,500,0
FVE.US,5,20131114,155500,5.0400,5.0500,5.0400,5.0500,1900,0
FVE.US,5,20131114,160000,5.0500,5.0600,5.0500,5.0600,2901,0
FVE.US,5,20131114,160500,5.0600,5.0600,5.0100,5.0200,3300,0
FVE.US,5,20131114,161000,5.0100,5.0200,4.9800,4.9800,3961,0
FVE.US,5,20131114,161500,4.9800,5.0000,4.9700,5.0000,3000,0
FVE.US,5,20131114,162000,5.0000,5.0100,5.0000,5.0100,1200,0
FVE.US,5,20131114,162500,5.0100,5.0300,5.0000,5.0200,2100,0
FVE.US,5,20131114,163000,5.0300,5.0300,5.0100,5.0100,2600,0
FVE.US,5,20131114,163500,5.0200,5.0200,5.0200,5.0200,1200,0
FVE.US,5,20131114,164000,5.0300,5.0500,5.0300,5.0500,2528,0
FVE.US,5,20131114,164500,5.0600,5.0600,5.0300,5.0500,2500,0
FVE.US,5,20131114,165000,5.0400,5.0400,5.0400,5.0400,900,0
FVE.US,5,20131114,165500,5.0500,5.0500,5.0400,5.0500,4300,0
FVE.US,5,20131114,170000,5.0400,5.0500,5.0200,5.0200,1500,0
FVE.US,5,20131114,170500,5.0200,5.0300,5.0200,5.0300,2100,0
FVE.US,5,20131114,171000,5.0300,5.0400,5.0200,5.0200,3100,0
FVE.US,5,20131114,171500,5.0200,5.0300,5.0200,5.0300,900,0
FVE.US,5,20131114,172000,5.0300,5.0300,5.0300,5.0300,600,0
FVE.US,5,20131114,172500,5.0300,5.0300,5.0200,5.0300,3200,0
FVE.US,5,20131114,173000,5.0300,5.0400,5.0300,5.0300,300,0
FVE.US,5,20131114,173500,5.0400,5.0400,5.0300,5.0400,500,0
FVE.US,5,20131114,174000,5.0400,5.0400,5.0400,5.0400,400,0
FVE.US,5,20131114,174500,5.0400,5.0400,5.0400,5.0400,1000,0
FVE.US,5,20131114,175000,5.0400,5.0500,5.0400,5.0500,600,0
FVE.US,5,20131114,175500,5.0500,5.0500,5.0400,5.0500,1200,0
FVE.US,5,20131114,180000,5.0400,5.0500,5.0400,5.0500,5087,0
FVE.US,5,20131114,180500,5.0500,5.0600,5.0500,5.0600,1000,0
FVE.US,5,20131114,181000,5.0600,5.0600,5.0600,5.0600,300,0
FVE.US,5,20131114,181500,5.0600,5.0600,5.0400,5.0400,3700,0
FVE.US,5,20131114,182000,5.0400,5.0400,5.0100,5.0100,2200,0
FVE.US,5,20131114,182500,5.0100,5.0100,5.0100,5.0100,100,0
FVE.US,5,20131114,183000,5.0100,5.0200,5.0100,5.0200,400,0
FVE.US,5,20131114,183500,5.0200,5.0200,5.0100,5.0200,1200,0
FVE.US,5,20131114,184000,5.0200,5.0400,5.0200,5.0400,2100,0
FVE.US,5,20131114,184500,5.0400,5.0400,5.0300,5.0300,1200,0
FVE.US,5,20131114,185000,5.0300,5.0300,5.0300,5.0300,500,0
FVE.US,5,20131114,185500,5.0300,5.0400,5.0300,5.0400,300,0
FVE.US,5,20131114,190000,5.0500,5.0600,5.0500,5.0600,1600,0
FVE.US,5,20131114,190500,5.0600,5.0600,5.0400,5.0400,3564,0
FVE.US,5,20131114,191000,5.0400,5.0400,5.0400,5.0400,100,0
FVE.US,5,20131114,191500,5.0400,5.0400,5.0400,5.0400,200,0
FVE.US,5,20131114,192000,5.0500,5.0500,5.0500,5.0500,300,0
FVE.US,5,20131114,192500,5.0500,5.0500,5.0400,5.0500,1100,0
FVE.US,5,20131114,193000,5.0500,5.0500,5.0400,5.0400,800,0
FVE.US,5,20131114,193500,5.0400,5.0500,5.0400,5.0500,400,0
FVE.US,5,20131114,194000,5.0600,5.0600,5.0500,5.0600,500,0
FVE.US,5,20131114,194500,5.0600,5.0700,5.0500,5.0500,2400,0
FVE.US,5,20131114,195000,5.0600,5.0600,5.0600,5.0600,300,0
FVE.US,5,20131114,195500,5.0500,5.0500,5.0500,5.0500,6300,0
FVE.US,5,20131114,200000,5.0500,5.0500,5.0500,5.0500,300,0
FVE.US,5,20131114,200500,5.0500,5.0500,5.0500,5.0500,500,0
FVE.US,5,20131114,201000,5.0500,5.0600,5.0500,5.0600,1900,0
FVE.US,5,20131114,201500,5.0600,5.0700,5.0500,5.0700,10176,0
FVE.US,5,20131114,202000,5.0600,5.0700,5.0500,5.0500,6100,0
FVE.US,5,20131114,202500,5.0500,5.0500,5.0500,5.0500,1600,0
FVE.US,5,20131114,203000,5.0500,5.0500,5.0500,5.0500,300,0
FVE.US,5,20131114,203500,5.0500,5.0600,5.0500,5.0500,1100,0
FVE.US,5,20131114,204000,5.0600,5.0600,5.0600,5.0600,300,0
FVE.US,5,20131114,204500,5.0600,5.0600,5.0600,5.0600,200,0
FVE.US,5,20131114,205000,5.0600,5.0600,5.0600,5.0600,100,0
FVE.US,5,20131114,205500,5.0600,5.0600,5.0600,5.0600,300,0
FVE.US,5,20131114,210000,5.0600,5.0600,5.0500,5.0500,1800,0
FVE.US,5,20131114,210500,5.0600,5.0600,5.0500,5.0500,600,0
FVE.US,5,20131114,211000,5.0500,5.0700,5.0500,5.0700,5039,0
FVE.US,5,20131114,212000,5.0700,5.0700,5.0600,5.0600,700,0
FVE.US,5,20131114,212500,5.0700,5.0700,5.0600,5.0700,1400,0
FVE.US,5,20131114,213000,5.0600,5.0800,5.0600,5.0800,1400,0
FVE.US,5,20131114,213500,5.0800,5.0800,5.0800,5.0800,400,0
FVE.US,5,20131114,214000,5.0800,5.0800,5.0700,5.0700,500,0
FVE.US,5,20131114,214500,5.0800,5.0800,5.0700,5.0800,3529,0
FVE.US,5,20131114,215000,5.0800,5.0800,5.0800,5.0800,2400,0
FVE.US,5,20131114,215500,5.0800,5.0800,5.0700,5.0700,2300,0
FVE.US,5,20131114,220000,5.0700,5.0800,5.0500,5.0500,11062,0
FVE.US,5,20131114,221000,5.0600,5.0600,5.0600,5.0600,5960,0
FVE.US,5,20131115,153500,5.0200,5.0200,5.0100,5.0200,500,0
FVE.US,5,20131115,154000,5.0400,5.0400,5.0400,5.0400,1100,0
FVE.US,5,20131115,154500,5.0300,5.0400,5.0300,5.0400,200,0
FVE.US,5,20131115,155000,5.0300,5.0500,5.0300,5.0400,800,0
FVE.US,5,20131115,155500,5.0500,5.0500,5.0500,5.0500,100,0
FVE.US,5,20131115,160000,5.0400,5.0500,5.0300,5.0400,2000,0
FVE.US,5,20131115,160500,5.0400,5.0400,5.0200,5.0200,600,0
FVE.US,5,20131115,161000,5.0300,5.0300,5.0200,5.0300,600,0
FVE.US,5,20131115,161500,5.0200,5.0500,5.0200,5.0500,4700,0
FVE.US,5,20131115,162000,5.0400,5.0500,5.0400,5.0400,900,0
FVE.US,5,20131115,162500,5.0300,5.0300,5.0300,5.0300,400,0
FVE.US,5,20131115,163000,5.0300,5.0300,5.0200,5.0200,200,0
FVE.US,5,20131115,163500,5.0300,5.0300,5.0200,5.0200,400,0
FVE.US,5,20131115,164000,5.0200,5.0200,5.0100,5.0100,3869,0
FVE.US,5,20131115,164500,5.0200,5.0200,5.0100,5.0200,1900,0
FVE.US,5,20131115,165000,5.0200,5.0300,5.0100,5.0300,2500,0
FVE.US,5,20131115,165500,5.0300,5.0300,5.0300,5.0300,1300,0
FVE.US,5,20131115,170000,5.0300,5.0300,5.0200,5.0300,300,0
FVE.US,5,20131115,170500,5.0300,5.0500,5.0300,5.0500,1300,0
FVE.US,5,20131115,171000,5.0400,5.0400,5.0400,5.0400,100,0
FVE.US,5,20131115,171500,5.0400,5.0500,5.0400,5.0500,1500,0
FVE.US,5,20131115,172000,5.0500,5.0500,5.0500,5.0500,100,0
FVE.US,5,20131115,172500,5.0500,5.0500,5.0400,5.0400,5971,0
FVE.US,5,20131115,173000,5.0400,5.0500,5.0400,5.0500,1700,0
FVE.US,5,20131115,173500,5.0400,5.0500,5.0400,5.0500,800,0
FVE.US,5,20131115,174000,5.0500,5.0500,5.0400,5.0400,1400,0
FVE.US,5,20131115,174500,5.0300,5.0400,5.0300,5.0400,300,0
FVE.US,5,20131115,175000,5.0300,5.0300,5.0300,5.0300,1000,0
FVE.US,5,20131115,175500,5.0300,5.0300,5.0300,5.0300,400,0
FVE.US,5,20131115,180000,5.0300,5.0300,5.0200,5.0300,1600,0
FVE.US,5,20131115,180500,5.0300,5.0300,5.0200,5.0200,1100,0
FVE.US,5,20131115,181000,5.0300,5.0400,5.0300,5.0400,2150,0
FVE.US,5,20131115,181500,5.0400,5.0400,5.0300,5.0300,1900,0
FVE.US,5,20131115,182000,5.0200,5.0200,5.0200,5.0200,900,0
FVE.US,5,20131115,182500,5.0100,5.0100,5.0100,5.0100,200,0
FVE.US,5,20131115,183000,5.0100,5.0100,5.0100,5.0100,100,0
FVE.US,5,20131115,183500,5.0100,5.0200,5.0100,5.0200,200,0
FVE.US,5,20131115,184000,5.0100,5.0200,5.0100,5.0200,300,0
FVE.US,5,20131115,184500,5.0100,5.0200,5.0100,5.0200,500,0
FVE.US,5,20131115,185500,5.0100,5.0100,5.0000,5.0100,2600,0
FVE.US,5,20131115,190000,5.0000,5.0000,5.0000,5.0000,1200,0
FVE.US,5,20131115,190500,5.0100,5.0100,5.0100,5.0100,1700,0
FVE.US,5,20131115,191000,5.0200,5.0200,5.0100,5.0100,1099,0
FVE.US,5,20131115,191500,5.0100,5.0100,5.0000,5.0100,5100,0
FVE.US,5,20131115,192000,5.0100,5.0100,5.0100,5.0100,1100,0
FVE.US,5,20131115,192500,5.0100,5.0200,5.0000,5.0100,2000,0
FVE.US,5,20131115,193500,5.0100,5.0100,5.0100,5.0100,500,0
FVE.US,5,20131115,194000,5.0200,5.0200,5.0200,5.0200,800,0
FVE.US,5,20131115,194500,5.0100,5.0100,5.0000,5.0100,6392,0
FVE.US,5,20131115,195000,5.0100,5.0200,5.0100,5.0200,1100,0
FVE.US,5,20131115,195500,5.0100,5.0200,5.0100,5.0200,400,0
FVE.US,5,20131115,200000,5.0100,5.0200,5.0100,5.0200,300,0
FVE.US,5,20131115,200500,5.0200,5.0200,5.0100,5.0100,300,0
FVE.US,5,20131115,201000,5.0100,5.0200,5.0100,5.0100,1765,0
FVE.US,5,20131115,201500,5.0100,5.0100,5.0100,5.0100,100,0
FVE.US,5,20131115,202000,5.0200,5.0200,5.0100,5.0100,200,0
FVE.US,5,20131115,202500,5.0100,5.0200,5.0100,5.0200,1400,0
FVE.US,5,20131115,203000,5.0200,5.0200,5.0100,5.0100,200,0
FVE.US,5,20131115,203500,5.0200,5.0200,5.0200,5.0200,100,0
FVE.US,5,20131115,204000,5.0200,5.0200,5.0100,5.0100,200,0
FVE.US,5,20131115,204500,5.0200,5.0200,5.0100,5.0100,300,0
FVE.US,5,20131115,205000,5.0100,5.0200,5.0100,5.0100,2261,0
FVE.US,5,20131115,205500,5.0100,5.0100,5.0100,5.0100,100,0
FVE.US,5,20131115,210000,5.0200,5.0200,5.0200,5.0200,100,0
FVE.US,5,20131115,210500,5.0100,5.0200,5.0100,5.0100,600,0
FVE.US,5,20131115,211000,5.0200,5.0200,5.0200,5.0200,100,0
FVE.US,5,20131115,211500,5.0200,5.0200,5.0100,5.0200,1400,0
FVE.US,5,20131115,212000,5.0200,5.0200,5.0100,5.0100,400,0
FVE.US,5,20131115,212500,5.0200,5.0200,5.0100,5.0200,1200,0
FVE.US,5,20131115,213000,5.0200,5.0200,5.0100,5.0100,300,0
FVE.US,5,20131115,213500,5.0100,5.0200,5.0100,5.0200,2300,0
FVE.US,5,20131115,214000,5.0200,5.0200,5.0100,5.0100,2270,0
FVE.US,5,20131115,214500,5.0200,5.0200,5.0100,5.0100,1100,0
FVE.US,5,20131115,215000,5.0200,5.0300,5.0200,5.0300,4399,0
FVE.US,5,20131115,215500,5.0200,5.0300,5.0200,5.0200,3400,0
FVE.US,5,20131115,220000,5.0300,5.0300,5.0200,5.0300,8725,0
FVE.US,5,20131115,221000,5.0300,5.0300,5.0300,5.0300,16470,0
FVE.US,5,20131118,154000,5.0500,5.0500,5.0500,5.0500,600,0
FVE.US,5,20131118,154500,5.0400,5.0400,5.0200,5.0200,4054,0
FVE.US,5,20131118,155000,5.0300,5.0300,4.9700,4.9900,4300,0
FVE.US,5,20131118,155500,4.9800,4.9900,4.9800,4.9900,3600,0
FVE.US,5,20131118,160000,4.9800,4.9900,4.9800,4.9900,1000,0
FVE.US,5,20131118,160500,4.9800,4.9900,4.9800,4.9900,1252,0
FVE.US,5,20131118,161000,4.9800,5.0000,4.9800,5.0000,7730,0
FVE.US,5,20131118,161500,5.0000,5.0100,5.0000,5.0100,1900,0
FVE.US,5,20131118,162000,5.0100,5.0100,5.0100,5.0100,2100,0
FVE.US,5,20131118,162500,5.0100,5.0100,5.0100,5.0100,1200,0
FVE.US,5,20131118,163000,5.0100,5.0100,5.0100,5.0100,1500,0
FVE.US,5,20131118,163500,5.0000,5.0100,5.0000,5.0100,300,0
FVE.US,5,20131118,164000,5.0000,5.0100,5.0000,5.0100,600,0
FVE.US,5,20131118,164500,5.0100,5.0100,5.0000,5.0000,2100,0
FVE.US,5,20131118,165500,5.0000,5.0100,5.0000,5.0100,1200,0
FVE.US,5,20131118,170000,5.0100,5.0100,5.0100,5.0100,100,0
FVE.US,5,20131118,170500,5.0100,5.0200,5.0100,5.0100,3100,0
FVE.US,5,20131118,171000,5.0100,5.0200,5.0100,5.0200,400,0
FVE.US,5,20131118,171500,5.0100,5.0200,5.0100,5.0200,400,0
FVE.US,5,20131118,172000,5.0200,5.0200,5.0100,5.0200,700,0
FVE.US,5,20131118,173000,5.0100,5.0100,5.0100,5.0100,300,0
FVE.US,5,20131118,174000,5.0200,5.0200,5.0100,5.0100,500,0
FVE.US,5,20131118,174500,5.0100,5.0100,5.0100,5.0100,800,0
FVE.US,5,20131118,175000,5.0200,5.0200,4.9900,4.9900,4657,0
FVE.US,5,20131118,175500,5.0000,5.0000,4.9900,4.9900,200,0
FVE.US,5,20131118,180000,5.0000,5.0000,5.0000,5.0000,200,0
FVE.US,5,20131118,181000,4.9900,4.9900,4.9900,4.9900,200,0
FVE.US,5,20131118,181500,4.9900,4.9900,4.9900,4.9900,200,0
FVE.US,5,20131118,182000,4.9900,4.9900,4.9900,4.9900,100,0
FVE.US,5,20131118,182500,5.0000,5.0000,4.9900,5.0000,23200,0
FVE.US,5,20131118,183000,5.0000,5.0000,4.9900,5.0000,400,0
FVE.US,5,20131118,183500,5.0000,5.0000,4.9900,5.0000,2000,0
FVE.US,5,20131118,184000,5.0000,5.0000,5.0000,5.0000,300,0
FVE.US,5,20131118,184500,4.9900,5.0000,4.9900,5.0000,700,0
FVE.US,5,20131118,185000,5.0000,5.0000,5.0000,5.0000,300,0
FVE.US,5,20131118,185500,5.0000,5.0000,5.0000,5.0000,100,0
FVE.US,5,20131118,191000,5.0000,5.0000,4.9900,5.0000,1800,0
FVE.US,5,20131118,191500,5.0000,5.0000,5.0000,5.0000,500,0
FVE.US,5,20131118,192000,5.0100,5.0100,5.0100,5.0100,100,0
FVE.US,5,20131118,192500,5.0100,5.0100,5.0000,5.0100,400,0
FVE.US,5,20131118,193000,5.0100,5.0100,5.0100,5.0100,100,0
FVE.US,5,20131118,193500,5.0100,5.0100,5.0000,5.0000,200,0
FVE.US,5,20131118,194000,5.0100,5.0100,5.0000,5.0000,300,0
FVE.US,5,20131118,194500,5.0100,5.0100,5.0100,5.0100,100,0
FVE.US,5,20131118,195000,5.0100,5.0100,5.0100,5.0100,100,0
FVE.US,5,20131118,195500,5.0000,5.0100,5.0000,5.0100,600,0
FVE.US,5,20131118,200000,5.0100,5.0100,5.0100,5.0100,100,0
FVE.US,5,20131118,200500,5.0000,5.0000,5.0000,5.0000,300,0
FVE.US,5,20131118,201500,5.0000,5.0100,5.0000,5.0100,500,0
FVE.US,5,20131118,202000,5.0000,5.0000,5.0000,5.0000,700,0
FVE.US,5,20131118,202500,5.0000,5.0000,5.0000,5.0000,100,0
FVE.US,5,20131118,203000,5.0000,5.0100,5.0000,5.0100,300,0
FVE.US,5,20131118,203500,5.0000,5.0000,5.0000,5.0000,300,0
FVE.US,5,20131118,204000,5.0000,5.0000,5.0000,5.0000,500,0
FVE.US,5,20131118,204500,5.0000,5.0000,4.9700,4.9800,5479,0
FVE.US,5,20131118,205000,4.9800,4.9900,4.9800,4.9800,15000,0
FVE.US,5,20131118,205500,4.9800,4.9800,4.9800,4.9800,900,0
FVE.US,5,20131118,210000,4.9700,4.9800,4.9700,4.9700,2250,0
FVE.US,5,20131118,210500,4.9700,4.9700,4.9700,4.9700,200,0
FVE.US,5,20131118,211000,4.9700,4.9700,4.9500,4.9500,2400,0
FVE.US,5,20131118,211500,4.9500,4.9500,4.9300,4.9300,3565,0
FVE.US,5,20131118,212000,4.9300,4.9400,4.9300,4.9400,2400,0
FVE.US,5,20131118,212500,4.9300,4.9300,4.9300,4.9300,1010,0
FVE.US,5,20131118,213000,4.9300,4.9300,4.9200,4.9200,1900,0
FVE.US,5,20131118,213500,4.9200,4.9200,4.9200,4.9200,300,0
FVE.US,5,20131118,214000,4.9200,4.9200,4.9200,4.9200,400,0
FVE.US,5,20131118,214500,4.9300,4.9300,4.9200,4.9200,700,0
FVE.US,5,20131118,215000,4.9200,4.9300,4.9200,4.9200,6100,0
FVE.US,5,20131118,215500,4.9200,4.9300,4.9100,4.9100,6621,0
FVE.US,5,20131118,220000,4.9000,4.9200,4.9000,4.9100,13185,0
FVE.US,5,20131118,221000,4.9100,4.9100,4.9100,4.9100,7680,0
FVE.US,5,20131119,153500,4.9200,4.9200,4.9200,4.9200,589,0
FVE.US,5,20131119,154000,4.9300,4.9300,4.9200,4.9300,1150,0
FVE.US,5,20131119,155000,4.9100,4.9100,4.9100,4.9100,1500,0
FVE.US,5,20131119,155500,4.9100,4.9600,4.9100,4.9400,1934,0
FVE.US,5,20131119,160000,4.9600,5.0000,4.9600,4.9800,5900,0
FVE.US,5,20131119,160500,5.0100,5.0700,4.9900,5.0200,37111,0
FVE.US,5,20131119,161000,5.0100,5.0100,5.0100,5.0100,800,0
FVE.US,5,20131119,161500,5.0100,5.0100,5.0000,5.0100,3000,0
FVE.US,5,20131119,162000,5.0000,5.0200,4.9700,4.9700,3400,0
FVE.US,5,20131119,162500,4.9700,4.9800,4.9600,4.9700,2300,0
FVE.US,5,20131119,163000,4.9800,4.9800,4.9800,4.9800,200,0
FVE.US,5,20131119,163500,4.9800,4.9800,4.9700,4.9700,200,0
FVE.US,5,20131119,164000,4.9800,4.9900,4.9700,4.9900,1300,0
FVE.US,5,20131119,164500,4.9700,4.9900,4.9700,4.9900,1200,0
FVE.US,5,20131119,165000,4.9900,4.9900,4.9800,4.9900,1200,0
FVE.US,5,20131119,165500,4.9800,4.9800,4.9800,4.9800,900,0
FVE.US,5,20131119,170000,4.9700,4.9800,4.9700,4.9800,400,0
FVE.US,5,20131119,170500,4.9700,4.9800,4.9700,4.9800,200,0
FVE.US,5,20131119,171000,4.9700,4.9800,4.9700,4.9800,1900,0
FVE.US,5,20131119,171500,4.9800,4.9800,4.9500,4.9500,1800,0
FVE.US,5,20131119,172000,4.9500,4.9600,4.9400,4.9400,6852,0
FVE.US,5,20131119,172500,4.9500,4.9500,4.9500,4.9500,3900,0
FVE.US,5,20131119,173000,4.9500,4.9500,4.9400,4.9500,3528,0
FVE.US,5,20131119,173500,4.9500,4.9500,4.9500,4.9500,300,0
FVE.US,5,20131119,174000,4.9500,4.9500,4.9500,4.9500,200,0
FVE.US,5,20131119,174500,4.9500,4.9500,4.9500,4.9500,100,0
FVE.US,5,20131119,175000,4.9400,4.9400,4.9400,4.9400,100,0
FVE.US,5,20131119,175500,4.9500,4.9500,4.9500,4.9500,200,0
FVE.US,5,20131119,180000,4.9500,4.9500,4.9500,4.9500,500,0
FVE.US,5,20131119,180500,4.9400,4.9500,4.9400,4.9400,1710,0
FVE.US,5,20131119,181500,4.9500,4.9500,4.9500,4.9500,100,0
FVE.US,5,20131119,182000,4.9400,4.9400,4.9300,4.9300,1636,0
FVE.US,5,20131119,182500,4.9400,4.9400,4.9300,4.9300,2000,0
FVE.US,5,20131119,183000,4.9400,4.9400,4.9300,4.9300,2800,0
FVE.US,5,20131119,184000,4.9300,4.9300,4.9300,4.9300,200,0
FVE.US,5,20131119,184500,4.9300,4.9400,4.9300,4.9300,1100,0
FVE.US,5,20131119,185000,4.9300,4.9300,4.9300,4.9300,100,0
FVE.US,5,20131119,190000,4.9300,4.9300,4.9300,4.9300,1800,0
FVE.US,5,20131119,190500,4.9300,4.9300,4.9300,4.9300,100,0
FVE.US,5,20131119,191000,4.9300,4.9300,4.9100,4.9100,2425,0
FVE.US,5,20131119,191500,4.9100,4.9200,4.9000,4.9100,1500,0
FVE.US,5,20131119,192000,4.9100,4.9200,4.9100,4.9100,496,0
FVE.US,5,20131119,192500,4.9100,4.9100,4.9100,4.9100,604,0
FVE.US,5,20131119,193000,4.9100,4.9100,4.9000,4.9100,1300,0
FVE.US,5,20131119,193500,4.9100,4.9100,4.9100,4.9100,300,0
FVE.US,5,20131119,194000,4.9100,4.9100,4.9100,4.9100,600,0
FVE.US,5,20131119,194500,4.9100,4.9100,4.9100,4.9100,600,0
FVE.US,5,20131119,195000,4.9100,4.9100,4.9100,4.9100,1690,0
FVE.US,5,20131119,195500,4.9100,4.9100,4.9000,4.9000,2301,0
FVE.US,5,20131119,200000,4.9000,4.9000,4.8900,4.8900,1000,0
FVE.US,5,20131119,200500,4.8900,4.9000,4.8900,4.9000,500,0
FVE.US,5,20131119,202000,4.9000,4.9000,4.9000,4.9000,100,0
FVE.US,5,20131119,202500,4.9000,4.9000,4.8900,4.8900,1100,0
FVE.US,5,20131119,203000,4.8900,4.8900,4.8900,4.8900,300,0
FVE.US,5,20131119,204000,4.8800,4.8900,4.8700,4.8900,1300,0
FVE.US,5,20131119,204500,4.8900,4.8900,4.8800,4.8900,1000,0
FVE.US,5,20131119,210500,4.8900,4.8900,4.8900,4.8900,100,0
FVE.US,5,20131119,211000,4.8900,4.9000,4.8900,4.8900,2899,0
FVE.US,5,20131119,211500,4.9000,4.9000,4.9000,4.9000,700,0
FVE.US,5,20131119,212000,4.9000,4.9000,4.8900,4.9000,300,0
FVE.US,5,20131119,212500,4.9000,4.9000,4.9000,4.9000,3720,0
FVE.US,5,20131119,213000,4.9000,4.9000,4.8900,4.8900,2700,0
FVE.US,5,20131119,213500,4.9000,4.9000,4.8900,4.8900,807,0
FVE.US,5,20131119,214000,4.8900,4.8900,4.8900,4.8900,200,0
FVE.US,5,20131119,214500,4.8800,4.8800,4.8800,4.8800,200,0
FVE.US,5,20131119,215000,4.8900,4.8900,4.8800,4.8900,1600,0
FVE.US,5,20131119,215500,4.8800,4.8900,4.8800,4.8800,2700,0
FVE.US,5,20131119,220000,4.8800,4.8900,4.8800,4.8800,4085,0
FVE.US,5,20131120,153500,4.9100,4.9100,4.9000,4.9000,1400,0
FVE.US,5,20131120,154000,4.9100,4.9200,4.9000,4.9000,2800,0
FVE.US,5,20131120,154500,4.8900,4.8900,4.8900,4.8900,100,0
FVE.US,5,20131120,155000,4.9100,4.9100,4.9100,4.9100,500,0
FVE.US,5,20131120,155500,4.9200,4.9200,4.9200,4.9200,160,0
FVE.US,5,20131120,160000,4.9200,4.9400,4.9100,4.9200,5400,0
FVE.US,5,20131120,160500,4.9200,4.9300,4.9100,4.9300,3200,0
FVE.US,5,20131120,161000,4.9300,4.9300,4.9200,4.9200,300,0
FVE.US,5,20131120,161500,4.9300,4.9300,4.9200,4.9200,800,0
FVE.US,5,20131120,162000,4.9300,4.9400,4.9200,4.9400,4250,0
FVE.US,5,20131120,162500,4.9400,4.9600,4.9400,4.9500,3000,0
FVE.US,5,20131120,163000,4.9500,4.9500,4.9100,4.9100,4500,0
FVE.US,5,20131120,163500,4.9200,4.9300,4.8900,4.8900,10000,0
FVE.US,5,20131120,164000,4.8900,4.8900,4.8600,4.8800,4080,0
FVE.US,5,20131120,164500,4.8900,4.8900,4.8900,4.8900,235,0
FVE.US,5,20131120,165000,4.8900,4.9000,4.8900,4.9000,610,0
FVE.US,5,20131120,165500,4.8900,4.8900,4.8900,4.8900,500,0
FVE.US,5,20131120,170000,4.9000,4.9000,4.8900,4.8900,800,0
FVE.US,5,20131120,170500,4.9000,4.9000,4.8900,4.8900,400,0
FVE.US,5,20131120,171000,4.8900,4.9100,4.8900,4.9000,2100,0
FVE.US,5,20131120,171500,4.9100,4.9100,4.9100,4.9100,100,0
FVE.US,5,20131120,172000,4.9000,4.9000,4.9000,4.9000,300,0
FVE.US,5,20131120,173000,4.9000,4.9100,4.9000,4.9000,1005,0
FVE.US,5,20131120,173500,4.9000,4.9100,4.9000,4.9100,400,0
FVE.US,5,20131120,174500,4.9100,4.9100,4.9100,4.9100,100,0
FVE.US,5,20131120,175000,4.9100,4.9100,4.9000,4.9100,2400,0
FVE.US,5,20131120,175500,4.9000,4.9100,4.9000,4.9100,200,0
FVE.US,5,20131120,180500,4.9100,4.9100,4.9000,4.9000,600,0
FVE.US,5,20131120,181000,4.9100,4.9200,4.9100,4.9100,500,0
FVE.US,5,20131120,181500,4.9100,4.9100,4.9000,4.9000,2300,0
FVE.US,5,20131120,182000,4.9100,4.9100,4.9100,4.9100,300,0
FVE.US,5,20131120,182500,4.9200,4.9300,4.9200,4.9300,700,0
FVE.US,5,20131120,183000,4.9300,4.9400,4.9200,4.9200,1300,0
FVE.US,5,20131120,183500,4.9200,4.9200,4.9100,4.9100,700,0
FVE.US,5,20131120,184000,4.9100,4.9200,4.9100,4.9200,400,0
FVE.US,5,20131120,184500,4.9100,4.9200,4.9100,4.9200,400,0
FVE.US,5,20131120,185000,4.9100,4.9100,4.9100,4.9100,100,0
FVE.US,5,20131120,185500,4.9200,4.9200,4.9200,4.9200,900,0
FVE.US,5,20131120,190000,4.9100,4.9100,4.9100,4.9100,300,0
FVE.US,5,20131120,190500,4.9200,4.9200,4.9100,4.9100,802,0
FVE.US,5,20131120,191000,4.9100,4.9100,4.9100,4.9100,100,0
FVE.US,5,20131120,191500,4.9200,4.9200,4.9200,4.9200,100,0
FVE.US,5,20131120,192000,4.9100,4.9200,4.9100,4.9100,800,0
FVE.US,5,20131120,192500,4.9100,4.9100,4.9100,4.9100,200,0
FVE.US,5,20131120,193000,4.9200,4.9200,4.9000,4.9000,11200,0
FVE.US,5,20131120,194000,4.9100,4.9200,4.9100,4.9200,800,0
FVE.US,5,20131120,194500,4.9200,4.9200,4.9100,4.9100,830,0
FVE.US,5,20131120,195000,4.9200,4.9200,4.9200,4.9200,1500,0
FVE.US,5,20131120,195500,4.9300,4.9300,4.9200,4.9200,200,0
FVE.US,5,20131120,200000,4.9200,4.9300,4.9200,4.9300,900,0
FVE.US,5,20131120,200500,4.9200,4.9400,4.9000,4.9200,3400,0
FVE.US,5,20131120,201000,4.9300,4.9300,4.9100,4.9100,400,0
FVE.US,5,20131120,201500,4.9000,4.9000,4.8900,4.8900,1300,0
FVE.US,5,20131120,202000,4.9000,4.9100,4.9000,4.9100,700,0
FVE.US,5,20131120,202500,4.9100,4.9100,4.9000,4.9100,600,0
FVE.US,5,20131120,203000,4.9100,4.9100,4.9100,4.9100,100,0
FVE.US,5,20131120,203500,4.9100,4.9100,4.9000,4.9000,1600,0
FVE.US,5,20131120,204000,4.9000,4.9100,4.9000,4.9000,700,0
FVE.US,5,20131120,204500,4.8900,4.9000,4.8900,4.9000,3200,0
FVE.US,5,20131120,205000,4.9000,4.9000,4.9000,4.9000,100,0
FVE.US,5,20131120,205500,4.9000,4.9000,4.8900,4.8900,1500,0
FVE.US,5,20131120,210000,4.8900,4.9000,4.8900,4.8900,600,0
FVE.US,5,20131120,210500,4.8900,4.8900,4.8900,4.8900,1400,0
FVE.US,5,20131120,211000,4.8900,4.8900,4.8600,4.8600,4200,0
FVE.US,5,20131120,211500,4.8600,4.8700,4.8500,4.8700,6700,0
FVE.US,5,20131120,212000,4.8800,4.8800,4.8700,4.8800,500,0
FVE.US,5,20131120,212500,4.8800,4.8900,4.8700,4.8800,900,0
FVE.US,5,20131120,213000,4.8800,4.8900,4.8800,4.8800,500,0
FVE.US,5,20131120,213500,4.8800,4.8900,4.8700,4.8900,4300,0
FVE.US,5,20131120,214000,4.8900,4.8900,4.8800,4.8800,1200,0
FVE.US,5,20131120,214500,4.8800,4.8800,4.8800,4.8800,200,0
FVE.US,5,20131120,215000,4.8900,4.8900,4.8800,4.8800,600,0
FVE.US,5,20131120,215500,4.8800,4.8800,4.8800,4.8800,800,0
FVE.US,5,20131120,220000,4.8700,4.8800,4.8700,4.8800,1405,0
FVE.US,5,20131120,221000,4.8800,4.8800,4.8800,4.8800,6713,0
FVE.US,5,20131121,153500,4.8900,4.9000,4.8900,4.9000,300,0
FVE.US,5,20131121,154000,4.8900,4.9000,4.8900,4.9000,900,0
FVE.US,5,20131121,155000,4.9000,4.9300,4.9000,4.9300,600,0
FVE.US,5,20131121,155500,4.9100,4.9100,4.9100,4.9100,100,0
FVE.US,5,20131121,160000,4.9100,4.9200,4.9100,4.9200,2300,0
FVE.US,5,20131121,160500,4.9200,4.9200,4.8900,4.8900,4200,0
FVE.US,5,20131121,161000,4.8900,4.9000,4.8900,4.9000,2200,0
FVE.US,5,20131121,161500,4.9000,4.9200,4.8900,4.8900,4400,0
FVE.US,5,20131121,162000,4.9000,4.9000,4.9000,4.9000,100,0
FVE.US,5,20131121,162500,4.8900,4.9000,4.8900,4.8900,800,0
FVE.US,5,20131121,163000,4.8900,4.9000,4.8900,4.9000,200,0
FVE.US,5,20131121,163500,4.9000,4.9000,4.8900,4.8900,4400,0
FVE.US,5,20131121,164500,4.9000,4.9000,4.8900,4.9000,3500,0
FVE.US,5,20131121,165000,4.9000,4.9000,4.9000,4.9000,200,0
FVE.US,5,20131121,165500,4.8900,4.9100,4.8900,4.9000,4534,0
FVE.US,5,20131121,170000,4.8900,4.9000,4.8900,4.9000,200,0
FVE.US,5,20131121,170500,4.8900,4.8900,4.8900,4.8900,100,0
FVE.US,5,20131121,171000,4.9000,4.9000,4.8900,4.9000,400,0
FVE.US,5,20131121,171500,4.8900,4.9000,4.8900,4.8900,300,0
FVE.US,5,20131121,172000,4.8900,4.9000,4.8800,4.8900,2225,0
FVE.US,5,20131121,172500,4.9000,4.9000,4.9000,4.9000,1706,0
FVE.US,5,20131121,173500,4.9000,4.9100,4.9000,4.9000,1000,0
FVE.US,5,20131121,174000,4.9000,4.9100,4.9000,4.9000,1900,0
FVE.US,5,20131121,174500,4.9000,4.9100,4.9000,4.9000,4000,0
FVE.US,5,20131121,175000,4.9000,4.9000,4.9000,4.9000,4486,0
FVE.US,5,20131121,175500,4.9000,4.9100,4.8900,4.8900,2300,0
FVE.US,5,20131121,180000,4.8900,4.9100,4.8900,4.9000,2900,0
FVE.US,5,20131121,180500,4.9000,4.9000,4.8900,4.8900,1900,0
FVE.US,5,20131121,181000,4.8900,4.8900,4.8800,4.8800,920,0
FVE.US,5,20131121,181500,4.8700,4.8700,4.8700,4.8700,200,0
FVE.US,5,20131121,182000,4.8700,4.8700,4.8600,4.8600,450,0
FVE.US,5,20131121,182500,4.8600,4.8700,4.8500,4.8600,699,0
FVE.US,5,20131121,183000,4.8600,4.8700,4.8600,4.8600,2700,0
FVE.US,5,20131121,183500,4.8600,4.8700,4.8600,4.8600,12700,0
FVE.US,5,20131121,184000,4.8700,4.8700,4.8600,4.8600,200,0
FVE.US,5,20131121,184500,4.8600,4.8700,4.8600,4.8600,1200,0
FVE.US,5,20131121,185000,4.8600,4.8700,4.8600,4.8700,300,0
FVE.US,5,20131121,185500,4.8600,4.8700,4.8600,4.8700,1700,0
FVE.US,5,20131121,190000,4.8600,4.8700,4.8600,4.8700,500,0
FVE.US,5,20131121,190500,4.8600,4.8700,4.8600,4.8600,1987,0
FVE.US,5,20131121,191000,4.8700,4.8700,4.8700,4.8700,100,0
FVE.US,5,20131121,191500,4.8600,4.8700,4.8600,4.8700,2500,0
FVE.US,5,20131121,192000,4.8600,4.8800,4.8600,4.8700,3500,0
FVE.US,5,20131121,192500,4.8700,4.8700,4.8700,4.8700,700,0
FVE.US,5,20131121,193000,4.8700,4.8800,4.8700,4.8700,700,0
FVE.US,5,20131121,193500,4.8700,4.8800,4.8700,4.8700,1200,0
FVE.US,5,20131121,194000,4.8700,4.8800,4.8700,4.8700,1300,0
FVE.US,5,20131121,194500,4.8700,4.8800,4.8600,4.8800,8591,0
FVE.US,5,20131121,195000,4.8700,4.8800,4.8700,4.8700,2100,0
FVE.US,5,20131121,195500,4.8700,4.8800,4.8700,4.8700,1300,0
FVE.US,5,20131121,200000,4.8700,4.8800,4.8700,4.8700,2900,0
FVE.US,5,20131121,200500,4.8800,4.8800,4.8700,4.8700,3800,0
FVE.US,5,20131121,201000,4.8700,4.8700,4.8700,4.8700,200,0
FVE.US,5,20131121,201500,4.8700,4.8700,4.8700,4.8700,200,0
FVE.US,5,20131121,202000,4.8800,4.8800,4.8800,4.8800,600,0
FVE.US,5,20131121,202500,4.8700,4.8800,4.8700,4.8800,800,0
FVE.US,5,20131121,203000,4.8800,4.8800,4.8800,4.8800,100,0
FVE.US,5,20131121,203500,4.8800,4.8800,4.8700,4.8700,800,0
FVE.US,5,20131121,204000,4.8800,4.8800,4.8700,4.8800,400,0
FVE.US,5,20131121,204500,4.8700,4.8800,4.8700,4.8800,3690,0
FVE.US,5,20131121,205000,4.8800,4.8900,4.8800,4.8800,1700,0
FVE.US,5,20131121,205500,4.8800,4.8800,4.8800,4.8800,700,0
FVE.US,5,20131121,210000,4.8800,4.8900,4.8800,4.8800,1100,0
FVE.US,5,20131121,210500,4.8800,4.8900,4.8800,4.8800,800,0
FVE.US,5,20131121,211000,4.8900,4.8900,4.8800,4.8800,1530,0
FVE.US,5,20131121,211500,4.8900,4.8900,4.8800,4.8800,400,0
FVE.US,5,20131121,212000,4.8800,4.8900,4.8800,4.8800,1000,0
FVE.US,5,20131121,212500,4.8900,4.8900,4.8800,4.8800,700,0
FVE.US,5,20131121,213000,4.8800,4.8900,4.8800,4.8900,1300,0
FVE.US,5,20131121,213500,4.8900,4.8900,4.8800,4.8900,2300,0
FVE.US,5,20131121,214000,4.8800,4.8900,4.8800,4.8800,700,0
FVE.US,5,20131121,214500,4.8800,4.8900,4.8800,4.8900,1279,0
FVE.US,5,20131121,215000,4.8900,4.8900,4.8800,4.8900,900,0
FVE.US,5,20131121,215500,4.8900,4.8900,4.8800,4.8900,700,0
FVE.US,5,20131121,220000,4.8800,4.9000,4.8800,4.8900,13049,0
FVE.US,5,20131121,221000,4.9000,4.9000,4.9000,4.9000,19653,0
FVE.US,5,20131122,153500,4.8700,4.8700,4.8600,4.8700,1100,0
FVE.US,5,20131122,154000,4.9100,4.9100,4.9100,4.9100,100,0
FVE.US,5,20131122,154500,4.9100,4.9100,4.9100,4.9100,100,0
FVE.US,5,20131122,155000,4.9200,4.9200,4.9200,4.9200,200,0
FVE.US,5,20131122,155500,4.9300,4.9400,4.9300,4.9300,400,0
FVE.US,5,20131122,160000,4.9200,4.9200,4.9200,4.9200,100,0
FVE.US,5,20131122,160500,4.9200,4.9400,4.9000,4.9000,4900,0
FVE.US,5,20131122,161000,4.9000,4.9000,4.8900,4.8900,1000,0
FVE.US,5,20131122,161500,4.8900,4.8900,4.8900,4.8900,100,0
FVE.US,5,20131122,162000,4.8900,4.8900,4.8900,4.8900,300,0
FVE.US,5,20131122,162500,4.8900,4.8900,4.8900,4.8900,200,0
FVE.US,5,20131122,163000,4.8900,4.9000,4.8900,4.9000,500,0
FVE.US,5,20131122,164000,4.8900,4.9000,4.8900,4.8900,2699,0
FVE.US,5,20131122,164500,4.9000,4.9000,4.9000,4.9000,200,0
FVE.US,5,20131122,165000,4.9100,4.9100,4.8800,4.9000,4901,0
FVE.US,5,20131122,165500,4.9100,4.9100,4.9000,4.9000,500,0
FVE.US,5,20131122,170000,4.9000,4.9000,4.9000,4.9000,100,0
FVE.US,5,20131122,170500,4.9000,4.9100,4.9000,4.9000,1700,0
FVE.US,5,20131122,171000,4.9100,4.9100,4.9000,4.9000,4400,0
FVE.US,5,20131122,171500,4.9000,4.9000,4.8900,4.9000,3200,0
FVE.US,5,20131122,173500,4.8900,4.9000,4.8900,4.9000,900,0
FVE.US,5,20131122,174500,4.9100,4.9100,4.9100,4.9100,200,0
FVE.US,5,20131122,175000,4.9100,4.9100,4.8900,4.8900,5250,0
FVE.US,5,20131122,180000,4.9000,4.9200,4.9000,4.9200,1500,0
FVE.US,5,20131122,180500,4.9100,4.9100,4.9100,4.9100,300,0
FVE.US,5,20131122,181000,4.9200,4.9200,4.9100,4.9100,3600,0
FVE.US,5,20131122,182000,4.9200,4.9200,4.9200,4.9200,200,0
FVE.US,5,20131122,182500,4.9100,4.9200,4.9100,4.9200,300,0
FVE.US,5,20131122,183000,4.9200,4.9300,4.9100,4.9300,3700,0
FVE.US,5,20131122,183500,4.9400,4.9400,4.9400,4.9400,900,0
FVE.US,5,20131122,184000,4.9300,4.9300,4.9300,4.9300,100,0
FVE.US,5,20131122,184500,4.9300,4.9300,4.9300,4.9300,100,0
FVE.US,5,20131122,185000,4.9300,4.9400,4.9300,4.9300,500,0
FVE.US,5,20131122,185500,4.9400,4.9400,4.9300,4.9300,400,0
FVE.US,5,20131122,190500,4.9300,4.9400,4.9300,4.9400,300,0
FVE.US,5,20131122,191000,4.9300,4.9400,4.8900,4.8900,3700,0
FVE.US,5,20131122,191500,4.9200,4.9200,4.9200,4.9200,700,0
FVE.US,5,20131122,192000,4.9200,4.9200,4.9200,4.9200,600,0
FVE.US,5,20131122,192500,4.9200,4.9200,4.9100,4.9200,700,0
FVE.US,5,20131122,193000,4.9200,4.9200,4.9200,4.9200,1100,0
FVE.US,5,20131122,193500,4.9200,4.9200,4.9200,4.9200,300,0
FVE.US,5,20131122,194500,4.9200,4.9200,4.9200,4.9200,100,0
FVE.US,5,20131122,195000,4.9100,4.9200,4.9000,4.9200,1600,0
FVE.US,5,20131122,195500,4.9200,4.9200,4.9200,4.9200,1700,0
FVE.US,5,20131122,200500,4.9200,4.9300,4.9200,4.9200,2400,0
FVE.US,5,20131122,201000,4.9200,4.9200,4.9100,4.9100,2400,0
FVE.US,5,20131122,201500,4.9200,4.9200,4.9100,4.9100,500,0
FVE.US,5,20131122,202000,4.9200,4.9200,4.9200,4.9200,600,0
FVE.US,5,20131122,203000,4.9300,4.9300,4.9200,4.9200,1624,0
FVE.US,5,20131122,203500,4.9200,4.9300,4.9200,4.9300,300,0
FVE.US,5,20131122,204000,4.9300,4.9300,4.9200,4.9200,1911,0
FVE.US,5,20131122,205000,4.9200,4.9200,4.9200,4.9200,100,0
FVE.US,5,20131122,205500,4.9300,4.9300,4.9200,4.9200,200,0
FVE.US,5,20131122,210000,4.9200,4.9200,4.9200,4.9200,100,0
FVE.US,5,20131122,210500,4.9300,4.9400,4.9300,4.9300,2500,0
FVE.US,5,20131122,211000,4.9300,4.9300,4.9300,4.9300,200,0
FVE.US,5,20131122,211500,4.9200,4.9200,4.9200,4.9200,1425,0
FVE.US,5,20131122,212000,4.9200,4.9200,4.9200,4.9200,800,0
FVE.US,5,20131122,212500,4.9200,4.9200,4.9200,4.9200,200,0
FVE.US,5,20131122,213000,4.9300,4.9300,4.9200,4.9200,6163,0
FVE.US,5,20131122,213500,4.9300,4.9300,4.9300,4.9300,200,0
FVE.US,5,20131122,214000,4.9300,4.9300,4.9200,4.9300,1800,0
FVE.US,5,20131122,214500,4.9200,4.9300,4.9200,4.9300,400,0
FVE.US,5,20131122,215000,4.9300,4.9400,4.9300,4.9400,2800,0
FVE.US,5,20131122,215500,4.9300,4.9400,4.9200,4.9300,3899,0
FVE.US,5,20131122,220000,4.9300,4.9300,4.8800,4.8900,27084,0
FVE.US,5,20131122,221000,4.8900,4.8900,4.8900,4.8900,9379,0
FVE.US,5,20131125,153500,4.8800,4.9700,4.8800,4.9500,3398,0
FVE.US,5,20131125,154000,4.9700,4.9700,4.9600,4.9700,900,0
FVE.US,5,20131125,154500,4.9600,4.9600,4.9500,4.9600,1000,0
FVE.US,5,20131125,155000,4.9600,4.9600,4.9600,4.9600,400,0
FVE.US,5,20131125,155500,4.9500,4.9600,4.9500,4.9600,200,0
FVE.US,5,20131125,160000,4.9600,4.9600,4.9600,4.9600,100,0
FVE.US,5,20131125,161000,4.9600,4.9600,4.9400,4.9400,5600,0
FVE.US,5,20131125,161500,4.9300,4.9400,4.9000,4.9300,7299,0
FVE.US,5,20131125,162000,4.9300,4.9300,4.9200,4.9200,300,0
FVE.US,5,20131125,162500,4.9200,4.9400,4.8700,4.8700,18820,0
FVE.US,5,20131125,163000,4.8800,4.8800,4.8800,4.8800,500,0
FVE.US,5,20131125,163500,4.8800,4.9000,4.8800,4.9000,1000,0
FVE.US,5,20131125,164000,4.9000,4.9000,4.8500,4.8500,26651,0
FVE.US,5,20131125,164500,4.8600,4.8700,4.8500,4.8600,6100,0
FVE.US,5,20131125,165000,4.8700,4.9000,4.8700,4.9000,1798,0
FVE.US,5,20131125,165500,4.9000,4.9000,4.8700,4.8700,6400,0
FVE.US,5,20131125,170000,4.8700,4.8800,4.8700,4.8800,300,0
FVE.US,5,20131125,170500,4.8700,4.8900,4.8700,4.8800,2200,0
FVE.US,5,20131125,171500,4.8800,4.8900,4.8800,4.8900,600,0
FVE.US,5,20131125,172000,4.8900,4.9000,4.8900,4.8900,2537,0
FVE.US,5,20131125,172500,4.8900,4.8900,4.8900,4.8900,200,0
FVE.US,5,20131125,173000,4.8900,4.9100,4.8900,4.9000,1900,0
FVE.US,5,20131125,173500,4.9000,4.9000,4.9000,4.9000,600,0
FVE.US,5,20131125,174000,4.9100,4.9100,4.9100,4.9100,200,0
FVE.US,5,20131125,174500,4.9100,4.9300,4.9100,4.9100,2122,0
FVE.US,5,20131125,175000,4.9100,4.9100,4.9000,4.9000,1450,0
FVE.US,5,20131125,175500,4.9100,4.9100,4.9100,4.9100,100,0
FVE.US,5,20131125,180000,4.9100,4.9200,4.9100,4.9200,1000,0
FVE.US,5,20131125,180500,4.9200,4.9300,4.9200,4.9300,300,0
FVE.US,5,20131125,181000,4.9300,4.9300,4.9300,4.9300,500,0
FVE.US,5,20131125,181500,4.9300,4.9300,4.9300,4.9300,2079,0
FVE.US,5,20131125,182000,4.9300,4.9300,4.9100,4.9100,900,0
FVE.US,5,20131125,182500,4.9200,4.9200,4.9100,4.9200,1011,0
FVE.US,5,20131125,183000,4.9100,4.9200,4.9100,4.9200,300,0
FVE.US,5,20131125,183500,4.9200,4.9300,4.9200,4.9200,1600,0
FVE.US,5,20131125,184000,4.9300,4.9300,4.9200,4.9200,300,0
FVE.US,5,20131125,184500,4.9300,4.9300,4.9300,4.9300,300,0
FVE.US,5,20131125,185000,4.9200,4.9200,4.9200,4.9200,200,0
FVE.US,5,20131125,190000,4.9300,4.9300,4.9000,4.9000,6201,0
FVE.US,5,20131125,191000,4.9200,4.9200,4.9100,4.9100,1000,0
FVE.US,5,20131125,192000,4.9100,4.9100,4.9000,4.9100,1700,0
FVE.US,5,20131125,192500,4.9100,4.9100,4.9100,4.9100,100,0
FVE.US,5,20131125,193000,4.9000,4.9000,4.9000,4.9000,100,0
FVE.US,5,20131125,193500,4.9000,4.9000,4.9000,4.9000,100,0
FVE.US,5,20131125,194000,4.9100,4.9100,4.9000,4.9100,1000,0
FVE.US,5,20131125,194500,4.9100,4.9100,4.9100,4.9100,100,0
FVE.US,5,20131125,195000,4.9000,4.9200,4.9000,4.9100,3700,0
FVE.US,5,20131125,200500,4.9100,4.9200,4.9000,4.9100,5600,0
FVE.US,5,20131125,201000,4.9100,4.9200,4.9100,4.9100,1400,0
FVE.US,5,20131125,201500,4.9200,4.9200,4.9100,4.9100,1000,0
FVE.US,5,20131125,202000,4.9100,4.9100,4.9100,4.9100,1400,0
FVE.US,5,20131125,202500,4.9100,4.9100,4.9100,4.9100,700,0
FVE.US,5,20131125,203000,4.9100,4.9100,4.9000,4.9000,1700,0
FVE.US,5,20131125,203500,4.9100,4.9200,4.9000,4.9000,1900,0
FVE.US,5,20131125,204000,4.9000,4.9000,4.9000,4.9000,200,0
FVE.US,5,20131125,204500,4.9100,4.9100,4.9100,4.9100,100,0
FVE.US,5,20131125,205000,4.9100,4.9100,4.9100,4.9100,300,0
FVE.US,5,20131125,205500,4.9000,4.9000,4.9000,4.9000,5300,0
FVE.US,5,20131125,210000,4.9100,4.9100,4.9000,4.9000,300,0
FVE.US,5,20131125,210500,4.9100,4.9100,4.9000,4.9000,200,0
FVE.US,5,20131125,211000,4.9100,4.9100,4.8900,4.8900,1600,0
FVE.US,5,20131125,211500,4.8800,4.9000,4.8800,4.8900,3599,0
FVE.US,5,20131125,212000,4.8900,4.8900,4.8800,4.8900,4900,0
FVE.US,5,20131125,212500,4.8900,4.8900,4.8900,4.8900,1000,0
FVE.US,5,20131125,213000,4.8900,4.8900,4.8800,4.8800,800,0
FVE.US,5,20131125,213500,4.8900,4.8900,4.8800,4.8800,1000,0
FVE.US,5,20131125,214000,4.8900,4.8900,4.8600,4.8700,12013,0
FVE.US,5,20131125,214500,4.8600,4.8800,4.8600,4.8800,2595,0
FVE.US,5,20131125,215000,4.8700,4.8800,4.8700,4.8800,310,0
FVE.US,5,20131125,215500,4.8800,4.8800,4.8800,4.8800,700,0
FVE.US,5,20131125,220000,4.8800,4.8900,4.8800,4.8800,4822,0
FVE.US,5,20131125,221000,4.8900,4.8900,4.8900,4.8900,6349,0
FVE.US,5,20131126,153500,4.8700,4.9100,4.8700,4.9000,2847,0
FVE.US,5,20131126,154500,4.9000,4.9000,4.8900,4.8900,700,0
FVE.US,5,20131126,155000,4.9000,4.9000,4.8700,4.8900,1800,0
FVE.US,5,20131126,155500,4.8900,4.8900,4.8900,4.8900,200,0
FVE.US,5,20131126,160000,4.8900,4.9000,4.8900,4.9000,1606,0
FVE.US,5,20131126,160500,4.8900,4.8900,4.8800,4.8800,600,0
FVE.US,5,20131126,161000,4.8800,4.8900,4.8800,4.8900,600,0
FVE.US,5,20131126,161500,4.9000,4.9000,4.8700,4.8700,1500,0
FVE.US,5,20131126,162000,4.8800,4.9000,4.8800,4.9000,1200,0
FVE.US,5,20131126,162500,4.8900,4.9000,4.8900,4.9000,200,0
FVE.US,5,20131126,163000,4.9000,4.9000,4.8900,4.9000,400,0
FVE.US,5,20131126,163500,4.9000,4.9000,4.8800,4.8900,300,0
FVE.US,5,20131126,164000,4.9000,4.9000,4.8900,4.8900,1400,0
FVE.US,5,20131126,164500,4.9000,4.9000,4.8900,4.8900,500,0
FVE.US,5,20131126,165500,4.8900,4.8900,4.8800,4.8800,900,0
FVE.US,5,20131126,170000,4.8800,4.8800,4.8700,4.8700,1919,0
FVE.US,5,20131126,170500,4.8700,4.8700,4.8500,4.8600,6500,0
FVE.US,5,20131126,171000,4.8600,4.8700,4.8600,4.8600,700,0
FVE.US,5,20131126,171500,4.8600,4.8600,4.8600,4.8600,100,0
FVE.US,5,20131126,172000,4.8700,4.8700,4.8700,4.8700,100,0
FVE.US,5,20131126,172500,4.8600,4.8700,4.8600,4.8600,6303,0
FVE.US,5,20131126,173000,4.8700,4.8700,4.8700,4.8700,100,0
FVE.US,5,20131126,173500,4.8700,4.8700,4.8600,4.8600,400,0
FVE.US,5,20131126,174000,4.8600,4.8700,4.8600,4.8700,400,0
FVE.US,5,20131126,174500,4.8700,4.8800,4.8600,4.8800,1811,0
FVE.US,5,20131126,175000,4.8800,4.8900,4.8800,4.8800,5000,0
FVE.US,5,20131126,175500,4.8900,4.8900,4.8900,4.8900,100,0
FVE.US,5,20131126,180000,4.8900,4.8900,4.8900,4.8900,800,0
FVE.US,5,20131126,180500,4.8800,4.8900,4.8800,4.8900,800,0
FVE.US,5,20131126,181000,4.8900,4.9000,4.8900,4.9000,800,0
FVE.US,5,20131126,181500,4.9000,4.9000,4.8900,4.9000,700,0
FVE.US,5,20131126,182000,4.8900,4.9000,4.8900,4.8900,1200,0
FVE.US,5,20131126,183000,4.9000,4.9000,4.8900,4.9000,800,0
FVE.US,5,20131126,183500,4.8900,4.8900,4.8900,4.8900,100,0
FVE.US,5,20131126,184000,4.9000,4.9000,4.9000,4.9000,500,0
FVE.US,5,20131126,184500,4.9000,4.9000,4.8900,4.8900,3600,0
FVE.US,5,20131126,185000,4.9000,4.9000,4.9000,4.9000,300,0
FVE.US,5,20131126,185500,4.9000,4.9000,4.9000,4.9000,914,0
FVE.US,5,20131126,190000,4.8900,4.9000,4.8900,4.8900,1100,0
FVE.US,5,20131126,190500,4.9000,4.9000,4.8900,4.9000,2900,0
FVE.US,5,20131126,191500,4.9000,4.9000,4.8900,4.8900,400,0
FVE.US,5,20131126,192000,4.9000,4.9000,4.8900,4.9000,2333,0
FVE.US,5,20131126,193000,4.9000,4.9000,4.9000,4.9000,4332,0
FVE.US,5,20131126,193500,4.8900,4.8900,4.8900,4.8900,900,0
FVE.US,5,20131126,194000,4.9000,4.9000,4.9000,4.9000,100,0
FVE.US,5,20131126,194500,4.9000,4.9000,4.8900,4.9000,2702,0
FVE.US,5,20131126,195000,4.9000,4.9000,4.9000,4.9000,200,0
FVE.US,5,20131126,195500,4.9000,4.9000,4.9000,4.9000,100,0
FVE.US,5,20131126,200000,4.9000,4.9100,4.8900,4.8900,3400,0
FVE.US,5,20131126,200500,4.9000,4.9000,4.8900,4.8900,1500,0
FVE.US,5,20131126,201000,4.8900,4.8900,4.8900,4.8900,100,0
FVE.US,5,20131126,202000,4.9000,4.9000,4.8900,4.9000,300,0
FVE.US,5,20131126,202500,4.8900,4.9000,4.8900,4.8900,900,0
FVE.US,5,20131126,203000,4.8900,4.9000,4.8900,4.9000,300,0
FVE.US,5,20131126,203500,4.9000,4.9000,4.8900,4.8900,903,0
FVE.US,5,20131126,204000,4.8900,4.9000,4.8900,4.8900,400,0
FVE.US,5,20131126,204500,4.9000,4.9000,4.9000,4.9000,200,0
FVE.US,5,20131126,205000,4.8900,4.9000,4.8900,4.8900,1700,0
FVE.US,5,20131126,205500,4.8900,4.9100,4.8900,4.8900,4785,0
FVE.US,5,20131126,210000,4.9000,4.9000,4.8900,4.8900,1000,0
FVE.US,5,20131126,210500,4.8900,4.8900,4.8900,4.8900,200,0
FVE.US,5,20131126,211000,4.9000,4.9000,4.8900,4.9000,3700,0
FVE.US,5,20131126,211500,4.9000,4.9000,4.8900,4.9000,2900,0
FVE.US,5,20131126,212000,4.8900,4.8900,4.8900,4.8900,3400,0
FVE.US,5,20131126,212500,4.8900,4.9000,4.8900,4.9000,1200,0
FVE.US,5,20131126,213000,4.8900,4.9000,4.8900,4.9000,2300,0
FVE.US,5,20131126,213500,4.9000,4.9000,4.8900,4.9000,800,0
FVE.US,5,20131126,214000,4.8900,4.9000,4.8900,4.8900,500,0
FVE.US,5,20131126,214500,4.9000,4.9000,4.8900,4.8900,2012,0
FVE.US,5,20131126,215000,4.9000,4.9100,4.8900,4.8900,13957,0
FVE.US,5,20131126,215500,4.8900,4.9000,4.8700,4.8700,8759,0
FVE.US,5,20131126,220000,4.8800,4.8900,4.8700,4.8900,8800,0
FVE.US,5,20131126,221000,4.8900,4.8900,4.8900,4.8900,37806,0
FVE.US,5,20131127,153500,4.8600,4.8600,4.8200,4.8500,2400,0
FVE.US,5,20131127,154000,4.9000,4.9100,4.8900,4.8900,1848,0
FVE.US,5,20131127,154500,4.9000,4.9000,4.9000,4.9000,100,0
FVE.US,5,20131127,155000,4.9000,4.9000,4.9000,4.9000,300,0
FVE.US,5,20131127,155500,4.9000,4.9000,4.9000,4.9000,300,0
FVE.US,5,20131127,160000,4.9000,4.9000,4.8700,4.8700,1050,0
FVE.US,5,20131127,160500,4.8700,4.8700,4.8500,4.8500,3060,0
FVE.US,5,20131127,161000,4.8500,4.8700,4.8300,4.8700,6051,0
FVE.US,5,20131127,161500,4.8700,4.8700,4.8300,4.8500,5900,0
FVE.US,5,20131127,162000,4.8500,4.8700,4.8500,4.8700,1700,0
FVE.US,5,20131127,162500,4.8700,4.8700,4.8600,4.8600,900,0
FVE.US,5,20131127,163000,4.8600,4.8700,4.8500,4.8500,1200,0
FVE.US,5,20131127,163500,4.8500,4.8600,4.8500,4.8600,200,0
FVE.US,5,20131127,164000,4.8600,4.8600,4.8500,4.8500,700,0
FVE.US,5,20131127,164500,4.8600,4.8600,4.8600,4.8600,1300,0
FVE.US,5,20131127,165000,4.8600,4.8700,4.8600,4.8700,700,0
FVE.US,5,20131127,165500,4.8600,4.8700,4.8600,4.8700,1704,0
FVE.US,5,20131127,170000,4.8600,4.8600,4.8600,4.8600,100,0
FVE.US,5,20131127,171000,4.8700,4.8700,4.8600,4.8700,500,0
FVE.US,5,20131127,171500,4.8700,4.8700,4.8600,4.8600,900,0
FVE.US,5,20131127,172000,4.8600,4.8700,4.8600,4.8600,1600,0
FVE.US,5,20131127,172500,4.8600,4.8700,4.8600,4.8600,1050,0
FVE.US,5,20131127,173000,4.8700,4.8700,4.8600,4.8600,1000,0
FVE.US,5,20131127,173500,4.8600,4.8700,4.8600,4.8700,1900,0
FVE.US,5,20131127,174000,4.8700,4.8700,4.8700,4.8700,600,0
FVE.US,5,20131127,174500,4.8700,4.8700,4.8700,4.8700,400,0
FVE.US,5,20131127,175000,4.8700,4.8800,4.8700,4.8700,9880,0
FVE.US,5,20131127,175500,4.8800,4.8800,4.8700,4.8700,200,0
FVE.US,5,20131127,180000,4.8800,4.8800,4.8800,4.8800,2100,0
FVE.US,5,20131127,180500,4.8700,4.8900,4.8700,4.8800,4700,0
FVE.US,5,20131127,181000,4.8700,4.8800,4.8700,4.8700,5300,0
FVE.US,5,20131127,182000,4.8800,4.8800,4.8700,4.8800,900,0
FVE.US,5,20131127,183000,4.8800,4.8900,4.8800,4.8800,2300,0
FVE.US,5,20131127,183500,4.8900,4.8900,4.8700,4.8800,600,0
FVE.US,5,20131127,184000,4.8800,4.8800,4.8700,4.8800,1447,0
FVE.US,5,20131127,184500,4.8900,4.8900,4.8900,4.8900,1400,0
FVE.US,5,20131127,185000,4.9000,4.9000,4.8900,4.9000,300,0
FVE.US,5,20131127,185500,4.9000,4.9000,4.8900,4.9000,1400,0
FVE.US,5,20131127,190000,4.9000,4.9000,4.8700,4.8800,9550,0
FVE.US,5,20131127,190500,4.8700,4.8800,4.8700,4.8800,1184,0
FVE.US,5,20131127,191000,4.8700,4.8800,4.8700,4.8800,600,0
FVE.US,5,20131127,191500,4.8900,4.8900,4.8900,4.8900,100,0
FVE.US,5,20131127,192500,4.8900,4.8900,4.8900,4.8900,900,0
FVE.US,5,20131127,193000,4.8900,4.9000,4.8900,4.9000,600,0
FVE.US,5,20131127,193500,4.9000,4.9000,4.9000,4.9000,300,0
FVE.US,5,20131127,194000,4.9000,4.9000,4.9000,4.9000,400,0
FVE.US,5,20131127,194500,4.9000,4.9000,4.8900,4.8900,1300,0
FVE.US,5,20131127,195000,4.9000,4.9100,4.8900,4.8900,5375,0
FVE.US,5,20131127,195500,4.8900,4.9000,4.8900,4.9000,500,0
FVE.US,5,20131127,200000,4.9000,4.9000,4.8900,4.8900,676,0
FVE.US,5,20131127,200500,4.8900,4.8900,4.8900,4.8900,200,0
FVE.US,5,20131127,201500,4.9000,4.9000,4.8900,4.8900,1500,0
FVE.US,5,20131127,202000,4.8900,4.8900,4.8900,4.8900,1000,0
FVE.US,5,20131127,202500,4.9000,4.9000,4.8900,4.8900,2100,0
FVE.US,5,20131127,203000,4.9000,4.9000,4.8900,4.8900,1300,0
FVE.US,5,20131127,203500,4.9000,4.9000,4.8900,4.9000,600,0
FVE.US,5,20131127,204000,4.9000,4.9000,4.9000,4.9000,300,0
FVE.US,5,20131127,204500,4.9000,4.9000,4.8900,4.8900,700,0
FVE.US,5,20131127,205000,4.9000,4.9000,4.8900,4.9000,2800,0
FVE.US,5,20131127,205500,4.8900,4.9000,4.8900,4.9000,1300,0
FVE.US,5,20131127,210000,4.8900,4.9000,4.8700,4.8800,5027,0
FVE.US,5,20131127,210500,4.8800,4.8800,4.8800,4.8800,100,0
FVE.US,5,20131127,211000,4.8900,4.8900,4.8800,4.8900,2229,0
FVE.US,5,20131127,211500,4.8900,4.9000,4.8900,4.8900,2500,0
FVE.US,5,20131127,212000,4.8900,4.9000,4.8800,4.8800,1200,0
FVE.US,5,20131127,212500,4.8900,4.8900,4.8900,4.8900,600,0
FVE.US,5,20131127,213000,4.8800,4.8900,4.8800,4.8900,3030,0
FVE.US,5,20131127,213500,4.8900,4.8900,4.8800,4.8900,2400,0
FVE.US,5,20131127,214000,4.8900,4.8900,4.8900,4.8900,364,0
FVE.US,5,20131127,214500,4.8900,4.9000,4.8900,4.8900,4100,0
FVE.US,5,20131127,215000,4.8900,4.9000,4.8900,4.8900,9618,0
FVE.US,5,20131127,215500,4.8900,4.9000,4.8800,4.8900,7200,0
FVE.US,5,20131127,220000,4.8900,4.8900,4.8800,4.8900,2387,0
FVE.US,5,20131127,221000,4.8900,4.8900,4.8900,4.8900,4756,0
FVE.US,5,20131129,153500,4.9100,4.9200,4.9000,4.9200,700,0
FVE.US,5,20131129,154000,4.9200,4.9200,4.9200,4.9200,100,0
FVE.US,5,20131129,154500,4.9200,4.9200,4.9200,4.9200,600,0
FVE.US,5,20131129,155000,4.9400,4.9400,4.9400,4.9400,1000,0
FVE.US,5,20131129,155500,4.9400,4.9600,4.9400,4.9600,1916,0
FVE.US,5,20131129,160000,4.9600,4.9600,4.9000,4.9300,7500,0
FVE.US,5,20131129,160500,4.9300,4.9300,4.9200,4.9200,200,0
FVE.US,5,20131129,161000,4.9300,4.9500,4.9300,4.9400,1600,0
FVE.US,5,20131129,161500,4.9300,4.9500,4.9300,4.9400,2100,0
FVE.US,5,20131129,162000,4.9500,4.9700,4.9300,4.9400,4171,0
FVE.US,5,20131129,162500,4.9400,4.9500,4.9300,4.9500,3181,0
FVE.US,5,20131129,163000,4.9500,4.9600,4.9300,4.9300,2515,0
FVE.US,5,20131129,163500,4.9400,4.9400,4.9300,4.9400,500,0
FVE.US,5,20131129,164000,4.9300,4.9300,4.9100,4.9200,3700,0
FVE.US,5,20131129,164500,4.9300,4.9300,4.9200,4.9200,500,0
FVE.US,5,20131129,165000,4.9200,4.9300,4.9200,4.9300,400,0
FVE.US,5,20131129,165500,4.9300,4.9300,4.9200,4.9200,400,0
FVE.US,5,20131129,170000,4.9200,4.9400,4.9100,4.9300,1608,0
FVE.US,5,20131129,170500,4.9400,4.9400,4.9100,4.9100,3236,0
FVE.US,5,20131129,171000,4.9100,4.9200,4.9100,4.9200,500,0
FVE.US,5,20131129,171500,4.9200,4.9200,4.9100,4.9200,700,0
FVE.US,5,20131129,172000,4.9200,4.9300,4.9200,4.9200,700,0
FVE.US,5,20131129,172500,4.9300,4.9300,4.9200,4.9200,600,0
FVE.US,5,20131129,173000,4.9200,4.9300,4.9200,4.9200,1000,0
FVE.US,5,20131129,173500,4.9300,4.9300,4.9000,4.9000,4200,0
FVE.US,5,20131129,174000,4.9100,4.9100,4.9000,4.9000,200,0
FVE.US,5,20131129,174500,4.9100,4.9100,4.9000,4.9000,1867,0
FVE.US,5,20131129,175000,4.9100,4.9100,4.9000,4.9000,600,0
FVE.US,5,20131129,175500,4.9100,4.9100,4.9000,4.9000,1700,0
FVE.US,5,20131129,180000,4.9100,4.9200,4.9100,4.9200,300,0
FVE.US,5,20131129,180500,4.9200,4.9200,4.9100,4.9200,500,0
FVE.US,5,20131129,181500,4.9100,4.9200,4.9100,4.9200,500,0
FVE.US,5,20131129,182000,4.9100,4.9100,4.9100,4.9100,500,0
FVE.US,5,20131129,182500,4.9100,4.9100,4.9100,4.9100,300,0
FVE.US,5,20131129,183500,4.9200,4.9200,4.9100,4.9200,4393,0
FVE.US,5,20131129,184000,4.9100,4.9200,4.9100,4.9200,900,0
FVE.US,5,20131129,184500,4.9100,4.9200,4.9100,4.9100,500,0
FVE.US,5,20131129,185000,4.9200,4.9400,4.9200,4.9400,2100,0
FVE.US,5,20131129,185500,4.9400,4.9400,4.9300,4.9400,900,0
FVE.US,5,20131129,190000,4.9500,4.9500,4.9200,4.9300,7464,0
FVE.US,5,20131129,191000,4.9300,4.9300,4.9300,4.9300,11233,0
FVE.US,5,20131202,153500,4.9600,4.9800,4.9300,4.9800,3100,0
FVE.US,5,20131202,154000,4.9800,4.9900,4.9500,4.9700,6000,0
FVE.US,5,20131202,154500,5.0000,5.0000,4.9400,4.9800,3750,0
FVE.US,5,20131202,155000,4.9800,4.9800,4.9400,4.9600,6344,0
FVE.US,5,20131202,155500,4.9400,4.9400,4.9300,4.9400,2111,0
FVE.US,5,20131202,160000,4.9300,4.9300,4.9100,4.9300,1698,0
FVE.US,5,20131202,160500,4.9300,4.9300,4.8900,4.8900,2440,0
FVE.US,5,20131202,161000,4.9000,4.9200,4.9000,4.9200,1700,0
FVE.US,5,20131202,161500,4.9200,4.9200,4.9100,4.9100,300,0
FVE.US,5,20131202,162000,4.9100,4.9200,4.9100,4.9100,2300,0
FVE.US,5,20131202,162500,4.9000,4.9100,4.9000,4.9100,1200,0
FVE.US,5,20131202,163000,4.9000,4.9000,4.9000,4.9000,100,0
FVE.US,5,20131202,163500,4.9000,4.9000,4.8800,4.8900,6494,0
FVE.US,5,20131202,164000,4.9000,4.9000,4.8800,4.8800,700,0
FVE.US,5,20131202,165000,4.8800,4.8900,4.8700,4.8900,1300,0
FVE.US,5,20131202,165500,4.8900,4.8900,4.8600,4.8700,3186,0
FVE.US,5,20131202,170000,4.8800,4.8800,4.8800,4.8800,800,0
FVE.US,5,20131202,170500,4.8800,4.8900,4.8800,4.8900,300,0
FVE.US,5,20131202,171000,4.8700,4.8700,4.8700,4.8700,100,0
FVE.US,5,20131202,171500,4.8800,4.8800,4.8800,4.8800,600,0
FVE.US,5,20131202,172000,4.8800,4.8800,4.8800,4.8800,200,0
FVE.US,5,20131202,172500,4.8700,4.8800,4.8700,4.8800,800,0
FVE.US,5,20131202,173000,4.8700,4.8800,4.8700,4.8700,400,0
FVE.US,5,20131202,173500,4.8800,4.8800,4.8700,4.8700,700,0
FVE.US,5,20131202,174000,4.8700,4.8800,4.8700,4.8800,400,0
FVE.US,5,20131202,174500,4.8700,4.8700,4.8600,4.8600,4100,0
FVE.US,5,20131202,175000,4.8600,4.8600,4.8600,4.8600,100,0
FVE.US,5,20131202,175500,4.8600,4.8600,4.8600,4.8600,400,0
FVE.US,5,20131202,180000,4.8700,4.8700,4.8600,4.8700,1300,0
FVE.US,5,20131202,180500,4.8600,4.8600,4.8500,4.8600,4215,0
FVE.US,5,20131202,181000,4.8600,4.8600,4.8500,4.8500,3700,0
FVE.US,5,20131202,181500,4.8600,4.8600,4.8500,4.8500,900,0
FVE.US,5,20131202,182000,4.8600,4.8600,4.8500,4.8500,300,0
FVE.US,5,20131202,182500,4.8600,4.8700,4.8500,4.8500,4500,0
FVE.US,5,20131202,183000,4.8500,4.8500,4.8500,4.8500,100,0
FVE.US,5,20131202,183500,4.8600,4.8600,4.8600,4.8600,2000,0
FVE.US,5,20131202,184000,4.8700,4.8700,4.8500,4.8500,1299,0
FVE.US,5,20131202,184500,4.8600,4.8600,4.8600,4.8600,400,0
FVE.US,5,20131202,185000,4.8700,4.8700,4.8700,4.8700,100,0
FVE.US,5,20131202,185500,4.8700,4.8800,4.8700,4.8700,9704,0
FVE.US,5,20131202,190000,4.8700,4.8800,4.8600,4.8700,5049,0
FVE.US,5,20131202,190500,4.8700,4.8800,4.8600,4.8600,2700,0
FVE.US,5,20131202,191000,4.8600,4.8600,4.8600,4.8600,100,0
FVE.US,5,20131202,191500,4.8600,4.8600,4.8500,4.8500,1000,0
FVE.US,5,20131202,192000,4.8500,4.8500,4.8400,4.8400,1702,0
FVE.US,5,20131202,192500,4.8300,4.8300,4.8300,4.8300,300,0
FVE.US,5,20131202,193000,4.8400,4.8400,4.8400,4.8400,1500,0
FVE.US,5,20131202,193500,4.8300,4.8400,4.8300,4.8400,1975,0
FVE.US,5,20131202,194000,4.8300,4.8300,4.8200,4.8300,1800,0
FVE.US,5,20131202,194500,4.8300,4.8300,4.8300,4.8300,1100,0
FVE.US,5,20131202,195000,4.8300,4.8300,4.8200,4.8300,2900,0
FVE.US,5,20131202,195500,4.8200,4.8300,4.8200,4.8200,1000,0
FVE.US,5,20131202,200000,4.8300,4.8300,4.8200,4.8200,500,0
FVE.US,5,20131202,201000,4.8300,4.8300,4.7800,4.7900,25372,0
FVE.US,5,20131202,201500,4.7900,4.8000,4.7800,4.8000,7937,0
FVE.US,5,20131202,202000,4.7900,4.8000,4.7900,4.8000,1700,0
FVE.US,5,20131202,202500,4.7900,4.8000,4.7900,4.8000,1300,0
FVE.US,5,20131202,203000,4.8000,4.8000,4.8000,4.8000,100,0
FVE.US,5,20131202,203500,4.8000,4.8100,4.7800,4.7900,6023,0
FVE.US,5,20131202,204500,4.7900,4.7900,4.7800,4.7900,1800,0
FVE.US,5,20131202,205000,4.7800,4.7900,4.7800,4.7800,1200,0
FVE.US,5,20131202,205500,4.7900,4.8000,4.7800,4.7800,2400,0
FVE.US,5,20131202,210000,4.7900,4.8000,4.7800,4.8000,13331,0
FVE.US,5,20131202,210500,4.7900,4.8100,4.7800,4.7800,7500,0
FVE.US,5,20131202,211000,4.7900,4.7900,4.7800,4.7800,600,0
FVE.US,5,20131202,211500,4.7800,4.7900,4.7800,4.7800,2100,0
FVE.US,5,20131202,212000,4.7800,4.7800,4.7800,4.7800,1000,0
FVE.US,5,20131202,212500,4.7900,4.7900,4.7800,4.7800,1500,0
FVE.US,5,20131202,213000,4.7800,4.7800,4.7600,4.7700,3400,0
FVE.US,5,20131202,213500,4.7600,4.7700,4.7600,4.7600,2200,0
FVE.US,5,20131202,214000,4.7700,4.7700,4.7600,4.7600,2050,0
FVE.US,5,20131202,214500,4.7600,4.7600,4.7200,4.7200,11914,0
FVE.US,5,20131202,215000,4.7200,4.7500,4.7200,4.7300,15597,0
FVE.US,5,20131202,215500,4.7300,4.7400,4.7100,4.7100,17210,0
FVE.US,5,20131202,220000,4.7100,4.7200,4.7000,4.7000,12044,0
FVE.US,5,20131202,221000,4.7200,4.7200,4.7200,4.7200,9187,0
FVE.US,5,20131203,153500,4.6800,4.7000,4.6500,4.6800,4100,0
FVE.US,5,20131203,154000,4.6900,4.7300,4.6900,4.7200,1500,0
FVE.US,5,20131203,154500,4.7400,4.7400,4.7400,4.7400,200,0
FVE.US,5,20131203,155000,4.7400,4.7400,4.7200,4.7200,3400,0
FVE.US,5,20131203,155500,4.7400,4.7500,4.7400,4.7400,3000,0
FVE.US,5,20131203,160000,4.7400,4.7400,4.7400,4.7400,200,0
FVE.US,5,20131203,160500,4.7400,4.7500,4.7300,4.7400,2700,0
FVE.US,5,20131203,161000,4.7400,4.7500,4.7400,4.7400,3400,0
FVE.US,5,20131203,161500,4.7500,4.7500,4.7500,4.7500,200,0
FVE.US,5,20131203,162000,4.7400,4.7400,4.7300,4.7300,400,0
FVE.US,5,20131203,162500,4.7400,4.7500,4.7400,4.7400,3500,0
FVE.US,5,20131203,163000,4.7500,4.7500,4.7200,4.7200,5198,0
FVE.US,5,20131203,163500,4.7200,4.7300,4.7200,4.7200,4800,0
FVE.US,5,20131203,164000,4.7200,4.7300,4.7200,4.7200,1100,0
FVE.US,5,20131203,164500,4.7300,4.7300,4.7200,4.7200,2300,0
FVE.US,5,20131203,165000,4.7200,4.7300,4.7200,4.7300,1000,0
FVE.US,5,20131203,165500,4.7200,4.7300,4.7200,4.7200,1100,0
FVE.US,5,20131203,170000,4.7300,4.7300,4.7200,4.7200,5660,0
FVE.US,5,20131203,170500,4.7200,4.7200,4.6900,4.6900,2696,0
FVE.US,5,20131203,171000,4.6900,4.7000,4.6800,4.6900,4259,0
FVE.US,5,20131203,171500,4.6900,4.7000,4.6900,4.6900,800,0
FVE.US,5,20131203,172000,4.6900,4.7000,4.6900,4.6900,1800,0
FVE.US,5,20131203,172500,4.6900,4.7000,4.6900,4.6900,900,0
FVE.US,5,20131203,173000,4.7000,4.7000,4.6600,4.6600,5052,0
FVE.US,5,20131203,173500,4.6600,4.6700,4.6600,4.6600,6325,0
FVE.US,5,20131203,174000,4.6600,4.6600,4.6600,4.6600,300,0
FVE.US,5,20131203,174500,4.6700,4.6700,4.6600,4.6600,1100,0
FVE.US,5,20131203,175000,4.6600,4.6700,4.6600,4.6600,3000,0
FVE.US,5,20131203,175500,4.6600,4.6600,4.6500,4.6500,2201,0
FVE.US,5,20131203,180000,4.6600,4.6600,4.6500,4.6500,2900,0
FVE.US,5,20131203,180500,4.6500,4.6500,4.6500,4.6500,600,0
FVE.US,5,20131203,181000,4.6600,4.6700,4.6600,4.6600,1300,0
FVE.US,5,20131203,181500,4.6700,4.6700,4.6600,4.6600,402,0
FVE.US,5,20131203,182000,4.6600,4.6700,4.6600,4.6600,2000,0
FVE.US,5,20131203,182500,4.6700,4.6800,4.6700,4.6800,1900,0
FVE.US,5,20131203,183000,4.6900,4.6900,4.6800,4.6800,900,0
FVE.US,5,20131203,183500,4.6800,4.6900,4.6800,4.6800,900,0
FVE.US,5,20131203,184000,4.6800,4.6900,4.6800,4.6800,1200,0
FVE.US,5,20131203,184500,4.6800,4.6900,4.6800,4.6800,1200,0
FVE.US,5,20131203,185000,4.6900,4.6900,4.6800,4.6800,300,0
FVE.US,5,20131203,185500,4.6900,4.7000,4.6800,4.6900,3300,0
FVE.US,5,20131203,190000,4.6800,4.6800,4.6800,4.6800,1000,0
FVE.US,5,20131203,190500,4.6900,4.6900,4.6800,4.6800,1300,0
FVE.US,5,20131203,191000,4.6700,4.6800,4.6600,4.6600,2500,0
FVE.US,5,20131203,191500,4.6600,4.6600,4.6500,4.6500,8500,0
FVE.US,5,20131203,192000,4.6500,4.6500,4.6500,4.6500,500,0
FVE.US,5,20131203,192500,4.6500,4.6600,4.6500,4.6500,1100,0
FVE.US,5,20131203,193000,4.6600,4.6600,4.6300,4.6300,3246,0
FVE.US,5,20131203,193500,4.6300,4.6300,4.6300,4.6300,700,0
FVE.US,5,20131203,194000,4.6300,4.6400,4.6300,4.6300,800,0
FVE.US,5,20131203,194500,4.6300,4.6300,4.6300,4.6300,900,0
FVE.US,5,20131203,195000,4.6300,4.6300,4.6200,4.6300,2700,0
FVE.US,5,20131203,195500,4.6300,4.6400,4.6300,4.6300,1800,0
FVE.US,5,20131203,200000,4.6300,4.6400,4.6300,4.6300,5450,0
FVE.US,5,20131203,200500,4.6300,4.6400,4.6300,4.6300,1300,0
FVE.US,5,20131203,201000,4.6400,4.6400,4.6300,4.6300,1100,0
FVE.US,5,20131203,201500,4.6400,4.6400,4.6200,4.6300,4801,0
FVE.US,5,20131203,202000,4.6200,4.6300,4.6200,4.6200,1125,0
FVE.US,5,20131203,202500,4.6200,4.6300,4.6200,4.6300,3200,0
FVE.US,5,20131203,203000,4.6200,4.6300,4.6200,4.6200,1700,0
FVE.US,5,20131203,203500,4.6200,4.6300,4.6200,4.6300,1300,0
FVE.US,5,20131203,204000,4.6200,4.6300,4.6200,4.6200,2900,0
FVE.US,5,20131203,204500,4.6200,4.6400,4.6200,4.6300,3000,0
FVE.US,5,20131203,205000,4.6200,4.6300,4.6200,4.6300,2800,0
FVE.US,5,20131203,205500,4.6200,4.6300,4.6200,4.6300,1600,0
FVE.US,5,20131203,210000,4.6200,4.6300,4.6000,4.6200,4895,0
FVE.US,5,20131203,210500,4.6100,4.6100,4.6000,4.6000,3205,0
FVE.US,5,20131203,211000,4.6100,4.6100,4.6000,4.6000,3100,0
FVE.US,5,20131203,211500,4.6000,4.6100,4.6000,4.6000,1500,0
FVE.US,5,20131203,212000,4.6100,4.6100,4.5900,4.5900,3740,0
FVE.US,5,20131203,212500,4.5900,4.6000,4.5900,4.5900,2500,0
FVE.US,5,20131203,213000,4.5900,4.6000,4.5900,4.5900,1800,0
FVE.US,5,20131203,213500,4.5900,4.6100,4.5900,4.6000,4740,0
FVE.US,5,20131203,214000,4.6000,4.6100,4.5900,4.5900,4612,0
FVE.US,5,20131203,214500,4.6000,4.6000,4.5800,4.5900,4300,0
FVE.US,5,20131203,215000,4.5900,4.6000,4.5900,4.5900,5420,0
FVE.US,5,20131203,215500,4.6000,4.6000,4.5900,4.6000,2250,0
FVE.US,5,20131203,220000,4.6000,4.6000,4.5700,4.5700,23929,0
FVE.US,5,20131203,221000,4.5700,4.5700,4.5700,4.5700,19139,0
FVE.US,5,20131204,153500,4.5800,4.5800,4.5800,4.5800,200,0
FVE.US,5,20131204,154000,4.5900,4.6000,4.5900,4.6000,700,0
FVE.US,5,20131204,154500,4.5900,4.5900,4.5800,4.5800,1300,0
FVE.US,5,20131204,155000,4.5800,4.5900,4.5800,4.5800,1000,0
FVE.US,5,20131204,155500,4.5800,4.5900,4.5800,4.5900,600,0
FVE.US,5,20131204,160000,4.5900,4.5900,4.5800,4.5900,500,0
FVE.US,5,20131204,160500,4.5900,4.6000,4.5800,4.5900,2700,0
FVE.US,5,20131204,161000,4.5900,4.6200,4.5900,4.6200,1300,0
FVE.US,5,20131204,161500,4.6200,4.6200,4.6200,4.6200,800,0
FVE.US,5,20131204,162000,4.6400,4.6400,4.6100,4.6200,5250,0
FVE.US,5,20131204,162500,4.6200,4.6400,4.6200,4.6400,800,0
FVE.US,5,20131204,163000,4.6400,4.6400,4.6200,4.6300,5300,0
FVE.US,5,20131204,163500,4.6300,4.6400,4.6300,4.6300,4800,0
FVE.US,5,20131204,164000,4.6300,4.6300,4.6300,4.6300,1114,0
FVE.US,5,20131204,164500,4.6300,4.6300,4.6300,4.6300,500,0
FVE.US,5,20131204,165000,4.6300,4.6400,4.6300,4.6400,800,0
FVE.US,5,20131204,165500,4.6300,4.6400,4.6200,4.6300,6315,0
FVE.US,5,20131204,170000,4.6300,4.6300,4.6300,4.6300,200,0
FVE.US,5,20131204,171000,4.6200,4.6300,4.6200,4.6300,700,0
FVE.US,5,20131204,171500,4.6300,4.6300,4.6300,4.6300,300,0
FVE.US,5,20131204,172000,4.6300,4.6300,4.6200,4.6300,4800,0
FVE.US,5,20131204,172500,4.6300,4.6300,4.6300,4.6300,400,0
FVE.US,5,20131204,173000,4.6300,4.6400,4.6300,4.6400,12500,0
FVE.US,5,20131204,173500,4.6300,4.6300,4.6300,4.6300,900,0
FVE.US,5,20131204,174000,4.6400,4.6400,4.6300,4.6300,600,0
FVE.US,5,20131204,174500,4.6300,4.6300,4.6300,4.6300,200,0
FVE.US,5,20131204,175000,4.6300,4.6300,4.6300,4.6300,500,0
FVE.US,5,20131204,175500,4.6300,4.6400,4.6300,4.6300,1000,0
FVE.US,5,20131204,180000,4.6300,4.6400,4.6300,4.6300,1800,0
FVE.US,5,20131204,180500,4.6300,4.6300,4.6200,4.6200,3400,0
FVE.US,5,20131204,181000,4.6200,4.6200,4.6200,4.6200,400,0
FVE.US,5,20131204,182000,4.6200,4.6200,4.6100,4.6200,2100,0
FVE.US,5,20131204,182500,4.6200,4.6400,4.6200,4.6300,4005,0
FVE.US,5,20131204,183000,4.6300,4.6300,4.6300,4.6300,2287,0
FVE.US,5,20131204,183500,4.6300,4.6300,4.6300,4.6300,1927,0
FVE.US,5,20131204,184000,4.6300,4.6300,4.6300,4.6300,300,0
FVE.US,5,20131204,184500,4.6300,4.6300,4.6300,4.6300,800,0
FVE.US,5,20131204,185000,4.6300,4.6300,4.6200,4.6200,4800,0
FVE.US,5,20131204,185500,4.6300,4.6300,4.6300,4.6300,100,0
FVE.US,5,20131204,190000,4.6300,4.6400,4.6200,4.6300,5474,0
FVE.US,5,20131204,190500,4.6200,4.6200,4.6200,4.6200,3400,0
FVE.US,5,20131204,191000,4.6300,4.6300,4.6300,4.6300,1000,0
FVE.US,5,20131204,191500,4.6300,4.6400,4.6200,4.6200,2500,0
FVE.US,5,20131204,192500,4.6200,4.6300,4.6200,4.6300,1400,0
FVE.US,5,20131204,193000,4.6300,4.6300,4.6200,4.6300,2600,0
FVE.US,5,20131204,193500,4.6300,4.6300,4.5800,4.5900,9265,0
FVE.US,5,20131204,194000,4.6000,4.6000,4.6000,4.6000,300,0
FVE.US,5,20131204,194500,4.6000,4.6000,4.6000,4.6000,500,0
FVE.US,5,20131204,195000,4.6000,4.6100,4.6000,4.6100,1500,0
FVE.US,5,20131204,195500,4.6100,4.6200,4.6100,4.6200,500,0
FVE.US,5,20131204,200000,4.6200,4.6200,4.6200,4.6200,100,0
FVE.US,5,20131204,200500,4.6200,4.6400,4.6200,4.6300,2200,0
FVE.US,5,20131204,201000,4.6300,4.6400,4.6200,4.6200,2400,0
FVE.US,5,20131204,201500,4.6300,4.6300,4.6300,4.6300,3100,0
FVE.US,5,20131204,202000,4.6300,4.6400,4.6300,4.6300,2500,0
FVE.US,5,20131204,202500,4.6300,4.6300,4.6300,4.6300,200,0
FVE.US,5,20131204,203000,4.6300,4.6500,4.6300,4.6400,2268,0
FVE.US,5,20131204,203500,4.6500,4.6500,4.6400,4.6500,3800,0
FVE.US,5,20131204,204000,4.6500,4.6500,4.6400,4.6500,500,0
FVE.US,5,20131204,204500,4.6500,4.6600,4.6500,4.6600,3500,0
FVE.US,5,20131204,205000,4.6600,4.6700,4.6600,4.6600,4406,0
FVE.US,5,20131204,205500,4.6600,4.6600,4.6600,4.6600,1300,0
FVE.US,5,20131204,210000,4.6600,4.6600,4.6600,4.6600,700,0
FVE.US,5,20131204,210500,4.6600,4.6600,4.6600,4.6600,900,0
FVE.US,5,20131204,211000,4.6600,4.6600,4.6600,4.6600,300,0
FVE.US,5,20131204,211500,4.6600,4.6600,4.6500,4.6600,1200,0
FVE.US,5,20131204,212000,4.6600,4.6700,4.6500,4.6500,6950,0
FVE.US,5,20131204,212500,4.6500,4.6600,4.6500,4.6500,800,0
FVE.US,5,20131204,213000,4.6500,4.6600,4.6500,4.6500,3100,0
FVE.US,5,20131204,213500,4.6600,4.6700,4.6500,4.6600,10050,0
FVE.US,5,20131204,214000,4.6600,4.6600,4.6500,4.6600,4200,0
FVE.US,5,20131204,214500,4.6600,4.6700,4.6600,4.6600,2877,0
FVE.US,5,20131204,215000,4.6600,4.6700,4.6600,4.6600,800,0
FVE.US,5,20131204,215500,4.6600,4.6700,4.6600,4.6600,3025,0
FVE.US,5,20131204,220000,4.6600,4.6700,4.6400,4.6400,4216,0
FVE.US,5,20131204,221000,4.6400,4.6400,4.6400,4.6400,14808,0
FVE.US,5,20131205,153500,4.6600,4.6600,4.6600,4.6600,2000,0
FVE.US,5,20131205,154000,4.6400,4.6400,4.6300,4.6400,700,0
FVE.US,5,20131205,154500,4.6400,4.6500,4.6300,4.6300,5700,0
FVE.US,5,20131205,155000,4.6400,4.6700,4.6400,4.6600,1300,0
FVE.US,5,20131205,155500,4.6400,4.6400,4.6400,4.6400,100,0
FVE.US,5,20131205,160000,4.6400,4.6500,4.6400,4.6400,900,0
FVE.US,5,20131205,160500,4.6400,4.6500,4.6400,4.6400,800,0
FVE.US,5,20131205,161000,4.6400,4.6400,4.6400,4.6400,769,0
FVE.US,5,20131205,161500,4.6500,4.6500,4.6400,4.6400,428,0
FVE.US,5,20131205,162000,4.6300,4.6400,4.6300,4.6400,560,0
FVE.US,5,20131205,162500,4.6400,4.6400,4.6300,4.6300,2100,0
FVE.US,5,20131205,163000,4.6300,4.6300,4.6300,4.6300,500,0
FVE.US,5,20131205,163500,4.6300,4.6300,4.6300,4.6300,300,0
FVE.US,5,20131205,164000,4.6200,4.6500,4.6200,4.6500,2678,0
FVE.US,5,20131205,164500,4.6500,4.6500,4.6400,4.6400,200,0
FVE.US,5,20131205,165000,4.6400,4.6400,4.6200,4.6300,1600,0
FVE.US,5,20131205,165500,4.6200,4.6300,4.6200,4.6200,1095,0
FVE.US,5,20131205,170000,4.6300,4.6300,4.6200,4.6200,5800,0
FVE.US,5,20131205,170500,4.6200,4.6200,4.6200,4.6200,300,0
FVE.US,5,20131205,171000,4.6100,4.6600,4.6100,4.6600,8500,0
FVE.US,5,20131205,171500,4.6500,4.6500,4.6500,4.6500,400,0
FVE.US,5,20131205,172000,4.6500,4.6600,4.6500,4.6500,4070,0
FVE.US,5,20131205,172500,4.6500,4.6500,4.6500,4.6500,500,0
FVE.US,5,20131205,173500,4.6400,4.6500,4.6400,4.6400,1900,0
FVE.US,5,20131205,174000,4.6400,4.6500,4.6400,4.6500,200,0
FVE.US,5,20131205,174500,4.6400,4.6400,4.6400,4.6400,600,0
FVE.US,5,20131205,175000,4.6500,4.6500,4.6400,4.6400,1400,0
FVE.US,5,20131205,175500,4.6400,4.6600,4.6400,4.6500,5213,0
FVE.US,5,20131205,180000,4.6500,4.6600,4.6500,4.6500,700,0
FVE.US,5,20131205,180500,4.6500,4.6500,4.6500,4.6500,700,0
FVE.US,5,20131205,181000,4.6500,4.6600,4.6500,4.6500,4236,0
FVE.US,5,20131205,181500,4.6400,4.6500,4.6400,4.6500,3255,0
FVE.US,5,20131205,182000,4.6500,4.6500,4.6500,4.6500,300,0
FVE.US,5,20131205,182500,4.6500,4.6500,4.6400,4.6500,2800,0
FVE.US,5,20131205,183000,4.6500,4.6500,4.6500,4.6500,500,0
FVE.US,5,20131205,183500,4.6600,4.6600,4.6600,4.6600,400,0
FVE.US,5,20131205,184000,4.6600,4.6600,4.6500,4.6600,406,0
FVE.US,5,20131205,184500,4.6500,4.6600,4.6500,4.6600,1700,0
FVE.US,5,20131205,185000,4.6500,4.6500,4.6500,4.6500,200,0
FVE.US,5,20131205,185500,4.6500,4.6500,4.6500,4.6500,500,0
FVE.US,5,20131205,190000,4.6500,4.6600,4.6500,4.6600,900,0
FVE.US,5,20131205,190500,4.6500,4.6600,4.6500,4.6600,400,0
FVE.US,5,20131205,191000,4.6500,4.6500,4.6500,4.6500,100,0
FVE.US,5,20131205,191500,4.6500,4.6500,4.6500,4.6500,200,0
FVE.US,5,20131205,192000,4.6500,4.6500,4.6500,4.6500,600,0
FVE.US,5,20131205,192500,4.6500,4.6500,4.6400,4.6400,1100,0
FVE.US,5,20131205,193000,4.6500,4.6500,4.6400,4.6500,23300,0
FVE.US,5,20131205,193500,4.6400,4.6400,4.6400,4.6400,2600,0
FVE.US,5,20131205,194000,4.6400,4.6500,4.6400,4.6400,1700,0
FVE.US,5,20131205,195000,4.6500,4.6500,4.6400,4.6400,1200,0
FVE.US,5,20131205,195500,4.6500,4.6500,4.6400,4.6400,2800,0
FVE.US,5,20131205,200500,4.6400,4.6500,4.6400,4.6500,750,0
FVE.US,5,20131205,201000,4.6400,4.6500,4.6400,4.6500,2304,0
FVE.US,5,20131205,201500,4.6500,4.6500,4.6500,4.6500,100,0
FVE.US,5,20131205,202000,4.6500,4.6500,4.6500,4.6500,3150,0
FVE.US,5,20131205,202500,4.6500,4.6500,4.6400,4.6400,200,0
FVE.US,5,20131205,203000,4.6500,4.6500,4.6300,4.6400,4065,0
FVE.US,5,20131205,203500,4.6300,4.6300,4.6300,4.6300,100,0
FVE.US,5,20131205,204000,4.6400,4.6400,4.6300,4.6300,500,0
FVE.US,5,20131205,204500,4.6300,4.6300,4.6300,4.6300,100,0
FVE.US,5,20131205,205500,4.6300,4.6400,4.6300,4.6400,200,0
FVE.US,5,20131205,210000,4.6400,4.6400,4.6300,4.6400,1800,0
FVE.US,5,20131205,210500,4.6300,4.6300,4.6300,4.6300,400,0
FVE.US,5,20131205,211000,4.6300,4.6400,4.6300,4.6300,400,0
FVE.US,5,20131205,211500,4.6300,4.6400,4.6300,4.6400,1800,0
FVE.US,5,20131205,212000,4.6400,4.6400,4.6300,4.6300,600,0
FVE.US,5,20131205,212500,4.6300,4.6300,4.6300,4.6300,500,0
FVE.US,5,20131205,213000,4.6300,4.6400,4.6300,4.6300,800,0
FVE.US,5,20131205,213500,4.6400,4.6400,4.6300,4.6400,6380,0
FVE.US,5,20131205,214000,4.6400,4.6500,4.6400,4.6400,4900,0
FVE.US,5,20131205,214500,4.6400,4.6500,4.6400,4.6400,3800,0
FVE.US,5,20131205,215000,4.6500,4.6500,4.6500,4.6500,800,0
FVE.US,5,20131205,215500,4.6500,4.6500,4.6500,4.6500,900,0
FVE.US,5,20131205,220000,4.6500,4.6500,4.6400,4.6500,5578,0
FVE.US,5,20131205,221000,4.6500,4.6500,4.6500,4.6500,7707,0
FVE.US,5,20131206,153500,4.6600,4.6700,4.6600,4.6700,2100,0
FVE.US,5,20131206,154000,4.6900,4.6900,4.6900,4.6900,100,0
FVE.US,5,20131206,154500,4.6900,4.7100,4.6900,4.6900,1900,0
FVE.US,5,20131206,155500,4.7000,4.7000,4.7000,4.7000,200,0
FVE.US,5,20131206,160000,4.7000,4.7100,4.6900,4.7100,3200,0
FVE.US,5,20131206,160500,4.6900,4.6900,4.6900,4.6900,100,0
FVE.US,5,20131206,162000,4.6900,4.7100,4.6900,4.7000,3500,0
FVE.US,5,20131206,162500,4.7000,4.7100,4.7000,4.7000,1600,0
FVE.US,5,20131206,163500,4.7000,4.7000,4.6800,4.6900,1000,0
FVE.US,5,20131206,164500,4.6900,4.6900,4.6900,4.6900,100,0
FVE.US,5,20131206,165000,4.6900,4.7000,4.6800,4.7000,2100,0
FVE.US,5,20131206,165500,4.7100,4.7100,4.7000,4.7000,1400,0
FVE.US,5,20131206,170000,4.7000,4.7100,4.7000,4.7000,400,0
FVE.US,5,20131206,170500,4.7000,4.7100,4.6800,4.7000,17139,0
FVE.US,5,20131206,171000,4.6900,4.7000,4.6900,4.7000,200,0
FVE.US,5,20131206,171500,4.7000,4.7000,4.6900,4.7000,1100,0
FVE.US,5,20131206,172000,4.6900,4.7000,4.6900,4.6900,400,0
FVE.US,5,20131206,172500,4.6900,4.7000,4.6900,4.7000,1600,0
FVE.US,5,20131206,173000,4.6900,4.7000,4.6900,4.7000,1600,0
FVE.US,5,20131206,173500,4.7000,4.7100,4.6900,4.7000,9260,0
FVE.US,5,20131206,174000,4.6900,4.6900,4.6900,4.6900,1300,0
FVE.US,5,20131206,174500,4.6900,4.7000,4.6900,4.6900,2934,0
FVE.US,5,20131206,175000,4.7000,4.7000,4.6900,4.6900,3100,0
FVE.US,5,20131206,175500,4.6900,4.6900,4.6900,4.6900,700,0
FVE.US,5,20131206,180000,4.6900,4.7000,4.6900,4.7000,1800,0
FVE.US,5,20131206,180500,4.7000,4.7000,4.7000,4.7000,2400,0
FVE.US,5,20131206,181000,4.7000,4.7000,4.7000,4.7000,500,0
FVE.US,5,20131206,181500,4.6900,4.7000,4.6900,4.6900,1700,0
FVE.US,5,20131206,182000,4.6900,4.6900,4.6900,4.6900,900,0
FVE.US,5,20131206,182500,4.6800,4.6800,4.6800,4.6800,600,0
FVE.US,5,20131206,183000,4.6800,4.6800,4.6800,4.6800,200,0
FVE.US,5,20131206,183500,4.6900,4.6900,4.6800,4.6800,800,0
FVE.US,5,20131206,184000,4.6800,4.6900,4.6800,4.6900,1100,0
FVE.US,5,20131206,184500,4.6900,4.7000,4.6900,4.7000,2500,0
FVE.US,5,20131206,185000,4.6900,4.7000,4.6900,4.6900,1849,0
FVE.US,5,20131206,185500,4.7000,4.7000,4.6900,4.7000,1200,0
FVE.US,5,20131206,190000,4.6900,4.6900,4.6800,4.6800,2200,0
FVE.US,5,20131206,190500,4.6800,4.6900,4.6800,4.6800,500,0
FVE.US,5,20131206,191000,4.6900,4.6900,4.6900,4.6900,1300,0
FVE.US,5,20131206,191500,4.6900,4.6900,4.6800,4.6800,300,0
FVE.US,5,20131206,192000,4.6800,4.6900,4.6800,4.6900,400,0
FVE.US,5,20131206,192500,4.6800,4.6800,4.6800,4.6800,500,0
FVE.US,5,20131206,193000,4.6800,4.6900,4.6800,4.6900,3200,0
FVE.US,5,20131206,193500,4.6900,4.6900,4.6900,4.6900,900,0
FVE.US,5,20131206,194000,4.6900,4.7000,4.6900,4.6900,2700,0
FVE.US,5,20131206,194500,4.7000,4.7000,4.6900,4.6900,3024,0
FVE.US,5,20131206,195000,4.7000,4.7000,4.6900,4.6900,1500,0
FVE.US,5,20131206,195500,4.7000,4.7000,4.6900,4.7000,1500,0
FVE.US,5,20131206,200000,4.7000,4.7000,4.7000,4.7000,500,0
FVE.US,5,20131206,200500,4.7000,4.7000,4.6900,4.6900,1300,0
FVE.US,5,20131206,201000,4.6900,4.7000,4.6900,4.6900,1200,0
FVE.US,5,20131206,201500,4.7000,4.7100,4.6900,4.7100,6300,0
FVE.US,5,20131206,202000,4.7100,4.7100,4.7000,4.7000,2800,0
FVE.US,5,20131206,202500,4.6900,4.6900,4.6900,4.6900,1100,0
FVE.US,5,20131206,203000,4.6900,4.6900,4.6900,4.6900,400,0
FVE.US,5,20131206,203500,4.6900,4.7000,4.6900,4.7000,2300,0
FVE.US,5,20131206,204000,4.6900,4.7000,4.6900,4.7000,1400,0
FVE.US,5,20131206,204500,4.6900,4.6900,4.6900,4.6900,1400,0
FVE.US,5,20131206,205000,4.6800,4.6900,4.6800,4.6800,1800,0
FVE.US,5,20131206,205500,4.6800,4.6800,4.6700,4.6700,2000,0
FVE.US,5,20131206,210000,4.6700,4.6800,4.6700,4.6700,800,0
FVE.US,5,20131206,210500,4.6700,4.6700,4.6400,4.6600,4924,0
FVE.US,5,20131206,211000,4.6500,4.6600,4.6500,4.6500,400,0
FVE.US,5,20131206,211500,4.6500,4.6500,4.6400,4.6400,900,0
FVE.US,5,20131206,212000,4.6500,4.6500,4.6500,4.6500,100,0
FVE.US,5,20131206,212500,4.6500,4.6700,4.6500,4.6700,1586,0
FVE.US,5,20131206,213000,4.6700,4.6700,4.6700,4.6700,400,0
FVE.US,5,20131206,213500,4.6700,4.6800,4.6600,4.6700,4807,0
FVE.US,5,20131206,214000,4.6600,4.6700,4.6600,4.6700,500,0
FVE.US,5,20131206,214500,4.6700,4.6700,4.6600,4.6700,7800,0
FVE.US,5,20131206,215000,4.6600,4.6700,4.6500,4.6600,4219,0
FVE.US,5,20131206,215500,4.6600,4.6700,4.6600,4.6600,4742,0
FVE.US,5,20131206,220000,4.6600,4.6700,4.6500,4.6500,6211,0
FVE.US,5,20131206,221000,4.6500,4.6500,4.6500,4.6500,7247,0
FVE.US,5,20131209,153500,4.6700,4.6700,4.6700,4.6700,13328,0
FVE.US,5,20131209,154000,4.6700,4.6900,4.6600,4.6700,1054,0
FVE.US,5,20131209,154500,4.6700,4.6800,4.6700,4.6800,200,0
FVE.US,5,20131209,155000,4.6700,4.6700,4.6700,4.6700,200,0
FVE.US,5,20131209,155500,4.6800,4.6800,4.6800,4.6800,200,0
FVE.US,5,20131209,160000,4.6800,4.6900,4.6800,4.6800,2800,0
FVE.US,5,20131209,160500,4.6800,4.6800,4.6800,4.6800,100,0
FVE.US,5,20131209,161000,4.6800,4.6800,4.6600,4.6600,3534,0
FVE.US,5,20131209,161500,4.6600,4.6700,4.6500,4.6500,14300,0
FVE.US,5,20131209,162000,4.6600,4.6600,4.6500,4.6600,800,0
FVE.US,5,20131209,162500,4.6500,4.6500,4.6500,4.6500,300,0
FVE.US,5,20131209,163000,4.6400,4.6400,4.6300,4.6300,300,0
FVE.US,5,20131209,164000,4.6400,4.6400,4.6400,4.6400,400,0
FVE.US,5,20131209,164500,4.6500,4.6500,4.6500,4.6500,6550,0
FVE.US,5,20131209,165500,4.6500,4.6500,4.6500,4.6500,300,0
FVE.US,5,20131209,170000,4.6500,4.6500,4.6400,4.6400,500,0
FVE.US,5,20131209,170500,4.6500,4.6500,4.6400,4.6400,200,0
FVE.US,5,20131209,171000,4.6400,4.6600,4.6400,4.6500,9140,0
FVE.US,5,20131209,171500,4.6500,4.6500,4.6400,4.6400,1900,0
FVE.US,5,20131209,172000,4.6500,4.6500,4.6500,4.6500,3530,0
FVE.US,5,20131209,172500,4.6500,4.6700,4.6400,4.6500,6915,0
FVE.US,5,20131209,173000,4.6500,4.6600,4.6500,4.6500,1200,0
FVE.US,5,20131209,173500,4.6600,4.6600,4.6500,4.6500,500,0
FVE.US,5,20131209,174000,4.6500,4.6600,4.6500,4.6500,1600,0
FVE.US,5,20131209,174500,4.6500,4.6600,4.6500,4.6500,1300,0
FVE.US,5,20131209,175000,4.6600,4.6600,4.6500,4.6500,3600,0
FVE.US,5,20131209,175500,4.6500,4.6600,4.6500,4.6500,1700,0
FVE.US,5,20131209,180000,4.6500,4.6600,4.6500,4.6500,1800,0
FVE.US,5,20131209,180500,4.6500,4.6600,4.6500,4.6500,1500,0
FVE.US,5,20131209,181000,4.6500,4.6600,4.6500,4.6500,3700,0
FVE.US,5,20131209,181500,4.6400,4.6400,4.6400,4.6400,300,0
FVE.US,5,20131209,182000,4.6500,4.6500,4.6500,4.6500,200,0
FVE.US,5,20131209,182500,4.6500,4.6500,4.6500,4.6500,1300,0
FVE.US,5,20131209,183000,4.6500,4.6600,4.6500,4.6600,2900,0
FVE.US,5,20131209,183500,4.6600,4.6600,4.6600,4.6600,600,0
FVE.US,5,20131209,184000,4.6700,4.6700,4.6700,4.6700,500,0
FVE.US,5,20131209,184500,4.6700,4.6800,4.6600,4.6800,2916,0
FVE.US,5,20131209,185000,4.6700,4.6800,4.6700,4.6800,900,0
FVE.US,5,20131209,185500,4.6700,4.6800,4.6700,4.6700,500,0
FVE.US,5,20131209,190000,4.6700,4.6800,4.6700,4.6800,500,0
FVE.US,5,20131209,190500,4.6800,4.6800,4.6700,4.6800,1000,0
FVE.US,5,20131209,191500,4.6700,4.6900,4.6700,4.6900,2100,0
FVE.US,5,20131209,192000,4.6900,4.6900,4.6900,4.6900,1100,0
FVE.US,5,20131209,192500,4.6900,4.6900,4.6900,4.6900,500,0
FVE.US,5,20131209,193000,4.6800,4.6900,4.6800,4.6900,400,0
FVE.US,5,20131209,193500,4.6800,4.6900,4.6800,4.6900,2583,0
FVE.US,5,20131209,194000,4.6900,4.6900,4.6900,4.6900,1983,0
FVE.US,5,20131209,194500,4.6900,4.6900,4.6900,4.6900,710,0
FVE.US,5,20131209,195000,4.6900,4.6900,4.6900,4.6900,500,0
FVE.US,5,20131209,195500,4.6900,4.6900,4.6900,4.6900,1700,0
FVE.US,5,20131209,200000,4.6900,4.7100,4.6800,4.7100,5729,0
FVE.US,5,20131209,200500,4.7100,4.7100,4.7100,4.7100,600,0
FVE.US,5,20131209,201000,4.7100,4.7100,4.7100,4.7100,2400,0
FVE.US,5,20131209,202000,4.7100,4.7100,4.7100,4.7100,400,0
FVE.US,5,20131209,202500,4.7000,4.7100,4.7000,4.7100,900,0
FVE.US,5,20131209,203000,4.7100,4.7100,4.7100,4.7100,300,0
FVE.US,5,20131209,203500,4.7100,4.7300,4.7000,4.7000,9127,0
FVE.US,5,20131209,204500,4.7100,4.7100,4.7100,4.7100,300,0
FVE.US,5,20131209,205000,4.7100,4.7100,4.7100,4.7100,7512,0
FVE.US,5,20131209,205500,4.7100,4.7200,4.7100,4.7200,6000,0
FVE.US,5,20131209,210000,4.7200,4.7200,4.7100,4.7100,720,0
FVE.US,5,20131209,210500,4.7200,4.7300,4.7100,4.7200,3000,0
FVE.US,5,20131209,211000,4.7300,4.7300,4.7200,4.7200,700,0
FVE.US,5,20131209,211500,4.7300,4.7300,4.7200,4.7200,1500,0
FVE.US,5,20131209,212000,4.7300,4.7300,4.7200,4.7200,1000,0
FVE.US,5,20131209,212500,4.7300,4.7300,4.7200,4.7200,3520,0
FVE.US,5,20131209,213000,4.7300,4.7400,4.7300,4.7400,2518,0
FVE.US,5,20131209,213500,4.7400,4.7500,4.7400,4.7400,2000,0
FVE.US,5,20131209,214000,4.7400,4.7400,4.7200,4.7200,8604,0
FVE.US,5,20131209,214500,4.7200,4.7200,4.7100,4.7100,3878,0
FVE.US,5,20131209,215000,4.7100,4.7100,4.7000,4.7100,11502,0
FVE.US,5,20131209,215500,4.7200,4.7300,4.7100,4.7100,9135,0
FVE.US,5,20131209,220000,4.7200,4.7200,4.6900,4.7000,17991,0
FVE.US,5,20131209,221000,4.6900,4.6900,4.6900,4.6900,12429,0
