<TICKER>,<PER>,<DTYYYYMMDD>,<TIME>,<OPEN>,<HIGH>,<LOW>,<CLOSE>,<VOL>,<OPENINT>
GTN_A.US,5,20131112,153500,9.2100,9.2100,9.2100,9.2100,100,0
GTN_A.US,5,20131112,175500,9.0700,9.0700,9.0700,9.0700,100,0
GTN_A.US,5,20131112,182000,8.9000,8.9000,8.9000,8.9000,100,0
GTN_A.US,5,20131112,183500,8.7900,8.8100,8.7700,8.7900,1300,0
GTN_A.US,5,20131112,200500,8.8200,8.8200,8.8200,8.8200,100,0
GTN_A.US,5,20131112,203000,8.8500,8.8700,8.6800,8.7200,2200,0
GTN_A.US,5,20131112,203500,8.8700,8.8900,8.5900,8.6800,4300,0
GTN_A.US,5,20131112,204000,8.8100,8.9900,8.8100,8.9900,500,0
GTN_A.US,5,20131112,204500,8.8200,8.8200,8.8200,8.8200,100,0
GTN_A.US,5,20131112,205000,8.8300,8.8300,8.8300,8.8300,100,0
GTN_A.US,5,20131112,205500,8.8100,8.8100,8.8000,8.8000,200,0
GTN_A.US,5,20131112,210500,8.8500,8.8500,8.8500,8.8500,100,0
GTN_A.US,5,20131112,211500,8.8300,8.8300,8.8300,8.8300,100,0
GTN_A.US,5,20131112,214000,8.8600,8.8700,8.6900,8.7100,1600,0
GTN_A.US,5,20131112,214500,8.8700,8.8700,8.6300,8.8100,1600,0
GTN_A.US,5,20131112,215500,8.7900,8.8200,8.5800,8.7700,1000,0
GTN_A.US,5,20131113,173500,8.9500,8.9500,8.9500,8.9500,700,0
GTN_A.US,5,20131113,190000,8.9400,8.9400,8.9400,8.9400,100,0
GTN_A.US,5,20131113,214500,8.9800,8.9800,8.9800,8.9800,300,0
GTN_A.US,5,20131113,215000,8.9900,9.0000,8.9900,9.0000,800,0
GTN_A.US,5,20131114,153500,9.0000,9.0000,9.0000,9.0000,200,0
GTN_A.US,5,20131114,154000,8.9700,9.0000,8.9700,9.0000,500,0
GTN_A.US,5,20131114,154500,9.1500,9.1500,9.1500,9.1500,200,0
GTN_A.US,5,20131114,170500,8.9500,8.9500,8.9500,8.9500,100,0
GTN_A.US,5,20131114,173000,8.9700,8.9700,8.9700,8.9700,100,0
GTN_A.US,5,20131114,213500,8.9700,8.9700,8.9700,8.9700,100,0
GTN_A.US,5,20131115,161000,9.0300,9.0300,9.0300,9.0300,100,0
GTN_A.US,5,20131115,205000,8.7000,8.7000,8.7000,8.7000,600,0
GTN_A.US,5,20131115,220000,8.9700,8.9700,8.8000,8.8000,200,0
GTN_A.US,5,20131118,153500,8.7700,8.7700,8.5200,8.7700,1300,0
GTN_A.US,5,20131118,160500,8.5200,8.5200,8.5200,8.5200,100,0
GTN_A.US,5,20131118,171500,8.6900,8.6900,8.6900,8.6900,1000,0
GTN_A.US,5,20131118,205500,8.6600,8.6600,8.6600,8.6600,495,0
GTN_A.US,5,20131118,210500,8.6600,8.6600,8.6600,8.6600,300,0
GTN_A.US,5,20131118,211500,8.6600,8.6600,8.6600,8.6600,400,0
GTN_A.US,5,20131118,213000,8.5400,8.5400,8.5400,8.5400,600,0
GTN_A.US,5,20131118,214000,8.5400,8.5400,8.5400,8.5400,100,0
GTN_A.US,5,20131119,171500,8.5700,8.5700,8.5700,8.5700,2100,0
GTN_A.US,5,20131119,185500,8.4300,8.4300,8.4300,8.4300,100,0
GTN_A.US,5,20131119,192500,8.2600,8.2600,8.2600,8.2600,100,0
GTN_A.US,5,20131119,214500,8.1800,8.1800,8.1800,8.1800,100,0
GTN_A.US,5,20131119,215000,8.1800,8.1800,8.1800,8.1800,100,0
GTN_A.US,5,20131120,153500,8.4500,8.6200,8.2800,8.6200,2300,0
GTN_A.US,5,20131120,154000,8.7900,8.7900,8.7900,8.7900,100,0
GTN_A.US,5,20131120,154500,9.1300,9.1300,9.1300,9.1300,100,0
GTN_A.US,5,20131120,162500,9.2300,9.2300,9.2300,9.2300,217,0
GTN_A.US,5,20131120,165000,9.4600,9.4600,9.1400,9.1400,1250,0
GTN_A.US,5,20131120,165500,9.2400,9.4400,9.2400,9.4400,1700,0
GTN_A.US,5,20131120,171500,9.4000,9.4100,9.4000,9.4100,200,0
GTN_A.US,5,20131120,172500,9.4800,9.5000,9.4700,9.5000,800,0
GTN_A.US,5,20131120,175000,9.3600,9.3600,9.3600,9.3600,344,0
GTN_A.US,5,20131120,190000,9.3700,9.3700,9.3700,9.3700,200,0
GTN_A.US,5,20131120,195000,9.3800,9.3800,9.3800,9.3800,100,0
GTN_A.US,5,20131120,205500,9.3100,9.3100,9.3100,9.3100,100,0
GTN_A.US,5,20131120,210000,9.3100,9.3100,9.3100,9.3100,200,0
GTN_A.US,5,20131120,214500,9.3700,9.3700,9.3700,9.3700,800,0
GTN_A.US,5,20131120,215000,9.3700,9.3700,9.3700,9.3700,100,0
GTN_A.US,5,20131121,153500,9.5000,9.5000,9.5000,9.5000,400,0
GTN_A.US,5,20131121,154000,9.5000,9.5000,9.4000,9.4900,600,0
GTN_A.US,5,20131121,154500,9.4900,9.4900,9.4900,9.4900,1000,0
GTN_A.US,5,20131121,155000,9.4900,9.4900,9.4900,9.4900,100,0
GTN_A.US,5,20131121,163500,9.4400,9.4400,9.4400,9.4400,100,0
GTN_A.US,5,20131121,181000,9.4400,9.4400,9.4400,9.4400,100,0
GTN_A.US,5,20131121,183000,9.4400,9.4400,9.4400,9.4400,480,0
GTN_A.US,5,20131121,194000,9.5000,9.5000,9.5000,9.5000,300,0
GTN_A.US,5,20131121,194500,9.5000,9.5000,9.5000,9.5000,500,0
GTN_A.US,5,20131121,195000,9.5000,9.5000,9.5000,9.5000,348,0
GTN_A.US,5,20131121,200000,9.5000,9.5000,9.5000,9.5000,100,0
GTN_A.US,5,20131121,203500,9.4400,9.4400,9.4400,9.4400,942,0
GTN_A.US,5,20131121,213500,9.4400,9.4400,9.4400,9.4400,1149,0
GTN_A.US,5,20131122,153500,9.2100,9.3800,9.2100,9.3800,300,0
GTN_A.US,5,20131122,154000,9.4500,9.4500,9.4500,9.4500,200,0
GTN_A.US,5,20131122,155000,9.4900,9.4900,9.4900,9.4900,988,0
GTN_A.US,5,20131122,173500,9.4600,9.4800,9.4500,9.4600,500,0
GTN_A.US,5,20131122,174000,9.4600,9.4600,9.4600,9.4600,600,0
GTN_A.US,5,20131122,182500,9.4800,9.4800,9.4800,9.4800,100,0
GTN_A.US,5,20131122,190500,9.4800,9.4800,9.4800,9.4800,900,0
GTN_A.US,5,20131122,200000,9.4700,9.4700,9.4700,9.4700,300,0
GTN_A.US,5,20131122,201000,9.4700,9.4700,9.4700,9.4700,200,0
GTN_A.US,5,20131122,210000,9.4400,9.4400,9.4400,9.4400,905,0
GTN_A.US,5,20131122,210500,9.4400,9.5000,9.4400,9.4900,3697,0
GTN_A.US,5,20131122,211500,9.4900,9.4900,9.4900,9.4900,100,0
GTN_A.US,5,20131122,212500,9.4500,9.4500,9.4500,9.4500,600,0
GTN_A.US,5,20131122,214000,9.4500,9.4500,9.4500,9.4500,600,0
GTN_A.US,5,20131122,214500,9.4500,9.4500,9.4500,9.4500,1000,0
GTN_A.US,5,20131122,220000,9.4500,9.4500,9.4500,9.4500,1500,0
GTN_A.US,5,20131125,153500,9.7100,9.7100,9.7100,9.7100,200,0
GTN_A.US,5,20131125,155000,9.7600,9.7600,9.7600,9.7600,100,0
GTN_A.US,5,20131125,160500,9.7100,9.7100,9.7100,9.7100,100,0
GTN_A.US,5,20131125,161000,9.7100,9.7100,9.7100,9.7100,900,0
GTN_A.US,5,20131125,163000,9.7300,9.7300,9.7300,9.7300,100,0
GTN_A.US,5,20131125,163500,9.7100,9.7100,9.7100,9.7100,100,0
GTN_A.US,5,20131125,165000,9.7500,9.7500,9.7500,9.7500,400,0
GTN_A.US,5,20131125,184500,9.7500,9.7500,9.7500,9.7500,100,0
GTN_A.US,5,20131125,200000,9.7500,9.7500,9.7500,9.7500,600,0
GTN_A.US,5,20131125,213500,9.7500,9.7500,9.7500,9.7500,100,0
GTN_A.US,5,20131125,220000,9.7500,9.7500,9.7500,9.7500,200,0
GTN_A.US,5,20131126,155500,9.7500,9.7500,9.7500,9.7500,100,0
GTN_A.US,5,20131126,160000,9.7500,9.7500,9.7500,9.7500,300,0
GTN_A.US,5,20131126,160500,9.7500,9.7500,9.7300,9.7500,612,0
GTN_A.US,5,20131126,164500,9.8500,9.8500,9.8500,9.8500,1000,0
GTN_A.US,5,20131126,173000,9.8700,9.8700,9.8700,9.8700,400,0
GTN_A.US,5,20131126,185500,9.8700,9.9300,9.8700,9.9300,700,0
GTN_A.US,5,20131126,190500,9.8300,9.8600,9.7500,9.7500,3417,0
GTN_A.US,5,20131126,193000,9.9200,9.9200,9.9200,9.9200,200,0
GTN_A.US,5,20131126,204500,9.9300,9.9300,9.9300,9.9300,100,0
GTN_A.US,5,20131126,212000,10.0000,10.0000,10.0000,10.0000,1000,0
GTN_A.US,5,20131126,213500,10.0900,11.1400,10.0900,10.4500,6240,0
GTN_A.US,5,20131126,214000,10.4500,10.4500,10.4500,10.4500,200,0
GTN_A.US,5,20131126,214500,10.5000,10.5000,10.4900,10.4900,200,0
GTN_A.US,5,20131126,220500,10.3200,10.3200,10.3200,10.3200,100,0
GTN_A.US,5,20131127,153500,10.3300,10.3300,10.3300,10.3300,100,0
GTN_A.US,5,20131127,160500,10.4600,10.4600,10.4600,10.4600,100,0
GTN_A.US,5,20131127,162000,10.4900,10.4900,10.4700,10.4900,800,0
GTN_A.US,5,20131127,162500,10.5000,10.5000,10.5000,10.5000,100,0
GTN_A.US,5,20131127,163000,10.5000,10.5000,10.5000,10.5000,800,0
GTN_A.US,5,20131127,164500,10.5900,10.5900,10.5700,10.5700,1000,0
GTN_A.US,5,20131127,175500,10.6800,10.6800,10.6800,10.6800,400,0
GTN_A.US,5,20131127,183000,10.7300,10.7300,10.7300,10.7300,400,0
GTN_A.US,5,20131127,184000,10.7400,10.7400,10.7300,10.7300,600,0
GTN_A.US,5,20131127,193000,10.7100,10.7100,10.7100,10.7100,100,0
GTN_A.US,5,20131127,202000,10.7200,10.7200,10.7200,10.7200,240,0
GTN_A.US,5,20131127,203000,10.7100,10.7100,10.7100,10.7100,100,0
GTN_A.US,5,20131127,210500,10.6700,10.6700,10.6700,10.6700,100,0
GTN_A.US,5,20131127,211500,10.6900,10.6900,10.6900,10.6900,1000,0
GTN_A.US,5,20131129,165000,10.6400,10.7000,10.6100,10.6100,900,0
GTN_A.US,5,20131202,163000,10.8300,10.8300,10.8300,10.8300,200,0
GTN_A.US,5,20131202,163500,10.8300,10.8300,10.8300,10.8300,700,0
GTN_A.US,5,20131202,185500,10.6800,10.6800,10.6800,10.6800,525,0
GTN_A.US,5,20131202,194500,10.6800,10.6800,10.6800,10.6800,100,0
GTN_A.US,5,20131202,200000,10.6800,10.6800,10.6800,10.6800,100,0
GTN_A.US,5,20131202,205000,10.6800,10.6800,10.6800,10.6800,100,0
GTN_A.US,5,20131202,210500,10.4400,10.4400,10.4400,10.4400,600,0
GTN_A.US,5,20131202,213500,10.4400,10.4400,10.4400,10.4400,1500,0
GTN_A.US,5,20131202,215500,10.4500,10.4500,10.4500,10.4500,200,0
GTN_A.US,5,20131203,154500,10.4400,10.4400,10.4400,10.4400,700,0
GTN_A.US,5,20131203,171500,10.0000,10.0700,10.0000,10.0700,1350,0
GTN_A.US,5,20131203,174500,10.0400,10.0400,10.0400,10.0400,1000,0
GTN_A.US,5,20131203,215000,10.0000,10.0000,10.0000,10.0000,1000,0
GTN_A.US,5,20131204,162500,10.4200,10.4400,10.4200,10.4400,700,0
GTN_A.US,5,20131205,204500,9.9900,9.9900,9.9900,9.9900,300,0
GTN_A.US,5,20131205,211000,9.7200,9.7200,9.7200,9.7200,100,0
GTN_A.US,5,20131205,220000,9.7500,9.7500,9.7500,9.7500,100,0
GTN_A.US,5,20131206,153500,9.6200,9.7500,9.6200,9.7500,577,0
GTN_A.US,5,20131206,154000,9.7900,10.0000,9.7900,10.0000,1400,0
GTN_A.US,5,20131206,154500,10.1600,10.1600,10.1600,10.1600,100,0
GTN_A.US,5,20131206,165500,10.2100,10.2200,10.2100,10.2200,700,0
GTN_A.US,5,20131206,170500,10.2200,10.2200,10.2200,10.2200,300,0
GTN_A.US,5,20131206,173500,10.3600,10.3700,10.3600,10.3700,1100,0
GTN_A.US,5,20131206,175500,10.5200,10.5200,10.5200,10.5200,100,0
GTN_A.US,5,20131206,182000,10.6800,10.6900,10.6800,10.6900,1299,0
GTN_A.US,5,20131206,184500,10.8500,10.8500,10.8500,10.8500,100,0
GTN_A.US,5,20131206,185500,10.8400,10.8500,10.8400,10.8500,1499,0
GTN_A.US,5,20131206,190000,10.8500,10.8700,10.8500,10.8700,200,0
GTN_A.US,5,20131206,190500,10.8500,10.8500,10.8500,10.8500,200,0
GTN_A.US,5,20131206,191500,10.9400,10.9400,10.9400,10.9400,100,0
GTN_A.US,5,20131206,193500,10.9900,10.9900,10.9900,10.9900,1000,0
GTN_A.US,5,20131206,194000,11.0000,11.0000,11.0000,11.0000,200,0
GTN_A.US,5,20131206,194500,11.0000,11.0000,11.0000,11.0000,100,0
GTN_A.US,5,20131206,195000,10.9800,10.9800,10.9800,10.9800,500,0
GTN_A.US,5,20131206,200500,11.0000,11.0000,11.0000,11.0000,1000,0
GTN_A.US,5,20131206,201500,11.0000,11.0000,11.0000,11.0000,100,0
GTN_A.US,5,20131206,203000,11.0300,11.0300,11.0300,11.0300,600,0
GTN_A.US,5,20131206,203500,11.0000,11.0000,11.0000,11.0000,100,0
GTN_A.US,5,20131206,204000,11.0000,11.0000,11.0000,11.0000,500,0
GTN_A.US,5,20131206,205500,11.0300,11.0300,11.0300,11.0300,300,0
GTN_A.US,5,20131206,210500,11.0300,11.0300,11.0300,11.0300,100,0
GTN_A.US,5,20131206,212000,11.0000,11.0000,11.0000,11.0000,300,0
GTN_A.US,5,20131209,163000,10.5600,10.5600,10.5600,10.5600,100,0
