<TICKER>,<PER>,<DTYYYYMMDD>,<TIME>,<OPEN>,<HIGH>,<LOW>,<CLOSE>,<VOL>,<OPENINT>
GZT.US,5,20131112,153500,13.3500,13.3500,13.3500,13.3500,100,0
GZT.US,5,20131112,155500,13.2400,13.2400,13.2400,13.2400,600,0
GZT.US,5,20131112,160500,13.2700,13.2700,13.2500,13.2500,600,0
GZT.US,5,20131112,161500,13.2300,13.2300,13.2300,13.2300,162,0
GZT.US,5,20131112,192000,13.4800,13.4800,13.4800,13.4800,520,0
GZT.US,5,20131112,195000,13.3000,13.3000,13.3000,13.3000,536,0
GZT.US,5,20131112,211500,13.3100,13.3100,13.3100,13.3100,124,0
GZT.US,5,20131112,212500,13.4700,13.4700,13.4700,13.4700,300,0
GZT.US,5,20131112,215000,13.4700,13.4700,13.4700,13.4700,100,0
GZT.US,5,20131113,153500,13.2100,13.2300,13.1100,13.2300,900,0
GZT.US,5,20131113,155000,13.2200,13.2200,13.2200,13.2200,100,0
GZT.US,5,20131113,165500,13.2200,13.2200,13.2200,13.2200,100,0
GZT.US,5,20131113,170500,13.3500,13.3500,13.3500,13.3500,902,0
GZT.US,5,20131113,184000,13.2600,13.2800,13.2600,13.2800,400,0
GZT.US,5,20131113,202000,13.2600,13.2600,13.2600,13.2600,137,0
GZT.US,5,20131113,202500,13.3500,13.3500,13.3500,13.3500,1538,0
GZT.US,5,20131113,205500,13.2600,13.2600,13.2600,13.2600,323,0
GZT.US,5,20131113,211500,13.3500,13.3500,13.3500,13.3500,100,0
GZT.US,5,20131113,215000,13.3500,13.3500,13.3500,13.3500,157,0
GZT.US,5,20131113,215500,13.2900,13.3500,13.2900,13.3400,900,0
GZT.US,5,20131113,221000,13.4700,13.4700,13.4700,13.4700,200,0
GZT.US,5,20131114,153500,13.4600,13.4600,13.4600,13.4600,136,0
GZT.US,5,20131114,154500,13.3600,13.3600,13.3600,13.3600,100,0
GZT.US,5,20131114,165000,13.2900,13.2900,13.2900,13.2900,1200,0
GZT.US,5,20131114,171500,13.2900,13.3000,13.2900,13.3000,634,0
GZT.US,5,20131114,184000,13.2900,13.2900,13.2900,13.2900,2000,0
GZT.US,5,20131114,192500,13.3400,13.4200,13.3400,13.4200,667,0
GZT.US,5,20131114,193000,13.4300,13.4300,13.4200,13.4200,400,0
GZT.US,5,20131114,204500,13.5500,13.5500,13.3600,13.3600,700,0
GZT.US,5,20131114,212500,13.3600,13.3600,13.3600,13.3600,392,0
GZT.US,5,20131114,214500,13.4100,13.4100,13.4100,13.4100,100,0
GZT.US,5,20131114,215500,13.5100,13.5100,13.5100,13.5100,100,0
GZT.US,5,20131115,184000,13.5300,13.5300,13.5300,13.5300,100,0
GZT.US,5,20131115,184500,13.4400,13.4400,13.3600,13.3600,1000,0
GZT.US,5,20131115,185000,13.4100,13.5500,13.4100,13.4900,1600,0
GZT.US,5,20131115,185500,13.4800,13.5400,13.4300,13.4300,600,0
GZT.US,5,20131115,192000,13.4000,13.4600,13.4000,13.4600,700,0
GZT.US,5,20131115,195000,13.4400,13.4400,13.4300,13.4300,200,0
GZT.US,5,20131115,200000,13.3800,13.3800,13.3800,13.3800,300,0
GZT.US,5,20131115,212500,13.4400,13.4400,13.4400,13.4400,100,0
GZT.US,5,20131115,213000,13.5300,13.5300,13.5300,13.5300,230,0
GZT.US,5,20131115,213500,13.3900,13.3900,13.3900,13.3900,100,0
GZT.US,5,20131118,153500,13.4400,13.4400,13.4400,13.4400,100,0
GZT.US,5,20131118,195000,13.3500,13.3500,13.3500,13.3500,127,0
GZT.US,5,20131118,202500,13.5300,13.5300,13.5100,13.5100,700,0
GZT.US,5,20131118,203000,13.5300,13.5300,13.5300,13.5300,425,0
GZT.US,5,20131118,205500,13.5300,13.5300,13.5300,13.5300,108,0
GZT.US,5,20131118,210500,13.5300,13.5300,13.5300,13.5300,141,0
GZT.US,5,20131118,211000,13.5300,13.5300,13.5300,13.5300,300,0
GZT.US,5,20131119,161500,13.4800,13.4800,13.4800,13.4800,100,0
GZT.US,5,20131119,162500,13.3600,13.3600,13.3600,13.3600,200,0
GZT.US,5,20131119,175500,13.4600,13.4600,13.4600,13.4600,685,0
GZT.US,5,20131119,185000,13.4800,13.4800,13.4800,13.4800,235,0
GZT.US,5,20131119,195500,13.2800,13.2900,13.2800,13.2900,214,0
GZT.US,5,20131119,201500,13.4800,13.4800,13.4800,13.4800,244,0
GZT.US,5,20131119,210500,13.4800,13.4800,13.4800,13.4800,326,0
GZT.US,5,20131119,214000,13.3000,13.3000,13.3000,13.3000,100,0
GZT.US,5,20131119,214500,13.4600,13.4600,13.3600,13.3600,400,0
GZT.US,5,20131119,215500,13.4600,13.4600,13.4600,13.4600,100,0
GZT.US,5,20131119,220000,13.4300,13.4400,13.3400,13.4400,1120,0
GZT.US,5,20131119,220500,13.4500,13.4500,13.4500,13.4500,683,0
GZT.US,5,20131120,153500,13.2800,13.3200,13.1700,13.1700,1200,0
GZT.US,5,20131120,165500,13.2000,13.2000,13.1000,13.1000,200,0
GZT.US,5,20131120,170500,13.1000,13.1000,13.1000,13.1000,500,0
GZT.US,5,20131120,181000,13.1200,13.1200,13.1200,13.1200,100,0
GZT.US,5,20131120,184000,13.1800,13.1800,13.1800,13.1800,200,0
GZT.US,5,20131120,192500,13.1300,13.1300,13.1300,13.1300,114,0
GZT.US,5,20131120,194500,13.1300,13.1300,13.1300,13.1300,577,0
GZT.US,5,20131120,195500,13.1900,13.1900,13.1900,13.1900,100,0
GZT.US,5,20131120,201500,13.1300,13.1300,13.1300,13.1300,500,0
GZT.US,5,20131120,203000,13.1200,13.1200,13.1200,13.1200,100,0
GZT.US,5,20131120,204500,13.2400,13.2400,13.2400,13.2400,115,0
GZT.US,5,20131120,210500,13.1000,13.1000,13.1000,13.1000,300,0
GZT.US,5,20131120,212500,13.1100,13.1200,13.1000,13.1000,2063,0
GZT.US,5,20131120,213500,13.0000,13.0500,13.0000,13.0500,300,0
GZT.US,5,20131120,215000,13.0200,13.0200,12.9700,12.9700,600,0
GZT.US,5,20131120,220000,12.9900,12.9900,12.9300,12.9300,500,0
GZT.US,5,20131121,155000,12.9400,12.9400,12.9400,12.9400,100,0
GZT.US,5,20131121,160000,12.8400,12.8800,12.8400,12.8800,295,0
GZT.US,5,20131121,160500,12.8400,12.8400,12.8400,12.8400,100,0
GZT.US,5,20131121,161500,12.8500,12.8600,12.8400,12.8600,550,0
GZT.US,5,20131121,201000,12.9500,12.9500,12.9500,12.9500,125,0
GZT.US,5,20131121,211000,12.9500,12.9500,12.9400,12.9400,400,0
GZT.US,5,20131121,215500,12.9200,12.9200,12.9200,12.9200,300,0
GZT.US,5,20131121,220000,12.8800,12.8800,12.8800,12.8800,200,0
GZT.US,5,20131122,154500,13.0000,13.0000,13.0000,13.0000,500,0
GZT.US,5,20131122,174000,13.0000,13.0000,13.0000,13.0000,137,0
GZT.US,5,20131122,182500,12.9400,12.9700,12.9400,12.9400,900,0
GZT.US,5,20131122,183000,12.9600,13.0000,12.9600,12.9800,1300,0
GZT.US,5,20131122,183500,12.9700,12.9700,12.9700,12.9700,326,0
GZT.US,5,20131122,201500,13.0900,13.0900,13.0900,13.0900,166,0
GZT.US,5,20131122,205500,12.9100,13.0900,12.9100,13.0900,528,0
GZT.US,5,20131125,153500,13.0000,13.1000,13.0000,13.1000,416,0
GZT.US,5,20131125,154000,13.1200,13.1200,13.1200,13.1200,100,0
GZT.US,5,20131125,155000,13.1800,13.1900,13.1400,13.1900,450,0
GZT.US,5,20131125,162000,13.1400,13.2100,13.1400,13.2100,400,0
GZT.US,5,20131125,184000,13.2100,13.2100,13.2100,13.2100,570,0
GZT.US,5,20131125,195000,13.2400,13.2400,13.2400,13.2400,180,0
GZT.US,5,20131125,205500,13.2400,13.2400,13.2400,13.2400,140,0
GZT.US,5,20131125,211000,13.2500,13.2500,13.2500,13.2500,400,0
GZT.US,5,20131126,162500,13.3200,13.3200,13.3200,13.3200,1000,0
GZT.US,5,20131126,165500,13.2600,13.2600,13.2600,13.2600,500,0
GZT.US,5,20131126,174500,13.3400,13.3400,13.3400,13.3400,100,0
GZT.US,5,20131126,175500,13.2500,13.2500,13.2500,13.2500,500,0
GZT.US,5,20131126,180000,13.2500,13.2500,13.2500,13.2500,100,0
GZT.US,5,20131126,183000,13.2500,13.2500,13.2500,13.2500,400,0
GZT.US,5,20131126,184000,13.2800,13.3400,13.2600,13.3100,2900,0
GZT.US,5,20131126,184500,13.3000,13.3600,13.2900,13.3000,2300,0
GZT.US,5,20131126,185000,13.4000,13.4100,13.3500,13.4000,800,0
GZT.US,5,20131126,190000,13.3600,13.3600,13.3600,13.3600,300,0
GZT.US,5,20131126,190500,13.3900,13.3900,13.3300,13.3700,903,0
GZT.US,5,20131126,192000,13.2600,13.2600,13.2600,13.2600,103,0
GZT.US,5,20131126,195000,13.3000,13.3000,13.3000,13.3000,500,0
GZT.US,5,20131126,200000,13.3000,13.3000,13.3000,13.3000,700,0
GZT.US,5,20131126,202000,13.4700,13.4700,13.4700,13.4700,114,0
GZT.US,5,20131126,212000,13.3100,13.3100,13.3000,13.3000,1100,0
GZT.US,5,20131126,212500,13.4000,13.4000,13.4000,13.4000,600,0
GZT.US,5,20131126,213500,13.5100,13.5100,13.4900,13.4900,200,0
GZT.US,5,20131126,215000,13.3300,13.4200,13.3200,13.3200,656,0
GZT.US,5,20131126,215500,13.4300,13.5000,13.4300,13.4400,500,0
GZT.US,5,20131127,153500,13.2700,13.2700,13.2700,13.2700,1000,0
GZT.US,5,20131127,202000,13.4700,13.4700,13.4700,13.4700,403,0
GZT.US,5,20131127,212000,13.3100,13.4600,13.3100,13.4600,402,0
GZT.US,5,20131129,161500,13.3100,13.4100,13.3100,13.4000,500,0
GZT.US,5,20131129,170000,13.3200,13.3200,13.3200,13.3200,100,0
GZT.US,5,20131129,173000,13.2500,13.2500,13.2500,13.2500,100,0
GZT.US,5,20131129,180000,13.2700,13.2700,13.2600,13.2600,200,0
GZT.US,5,20131129,181500,13.3900,13.3900,13.3800,13.3800,288,0
GZT.US,5,20131129,183000,13.3900,13.3900,13.3900,13.3900,771,0
GZT.US,5,20131129,183500,13.3800,13.3800,13.3800,13.3800,100,0
GZT.US,5,20131129,184000,13.3500,13.3500,13.3500,13.3500,147,0
GZT.US,5,20131129,185500,13.3500,13.3500,13.3500,13.3500,300,0
GZT.US,5,20131202,153500,13.5000,13.5000,13.5000,13.5000,200,0
GZT.US,5,20131202,154000,13.4500,13.4500,13.4500,13.4500,1243,0
GZT.US,5,20131202,154500,13.4900,13.4900,13.4900,13.4900,298,0
GZT.US,5,20131202,160000,13.4800,13.4800,13.4800,13.4800,100,0
GZT.US,5,20131202,160500,13.5100,13.5100,13.5100,13.5100,800,0
GZT.US,5,20131202,203000,13.5900,13.5900,13.5900,13.5900,285,0
GZT.US,5,20131202,205500,13.5900,13.5900,13.5900,13.5900,628,0
GZT.US,5,20131202,212500,13.5900,13.5900,13.5900,13.5900,300,0
GZT.US,5,20131202,214500,13.5500,13.5800,13.5500,13.5800,300,0
GZT.US,5,20131202,220000,13.5700,13.5700,13.5400,13.5400,200,0
GZT.US,5,20131203,160500,13.4000,13.4000,13.3800,13.3800,1102,0
GZT.US,5,20131203,185000,13.3500,13.3500,13.3000,13.3500,500,0
GZT.US,5,20131203,185500,13.4600,13.4600,13.4400,13.4400,200,0
GZT.US,5,20131203,190000,13.4300,13.4300,13.3700,13.3700,200,0
GZT.US,5,20131203,204500,13.4400,13.4400,13.4000,13.4000,1474,0
GZT.US,5,20131203,205500,13.4000,13.4000,13.3900,13.3900,200,0
GZT.US,5,20131203,211500,13.3900,13.3900,13.3500,13.3500,586,0
GZT.US,5,20131203,213000,13.2500,13.2500,13.2500,13.2500,500,0
GZT.US,5,20131203,214000,13.3500,13.4100,13.3500,13.4100,1100,0
GZT.US,5,20131203,214500,13.4100,13.4100,13.4100,13.4100,100,0
GZT.US,5,20131203,220000,13.4100,13.4100,13.4100,13.4100,500,0
GZT.US,5,20131204,153500,13.2500,13.2500,13.2500,13.2500,1590,0
GZT.US,5,20131204,154000,13.2500,13.2500,13.2500,13.2500,3500,0
GZT.US,5,20131204,160500,13.3200,13.3200,13.3200,13.3200,100,0
GZT.US,5,20131204,201000,13.2700,13.2700,13.2700,13.2700,140,0
GZT.US,5,20131204,203500,13.1900,13.1900,13.0600,13.1800,1981,0
GZT.US,5,20131204,212500,13.2500,13.2500,13.2500,13.2500,100,0
GZT.US,5,20131204,213000,13.2900,13.2900,13.2900,13.2900,100,0
GZT.US,5,20131204,220000,13.3000,13.3000,13.3000,13.3000,100,0
GZT.US,5,20131205,160000,13.3500,13.3500,13.3500,13.3500,100,0
GZT.US,5,20131205,191000,13.2500,13.2500,13.2500,13.2500,101,0
GZT.US,5,20131205,200000,13.2500,13.2500,13.2500,13.2500,138,0
GZT.US,5,20131205,201000,13.3800,13.3800,13.3800,13.3800,172,0
GZT.US,5,20131205,211500,13.2400,13.2400,13.2400,13.2400,188,0
GZT.US,5,20131205,220000,13.3100,13.3100,13.2500,13.2500,400,0
GZT.US,5,20131206,161500,13.5200,13.5200,13.5200,13.5200,100,0
GZT.US,5,20131206,174500,13.4500,13.4500,13.4500,13.4500,100,0
GZT.US,5,20131206,182500,13.4100,13.4100,13.4100,13.4100,1300,0
GZT.US,5,20131206,191000,13.5500,13.5500,13.5500,13.5500,404,0
GZT.US,5,20131206,195500,13.4100,13.4100,13.4100,13.4100,102,0
GZT.US,5,20131206,202000,13.5300,13.5300,13.5300,13.5300,230,0
GZT.US,5,20131206,204000,13.5300,13.5300,13.5300,13.5300,967,0
GZT.US,5,20131206,214500,13.4500,13.4500,13.4500,13.4500,100,0
GZT.US,5,20131206,215000,13.4000,13.4000,13.4000,13.4000,100,0
GZT.US,5,20131206,215500,13.4400,13.4500,13.4400,13.4500,400,0
GZT.US,5,20131206,220000,13.4500,13.4500,13.4500,13.4500,100,0
GZT.US,5,20131209,153500,13.5800,13.5800,13.5800,13.5800,300,0
GZT.US,5,20131209,160000,13.5700,13.5900,13.5700,13.5700,1600,0
GZT.US,5,20131209,201500,13.6200,13.6200,13.6200,13.6200,1986,0
GZT.US,5,20131209,214000,13.6200,13.6200,13.6200,13.6200,500,0
GZT.US,5,20131209,220000,13.6200,13.6200,13.6200,13.6200,200,0
