<TICKER>,<PER>,<DTYYYYMMDD>,<TIME>,<OPEN>,<HIGH>,<LOW>,<CLOSE>,<VOL>,<OPENINT>
HFC.US,5,20131112,153500,44.0100,44.6200,43.8100,44.6100,57298,0
HFC.US,5,20131112,154000,44.5500,45.1000,44.5200,44.7900,46354,0
HFC.US,5,20131112,154500,44.8200,44.8400,44.6600,44.8100,23956,0
HFC.US,5,20131112,155000,44.7800,44.9200,44.7500,44.8300,44270,0
HFC.US,5,20131112,155500,44.8300,44.9100,44.7400,44.8000,38950,0
HFC.US,5,20131112,160000,44.7800,44.8800,44.6900,44.8300,32100,0
HFC.US,5,20131112,160500,44.8400,45.0600,44.8200,45.0300,94863,0
HFC.US,5,20131112,161000,45.0300,45.1700,45.0000,45.0700,53302,0
HFC.US,5,20131112,161500,45.0500,45.1400,45.0200,45.1100,53085,0
HFC.US,5,20131112,162000,45.1000,45.2500,45.0800,45.2000,58533,0
HFC.US,5,20131112,162500,45.2100,45.2500,45.1100,45.1400,28039,0
HFC.US,5,20131112,163000,45.1400,45.1700,45.0900,45.1300,40824,0
HFC.US,5,20131112,163500,45.1200,45.1300,44.9400,45.0200,36482,0
HFC.US,5,20131112,164000,45.0300,45.2800,45.0200,45.1700,45607,0
HFC.US,5,20131112,164500,45.1500,45.1500,45.0500,45.1300,45490,0
HFC.US,5,20131112,165000,45.1300,45.1800,45.0900,45.1500,27364,0
HFC.US,5,20131112,165500,45.1600,45.2900,45.1400,45.1700,32389,0
HFC.US,5,20131112,170000,45.1600,45.2800,45.1400,45.2300,31707,0
HFC.US,5,20131112,170500,45.2300,45.2300,45.0800,45.1000,30995,0
HFC.US,5,20131112,171000,45.0700,45.1600,45.0300,45.0700,15166,0
HFC.US,5,20131112,171500,45.0600,45.1700,45.0400,45.1300,13284,0
HFC.US,5,20131112,172000,45.1200,45.1200,45.0600,45.0600,13402,0
HFC.US,5,20131112,172500,45.0500,45.2500,45.0000,45.2200,27867,0
HFC.US,5,20131112,173000,45.2300,45.3100,45.1300,45.3000,36808,0
HFC.US,5,20131112,173500,45.3000,45.3700,45.3000,45.3200,19395,0
HFC.US,5,20131112,174000,45.3500,45.4100,45.3100,45.3600,24637,0
HFC.US,5,20131112,174500,45.3600,45.4100,45.3000,45.3400,36269,0
HFC.US,5,20131112,175000,45.3300,45.4700,45.3000,45.4500,89565,0
HFC.US,5,20131112,175500,45.4400,45.5400,45.4100,45.4100,106241,0
HFC.US,5,20131112,180000,45.4100,45.4400,45.2700,45.4400,104095,0
HFC.US,5,20131112,180500,45.4400,45.6000,45.4200,45.5100,28006,0
HFC.US,5,20131112,181000,45.5000,45.6000,45.4700,45.6000,47130,0
HFC.US,5,20131112,181500,45.5900,45.5900,45.5200,45.5200,14587,0
HFC.US,5,20131112,182000,45.5400,45.5700,45.5000,45.5200,12524,0
HFC.US,5,20131112,182500,45.5200,45.5500,45.4700,45.4900,27120,0
HFC.US,5,20131112,183000,45.5000,45.6000,45.5000,45.5700,24128,0
HFC.US,5,20131112,183500,45.5700,45.5700,45.5100,45.5600,22181,0
HFC.US,5,20131112,184000,45.5800,45.6000,45.5500,45.5800,15563,0
HFC.US,5,20131112,184500,45.5800,45.5900,45.5100,45.5700,16823,0
HFC.US,5,20131112,185000,45.5600,45.5700,45.5000,45.5400,32904,0
HFC.US,5,20131112,185500,45.5400,45.5600,45.5200,45.5200,15728,0
HFC.US,5,20131112,190000,45.5300,45.5500,45.4600,45.4600,41434,0
HFC.US,5,20131112,190500,45.4700,45.4900,45.4100,45.4400,28096,0
HFC.US,5,20131112,191000,45.4400,45.4800,45.4000,45.4400,33920,0
HFC.US,5,20131112,191500,45.4400,45.4900,45.3900,45.4100,21793,0
HFC.US,5,20131112,192000,45.4100,45.4400,45.2400,45.2400,22041,0
HFC.US,5,20131112,192500,45.2400,45.2500,45.1700,45.2100,26007,0
HFC.US,5,20131112,193000,45.2000,45.2000,45.1000,45.1000,32190,0
HFC.US,5,20131112,193500,45.1000,45.1000,45.0400,45.0900,12199,0
HFC.US,5,20131112,194000,45.0900,45.1000,45.0000,45.0200,18523,0
HFC.US,5,20131112,194500,45.0500,45.1000,45.0000,45.0800,18660,0
HFC.US,5,20131112,195000,45.0700,45.2100,45.0600,45.1900,17360,0
HFC.US,5,20131112,195500,45.1900,45.2000,45.0400,45.0600,15840,0
HFC.US,5,20131112,200000,45.0600,45.1400,45.0600,45.0700,16450,0
HFC.US,5,20131112,200500,45.0800,45.1500,45.0800,45.1400,33303,0
HFC.US,5,20131112,201000,45.1400,45.1900,45.1000,45.1400,24830,0
HFC.US,5,20131112,201500,45.1600,45.1700,45.0700,45.1200,12318,0
HFC.US,5,20131112,202000,45.1300,45.1500,45.0400,45.1300,11055,0
HFC.US,5,20131112,202500,45.1400,45.1500,45.0500,45.1200,20441,0
HFC.US,5,20131112,203000,45.1400,45.1500,45.0700,45.0900,16355,0
HFC.US,5,20131112,203500,45.1000,45.1900,45.1000,45.1700,26415,0
HFC.US,5,20131112,204000,45.1700,45.2600,45.1700,45.2300,45040,0
HFC.US,5,20131112,204500,45.2400,45.2900,45.2200,45.2600,71145,0
HFC.US,5,20131112,205000,45.2600,45.2800,45.2100,45.2300,45724,0
HFC.US,5,20131112,205500,45.2400,45.2700,45.2200,45.2700,31187,0
HFC.US,5,20131112,210000,45.2600,45.3800,45.2100,45.3100,48966,0
HFC.US,5,20131112,210500,45.3100,45.3800,45.3000,45.3100,11193,0
HFC.US,5,20131112,211000,45.3100,45.3400,45.2500,45.3300,17705,0
HFC.US,5,20131112,211500,45.3400,45.3800,45.3100,45.3100,17868,0
HFC.US,5,20131112,212000,45.3000,45.3900,45.3000,45.3300,23586,0
HFC.US,5,20131112,212500,45.3200,45.3300,45.2400,45.2700,28098,0
HFC.US,5,20131112,213000,45.2600,45.3000,45.2200,45.2900,31461,0
HFC.US,5,20131112,213500,45.3000,45.3100,45.2200,45.2300,39726,0
HFC.US,5,20131112,214000,45.2200,45.2800,45.2100,45.2600,30765,0
HFC.US,5,20131112,214500,45.2500,45.3500,45.2500,45.3200,43671,0
HFC.US,5,20131112,215000,45.3200,45.3300,45.2400,45.2600,73618,0
HFC.US,5,20131112,215500,45.2700,45.3100,45.2500,45.3100,65034,0
HFC.US,5,20131112,220000,45.3200,45.3700,45.2600,45.3600,126235,0
HFC.US,5,20131112,220500,45.3400,45.3400,45.3400,45.3400,292564,0
HFC.US,5,20131113,153500,45.3200,45.7400,45.3200,45.4800,53157,0
HFC.US,5,20131113,154000,45.4200,45.6700,45.4000,45.5100,43046,0
HFC.US,5,20131113,154500,45.5400,45.5800,45.3400,45.3700,31933,0
HFC.US,5,20131113,155000,45.3800,45.6000,45.2200,45.5100,69828,0
HFC.US,5,20131113,155500,45.5200,45.6600,45.4500,45.6000,24418,0
HFC.US,5,20131113,160000,45.5800,45.7300,45.4200,45.6700,45589,0
HFC.US,5,20131113,160500,45.6900,45.8800,45.6800,45.8300,57859,0
HFC.US,5,20131113,161000,45.8800,45.9300,45.7000,45.7400,43014,0
HFC.US,5,20131113,161500,45.7400,45.8200,45.5900,45.6900,56916,0
HFC.US,5,20131113,162000,45.7100,45.7500,45.6000,45.6300,219649,0
HFC.US,5,20131113,162500,45.6600,45.6700,45.4500,45.4500,149922,0
HFC.US,5,20131113,163000,45.4800,45.6100,45.4200,45.4800,34509,0
HFC.US,5,20131113,163500,45.4900,45.5100,45.3900,45.4000,36004,0
HFC.US,5,20131113,164000,45.4100,45.4500,45.3400,45.3800,53336,0
HFC.US,5,20131113,164500,45.3900,45.4100,45.2800,45.2800,36804,0
HFC.US,5,20131113,165000,45.2900,45.3500,45.1100,45.1500,75515,0
HFC.US,5,20131113,165500,45.1300,45.1800,45.0100,45.0100,62878,0
HFC.US,5,20131113,170000,45.0200,45.0300,44.9400,44.9900,40441,0
HFC.US,5,20131113,170500,45.0000,45.0200,44.9400,45.0000,39783,0
HFC.US,5,20131113,171000,45.0100,45.0100,44.8300,44.9100,46360,0
HFC.US,5,20131113,171500,44.9100,44.9500,44.8700,44.8800,24007,0
HFC.US,5,20131113,172000,44.9000,44.9000,44.8000,44.8300,31912,0
HFC.US,5,20131113,172500,44.8100,44.8700,44.7400,44.7600,39700,0
HFC.US,5,20131113,173000,44.7600,44.8700,44.7400,44.7900,23045,0
HFC.US,5,20131113,173500,44.8000,44.9300,44.7900,44.8800,18771,0
HFC.US,5,20131113,174000,44.8600,44.8900,44.7500,44.8000,20986,0
HFC.US,5,20131113,174500,44.8100,44.8200,44.7700,44.7700,9200,0
HFC.US,5,20131113,175000,44.7700,44.7700,44.6700,44.6900,20026,0
HFC.US,5,20131113,175500,44.7200,44.7500,44.6000,44.6500,46755,0
HFC.US,5,20131113,180000,44.6400,44.7200,44.6000,44.6900,17957,0
HFC.US,5,20131113,180500,44.6900,44.7000,44.6300,44.6400,33561,0
HFC.US,5,20131113,181000,44.6400,44.6500,44.5700,44.6000,41575,0
HFC.US,5,20131113,181500,44.5900,44.6500,44.5600,44.6000,21582,0
HFC.US,5,20131113,182000,44.6000,44.6800,44.5800,44.6800,34169,0
HFC.US,5,20131113,182500,44.6900,44.7300,44.6700,44.6900,30433,0
HFC.US,5,20131113,183000,44.7000,44.7400,44.6800,44.7000,56058,0
HFC.US,5,20131113,183500,44.7000,44.7400,44.6800,44.7000,65817,0
HFC.US,5,20131113,184000,44.7200,44.7600,44.7000,44.7300,31988,0
HFC.US,5,20131113,184500,44.7300,44.7400,44.6800,44.7300,23602,0
HFC.US,5,20131113,185000,44.7400,44.7400,44.6700,44.6900,21393,0
HFC.US,5,20131113,185500,44.6900,44.6900,44.6400,44.6600,30157,0
HFC.US,5,20131113,190000,44.6700,44.6900,44.6500,44.6600,31957,0
HFC.US,5,20131113,190500,44.6700,44.6800,44.6200,44.6400,42489,0
HFC.US,5,20131113,191000,44.6200,44.6600,44.6200,44.6300,18484,0
HFC.US,5,20131113,191500,44.6300,44.6600,44.6300,44.6400,15863,0
HFC.US,5,20131113,192000,44.6400,44.6500,44.6300,44.6300,18581,0
HFC.US,5,20131113,192500,44.6400,44.6500,44.6200,44.6300,32314,0
HFC.US,5,20131113,193000,44.6400,44.6600,44.6000,44.6400,41398,0
HFC.US,5,20131113,193500,44.6400,44.7500,44.6300,44.7500,40586,0
HFC.US,5,20131113,194000,44.7500,44.7500,44.6300,44.6500,32700,0
HFC.US,5,20131113,194500,44.6500,44.6900,44.6500,44.6500,20220,0
HFC.US,5,20131113,195000,44.6600,44.7000,44.6400,44.6600,30292,0
HFC.US,5,20131113,195500,44.6800,44.7100,44.5400,44.5400,31172,0
HFC.US,5,20131113,200000,44.5400,44.6500,44.5000,44.6200,90609,0
HFC.US,5,20131113,200500,44.6400,44.7600,44.6400,44.7200,38925,0
HFC.US,5,20131113,201000,44.7100,44.7100,44.6000,44.6100,48666,0
HFC.US,5,20131113,201500,44.6200,44.6400,44.6100,44.6400,35124,0
HFC.US,5,20131113,202000,44.6300,44.6400,44.5800,44.6000,37143,0
HFC.US,5,20131113,202500,44.6100,44.6600,44.5800,44.5900,35554,0
HFC.US,5,20131113,203000,44.5900,44.6100,44.5800,44.6000,536989,0
HFC.US,5,20131113,203500,44.6100,44.6400,44.6000,44.6200,78131,0
HFC.US,5,20131113,204000,44.6300,44.6400,44.5400,44.5400,25592,0
HFC.US,5,20131113,204500,44.5500,44.6200,44.5500,44.6000,17416,0
HFC.US,5,20131113,205000,44.6000,44.6000,44.4900,44.5400,83909,0
HFC.US,5,20131113,205500,44.5300,44.6600,44.5300,44.6600,63569,0
HFC.US,5,20131113,210000,44.6700,44.7000,44.6500,44.7000,55393,0
HFC.US,5,20131113,210500,44.6900,44.7400,44.6900,44.7400,23330,0
HFC.US,5,20131113,211000,44.7400,44.8300,44.7400,44.7700,128721,0
HFC.US,5,20131113,211500,44.7700,44.8000,44.7200,44.8000,108874,0
HFC.US,5,20131113,212000,44.8000,44.8300,44.7600,44.7700,263179,0
HFC.US,5,20131113,212500,44.7700,44.7700,44.7600,44.7600,20713,0
HFC.US,5,20131113,213000,44.7700,44.7800,44.7400,44.7400,50168,0
HFC.US,5,20131113,213500,44.7500,44.8000,44.7500,44.8000,78118,0
HFC.US,5,20131113,214000,44.8000,44.8200,44.7900,44.8200,131378,0
HFC.US,5,20131113,214500,44.8100,44.8400,44.7900,44.7900,207650,0
HFC.US,5,20131113,215000,44.8000,44.8400,44.7400,44.8000,306230,0
HFC.US,5,20131113,215500,44.8000,44.8900,44.8000,44.8800,104007,0
HFC.US,5,20131113,220000,44.8800,44.9000,44.8500,44.8700,95088,0
HFC.US,5,20131113,220500,44.8700,44.8800,44.8700,44.8800,290718,0
HFC.US,5,20131114,153500,45.2800,45.5000,45.0500,45.0600,148793,0
HFC.US,5,20131114,154000,45.1000,45.5000,45.1000,45.4800,81488,0
HFC.US,5,20131114,154500,45.4900,45.6400,45.3200,45.5400,393091,0
HFC.US,5,20131114,155000,45.5600,45.9700,45.5600,45.8300,92876,0
HFC.US,5,20131114,155500,45.8300,45.8300,45.6000,45.7400,53988,0
HFC.US,5,20131114,160000,45.7400,45.8100,45.6500,45.6500,85928,0
HFC.US,5,20131114,160500,45.6500,45.6600,45.3900,45.3900,71435,0
HFC.US,5,20131114,161000,45.4000,45.5100,45.2000,45.3600,164013,0
HFC.US,5,20131114,161500,45.3900,45.5100,45.3900,45.5000,42252,0
HFC.US,5,20131114,162000,45.5000,45.5300,45.4200,45.4500,54154,0
HFC.US,5,20131114,162500,45.4600,45.5300,45.3800,45.3900,49537,0
HFC.US,5,20131114,163000,45.3800,45.3900,45.1100,45.2000,71103,0
HFC.US,5,20131114,163500,45.2000,45.2700,45.1700,45.1800,213404,0
HFC.US,5,20131114,164000,45.1700,45.3600,45.1300,45.3600,117502,0
HFC.US,5,20131114,164500,45.3500,45.5500,45.3400,45.4900,75137,0
HFC.US,5,20131114,165000,45.5000,45.6700,45.4200,45.4300,141658,0
HFC.US,5,20131114,165500,45.4300,45.5600,45.4000,45.4900,50104,0
HFC.US,5,20131114,170000,45.4900,45.5800,45.4300,45.5500,61673,0
HFC.US,5,20131114,170500,45.5500,45.5800,45.4300,45.5800,78711,0
HFC.US,5,20131114,171000,45.5700,45.5900,45.5000,45.5600,40083,0
HFC.US,5,20131114,171500,45.5800,45.9500,45.5300,45.9200,155501,0
HFC.US,5,20131114,172000,45.9100,46.1300,45.8200,46.0200,242113,0
HFC.US,5,20131114,172500,46.0700,46.1900,45.9800,46.0800,93611,0
HFC.US,5,20131114,173000,46.0800,46.1200,45.9300,46.0400,56184,0
HFC.US,5,20131114,173500,46.0500,46.0800,45.9900,46.0500,34290,0
HFC.US,5,20131114,174000,46.0700,46.0800,45.9500,46.0500,44736,0
HFC.US,5,20131114,174500,46.0600,46.0600,45.9500,46.0000,47615,0
HFC.US,5,20131114,175000,46.0000,46.0300,45.9500,46.0000,39714,0
HFC.US,5,20131114,175500,45.9900,46.0100,45.9000,45.9900,35170,0
HFC.US,5,20131114,180000,45.9900,46.1000,45.9800,46.0600,99390,0
HFC.US,5,20131114,180500,46.0600,46.2500,46.0500,46.1500,289812,0
HFC.US,5,20131114,181000,46.1600,46.2600,46.1500,46.1500,86185,0
HFC.US,5,20131114,181500,46.1600,46.2500,46.0400,46.1500,569732,0
HFC.US,5,20131114,182000,46.1800,46.5900,46.1500,46.5800,67994,0
HFC.US,5,20131114,182500,46.5700,46.6500,46.4600,46.4800,79253,0
HFC.US,5,20131114,183000,46.4600,46.4900,46.4100,46.4600,47705,0
HFC.US,5,20131114,183500,46.4600,46.5800,46.4500,46.5200,56558,0
HFC.US,5,20131114,184000,46.5100,46.5500,46.0900,46.5000,148510,0
HFC.US,5,20131114,184500,46.4900,46.5600,46.4700,46.5200,49820,0
HFC.US,5,20131114,185000,46.5400,46.5400,46.4400,46.4600,36906,0
HFC.US,5,20131114,185500,46.4300,46.5200,46.4100,46.5000,37359,0
HFC.US,5,20131114,190000,46.5100,46.5700,46.4600,46.5400,56093,0
HFC.US,5,20131114,190500,46.5400,46.6500,46.5200,46.6500,68420,0
HFC.US,5,20131114,191000,46.6500,46.7500,46.6000,46.6400,55772,0
HFC.US,5,20131114,191500,46.6300,46.6400,46.4900,46.6000,196198,0
HFC.US,5,20131114,192000,46.6100,46.7200,46.5600,46.6400,104740,0
HFC.US,5,20131114,192500,46.6500,46.6700,46.5900,46.6300,57933,0
HFC.US,5,20131114,193000,46.6400,46.7500,46.6300,46.7500,43083,0
HFC.US,5,20131114,193500,46.7300,46.7300,46.6000,46.6600,77016,0
HFC.US,5,20131114,194000,46.6500,46.7300,46.6500,46.7200,96315,0
HFC.US,5,20131114,194500,46.7100,46.7200,46.6300,46.6300,28991,0
HFC.US,5,20131114,195000,46.6300,46.6300,46.5000,46.5600,66834,0
HFC.US,5,20131114,195500,46.5700,46.6700,46.5400,46.6600,51082,0
HFC.US,5,20131114,200000,46.6600,46.6600,46.5400,46.5400,60918,0
HFC.US,5,20131114,200500,46.5500,46.5600,46.3800,46.4900,56127,0
HFC.US,5,20131114,201000,46.4900,46.5100,46.2900,46.3600,74850,0
HFC.US,5,20131114,201500,46.3400,46.3800,46.2100,46.2600,54876,0
HFC.US,5,20131114,202000,46.2600,46.3900,46.2500,46.3500,72210,0
HFC.US,5,20131114,202500,46.3400,46.4300,46.2900,46.4200,51997,0
HFC.US,5,20131114,203000,46.4100,46.4200,46.3000,46.3000,63864,0
HFC.US,5,20131114,203500,46.3000,46.4400,46.3000,46.4300,109568,0
HFC.US,5,20131114,204000,46.4200,46.4900,46.4100,46.4400,49936,0
HFC.US,5,20131114,204500,46.4500,46.5600,46.4100,46.4900,38720,0
HFC.US,5,20131114,205000,46.5000,46.6400,46.4900,46.5400,59031,0
HFC.US,5,20131114,205500,46.5400,46.5600,46.4900,46.5400,69602,0
HFC.US,5,20131114,210000,46.5500,46.6300,46.5200,46.5900,59769,0
HFC.US,5,20131114,210500,46.6000,46.6000,46.5100,46.5400,49862,0
HFC.US,5,20131114,211000,46.5300,46.5400,46.4700,46.4900,62374,0
HFC.US,5,20131114,211500,46.4800,46.6200,46.4700,46.5500,54761,0
HFC.US,5,20131114,212000,46.5500,46.6200,46.4600,46.5400,80566,0
HFC.US,5,20131114,212500,46.5500,46.6000,46.5400,46.5800,50817,0
HFC.US,5,20131114,213000,46.5900,46.6000,46.5500,46.5700,76792,0
HFC.US,5,20131114,213500,46.5700,46.6100,46.5600,46.5700,60112,0
HFC.US,5,20131114,214000,46.5700,46.5800,46.5100,46.5700,68377,0
HFC.US,5,20131114,214500,46.5700,46.6400,46.5500,46.6000,77572,0
HFC.US,5,20131114,215000,46.6000,46.6500,46.6000,46.6300,123060,0
HFC.US,5,20131114,215500,46.6200,46.6300,46.5400,46.5900,193825,0
HFC.US,5,20131114,220000,46.5800,46.6000,46.5500,46.5700,152688,0
HFC.US,5,20131114,220500,46.5700,46.5700,46.5700,46.5700,150478,0
HFC.US,5,20131115,153500,46.7600,46.8000,46.5400,46.7100,97535,0
HFC.US,5,20131115,154000,46.7100,46.7300,46.5800,46.6600,54245,0
HFC.US,5,20131115,154500,46.6400,46.7500,46.6100,46.7000,24771,0
HFC.US,5,20131115,155000,46.7000,46.9500,46.6000,46.7600,105284,0
HFC.US,5,20131115,155500,46.7500,46.7800,46.6900,46.7400,46776,0
HFC.US,5,20131115,160000,46.7000,46.9400,46.7000,46.8200,37949,0
HFC.US,5,20131115,160500,46.8000,46.8000,46.5600,46.5600,121667,0
HFC.US,5,20131115,161000,46.5500,46.6000,46.4000,46.5000,29967,0
HFC.US,5,20131115,161500,46.4900,46.5500,46.4400,46.5400,22614,0
HFC.US,5,20131115,162000,46.5300,46.5800,46.4400,46.4500,36498,0
HFC.US,5,20131115,162500,46.4700,46.4800,46.4100,46.4100,18012,0
HFC.US,5,20131115,163000,46.4100,46.5100,46.4100,46.4600,67495,0
HFC.US,5,20131115,163500,46.4600,46.4600,46.3500,46.4300,16590,0
HFC.US,5,20131115,164000,46.4400,46.5200,46.4000,46.5000,18393,0
HFC.US,5,20131115,164500,46.5000,46.5600,46.4900,46.5200,12264,0
HFC.US,5,20131115,165000,46.5100,46.5400,46.4600,46.5400,24395,0
HFC.US,5,20131115,165500,46.5300,46.6200,46.5300,46.6100,12535,0
HFC.US,5,20131115,170000,46.6200,46.6400,46.5600,46.5900,9600,0
HFC.US,5,20131115,170500,46.5900,46.6100,46.5700,46.5900,9545,0
HFC.US,5,20131115,171000,46.5900,46.5900,46.4800,46.5000,12354,0
HFC.US,5,20131115,171500,46.5000,46.5400,46.4600,46.4700,11257,0
HFC.US,5,20131115,172000,46.4900,46.4900,46.4200,46.4600,36478,0
HFC.US,5,20131115,172500,46.4600,46.4800,46.3800,46.3800,75874,0
HFC.US,5,20131115,173000,46.3800,46.3900,46.2900,46.3000,74864,0
HFC.US,5,20131115,173500,46.3000,46.3200,46.2500,46.3200,21583,0
HFC.US,5,20131115,174000,46.3300,46.3500,46.2500,46.2700,53750,0
HFC.US,5,20131115,174500,46.2600,46.2700,46.1800,46.1900,28089,0
HFC.US,5,20131115,175000,46.2000,46.2000,45.9600,45.9900,61466,0
HFC.US,5,20131115,175500,45.9900,45.9900,45.8300,45.8400,29761,0
HFC.US,5,20131115,180000,45.8500,45.8700,45.7300,45.7500,46133,0
HFC.US,5,20131115,180500,45.7600,45.8200,45.7000,45.7200,31136,0
HFC.US,5,20131115,181000,45.7000,45.7700,45.7000,45.7100,38387,0
HFC.US,5,20131115,181500,45.7300,45.7400,45.6400,45.7200,47733,0
HFC.US,5,20131115,182000,45.7200,45.7600,45.6500,45.6700,55966,0
HFC.US,5,20131115,182500,45.6800,45.7300,45.6500,45.7100,29887,0
HFC.US,5,20131115,183000,45.7100,45.8700,45.6600,45.8500,87075,0
HFC.US,5,20131115,183500,45.8500,46.0100,45.7800,45.8700,144283,0
HFC.US,5,20131115,184000,45.8600,45.9000,45.7800,45.7900,102865,0
HFC.US,5,20131115,184500,45.8000,45.9300,45.7900,45.9100,47821,0
HFC.US,5,20131115,185000,45.9200,45.9700,45.8800,45.8900,23941,0
HFC.US,5,20131115,185500,45.9000,46.0500,45.9000,45.9400,28588,0
HFC.US,5,20131115,190000,45.9400,45.9800,45.9000,45.9300,23817,0
HFC.US,5,20131115,190500,45.9400,45.9600,45.9100,45.9200,29215,0
HFC.US,5,20131115,191000,45.9200,45.9200,45.7900,45.7900,29882,0
HFC.US,5,20131115,191500,45.8200,46.0000,45.8100,45.9000,35637,0
HFC.US,5,20131115,192000,45.9200,45.9200,45.8500,45.8500,8306,0
HFC.US,5,20131115,192500,45.8600,45.9700,45.8600,45.9500,30217,0
HFC.US,5,20131115,193000,45.9500,46.1000,45.9300,46.0700,123490,0
HFC.US,5,20131115,193500,46.0800,46.1000,46.0400,46.0500,33081,0
HFC.US,5,20131115,194000,46.0500,46.1700,46.0400,46.1400,58150,0
HFC.US,5,20131115,194500,46.1500,46.3000,46.1400,46.2600,88359,0
HFC.US,5,20131115,195000,46.2600,46.2600,46.2000,46.2300,64292,0
HFC.US,5,20131115,195500,46.2300,46.3600,46.1300,46.2400,126114,0
HFC.US,5,20131115,200000,46.2300,46.4900,46.2200,46.3800,117664,0
HFC.US,5,20131115,200500,46.3900,46.4900,46.3400,46.3800,63091,0
HFC.US,5,20131115,201000,46.3800,46.5000,46.3800,46.4800,46493,0
HFC.US,5,20131115,201500,46.4900,46.7100,46.4900,46.6900,110452,0
HFC.US,5,20131115,202000,46.7100,46.7600,46.5800,46.6800,41772,0
HFC.US,5,20131115,202500,46.6900,46.7700,46.5000,46.5400,58646,0
HFC.US,5,20131115,203000,46.5300,46.5400,46.3700,46.4000,31619,0
HFC.US,5,20131115,203500,46.4100,46.4600,46.3600,46.4100,36700,0
HFC.US,5,20131115,204000,46.4300,46.4300,46.3300,46.3500,26072,0
HFC.US,5,20131115,204500,46.3600,46.3600,46.3200,46.3300,21734,0
HFC.US,5,20131115,205000,46.3500,46.3500,46.2100,46.2700,296919,0
HFC.US,5,20131115,205500,46.2700,46.2700,46.2000,46.2400,16996,0
HFC.US,5,20131115,210000,46.2400,46.2400,46.0400,46.1000,49498,0
HFC.US,5,20131115,210500,46.1000,46.1100,46.0100,46.0200,73459,0
HFC.US,5,20131115,211000,46.0100,46.2300,46.0100,46.2300,16458,0
HFC.US,5,20131115,211500,46.2400,46.4800,46.2400,46.4400,33678,0
HFC.US,5,20131115,212000,46.4500,46.5500,46.4500,46.5200,29389,0
HFC.US,5,20131115,212500,46.5100,46.5100,46.4300,46.4500,23808,0
HFC.US,5,20131115,213000,46.4600,46.5400,46.4500,46.5200,26947,0
HFC.US,5,20131115,213500,46.5300,46.5700,46.4700,46.5000,41601,0
HFC.US,5,20131115,214000,46.4900,46.5600,46.4900,46.5400,28328,0
HFC.US,5,20131115,214500,46.5400,46.5500,46.4300,46.4600,48683,0
HFC.US,5,20131115,215000,46.4700,46.4800,46.4300,46.4600,56512,0
HFC.US,5,20131115,215500,46.4600,46.5100,46.4600,46.5100,97492,0
HFC.US,5,20131115,220000,46.5100,46.5200,46.4700,46.4900,204290,0
HFC.US,5,20131115,220500,46.5000,46.5000,46.5000,46.5000,131806,0
HFC.US,5,20131118,153500,46.7200,46.9500,46.7200,46.9300,33712,0
HFC.US,5,20131118,154000,46.9600,47.0100,46.8800,47.0000,105436,0
HFC.US,5,20131118,154500,47.0000,47.0100,46.7500,46.7800,35710,0
HFC.US,5,20131118,155000,46.7800,46.8500,46.7400,46.7900,50903,0
HFC.US,5,20131118,155500,46.7700,46.8700,46.7300,46.8000,57277,0
HFC.US,5,20131118,160000,46.7900,46.8800,46.7200,46.8000,34895,0
HFC.US,5,20131118,160500,46.8200,46.8600,46.7600,46.7700,74034,0
HFC.US,5,20131118,161000,46.7800,46.8000,46.7300,46.7700,45182,0
HFC.US,5,20131118,161500,46.7700,46.8400,46.7500,46.7800,54876,0
HFC.US,5,20131118,162000,46.8000,46.8200,46.7500,46.7600,45795,0
HFC.US,5,20131118,162500,46.7600,46.8100,46.7400,46.7500,63123,0
HFC.US,5,20131118,163000,46.7500,46.7800,46.7400,46.7600,48242,0
HFC.US,5,20131118,163500,46.7500,46.8300,46.7400,46.7500,28603,0
HFC.US,5,20131118,164000,46.7500,46.8200,46.7300,46.7600,40677,0
HFC.US,5,20131118,164500,46.7500,46.7800,46.7400,46.7600,67112,0
HFC.US,5,20131118,165000,46.7600,46.7900,46.7400,46.7900,79045,0
HFC.US,5,20131118,165500,46.7900,46.8300,46.7600,46.7900,13261,0
HFC.US,5,20131118,170000,46.7800,46.8600,46.7800,46.8300,8450,0
HFC.US,5,20131118,170500,46.8400,46.8500,46.7600,46.8100,24144,0
HFC.US,5,20131118,171000,46.8200,46.8700,46.8100,46.8500,76352,0
HFC.US,5,20131118,171500,46.8500,46.9000,46.8400,46.8800,30891,0
HFC.US,5,20131118,172000,46.8900,46.9300,46.8200,46.9000,98269,0
HFC.US,5,20131118,172500,46.9100,46.9700,46.9100,46.9700,13822,0
HFC.US,5,20131118,173000,46.9800,47.0000,46.9100,46.9100,10821,0
HFC.US,5,20131118,173500,46.9300,46.9300,46.7000,46.7200,62375,0
HFC.US,5,20131118,174000,46.7100,46.8100,46.7000,46.7800,15321,0
HFC.US,5,20131118,174500,46.7800,46.8400,46.7300,46.8400,10009,0
HFC.US,5,20131118,175000,46.8300,46.8600,46.8200,46.8300,53185,0
HFC.US,5,20131118,175500,46.8300,46.9300,46.8300,46.8900,38508,0
HFC.US,5,20131118,180000,46.8900,46.8900,46.7800,46.8200,13565,0
HFC.US,5,20131118,180500,46.8300,46.8400,46.7600,46.7900,8157,0
HFC.US,5,20131118,181000,46.8000,46.8500,46.7900,46.8300,9555,0
HFC.US,5,20131118,181500,46.8200,46.8200,46.7700,46.7800,13247,0
HFC.US,5,20131118,182000,46.7800,46.8000,46.7500,46.7600,16920,0
HFC.US,5,20131118,182500,46.7700,46.8200,46.7700,46.7900,18042,0
HFC.US,5,20131118,183000,46.7900,46.7900,46.7100,46.7200,15361,0
HFC.US,5,20131118,183500,46.7100,46.7800,46.7100,46.7700,9829,0
HFC.US,5,20131118,184000,46.7800,46.7900,46.6500,46.6500,28053,0
HFC.US,5,20131118,184500,46.6500,46.7000,46.6200,46.6200,15536,0
HFC.US,5,20131118,185000,46.6200,46.7000,46.6200,46.6900,13296,0
HFC.US,5,20131118,185500,46.6800,46.6800,46.6300,46.6500,28646,0
HFC.US,5,20131118,190000,46.6400,46.7500,46.6400,46.7000,21053,0
HFC.US,5,20131118,190500,46.7000,46.7100,46.6500,46.6600,25543,0
HFC.US,5,20131118,191000,46.6500,46.6900,46.6400,46.6900,8300,0
HFC.US,5,20131118,191500,46.6900,46.7400,46.6800,46.7100,43809,0
HFC.US,5,20131118,192000,46.7100,46.7500,46.7100,46.7300,12738,0
HFC.US,5,20131118,192500,46.7200,46.8600,46.7200,46.8300,23773,0
HFC.US,5,20131118,193000,46.8400,46.8700,46.8200,46.8400,25540,0
HFC.US,5,20131118,193500,46.8300,46.9200,46.8100,46.9200,31375,0
HFC.US,5,20131118,194000,46.9100,46.9400,46.9000,46.9200,19897,0
HFC.US,5,20131118,194500,46.9200,46.9400,46.9000,46.9200,26867,0
HFC.US,5,20131118,195000,46.9300,46.9400,46.9100,46.9400,22932,0
HFC.US,5,20131118,195500,46.9200,46.9400,46.8800,46.9300,21048,0
HFC.US,5,20131118,200000,46.9400,46.9500,46.8900,46.9400,17031,0
HFC.US,5,20131118,200500,46.9400,46.9900,46.9200,46.9700,18206,0
HFC.US,5,20131118,201000,46.9800,47.0100,46.9500,46.9600,41430,0
HFC.US,5,20131118,201500,46.9700,46.9700,46.9000,46.9300,17400,0
HFC.US,5,20131118,202000,46.9400,47.0000,46.9300,47.0000,12091,0
HFC.US,5,20131118,202500,46.9900,47.0100,46.9500,46.9500,28998,0
HFC.US,5,20131118,203000,46.9600,47.0000,46.9600,46.9600,26225,0
HFC.US,5,20131118,203500,46.9600,47.0300,46.9200,47.0100,38925,0
HFC.US,5,20131118,204000,47.0000,47.0700,46.9800,47.0100,42309,0
HFC.US,5,20131118,204500,47.0000,47.0000,46.8500,46.8500,39108,0
HFC.US,5,20131118,205000,46.8600,46.8600,46.7800,46.8100,44149,0
HFC.US,5,20131118,205500,46.8000,46.8200,46.7600,46.7800,20561,0
HFC.US,5,20131118,210000,46.7800,46.8000,46.7500,46.7700,14356,0
HFC.US,5,20131118,210500,46.7700,46.8000,46.7500,46.7700,26728,0
HFC.US,5,20131118,211000,46.7700,46.8100,46.7500,46.7600,29640,0
HFC.US,5,20131118,211500,46.7600,46.7900,46.6500,46.6500,39580,0
HFC.US,5,20131118,212000,46.6600,46.7400,46.6200,46.7400,25797,0
HFC.US,5,20131118,212500,46.7300,46.7600,46.6800,46.7300,35879,0
HFC.US,5,20131118,213000,46.7200,46.7700,46.7100,46.7300,62978,0
HFC.US,5,20131118,213500,46.7300,46.7300,46.5900,46.6600,47701,0
HFC.US,5,20131118,214000,46.6700,46.6800,46.5900,46.6100,56280,0
HFC.US,5,20131118,214500,46.6100,46.6100,46.5300,46.6000,38400,0
HFC.US,5,20131118,215000,46.6000,46.6000,46.5500,46.5800,42143,0
HFC.US,5,20131118,215500,46.5800,46.6000,46.5400,46.5600,39599,0
HFC.US,5,20131118,220000,46.5500,46.6500,46.5300,46.6300,89102,0
HFC.US,5,20131118,220500,46.6200,46.6400,46.6200,46.6400,58075,0
HFC.US,5,20131119,153500,46.6100,46.6700,46.3300,46.3300,21105,0
HFC.US,5,20131119,154000,46.3300,46.4700,46.2200,46.2200,33623,0
HFC.US,5,20131119,154500,46.2200,46.2500,45.9700,46.0200,47279,0
HFC.US,5,20131119,155000,46.0600,46.1000,45.8400,45.9500,47773,0
HFC.US,5,20131119,155500,45.9700,46.2400,45.9600,46.1200,57359,0
HFC.US,5,20131119,160000,46.1400,46.1400,45.8500,45.9400,26302,0
HFC.US,5,20131119,160500,45.9400,46.1300,45.9400,46.1100,43372,0
HFC.US,5,20131119,161000,46.1100,46.2800,46.0400,46.0900,40182,0
HFC.US,5,20131119,161500,46.1200,46.3100,46.1200,46.2400,50591,0
HFC.US,5,20131119,162000,46.2400,46.4200,46.2400,46.3300,56835,0
HFC.US,5,20131119,162500,46.3500,46.6500,46.3500,46.6300,58823,0
HFC.US,5,20131119,163000,46.6300,46.8200,46.5800,46.5800,48563,0
HFC.US,5,20131119,163500,46.5600,46.6400,46.4900,46.5700,18283,0
HFC.US,5,20131119,164000,46.5700,46.6900,46.5700,46.6300,25416,0
HFC.US,5,20131119,164500,46.6300,46.6300,46.4400,46.4400,31948,0
HFC.US,5,20131119,165000,46.4400,46.4700,46.3900,46.3900,30667,0
HFC.US,5,20131119,165500,46.3700,46.5000,46.3700,46.4800,30137,0
HFC.US,5,20131119,170000,46.4900,46.5300,46.4200,46.4800,26771,0
HFC.US,5,20131119,170500,46.4700,46.5000,46.4600,46.4600,17263,0
HFC.US,5,20131119,171000,46.4500,46.5800,46.4400,46.5100,78299,0
HFC.US,5,20131119,171500,46.5000,46.5200,46.4300,46.4800,65250,0
HFC.US,5,20131119,172000,46.4700,46.5100,46.4400,46.4700,28407,0
HFC.US,5,20131119,172500,46.4700,46.4800,46.3600,46.3900,39299,0
HFC.US,5,20131119,173000,46.3900,46.3900,46.2300,46.2600,23919,0
HFC.US,5,20131119,173500,46.2600,46.2600,46.1600,46.1800,43002,0
HFC.US,5,20131119,174000,46.1800,46.2200,46.1400,46.1800,23668,0
HFC.US,5,20131119,174500,46.1900,46.2000,46.1200,46.1600,24480,0
HFC.US,5,20131119,175000,46.1700,46.2300,46.1400,46.1900,26329,0
HFC.US,5,20131119,175500,46.1900,46.2800,46.1800,46.2800,12399,0
HFC.US,5,20131119,180000,46.2600,46.2800,46.2300,46.2800,7901,0
HFC.US,5,20131119,180500,46.2700,46.3200,46.2300,46.2900,17654,0
HFC.US,5,20131119,181000,46.2900,46.3400,46.2600,46.3400,11186,0
HFC.US,5,20131119,181500,46.3300,46.3400,46.2500,46.2800,13493,0
HFC.US,5,20131119,182000,46.2900,46.3300,46.2900,46.3200,17300,0
HFC.US,5,20131119,182500,46.3300,46.3500,46.2900,46.3400,11862,0
HFC.US,5,20131119,183000,46.3300,46.4200,46.2900,46.4000,27693,0
HFC.US,5,20131119,183500,46.4000,46.4000,46.2900,46.3100,17424,0
HFC.US,5,20131119,184000,46.3200,46.3300,46.2700,46.3100,24684,0
HFC.US,5,20131119,184500,46.3100,46.3500,46.2700,46.3400,14148,0
HFC.US,5,20131119,185000,46.3400,46.4200,46.3200,46.3200,19816,0
HFC.US,5,20131119,185500,46.3300,46.3500,46.3000,46.3000,8690,0
HFC.US,5,20131119,190000,46.3000,46.3200,46.2700,46.3100,16673,0
HFC.US,5,20131119,190500,46.3100,46.3500,46.2800,46.3300,14970,0
HFC.US,5,20131119,191000,46.3200,46.3900,46.3200,46.3800,10920,0
HFC.US,5,20131119,191500,46.3800,46.3800,46.3200,46.3300,12122,0
HFC.US,5,20131119,192000,46.3300,46.3600,46.2800,46.2900,36776,0
HFC.US,5,20131119,192500,46.2900,46.3100,46.1500,46.1500,52064,0
HFC.US,5,20131119,193000,46.1600,46.1800,46.0900,46.0900,27940,0
HFC.US,5,20131119,193500,46.0900,46.1700,46.0500,46.1000,28809,0
HFC.US,5,20131119,194000,46.1200,46.1300,45.9800,45.9800,41122,0
HFC.US,5,20131119,194500,45.9800,46.0600,45.9800,46.0600,15300,0
HFC.US,5,20131119,195000,46.0600,46.0600,45.9300,45.9400,17164,0
HFC.US,5,20131119,195500,45.9400,45.9600,45.8300,45.8600,43544,0
HFC.US,5,20131119,200000,45.8700,45.9600,45.8700,45.8900,10434,0
HFC.US,5,20131119,200500,45.9000,46.0600,45.9000,46.0000,33437,0
HFC.US,5,20131119,201000,46.0000,46.0100,45.9500,45.9500,26539,0
HFC.US,5,20131119,201500,45.9500,46.0100,45.9500,45.9800,24482,0
HFC.US,5,20131119,202000,45.9800,46.0300,45.9700,46.0000,16414,0
HFC.US,5,20131119,202500,46.0000,46.0100,45.9700,45.9800,13631,0
HFC.US,5,20131119,203000,45.9700,45.9800,45.9300,45.9500,11366,0
HFC.US,5,20131119,203500,45.9500,46.0300,45.9300,46.0200,14702,0
HFC.US,5,20131119,204000,46.0300,46.1800,46.0300,46.1800,16683,0
HFC.US,5,20131119,204500,46.1900,46.2000,46.1000,46.1600,17903,0
HFC.US,5,20131119,205000,46.1600,46.1800,46.0700,46.1000,23649,0
HFC.US,5,20131119,205500,46.1100,46.1900,46.0800,46.1900,22822,0
HFC.US,5,20131119,210000,46.1600,46.2100,46.1200,46.2100,27300,0
HFC.US,5,20131119,210500,46.2000,46.3100,46.1800,46.2500,79227,0
HFC.US,5,20131119,211000,46.2600,46.3200,46.2200,46.2500,39050,0
HFC.US,5,20131119,211500,46.2500,46.2900,46.2000,46.2700,27145,0
HFC.US,5,20131119,212000,46.2600,46.3000,46.2200,46.2600,72920,0
HFC.US,5,20131119,212500,46.2500,46.3100,46.2200,46.2200,40357,0
HFC.US,5,20131119,213000,46.2400,46.3100,46.2400,46.2500,33620,0
HFC.US,5,20131119,213500,46.2500,46.2700,46.1500,46.1600,38069,0
HFC.US,5,20131119,214000,46.1700,46.1800,45.9900,46.0100,104775,0
HFC.US,5,20131119,214500,46.0100,46.0400,45.9800,46.0300,58655,0
HFC.US,5,20131119,215000,46.0300,46.0700,46.0000,46.0100,59552,0
HFC.US,5,20131119,215500,46.0300,46.0300,45.9100,45.9500,253954,0
HFC.US,5,20131119,220000,45.9600,45.9600,45.8500,45.9200,353553,0
HFC.US,5,20131119,220500,45.9300,45.9300,45.9300,45.9300,72334,0
HFC.US,5,20131120,153500,46.1500,46.2500,46.0100,46.1500,12634,0
HFC.US,5,20131120,154000,46.2500,46.4200,46.1400,46.2200,42828,0
HFC.US,5,20131120,154500,46.2200,46.3500,46.2200,46.2900,16049,0
HFC.US,5,20131120,155000,46.3000,46.3200,46.1600,46.2200,42400,0
HFC.US,5,20131120,155500,46.2000,46.2700,46.0300,46.0300,28910,0
HFC.US,5,20131120,160000,46.0300,46.1000,46.0000,46.0300,51100,0
HFC.US,5,20131120,160500,46.0300,46.2100,46.0100,46.2100,40316,0
HFC.US,5,20131120,161000,46.2100,46.2200,46.0800,46.1500,74536,0
HFC.US,5,20131120,161500,46.1500,46.2500,46.1000,46.1200,24006,0
HFC.US,5,20131120,162000,46.1300,46.1500,46.0000,46.0000,24199,0
HFC.US,5,20131120,162500,46.0100,46.1500,45.9800,46.0200,28842,0
HFC.US,5,20131120,163000,46.0300,46.0700,45.9300,46.0000,57583,0
HFC.US,5,20131120,163500,46.0100,46.1000,45.9600,46.0200,46727,0
HFC.US,5,20131120,164000,46.0100,46.0800,45.9300,46.0300,16115,0
HFC.US,5,20131120,164500,46.0100,46.0300,45.9100,45.9900,16661,0
HFC.US,5,20131120,165000,45.9900,46.0200,45.8800,45.9200,33907,0
HFC.US,5,20131120,165500,45.9200,45.9700,45.8400,45.9500,15894,0
HFC.US,5,20131120,170000,45.9500,45.9800,45.8300,45.8600,40785,0
HFC.US,5,20131120,170500,45.8500,45.8600,45.7300,45.7400,34205,0
HFC.US,5,20131120,171000,45.7400,45.8900,45.7400,45.8400,17644,0
HFC.US,5,20131120,171500,45.8500,45.8700,45.7800,45.8200,21242,0
HFC.US,5,20131120,172000,45.8200,45.9000,45.8200,45.8600,22540,0
HFC.US,5,20131120,172500,45.8600,45.9100,45.8300,45.9000,10706,0
HFC.US,5,20131120,173000,45.9000,45.9800,45.8900,45.9800,30724,0
HFC.US,5,20131120,173500,45.9900,46.0400,45.9900,46.0400,38330,0
HFC.US,5,20131120,174000,46.0500,46.1200,45.9800,45.9900,23405,0
HFC.US,5,20131120,174500,45.9900,46.0000,45.8900,45.9400,12752,0
HFC.US,5,20131120,175000,45.9400,46.0100,45.9300,46.0000,9811,0
HFC.US,5,20131120,175500,46.0000,46.0300,45.9300,45.9800,31397,0
HFC.US,5,20131120,180000,45.9800,45.9900,45.8800,45.8900,29805,0
HFC.US,5,20131120,180500,45.8900,45.9600,45.8900,45.9300,10265,0
HFC.US,5,20131120,181000,45.9200,45.9500,45.8800,45.9200,18542,0
HFC.US,5,20131120,181500,45.9200,45.9500,45.9100,45.9500,6014,0
HFC.US,5,20131120,182000,45.9400,45.9800,45.9100,45.9700,34409,0
HFC.US,5,20131120,182500,45.9700,45.9800,45.9400,45.9500,6211,0
HFC.US,5,20131120,183000,45.9500,46.0000,45.9500,45.9700,14718,0
HFC.US,5,20131120,183500,45.9700,45.9900,45.9500,45.9700,10931,0
HFC.US,5,20131120,184000,45.9800,46.0100,45.9600,45.9800,10680,0
HFC.US,5,20131120,184500,45.9700,46.0300,45.9500,46.0000,24188,0
HFC.US,5,20131120,185000,45.9900,46.0500,45.9900,46.0000,18112,0
HFC.US,5,20131120,185500,46.0000,46.0100,45.9400,45.9500,10460,0
HFC.US,5,20131120,190000,45.9400,45.9600,45.9100,45.9300,13739,0
HFC.US,5,20131120,190500,45.9300,46.0500,45.9300,46.0400,30219,0
HFC.US,5,20131120,191000,46.0300,46.0400,45.9800,45.9800,8019,0
HFC.US,5,20131120,191500,45.9800,46.0000,45.9700,46.0000,30312,0
HFC.US,5,20131120,192000,46.0000,46.0200,46.0000,46.0100,6130,0
HFC.US,5,20131120,192500,46.0000,46.0100,45.9700,46.0000,22461,0
HFC.US,5,20131120,193000,46.0000,46.0400,45.9800,46.0400,12455,0
HFC.US,5,20131120,193500,46.0500,46.1200,46.0400,46.0400,19253,0
HFC.US,5,20131120,194000,46.0400,46.0400,46.0200,46.0300,4352,0
HFC.US,5,20131120,194500,46.0400,46.1000,46.0200,46.0400,12598,0
HFC.US,5,20131120,195000,46.0400,46.1200,46.0400,46.0800,4500,0
HFC.US,5,20131120,195500,46.0800,46.0800,46.0400,46.0500,5800,0
HFC.US,5,20131120,200000,46.0400,46.0400,46.0000,46.0100,11050,0
HFC.US,5,20131120,200500,46.0100,46.1000,45.9500,46.0500,18783,0
HFC.US,5,20131120,201000,46.0300,46.0700,45.9700,45.9700,26789,0
HFC.US,5,20131120,201500,45.9700,45.9900,45.8800,45.8800,27802,0
HFC.US,5,20131120,202000,45.9000,46.1000,45.8800,46.1000,44681,0
HFC.US,5,20131120,202500,46.0800,46.0800,46.0000,46.0500,31305,0
HFC.US,5,20131120,203000,46.0400,46.0400,45.9600,46.0200,22139,0
HFC.US,5,20131120,203500,46.0100,46.0900,46.0000,46.0100,30406,0
HFC.US,5,20131120,204000,46.0000,46.0500,46.0000,46.0000,23790,0
HFC.US,5,20131120,204500,46.0000,46.0400,45.9800,46.0000,35124,0
HFC.US,5,20131120,205000,46.0200,46.0500,46.0000,46.0100,14595,0
HFC.US,5,20131120,205500,46.0200,46.0400,46.0000,46.0200,21616,0
HFC.US,5,20131120,210000,46.0200,46.0400,45.9900,46.0300,29702,0
HFC.US,5,20131120,210500,46.0300,46.0300,45.9200,45.9300,29960,0
HFC.US,5,20131120,211000,45.9400,45.9800,45.9300,45.9600,38688,0
HFC.US,5,20131120,211500,45.9600,45.9800,45.9300,45.9500,47477,0
HFC.US,5,20131120,212000,45.9400,45.9700,45.9200,45.9500,46453,0
HFC.US,5,20131120,212500,45.9400,46.0100,45.9300,45.9900,86549,0
HFC.US,5,20131120,213000,46.0000,46.0100,45.9500,45.9900,53044,0
HFC.US,5,20131120,213500,45.9800,46.0100,45.9600,45.9600,40447,0
HFC.US,5,20131120,214000,45.9600,46.0000,45.9400,45.9600,42779,0
HFC.US,5,20131120,214500,45.9600,46.0300,45.9500,45.9800,84120,0
HFC.US,5,20131120,215000,45.9900,46.0300,45.9500,46.0000,51030,0
HFC.US,5,20131120,215500,45.9900,46.0400,45.9800,45.9800,54816,0
HFC.US,5,20131120,220000,45.9900,46.1000,45.9800,46.0600,103070,0
HFC.US,5,20131120,220500,46.0600,46.0600,46.0600,46.0600,58835,0
HFC.US,5,20131121,153500,46.1500,46.2300,45.8800,45.9500,77982,0
HFC.US,5,20131121,154000,45.9700,46.1300,45.9400,46.1300,58157,0
HFC.US,5,20131121,154500,46.1300,46.2200,46.0600,46.2200,51880,0
HFC.US,5,20131121,155000,46.2200,46.2600,45.9500,46.0000,47514,0
HFC.US,5,20131121,155500,46.0200,46.0700,45.9300,45.9900,26729,0
HFC.US,5,20131121,160000,45.9800,46.1000,45.9400,46.0400,28877,0
HFC.US,5,20131121,160500,46.0600,46.0900,45.7900,45.7900,30418,0
HFC.US,5,20131121,161000,45.8100,45.8500,45.5900,45.5900,69727,0
HFC.US,5,20131121,161500,45.5900,45.7000,45.5700,45.6100,47689,0
HFC.US,5,20131121,162000,45.6100,45.7200,45.5900,45.7100,32600,0
HFC.US,5,20131121,162500,45.7100,45.8000,45.6500,45.7000,24810,0
HFC.US,5,20131121,163000,45.7000,45.7900,45.6600,45.6900,51042,0
HFC.US,5,20131121,163500,45.6700,45.7600,45.6200,45.7000,33358,0
HFC.US,5,20131121,164000,45.7200,45.7700,45.6800,45.7100,22590,0
HFC.US,5,20131121,164500,45.7100,45.7600,45.6400,45.6600,41602,0
HFC.US,5,20131121,165000,45.6600,45.8800,45.6600,45.8000,58359,0
HFC.US,5,20131121,165500,45.7800,45.8400,45.7400,45.8400,33508,0
HFC.US,5,20131121,170000,45.8300,45.8400,45.7400,45.7700,27093,0
HFC.US,5,20131121,170500,45.7900,45.9000,45.7900,45.8800,29839,0
HFC.US,5,20131121,171000,45.8700,45.8900,45.8400,45.8700,17826,0
HFC.US,5,20131121,171500,45.8600,45.9100,45.8600,45.8600,16348,0
HFC.US,5,20131121,172000,45.8700,45.9600,45.8700,45.9100,14052,0
HFC.US,5,20131121,172500,45.9000,45.9200,45.8700,45.8700,14360,0
HFC.US,5,20131121,173000,45.8900,45.9400,45.8800,45.9200,5900,0
HFC.US,5,20131121,173500,45.9200,45.9500,45.9000,45.9200,17764,0
HFC.US,5,20131121,174000,45.9000,45.9400,45.8800,45.9200,25458,0
HFC.US,5,20131121,174500,45.9200,45.9400,45.8700,45.8900,24471,0
HFC.US,5,20131121,175000,45.8900,45.9500,45.8700,45.9000,38739,0
HFC.US,5,20131121,175500,45.9000,45.9000,45.8500,45.8600,28836,0
HFC.US,5,20131121,180000,45.8600,45.8900,45.8500,45.8600,17678,0
HFC.US,5,20131121,180500,45.8500,45.8500,45.7700,45.7700,26054,0
HFC.US,5,20131121,181000,45.7700,45.7900,45.6700,45.6900,23204,0
HFC.US,5,20131121,181500,45.7000,45.7000,45.5700,45.6200,65030,0
HFC.US,5,20131121,182000,45.6200,45.6700,45.6000,45.6700,16558,0
HFC.US,5,20131121,182500,45.6700,45.7100,45.6100,45.6200,52518,0
HFC.US,5,20131121,183000,45.6200,45.6600,45.6100,45.6200,23860,0
HFC.US,5,20131121,183500,45.6300,45.6300,45.5900,45.6000,30250,0
HFC.US,5,20131121,184000,45.5900,45.6000,45.5800,45.5800,14500,0
HFC.US,5,20131121,184500,45.5800,45.6000,45.5300,45.5500,54389,0
HFC.US,5,20131121,185000,45.5500,45.5700,45.5300,45.5400,48001,0
HFC.US,5,20131121,185500,45.5300,45.5800,45.5300,45.5700,20411,0
HFC.US,5,20131121,190000,45.5800,45.5800,45.5200,45.5500,17238,0
HFC.US,5,20131121,190500,45.5500,45.5700,45.5400,45.5600,20333,0
HFC.US,5,20131121,191000,45.5600,45.5800,45.5300,45.5700,20519,0
HFC.US,5,20131121,191500,45.5500,45.6000,45.5400,45.5800,23498,0
HFC.US,5,20131121,192000,45.5800,45.6100,45.5600,45.5700,26903,0
HFC.US,5,20131121,192500,45.5700,45.5900,45.5600,45.5600,28658,0
HFC.US,5,20131121,193000,45.5700,45.5900,45.5300,45.5400,45743,0
HFC.US,5,20131121,193500,45.5300,45.5600,45.5100,45.5300,43473,0
HFC.US,5,20131121,194000,45.5300,45.5800,45.5100,45.5600,34408,0
HFC.US,5,20131121,194500,45.5700,45.6300,45.5300,45.6200,43737,0
HFC.US,5,20131121,195000,45.6300,45.8300,45.6300,45.8200,92492,0
HFC.US,5,20131121,195500,45.8200,45.8200,45.6400,45.6400,54592,0
HFC.US,5,20131121,200000,45.6400,45.7100,45.6200,45.7000,38693,0
HFC.US,5,20131121,200500,45.7000,45.7600,45.7000,45.7300,48743,0
HFC.US,5,20131121,201000,45.7300,45.8000,45.7300,45.7400,25006,0
HFC.US,5,20131121,201500,45.7400,45.8400,45.7300,45.8000,88376,0
HFC.US,5,20131121,202000,45.8000,45.8000,45.7400,45.7700,19666,0
HFC.US,5,20131121,202500,45.7900,45.8000,45.7400,45.7900,32834,0
HFC.US,5,20131121,203000,45.7900,45.8000,45.7200,45.7300,58772,0
HFC.US,5,20131121,203500,45.7400,45.7900,45.6800,45.6800,83930,0
HFC.US,5,20131121,204000,45.6900,45.7900,45.6900,45.7500,26817,0
HFC.US,5,20131121,204500,45.7600,45.7800,45.7000,45.7700,67651,0
HFC.US,5,20131121,205000,45.7700,45.8000,45.7300,45.7300,54949,0
HFC.US,5,20131121,205500,45.7200,45.7600,45.6600,45.6800,47498,0
HFC.US,5,20131121,210000,45.6700,45.7100,45.6600,45.6700,27262,0
HFC.US,5,20131121,210500,45.6700,45.7000,45.6500,45.6800,50441,0
HFC.US,5,20131121,211000,45.6700,45.6700,45.6000,45.6500,50658,0
HFC.US,5,20131121,211500,45.6600,45.6800,45.6500,45.6500,26976,0
HFC.US,5,20131121,212000,45.6500,45.7400,45.6500,45.6900,42616,0
HFC.US,5,20131121,212500,45.6900,45.7000,45.6400,45.6600,59331,0
HFC.US,5,20131121,213000,45.6500,45.6700,45.6300,45.6400,58018,0
HFC.US,5,20131121,213500,45.6500,45.7100,45.6400,45.7100,71742,0
HFC.US,5,20131121,214000,45.7100,45.7300,45.6400,45.6400,88991,0
HFC.US,5,20131121,214500,45.6400,45.6500,45.5600,45.5700,104395,0
HFC.US,5,20131121,215000,45.5800,45.6000,45.5500,45.5600,151748,0
HFC.US,5,20131121,215500,45.5600,45.6000,45.5300,45.5400,182907,0
HFC.US,5,20131121,220000,45.5400,45.6400,45.5100,45.6000,220987,0
HFC.US,5,20131121,220500,45.6100,45.6200,45.6100,45.6200,62715,0
HFC.US,5,20131122,153500,45.8600,46.4600,45.8600,46.4600,53027,0
HFC.US,5,20131122,154000,46.4600,46.7500,46.2000,46.7200,128594,0
HFC.US,5,20131122,154500,46.7400,46.7400,46.4800,46.5900,50193,0
HFC.US,5,20131122,155000,46.5900,46.6300,46.3800,46.4000,82710,0
HFC.US,5,20131122,155500,46.3800,46.5200,46.3200,46.4500,127777,0
HFC.US,5,20131122,160000,46.4300,46.5000,46.3700,46.4200,98204,0
HFC.US,5,20131122,160500,46.4100,46.4400,46.2700,46.4100,82254,0
HFC.US,5,20131122,161000,46.4100,46.4300,46.3400,46.3400,56197,0
HFC.US,5,20131122,161500,46.3400,46.3600,46.2200,46.2300,47290,0
HFC.US,5,20131122,162000,46.2000,46.3300,46.1600,46.3200,44476,0
HFC.US,5,20131122,162500,46.3200,46.3200,46.1300,46.1600,50524,0
HFC.US,5,20131122,163000,46.1500,46.1700,45.9700,46.0100,70508,0
HFC.US,5,20131122,163500,46.0100,46.0300,45.8800,45.8900,64412,0
HFC.US,5,20131122,164000,45.9100,46.1300,45.9000,46.1300,36391,0
HFC.US,5,20131122,164500,46.1500,46.1800,46.0400,46.1400,24764,0
HFC.US,5,20131122,165000,46.1600,46.1600,46.0000,46.0600,34756,0
HFC.US,5,20131122,165500,46.0700,46.1000,45.9300,45.9500,26720,0
HFC.US,5,20131122,170000,45.9400,45.9600,45.8700,45.8700,28512,0
HFC.US,5,20131122,170500,45.8600,45.9000,45.8600,45.9000,8861,0
HFC.US,5,20131122,171000,45.9000,45.9400,45.8600,45.8700,19327,0
HFC.US,5,20131122,171500,45.8600,45.9400,45.6800,45.7000,78396,0
HFC.US,5,20131122,172000,45.7000,45.7900,45.6700,45.7000,45252,0
HFC.US,5,20131122,172500,45.7000,45.7000,45.6000,45.6100,39549,0
HFC.US,5,20131122,173000,45.6200,45.6500,45.5900,45.6000,17364,0
HFC.US,5,20131122,173500,45.6000,45.6100,45.5800,45.6000,29653,0
HFC.US,5,20131122,174000,45.5900,45.5900,45.5200,45.5800,22338,0
HFC.US,5,20131122,174500,45.5800,45.6800,45.5800,45.6800,11865,0
HFC.US,5,20131122,175000,45.6800,45.6900,45.6500,45.6500,14600,0
HFC.US,5,20131122,175500,45.6600,45.6900,45.6200,45.6800,15556,0
HFC.US,5,20131122,180000,45.6800,45.6900,45.5800,45.6600,43401,0
HFC.US,5,20131122,180500,45.6500,45.6700,45.5700,45.5700,17339,0
HFC.US,5,20131122,181000,45.5800,45.6000,45.5100,45.5400,29500,0
HFC.US,5,20131122,181500,45.5400,45.5600,45.5100,45.5300,20583,0
HFC.US,5,20131122,182000,45.5500,45.9900,45.4700,45.9300,206142,0
HFC.US,5,20131122,182500,45.9300,45.9300,45.7700,45.8000,72953,0
HFC.US,5,20131122,183000,45.8000,45.8000,45.7200,45.7400,20506,0
HFC.US,5,20131122,183500,45.7400,45.8600,45.7300,45.8200,35334,0
HFC.US,5,20131122,184000,45.8200,45.8500,45.8000,45.8000,35989,0
HFC.US,5,20131122,184500,45.8000,45.9300,45.8000,45.8500,89635,0
HFC.US,5,20131122,185000,45.8500,45.8600,45.7700,45.7800,25128,0
HFC.US,5,20131122,185500,45.7800,45.7900,45.7100,45.7400,15286,0
HFC.US,5,20131122,190000,45.7500,45.8300,45.7500,45.8000,14049,0
HFC.US,5,20131122,190500,45.8100,45.8900,45.8100,45.8700,21448,0
HFC.US,5,20131122,191000,45.8700,45.9300,45.8700,45.8800,26192,0
HFC.US,5,20131122,191500,45.8700,45.8900,45.8600,45.8800,25469,0
HFC.US,5,20131122,192000,45.8800,45.9000,45.8200,45.8200,25603,0
HFC.US,5,20131122,192500,45.8200,45.9000,45.8100,45.8800,23021,0
HFC.US,5,20131122,193000,45.8900,45.9000,45.8400,45.8500,32333,0
HFC.US,5,20131122,193500,45.8500,45.8700,45.8200,45.8300,11777,0
HFC.US,5,20131122,194000,45.8300,45.8800,45.8200,45.8300,25083,0
HFC.US,5,20131122,194500,45.8400,45.8500,45.8000,45.8300,14634,0
HFC.US,5,20131122,195000,45.8300,45.8800,45.8200,45.8600,27258,0
HFC.US,5,20131122,195500,45.8500,45.8500,45.8100,45.8200,36182,0
HFC.US,5,20131122,200000,45.8100,45.8200,45.7600,45.8200,48913,0
HFC.US,5,20131122,200500,45.8200,45.8200,45.7400,45.7900,114106,0
HFC.US,5,20131122,201000,45.7900,45.8700,45.7900,45.8700,20365,0
HFC.US,5,20131122,201500,45.8800,45.9700,45.8800,45.9400,32508,0
HFC.US,5,20131122,202000,45.9500,46.0800,45.9500,46.0700,29637,0
HFC.US,5,20131122,202500,46.0600,46.1700,46.0600,46.1400,29017,0
HFC.US,5,20131122,203000,46.1200,46.2700,46.1200,46.2400,56857,0
HFC.US,5,20131122,203500,46.2400,46.2900,46.2100,46.2300,32994,0
HFC.US,5,20131122,204000,46.2400,46.2500,46.0900,46.1100,49954,0
HFC.US,5,20131122,204500,46.1000,46.2700,46.0900,46.2700,42571,0
HFC.US,5,20131122,205000,46.2700,46.3200,46.2500,46.2600,27114,0
HFC.US,5,20131122,205500,46.2600,46.4100,46.2000,46.3700,81886,0
HFC.US,5,20131122,210000,46.3700,46.4300,46.3500,46.4000,35088,0
HFC.US,5,20131122,210500,46.4100,46.5300,46.3800,46.4400,61887,0
HFC.US,5,20131122,211000,46.4500,46.4500,46.3700,46.3900,37047,0
HFC.US,5,20131122,211500,46.3900,46.4000,46.2400,46.2700,112816,0
HFC.US,5,20131122,212000,46.2800,46.3800,46.2600,46.3000,47264,0
HFC.US,5,20131122,212500,46.2800,46.4200,46.2800,46.3700,52605,0
HFC.US,5,20131122,213000,46.3900,46.4300,46.3700,46.3800,51951,0
HFC.US,5,20131122,213500,46.3800,46.3900,46.3400,46.3700,55648,0
HFC.US,5,20131122,214000,46.3700,46.3900,46.3500,46.3600,62451,0
HFC.US,5,20131122,214500,46.3700,46.3700,46.3500,46.3600,71825,0
HFC.US,5,20131122,215000,46.3600,46.3800,46.3300,46.3400,86755,0
HFC.US,5,20131122,215500,46.3500,46.4000,46.3400,46.3900,93476,0
HFC.US,5,20131122,220000,46.3800,46.4000,46.3400,46.3800,128418,0
HFC.US,5,20131122,220500,46.3900,46.3900,46.3900,46.3900,62818,0
HFC.US,5,20131125,153500,46.6400,46.6400,46.2900,46.3800,76313,0
HFC.US,5,20131125,154000,46.3900,46.5100,46.3100,46.4200,80187,0
HFC.US,5,20131125,154500,46.4000,46.5300,46.2900,46.4700,59658,0
HFC.US,5,20131125,155000,46.4500,46.4800,46.2300,46.3300,40536,0
HFC.US,5,20131125,155500,46.3200,46.3900,46.2500,46.2800,60207,0
HFC.US,5,20131125,160000,46.2700,46.4100,46.2400,46.4000,48589,0
HFC.US,5,20131125,160500,46.4000,46.4600,46.3300,46.3500,65526,0
HFC.US,5,20131125,161000,46.3500,46.5300,46.3300,46.5200,60566,0
HFC.US,5,20131125,161500,46.5300,46.6500,46.5200,46.5800,72518,0
HFC.US,5,20131125,162000,46.6000,46.6500,46.5500,46.6300,88560,0
HFC.US,5,20131125,162500,46.6500,46.7200,46.5800,46.6300,28149,0
HFC.US,5,20131125,163000,46.6300,46.6600,46.5200,46.5800,19869,0
HFC.US,5,20131125,163500,46.5500,46.6400,46.5500,46.5600,19188,0
HFC.US,5,20131125,164000,46.5300,46.6700,46.4400,46.6600,97783,0
HFC.US,5,20131125,164500,46.6500,46.6800,46.6000,46.6000,34808,0
HFC.US,5,20131125,165000,46.6100,46.7200,46.6000,46.7200,64350,0
HFC.US,5,20131125,165500,46.7200,46.8800,46.7100,46.8800,60790,0
HFC.US,5,20131125,170000,46.8700,46.9300,46.8700,46.9200,41035,0
HFC.US,5,20131125,170500,46.9300,46.9600,46.8700,46.8800,47796,0
HFC.US,5,20131125,171000,46.8800,46.9400,46.8000,46.9300,49908,0
HFC.US,5,20131125,171500,46.9300,46.9400,46.8000,46.8300,39601,0
HFC.US,5,20131125,172000,46.8500,46.9700,46.7900,46.8000,66873,0
HFC.US,5,20131125,172500,46.8000,46.9200,46.8000,46.8500,79707,0
HFC.US,5,20131125,173000,46.8300,46.9400,46.8200,46.8200,58359,0
HFC.US,5,20131125,173500,46.8100,46.8200,46.6800,46.7700,47895,0
HFC.US,5,20131125,174000,46.7800,46.8000,46.7200,46.8000,33668,0
HFC.US,5,20131125,174500,46.7900,46.9200,46.7700,46.8500,59129,0
HFC.US,5,20131125,175000,46.8500,46.9500,46.8000,46.9500,31097,0
HFC.US,5,20131125,175500,46.9500,47.0900,46.9100,47.0800,53628,0
HFC.US,5,20131125,180000,47.0800,47.1800,47.0800,47.1400,65456,0
HFC.US,5,20131125,180500,47.1300,47.1400,47.0500,47.1200,66393,0
HFC.US,5,20131125,181000,47.1000,47.1100,47.0100,47.0900,27757,0
HFC.US,5,20131125,181500,47.0800,47.0900,46.9900,46.9900,33463,0
HFC.US,5,20131125,182000,47.0000,47.0500,46.9900,47.0100,12961,0
HFC.US,5,20131125,182500,47.0100,47.1500,47.0100,47.1000,52363,0
HFC.US,5,20131125,183000,47.0800,47.1000,47.0700,47.0700,12525,0
HFC.US,5,20131125,183500,47.0900,47.1100,47.0600,47.0900,25847,0
HFC.US,5,20131125,184000,47.0900,47.0900,47.0400,47.0900,33758,0
HFC.US,5,20131125,184500,47.1100,47.1200,47.0500,47.0700,58949,0
HFC.US,5,20131125,185000,47.0500,47.0800,47.0200,47.0600,57857,0
HFC.US,5,20131125,185500,47.0600,47.1200,47.0600,47.0700,16319,0
HFC.US,5,20131125,190000,47.0500,47.2000,47.0200,47.2000,82751,0
HFC.US,5,20131125,190500,47.1800,47.2200,47.1500,47.2000,31741,0
HFC.US,5,20131125,191000,47.1800,47.2200,47.1700,47.2100,17445,0
HFC.US,5,20131125,191500,47.2100,47.2200,47.1700,47.2000,28702,0
HFC.US,5,20131125,192000,47.2000,47.2300,47.1800,47.2300,41975,0
HFC.US,5,20131125,192500,47.2200,47.3000,47.2000,47.2900,35276,0
HFC.US,5,20131125,193000,47.3000,47.3900,47.2900,47.3900,44596,0
HFC.US,5,20131125,193500,47.3800,47.4700,47.3800,47.4600,87614,0
HFC.US,5,20131125,194000,47.4600,47.4900,47.3100,47.3300,79333,0
HFC.US,5,20131125,194500,47.3300,47.4300,47.3300,47.3800,28195,0
HFC.US,5,20131125,195000,47.4000,47.4500,47.3600,47.4300,47779,0
HFC.US,5,20131125,195500,47.4200,47.5900,47.3700,47.5800,84972,0
HFC.US,5,20131125,200000,47.5700,47.6500,47.5500,47.6200,60511,0
HFC.US,5,20131125,200500,47.6300,47.6300,47.5100,47.5700,28666,0
HFC.US,5,20131125,201000,47.5600,47.5900,47.5000,47.5200,55417,0
HFC.US,5,20131125,201500,47.5300,47.6700,47.5300,47.6600,30191,0
HFC.US,5,20131125,202000,47.6600,47.7000,47.6200,47.6300,23536,0
HFC.US,5,20131125,202500,47.6300,47.6500,47.5300,47.5600,29213,0
HFC.US,5,20131125,203000,47.5400,47.5900,47.4900,47.5000,23661,0
HFC.US,5,20131125,203500,47.5000,47.5400,47.4900,47.5000,23691,0
HFC.US,5,20131125,204000,47.5000,47.6300,47.4900,47.6300,39201,0
HFC.US,5,20131125,204500,47.6300,47.6300,47.5000,47.5400,18095,0
HFC.US,5,20131125,205000,47.5400,47.5700,47.4500,47.4500,109029,0
HFC.US,5,20131125,205500,47.4500,47.5600,47.4500,47.5000,88155,0
HFC.US,5,20131125,210000,47.4500,47.4500,47.3800,47.4200,26150,0
HFC.US,5,20131125,210500,47.4000,47.4000,47.3400,47.3500,30020,0
HFC.US,5,20131125,211000,47.3600,47.5400,47.3600,47.4600,91858,0
HFC.US,5,20131125,211500,47.4500,47.5200,47.4200,47.4900,93038,0
HFC.US,5,20131125,212000,47.5000,47.5400,47.4300,47.4700,80181,0
HFC.US,5,20131125,212500,47.4800,47.5000,47.3600,47.3700,103049,0
HFC.US,5,20131125,213000,47.3700,47.5800,47.3600,47.5800,138202,0
HFC.US,5,20131125,213500,47.5700,47.6000,47.5200,47.5500,67901,0
HFC.US,5,20131125,214000,47.5500,47.5900,47.5300,47.5600,74007,0
HFC.US,5,20131125,214500,47.5600,47.6100,47.5500,47.6100,95146,0
HFC.US,5,20131125,215000,47.6200,47.6600,47.6100,47.6400,111865,0
HFC.US,5,20131125,215500,47.6300,47.6400,47.5600,47.5800,119443,0
HFC.US,5,20131125,220000,47.5700,47.5800,47.5000,47.5500,186041,0
HFC.US,5,20131125,220500,47.5500,47.5500,47.5500,47.5500,57200,0
HFC.US,5,20131126,153500,47.1700,47.1700,47.0200,47.0700,65437,0
HFC.US,5,20131126,154000,47.0700,47.0700,46.8300,46.8500,101697,0
HFC.US,5,20131126,154500,46.8500,46.8500,46.5000,46.5400,145843,0
HFC.US,5,20131126,155000,46.5500,46.5900,46.2200,46.4200,151481,0
HFC.US,5,20131126,155500,46.4300,46.5200,46.3000,46.3500,100136,0
HFC.US,5,20131126,160000,46.3500,46.6400,46.2900,46.5900,70722,0
HFC.US,5,20131126,160500,46.5600,46.6800,46.4200,46.5500,74875,0
HFC.US,5,20131126,161000,46.5500,46.7900,46.5500,46.7400,64520,0
HFC.US,5,20131126,161500,46.7700,46.9000,46.6700,46.7500,61610,0
HFC.US,5,20131126,162000,46.7700,46.8400,46.7200,46.7300,36539,0
HFC.US,5,20131126,162500,46.7300,46.9100,46.7300,46.9000,78968,0
HFC.US,5,20131126,163000,46.9000,46.9200,46.8200,46.9100,65227,0
HFC.US,5,20131126,163500,46.9000,46.9800,46.8400,46.9500,75408,0
HFC.US,5,20131126,164000,46.9600,47.1200,46.9100,47.0700,55995,0
HFC.US,5,20131126,164500,47.0500,47.1300,47.0300,47.1300,64632,0
HFC.US,5,20131126,165000,47.1100,47.1200,47.0300,47.0500,45446,0
HFC.US,5,20131126,165500,47.0500,47.0700,46.9500,47.0300,46307,0
HFC.US,5,20131126,170000,47.0300,47.0400,46.9200,47.0100,39979,0
HFC.US,5,20131126,170500,47.0000,47.0600,46.9800,47.0400,33060,0
HFC.US,5,20131126,171000,47.0400,47.2100,46.9900,47.1600,106176,0
HFC.US,5,20131126,171500,47.1600,47.2700,47.1500,47.2300,139965,0
HFC.US,5,20131126,172000,47.2200,47.3700,47.2200,47.3500,47038,0
HFC.US,5,20131126,172500,47.3500,47.4000,47.3000,47.3600,59645,0
HFC.US,5,20131126,173000,47.3600,47.4800,47.3600,47.4000,42652,0
HFC.US,5,20131126,173500,47.4100,47.4200,47.0600,47.0700,49946,0
HFC.US,5,20131126,174000,47.0600,47.1100,46.9800,47.0900,25406,0
HFC.US,5,20131126,174500,47.0900,47.1700,47.0600,47.1000,20247,0
HFC.US,5,20131126,175000,47.1000,47.1100,46.9000,46.9000,26144,0
HFC.US,5,20131126,175500,46.9100,47.0000,46.8900,46.9600,20861,0
HFC.US,5,20131126,180000,46.9600,47.0500,46.9600,47.0000,26728,0
HFC.US,5,20131126,180500,47.0000,47.0300,46.9500,46.9500,14550,0
HFC.US,5,20131126,181000,46.9300,46.9400,46.9000,46.9000,25851,0
HFC.US,5,20131126,181500,46.9000,46.9700,46.9000,46.9100,12629,0
HFC.US,5,20131126,182000,46.9100,46.9300,46.8900,46.8900,24333,0
HFC.US,5,20131126,182500,46.8900,46.9600,46.8900,46.9300,15762,0
HFC.US,5,20131126,183000,46.9300,46.9600,46.9100,46.9200,64495,0
HFC.US,5,20131126,183500,46.9300,46.9500,46.8900,46.9300,22326,0
HFC.US,5,20131126,184000,46.9400,46.9800,46.9200,46.9800,18225,0
HFC.US,5,20131126,184500,46.9800,46.9800,46.9300,46.9600,39230,0
HFC.US,5,20131126,185000,46.9600,47.0000,46.9400,46.9700,19772,0
HFC.US,5,20131126,185500,46.9800,47.0300,46.9800,47.0300,18287,0
HFC.US,5,20131126,190000,47.0300,47.0600,46.9800,47.0500,12612,0
HFC.US,5,20131126,190500,47.0500,47.0600,47.0000,47.0400,14865,0
HFC.US,5,20131126,191000,47.0400,47.1400,47.0400,47.1400,10010,0
HFC.US,5,20131126,191500,47.1400,47.1800,47.1300,47.1600,17926,0
HFC.US,5,20131126,192000,47.1700,47.1800,47.0000,47.0400,68399,0
HFC.US,5,20131126,192500,47.0500,47.1300,47.0400,47.0900,33458,0
HFC.US,5,20131126,193000,47.0800,47.0800,47.0000,47.0000,8150,0
HFC.US,5,20131126,193500,47.0000,47.1500,47.0000,47.1500,18395,0
HFC.US,5,20131126,194000,47.1600,47.1700,47.1200,47.1500,13308,0
HFC.US,5,20131126,194500,47.1600,47.1700,47.1000,47.1500,12748,0
HFC.US,5,20131126,195000,47.1500,47.1700,47.1300,47.1600,15528,0
HFC.US,5,20131126,195500,47.1600,47.1600,47.1000,47.1000,22175,0
HFC.US,5,20131126,200000,47.1100,47.1900,47.1000,47.1300,28964,0
HFC.US,5,20131126,200500,47.1300,47.1300,46.9900,47.0000,45724,0
HFC.US,5,20131126,201000,47.0000,47.0000,46.9300,46.9600,32662,0
HFC.US,5,20131126,201500,46.9800,46.9800,46.9000,46.9200,11486,0
HFC.US,5,20131126,202000,46.9100,46.9600,46.9000,46.9200,23716,0
HFC.US,5,20131126,202500,46.9200,46.9600,46.8900,46.9200,24352,0
HFC.US,5,20131126,203000,46.9200,46.9200,46.8400,46.9100,25927,0
HFC.US,5,20131126,203500,46.9000,46.9400,46.8300,46.8300,24814,0
HFC.US,5,20131126,204000,46.8300,46.8800,46.8200,46.8600,17290,0
HFC.US,5,20131126,204500,46.8500,46.8500,46.7500,46.7700,23745,0
HFC.US,5,20131126,205000,46.7700,46.7700,46.7400,46.7500,37971,0
HFC.US,5,20131126,205500,46.7500,46.8900,46.7500,46.8500,22017,0
HFC.US,5,20131126,210000,46.8500,46.9000,46.8400,46.8600,17102,0
HFC.US,5,20131126,210500,46.8600,46.8900,46.8400,46.8900,17797,0
HFC.US,5,20131126,211000,46.8900,46.9100,46.8500,46.8600,18120,0
HFC.US,5,20131126,211500,46.8600,46.8900,46.8600,46.8700,35687,0
HFC.US,5,20131126,212000,46.8700,46.9100,46.8700,46.8900,57755,0
HFC.US,5,20131126,212500,46.8900,46.9100,46.8800,46.8900,47404,0
HFC.US,5,20131126,213000,46.8900,46.9600,46.8600,46.9400,51954,0
HFC.US,5,20131126,213500,46.9500,46.9900,46.9100,46.9100,51209,0
HFC.US,5,20131126,214000,46.9000,46.9300,46.8400,46.8400,66553,0
HFC.US,5,20131126,214500,46.8400,46.8400,46.8000,46.8000,37567,0
HFC.US,5,20131126,215000,46.7800,46.8000,46.6800,46.6900,55919,0
HFC.US,5,20131126,215500,46.7000,46.7300,46.6500,46.6900,78255,0
HFC.US,5,20131126,220000,46.6900,46.6900,46.6400,46.6700,89607,0
HFC.US,5,20131126,220500,46.6700,46.6700,46.6700,46.6700,275692,0
HFC.US,5,20131126,221500,46.6700,46.6700,46.6700,46.6700,14370,0
HFC.US,5,20131127,153500,46.7900,47.7500,46.7200,47.5900,85918,0
HFC.US,5,20131127,154000,47.5900,47.6500,47.4200,47.6000,93094,0
HFC.US,5,20131127,154500,47.6100,48.3400,47.5900,48.3100,201305,0
HFC.US,5,20131127,155000,48.3000,48.3300,47.9600,48.1700,132146,0
HFC.US,5,20131127,155500,48.2000,48.6000,48.2000,48.4000,193625,0
HFC.US,5,20131127,160000,48.4100,48.7200,48.4000,48.5700,143620,0
HFC.US,5,20131127,160500,48.5600,48.7900,48.5500,48.6300,146631,0
HFC.US,5,20131127,161000,48.6300,48.6700,48.4300,48.4600,99342,0
HFC.US,5,20131127,161500,48.4400,48.5100,48.2900,48.3900,162680,0
HFC.US,5,20131127,162000,48.4000,48.5000,48.3400,48.3500,83491,0
HFC.US,5,20131127,162500,48.3400,48.4400,48.2200,48.2400,83151,0
HFC.US,5,20131127,163000,48.2400,48.3800,48.2300,48.3300,163073,0
HFC.US,5,20131127,163500,48.3500,48.5000,48.3500,48.4500,40086,0
HFC.US,5,20131127,164000,48.4400,48.4900,48.3100,48.4200,42907,0
HFC.US,5,20131127,164500,48.4100,48.5400,48.3400,48.4900,75464,0
HFC.US,5,20131127,165000,48.4800,48.6700,48.4500,48.6300,52115,0
HFC.US,5,20131127,165500,48.6300,48.7300,48.5900,48.7200,50568,0
HFC.US,5,20131127,170000,48.7200,48.7900,48.6100,48.7600,115209,0
HFC.US,5,20131127,170500,48.7500,48.7900,48.6400,48.7100,52564,0
HFC.US,5,20131127,171000,48.7000,48.7800,48.6600,48.7400,47004,0
HFC.US,5,20131127,171500,48.7500,48.8100,48.7000,48.7600,41476,0
HFC.US,5,20131127,172000,48.7700,48.8200,48.6700,48.6700,57362,0
HFC.US,5,20131127,172500,48.6900,48.8500,48.6700,48.8000,103569,0
HFC.US,5,20131127,173000,48.8000,48.8700,48.6800,48.7900,60245,0
HFC.US,5,20131127,173500,48.7800,48.8200,48.6400,48.7000,46344,0
HFC.US,5,20131127,174000,48.7000,48.7100,48.6000,48.6200,38685,0
HFC.US,5,20131127,174500,48.6200,48.6700,48.5800,48.6700,26603,0
HFC.US,5,20131127,175000,48.6700,48.7000,48.5700,48.6600,37398,0
HFC.US,5,20131127,175500,48.6500,48.6800,48.5300,48.5600,28467,0
HFC.US,5,20131127,180000,48.5400,48.5400,48.3500,48.4200,101817,0
HFC.US,5,20131127,180500,48.4100,48.4900,48.3900,48.4900,29249,0
HFC.US,5,20131127,181000,48.4900,48.5300,48.4800,48.5300,42747,0
HFC.US,5,20131127,181500,48.5300,48.6000,48.4800,48.5100,21762,0
HFC.US,5,20131127,182000,48.4900,48.5200,48.3700,48.4400,26352,0
HFC.US,5,20131127,182500,48.4400,48.4400,48.3600,48.3700,15000,0
HFC.US,5,20131127,183000,48.3800,48.4100,48.3200,48.3400,20581,0
HFC.US,5,20131127,183500,48.3500,48.4300,48.3500,48.3800,18873,0
HFC.US,5,20131127,184000,48.3600,48.3900,48.3500,48.3800,16201,0
HFC.US,5,20131127,184500,48.3900,48.4500,48.3600,48.3900,54960,0
HFC.US,5,20131127,185000,48.3900,48.4300,48.3800,48.3900,21419,0
HFC.US,5,20131127,185500,48.3800,48.4400,48.3600,48.4000,17259,0
HFC.US,5,20131127,190000,48.3900,48.8500,48.3900,48.8000,407295,0
HFC.US,5,20131127,190500,48.7900,48.8600,48.7600,48.8000,112678,0
HFC.US,5,20131127,191000,48.8000,48.9600,48.7800,48.9100,89578,0
HFC.US,5,20131127,191500,48.9200,49.1600,48.9000,49.0300,116632,0
HFC.US,5,20131127,192000,49.0500,49.1400,49.0500,49.0900,72001,0
HFC.US,5,20131127,192500,49.0700,49.0800,48.9500,48.9900,54772,0
HFC.US,5,20131127,193000,48.9800,49.1300,48.9800,49.0900,38274,0
HFC.US,5,20131127,193500,49.0900,49.1100,49.0100,49.0100,42938,0
HFC.US,5,20131127,194000,49.0100,49.0800,49.0000,49.0800,28241,0
HFC.US,5,20131127,194500,49.0800,49.1300,49.0500,49.0700,27428,0
HFC.US,5,20131127,195000,49.0500,49.1000,49.0200,49.0200,24262,0
HFC.US,5,20131127,195500,49.0200,49.1000,49.0000,49.0800,48637,0
HFC.US,5,20131127,200000,49.0800,49.1900,49.0700,49.1800,66978,0
HFC.US,5,20131127,200500,49.1800,49.2500,49.1700,49.1700,52697,0
HFC.US,5,20131127,201000,49.1700,49.2800,49.1600,49.2700,48730,0
HFC.US,5,20131127,201500,49.2700,49.4200,49.2600,49.4100,95702,0
HFC.US,5,20131127,202000,49.4100,49.4500,49.3600,49.4100,84644,0
HFC.US,5,20131127,202500,49.4000,49.4000,49.2700,49.2700,49251,0
HFC.US,5,20131127,203000,49.2500,49.3000,49.1800,49.2100,62434,0
HFC.US,5,20131127,203500,49.1800,49.2100,49.1100,49.1100,43230,0
HFC.US,5,20131127,204000,49.1300,49.1900,49.0700,49.0800,50201,0
HFC.US,5,20131127,204500,49.0800,49.1200,49.0000,49.0700,44679,0
HFC.US,5,20131127,205000,49.0700,49.1600,49.0700,49.1400,99603,0
HFC.US,5,20131127,205500,49.1400,49.3400,49.1200,49.2600,142029,0
HFC.US,5,20131127,210000,49.2600,49.4600,49.2600,49.4500,93691,0
HFC.US,5,20131127,210500,49.4500,49.4500,49.3200,49.3900,57671,0
HFC.US,5,20131127,211000,49.3700,49.4200,49.3700,49.3900,30334,0
HFC.US,5,20131127,211500,49.3900,49.4000,49.3000,49.3100,49156,0
HFC.US,5,20131127,212000,49.3100,49.3500,49.2800,49.3400,39914,0
HFC.US,5,20131127,212500,49.3500,49.3500,49.2400,49.2400,47190,0
HFC.US,5,20131127,213000,49.2400,49.2700,49.1000,49.1600,99238,0
HFC.US,5,20131127,213500,49.1500,49.2500,49.1500,49.2200,78158,0
HFC.US,5,20131127,214000,49.2200,49.3900,49.2200,49.3300,94984,0
HFC.US,5,20131127,214500,49.3300,49.3500,49.2600,49.3200,82194,0
HFC.US,5,20131127,215000,49.3300,49.3700,49.2700,49.3600,125895,0
HFC.US,5,20131127,215500,49.3600,49.3800,49.3000,49.3400,134572,0
HFC.US,5,20131127,220000,49.3400,49.3500,49.3000,49.3000,166223,0
HFC.US,5,20131127,220500,49.3000,49.3000,49.3000,49.3000,135538,0
HFC.US,5,20131129,153500,49.3900,49.4600,48.7200,48.9800,54455,0
HFC.US,5,20131129,154000,49.0200,49.1700,48.7000,49.1600,38568,0
HFC.US,5,20131129,154500,49.1500,49.1500,48.7800,48.9600,38162,0
HFC.US,5,20131129,155000,48.9600,49.0000,48.8500,48.9900,28318,0
HFC.US,5,20131129,155500,48.9900,49.1600,48.9700,49.1300,45191,0
HFC.US,5,20131129,160000,49.1100,49.1100,48.9000,48.9600,38164,0
HFC.US,5,20131129,160500,48.9700,48.9700,48.8000,48.8200,48859,0
HFC.US,5,20131129,161000,48.8100,48.9000,48.8000,48.8700,19660,0
HFC.US,5,20131129,161500,48.8800,49.0300,48.8700,49.0300,31499,0
HFC.US,5,20131129,162000,49.0200,49.0300,48.9600,48.9700,39027,0
HFC.US,5,20131129,162500,48.9800,49.0000,48.8300,48.9000,113951,0
HFC.US,5,20131129,163000,48.9000,48.9100,48.8200,48.9000,31684,0
HFC.US,5,20131129,163500,48.9000,48.9000,48.7500,48.8500,51359,0
HFC.US,5,20131129,164000,48.8400,48.8400,48.7200,48.7400,41756,0
HFC.US,5,20131129,164500,48.7500,48.8000,48.5800,48.5800,49137,0
HFC.US,5,20131129,165000,48.5700,48.5800,48.1600,48.1700,103200,0
HFC.US,5,20131129,165500,48.1600,48.3400,48.1600,48.3400,104739,0
HFC.US,5,20131129,170000,48.3600,48.6700,48.3600,48.6100,65595,0
HFC.US,5,20131129,170500,48.6000,48.7500,48.6000,48.7000,84874,0
HFC.US,5,20131129,171000,48.7000,48.7000,48.5400,48.5500,55897,0
HFC.US,5,20131129,171500,48.5500,48.5600,48.4800,48.5200,73706,0
HFC.US,5,20131129,172000,48.4900,48.5600,48.3300,48.3600,95127,0
HFC.US,5,20131129,172500,48.3300,48.4700,48.3200,48.4700,44826,0
HFC.US,5,20131129,173000,48.4800,48.5000,48.3400,48.3400,43944,0
HFC.US,5,20131129,173500,48.3400,48.5200,48.3400,48.5000,37194,0
HFC.US,5,20131129,174000,48.5200,48.5900,48.4400,48.4500,39574,0
HFC.US,5,20131129,174500,48.4500,48.4500,48.4000,48.4000,27047,0
HFC.US,5,20131129,175000,48.3900,48.3900,48.3200,48.3200,32855,0
HFC.US,5,20131129,175500,48.3200,48.3200,48.2500,48.2600,35339,0
HFC.US,5,20131129,180000,48.2600,48.3400,48.2500,48.2700,84820,0
HFC.US,5,20131129,180500,48.2500,48.2600,48.1500,48.1500,54858,0
HFC.US,5,20131129,181000,48.1500,48.2100,48.1100,48.1300,34000,0
HFC.US,5,20131129,181500,48.1600,48.1600,48.0600,48.1000,43590,0
HFC.US,5,20131129,182000,48.1100,48.1100,48.0300,48.0400,37393,0
HFC.US,5,20131129,182500,48.0400,48.0400,47.8400,47.8700,83166,0
HFC.US,5,20131129,183000,47.8500,48.0100,47.8500,47.9500,71457,0
HFC.US,5,20131129,183500,47.9400,48.0700,47.9300,48.0400,47871,0
HFC.US,5,20131129,184000,48.0500,48.0700,47.9400,47.9600,54716,0
HFC.US,5,20131129,184500,47.9500,47.9700,47.8300,47.8500,67327,0
HFC.US,5,20131129,185000,47.8400,47.9000,47.7700,47.8600,83010,0
HFC.US,5,20131129,185500,47.8500,48.0100,47.8200,48.0100,107227,0
HFC.US,5,20131129,190000,48.0000,48.0300,47.9700,47.9900,174414,0
HFC.US,5,20131129,190500,47.9800,47.9800,47.9800,47.9800,78399,0
HFC.US,5,20131202,153500,48.1300,48.4900,48.1300,48.2200,85260,0
HFC.US,5,20131202,154000,48.3100,48.3600,47.8400,48.0300,62623,0
HFC.US,5,20131202,154500,47.9700,47.9800,47.5000,47.7900,88825,0
HFC.US,5,20131202,155000,47.7400,48.0500,47.7400,48.0000,82200,0
HFC.US,5,20131202,155500,48.0000,48.3600,48.0000,48.1500,32337,0
HFC.US,5,20131202,160000,48.1400,48.2400,48.0000,48.1500,23831,0
HFC.US,5,20131202,160500,48.1600,48.2500,48.1200,48.1400,31363,0
HFC.US,5,20131202,161000,48.1400,48.4100,48.1400,48.3300,41634,0
HFC.US,5,20131202,161500,48.3300,48.4400,48.1700,48.3000,67769,0
HFC.US,5,20131202,162000,48.3100,48.3400,48.1300,48.2200,88468,0
HFC.US,5,20131202,162500,48.2100,48.4100,48.1900,48.4000,21878,0
HFC.US,5,20131202,163000,48.4100,48.5700,48.4000,48.5300,33122,0
HFC.US,5,20131202,163500,48.5100,48.6800,48.4600,48.6000,53909,0
HFC.US,5,20131202,164000,48.6200,48.8700,48.5800,48.8400,93756,0
HFC.US,5,20131202,164500,48.8600,48.9100,48.7900,48.8000,35589,0
HFC.US,5,20131202,165000,48.7800,48.9000,48.6800,48.8800,31487,0
HFC.US,5,20131202,165500,48.8800,48.9800,48.7800,48.9600,67135,0
HFC.US,5,20131202,170000,48.9600,49.0600,48.9500,49.0600,78839,0
HFC.US,5,20131202,170500,49.0600,49.1300,49.0000,49.0000,61544,0
HFC.US,5,20131202,171000,49.0400,49.0400,48.9700,49.0200,42382,0
HFC.US,5,20131202,171500,49.0200,49.2200,49.0000,49.1900,92846,0
HFC.US,5,20131202,172000,49.1800,49.2400,49.0900,49.1100,51524,0
HFC.US,5,20131202,172500,49.1200,49.1600,49.1000,49.1000,16808,0
HFC.US,5,20131202,173000,49.1000,49.1300,49.0200,49.1300,37254,0
HFC.US,5,20131202,173500,49.1000,49.2500,49.1000,49.2100,28895,0
HFC.US,5,20131202,174000,49.2100,49.2400,49.2000,49.2000,23415,0
HFC.US,5,20131202,174500,49.2000,49.2100,48.9900,49.0300,29982,0
HFC.US,5,20131202,175000,49.0400,49.1700,49.0400,49.0600,18883,0
HFC.US,5,20131202,175500,49.0800,49.1300,49.0200,49.1100,22955,0
HFC.US,5,20131202,180000,49.1400,49.2200,49.0900,49.1600,28565,0
HFC.US,5,20131202,180500,49.1600,49.3500,49.1500,49.3500,35595,0
HFC.US,5,20131202,181000,49.3400,49.4500,49.3400,49.4100,53707,0
HFC.US,5,20131202,181500,49.4200,49.6400,49.3900,49.6300,68247,0
HFC.US,5,20131202,182000,49.6200,49.7100,49.6000,49.6100,58457,0
HFC.US,5,20131202,182500,49.6200,49.7200,49.6100,49.7000,29573,0
HFC.US,5,20131202,183000,49.6900,49.8200,49.6500,49.8200,50073,0
HFC.US,5,20131202,183500,49.8100,49.8500,49.7300,49.8300,63497,0
HFC.US,5,20131202,184000,49.8200,49.8300,49.7000,49.7100,31082,0
HFC.US,5,20131202,184500,49.7100,49.7200,49.5200,49.5600,44901,0
HFC.US,5,20131202,185000,49.5600,49.6100,49.5400,49.5800,35811,0
HFC.US,5,20131202,185500,49.5900,49.6400,49.4500,49.4700,38495,0
HFC.US,5,20131202,190000,49.4500,49.4800,49.3200,49.3200,23018,0
HFC.US,5,20131202,190500,49.3300,49.4400,49.3000,49.4400,28192,0
HFC.US,5,20131202,191000,49.4300,49.5700,49.4200,49.5500,16494,0
HFC.US,5,20131202,191500,49.5600,49.5600,49.5000,49.5200,11041,0
HFC.US,5,20131202,192000,49.5100,49.5500,49.4800,49.5400,25767,0
HFC.US,5,20131202,192500,49.5400,49.6400,49.5400,49.6300,13186,0
HFC.US,5,20131202,193000,49.6200,49.6300,49.6000,49.6100,12787,0
HFC.US,5,20131202,193500,49.6000,49.6200,49.6000,49.6000,22924,0
HFC.US,5,20131202,194000,49.6100,49.6500,49.5800,49.5900,27139,0
HFC.US,5,20131202,194500,49.5900,49.7600,49.5600,49.7500,42542,0
HFC.US,5,20131202,195000,49.7600,49.8000,49.7500,49.7500,18836,0
HFC.US,5,20131202,195500,49.7600,49.8600,49.7500,49.8600,39623,0
HFC.US,5,20131202,200000,49.8500,49.9400,49.7300,49.7300,33618,0
HFC.US,5,20131202,200500,49.7400,49.8000,49.7100,49.7200,14103,0
HFC.US,5,20131202,201000,49.7000,49.8100,49.6200,49.7500,22632,0
HFC.US,5,20131202,201500,49.7800,49.7800,49.5800,49.6500,17605,0
HFC.US,5,20131202,202000,49.6200,49.6200,49.5000,49.5400,17011,0
HFC.US,5,20131202,202500,49.5300,49.5300,49.4300,49.4700,46384,0
HFC.US,5,20131202,203000,49.4500,49.5400,49.4500,49.5000,24760,0
HFC.US,5,20131202,203500,49.5000,49.5500,49.3800,49.3800,26944,0
HFC.US,5,20131202,204000,49.3800,49.4800,49.3400,49.4500,30122,0
HFC.US,5,20131202,204500,49.4600,49.6000,49.4600,49.5100,21066,0
HFC.US,5,20131202,205000,49.5100,49.5100,49.4600,49.4700,9051,0
HFC.US,5,20131202,205500,49.4800,49.5100,49.4200,49.5000,11153,0
HFC.US,5,20131202,210000,49.5100,49.5100,49.4100,49.4700,18651,0
HFC.US,5,20131202,210500,49.4700,49.5400,49.3800,49.4000,15070,0
HFC.US,5,20131202,211000,49.3900,49.4200,49.3300,49.3300,13635,0
HFC.US,5,20131202,211500,49.3200,49.3600,49.2900,49.3100,22786,0
HFC.US,5,20131202,212000,49.3300,49.4100,49.3300,49.3800,21097,0
HFC.US,5,20131202,212500,49.3800,49.3800,49.3200,49.3600,16670,0
HFC.US,5,20131202,213000,49.3500,49.3500,49.2700,49.2800,26462,0
HFC.US,5,20131202,213500,49.2700,49.3200,49.2400,49.3200,42307,0
HFC.US,5,20131202,214000,49.3200,49.3700,49.2800,49.2800,67197,0
HFC.US,5,20131202,214500,49.2800,49.3200,49.2100,49.2200,63630,0
HFC.US,5,20131202,215000,49.2200,49.2300,49.1200,49.1800,76252,0
HFC.US,5,20131202,215500,49.1800,49.2000,49.1500,49.1800,80779,0
HFC.US,5,20131202,220000,49.1800,49.2300,49.1500,49.1700,171989,0
HFC.US,5,20131202,221000,49.1700,49.1700,49.1700,49.1700,1285401,0
HFC.US,5,20131203,153500,49.9400,50.1100,49.7000,50.0100,120526,0
HFC.US,5,20131203,154000,50.0200,50.6300,50.0200,50.4100,118342,0
HFC.US,5,20131203,154500,50.4600,50.4900,50.0500,50.1600,134243,0
HFC.US,5,20131203,155000,50.1800,50.2800,49.7800,49.8000,104335,0
HFC.US,5,20131203,155500,49.7900,50.0000,49.6300,49.8000,92454,0
HFC.US,5,20131203,160000,49.8000,50.3500,49.8000,50.3300,123949,0
HFC.US,5,20131203,160500,50.3500,50.3800,50.1800,50.2500,110410,0
HFC.US,5,20131203,161000,50.2200,50.2700,49.9000,49.9000,155757,0
HFC.US,5,20131203,161500,49.9400,50.0200,49.4900,49.5100,162017,0
HFC.US,5,20131203,162000,49.5100,50.1200,49.5100,49.8200,126720,0
HFC.US,5,20131203,162500,49.8100,50.0100,49.6900,49.9500,49290,0
HFC.US,5,20131203,163000,49.9500,49.9500,49.6700,49.8200,55914,0
HFC.US,5,20131203,163500,49.8200,49.9400,49.6700,49.7600,45461,0
HFC.US,5,20131203,164000,49.7500,49.7600,49.3700,49.3900,64106,0
HFC.US,5,20131203,164500,49.4100,49.5500,49.3400,49.5500,125638,0
HFC.US,5,20131203,165000,49.5500,49.5700,49.3100,49.3700,67413,0
HFC.US,5,20131203,165500,49.3500,49.4500,49.3500,49.3500,29733,0
HFC.US,5,20131203,170000,49.3400,49.4100,49.0200,49.0500,70055,0
HFC.US,5,20131203,170500,49.0500,49.0700,48.8000,48.9100,183402,0
HFC.US,5,20131203,171000,48.9300,48.9900,48.8000,48.8800,52985,0
HFC.US,5,20131203,171500,48.8800,48.9200,48.6400,48.8500,169518,0
HFC.US,5,20131203,172000,48.8600,48.8600,48.6300,48.6300,85496,0
HFC.US,5,20131203,172500,48.6300,48.6800,48.3900,48.4100,47621,0
HFC.US,5,20131203,173000,48.4200,48.5100,48.3100,48.4700,55391,0
HFC.US,5,20131203,173500,48.4800,48.6800,48.4700,48.6300,48426,0
HFC.US,5,20131203,174000,48.6300,48.7500,48.5500,48.7500,119151,0
HFC.US,5,20131203,174500,48.7500,48.7500,48.5800,48.6200,40375,0
HFC.US,5,20131203,175000,48.6100,48.6700,48.5600,48.6100,103483,0
HFC.US,5,20131203,175500,48.6200,48.7000,48.6000,48.6900,27952,0
HFC.US,5,20131203,180000,48.6900,48.7600,48.6500,48.6900,171687,0
HFC.US,5,20131203,180500,48.7200,48.7200,48.5300,48.6100,45411,0
HFC.US,5,20131203,181000,48.6100,48.8500,48.6100,48.8000,20942,0
HFC.US,5,20131203,181500,48.8000,48.8700,48.7400,48.8400,11300,0
HFC.US,5,20131203,182000,48.8300,48.8700,48.8000,48.8400,19190,0
HFC.US,5,20131203,182500,48.8400,48.9100,48.8200,48.8600,30278,0
HFC.US,5,20131203,183000,48.8600,48.9000,48.8300,48.8800,18069,0
HFC.US,5,20131203,183500,48.8800,48.9100,48.8500,48.9100,13432,0
HFC.US,5,20131203,184000,48.9100,49.0200,48.9100,48.9600,17848,0
HFC.US,5,20131203,184500,48.9900,49.0200,48.9700,49.0100,34369,0
HFC.US,5,20131203,185000,49.0100,49.0200,48.9400,48.9900,27951,0
HFC.US,5,20131203,185500,48.9800,49.0000,48.9200,48.9400,30171,0
HFC.US,5,20131203,190000,48.9400,48.9800,48.9400,48.9700,22820,0
HFC.US,5,20131203,190500,48.9800,49.0000,48.9200,48.9200,11054,0
HFC.US,5,20131203,191000,48.9300,48.9300,48.8500,48.9200,24505,0
HFC.US,5,20131203,191500,48.9400,48.9800,48.9100,48.9100,23872,0
HFC.US,5,20131203,192000,48.9100,48.9300,48.8300,48.9200,14304,0
HFC.US,5,20131203,192500,48.9200,48.9300,48.7700,48.7700,24959,0
HFC.US,5,20131203,193000,48.8000,48.8400,48.7700,48.7800,17300,0
HFC.US,5,20131203,193500,48.7900,48.8800,48.7900,48.8500,15248,0
HFC.US,5,20131203,194000,48.8400,48.8500,48.7500,48.7900,35913,0
HFC.US,5,20131203,194500,48.7900,48.8000,48.7400,48.7700,65927,0
HFC.US,5,20131203,195000,48.7800,48.9000,48.7800,48.8200,27399,0
HFC.US,5,20131203,195500,48.8200,48.8400,48.7600,48.7700,20377,0
HFC.US,5,20131203,200000,48.7600,48.8000,48.7400,48.7800,65717,0
HFC.US,5,20131203,200500,48.7600,48.8300,48.7600,48.8100,38967,0
HFC.US,5,20131203,201000,48.8200,48.8300,48.7500,48.7500,26654,0
HFC.US,5,20131203,201500,48.7600,48.8400,48.7500,48.8300,9867,0
HFC.US,5,20131203,202000,48.8200,48.8200,48.7400,48.7600,31904,0
HFC.US,5,20131203,202500,48.7800,48.7900,48.7300,48.7300,19471,0
HFC.US,5,20131203,203000,48.7200,48.7900,48.7000,48.7000,119651,0
HFC.US,5,20131203,203500,48.7000,48.7400,48.6200,48.6500,34626,0
HFC.US,5,20131203,204000,48.6800,48.7400,48.6100,48.6900,37278,0
HFC.US,5,20131203,204500,48.7100,48.7600,48.5600,48.5700,68023,0
HFC.US,5,20131203,205000,48.5700,48.6200,48.5200,48.5200,19569,0
HFC.US,5,20131203,205500,48.5300,48.5300,48.4500,48.4900,35917,0
HFC.US,5,20131203,210000,48.4900,48.5200,48.4200,48.4600,26390,0
HFC.US,5,20131203,210500,48.4600,48.5100,48.4300,48.5000,36168,0
HFC.US,5,20131203,211000,48.5000,48.5200,48.3400,48.3600,62584,0
HFC.US,5,20131203,211500,48.3700,48.4200,48.3200,48.3500,39640,0
HFC.US,5,20131203,212000,48.3600,48.4000,48.1900,48.2000,103617,0
HFC.US,5,20131203,212500,48.2100,48.4500,48.2000,48.4200,85410,0
HFC.US,5,20131203,213000,48.4200,48.5000,48.3900,48.4500,46708,0
HFC.US,5,20131203,213500,48.4500,48.5200,48.3800,48.4800,77882,0
HFC.US,5,20131203,214000,48.4800,48.5300,48.4500,48.5100,41879,0
HFC.US,5,20131203,214500,48.5000,48.5100,48.4500,48.4500,50635,0
HFC.US,5,20131203,215000,48.4600,48.4600,48.3200,48.3700,93686,0
HFC.US,5,20131203,215500,48.3800,48.4200,48.2900,48.3000,106539,0
HFC.US,5,20131203,220000,48.3000,48.3100,48.2300,48.2500,260812,0
HFC.US,5,20131203,220500,48.2500,48.2500,48.2500,48.2500,453270,0
HFC.US,5,20131204,153500,47.2000,47.2000,46.0600,46.1300,211105,0
HFC.US,5,20131204,154000,46.1200,46.4800,45.8800,45.8800,161964,0
HFC.US,5,20131204,154500,45.9000,46.1000,45.6200,45.9600,312296,0
HFC.US,5,20131204,155000,45.9700,46.3900,45.9500,46.3000,194006,0
HFC.US,5,20131204,155500,46.2800,46.5000,46.1800,46.2200,108293,0
HFC.US,5,20131204,160000,46.2300,46.4300,46.1300,46.3400,65688,0
HFC.US,5,20131204,160500,46.3400,46.4800,46.2500,46.3200,176535,0
HFC.US,5,20131204,161000,46.3300,46.3600,46.0800,46.3300,170311,0
HFC.US,5,20131204,161500,46.2600,46.3700,46.1700,46.3300,41115,0
HFC.US,5,20131204,162000,46.3300,46.5700,46.3000,46.5700,63346,0
HFC.US,5,20131204,162500,46.5700,46.5800,46.4200,46.4600,42204,0
HFC.US,5,20131204,163000,46.4600,46.5600,46.4400,46.5600,67985,0
HFC.US,5,20131204,163500,46.5500,46.8900,46.4900,46.7600,195912,0
HFC.US,5,20131204,164000,46.7600,46.9900,46.7600,46.9400,171770,0
HFC.US,5,20131204,164500,46.9500,47.1700,46.9300,47.1000,159887,0
HFC.US,5,20131204,165000,47.1100,47.5000,47.0800,47.2900,204730,0
HFC.US,5,20131204,165500,47.3000,47.4900,47.2500,47.4000,139480,0
HFC.US,5,20131204,170000,47.4100,47.4300,47.1000,47.2200,155794,0
HFC.US,5,20131204,170500,47.1900,47.2200,47.0300,47.1700,86370,0
HFC.US,5,20131204,171000,47.1600,47.2200,47.0800,47.0800,28440,0
HFC.US,5,20131204,171500,47.1100,47.1100,46.9500,46.9900,42784,0
HFC.US,5,20131204,172000,47.0000,47.0900,46.9600,47.0700,29510,0
HFC.US,5,20131204,172500,47.0600,47.1000,46.9600,46.9700,19430,0
HFC.US,5,20131204,173000,46.9700,46.9700,46.7600,46.8200,22948,0
HFC.US,5,20131204,173500,46.8300,47.0300,46.8300,46.9900,27118,0
HFC.US,5,20131204,174000,46.9900,47.1000,46.9400,46.9600,17570,0
HFC.US,5,20131204,174500,46.9600,47.1100,46.8900,47.0800,25048,0
HFC.US,5,20131204,175000,47.0800,47.1600,47.0700,47.0700,23419,0
HFC.US,5,20131204,175500,47.0600,47.0800,46.9900,47.0000,22042,0
HFC.US,5,20131204,180000,47.0000,47.1100,46.9900,47.0600,30855,0
HFC.US,5,20131204,180500,47.0500,47.0600,46.8400,46.9100,27703,0
HFC.US,5,20131204,181000,46.9000,46.9000,46.6800,46.7100,26267,0
HFC.US,5,20131204,181500,46.7100,46.7200,46.6000,46.6600,34414,0
HFC.US,5,20131204,182000,46.6400,46.6900,46.5700,46.6200,34116,0
HFC.US,5,20131204,182500,46.6200,46.6200,46.4700,46.4700,25215,0
HFC.US,5,20131204,183000,46.4700,46.4700,46.3700,46.4200,35267,0
HFC.US,5,20131204,183500,46.4400,46.4600,46.3900,46.4100,25235,0
HFC.US,5,20131204,184000,46.4200,46.4500,46.3100,46.3900,41864,0
HFC.US,5,20131204,184500,46.4100,46.4100,46.2500,46.2800,42723,0
HFC.US,5,20131204,185000,46.2700,46.3300,46.2300,46.2300,33134,0
HFC.US,5,20131204,185500,46.2300,46.3100,46.2300,46.2800,26072,0
HFC.US,5,20131204,190000,46.2700,46.3600,46.2600,46.3400,29709,0
HFC.US,5,20131204,190500,46.3600,46.4100,46.2900,46.2900,34083,0
HFC.US,5,20131204,191000,46.2900,46.2900,46.1300,46.1800,48010,0
HFC.US,5,20131204,191500,46.1700,46.1800,46.0500,46.0500,33129,0
HFC.US,5,20131204,192000,46.0500,46.0600,45.9300,46.0000,66461,0
HFC.US,5,20131204,192500,45.9900,46.0400,45.8700,45.8700,25268,0
HFC.US,5,20131204,193000,45.8800,45.8800,45.7100,45.7100,47657,0
HFC.US,5,20131204,193500,45.7200,45.9600,45.6800,45.8500,49480,0
HFC.US,5,20131204,194000,45.8600,45.8600,45.6900,45.7800,41336,0
HFC.US,5,20131204,194500,45.7800,45.7800,45.6400,45.6700,40206,0
HFC.US,5,20131204,195000,45.6700,45.8700,45.6400,45.8500,43565,0
HFC.US,5,20131204,195500,45.8300,45.9300,45.8100,45.9100,33717,0
HFC.US,5,20131204,200000,45.9100,45.9500,45.8500,45.9500,31138,0
HFC.US,5,20131204,200500,45.9400,45.9800,45.9100,45.9800,30350,0
HFC.US,5,20131204,201000,45.9800,46.0300,45.9500,46.0000,37981,0
HFC.US,5,20131204,201500,46.0100,46.0300,45.9400,45.9800,42649,0
HFC.US,5,20131204,202000,45.9800,45.9800,45.8700,45.8800,33378,0
HFC.US,5,20131204,202500,45.8900,45.9000,45.7900,45.8300,30165,0
HFC.US,5,20131204,203000,45.8400,45.9000,45.7800,45.8900,36416,0
HFC.US,5,20131204,203500,45.8900,46.0100,45.8900,45.9900,48782,0
HFC.US,5,20131204,204000,45.9900,46.1400,45.9800,46.1100,64049,0
HFC.US,5,20131204,204500,46.1100,46.2100,46.1100,46.1800,34443,0
HFC.US,5,20131204,205000,46.1700,46.1700,46.0400,46.0600,31623,0
HFC.US,5,20131204,205500,46.0600,46.0800,45.9900,45.9900,49591,0
HFC.US,5,20131204,210000,45.9900,46.0200,45.8600,45.9100,45121,0
HFC.US,5,20131204,210500,45.9200,45.9300,45.8100,45.8200,30262,0
HFC.US,5,20131204,211000,45.8300,45.9100,45.8300,45.8400,24985,0
HFC.US,5,20131204,211500,45.8400,45.8700,45.8100,45.8300,26257,0
HFC.US,5,20131204,212000,45.8400,45.9200,45.8300,45.9000,37206,0
HFC.US,5,20131204,212500,45.9000,45.9600,45.8800,45.9600,48977,0
HFC.US,5,20131204,213000,45.9500,45.9900,45.9400,45.9600,45690,0
HFC.US,5,20131204,213500,45.9600,45.9700,45.8500,45.8900,65090,0
HFC.US,5,20131204,214000,45.8900,45.8900,45.8500,45.8600,43823,0
HFC.US,5,20131204,214500,45.8600,45.9300,45.8600,45.9100,56372,0
HFC.US,5,20131204,215000,45.8800,45.9200,45.8100,45.8300,65110,0
HFC.US,5,20131204,215500,45.8300,45.8300,45.7800,45.8100,104258,0
HFC.US,5,20131204,220000,45.8100,45.8400,45.7800,45.8000,192928,0
HFC.US,5,20131204,220500,45.8000,45.8000,45.8000,45.8000,110936,0
HFC.US,5,20131205,153500,46.0900,46.5600,46.0900,46.3200,113460,0
HFC.US,5,20131205,154000,46.3000,47.0300,46.3000,46.9700,192780,0
HFC.US,5,20131205,154500,46.9900,47.0200,46.3600,46.3800,66009,0
HFC.US,5,20131205,155000,46.3600,46.3700,46.0900,46.1100,153987,0
HFC.US,5,20131205,155500,46.1000,46.1600,46.0100,46.1600,168217,0
HFC.US,5,20131205,160000,46.1500,46.4000,46.1500,46.3700,65526,0
HFC.US,5,20131205,160500,46.3900,46.5400,46.3500,46.4000,184639,0
HFC.US,5,20131205,161000,46.3900,46.3900,46.0900,46.1900,66666,0
HFC.US,5,20131205,161500,46.2100,46.2500,46.0900,46.1600,96958,0
HFC.US,5,20131205,162000,46.1600,46.2500,46.1500,46.2000,59074,0
HFC.US,5,20131205,162500,46.1900,46.2300,46.1100,46.1900,78805,0
HFC.US,5,20131205,163000,46.1900,46.2400,46.1100,46.1600,83921,0
HFC.US,5,20131205,163500,46.1800,46.2100,46.1400,46.1700,26702,0
HFC.US,5,20131205,164000,46.1700,46.1700,46.0000,46.1400,75850,0
HFC.US,5,20131205,164500,46.1300,46.2500,46.0200,46.0400,74217,0
HFC.US,5,20131205,165000,46.0500,46.0500,45.8600,45.9000,61594,0
HFC.US,5,20131205,165500,45.9000,45.9800,45.7200,45.7700,53430,0
HFC.US,5,20131205,170000,45.7800,45.8300,45.6400,45.6400,83844,0
HFC.US,5,20131205,170500,45.6400,45.6700,45.5300,45.6000,71587,0
HFC.US,5,20131205,171000,45.5800,45.6300,45.4400,45.4400,71132,0
HFC.US,5,20131205,171500,45.4500,45.5500,45.4400,45.4500,51725,0
HFC.US,5,20131205,172000,45.4500,46.1000,45.3500,45.3800,164856,0
HFC.US,5,20131205,172500,45.3900,45.4200,45.2700,45.3200,48706,0
HFC.US,5,20131205,173000,45.3200,45.6000,45.2800,45.4400,87417,0
HFC.US,5,20131205,173500,45.4400,45.4900,45.2900,45.3200,40769,0
HFC.US,5,20131205,174000,45.3300,45.3800,45.2700,45.3600,39300,0
HFC.US,5,20131205,174500,45.3600,45.4100,45.2800,45.3800,38939,0
HFC.US,5,20131205,175000,45.3800,45.3800,45.2100,45.2300,37884,0
HFC.US,5,20131205,175500,45.2300,45.3900,45.2200,45.3500,44783,0
HFC.US,5,20131205,180000,45.3500,45.5400,45.3400,45.5200,62513,0
HFC.US,5,20131205,180500,45.5300,45.7200,45.5100,45.7000,45474,0
HFC.US,5,20131205,181000,45.7000,45.7800,45.6800,45.7100,41658,0
HFC.US,5,20131205,181500,45.7300,45.7300,45.5600,45.5600,66659,0
HFC.US,5,20131205,182000,45.5500,45.5900,45.4600,45.4600,37986,0
HFC.US,5,20131205,182500,45.4600,45.5300,45.4500,45.4700,29403,0
HFC.US,5,20131205,183000,45.4700,45.4800,45.4100,45.4700,31310,0
HFC.US,5,20131205,183500,45.4700,45.5600,45.4400,45.5600,65276,0
HFC.US,5,20131205,184000,45.5500,45.5600,45.4700,45.5200,21769,0
HFC.US,5,20131205,184500,45.5200,45.5400,45.4600,45.4900,28591,0
HFC.US,5,20131205,185000,45.4900,45.5300,45.3900,45.3900,27997,0
HFC.US,5,20131205,185500,45.3800,45.4100,45.3100,45.3800,44886,0
HFC.US,5,20131205,190000,45.3800,45.4400,45.3800,45.4300,19363,0
HFC.US,5,20131205,190500,45.4300,45.4400,45.3300,45.3400,79906,0
HFC.US,5,20131205,191000,45.3500,45.3600,45.2900,45.3300,65371,0
HFC.US,5,20131205,191500,45.3300,45.4200,45.2500,45.2600,71940,0
HFC.US,5,20131205,192000,45.2500,45.3600,45.2100,45.3200,86272,0
HFC.US,5,20131205,192500,45.3200,45.4000,45.2500,45.3300,105959,0
HFC.US,5,20131205,193000,45.3200,45.4100,45.3000,45.3800,76297,0
HFC.US,5,20131205,193500,45.3900,45.5000,45.3900,45.5000,90053,0
HFC.US,5,20131205,194000,45.5100,45.6100,45.5000,45.6000,57279,0
HFC.US,5,20131205,194500,45.6100,45.6600,45.4800,45.4900,46545,0
HFC.US,5,20131205,195000,45.5100,45.5100,45.4300,45.4500,71176,0
HFC.US,5,20131205,195500,45.4500,45.4600,45.4100,45.4200,22516,0
HFC.US,5,20131205,200000,45.4100,45.4100,45.2600,45.2800,45997,0
HFC.US,5,20131205,200500,45.2700,45.3600,45.2700,45.3000,117178,0
HFC.US,5,20131205,201000,45.2900,45.3600,45.2800,45.3600,20019,0
HFC.US,5,20131205,201500,45.3600,45.4600,45.3000,45.3800,60456,0
HFC.US,5,20131205,202000,45.3800,45.4000,45.3500,45.3800,22037,0
HFC.US,5,20131205,202500,45.3700,45.5100,45.3300,45.4500,31056,0
HFC.US,5,20131205,203000,45.4400,45.5400,45.4300,45.5400,20738,0
HFC.US,5,20131205,203500,45.5400,45.6000,45.5300,45.5500,30403,0
HFC.US,5,20131205,204000,45.5600,45.6100,45.5500,45.5900,30506,0
HFC.US,5,20131205,204500,45.6000,45.6700,45.5800,45.6500,39138,0
HFC.US,5,20131205,205000,45.6500,45.7000,45.5900,45.6200,48375,0
HFC.US,5,20131205,205500,45.6100,45.6500,45.5500,45.5900,43535,0
HFC.US,5,20131205,210000,45.5900,45.6300,45.5600,45.6300,33447,0
HFC.US,5,20131205,210500,45.6200,45.6300,45.5300,45.5300,141498,0
HFC.US,5,20131205,211000,45.5200,45.5900,45.4800,45.5700,45326,0
HFC.US,5,20131205,211500,45.5800,45.6000,45.5200,45.5700,106726,0
HFC.US,5,20131205,212000,45.5500,45.6400,45.5200,45.6400,47709,0
HFC.US,5,20131205,212500,45.6400,45.6400,45.5500,45.5800,72388,0
HFC.US,5,20131205,213000,45.5900,45.6500,45.5800,45.6200,60578,0
HFC.US,5,20131205,213500,45.6100,45.6400,45.5800,45.5800,61454,0
HFC.US,5,20131205,214000,45.5800,45.6200,45.5500,45.6100,44267,0
HFC.US,5,20131205,214500,45.6200,45.6200,45.5300,45.5500,94310,0
HFC.US,5,20131205,215000,45.5400,45.5900,45.5200,45.5800,143390,0
HFC.US,5,20131205,215500,45.5700,45.6400,45.5500,45.6200,101455,0
HFC.US,5,20131205,220000,45.6100,45.6500,45.5700,45.6300,158789,0
HFC.US,5,20131205,220500,45.6300,45.6300,45.6300,45.6300,501556,0
HFC.US,5,20131206,153500,45.9900,46.4700,45.9400,46.2700,78149,0
HFC.US,5,20131206,154000,46.2500,46.6900,46.2500,46.3000,92371,0
HFC.US,5,20131206,154500,46.3300,46.5300,46.2700,46.4800,46169,0
HFC.US,5,20131206,155000,46.4800,46.6100,46.3900,46.4500,35276,0
HFC.US,5,20131206,155500,46.5000,46.6400,46.4700,46.5100,80891,0
HFC.US,5,20131206,160000,46.5100,46.6500,46.4600,46.5800,42957,0
HFC.US,5,20131206,160500,46.5900,46.7900,46.5900,46.6400,68070,0
HFC.US,5,20131206,161000,46.6500,46.7600,46.6500,46.6900,55027,0
HFC.US,5,20131206,161500,46.7300,46.7800,46.5600,46.6100,66645,0
HFC.US,5,20131206,162000,46.6200,46.7200,46.5800,46.6100,59466,0
HFC.US,5,20131206,162500,46.6100,46.6700,46.4900,46.5600,115306,0
HFC.US,5,20131206,163000,46.5400,46.5500,46.3200,46.3300,63383,0
HFC.US,5,20131206,163500,46.3400,46.4300,46.3400,46.4100,40754,0
HFC.US,5,20131206,164000,46.4000,46.5500,46.4000,46.4600,58542,0
HFC.US,5,20131206,164500,46.4900,46.6100,46.4800,46.5400,23576,0
HFC.US,5,20131206,165000,46.5700,46.6400,46.4600,46.4800,15400,0
HFC.US,5,20131206,165500,46.4600,46.5200,46.4200,46.4500,28081,0
HFC.US,5,20131206,170000,46.4500,46.5300,46.4300,46.4500,20881,0
HFC.US,5,20131206,170500,46.4500,46.5400,46.4200,46.5400,23177,0
HFC.US,5,20131206,171000,46.5300,46.5900,46.4900,46.4900,35776,0
HFC.US,5,20131206,171500,46.4800,46.5300,46.4400,46.5000,24438,0
HFC.US,5,20131206,172000,46.5000,46.5400,46.4800,46.5300,41444,0
HFC.US,5,20131206,172500,46.5300,46.6000,46.5100,46.5900,47817,0
HFC.US,5,20131206,173000,46.6000,46.6600,46.5900,46.6500,35507,0
HFC.US,5,20131206,173500,46.6600,46.7800,46.6600,46.7100,45138,0
HFC.US,5,20131206,174000,46.7100,46.7900,46.7000,46.7900,17235,0
HFC.US,5,20131206,174500,46.7900,46.8800,46.7900,46.8400,54562,0
HFC.US,5,20131206,175000,46.8500,46.9300,46.8300,46.9000,28843,0
HFC.US,5,20131206,175500,46.9000,46.9000,46.7300,46.7700,166792,0
HFC.US,5,20131206,180000,46.7700,46.8800,46.7200,46.8800,129955,0
HFC.US,5,20131206,180500,46.8900,46.8900,46.8400,46.8600,31572,0
HFC.US,5,20131206,181000,46.8800,46.8900,46.8500,46.8600,31723,0
HFC.US,5,20131206,181500,46.8600,46.9800,46.8500,46.9700,45710,0
HFC.US,5,20131206,182000,46.9700,47.0200,46.9100,47.0200,33163,0
HFC.US,5,20131206,182500,47.0200,47.2200,47.0200,47.1200,81154,0
HFC.US,5,20131206,183000,47.1200,47.1400,47.0500,47.0900,22497,0
HFC.US,5,20131206,183500,47.0800,47.1600,47.0000,47.0000,35660,0
HFC.US,5,20131206,184000,46.9900,47.0100,46.9300,47.0000,45645,0
HFC.US,5,20131206,184500,47.0100,47.0500,47.0000,47.0300,11989,0
HFC.US,5,20131206,185000,47.0400,47.0700,47.0200,47.0300,22483,0
HFC.US,5,20131206,185500,47.0300,47.0800,47.0100,47.0500,18684,0
HFC.US,5,20131206,190000,47.0200,47.0600,46.9600,47.0300,17729,0
HFC.US,5,20131206,190500,47.0100,47.0100,46.8700,46.9000,30440,0
HFC.US,5,20131206,191000,46.8900,46.8900,46.7900,46.8100,26685,0
HFC.US,5,20131206,191500,46.8100,46.8700,46.8000,46.8100,21770,0
HFC.US,5,20131206,192000,46.8200,46.8300,46.7500,46.8000,20302,0
HFC.US,5,20131206,192500,46.8000,46.8200,46.7500,46.8100,17465,0
HFC.US,5,20131206,193000,46.8100,46.9100,46.7700,46.8900,17343,0
HFC.US,5,20131206,193500,46.8700,46.8900,46.7400,46.8100,33629,0
HFC.US,5,20131206,194000,46.8100,46.9100,46.8000,46.8300,14862,0
HFC.US,5,20131206,194500,46.8100,46.9300,46.7800,46.9200,41635,0
HFC.US,5,20131206,195000,46.9200,46.9300,46.8400,46.8500,130296,0
HFC.US,5,20131206,195500,46.8400,46.8800,46.7400,46.8800,33203,0
HFC.US,5,20131206,200000,46.8800,46.8800,46.7800,46.8000,15586,0
HFC.US,5,20131206,200500,46.7800,46.8600,46.7500,46.8600,15300,0
HFC.US,5,20131206,201000,46.8600,46.9500,46.8500,46.9200,38413,0
HFC.US,5,20131206,201500,46.9400,46.9900,46.9300,46.9700,10907,0
HFC.US,5,20131206,202000,46.9600,47.0300,46.9600,46.9900,15135,0
HFC.US,5,20131206,202500,46.9800,47.1300,46.9800,47.1200,21416,0
HFC.US,5,20131206,203000,47.1300,47.1600,47.1200,47.1300,17623,0
HFC.US,5,20131206,203500,47.1300,47.2800,47.1300,47.2500,44859,0
HFC.US,5,20131206,204000,47.2500,47.3800,47.2500,47.3400,36699,0
HFC.US,5,20131206,204500,47.3400,47.4200,47.3300,47.3800,25907,0
HFC.US,5,20131206,205000,47.3800,47.3800,47.2700,47.2900,41689,0
HFC.US,5,20131206,205500,47.3000,47.3500,47.2700,47.3000,28617,0
HFC.US,5,20131206,210000,47.3000,47.3600,47.2900,47.3100,18801,0
HFC.US,5,20131206,210500,47.3200,47.3500,47.2500,47.2500,16367,0
HFC.US,5,20131206,211000,47.2500,47.2600,47.1400,47.1600,21878,0
HFC.US,5,20131206,211500,47.1300,47.2300,47.0900,47.2200,27962,0
HFC.US,5,20131206,212000,47.2100,47.2200,47.0300,47.0300,22475,0
HFC.US,5,20131206,212500,47.0400,47.0600,46.8900,46.8900,34389,0
HFC.US,5,20131206,213000,46.8900,46.8900,46.7800,46.8300,26848,0
HFC.US,5,20131206,213500,46.8300,46.9700,46.8300,46.8700,38727,0
HFC.US,5,20131206,214000,46.8700,46.9100,46.7900,46.8100,38949,0
HFC.US,5,20131206,214500,46.8100,46.8800,46.7800,46.7900,37890,0
HFC.US,5,20131206,215000,46.8000,46.8800,46.7800,46.8700,77640,0
HFC.US,5,20131206,215500,46.8800,47.0100,46.8600,46.9700,117125,0
HFC.US,5,20131206,220000,46.9800,47.0000,46.8600,46.9200,116586,0
HFC.US,5,20131206,220500,46.9100,46.9100,46.9100,46.9100,188332,0
HFC.US,5,20131209,153500,47.6000,48.1800,47.5700,48.1100,121284,0
HFC.US,5,20131209,154000,48.1100,48.2900,47.9800,48.0100,90169,0
HFC.US,5,20131209,154500,48.0400,48.2800,47.9500,48.1000,102748,0
HFC.US,5,20131209,155000,48.1300,48.2200,48.0700,48.1600,138575,0
HFC.US,5,20131209,155500,48.1500,48.2100,48.0900,48.1700,67451,0
HFC.US,5,20131209,160000,48.1600,48.3400,47.8900,47.9100,127810,0
HFC.US,5,20131209,160500,47.9000,47.9200,47.6700,47.6800,94745,0
HFC.US,5,20131209,161000,47.6700,47.7800,47.6400,47.6500,108006,0
HFC.US,5,20131209,161500,47.6400,47.6400,47.5000,47.5100,60950,0
HFC.US,5,20131209,162000,47.5000,47.6800,47.4900,47.6300,60841,0
HFC.US,5,20131209,162500,47.6500,47.8100,47.6300,47.7500,50219,0
HFC.US,5,20131209,163000,47.7600,47.8300,47.7500,47.7800,34382,0
HFC.US,5,20131209,163500,47.7600,47.8400,47.6900,47.8400,48269,0
HFC.US,5,20131209,164000,47.8300,47.8600,47.7600,47.8000,25025,0
HFC.US,5,20131209,164500,47.8100,47.8700,47.7700,47.8400,43981,0
HFC.US,5,20131209,165000,47.8400,47.8700,47.7800,47.8500,75700,0
HFC.US,5,20131209,165500,47.8600,47.8900,47.7500,47.8000,172710,0
HFC.US,5,20131209,170000,47.8100,47.8200,47.5600,47.6500,64023,0
HFC.US,5,20131209,170500,47.6500,47.6900,47.6000,47.6200,54108,0
HFC.US,5,20131209,171000,47.6200,47.7200,47.6000,47.6700,37257,0
HFC.US,5,20131209,171500,47.6500,47.6600,47.5900,47.6400,42524,0
HFC.US,5,20131209,172000,47.6000,47.6000,47.4900,47.5000,36604,0
HFC.US,5,20131209,172500,47.5200,47.5600,47.4300,47.5300,24417,0
HFC.US,5,20131209,173000,47.5500,47.5900,47.4400,47.4500,34205,0
HFC.US,5,20131209,173500,47.4200,47.4600,47.3400,47.3500,35496,0
HFC.US,5,20131209,174000,47.3500,47.3500,47.2200,47.2700,30151,0
HFC.US,5,20131209,174500,47.3100,47.3600,47.2100,47.2500,113832,0
HFC.US,5,20131209,175000,47.2300,47.2600,47.1100,47.1500,55513,0
HFC.US,5,20131209,175500,47.1300,47.2000,47.0300,47.0500,46294,0
HFC.US,5,20131209,180000,47.0400,47.2000,47.0000,47.2000,100021,0
HFC.US,5,20131209,180500,47.1900,47.2300,47.1400,47.1900,21570,0
HFC.US,5,20131209,181000,47.1900,47.2100,47.0300,47.0300,30680,0
HFC.US,5,20131209,181500,47.0500,47.0900,47.0000,47.0400,21670,0
HFC.US,5,20131209,182000,47.0300,47.0400,46.9200,46.9700,62149,0
HFC.US,5,20131209,182500,46.9700,46.9900,46.9100,46.9200,13750,0
HFC.US,5,20131209,183000,46.9200,46.9900,46.9200,46.9800,31645,0
HFC.US,5,20131209,183500,46.9700,47.3100,46.9700,47.3100,90557,0
HFC.US,5,20131209,184000,47.3100,47.3900,47.2600,47.3900,54354,0
HFC.US,5,20131209,184500,47.3900,47.5900,47.3900,47.4200,94680,0
HFC.US,5,20131209,185000,47.4100,47.4600,47.3500,47.3700,111920,0
HFC.US,5,20131209,185500,47.3800,47.4000,47.3200,47.3300,31681,0
HFC.US,5,20131209,190000,47.3200,47.3400,47.2200,47.2700,62660,0
HFC.US,5,20131209,190500,47.2700,47.3400,47.2500,47.2800,59211,0
HFC.US,5,20131209,191000,47.2800,47.2800,47.2300,47.2500,17654,0
HFC.US,5,20131209,191500,47.2600,47.3300,47.2500,47.3300,16662,0
HFC.US,5,20131209,192000,47.3200,47.3400,47.2100,47.2100,25890,0
HFC.US,5,20131209,192500,47.2000,47.2100,47.0700,47.0900,33564,0
HFC.US,5,20131209,193000,47.1000,47.2700,47.1000,47.2300,37964,0
HFC.US,5,20131209,193500,47.2300,47.2400,47.0600,47.0700,22402,0
HFC.US,5,20131209,194000,47.0800,47.1700,47.0700,47.0800,20216,0
HFC.US,5,20131209,194500,47.0800,47.1600,47.0800,47.1000,42093,0
HFC.US,5,20131209,195000,47.1000,47.1500,47.1000,47.1100,46154,0
HFC.US,5,20131209,195500,47.1000,47.1000,46.9800,47.0000,49235,0
HFC.US,5,20131209,200000,47.0000,47.0200,46.8100,46.8300,39510,0
HFC.US,5,20131209,200500,46.8200,46.9700,46.8200,46.8600,32698,0
HFC.US,5,20131209,201000,46.8600,46.9300,46.8600,46.9100,24458,0
HFC.US,5,20131209,201500,46.9100,46.9300,46.8900,46.9300,26541,0
HFC.US,5,20131209,202000,46.9400,46.9400,46.8400,46.8600,27011,0
HFC.US,5,20131209,202500,46.8700,46.8800,46.7900,46.8000,19328,0
HFC.US,5,20131209,203000,46.7900,46.8000,46.7200,46.7700,64169,0
HFC.US,5,20131209,203500,46.7700,46.7700,46.6400,46.6400,41194,0
HFC.US,5,20131209,204000,46.6400,46.6400,46.5600,46.5800,53243,0
HFC.US,5,20131209,204500,46.5700,46.7200,46.5700,46.6400,42222,0
HFC.US,5,20131209,205000,46.6400,46.7800,46.6300,46.6900,55015,0
HFC.US,5,20131209,205500,46.6900,46.6900,46.5600,46.5600,44966,0
HFC.US,5,20131209,210000,46.5500,46.5800,46.5100,46.5400,55884,0
HFC.US,5,20131209,210500,46.5500,46.6400,46.5500,46.6400,36419,0
HFC.US,5,20131209,211000,46.6200,46.6400,46.5500,46.5900,53979,0
HFC.US,5,20131209,211500,46.6000,46.7100,46.5900,46.7100,55083,0
HFC.US,5,20131209,212000,46.7100,46.7500,46.7000,46.7100,80208,0
HFC.US,5,20131209,212500,46.7100,46.7100,46.5900,46.5900,42003,0
HFC.US,5,20131209,213000,46.5900,46.6000,46.4800,46.5000,57052,0
HFC.US,5,20131209,213500,46.5000,46.5300,46.4900,46.5000,46377,0
HFC.US,5,20131209,214000,46.5000,46.5300,46.4300,46.4300,60846,0
HFC.US,5,20131209,214500,46.4400,46.4400,46.3900,46.4000,74831,0
HFC.US,5,20131209,215000,46.3900,46.5200,46.3600,46.5200,137237,0
HFC.US,5,20131209,215500,46.5100,46.5400,46.4200,46.4200,106977,0
HFC.US,5,20131209,220000,46.4200,46.4200,46.3200,46.3800,222988,0
HFC.US,5,20131209,220500,46.3700,46.3700,46.3700,46.3700,424296,0
