<TICKER>,<PER>,<DTYYYYMMDD>,<TIME>,<OPEN>,<HIGH>,<LOW>,<CLOSE>,<VOL>,<OPENINT>
I-A.US,5,20131112,171000,51.6700,51.6700,51.6700,51.6700,210,0
I-A.US,5,20131112,181000,51.6800,51.6800,51.6800,51.6800,100,0
I-A.US,5,20131113,213500,53.0200,53.0200,53.0200,53.0200,410,0
I-A.US,5,20131115,220000,54.1200,54.1200,54.1200,54.1200,122,0
I-A.US,5,20131118,155500,54.8200,54.8200,54.8200,54.8200,250,0
I-A.US,5,20131118,163500,55.0000,55.0000,55.0000,55.0000,100,0
I-A.US,5,20131118,191000,55.0800,55.0800,55.0800,55.0800,300,0
I-A.US,5,20131119,181000,55.0800,55.0800,55.0800,55.0800,200,0
I-A.US,5,20131119,201500,54.2500,54.2500,54.2500,54.2500,100,0
I-A.US,5,20131119,210500,54.6500,54.6500,54.6500,54.6500,162,0
I-A.US,5,20131120,181500,54.7200,57.0000,54.7200,57.0000,300,0
I-A.US,5,20131122,182000,56.7300,56.7300,56.7300,56.7300,200,0
I-A.US,5,20131122,185500,56.5500,56.5500,56.5500,56.5500,200,0
I-A.US,5,20131122,192000,56.5400,56.5400,56.5400,56.5400,100,0
I-A.US,5,20131122,193000,56.5400,56.5400,56.5400,56.5400,800,0
I-A.US,5,20131122,195500,56.9700,56.9700,56.9700,56.9700,400,0
I-A.US,5,20131122,204000,56.9600,56.9700,56.9600,56.9700,400,0
I-A.US,5,20131122,204500,56.0500,56.0500,56.0500,56.0500,100,0
I-A.US,5,20131122,205000,56.9700,56.9700,56.7700,56.7700,800,0
I-A.US,5,20131122,210000,56.8100,56.8500,56.8100,56.8500,600,0
I-A.US,5,20131122,212500,56.9000,56.9100,56.8200,56.8200,1400,0
I-A.US,5,20131122,213500,56.9800,57.0000,56.9800,57.0000,900,0
I-A.US,5,20131122,220500,57.2500,57.2500,57.2500,57.2500,966,0
I-A.US,5,20131125,153500,57.6000,57.6000,57.6000,57.6000,100,0
I-A.US,5,20131125,172000,56.9600,56.9600,56.9600,56.9600,100,0
I-A.US,5,20131125,185500,56.9400,56.9400,56.9400,56.9400,1586,0
I-A.US,5,20131125,200000,56.7000,56.7000,56.6900,56.6900,200,0
I-A.US,5,20131125,205000,57.1300,57.1300,56.9200,56.9200,500,0
I-A.US,5,20131125,214500,57.2500,57.2500,57.1800,57.1800,500,0
I-A.US,5,20131126,154500,57.1900,57.1900,57.1900,57.1900,100,0
I-A.US,5,20131126,161500,57.1000,57.1000,57.1000,57.1000,100,0
I-A.US,5,20131126,163500,57.1000,57.1000,57.1000,57.1000,100,0
I-A.US,5,20131127,191000,57.7800,57.7800,57.7500,57.7500,8194,0
I-A.US,5,20131202,162500,57.5900,57.5900,57.5900,57.5900,132,0
I-A.US,5,20131203,200000,57.7500,57.7500,57.2000,57.4000,550,0
I-A.US,5,20131204,165000,57.5000,58.0500,57.5000,58.0500,500,0
I-A.US,5,20131204,165500,58.0500,58.0500,58.0500,58.0500,100,0
I-A.US,5,20131204,192500,57.0800,57.0800,57.0800,57.0800,100,0
I-A.US,5,20131204,195000,57.1600,57.1600,57.1600,57.1600,100,0
I-A.US,5,20131204,204000,57.3100,57.3100,57.3100,57.3100,2500,0
I-A.US,5,20131205,210000,57.2600,57.2600,57.2600,57.2600,1270,0
I-A.US,5,20131205,210500,57.2500,57.2500,57.2400,57.2500,900,0
I-A.US,5,20131205,211000,57.2300,57.2300,57.2300,57.2300,100,0
I-A.US,5,20131205,214500,57.2300,57.2300,57.2300,57.2300,223,0
I-A.US,5,20131205,215000,57.2300,57.2300,57.2300,57.2300,100,0
I-A.US,5,20131205,220000,57.2400,57.2400,57.2400,57.2400,200,0
I-A.US,5,20131206,165000,57.2500,57.2500,57.2500,57.2500,600,0
I-A.US,5,20131209,173500,58.0100,58.1900,58.0100,58.1900,200,0
I-A.US,5,20131209,180000,57.6500,57.6500,57.6500,57.6500,100,0
I-A.US,5,20131209,192000,57.5200,57.5200,57.5200,57.5200,100,0
I-A.US,5,20131209,192500,57.5200,57.5200,57.4900,57.5200,400,0
I-A.US,5,20131209,193000,57.6500,57.6500,57.6500,57.6500,1600,0
