<TICKER>,<PER>,<DTYYYYMMDD>,<TIME>,<OPEN>,<HIGH>,<LOW>,<CLOSE>,<VOL>,<OPENINT>
JMI.US,5,20131112,153500,11.8700,11.8700,11.8200,11.8200,200,0
JMI.US,5,20131112,154000,11.8100,11.9100,11.8100,11.9100,7921,0
JMI.US,5,20131112,154500,11.8900,11.9200,11.8700,11.8800,1200,0
JMI.US,5,20131112,155000,11.8800,11.9000,11.8300,11.9000,3300,0
JMI.US,5,20131112,155500,11.9000,11.9000,11.8800,11.9000,1100,0
JMI.US,5,20131112,160000,11.9000,11.9300,11.8900,11.9000,8900,0
JMI.US,5,20131112,160500,11.9100,11.9100,11.8600,11.9000,10698,0
JMI.US,5,20131112,161000,11.9000,11.9000,11.9000,11.9000,200,0
JMI.US,5,20131112,161500,11.9000,11.9000,11.8500,11.8500,12681,0
JMI.US,5,20131112,162000,11.8300,11.8700,11.8300,11.8600,3800,0
JMI.US,5,20131112,162500,11.8700,11.8700,11.8600,11.8700,468,0
JMI.US,5,20131112,163000,11.9000,11.9000,11.8900,11.9000,550,0
JMI.US,5,20131112,163500,11.8800,11.8800,11.8800,11.8800,100,0
JMI.US,5,20131112,164000,11.9000,11.9200,11.8800,11.9200,4400,0
JMI.US,5,20131112,164500,11.8800,11.9100,11.8800,11.8800,7680,0
JMI.US,5,20131112,165000,11.8800,11.9200,11.8800,11.8800,5600,0
JMI.US,5,20131112,165500,11.8900,11.9000,11.8800,11.8800,6300,0
JMI.US,5,20131112,170000,11.8800,11.9000,11.8800,11.9000,5619,0
JMI.US,5,20131112,170500,11.8800,11.8900,11.8800,11.8800,2600,0
JMI.US,5,20131112,171000,11.8800,11.8900,11.8800,11.8800,1236,0
JMI.US,5,20131112,171500,11.8900,11.8900,11.8600,11.8800,700,0
JMI.US,5,20131112,172000,11.8800,11.9000,11.8600,11.8800,3800,0
JMI.US,5,20131112,172500,11.8700,11.9000,11.8700,11.9000,2950,0
JMI.US,5,20131112,173000,11.9000,11.9000,11.8800,11.8800,200,0
JMI.US,5,20131112,173500,11.8800,11.8800,11.8800,11.8800,100,0
JMI.US,5,20131112,174000,11.8800,11.9000,11.8800,11.9000,200,0
JMI.US,5,20131112,174500,11.9000,11.9000,11.8800,11.8800,4625,0
JMI.US,5,20131112,175000,11.8800,11.8900,11.8600,11.8600,1300,0
JMI.US,5,20131112,175500,11.8700,11.8700,11.8700,11.8700,250,0
JMI.US,5,20131112,180000,11.8500,11.8700,11.8500,11.8500,1553,0
JMI.US,5,20131112,180500,11.8900,11.8900,11.8300,11.8400,11918,0
JMI.US,5,20131112,181000,11.8500,11.8500,11.8300,11.8500,5500,0
JMI.US,5,20131112,181500,11.8300,11.8300,11.8200,11.8200,900,0
JMI.US,5,20131112,182000,11.8300,11.8500,11.8300,11.8500,1400,0
JMI.US,5,20131112,183000,11.8500,11.8900,11.8500,11.8900,2000,0
JMI.US,5,20131112,183500,11.8500,11.8500,11.8400,11.8500,4100,0
JMI.US,5,20131112,184000,11.8500,11.8600,11.8400,11.8400,4517,0
JMI.US,5,20131112,184500,11.8800,11.9000,11.8500,11.8500,3300,0
JMI.US,5,20131112,185000,11.8500,11.8600,11.8500,11.8500,675,0
JMI.US,5,20131112,185500,11.8500,11.8500,11.8500,11.8500,350,0
JMI.US,5,20131112,190000,11.8700,11.8700,11.8500,11.8500,600,0
JMI.US,5,20131112,190500,11.8500,11.8500,11.8500,11.8500,100,0
JMI.US,5,20131112,191000,11.8500,11.8500,11.8400,11.8500,1400,0
JMI.US,5,20131112,191500,11.8500,11.8500,11.8500,11.8500,100,0
JMI.US,5,20131112,192000,11.8500,11.8500,11.8300,11.8300,3345,0
JMI.US,5,20131112,193000,11.8300,11.8300,11.8300,11.8300,1045,0
JMI.US,5,20131112,193500,11.8300,11.8500,11.8300,11.8400,3400,0
JMI.US,5,20131112,194000,11.8400,11.8400,11.8400,11.8400,400,0
JMI.US,5,20131112,194500,11.8400,11.8600,11.8400,11.8600,12200,0
JMI.US,5,20131112,195000,11.8600,11.8600,11.8400,11.8400,7900,0
JMI.US,5,20131112,195500,11.8500,11.8500,11.8400,11.8500,4158,0
JMI.US,5,20131112,200000,11.8500,11.8600,11.8500,11.8500,2800,0
JMI.US,5,20131112,200500,11.8400,11.8400,11.8200,11.8300,10198,0
JMI.US,5,20131112,201000,11.8400,11.8400,11.8300,11.8300,400,0
JMI.US,5,20131112,201500,11.8400,11.8500,11.8300,11.8500,7564,0
JMI.US,5,20131112,202000,11.8500,11.8500,11.8400,11.8500,3300,0
JMI.US,5,20131112,202500,11.8500,11.8800,11.8400,11.8400,13464,0
JMI.US,5,20131112,203500,11.8600,11.8600,11.8500,11.8500,3400,0
JMI.US,5,20131112,204000,11.8500,11.8800,11.8500,11.8500,8130,0
JMI.US,5,20131112,204500,11.8600,11.8700,11.8500,11.8600,1025,0
JMI.US,5,20131112,205000,11.8500,11.8700,11.8400,11.8700,2798,0
JMI.US,5,20131112,205500,11.8800,11.9000,11.8700,11.8800,4544,0
JMI.US,5,20131112,210500,11.9100,11.9400,11.8900,11.9400,12538,0
JMI.US,5,20131112,211000,11.9400,11.9500,11.9400,11.9400,1796,0
JMI.US,5,20131112,211500,11.9400,11.9500,11.9400,11.9500,1300,0
JMI.US,5,20131112,212000,11.9400,11.9700,11.9100,11.9500,11752,0
JMI.US,5,20131112,212500,11.9500,11.9700,11.9500,11.9600,10657,0
JMI.US,5,20131112,213000,11.9700,11.9900,11.9700,11.9900,10200,0
JMI.US,5,20131112,213500,11.9900,12.0000,11.9800,12.0000,9109,0
JMI.US,5,20131112,214000,12.0000,12.0000,11.9900,11.9900,4350,0
JMI.US,5,20131112,214500,11.9900,12.0000,11.9900,12.0000,7600,0
JMI.US,5,20131112,215000,12.0000,12.0800,11.9900,12.0300,97296,0
JMI.US,5,20131112,215500,12.0200,12.0500,11.9800,11.9900,63870,0
JMI.US,5,20131112,220000,11.9900,12.0000,11.9800,11.9800,4500,0
JMI.US,5,20131112,220500,11.9800,11.9800,11.9800,11.9800,2449,0
JMI.US,5,20131113,153500,11.7500,11.8200,11.7000,11.7900,2100,0
JMI.US,5,20131113,154000,11.7800,11.8300,11.7800,11.8300,10504,0
JMI.US,5,20131113,154500,11.8200,11.8200,11.8100,11.8200,6000,0
JMI.US,5,20131113,155000,11.8300,11.8600,11.8000,11.8400,5628,0
JMI.US,5,20131113,155500,11.8300,11.8400,11.7700,11.7800,10040,0
JMI.US,5,20131113,160000,11.8100,11.8800,11.8000,11.8300,4436,0
JMI.US,5,20131113,160500,11.7800,11.8500,11.7800,11.8400,5626,0
JMI.US,5,20131113,161000,11.7900,11.8500,11.7900,11.8100,14150,0
JMI.US,5,20131113,161500,11.8400,11.8400,11.8400,11.8400,600,0
JMI.US,5,20131113,162000,11.8000,11.8000,11.8000,11.8000,100,0
JMI.US,5,20131113,162500,11.8400,11.8400,11.8000,11.8400,900,0
JMI.US,5,20131113,163000,11.8400,11.8400,11.8400,11.8400,1135,0
JMI.US,5,20131113,163500,11.8400,11.8500,11.8400,11.8400,2185,0
JMI.US,5,20131113,164000,11.8100,11.8500,11.8100,11.8500,5400,0
JMI.US,5,20131113,164500,11.8500,11.8700,11.8400,11.8400,6373,0
JMI.US,5,20131113,165000,11.8400,11.8400,11.8200,11.8200,400,0
JMI.US,5,20131113,165500,11.8100,11.8400,11.8100,11.8100,2100,0
JMI.US,5,20131113,170000,11.8300,11.8400,11.8000,11.8200,4350,0
JMI.US,5,20131113,170500,11.8300,11.8400,11.7800,11.8400,3140,0
JMI.US,5,20131113,171000,11.7900,11.8300,11.7800,11.8300,2200,0
JMI.US,5,20131113,171500,11.7800,11.8100,11.7800,11.8100,500,0
JMI.US,5,20131113,172000,11.8100,11.8200,11.8100,11.8200,1000,0
JMI.US,5,20131113,172500,11.7900,11.8200,11.7900,11.8200,1130,0
JMI.US,5,20131113,173000,11.8100,11.8100,11.8100,11.8100,200,0
JMI.US,5,20131113,173500,11.8100,11.8300,11.8000,11.8000,1069,0
JMI.US,5,20131113,174000,11.8400,11.8400,11.8200,11.8200,200,0
JMI.US,5,20131113,174500,11.8300,11.8400,11.8300,11.8400,486,0
JMI.US,5,20131113,175000,11.8400,11.8400,11.8200,11.8300,1350,0
JMI.US,5,20131113,175500,11.8400,11.8400,11.8200,11.8300,2990,0
JMI.US,5,20131113,180000,11.8400,11.8400,11.8200,11.8200,10250,0
JMI.US,5,20131113,180500,11.8300,11.8300,11.8200,11.8200,9458,0
JMI.US,5,20131113,181000,11.8300,11.8300,11.8300,11.8300,6100,0
JMI.US,5,20131113,181500,11.8300,11.8400,11.8300,11.8400,4300,0
JMI.US,5,20131113,182000,11.8400,11.8400,11.8300,11.8300,2200,0
JMI.US,5,20131113,182500,11.8300,11.8400,11.8300,11.8400,1000,0
JMI.US,5,20131113,183000,11.8200,11.8200,11.8200,11.8200,200,0
JMI.US,5,20131113,183500,11.8100,11.8200,11.8000,11.8200,1400,0
JMI.US,5,20131113,184000,11.8300,11.8300,11.8100,11.8100,2673,0
JMI.US,5,20131113,184500,11.8100,11.8200,11.8000,11.8200,300,0
JMI.US,5,20131113,185500,11.8300,11.8300,11.8200,11.8300,5900,0
JMI.US,5,20131113,190000,11.8400,11.8400,11.8300,11.8400,2700,0
JMI.US,5,20131113,190500,11.8400,11.8400,11.8400,11.8400,2000,0
JMI.US,5,20131113,191000,11.8400,11.8400,11.8400,11.8400,200,0
JMI.US,5,20131113,191500,11.8300,11.8400,11.8200,11.8400,1700,0
JMI.US,5,20131113,193000,11.8400,11.8400,11.8300,11.8300,4700,0
JMI.US,5,20131113,193500,11.8400,11.8400,11.8400,11.8400,3200,0
JMI.US,5,20131113,194000,11.8400,11.8500,11.8300,11.8300,10305,0
JMI.US,5,20131113,194500,11.8500,11.8500,11.8300,11.8500,375,0
JMI.US,5,20131113,195000,11.8500,11.8500,11.8300,11.8400,1425,0
JMI.US,5,20131113,195500,11.8400,11.8500,11.8300,11.8400,10773,0
JMI.US,5,20131113,200000,11.8400,11.8500,11.8300,11.8500,3786,0
JMI.US,5,20131113,200500,11.8500,11.8500,11.8400,11.8400,1500,0
JMI.US,5,20131113,201000,11.8500,11.8500,11.8500,11.8500,1787,0
JMI.US,5,20131113,201500,11.8400,11.8500,11.8300,11.8400,13580,0
JMI.US,5,20131113,202000,11.8400,11.8400,11.8300,11.8300,1758,0
JMI.US,5,20131113,202500,11.8300,11.8300,11.8300,11.8300,1400,0
JMI.US,5,20131113,203000,11.8300,11.8400,11.8300,11.8400,4100,0
JMI.US,5,20131113,203500,11.8400,11.8400,11.8400,11.8400,2874,0
JMI.US,5,20131113,204000,11.8400,11.8400,11.8400,11.8400,600,0
JMI.US,5,20131113,204500,11.8200,11.8200,11.8000,11.8200,5925,0
JMI.US,5,20131113,205000,11.8100,11.8300,11.8100,11.8300,900,0
JMI.US,5,20131113,205500,11.8200,11.8300,11.8200,11.8200,500,0
JMI.US,5,20131113,210000,11.8100,11.8100,11.8100,11.8100,100,0
JMI.US,5,20131113,210500,11.8100,11.8100,11.8000,11.8000,3100,0
JMI.US,5,20131113,211000,11.8000,11.8100,11.8000,11.8100,500,0
JMI.US,5,20131113,211500,11.8000,11.8100,11.8000,11.8100,1400,0
JMI.US,5,20131113,212000,11.8100,11.8100,11.8000,11.8000,2160,0
JMI.US,5,20131113,213000,11.8000,11.8200,11.8000,11.8200,3106,0
JMI.US,5,20131113,213500,11.8200,11.8400,11.8200,11.8400,4340,0
JMI.US,5,20131113,214000,11.8400,11.8400,11.8100,11.8200,7900,0
JMI.US,5,20131113,214500,11.8100,11.8200,11.8000,11.8200,5487,0
JMI.US,5,20131113,215000,11.8300,11.8400,11.8300,11.8300,2400,0
JMI.US,5,20131113,215500,11.8400,11.8400,11.8400,11.8400,1192,0
JMI.US,5,20131113,220000,11.8300,11.8300,11.7600,11.8000,31424,0
JMI.US,5,20131113,220500,11.8000,11.8000,11.8000,11.8000,2281,0
JMI.US,5,20131114,153500,11.8400,11.9400,11.8000,11.9300,11444,0
JMI.US,5,20131114,154000,11.9300,12.0000,11.9300,11.9300,7050,0
JMI.US,5,20131114,154500,11.9900,11.9900,11.9800,11.9900,5500,0
JMI.US,5,20131114,155000,11.9800,11.9800,11.9400,11.9400,2402,0
JMI.US,5,20131114,160000,11.9200,11.9900,11.9200,11.9800,3801,0
JMI.US,5,20131114,160500,11.9800,11.9900,11.9800,11.9800,3537,0
JMI.US,5,20131114,161000,11.9900,11.9900,11.9800,11.9900,1499,0
JMI.US,5,20131114,161500,11.9800,11.9900,11.9700,11.9800,1909,0
JMI.US,5,20131114,162500,12.0000,12.0000,12.0000,12.0000,3775,0
JMI.US,5,20131114,163000,12.0000,12.0000,11.9900,12.0000,5990,0
JMI.US,5,20131114,163500,12.0000,12.0000,11.9900,12.0000,1687,0
JMI.US,5,20131114,164000,12.0000,12.0400,12.0000,12.0300,5900,0
JMI.US,5,20131114,164500,12.0400,12.0400,12.0000,12.0000,1200,0
JMI.US,5,20131114,165000,12.0200,12.0900,12.0100,12.0400,18175,0
JMI.US,5,20131114,165500,12.0800,12.0800,12.0800,12.0800,200,0
JMI.US,5,20131114,170000,12.0900,12.1000,12.0700,12.0700,4388,0
JMI.US,5,20131114,170500,12.0700,12.0900,12.0300,12.0900,701,0
JMI.US,5,20131114,171000,12.0500,12.0600,12.0300,12.0300,3200,0
JMI.US,5,20131114,171500,12.0600,12.0600,12.0600,12.0600,1188,0
JMI.US,5,20131114,172000,12.0600,12.0700,12.0600,12.0600,2543,0
JMI.US,5,20131114,172500,12.0600,12.0700,12.0600,12.0600,2554,0
JMI.US,5,20131114,173000,12.0800,12.1100,12.0800,12.1100,3255,0
JMI.US,5,20131114,173500,12.0900,12.0900,12.0800,12.0900,2428,0
JMI.US,5,20131114,174000,12.0900,12.0900,12.0300,12.0300,600,0
JMI.US,5,20131114,174500,12.0200,12.0200,12.0200,12.0200,360,0
JMI.US,5,20131114,180500,12.0400,12.0700,12.0200,12.0200,6683,0
JMI.US,5,20131114,181500,12.0600,12.0800,12.0600,12.0800,1897,0
JMI.US,5,20131114,182000,12.0600,12.0800,12.0200,12.0600,1523,0
JMI.US,5,20131114,182500,12.0700,12.0700,12.0500,12.0500,900,0
JMI.US,5,20131114,183000,12.0700,12.0700,12.0500,12.0700,1804,0
JMI.US,5,20131114,183500,12.0800,12.0900,12.0800,12.0900,500,0
JMI.US,5,20131114,184000,12.0900,12.1000,12.0900,12.0900,1400,0
JMI.US,5,20131114,184500,12.0800,12.0800,12.0800,12.0800,100,0
JMI.US,5,20131114,185000,12.0800,12.0800,12.0600,12.0600,700,0
JMI.US,5,20131114,185500,12.0900,12.1000,12.0500,12.0900,3649,0
JMI.US,5,20131114,190000,12.0900,12.0900,12.0900,12.0900,200,0
JMI.US,5,20131114,190500,12.0800,12.0900,12.0700,12.0900,1661,0
JMI.US,5,20131114,191500,12.1000,12.1000,12.1000,12.1000,900,0
JMI.US,5,20131114,192000,12.0900,12.1000,12.0700,12.0800,1968,0
JMI.US,5,20131114,192500,12.0800,12.0800,12.0800,12.0800,600,0
JMI.US,5,20131114,193000,12.0700,12.0700,12.0500,12.0500,4611,0
JMI.US,5,20131114,194000,12.0500,12.0500,12.0200,12.0500,4900,0
JMI.US,5,20131114,194500,12.0500,12.0800,12.0500,12.0800,1900,0
JMI.US,5,20131114,195500,12.0900,12.0900,12.0600,12.0600,348,0
JMI.US,5,20131114,200000,12.0600,12.0600,12.0600,12.0600,829,0
JMI.US,5,20131114,200500,12.0600,12.0600,12.0500,12.0500,2400,0
JMI.US,5,20131114,201000,12.0600,12.0600,12.0600,12.0600,3100,0
JMI.US,5,20131114,202000,12.0600,12.0800,12.0600,12.0800,6511,0
JMI.US,5,20131114,203000,12.0600,12.0600,12.0600,12.0600,200,0
JMI.US,5,20131114,204000,12.0300,12.0600,12.0000,12.0600,6770,0
JMI.US,5,20131114,204500,12.0600,12.0600,12.0600,12.0600,100,0
JMI.US,5,20131114,205000,12.0100,12.0300,12.0100,12.0300,209,0
JMI.US,5,20131114,205500,12.0400,12.0500,12.0400,12.0500,400,0
JMI.US,5,20131114,210000,12.0500,12.0500,12.0200,12.0200,2300,0
JMI.US,5,20131114,210500,12.0300,12.0500,12.0300,12.0400,1915,0
JMI.US,5,20131114,211000,12.0500,12.0500,12.0100,12.0300,3400,0
JMI.US,5,20131114,211500,12.0300,12.0300,12.0300,12.0300,100,0
JMI.US,5,20131114,212000,12.0300,12.0300,12.0300,12.0300,300,0
JMI.US,5,20131114,212500,12.0300,12.0500,12.0300,12.0500,1200,0
JMI.US,5,20131114,213000,12.0500,12.0500,12.0500,12.0500,100,0
JMI.US,5,20131114,213500,12.0500,12.0500,12.0500,12.0500,400,0
JMI.US,5,20131114,214000,12.0500,12.0500,12.0400,12.0500,2337,0
JMI.US,5,20131114,214500,12.0300,12.0400,12.0300,12.0400,1600,0
JMI.US,5,20131114,215000,12.0400,12.0400,12.0100,12.0400,3594,0
JMI.US,5,20131114,215500,12.0400,12.0400,12.0100,12.0100,2961,0
JMI.US,5,20131114,220000,12.0200,12.0400,12.0200,12.0200,905,0
JMI.US,5,20131114,220500,12.0400,12.0400,12.0400,12.0400,1072,0
JMI.US,5,20131115,153500,12.0600,12.0800,11.9900,12.0800,1690,0
JMI.US,5,20131115,154000,12.0600,12.0600,11.9600,12.0200,4243,0
JMI.US,5,20131115,154500,12.0100,12.0400,12.0100,12.0400,1950,0
JMI.US,5,20131115,155000,12.0100,12.0100,12.0100,12.0100,400,0
JMI.US,5,20131115,155500,12.0500,12.0500,11.9900,11.9900,1997,0
JMI.US,5,20131115,160000,11.9900,12.0100,11.9500,11.9700,7026,0
JMI.US,5,20131115,160500,11.9700,12.0100,11.9700,12.0100,1200,0
JMI.US,5,20131115,161000,12.0100,12.0100,11.9900,11.9900,1110,0
JMI.US,5,20131115,161500,12.0000,12.0200,12.0000,12.0000,700,0
JMI.US,5,20131115,162000,12.0200,12.0200,12.0100,12.0200,580,0
JMI.US,5,20131115,162500,12.0000,12.0000,11.9800,11.9800,300,0
JMI.US,5,20131115,163000,12.0100,12.0100,11.9800,11.9800,200,0
JMI.US,5,20131115,163500,12.0200,12.0200,12.0000,12.0000,1100,0
JMI.US,5,20131115,164000,12.0100,12.0100,12.0000,12.0000,200,0
JMI.US,5,20131115,164500,12.0200,12.0200,12.0200,12.0200,400,0
JMI.US,5,20131115,165000,12.0300,12.0300,12.0100,12.0100,3800,0
JMI.US,5,20131115,165500,12.0100,12.0500,12.0100,12.0500,1650,0
JMI.US,5,20131115,170000,12.0300,12.0300,12.0000,12.0000,1200,0
JMI.US,5,20131115,170500,12.0100,12.0100,12.0100,12.0100,251,0
JMI.US,5,20131115,171000,12.0300,12.0400,12.0100,12.0400,2361,0
JMI.US,5,20131115,171500,12.0200,12.0200,12.0000,12.0000,651,0
JMI.US,5,20131115,172000,12.0000,12.0100,12.0000,12.0100,3000,0
JMI.US,5,20131115,172500,12.0300,12.0300,12.0300,12.0300,100,0
JMI.US,5,20131115,173000,12.0200,12.0200,12.0000,12.0000,808,0
JMI.US,5,20131115,173500,12.0200,12.0200,12.0000,12.0000,1450,0
JMI.US,5,20131115,174000,12.0000,12.0000,11.9600,11.9800,5781,0
JMI.US,5,20131115,174500,11.9800,12.0000,11.9700,12.0000,701,0
JMI.US,5,20131115,175000,11.9700,11.9700,11.9700,11.9700,1001,0
JMI.US,5,20131115,175500,11.9700,11.9700,11.9700,11.9700,1531,0
JMI.US,5,20131115,180000,12.0000,12.0000,12.0000,12.0000,500,0
JMI.US,5,20131115,181000,11.9700,11.9700,11.9600,11.9600,1100,0
JMI.US,5,20131115,181500,11.9600,11.9600,11.9600,11.9600,600,0
JMI.US,5,20131115,182000,11.9600,11.9600,11.9600,11.9600,200,0
JMI.US,5,20131115,182500,11.9600,11.9900,11.9600,11.9600,800,0
JMI.US,5,20131115,183000,11.9600,11.9700,11.9200,11.9200,6400,0
JMI.US,5,20131115,183500,11.9200,11.9200,11.9200,11.9200,200,0
JMI.US,5,20131115,184000,11.9200,11.9200,11.9100,11.9200,1370,0
JMI.US,5,20131115,184500,11.8900,11.8900,11.8800,11.8900,2645,0
JMI.US,5,20131115,185000,11.9300,11.9300,11.9300,11.9300,100,0
JMI.US,5,20131115,185500,11.9300,11.9500,11.9100,11.9100,3785,0
JMI.US,5,20131115,190000,11.9500,11.9500,11.9500,11.9500,200,0
JMI.US,5,20131115,191000,11.9300,11.9300,11.9300,11.9300,800,0
JMI.US,5,20131115,191500,11.9400,11.9800,11.9400,11.9800,900,0
JMI.US,5,20131115,193500,11.9800,11.9800,11.9800,11.9800,1200,0
JMI.US,5,20131115,194000,11.9800,11.9900,11.9800,11.9900,300,0
JMI.US,5,20131115,195000,12.0000,12.0000,11.9800,11.9900,1200,0
JMI.US,5,20131115,195500,11.9900,11.9900,11.9700,11.9800,5200,0
JMI.US,5,20131115,201000,12.0000,12.0000,11.9700,12.0000,2647,0
JMI.US,5,20131115,202500,12.0000,12.0000,11.9600,11.9600,2915,0
JMI.US,5,20131115,203000,11.9700,11.9700,11.9500,11.9700,4316,0
JMI.US,5,20131115,203500,11.9500,11.9500,11.9200,11.9200,3227,0
JMI.US,5,20131115,204000,11.9400,11.9400,11.9300,11.9300,200,0
JMI.US,5,20131115,204500,11.9300,11.9300,11.9000,11.9300,6200,0
JMI.US,5,20131115,205000,11.9100,11.9400,11.9100,11.9400,600,0
JMI.US,5,20131115,210000,11.9100,11.9300,11.9100,11.9300,1400,0
JMI.US,5,20131115,210500,11.9400,11.9400,11.9400,11.9400,350,0
JMI.US,5,20131115,211500,11.9400,11.9400,11.9300,11.9300,4023,0
JMI.US,5,20131115,212000,11.9400,11.9400,11.9400,11.9400,1000,0
JMI.US,5,20131115,212500,11.9400,11.9400,11.9400,11.9400,200,0
JMI.US,5,20131115,213000,11.9400,11.9400,11.9400,11.9400,1500,0
JMI.US,5,20131115,213500,11.9300,11.9300,11.9200,11.9200,538,0
JMI.US,5,20131115,214500,11.9200,11.9400,11.9200,11.9400,2000,0
JMI.US,5,20131115,215000,11.9400,11.9400,11.9300,11.9300,1554,0
JMI.US,5,20131115,215500,11.9400,11.9500,11.9000,11.9200,8547,0
JMI.US,5,20131115,220000,11.9200,11.9200,11.9000,11.9100,9258,0
JMI.US,5,20131115,220500,11.9200,11.9200,11.9200,11.9200,3958,0
JMI.US,5,20131118,153500,11.9600,11.9600,11.9000,11.9000,5600,0
JMI.US,5,20131118,154000,11.9500,11.9500,11.8800,11.9300,1100,0
JMI.US,5,20131118,154500,11.9000,11.9000,11.8900,11.8900,4223,0
JMI.US,5,20131118,155000,11.8900,11.8900,11.8800,11.8900,6200,0
JMI.US,5,20131118,155500,11.9000,11.9000,11.8900,11.8900,446,0
JMI.US,5,20131118,160000,11.8900,11.9000,11.8800,11.8800,1245,0
JMI.US,5,20131118,160500,11.9000,11.9000,11.8800,11.8800,1800,0
JMI.US,5,20131118,161000,11.8900,11.9000,11.8900,11.8900,1600,0
JMI.US,5,20131118,161500,11.8900,11.8900,11.8900,11.8900,935,0
JMI.US,5,20131118,162000,11.8800,11.9000,11.8800,11.9000,950,0
JMI.US,5,20131118,162500,11.8800,11.8800,11.8800,11.8800,584,0
JMI.US,5,20131118,163000,11.9000,11.9000,11.9000,11.9000,5100,0
JMI.US,5,20131118,163500,11.8800,11.8800,11.8800,11.8800,2145,0
JMI.US,5,20131118,164000,11.8700,11.8800,11.8700,11.8800,2154,0
JMI.US,5,20131118,164500,11.8800,11.8800,11.8800,11.8800,200,0
JMI.US,5,20131118,165000,11.8700,11.8700,11.8600,11.8600,2403,0
JMI.US,5,20131118,165500,11.8900,11.8900,11.8600,11.8600,2300,0
JMI.US,5,20131118,170000,11.8900,11.8900,11.8600,11.8600,500,0
JMI.US,5,20131118,170500,11.8600,11.8700,11.8600,11.8700,3500,0
JMI.US,5,20131118,171000,11.8900,11.8900,11.8800,11.8800,1305,0
JMI.US,5,20131118,171500,11.9000,11.9000,11.8700,11.8700,230,0
JMI.US,5,20131118,172000,11.8800,11.8800,11.8800,11.8800,400,0
JMI.US,5,20131118,172500,11.8700,11.8900,11.8700,11.8900,1550,0
JMI.US,5,20131118,173000,11.8900,11.9000,11.8900,11.9000,800,0
JMI.US,5,20131118,173500,11.9000,11.9000,11.9000,11.9000,2500,0
JMI.US,5,20131118,174000,11.9000,11.9000,11.8800,11.8800,1900,0
JMI.US,5,20131118,174500,11.9000,11.9000,11.8800,11.9000,3250,0
JMI.US,5,20131118,175500,11.9000,11.9000,11.9000,11.9000,2191,0
JMI.US,5,20131118,180000,11.9000,11.9300,11.9000,11.9300,3142,0
JMI.US,5,20131118,181000,11.9500,11.9500,11.9500,11.9500,700,0
JMI.US,5,20131118,181500,11.9900,11.9900,11.9900,11.9900,100,0
JMI.US,5,20131118,182000,11.9500,11.9500,11.9500,11.9500,500,0
JMI.US,5,20131118,183000,11.9700,11.9700,11.9400,11.9400,1700,0
JMI.US,5,20131118,183500,11.9200,11.9500,11.9200,11.9500,327,0
JMI.US,5,20131118,184000,11.9300,11.9400,11.9200,11.9400,600,0
JMI.US,5,20131118,184500,11.9400,11.9400,11.9400,11.9400,500,0
JMI.US,5,20131118,185000,11.9500,11.9600,11.9500,11.9600,2900,0
JMI.US,5,20131118,185500,11.9600,11.9900,11.9500,11.9500,2430,0
JMI.US,5,20131118,190000,11.9700,11.9700,11.9700,11.9700,300,0
JMI.US,5,20131118,190500,11.9700,11.9800,11.9600,11.9800,2600,0
JMI.US,5,20131118,191000,11.9900,11.9900,11.9500,11.9900,2601,0
JMI.US,5,20131118,191500,11.9900,11.9900,11.9900,11.9900,700,0
JMI.US,5,20131118,192000,11.9700,11.9700,11.9700,11.9700,1000,0
JMI.US,5,20131118,192500,11.9900,11.9900,11.9800,11.9800,300,0
JMI.US,5,20131118,193500,11.9900,11.9900,11.9900,11.9900,200,0
JMI.US,5,20131118,194000,11.9900,11.9900,11.9800,11.9900,3059,0
JMI.US,5,20131118,194500,11.9900,11.9900,11.9800,11.9900,2300,0
JMI.US,5,20131118,195000,11.9800,11.9900,11.9800,11.9900,7000,0
JMI.US,5,20131118,195500,11.9700,11.9700,11.9700,11.9700,500,0
JMI.US,5,20131118,200000,11.9800,11.9900,11.9800,11.9900,1375,0
JMI.US,5,20131118,200500,11.9900,12.0000,11.9900,12.0000,400,0
JMI.US,5,20131118,201000,11.9900,12.0000,11.9900,12.0000,1300,0
JMI.US,5,20131118,201500,11.9700,11.9700,11.9700,11.9700,1596,0
JMI.US,5,20131118,202000,11.9900,11.9900,11.9900,11.9900,100,0
JMI.US,5,20131118,202500,11.9900,11.9900,11.9900,11.9900,100,0
JMI.US,5,20131118,203500,11.9700,11.9700,11.9500,11.9500,2354,0
JMI.US,5,20131118,204000,11.9600,11.9800,11.9600,11.9800,427,0
JMI.US,5,20131118,204500,11.9700,11.9800,11.9600,11.9700,4203,0
JMI.US,5,20131118,205000,11.9700,11.9700,11.9700,11.9700,800,0
JMI.US,5,20131118,205500,11.9800,12.0000,11.9800,12.0000,1400,0
JMI.US,5,20131118,210000,11.9800,12.0000,11.9800,12.0000,1600,0
JMI.US,5,20131118,210500,12.0000,12.0000,11.9800,11.9800,2009,0
JMI.US,5,20131118,211000,11.9600,11.9800,11.9600,11.9600,2266,0
JMI.US,5,20131118,211500,11.9600,11.9600,11.9400,11.9600,5378,0
JMI.US,5,20131118,212000,11.9400,11.9400,11.9300,11.9300,3100,0
JMI.US,5,20131118,212500,11.9200,11.9200,11.9200,11.9200,200,0
JMI.US,5,20131118,213000,11.9400,11.9400,11.9200,11.9200,6400,0
JMI.US,5,20131118,213500,11.9100,11.9200,11.9100,11.9200,2700,0
JMI.US,5,20131118,214000,11.9200,11.9300,11.9100,11.9200,500,0
JMI.US,5,20131118,214500,11.9100,11.9300,11.9100,11.9300,500,0
JMI.US,5,20131118,215000,11.9300,11.9300,11.9200,11.9300,300,0
JMI.US,5,20131118,215500,11.9400,11.9400,11.9300,11.9400,900,0
JMI.US,5,20131118,220000,11.9400,11.9400,11.9100,11.9300,5887,0
JMI.US,5,20131118,220500,11.9100,11.9100,11.9100,11.9100,6413,0
JMI.US,5,20131119,153500,11.9100,11.9600,11.9100,11.9600,200,0
JMI.US,5,20131119,154500,11.9000,11.9100,11.9000,11.9100,1800,0
JMI.US,5,20131119,155000,11.9100,11.9300,11.8900,11.9000,4600,0
JMI.US,5,20131119,155500,11.9000,11.9000,11.9000,11.9000,1400,0
JMI.US,5,20131119,160000,11.8900,11.9100,11.8800,11.9100,1906,0
JMI.US,5,20131119,160500,11.9000,11.9100,11.8900,11.8900,600,0
JMI.US,5,20131119,161500,11.8800,11.9200,11.8600,11.9200,17370,0
JMI.US,5,20131119,162000,11.8700,11.8700,11.8600,11.8600,200,0
JMI.US,5,20131119,162500,11.9000,11.9000,11.9000,11.9000,100,0
JMI.US,5,20131119,163000,11.8700,11.8800,11.8700,11.8800,1200,0
JMI.US,5,20131119,164000,11.9000,11.9000,11.9000,11.9000,803,0
JMI.US,5,20131119,164500,11.9400,11.9400,11.9000,11.9400,1400,0
JMI.US,5,20131119,165000,11.9400,11.9400,11.9300,11.9300,600,0
JMI.US,5,20131119,165500,11.9000,11.9000,11.9000,11.9000,100,0
JMI.US,5,20131119,170500,11.8900,11.9200,11.8900,11.9200,839,0
JMI.US,5,20131119,171000,11.9000,11.9200,11.9000,11.9200,1985,0
JMI.US,5,20131119,171500,11.9100,11.9300,11.9100,11.9300,600,0
JMI.US,5,20131119,172000,11.9000,11.9000,11.9000,11.9000,200,0
JMI.US,5,20131119,172500,11.9100,11.9100,11.9100,11.9100,100,0
JMI.US,5,20131119,173000,11.9200,11.9300,11.9100,11.9300,2405,0
JMI.US,5,20131119,173500,11.9300,11.9400,11.9200,11.9200,400,0
JMI.US,5,20131119,174000,11.9100,11.9200,11.9100,11.9100,705,0
JMI.US,5,20131119,174500,11.9100,11.9200,11.9000,11.9000,2176,0
JMI.US,5,20131119,175000,11.8900,11.8900,11.8900,11.8900,1313,0
JMI.US,5,20131119,180000,11.8900,11.8900,11.8900,11.8900,700,0
JMI.US,5,20131119,180500,11.9200,11.9200,11.9200,11.9200,100,0
JMI.US,5,20131119,182000,11.9200,11.9200,11.9200,11.9200,400,0
JMI.US,5,20131119,182500,11.8900,11.8900,11.8900,11.8900,100,0
JMI.US,5,20131119,183000,11.9200,11.9200,11.9200,11.9200,1684,0
JMI.US,5,20131119,183500,11.9200,11.9200,11.9000,11.9000,5200,0
JMI.US,5,20131119,184000,11.9100,11.9200,11.9100,11.9200,750,0
JMI.US,5,20131119,184500,11.9200,11.9500,11.9200,11.9400,4695,0
JMI.US,5,20131119,185000,11.9300,11.9500,11.9300,11.9500,2100,0
JMI.US,5,20131119,190000,11.9300,11.9300,11.9300,11.9300,200,0
JMI.US,5,20131119,191000,11.9300,11.9400,11.9300,11.9400,360,0
JMI.US,5,20131119,191500,11.9400,11.9400,11.9100,11.9100,2914,0
JMI.US,5,20131119,192000,11.9100,11.9400,11.9100,11.9400,453,0
JMI.US,5,20131119,192500,11.9400,11.9400,11.8900,11.9000,5400,0
JMI.US,5,20131119,193000,11.9200,11.9400,11.9200,11.9400,500,0
JMI.US,5,20131119,193500,11.9400,11.9400,11.8900,11.9000,3400,0
JMI.US,5,20131119,194500,11.9100,11.9100,11.9000,11.9100,1000,0
JMI.US,5,20131119,195000,11.9000,11.9100,11.9000,11.9100,1100,0
JMI.US,5,20131119,195500,11.9000,11.9100,11.8900,11.8900,5454,0
JMI.US,5,20131119,200000,11.8900,11.9000,11.8800,11.8800,1812,0
JMI.US,5,20131119,200500,11.8800,11.9000,11.8800,11.8800,700,0
JMI.US,5,20131119,201500,11.8800,11.9000,11.8800,11.8800,1102,0
JMI.US,5,20131119,202000,11.8800,11.8800,11.8800,11.8800,101,0
JMI.US,5,20131119,202500,11.8800,11.8800,11.8800,11.8800,300,0
JMI.US,5,20131119,203000,11.8800,11.8900,11.8600,11.8700,23841,0
JMI.US,5,20131119,203500,11.8700,11.8800,11.8700,11.8800,569,0
JMI.US,5,20131119,204000,11.8800,11.8900,11.8800,11.8900,300,0
JMI.US,5,20131119,204500,11.8800,11.8800,11.8600,11.8600,2632,0
JMI.US,5,20131119,205000,11.8700,11.8700,11.8700,11.8700,100,0
JMI.US,5,20131119,205500,11.8700,11.8700,11.8700,11.8700,100,0
JMI.US,5,20131119,210000,11.8900,11.8900,11.8900,11.8900,100,0
JMI.US,5,20131119,210500,11.8900,11.8900,11.8600,11.8600,1631,0
JMI.US,5,20131119,211000,11.8600,11.8700,11.8600,11.8600,1761,0
JMI.US,5,20131119,211500,11.8600,11.8700,11.8600,11.8700,1300,0
JMI.US,5,20131119,212000,11.8600,11.8700,11.8400,11.8700,6162,0
JMI.US,5,20131119,212500,11.8300,11.8300,11.8300,11.8300,100,0
JMI.US,5,20131119,213000,11.8500,11.8500,11.8400,11.8400,300,0
JMI.US,5,20131119,214000,11.8400,11.8400,11.8400,11.8400,1960,0
JMI.US,5,20131119,214500,11.8300,11.8400,11.8300,11.8300,1901,0
JMI.US,5,20131119,215000,11.8200,11.8200,11.8200,11.8200,200,0
JMI.US,5,20131119,215500,11.8300,11.8300,11.8200,11.8200,4837,0
JMI.US,5,20131119,220000,11.8300,11.8300,11.8000,11.8100,10316,0
JMI.US,5,20131119,220500,11.8100,11.8100,11.8100,11.8100,2055,0
JMI.US,5,20131120,153500,11.8100,11.8900,11.8100,11.8200,1871,0
JMI.US,5,20131120,154000,11.8300,11.8300,11.8200,11.8200,1700,0
JMI.US,5,20131120,154500,11.8100,11.8200,11.8000,11.8200,400,0
JMI.US,5,20131120,155000,11.8200,11.8200,11.8200,11.8200,400,0
JMI.US,5,20131120,155500,11.8100,11.8500,11.8100,11.8100,1200,0
JMI.US,5,20131120,160000,11.8200,11.8300,11.8200,11.8300,300,0
JMI.US,5,20131120,160500,11.8200,11.8500,11.8200,11.8200,700,0
JMI.US,5,20131120,161000,11.8100,11.8300,11.8100,11.8300,400,0
JMI.US,5,20131120,161500,11.8100,11.8200,11.8100,11.8200,400,0
JMI.US,5,20131120,162000,11.8200,11.8200,11.8100,11.8100,626,0
JMI.US,5,20131120,162500,11.8300,11.8500,11.8300,11.8300,923,0
JMI.US,5,20131120,163000,11.8700,11.8700,11.8700,11.8700,300,0
JMI.US,5,20131120,164000,11.8400,11.8400,11.8400,11.8400,500,0
JMI.US,5,20131120,164500,11.8400,11.8400,11.8400,11.8400,200,0
JMI.US,5,20131120,165000,11.8400,11.8500,11.8400,11.8500,800,0
JMI.US,5,20131120,165500,11.8600,11.8600,11.8600,11.8600,900,0
JMI.US,5,20131120,170500,11.8700,11.8700,11.8600,11.8700,1350,0
JMI.US,5,20131120,171000,11.8600,11.8700,11.8600,11.8700,2000,0
JMI.US,5,20131120,171500,11.8800,11.8800,11.8800,11.8800,300,0
JMI.US,5,20131120,172000,11.8700,11.8800,11.8700,11.8700,900,0
JMI.US,5,20131120,172500,11.8700,11.8900,11.8700,11.8900,1300,0
JMI.US,5,20131120,173000,11.9000,11.9000,11.9000,11.9000,200,0
JMI.US,5,20131120,173500,11.9100,11.9100,11.8900,11.8900,1400,0
JMI.US,5,20131120,174000,11.8900,11.8900,11.8700,11.8700,1100,0
JMI.US,5,20131120,175000,11.8800,11.8800,11.8700,11.8800,2109,0
JMI.US,5,20131120,180000,11.8800,11.8800,11.8800,11.8800,100,0
JMI.US,5,20131120,180500,11.8800,11.8800,11.8800,11.8800,400,0
JMI.US,5,20131120,181000,11.8900,11.8900,11.8900,11.8900,300,0
JMI.US,5,20131120,181500,11.8900,11.8900,11.8800,11.8900,300,0
JMI.US,5,20131120,182000,11.8700,11.8900,11.8700,11.8800,1100,0
JMI.US,5,20131120,182500,11.8800,11.9000,11.8600,11.8800,2898,0
JMI.US,5,20131120,183000,11.8800,11.8900,11.8800,11.8900,3262,0
JMI.US,5,20131120,183500,11.9000,11.9000,11.9000,11.9000,800,0
JMI.US,5,20131120,184000,11.8800,11.8800,11.8800,11.8800,200,0
JMI.US,5,20131120,184500,11.8700,11.8800,11.8700,11.8800,200,0
JMI.US,5,20131120,185000,11.8900,11.8900,11.8800,11.8800,700,0
JMI.US,5,20131120,190000,11.8700,11.8900,11.8700,11.8800,4056,0
JMI.US,5,20131120,191000,11.8800,11.8800,11.8700,11.8700,200,0
JMI.US,5,20131120,191500,11.8800,11.8800,11.8700,11.8800,1100,0
JMI.US,5,20131120,192000,11.8700,11.8900,11.8700,11.8700,697,0
JMI.US,5,20131120,192500,11.8700,11.8700,11.8700,11.8700,1449,0
JMI.US,5,20131120,193000,11.8700,11.8800,11.8700,11.8800,420,0
JMI.US,5,20131120,193500,11.8700,11.8700,11.8700,11.8700,600,0
JMI.US,5,20131120,194500,11.8700,11.8700,11.8700,11.8700,200,0
JMI.US,5,20131120,195000,11.8800,11.8800,11.8700,11.8700,400,0
JMI.US,5,20131120,195500,11.8700,11.8800,11.8700,11.8700,2185,0
JMI.US,5,20131120,200000,11.8700,11.8800,11.8700,11.8800,400,0
JMI.US,5,20131120,200500,11.8800,11.8900,11.8600,11.8600,4049,0
JMI.US,5,20131120,201000,11.8600,11.8600,11.8500,11.8600,2500,0
JMI.US,5,20131120,201500,11.8600,11.8700,11.8500,11.8600,2700,0
JMI.US,5,20131120,202000,11.8600,11.8600,11.8600,11.8600,4197,0
JMI.US,5,20131120,202500,11.8500,11.8600,11.8500,11.8600,4000,0
JMI.US,5,20131120,203000,11.8400,11.8400,11.8000,11.8100,13012,0
JMI.US,5,20131120,203500,11.8000,11.8100,11.8000,11.8100,1140,0
JMI.US,5,20131120,204000,11.8100,11.8100,11.8000,11.8000,500,0
JMI.US,5,20131120,204500,11.8000,11.8000,11.7800,11.7800,3900,0
JMI.US,5,20131120,205000,11.7900,11.7900,11.7800,11.7800,420,0
JMI.US,5,20131120,205500,11.7900,11.8000,11.7900,11.8000,300,0
JMI.US,5,20131120,210500,11.7800,11.7900,11.7600,11.7600,7730,0
JMI.US,5,20131120,211000,11.7700,11.7700,11.7200,11.7300,4780,0
JMI.US,5,20131120,211500,11.7100,11.7300,11.6700,11.6800,10204,0
JMI.US,5,20131120,212000,11.6800,11.6900,11.6800,11.6800,2535,0
JMI.US,5,20131120,212500,11.6900,11.7000,11.6900,11.7000,1700,0
JMI.US,5,20131120,213000,11.6900,11.6900,11.6800,11.6800,900,0
JMI.US,5,20131120,213500,11.6900,11.7200,11.6700,11.6700,3072,0
JMI.US,5,20131120,214000,11.6700,11.6800,11.6600,11.6600,2290,0
JMI.US,5,20131120,214500,11.6500,11.6700,11.6500,11.6500,1150,0
JMI.US,5,20131120,215000,11.6600,11.6800,11.6600,11.6600,2623,0
JMI.US,5,20131120,215500,11.6700,11.6700,11.6600,11.6600,1851,0
JMI.US,5,20131120,220000,11.6700,11.6800,11.6700,11.6800,1600,0
JMI.US,5,20131120,220500,11.6800,11.6800,11.6800,11.6800,2014,0
JMI.US,5,20131121,153500,11.7100,11.7100,11.7100,11.7100,200,0
JMI.US,5,20131121,154000,11.6600,11.6600,11.6600,11.6600,100,0
JMI.US,5,20131121,154500,11.6500,11.6800,11.6300,11.6300,3800,0
JMI.US,5,20131121,155000,11.6300,11.6300,11.5500,11.6000,9600,0
JMI.US,5,20131121,155500,11.6100,11.6100,11.6000,11.6000,2800,0
JMI.US,5,20131121,160000,11.6000,11.6200,11.6000,11.6100,3300,0
JMI.US,5,20131121,160500,11.6100,11.6200,11.5900,11.6200,91092,0
JMI.US,5,20131121,161000,11.6000,11.6200,11.5900,11.6000,18100,0
JMI.US,5,20131121,161500,11.6200,11.6200,11.5800,11.5800,6423,0
JMI.US,5,20131121,162000,11.5800,11.6200,11.5800,11.6100,4399,0
JMI.US,5,20131121,162500,11.6100,11.6100,11.5800,11.6100,1600,0
JMI.US,5,20131121,163000,11.6200,11.6200,11.5800,11.5800,1100,0
JMI.US,5,20131121,163500,11.6000,11.6000,11.5800,11.5800,4300,0
JMI.US,5,20131121,164000,11.5900,11.6100,11.5800,11.5800,2204,0
JMI.US,5,20131121,164500,11.5800,11.6100,11.5800,11.6000,4250,0
JMI.US,5,20131121,165000,11.6100,11.6100,11.5800,11.5800,6603,0
JMI.US,5,20131121,165500,11.5800,11.6100,11.5800,11.6100,3801,0
JMI.US,5,20131121,170000,11.6100,11.6800,11.5900,11.6500,12469,0
JMI.US,5,20131121,170500,11.7100,11.7100,11.6800,11.6800,400,0
JMI.US,5,20131121,171000,11.6800,11.7000,11.6800,11.6900,810,0
JMI.US,5,20131121,171500,11.6600,11.7100,11.6600,11.7100,680,0
JMI.US,5,20131121,172000,11.6900,11.7100,11.6800,11.6800,600,0
JMI.US,5,20131121,172500,11.7000,11.7300,11.6800,11.6800,3399,0
JMI.US,5,20131121,173000,11.7100,11.7100,11.6900,11.6900,1100,0
JMI.US,5,20131121,173500,11.6700,11.7000,11.6700,11.7000,400,0
JMI.US,5,20131121,174000,11.6900,11.7000,11.6900,11.7000,300,0
JMI.US,5,20131121,174500,11.6900,11.7000,11.6900,11.7000,400,0
JMI.US,5,20131121,175000,11.7000,11.7000,11.7000,11.7000,800,0
JMI.US,5,20131121,180000,11.7000,11.7000,11.7000,11.7000,1798,0
JMI.US,5,20131121,180500,11.7000,11.7000,11.7000,11.7000,100,0
JMI.US,5,20131121,181000,11.7000,11.7000,11.7000,11.7000,100,0
JMI.US,5,20131121,181500,11.7000,11.7000,11.7000,11.7000,900,0
JMI.US,5,20131121,182000,11.7000,11.7000,11.6900,11.7000,500,0
JMI.US,5,20131121,182500,11.6800,11.6800,11.6800,11.6800,300,0
JMI.US,5,20131121,183000,11.7000,11.7000,11.6800,11.6900,1504,0
JMI.US,5,20131121,183500,11.7000,11.7000,11.6800,11.7000,1866,0
JMI.US,5,20131121,184500,11.6800,11.6800,11.6800,11.6800,1598,0
JMI.US,5,20131121,185000,11.6800,11.6800,11.6800,11.6800,400,0
JMI.US,5,20131121,185500,11.6800,11.6800,11.6800,11.6800,200,0
JMI.US,5,20131121,190000,11.6800,11.6800,11.6800,11.6800,400,0
JMI.US,5,20131121,190500,11.7000,11.7000,11.6900,11.6900,1200,0
JMI.US,5,20131121,191000,11.7000,11.7000,11.7000,11.7000,100,0
JMI.US,5,20131121,191500,11.7000,11.7000,11.7000,11.7000,200,0
JMI.US,5,20131121,192000,11.6900,11.6900,11.6600,11.6600,875,0
JMI.US,5,20131121,192500,11.6500,11.6800,11.6500,11.6500,1900,0
JMI.US,5,20131121,193500,11.6500,11.6500,11.6500,11.6500,100,0
JMI.US,5,20131121,194000,11.6500,11.6600,11.6500,11.6600,800,0
JMI.US,5,20131121,194500,11.6800,11.6900,11.6700,11.6900,900,0
JMI.US,5,20131121,200000,11.7000,11.7000,11.6900,11.6900,899,0
JMI.US,5,20131121,200500,11.6900,11.7000,11.6900,11.7000,1500,0
JMI.US,5,20131121,201000,11.7000,11.7000,11.7000,11.7000,699,0
JMI.US,5,20131121,201500,11.6900,11.7000,11.6900,11.6900,1500,0
JMI.US,5,20131121,202000,11.6900,11.6900,11.6900,11.6900,100,0
JMI.US,5,20131121,202500,11.7000,11.7000,11.7000,11.7000,517,0
JMI.US,5,20131121,203000,11.7000,11.7000,11.6900,11.6900,600,0
JMI.US,5,20131121,203500,11.7100,11.7100,11.6900,11.7000,1500,0
JMI.US,5,20131121,204000,11.7100,11.7100,11.7100,11.7100,990,0
JMI.US,5,20131121,204500,11.6900,11.6900,11.6900,11.6900,500,0
JMI.US,5,20131121,205000,11.7100,11.7100,11.7000,11.7000,400,0
JMI.US,5,20131121,205500,11.7100,11.7100,11.6900,11.6900,200,0
JMI.US,5,20131121,210000,11.7100,11.7100,11.7000,11.7000,400,0
JMI.US,5,20131121,210500,11.7000,11.7100,11.7000,11.7000,800,0
JMI.US,5,20131121,211000,11.7100,11.7100,11.7100,11.7100,100,0
JMI.US,5,20131121,212000,11.7100,11.7100,11.7000,11.7000,540,0
JMI.US,5,20131121,212500,11.6900,11.7100,11.6900,11.7100,1700,0
JMI.US,5,20131121,213000,11.6900,11.7100,11.6900,11.7100,2200,0
JMI.US,5,20131121,213500,11.7100,11.7100,11.7000,11.7100,2575,0
JMI.US,5,20131121,214000,11.7100,11.7200,11.6900,11.7100,1910,0
JMI.US,5,20131121,214500,11.7100,11.7200,11.7000,11.7000,4240,0
JMI.US,5,20131121,215000,11.7100,11.7100,11.7100,11.7100,200,0
JMI.US,5,20131121,215500,11.7200,11.7200,11.7000,11.7000,700,0
JMI.US,5,20131121,220000,11.7100,11.7200,11.7100,11.7100,3347,0
JMI.US,5,20131121,220500,11.7200,11.7200,11.7200,11.7200,5787,0
JMI.US,5,20131122,153500,11.7100,11.7400,11.7100,11.7400,1800,0
JMI.US,5,20131122,154000,11.7100,11.7200,11.7100,11.7200,650,0
JMI.US,5,20131122,154500,11.7100,11.7100,11.7100,11.7100,100,0
JMI.US,5,20131122,155000,11.7100,11.7100,11.7000,11.7000,1900,0
JMI.US,5,20131122,155500,11.7100,11.7100,11.7100,11.7100,100,0
JMI.US,5,20131122,160000,11.7100,11.7200,11.7100,11.7200,400,0
JMI.US,5,20131122,160500,11.7200,11.7200,11.7200,11.7200,300,0
JMI.US,5,20131122,161000,11.7400,11.7400,11.7000,11.7400,7700,0
JMI.US,5,20131122,161500,11.7300,11.7300,11.7300,11.7300,400,0
JMI.US,5,20131122,162000,11.7300,11.7500,11.7300,11.7400,1800,0
JMI.US,5,20131122,163000,11.7100,11.7100,11.6600,11.6700,8095,0
JMI.US,5,20131122,163500,11.6800,11.6800,11.6800,11.6800,100,0
JMI.US,5,20131122,164000,11.6800,11.6800,11.6800,11.6800,2100,0
JMI.US,5,20131122,164500,11.6800,11.6800,11.6800,11.6800,734,0
JMI.US,5,20131122,165000,11.7000,11.7000,11.6900,11.6900,1000,0
JMI.US,5,20131122,170000,11.6900,11.6900,11.6900,11.6900,200,0
JMI.US,5,20131122,170500,11.6900,11.6900,11.6900,11.6900,100,0
JMI.US,5,20131122,171000,11.7200,11.7200,11.7100,11.7100,200,0
JMI.US,5,20131122,172000,11.7100,11.7100,11.7000,11.7100,1400,0
JMI.US,5,20131122,172500,11.7100,11.7100,11.6900,11.6900,500,0
JMI.US,5,20131122,173000,11.6800,11.6800,11.6700,11.6700,1400,0
JMI.US,5,20131122,173500,11.6800,11.6800,11.6800,11.6800,100,0
JMI.US,5,20131122,174000,11.6800,11.6800,11.6700,11.6700,700,0
JMI.US,5,20131122,174500,11.6800,11.6900,11.6800,11.6900,1900,0
JMI.US,5,20131122,175000,11.6900,11.6900,11.6700,11.6700,1050,0
JMI.US,5,20131122,175500,11.6800,11.6800,11.6800,11.6800,302,0
JMI.US,5,20131122,180000,11.6800,11.7300,11.6800,11.7000,5035,0
JMI.US,5,20131122,180500,11.7100,11.7100,11.7100,11.7100,700,0
JMI.US,5,20131122,181000,11.7000,11.7200,11.7000,11.7200,1000,0
JMI.US,5,20131122,181500,11.7200,11.7300,11.7200,11.7200,2019,0
JMI.US,5,20131122,182000,11.7200,11.7200,11.7200,11.7200,200,0
JMI.US,5,20131122,182500,11.7300,11.7300,11.7100,11.7100,2000,0
JMI.US,5,20131122,183000,11.7000,11.7200,11.7000,11.7200,700,0
JMI.US,5,20131122,183500,11.7100,11.7300,11.7000,11.7300,600,0
JMI.US,5,20131122,184000,11.7300,11.7300,11.7200,11.7300,1300,0
JMI.US,5,20131122,184500,11.7100,11.7100,11.7100,11.7100,200,0
JMI.US,5,20131122,185000,11.7000,11.7000,11.7000,11.7000,400,0
JMI.US,5,20131122,185500,11.7300,11.7300,11.7300,11.7300,100,0
JMI.US,5,20131122,190000,11.7000,11.7000,11.7000,11.7000,100,0
JMI.US,5,20131122,190500,11.7300,11.7300,11.7000,11.7100,1936,0
JMI.US,5,20131122,191000,11.7100,11.7100,11.7100,11.7100,200,0
JMI.US,5,20131122,191500,11.7200,11.7300,11.7200,11.7300,1953,0
JMI.US,5,20131122,192000,11.7300,11.7300,11.7200,11.7200,2500,0
JMI.US,5,20131122,192500,11.7100,11.7100,11.7100,11.7100,100,0
JMI.US,5,20131122,193500,11.7100,11.7200,11.7000,11.7000,1220,0
JMI.US,5,20131122,194000,11.7200,11.7300,11.7200,11.7300,1300,0
JMI.US,5,20131122,194500,11.7200,11.7200,11.7200,11.7200,100,0
JMI.US,5,20131122,200000,11.7100,11.7800,11.7000,11.7600,23795,0
JMI.US,5,20131122,200500,11.7500,11.7600,11.7500,11.7600,400,0
JMI.US,5,20131122,201000,11.7600,11.7700,11.7500,11.7700,1000,0
JMI.US,5,20131122,201500,11.7400,11.7700,11.7400,11.7500,10500,0
JMI.US,5,20131122,202000,11.7400,11.7700,11.7400,11.7700,900,0
JMI.US,5,20131122,203000,11.7600,11.7700,11.7600,11.7700,601,0
JMI.US,5,20131122,203500,11.7400,11.7400,11.7400,11.7400,100,0
JMI.US,5,20131122,204000,11.7400,11.7700,11.7400,11.7700,1800,0
JMI.US,5,20131122,204500,11.7600,11.7600,11.7600,11.7600,900,0
JMI.US,5,20131122,205000,11.7500,11.7600,11.7500,11.7600,400,0
JMI.US,5,20131122,205500,11.7400,11.7600,11.7400,11.7600,880,0
JMI.US,5,20131122,210000,11.7600,11.7600,11.7600,11.7600,200,0
JMI.US,5,20131122,210500,11.7600,11.7700,11.7600,11.7700,400,0
JMI.US,5,20131122,211000,11.7700,11.7700,11.7700,11.7700,600,0
JMI.US,5,20131122,211500,11.7800,11.7800,11.7800,11.7800,200,0
JMI.US,5,20131122,212000,11.7700,11.7700,11.7700,11.7700,100,0
JMI.US,5,20131122,212500,11.7800,11.7800,11.7400,11.7400,4153,0
JMI.US,5,20131122,213000,11.7400,11.7500,11.7400,11.7500,600,0
JMI.US,5,20131122,214000,11.7500,11.7500,11.7500,11.7500,100,0
JMI.US,5,20131122,214500,11.7600,11.7700,11.7600,11.7600,1600,0
JMI.US,5,20131122,215000,11.7600,11.7700,11.7600,11.7700,900,0
JMI.US,5,20131122,215500,11.7700,11.7800,11.7200,11.7300,13706,0
JMI.US,5,20131122,220000,11.7300,11.7500,11.7300,11.7500,3253,0
JMI.US,5,20131122,220500,11.7400,11.7400,11.7400,11.7400,2815,0
JMI.US,5,20131125,153500,11.8000,11.9000,11.8000,11.9000,8900,0
JMI.US,5,20131125,154000,11.8700,11.8800,11.8600,11.8800,6053,0
JMI.US,5,20131125,154500,11.8700,11.8800,11.8600,11.8600,3400,0
JMI.US,5,20131125,155000,11.8600,11.8800,11.8600,11.8600,27300,0
JMI.US,5,20131125,155500,11.8600,11.8800,11.8600,11.8600,8191,0
JMI.US,5,20131125,160000,11.8400,11.8400,11.8400,11.8400,720,0
JMI.US,5,20131125,160500,11.8800,11.8900,11.8500,11.8800,1700,0
JMI.US,5,20131125,161000,11.8700,11.9000,11.8700,11.9000,4800,0
JMI.US,5,20131125,161500,11.9000,11.9000,11.8800,11.9000,9517,0
JMI.US,5,20131125,162000,11.8800,11.9000,11.8800,11.8900,2100,0
JMI.US,5,20131125,162500,11.9000,11.9000,11.8800,11.8800,400,0
JMI.US,5,20131125,163000,11.8800,11.8900,11.8800,11.8800,300,0
JMI.US,5,20131125,163500,11.8800,11.8900,11.8800,11.8900,1735,0
JMI.US,5,20131125,164000,11.8800,11.9000,11.8800,11.8900,2900,0
JMI.US,5,20131125,164500,11.8800,11.9000,11.8800,11.9000,1600,0
JMI.US,5,20131125,165000,11.9000,11.9000,11.8900,11.9000,7245,0
JMI.US,5,20131125,165500,11.9000,11.9000,11.8900,11.8900,1013,0
JMI.US,5,20131125,170000,11.9000,11.9000,11.9000,11.9000,488,0
JMI.US,5,20131125,170500,11.8900,11.8900,11.8800,11.8800,500,0
JMI.US,5,20131125,171000,11.8900,11.8900,11.8900,11.8900,100,0
JMI.US,5,20131125,171500,11.8900,11.9000,11.8800,11.8800,1800,0
JMI.US,5,20131125,172000,11.8900,11.9000,11.8800,11.9000,1036,0
JMI.US,5,20131125,172500,11.8800,11.9100,11.8800,11.9100,6360,0
JMI.US,5,20131125,173000,11.9100,11.9100,11.9100,11.9100,8665,0
JMI.US,5,20131125,173500,11.9100,11.9300,11.9100,11.9300,3600,0
JMI.US,5,20131125,174000,11.9300,11.9400,11.8900,11.8900,5503,0
JMI.US,5,20131125,174500,11.8900,11.8900,11.8900,11.8900,200,0
JMI.US,5,20131125,175000,11.8900,11.9000,11.8800,11.9000,8606,0
JMI.US,5,20131125,175500,11.9000,11.9000,11.8900,11.9000,600,0
JMI.US,5,20131125,180000,11.9000,11.9200,11.9000,11.9200,700,0
JMI.US,5,20131125,180500,11.9000,11.9200,11.9000,11.9200,500,0
JMI.US,5,20131125,181000,11.9300,11.9300,11.9200,11.9200,500,0
JMI.US,5,20131125,181500,11.9300,11.9400,11.9100,11.9100,1400,0
JMI.US,5,20131125,182000,11.9100,11.9400,11.9100,11.9200,3333,0
JMI.US,5,20131125,182500,11.9200,11.9400,11.9100,11.9100,409,0
JMI.US,5,20131125,183000,11.9100,11.9200,11.9100,11.9200,1700,0
JMI.US,5,20131125,183500,11.9100,11.9200,11.9000,11.9100,1111,0
JMI.US,5,20131125,184000,11.9000,11.9200,11.9000,11.9200,1000,0
JMI.US,5,20131125,184500,11.9200,11.9200,11.9200,11.9200,100,0
JMI.US,5,20131125,185000,11.9300,11.9300,11.9000,11.9000,500,0
JMI.US,5,20131125,185500,11.9100,11.9200,11.9000,11.9200,2350,0
JMI.US,5,20131125,190000,11.9200,11.9200,11.9100,11.9200,700,0
JMI.US,5,20131125,190500,11.9200,11.9300,11.9100,11.9100,900,0
JMI.US,5,20131125,191000,11.9100,11.9200,11.9100,11.9200,1500,0
JMI.US,5,20131125,191500,11.9300,11.9300,11.9200,11.9200,900,0
JMI.US,5,20131125,192000,11.9100,11.9200,11.9100,11.9200,300,0
JMI.US,5,20131125,192500,11.9200,11.9300,11.9200,11.9200,382,0
JMI.US,5,20131125,193000,11.9200,11.9200,11.9200,11.9200,600,0
JMI.US,5,20131125,193500,11.9100,11.9200,11.9100,11.9100,1900,0
JMI.US,5,20131125,194000,11.9100,11.9200,11.9100,11.9100,450,0
JMI.US,5,20131125,194500,11.9100,11.9100,11.9000,11.9000,3200,0
JMI.US,5,20131125,195500,11.9000,11.9100,11.8900,11.9100,1300,0
JMI.US,5,20131125,200000,11.8900,11.9000,11.8900,11.9000,400,0
JMI.US,5,20131125,200500,11.9000,11.9000,11.8900,11.8900,300,0
JMI.US,5,20131125,201000,11.8900,11.9100,11.8900,11.9000,2860,0
JMI.US,5,20131125,201500,11.9100,11.9100,11.9000,11.9000,300,0
JMI.US,5,20131125,202000,11.9100,11.9100,11.8800,11.8800,3700,0
JMI.US,5,20131125,202500,11.8900,11.9000,11.8900,11.8900,500,0
JMI.US,5,20131125,203000,11.8900,11.8900,11.8700,11.8800,1600,0
JMI.US,5,20131125,203500,11.8800,11.8800,11.8800,11.8800,400,0
JMI.US,5,20131125,204000,11.8800,11.8900,11.8800,11.8900,2000,0
JMI.US,5,20131125,204500,11.8900,11.8900,11.8800,11.8900,1900,0
JMI.US,5,20131125,205000,11.8900,11.8900,11.8800,11.8900,1500,0
JMI.US,5,20131125,205500,11.8900,11.8900,11.8800,11.8800,1100,0
JMI.US,5,20131125,210000,11.8800,11.8800,11.8700,11.8700,3773,0
JMI.US,5,20131125,210500,11.8700,11.8700,11.8700,11.8700,800,0
JMI.US,5,20131125,211000,11.8700,11.8700,11.8500,11.8500,4800,0
JMI.US,5,20131125,211500,11.8500,11.8700,11.8500,11.8500,11045,0
JMI.US,5,20131125,212000,11.8400,11.8600,11.8300,11.8300,1000,0
JMI.US,5,20131125,212500,11.8200,11.8300,11.8200,11.8300,400,0
JMI.US,5,20131125,213000,11.8400,11.8400,11.8300,11.8400,1200,0
JMI.US,5,20131125,213500,11.8400,11.8400,11.8200,11.8200,1300,0
JMI.US,5,20131125,214000,11.8200,11.8400,11.8200,11.8300,900,0
JMI.US,5,20131125,214500,11.8300,11.8400,11.8300,11.8400,500,0
JMI.US,5,20131125,215000,11.8400,11.8400,11.8200,11.8300,3899,0
JMI.US,5,20131125,215500,11.8300,11.8300,11.8200,11.8300,400,0
JMI.US,5,20131125,220000,11.8300,11.8400,11.8200,11.8400,4090,0
JMI.US,5,20131125,220500,11.8300,11.8300,11.8300,11.8300,1035,0
JMI.US,5,20131126,154000,11.8500,11.9100,11.8500,11.8700,3500,0
JMI.US,5,20131126,154500,11.9000,11.9100,11.8600,11.9100,5984,0
JMI.US,5,20131126,155000,11.9100,11.9200,11.9100,11.9200,2700,0
JMI.US,5,20131126,155500,11.9200,11.9200,11.9000,11.9000,400,0
JMI.US,5,20131126,160000,11.9100,11.9200,11.9100,11.9200,3300,0
JMI.US,5,20131126,160500,11.9100,11.9200,11.9100,11.9200,2900,0
JMI.US,5,20131126,161000,11.9200,11.9500,11.9200,11.9400,5889,0
JMI.US,5,20131126,161500,11.9400,11.9400,11.9100,11.9100,800,0
JMI.US,5,20131126,162000,11.9300,11.9300,11.9200,11.9200,413,0
JMI.US,5,20131126,163000,11.9300,11.9300,11.9300,11.9300,175,0
JMI.US,5,20131126,163500,11.9300,11.9500,11.9300,11.9500,4604,0
JMI.US,5,20131126,164000,11.9500,11.9500,11.9500,11.9500,400,0
JMI.US,5,20131126,164500,11.9500,11.9500,11.9400,11.9400,2400,0
JMI.US,5,20131126,165000,11.9400,11.9400,11.9300,11.9300,400,0
JMI.US,5,20131126,165500,11.9300,11.9400,11.9300,11.9400,500,0
JMI.US,5,20131126,170000,11.9400,11.9400,11.9300,11.9400,2150,0
JMI.US,5,20131126,170500,11.9400,11.9400,11.9400,11.9400,900,0
JMI.US,5,20131126,171000,11.9400,11.9400,11.9400,11.9400,100,0
JMI.US,5,20131126,171500,11.9400,11.9400,11.9400,11.9400,919,0
JMI.US,5,20131126,172000,11.9400,11.9500,11.9300,11.9400,3374,0
JMI.US,5,20131126,172500,11.9400,11.9400,11.9300,11.9300,3515,0
JMI.US,5,20131126,173000,11.9300,11.9400,11.9200,11.9200,5300,0
JMI.US,5,20131126,173500,11.9300,11.9300,11.9200,11.9200,1200,0
JMI.US,5,20131126,174000,11.9200,11.9200,11.9100,11.9100,1904,0
JMI.US,5,20131126,174500,11.9100,11.9300,11.9100,11.9100,1008,0
JMI.US,5,20131126,175000,11.9100,11.9100,11.9100,11.9100,3122,0
JMI.US,5,20131126,175500,11.9300,11.9300,11.9200,11.9300,2200,0
JMI.US,5,20131126,180000,11.9200,11.9200,11.9200,11.9200,400,0
JMI.US,5,20131126,180500,11.9200,11.9200,11.9200,11.9200,3751,0
JMI.US,5,20131126,181000,11.9200,11.9200,11.9200,11.9200,2300,0
JMI.US,5,20131126,182000,11.9300,11.9300,11.9200,11.9200,5959,0
JMI.US,5,20131126,182500,11.9200,11.9200,11.9200,11.9200,600,0
JMI.US,5,20131126,183000,11.9200,11.9300,11.9100,11.9100,1730,0
JMI.US,5,20131126,183500,11.9100,11.9200,11.9000,11.9100,3920,0
JMI.US,5,20131126,184000,11.9100,11.9100,11.9000,11.9000,1882,0
JMI.US,5,20131126,184500,11.9100,11.9200,11.9000,11.9000,12744,0
JMI.US,5,20131126,185000,11.9100,11.9100,11.9000,11.9000,1944,0
JMI.US,5,20131126,185500,11.9000,11.9100,11.9000,11.9000,4000,0
JMI.US,5,20131126,190000,11.9100,11.9100,11.9000,11.9000,200,0
JMI.US,5,20131126,190500,11.9000,11.9000,11.9000,11.9000,2154,0
JMI.US,5,20131126,191000,11.9000,11.9000,11.9000,11.9000,300,0
JMI.US,5,20131126,192000,11.9000,11.9000,11.9000,11.9000,400,0
JMI.US,5,20131126,192500,11.9000,11.9100,11.9000,11.9100,1728,0
JMI.US,5,20131126,193000,11.9100,11.9200,11.9000,11.9100,4322,0
JMI.US,5,20131126,193500,11.9100,11.9100,11.9000,11.9000,1704,0
JMI.US,5,20131126,194000,11.9000,11.9000,11.9000,11.9000,500,0
JMI.US,5,20131126,194500,11.9100,11.9100,11.9100,11.9100,2700,0
JMI.US,5,20131126,195000,11.9100,11.9100,11.9100,11.9100,100,0
JMI.US,5,20131126,195500,11.9100,11.9100,11.9100,11.9100,1000,0
JMI.US,5,20131126,200000,11.9200,11.9200,11.9100,11.9100,600,0
JMI.US,5,20131126,200500,11.9100,11.9100,11.9100,11.9100,3100,0
JMI.US,5,20131126,201500,11.9100,11.9100,11.9100,11.9100,100,0
JMI.US,5,20131126,202500,11.9200,11.9200,11.9100,11.9100,2652,0
JMI.US,5,20131126,203000,11.9100,11.9200,11.9100,11.9100,6885,0
JMI.US,5,20131126,204000,11.9100,11.9200,11.9100,11.9100,1300,0
JMI.US,5,20131126,204500,11.9200,11.9500,11.9200,11.9500,7406,0
JMI.US,5,20131126,205000,11.9500,11.9500,11.9400,11.9400,3100,0
JMI.US,5,20131126,205500,11.9500,11.9600,11.9500,11.9500,3254,0
JMI.US,5,20131126,210000,11.9600,11.9900,11.9600,11.9900,3800,0
JMI.US,5,20131126,210500,11.9900,11.9900,11.9800,11.9800,2787,0
JMI.US,5,20131126,211000,11.9800,11.9900,11.9800,11.9900,1700,0
JMI.US,5,20131126,211500,11.9900,12.0000,11.9800,11.9900,7643,0
JMI.US,5,20131126,212000,11.9800,11.9900,11.9800,11.9800,1190,0
JMI.US,5,20131126,212500,11.9800,11.9900,11.9800,11.9800,8000,0
JMI.US,5,20131126,213000,11.9800,11.9800,11.9800,11.9800,400,0
JMI.US,5,20131126,213500,11.9900,12.0000,11.9900,12.0000,2700,0
JMI.US,5,20131126,214000,12.0000,12.0100,11.9900,12.0100,3905,0
JMI.US,5,20131126,214500,12.0000,12.0300,12.0000,12.0300,2300,0
JMI.US,5,20131126,215000,12.0200,12.0200,12.0100,12.0200,1700,0
JMI.US,5,20131126,215500,12.0100,12.0100,11.9700,11.9900,3020,0
JMI.US,5,20131126,220000,11.9800,11.9800,11.9400,11.9500,13677,0
JMI.US,5,20131126,220500,11.9500,11.9500,11.9500,11.9500,2155,0
JMI.US,5,20131127,153500,12.0300,12.0400,12.0300,12.0300,10915,0
JMI.US,5,20131127,154000,12.0400,12.0500,11.9900,12.0000,14171,0
JMI.US,5,20131127,154500,12.0000,12.0000,12.0000,12.0000,3800,0
JMI.US,5,20131127,155000,12.0000,12.0000,12.0000,12.0000,4941,0
JMI.US,5,20131127,155500,12.0000,12.0000,11.9900,11.9900,5800,0
JMI.US,5,20131127,160000,12.0000,12.0000,11.9900,11.9900,5142,0
JMI.US,5,20131127,160500,11.9900,12.0000,11.9900,11.9900,3387,0
JMI.US,5,20131127,161000,12.0000,12.0000,12.0000,12.0000,3445,0
JMI.US,5,20131127,161500,12.0000,12.0000,11.9900,12.0000,5802,0
JMI.US,5,20131127,162000,12.0000,12.0100,12.0000,12.0000,10531,0
JMI.US,5,20131127,162500,12.0000,12.0100,11.9900,11.9900,4700,0
JMI.US,5,20131127,163000,12.0000,12.0100,12.0000,12.0000,3755,0
JMI.US,5,20131127,163500,12.0100,12.0300,12.0100,12.0100,1821,0
JMI.US,5,20131127,164000,12.0200,12.0400,11.9900,12.0100,4895,0
JMI.US,5,20131127,164500,12.0100,12.0400,12.0100,12.0300,2600,0
JMI.US,5,20131127,165000,12.0400,12.0400,12.0300,12.0300,1663,0
JMI.US,5,20131127,165500,12.0300,12.0300,12.0200,12.0300,764,0
JMI.US,5,20131127,170000,12.0300,12.0300,12.0000,12.0100,1600,0
JMI.US,5,20131127,170500,12.0100,12.0100,12.0000,12.0000,2689,0
JMI.US,5,20131127,171000,12.0000,12.0100,12.0000,12.0100,4950,0
JMI.US,5,20131127,171500,12.0000,12.0100,12.0000,12.0000,1375,0
JMI.US,5,20131127,172000,12.0100,12.0100,12.0000,12.0100,3800,0
JMI.US,5,20131127,172500,12.0400,12.0400,12.0300,12.0300,5173,0
JMI.US,5,20131127,173000,12.0300,12.0400,12.0300,12.0300,5300,0
JMI.US,5,20131127,173500,12.0300,12.0400,12.0300,12.0300,1000,0
JMI.US,5,20131127,174000,12.0400,12.0400,12.0300,12.0300,5000,0
JMI.US,5,20131127,174500,12.0300,12.0400,12.0300,12.0400,1000,0
JMI.US,5,20131127,175000,12.0500,12.0600,12.0400,12.0600,6233,0
JMI.US,5,20131127,175500,12.0700,12.0800,12.0700,12.0800,6272,0
JMI.US,5,20131127,180000,12.0800,12.0800,12.0700,12.0800,2800,0
JMI.US,5,20131127,180500,12.0800,12.0900,12.0800,12.0800,1900,0
JMI.US,5,20131127,181000,12.0900,12.0900,12.0800,12.0900,14115,0
JMI.US,5,20131127,181500,12.0800,12.0900,12.0800,12.0800,9633,0
JMI.US,5,20131127,182000,12.0800,12.0800,12.0600,12.0700,4050,0
JMI.US,5,20131127,182500,12.0500,12.0600,12.0500,12.0600,2000,0
JMI.US,5,20131127,183000,12.0500,12.0700,12.0500,12.0600,1265,0
JMI.US,5,20131127,183500,12.0600,12.0700,12.0600,12.0600,3343,0
JMI.US,5,20131127,184000,12.0500,12.0600,12.0500,12.0600,1000,0
JMI.US,5,20131127,184500,12.0500,12.0600,12.0500,12.0500,1910,0
JMI.US,5,20131127,185000,12.0500,12.0700,12.0500,12.0700,600,0
JMI.US,5,20131127,185500,12.0700,12.0700,12.0500,12.0500,635,0
JMI.US,5,20131127,190000,12.0500,12.0800,12.0500,12.0500,2400,0
JMI.US,5,20131127,190500,12.0500,12.0600,12.0500,12.0500,1200,0
JMI.US,5,20131127,191000,12.0500,12.0600,12.0400,12.0400,8255,0
JMI.US,5,20131127,191500,12.0500,12.0500,12.0200,12.0200,5300,0
JMI.US,5,20131127,192000,12.0200,12.0300,12.0200,12.0300,200,0
JMI.US,5,20131127,192500,12.0300,12.0300,12.0200,12.0200,875,0
JMI.US,5,20131127,193000,12.0200,12.0300,12.0200,12.0300,900,0
JMI.US,5,20131127,193500,12.0400,12.0400,12.0300,12.0300,700,0
JMI.US,5,20131127,194000,12.0400,12.0400,12.0400,12.0400,1000,0
JMI.US,5,20131127,194500,12.0500,12.0500,12.0400,12.0500,870,0
JMI.US,5,20131127,195000,12.0500,12.0500,12.0500,12.0500,800,0
JMI.US,5,20131127,195500,12.0500,12.0500,12.0500,12.0500,300,0
JMI.US,5,20131127,200000,12.0500,12.0600,12.0300,12.0300,4000,0
JMI.US,5,20131127,200500,12.0400,12.0500,12.0300,12.0300,700,0
JMI.US,5,20131127,201000,12.0300,12.0400,12.0300,12.0300,1200,0
JMI.US,5,20131127,201500,12.0400,12.0500,12.0200,12.0200,2190,0
JMI.US,5,20131127,202000,12.0200,12.0200,12.0200,12.0200,100,0
JMI.US,5,20131127,202500,12.0300,12.0400,12.0300,12.0400,200,0
JMI.US,5,20131127,203000,12.0500,12.0500,12.0400,12.0500,2800,0
JMI.US,5,20131127,203500,12.0400,12.0500,12.0300,12.0500,2900,0
JMI.US,5,20131127,204000,12.0500,12.0700,12.0500,12.0600,700,0
JMI.US,5,20131127,204500,12.0600,12.0600,12.0600,12.0600,500,0
JMI.US,5,20131127,205000,12.0600,12.0800,12.0600,12.0700,2000,0
JMI.US,5,20131127,205500,12.0900,12.1000,12.0900,12.0900,5000,0
JMI.US,5,20131127,210000,12.0900,12.1100,12.0900,12.1000,6000,0
JMI.US,5,20131127,210500,12.1000,12.1300,12.1000,12.1300,2259,0
JMI.US,5,20131127,211000,12.1300,12.1300,12.1100,12.1200,6800,0
JMI.US,5,20131127,211500,12.1200,12.1200,12.0600,12.0900,4100,0
JMI.US,5,20131127,212000,12.1000,12.1100,12.0800,12.1100,2200,0
JMI.US,5,20131127,212500,12.1200,12.1200,12.1100,12.1100,1300,0
JMI.US,5,20131127,213000,12.1200,12.1200,12.0800,12.0800,2616,0
JMI.US,5,20131127,213500,12.0900,12.1100,12.0900,12.0900,1300,0
JMI.US,5,20131127,214000,12.0900,12.1000,12.0900,12.1000,2500,0
JMI.US,5,20131127,214500,12.0900,12.1000,12.0900,12.1000,1390,0
JMI.US,5,20131127,215000,12.1000,12.1100,12.0800,12.0800,2574,0
JMI.US,5,20131127,215500,12.0900,12.1100,12.0900,12.1100,1500,0
JMI.US,5,20131127,220000,12.1200,12.1200,12.1000,12.1100,11300,0
JMI.US,5,20131127,220500,12.1100,12.1100,12.1100,12.1100,8963,0
JMI.US,5,20131129,154000,12.1200,12.1700,12.1200,12.1700,2300,0
JMI.US,5,20131129,154500,12.1700,12.1700,12.1500,12.1500,300,0
JMI.US,5,20131129,155000,12.1700,12.1800,12.1700,12.1800,925,0
JMI.US,5,20131129,155500,12.2200,12.2300,12.2000,12.2200,3725,0
JMI.US,5,20131129,160500,12.2100,12.2100,12.1900,12.2000,2003,0
JMI.US,5,20131129,161000,12.1800,12.2000,12.1800,12.1800,1700,0
JMI.US,5,20131129,161500,12.2000,12.2100,12.2000,12.2100,3210,0
JMI.US,5,20131129,162000,12.2100,12.2400,12.2000,12.2100,1100,0
JMI.US,5,20131129,162500,12.2300,12.2400,12.2000,12.2100,6800,0
JMI.US,5,20131129,163000,12.2100,12.2400,12.2100,12.2400,5136,0
JMI.US,5,20131129,163500,12.2400,12.2500,12.2400,12.2500,2561,0
JMI.US,5,20131129,164000,12.2400,12.2500,12.2400,12.2500,12712,0
JMI.US,5,20131129,164500,12.2600,12.2600,12.2500,12.2600,3416,0
JMI.US,5,20131129,165000,12.2700,12.2900,12.2600,12.2700,16250,0
JMI.US,5,20131129,165500,12.2800,12.3000,12.2800,12.2900,18907,0
JMI.US,5,20131129,170000,12.2900,12.3000,12.2900,12.3000,865,0
JMI.US,5,20131129,170500,12.3000,12.3000,12.2800,12.2900,1201,0
JMI.US,5,20131129,171000,12.3000,12.3100,12.3000,12.3000,2443,0
JMI.US,5,20131129,171500,12.3100,12.3600,12.3100,12.3200,12820,0
JMI.US,5,20131129,172000,12.3300,12.3500,12.3300,12.3500,1550,0
JMI.US,5,20131129,172500,12.3400,12.3400,12.3200,12.3300,2400,0
JMI.US,5,20131129,173000,12.3200,12.3400,12.3200,12.3300,4001,0
JMI.US,5,20131129,174000,12.3200,12.3400,12.2800,12.3300,20863,0
JMI.US,5,20131129,174500,12.3300,12.3500,12.3300,12.3500,1600,0
JMI.US,5,20131129,175000,12.3400,12.3500,12.3400,12.3500,3901,0
JMI.US,5,20131129,175500,12.3500,12.3600,12.3500,12.3500,600,0
JMI.US,5,20131129,180500,12.3500,12.3500,12.3400,12.3500,400,0
JMI.US,5,20131129,181000,12.3500,12.3500,12.3500,12.3500,700,0
JMI.US,5,20131129,181500,12.3400,12.3400,12.3300,12.3300,600,0
JMI.US,5,20131129,182000,12.3400,12.3400,12.3100,12.3100,2300,0
JMI.US,5,20131129,182500,12.3300,12.3300,12.3000,12.3000,600,0
JMI.US,5,20131129,183000,12.3300,12.3500,12.3200,12.3500,4600,0
JMI.US,5,20131129,183500,12.3400,12.3400,12.3400,12.3400,200,0
JMI.US,5,20131129,184000,12.3400,12.3400,12.3200,12.3200,2354,0
JMI.US,5,20131129,184500,12.3100,12.3200,12.3100,12.3200,900,0
JMI.US,5,20131129,185000,12.3400,12.3400,12.3100,12.3200,800,0
JMI.US,5,20131129,185500,12.3100,12.3300,12.3100,12.3100,4400,0
JMI.US,5,20131129,190000,12.3200,12.3400,12.3100,12.3300,18547,0
JMI.US,5,20131129,190500,12.3400,12.3400,12.3400,12.3400,3789,0
JMI.US,5,20131202,153500,12.3500,12.3500,12.3500,12.3500,200,0
JMI.US,5,20131202,154000,12.3100,12.3100,12.3000,12.3000,2300,0
JMI.US,5,20131202,154500,12.3200,12.3400,12.3200,12.3400,1600,0
JMI.US,5,20131202,155000,12.3100,12.3100,12.3000,12.3000,6036,0
JMI.US,5,20131202,155500,12.3100,12.3100,12.3000,12.3000,1309,0
JMI.US,5,20131202,160000,12.3000,12.3000,12.2800,12.2800,10620,0
JMI.US,5,20131202,160500,12.2800,12.2800,12.1900,12.2300,13252,0
JMI.US,5,20131202,161000,12.2300,12.2400,12.2100,12.2200,4450,0
JMI.US,5,20131202,161500,12.2400,12.2400,12.2000,12.2200,3730,0
JMI.US,5,20131202,162000,12.2300,12.2400,12.2200,12.2400,3905,0
JMI.US,5,20131202,162500,12.2000,12.2200,12.2000,12.2000,2814,0
JMI.US,5,20131202,163000,12.2000,12.2000,12.2000,12.2000,800,0
JMI.US,5,20131202,163500,12.2000,12.2100,12.2000,12.2100,1100,0
JMI.US,5,20131202,164000,12.2000,12.2300,12.2000,12.2100,2998,0
JMI.US,5,20131202,164500,12.2100,12.2100,12.2000,12.2000,1000,0
JMI.US,5,20131202,165000,12.2100,12.2100,12.2100,12.2100,2500,0
JMI.US,5,20131202,165500,12.2000,12.2100,12.1800,12.2100,6929,0
JMI.US,5,20131202,170000,12.2300,12.2300,12.2200,12.2200,650,0
JMI.US,5,20131202,170500,12.2300,12.2300,12.2300,12.2300,1071,0
JMI.US,5,20131202,171000,12.2300,12.2300,12.1900,12.1900,9248,0
JMI.US,5,20131202,171500,12.1900,12.1900,12.1700,12.1700,2600,0
JMI.US,5,20131202,172000,12.1700,12.1900,12.1700,12.1900,2400,0
JMI.US,5,20131202,172500,12.1900,12.1900,12.1800,12.1800,2000,0
JMI.US,5,20131202,173000,12.1900,12.2300,12.1900,12.1900,6635,0
JMI.US,5,20131202,173500,12.2200,12.2200,12.2200,12.2200,550,0
JMI.US,5,20131202,174000,12.2100,12.2100,12.1900,12.1900,1020,0
JMI.US,5,20131202,174500,12.1900,12.2000,12.1900,12.1900,1200,0
JMI.US,5,20131202,175000,12.1900,12.1900,12.1900,12.1900,2559,0
JMI.US,5,20131202,175500,12.1900,12.1900,12.1700,12.1700,2992,0
JMI.US,5,20131202,180000,12.2100,12.2100,12.1900,12.1900,500,0
JMI.US,5,20131202,180500,12.1900,12.2000,12.1800,12.1800,1400,0
JMI.US,5,20131202,181000,12.2000,12.2000,12.2000,12.2000,700,0
JMI.US,5,20131202,181500,12.2000,12.2000,12.2000,12.2000,200,0
JMI.US,5,20131202,182000,12.2000,12.2100,12.2000,12.2000,1200,0
JMI.US,5,20131202,182500,12.2100,12.2200,12.2100,12.2200,2800,0
JMI.US,5,20131202,183000,12.2200,12.2200,12.2200,12.2200,1800,0
JMI.US,5,20131202,183500,12.2300,12.2400,12.2300,12.2300,1800,0
JMI.US,5,20131202,184000,12.2300,12.2300,12.2200,12.2200,600,0
JMI.US,5,20131202,184500,12.2200,12.2200,12.2200,12.2200,400,0
JMI.US,5,20131202,185000,12.2200,12.2300,12.2200,12.2300,1000,0
JMI.US,5,20131202,185500,12.2300,12.2300,12.2200,12.2200,700,0
JMI.US,5,20131202,190000,12.2200,12.2200,12.2200,12.2200,900,0
JMI.US,5,20131202,190500,12.2200,12.2200,12.2000,12.2100,10100,0
JMI.US,5,20131202,191000,12.2100,12.2100,12.2000,12.2000,1413,0
JMI.US,5,20131202,191500,12.2000,12.2100,12.2000,12.2100,1500,0
JMI.US,5,20131202,192000,12.2000,12.2000,12.2000,12.2000,1400,0
JMI.US,5,20131202,192500,12.2100,12.2100,12.2100,12.2100,1700,0
JMI.US,5,20131202,193000,12.2100,12.2100,12.2100,12.2100,500,0
JMI.US,5,20131202,193500,12.2100,12.2100,12.2000,12.2000,800,0
JMI.US,5,20131202,194000,12.2000,12.2100,12.2000,12.2100,1700,0
JMI.US,5,20131202,194500,12.2000,12.2000,12.2000,12.2000,100,0
JMI.US,5,20131202,195000,12.2000,12.2000,12.2000,12.2000,200,0
JMI.US,5,20131202,195500,12.2000,12.2000,12.2000,12.2000,700,0
JMI.US,5,20131202,200000,12.2000,12.2000,12.2000,12.2000,200,0
JMI.US,5,20131202,200500,12.2100,12.2400,12.2000,12.2200,6200,0
JMI.US,5,20131202,201000,12.2200,12.2400,12.2200,12.2300,11990,0
JMI.US,5,20131202,201500,12.2300,12.2300,12.2100,12.2200,498,0
JMI.US,5,20131202,202000,12.2100,12.2200,12.2100,12.2100,1680,0
JMI.US,5,20131202,202500,12.2200,12.2200,12.2100,12.2100,420,0
JMI.US,5,20131202,203000,12.2200,12.2200,12.2200,12.2200,500,0
JMI.US,5,20131202,203500,12.2200,12.2200,12.2200,12.2200,1050,0
JMI.US,5,20131202,204000,12.2200,12.2200,12.2100,12.2200,1600,0
JMI.US,5,20131202,204500,12.2300,12.2300,12.2200,12.2200,1905,0
JMI.US,5,20131202,205000,12.2300,12.2300,12.2100,12.2200,1400,0
JMI.US,5,20131202,210000,12.2300,12.2400,12.2200,12.2400,18035,0
JMI.US,5,20131202,210500,12.2400,12.2500,12.2300,12.2500,14306,0
JMI.US,5,20131202,211000,12.2400,12.2400,12.2400,12.2400,200,0
JMI.US,5,20131202,211500,12.2400,12.2400,12.2100,12.2100,12484,0
JMI.US,5,20131202,212000,12.2100,12.2300,12.2100,12.2300,3500,0
JMI.US,5,20131202,212500,12.2300,12.2500,12.2300,12.2400,8200,0
JMI.US,5,20131202,213000,12.2500,12.2600,12.2400,12.2400,8451,0
JMI.US,5,20131202,213500,12.2500,12.2500,12.2300,12.2300,5600,0
JMI.US,5,20131202,214000,12.2300,12.2400,12.2300,12.2300,4869,0
JMI.US,5,20131202,214500,12.2300,12.2700,12.2300,12.2300,12150,0
JMI.US,5,20131202,215000,12.2400,12.2600,12.2300,12.2500,8696,0
JMI.US,5,20131202,215500,12.2500,12.2700,12.2300,12.2300,7730,0
JMI.US,5,20131202,220000,12.2400,12.2400,12.1800,12.1900,15867,0
JMI.US,5,20131202,220500,12.2100,12.2100,12.2100,12.2100,2119,0
JMI.US,5,20131203,153500,12.2700,12.3000,12.2000,12.2500,6433,0
JMI.US,5,20131203,154000,12.2500,12.3000,12.2500,12.2600,6290,0
JMI.US,5,20131203,154500,12.2800,12.3000,12.2700,12.2800,5801,0
JMI.US,5,20131203,155000,12.2800,12.3200,12.2800,12.2900,6300,0
JMI.US,5,20131203,155500,12.2900,12.2900,12.2500,12.2500,9636,0
JMI.US,5,20131203,160000,12.2600,12.2800,12.2100,12.2300,10550,0
JMI.US,5,20131203,160500,12.2200,12.2700,12.2100,12.2100,8958,0
JMI.US,5,20131203,161000,12.2500,12.2700,12.2000,12.2000,8668,0
JMI.US,5,20131203,161500,12.2000,12.2300,12.2000,12.2300,7450,0
JMI.US,5,20131203,162000,12.2300,12.2300,12.2200,12.2200,1200,0
JMI.US,5,20131203,162500,12.2300,12.2600,12.2300,12.2600,1985,0
JMI.US,5,20131203,163000,12.2500,12.2600,12.2500,12.2500,2444,0
JMI.US,5,20131203,163500,12.2500,12.2600,12.2400,12.2500,2736,0
JMI.US,5,20131203,164500,12.2600,12.2600,12.2500,12.2500,2301,0
JMI.US,5,20131203,165000,12.2500,12.2600,12.2500,12.2600,1760,0
JMI.US,5,20131203,165500,12.2600,12.2700,12.2500,12.2500,2300,0
JMI.US,5,20131203,170000,12.2500,12.2600,12.2500,12.2600,782,0
JMI.US,5,20131203,170500,12.2600,12.3000,12.2500,12.2900,8511,0
JMI.US,5,20131203,171000,12.3000,12.3300,12.2800,12.3100,8001,0
JMI.US,5,20131203,171500,12.3000,12.3100,12.2900,12.3100,1061,0
JMI.US,5,20131203,172000,12.3100,12.3100,12.2900,12.3000,1195,0
JMI.US,5,20131203,172500,12.3000,12.3100,12.3000,12.3000,2100,0
JMI.US,5,20131203,173000,12.3000,12.3100,12.3000,12.3100,3676,0
JMI.US,5,20131203,173500,12.3000,12.3000,12.3000,12.3000,800,0
JMI.US,5,20131203,174000,12.3100,12.3200,12.3000,12.3100,2635,0
JMI.US,5,20131203,174500,12.3200,12.3300,12.3100,12.3300,3900,0
JMI.US,5,20131203,175000,12.3300,12.3500,12.3300,12.3400,17186,0
JMI.US,5,20131203,175500,12.3400,12.3600,12.3300,12.3500,7372,0
JMI.US,5,20131203,180000,12.3400,12.3700,12.3400,12.3700,7200,0
JMI.US,5,20131203,180500,12.3800,12.3800,12.3500,12.3500,4852,0
JMI.US,5,20131203,181000,12.3600,12.3700,12.3600,12.3700,1100,0
JMI.US,5,20131203,181500,12.3700,12.3700,12.3700,12.3700,4733,0
JMI.US,5,20131203,182000,12.3700,12.3800,12.3700,12.3800,346,0
JMI.US,5,20131203,182500,12.3700,12.3700,12.3600,12.3700,3200,0
JMI.US,5,20131203,183000,12.3700,12.3700,12.3700,12.3700,1050,0
JMI.US,5,20131203,183500,12.3800,12.3800,12.3700,12.3800,2000,0
JMI.US,5,20131203,184000,12.3800,12.3800,12.3700,12.3800,3414,0
JMI.US,5,20131203,184500,12.3700,12.3700,12.3700,12.3700,4530,0
JMI.US,5,20131203,185000,12.3700,12.3700,12.3700,12.3700,800,0
JMI.US,5,20131203,185500,12.3800,12.3800,12.3700,12.3700,885,0
JMI.US,5,20131203,190000,12.3700,12.3800,12.3700,12.3800,2950,0
JMI.US,5,20131203,190500,12.3700,12.3700,12.3600,12.3600,4808,0
JMI.US,5,20131203,191000,12.3600,12.3600,12.3600,12.3600,117,0
JMI.US,5,20131203,191500,12.3700,12.3700,12.3700,12.3700,335,0
JMI.US,5,20131203,192000,12.3600,12.3700,12.3600,12.3700,1000,0
JMI.US,5,20131203,192500,12.3700,12.3700,12.3500,12.3500,2217,0
JMI.US,5,20131203,193000,12.3500,12.3600,12.3500,12.3600,2755,0
JMI.US,5,20131203,193500,12.3500,12.3500,12.3100,12.3100,7500,0
JMI.US,5,20131203,194000,12.3200,12.3200,12.3100,12.3100,1200,0
JMI.US,5,20131203,194500,12.3100,12.3100,12.3100,12.3100,450,0
JMI.US,5,20131203,195000,12.3100,12.3600,12.3100,12.3300,7500,0
JMI.US,5,20131203,195500,12.3400,12.3400,12.3400,12.3400,2705,0
JMI.US,5,20131203,200000,12.3400,12.3400,12.3300,12.3300,600,0
JMI.US,5,20131203,200500,12.3400,12.3500,12.3400,12.3400,5734,0
JMI.US,5,20131203,201000,12.3400,12.3400,12.3200,12.3200,4092,0
JMI.US,5,20131203,201500,12.3200,12.3400,12.3200,12.3300,1400,0
JMI.US,5,20131203,202000,12.3200,12.3300,12.3200,12.3300,3906,0
JMI.US,5,20131203,202500,12.3300,12.3400,12.3300,12.3300,1150,0
JMI.US,5,20131203,203000,12.3300,12.3400,12.3300,12.3300,696,0
JMI.US,5,20131203,203500,12.3300,12.3400,12.3300,12.3300,5825,0
JMI.US,5,20131203,204000,12.3300,12.3400,12.3200,12.3300,3600,0
JMI.US,5,20131203,204500,12.3300,12.3300,12.3200,12.3300,4710,0
JMI.US,5,20131203,205000,12.3300,12.3300,12.3200,12.3200,400,0
JMI.US,5,20131203,205500,12.3200,12.3200,12.3100,12.3100,600,0
JMI.US,5,20131203,210000,12.3100,12.3200,12.3100,12.3100,800,0
JMI.US,5,20131203,210500,12.3100,12.3100,12.3100,12.3100,1400,0
JMI.US,5,20131203,211000,12.3100,12.3100,12.3100,12.3100,4086,0
JMI.US,5,20131203,211500,12.3100,12.3100,12.3000,12.3100,6500,0
JMI.US,5,20131203,212000,12.3200,12.3200,12.2800,12.2900,13695,0
JMI.US,5,20131203,212500,12.2800,12.3200,12.2800,12.3000,13899,0
JMI.US,5,20131203,213000,12.3000,12.3300,12.2900,12.3300,7140,0
JMI.US,5,20131203,213500,12.3300,12.3300,12.2900,12.2900,1500,0
JMI.US,5,20131203,214000,12.2900,12.3100,12.2900,12.2900,1725,0
JMI.US,5,20131203,214500,12.2900,12.3000,12.2900,12.2900,1800,0
JMI.US,5,20131203,215000,12.2900,12.2900,12.2600,12.2900,13700,0
JMI.US,5,20131203,215500,12.2900,12.3000,12.2800,12.2800,2624,0
JMI.US,5,20131203,220000,12.2700,12.2900,12.2600,12.2700,10880,0
JMI.US,5,20131203,220500,12.2700,12.2700,12.2700,12.2700,5216,0
JMI.US,5,20131204,153500,12.2200,12.2200,12.1200,12.1400,18742,0
JMI.US,5,20131204,154000,12.1400,12.1700,12.1400,12.1700,8284,0
JMI.US,5,20131204,154500,12.1600,12.1600,12.1400,12.1600,8600,0
JMI.US,5,20131204,155000,12.1400,12.1800,12.1400,12.1500,3717,0
JMI.US,5,20131204,155500,12.1800,12.1800,12.1400,12.1400,5383,0
JMI.US,5,20131204,160000,12.1500,12.1600,12.1500,12.1600,600,0
JMI.US,5,20131204,160500,12.1500,12.1800,12.1500,12.1700,9900,0
JMI.US,5,20131204,161000,12.1700,12.1800,12.1600,12.1600,2837,0
JMI.US,5,20131204,161500,12.1700,12.2200,12.1600,12.2000,9086,0
JMI.US,5,20131204,162000,12.2200,12.2600,12.2100,12.2600,8700,0
JMI.US,5,20131204,162500,12.2700,12.2700,12.2500,12.2500,1300,0
JMI.US,5,20131204,163000,12.2500,12.2900,12.2500,12.2600,1900,0
JMI.US,5,20131204,163500,12.2900,12.3200,12.2900,12.3200,600,0
JMI.US,5,20131204,164000,12.3000,12.3200,12.3000,12.3100,4000,0
JMI.US,5,20131204,164500,12.3100,12.3200,12.3100,12.3200,400,0
JMI.US,5,20131204,165000,12.3100,12.3300,12.3100,12.3200,1900,0
JMI.US,5,20131204,165500,12.3300,12.3400,12.3300,12.3400,2245,0
JMI.US,5,20131204,170000,12.3300,12.3400,12.3200,12.3400,1350,0
JMI.US,5,20131204,170500,12.3400,12.3600,12.3400,12.3600,8112,0
JMI.US,5,20131204,171000,12.3600,12.4000,12.3600,12.4000,3934,0
JMI.US,5,20131204,171500,12.4000,12.4100,12.4000,12.4000,4800,0
JMI.US,5,20131204,172000,12.4100,12.4100,12.4000,12.4000,6300,0
JMI.US,5,20131204,172500,12.4100,12.4200,12.4100,12.4100,1900,0
JMI.US,5,20131204,173000,12.4100,12.4200,12.4100,12.4200,600,0
JMI.US,5,20131204,173500,12.4200,12.4200,12.4000,12.4000,2825,0
JMI.US,5,20131204,174000,12.4200,12.4200,12.4200,12.4200,4468,0
JMI.US,5,20131204,174500,12.4200,12.4200,12.4200,12.4200,400,0
JMI.US,5,20131204,175000,12.4200,12.4300,12.4200,12.4200,4950,0
JMI.US,5,20131204,175500,12.4300,12.4300,12.4100,12.4200,2050,0
JMI.US,5,20131204,180000,12.4200,12.4200,12.4100,12.4100,3500,0
JMI.US,5,20131204,180500,12.4100,12.4200,12.4100,12.4200,6250,0
JMI.US,5,20131204,181000,12.4200,12.4500,12.4100,12.4300,13200,0
JMI.US,5,20131204,181500,12.4300,12.4400,12.4300,12.4300,4121,0
JMI.US,5,20131204,182000,12.4400,12.4500,12.4400,12.4500,3467,0
JMI.US,5,20131204,182500,12.4500,12.4500,12.4400,12.4400,900,0
JMI.US,5,20131204,183000,12.4400,12.4500,12.4400,12.4400,5788,0
JMI.US,5,20131204,183500,12.4400,12.4500,12.4400,12.4400,2285,0
JMI.US,5,20131204,184000,12.4400,12.4500,12.4400,12.4400,1300,0
JMI.US,5,20131204,184500,12.4400,12.4500,12.4300,12.4300,5030,0
JMI.US,5,20131204,185000,12.4300,12.4400,12.4300,12.4300,4624,0
JMI.US,5,20131204,185500,12.4300,12.4300,12.4300,12.4300,200,0
JMI.US,5,20131204,190000,12.4300,12.4300,12.4300,12.4300,100,0
JMI.US,5,20131204,190500,12.4300,12.4300,12.4300,12.4300,200,0
JMI.US,5,20131204,191000,12.4400,12.4500,12.4300,12.4500,4650,0
JMI.US,5,20131204,191500,12.4400,12.4400,12.4400,12.4400,400,0
JMI.US,5,20131204,192000,12.4500,12.4500,12.4400,12.4400,700,0
JMI.US,5,20131204,192500,12.4500,12.4700,12.4500,12.4600,22990,0
JMI.US,5,20131204,193000,12.4600,12.5000,12.4600,12.4600,4950,0
JMI.US,5,20131204,193500,12.4800,12.4900,12.4500,12.4700,8664,0
JMI.US,5,20131204,194000,12.4600,12.4600,12.4500,12.4600,3173,0
JMI.US,5,20131204,194500,12.4600,12.4600,12.4500,12.4600,3066,0
JMI.US,5,20131204,195000,12.4500,12.4800,12.4300,12.4300,8662,0
JMI.US,5,20131204,195500,12.4300,12.4300,12.4300,12.4300,2600,0
JMI.US,5,20131204,200000,12.4300,12.4300,12.4300,12.4300,236,0
JMI.US,5,20131204,200500,12.4400,12.4400,12.4300,12.4400,2842,0
JMI.US,5,20131204,201000,12.4400,12.4400,12.4400,12.4400,1600,0
JMI.US,5,20131204,201500,12.4300,12.4600,12.4300,12.4600,3200,0
JMI.US,5,20131204,202000,12.4600,12.4600,12.4600,12.4600,3300,0
JMI.US,5,20131204,202500,12.4600,12.4700,12.4600,12.4700,1550,0
JMI.US,5,20131204,203000,12.4700,12.4700,12.4700,12.4700,900,0
JMI.US,5,20131204,203500,12.4800,12.4800,12.4600,12.4600,1100,0
JMI.US,5,20131204,204000,12.4800,12.4800,12.4800,12.4800,3500,0
JMI.US,5,20131204,204500,12.4800,12.4800,12.4800,12.4800,100,0
JMI.US,5,20131204,205000,12.4800,12.4900,12.4800,12.4900,4312,0
JMI.US,5,20131204,205500,12.5000,12.5000,12.4800,12.4800,1865,0
JMI.US,5,20131204,210000,12.4900,12.5000,12.4900,12.5000,3790,0
JMI.US,5,20131204,210500,12.4700,12.4900,12.4500,12.4900,5800,0
JMI.US,5,20131204,211000,12.5000,12.5000,12.4700,12.4700,1975,0
JMI.US,5,20131204,211500,12.4700,12.5000,12.4700,12.5000,900,0
JMI.US,5,20131204,212000,12.4900,12.5400,12.4900,12.5300,8657,0
JMI.US,5,20131204,212500,12.5300,12.5400,12.5100,12.5300,3601,0
JMI.US,5,20131204,213000,12.5400,12.5600,12.5400,12.5600,4064,0
JMI.US,5,20131204,213500,12.5500,12.5500,12.5500,12.5500,4000,0
JMI.US,5,20131204,214000,12.5500,12.5700,12.5500,12.5700,3192,0
JMI.US,5,20131204,214500,12.5600,12.5700,12.5500,12.5700,2440,0
JMI.US,5,20131204,215000,12.5800,12.5900,12.5600,12.5600,11177,0
JMI.US,5,20131204,215500,12.5500,12.5600,12.5400,12.5600,6776,0
JMI.US,5,20131204,220000,12.5600,12.5800,12.5500,12.5700,15306,0
JMI.US,5,20131204,220500,12.5600,12.5600,12.5600,12.5600,4543,0
JMI.US,5,20131205,153500,12.5000,12.5200,12.4600,12.5000,9276,0
JMI.US,5,20131205,154000,12.5100,12.5100,12.5100,12.5100,6100,0
JMI.US,5,20131205,154500,12.4800,12.4800,12.4200,12.4600,4200,0
JMI.US,5,20131205,155000,12.4600,12.4600,12.4300,12.4300,2300,0
JMI.US,5,20131205,155500,12.4300,12.4500,12.4300,12.4400,4318,0
JMI.US,5,20131205,160000,12.4400,12.4400,12.4200,12.4200,6330,0
JMI.US,5,20131205,160500,12.4400,12.4400,12.4300,12.4400,1850,0
JMI.US,5,20131205,161000,12.4400,12.4400,12.4400,12.4400,1494,0
JMI.US,5,20131205,161500,12.4400,12.4400,12.4400,12.4400,1200,0
JMI.US,5,20131205,162000,12.4400,12.4400,12.4400,12.4400,1370,0
JMI.US,5,20131205,162500,12.4400,12.4500,12.4400,12.4400,1409,0
JMI.US,5,20131205,163000,12.4500,12.4500,12.4400,12.4400,400,0
JMI.US,5,20131205,163500,12.4400,12.4400,12.4400,12.4400,700,0
JMI.US,5,20131205,164000,12.4400,12.4400,12.4400,12.4400,1000,0
JMI.US,5,20131205,164500,12.4400,12.4400,12.4300,12.4300,8290,0
JMI.US,5,20131205,165000,12.4300,12.4300,12.4000,12.4000,9335,0
JMI.US,5,20131205,165500,12.4000,12.4000,12.3800,12.3900,10800,0
JMI.US,5,20131205,170000,12.3900,12.3900,12.3900,12.3900,800,0
JMI.US,5,20131205,170500,12.4000,12.4000,12.3700,12.3900,11200,0
JMI.US,5,20131205,171000,12.3900,12.3900,12.3800,12.3800,1000,0
JMI.US,5,20131205,171500,12.3900,12.3900,12.3500,12.3500,6157,0
JMI.US,5,20131205,172000,12.3600,12.3600,12.3500,12.3500,1725,0
JMI.US,5,20131205,172500,12.3500,12.3500,12.3200,12.3200,3500,0
JMI.US,5,20131205,173000,12.3100,12.3100,12.3100,12.3100,1500,0
JMI.US,5,20131205,173500,12.3100,12.3400,12.2800,12.3000,6600,0
JMI.US,5,20131205,174000,12.3100,12.3400,12.3000,12.3300,4200,0
JMI.US,5,20131205,174500,12.3300,12.3400,12.2800,12.2800,7200,0
JMI.US,5,20131205,175000,12.2800,12.2900,12.2800,12.2900,4500,0
JMI.US,5,20131205,175500,12.3000,12.3000,12.2800,12.2900,4500,0
JMI.US,5,20131205,180000,12.2900,12.2900,12.2900,12.2900,2300,0
JMI.US,5,20131205,180500,12.2800,12.2800,12.2800,12.2800,700,0
JMI.US,5,20131205,181000,12.2800,12.2900,12.2800,12.2800,2250,0
JMI.US,5,20131205,181500,12.2800,12.2900,12.2800,12.2800,4670,0
JMI.US,5,20131205,182000,12.2800,12.2800,12.2800,12.2800,1100,0
JMI.US,5,20131205,182500,12.2900,12.2900,12.2800,12.2800,2052,0
JMI.US,5,20131205,183000,12.2800,12.2900,12.2800,12.2800,2930,0
JMI.US,5,20131205,183500,12.2800,12.2900,12.2800,12.2800,1826,0
JMI.US,5,20131205,184000,12.2900,12.2900,12.2800,12.2800,4900,0
JMI.US,5,20131205,184500,12.2800,12.3000,12.2800,12.2900,3265,0
JMI.US,5,20131205,185000,12.3000,12.3100,12.3000,12.3000,6133,0
JMI.US,5,20131205,185500,12.3000,12.3100,12.3000,12.3100,850,0
JMI.US,5,20131205,190000,12.3000,12.3000,12.3000,12.3000,1800,0
JMI.US,5,20131205,190500,12.3000,12.3200,12.3000,12.3200,4774,0
JMI.US,5,20131205,191000,12.3200,12.3400,12.3200,12.3400,700,0
JMI.US,5,20131205,191500,12.3300,12.3500,12.3300,12.3400,1100,0
JMI.US,5,20131205,192000,12.3500,12.3500,12.3400,12.3400,1500,0
JMI.US,5,20131205,192500,12.3400,12.3400,12.3200,12.3200,2200,0
JMI.US,5,20131205,193000,12.3200,12.3200,12.3200,12.3200,100,0
JMI.US,5,20131205,193500,12.3400,12.3500,12.3200,12.3200,2599,0
JMI.US,5,20131205,194000,12.3200,12.3200,12.3200,12.3200,500,0
JMI.US,5,20131205,194500,12.3200,12.3200,12.3200,12.3200,100,0
JMI.US,5,20131205,195000,12.3200,12.3300,12.3200,12.3200,2500,0
JMI.US,5,20131205,195500,12.3200,12.3300,12.3200,12.3300,1200,0
JMI.US,5,20131205,200000,12.3300,12.3300,12.3200,12.3200,900,0
JMI.US,5,20131205,200500,12.3300,12.3300,12.3200,12.3200,1100,0
JMI.US,5,20131205,201000,12.3200,12.3400,12.3200,12.3300,2933,0
JMI.US,5,20131205,201500,12.3300,12.3300,12.3300,12.3300,500,0
JMI.US,5,20131205,202000,12.3300,12.3300,12.3000,12.3000,1500,0
JMI.US,5,20131205,202500,12.3100,12.3300,12.3100,12.3100,400,0
JMI.US,5,20131205,203000,12.3300,12.3300,12.3200,12.3200,500,0
JMI.US,5,20131205,203500,12.3300,12.3400,12.3300,12.3400,1578,0
JMI.US,5,20131205,204000,12.3400,12.3400,12.3300,12.3300,600,0
JMI.US,5,20131205,204500,12.3300,12.3400,12.3300,12.3300,1300,0
JMI.US,5,20131205,205000,12.3300,12.3300,12.3300,12.3300,500,0
JMI.US,5,20131205,205500,12.3400,12.3400,12.3300,12.3300,5200,0
JMI.US,5,20131205,210000,12.3200,12.3400,12.3200,12.3400,1030,0
JMI.US,5,20131205,210500,12.3300,12.3300,12.3100,12.3100,2770,0
JMI.US,5,20131205,211000,12.3000,12.3000,12.2700,12.2800,8053,0
JMI.US,5,20131205,211500,12.2700,12.2800,12.2700,12.2800,2000,0
JMI.US,5,20131205,212000,12.2700,12.2800,12.2500,12.2500,1908,0
JMI.US,5,20131205,212500,12.2500,12.2600,12.2100,12.2500,11115,0
JMI.US,5,20131205,213000,12.2500,12.2700,12.2500,12.2700,8155,0
JMI.US,5,20131205,213500,12.2700,12.2800,12.2600,12.2600,1673,0
JMI.US,5,20131205,214000,12.2700,12.2700,12.2500,12.2600,527,0
JMI.US,5,20131205,214500,12.2600,12.2700,12.2500,12.2700,2500,0
JMI.US,5,20131205,215000,12.2500,12.2800,12.2500,12.2800,2896,0
JMI.US,5,20131205,215500,12.2800,12.2800,12.2500,12.2600,5266,0
JMI.US,5,20131205,220000,12.2600,12.2900,12.2500,12.2700,4241,0
JMI.US,5,20131205,220500,12.2600,12.2600,12.2600,12.2600,7829,0
JMI.US,5,20131206,153500,12.4200,12.4200,12.4200,12.4200,100,0
JMI.US,5,20131206,154000,12.3800,12.4200,12.3200,12.3300,3091,0
JMI.US,5,20131206,154500,12.3700,12.4000,12.3600,12.3700,2604,0
JMI.US,5,20131206,155000,12.3700,12.3800,12.3700,12.3800,2428,0
JMI.US,5,20131206,155500,12.3800,12.4100,12.3800,12.4000,2720,0
JMI.US,5,20131206,160000,12.4000,12.4000,12.4000,12.4000,1700,0
JMI.US,5,20131206,160500,12.4000,12.4200,12.3900,12.4000,3000,0
JMI.US,5,20131206,161000,12.4100,12.4100,12.4000,12.4000,4070,0
JMI.US,5,20131206,161500,12.4000,12.4000,12.3900,12.4000,2250,0
JMI.US,5,20131206,162000,12.4000,12.4100,12.4000,12.4100,4760,0
JMI.US,5,20131206,162500,12.4000,12.4000,12.4000,12.4000,200,0
JMI.US,5,20131206,163000,12.4100,12.4100,12.4000,12.4000,1630,0
JMI.US,5,20131206,163500,12.4000,12.4000,12.4000,12.4000,500,0
JMI.US,5,20131206,164000,12.4000,12.4000,12.3800,12.3900,6200,0
JMI.US,5,20131206,164500,12.3900,12.3900,12.3900,12.3900,9400,0
JMI.US,5,20131206,165000,12.3800,12.3800,12.3600,12.3800,800,0
JMI.US,5,20131206,165500,12.3900,12.3900,12.3800,12.3800,1717,0
JMI.US,5,20131206,170000,12.3800,12.4000,12.3800,12.4000,2300,0
JMI.US,5,20131206,170500,12.4000,12.4100,12.4000,12.4000,1000,0
JMI.US,5,20131206,171000,12.4000,12.4000,12.3900,12.3900,1000,0
JMI.US,5,20131206,171500,12.3900,12.4000,12.3900,12.4000,1432,0
JMI.US,5,20131206,172000,12.4000,12.4100,12.4000,12.4000,3110,0
JMI.US,5,20131206,172500,12.4000,12.4100,12.4000,12.4000,1000,0
JMI.US,5,20131206,173000,12.4000,12.4000,12.4000,12.4000,100,0
JMI.US,5,20131206,173500,12.4000,12.4000,12.4000,12.4000,2100,0
JMI.US,5,20131206,174000,12.4100,12.4200,12.4000,12.4000,9600,0
JMI.US,5,20131206,174500,12.4100,12.4100,12.4100,12.4100,600,0
JMI.US,5,20131206,175000,12.4100,12.4700,12.4100,12.4600,12750,0
JMI.US,5,20131206,175500,12.4600,12.4600,12.4500,12.4500,1100,0
JMI.US,5,20131206,180000,12.4300,12.4400,12.4100,12.4400,800,0
JMI.US,5,20131206,180500,12.4400,12.4500,12.4100,12.4100,1900,0
JMI.US,5,20131206,181000,12.4000,12.4400,12.4000,12.4400,2400,0
JMI.US,5,20131206,181500,12.4400,12.4400,12.4400,12.4400,300,0
JMI.US,5,20131206,182000,12.4400,12.4500,12.4400,12.4500,500,0
JMI.US,5,20131206,182500,12.4600,12.4600,12.4500,12.4500,1500,0
JMI.US,5,20131206,183000,12.4500,12.4500,12.4500,12.4500,869,0
JMI.US,5,20131206,183500,12.4500,12.4500,12.4500,12.4500,600,0
JMI.US,5,20131206,184000,12.4500,12.4600,12.4500,12.4600,1750,0
JMI.US,5,20131206,184500,12.4800,12.4900,12.4800,12.4800,3400,0
JMI.US,5,20131206,185000,12.4800,12.4900,12.4800,12.4900,300,0
JMI.US,5,20131206,185500,12.4800,12.4900,12.4800,12.4900,5200,0
JMI.US,5,20131206,190000,12.4900,12.4900,12.4800,12.4800,2000,0
JMI.US,5,20131206,190500,12.4900,12.4900,12.4800,12.4800,900,0
JMI.US,5,20131206,191000,12.4800,12.4900,12.4700,12.4800,4600,0
JMI.US,5,20131206,191500,12.4800,12.5100,12.4800,12.5000,19110,0
JMI.US,5,20131206,192000,12.5100,12.5400,12.5100,12.5200,3000,0
JMI.US,5,20131206,192500,12.5500,12.5500,12.5500,12.5500,2300,0
JMI.US,5,20131206,193000,12.5500,12.5500,12.4900,12.4900,9149,0
JMI.US,5,20131206,193500,12.4900,12.4900,12.4500,12.4500,1168,0
JMI.US,5,20131206,194000,12.4600,12.4600,12.4600,12.4600,900,0
JMI.US,5,20131206,194500,12.4800,12.4900,12.4800,12.4900,2368,0
JMI.US,5,20131206,195000,12.4900,12.4900,12.4900,12.4900,600,0
JMI.US,5,20131206,195500,12.4900,12.4900,12.4500,12.4800,1620,0
JMI.US,5,20131206,200000,12.4700,12.4700,12.4100,12.4300,4280,0
JMI.US,5,20131206,200500,12.4300,12.4400,12.4300,12.4300,1800,0
JMI.US,5,20131206,201000,12.4400,12.4400,12.4400,12.4400,1310,0
JMI.US,5,20131206,201500,12.4500,12.4500,12.4300,12.4300,3391,0
JMI.US,5,20131206,202000,12.4300,12.4300,12.4300,12.4300,2136,0
JMI.US,5,20131206,202500,12.4300,12.4500,12.4300,12.4500,2722,0
JMI.US,5,20131206,203000,12.4300,12.4600,12.4300,12.4600,1500,0
JMI.US,5,20131206,203500,12.4600,12.4700,12.4600,12.4700,1601,0
JMI.US,5,20131206,204000,12.4700,12.4700,12.4500,12.4600,3200,0
JMI.US,5,20131206,204500,12.4600,12.4600,12.4600,12.4600,400,0
JMI.US,5,20131206,205000,12.4600,12.4700,12.4600,12.4600,2000,0
JMI.US,5,20131206,205500,12.4600,12.4700,12.4600,12.4700,6100,0
JMI.US,5,20131206,210000,12.4700,12.4700,12.4500,12.4700,1145,0
JMI.US,5,20131206,210500,12.4600,12.4700,12.4000,12.4300,8322,0
JMI.US,5,20131206,211000,12.4300,12.4300,12.4100,12.4200,1603,0
JMI.US,5,20131206,211500,12.4200,12.4200,12.4200,12.4200,100,0
JMI.US,5,20131206,212000,12.4300,12.4300,12.4300,12.4300,500,0
JMI.US,5,20131206,212500,12.4200,12.4300,12.4200,12.4300,700,0
JMI.US,5,20131206,213000,12.4200,12.4300,12.4200,12.4300,3300,0
JMI.US,5,20131206,213500,12.4300,12.4900,12.4300,12.4700,12630,0
JMI.US,5,20131206,214000,12.4700,12.4800,12.4700,12.4800,5295,0
JMI.US,5,20131206,214500,12.4700,12.4700,12.4700,12.4700,2100,0
JMI.US,5,20131206,215000,12.4700,12.4800,12.4200,12.4200,22300,0
JMI.US,5,20131206,215500,12.4200,12.4900,12.4200,12.4300,13420,0
JMI.US,5,20131206,220000,12.4400,12.4400,12.4200,12.4400,2568,0
JMI.US,5,20131206,220500,12.4300,12.4300,12.4300,12.4300,7808,0
JMI.US,5,20131209,153500,12.5500,12.5500,12.4300,12.4500,20387,0
JMI.US,5,20131209,154000,12.4500,12.4600,12.2800,12.3100,19064,0
JMI.US,5,20131209,154500,12.3100,12.3100,12.2600,12.2800,8459,0
JMI.US,5,20131209,155000,12.3000,12.3200,12.2700,12.2800,4750,0
JMI.US,5,20131209,155500,12.3000,12.3000,12.2700,12.2700,7435,0
JMI.US,5,20131209,160000,12.3200,12.3200,12.2800,12.2800,1500,0
JMI.US,5,20131209,160500,12.2800,12.3100,12.2600,12.2800,9588,0
JMI.US,5,20131209,161000,12.3100,12.3100,12.2700,12.3000,3000,0
JMI.US,5,20131209,161500,12.3100,12.3400,12.3000,12.3400,5266,0
JMI.US,5,20131209,162000,12.3300,12.4100,12.3300,12.4100,5791,0
JMI.US,5,20131209,162500,12.4100,12.4100,12.3400,12.3400,4375,0
JMI.US,5,20131209,163000,12.3700,12.3700,12.3400,12.3400,700,0
JMI.US,5,20131209,163500,12.3400,12.3400,12.3300,12.3300,9300,0
JMI.US,5,20131209,164000,12.3300,12.3300,12.3100,12.3100,4570,0
JMI.US,5,20131209,164500,12.3400,12.3400,12.3200,12.3200,1750,0
JMI.US,5,20131209,165000,12.3200,12.3300,12.3200,12.3300,1400,0
JMI.US,5,20131209,165500,12.3400,12.3400,12.3300,12.3400,3820,0
JMI.US,5,20131209,170000,12.3400,12.3600,12.3300,12.3300,7600,0
JMI.US,5,20131209,170500,12.3300,12.3400,12.3100,12.3100,2039,0
JMI.US,5,20131209,171000,12.3100,12.3300,12.3100,12.3100,1100,0
JMI.US,5,20131209,171500,12.3200,12.3200,12.3000,12.3100,2930,0
JMI.US,5,20131209,172000,12.3200,12.3600,12.3100,12.3100,5680,0
JMI.US,5,20131209,172500,12.3100,12.3200,12.3100,12.3100,2232,0
JMI.US,5,20131209,173000,12.3100,12.3100,12.3100,12.3100,700,0
JMI.US,5,20131209,173500,12.3200,12.3200,12.3200,12.3200,2200,0
JMI.US,5,20131209,174000,12.3200,12.3200,12.3200,12.3200,700,0
JMI.US,5,20131209,174500,12.3300,12.3300,12.3300,12.3300,1100,0
JMI.US,5,20131209,175000,12.3400,12.3500,12.3400,12.3500,1000,0
JMI.US,5,20131209,175500,12.3600,12.4100,12.3400,12.3500,12000,0
JMI.US,5,20131209,180000,12.3600,12.3700,12.3500,12.3600,3900,0
JMI.US,5,20131209,180500,12.3600,12.3700,12.3500,12.3700,5488,0
JMI.US,5,20131209,181000,12.3600,12.3600,12.3100,12.3300,33810,0
JMI.US,5,20131209,181500,12.3300,12.3300,12.2800,12.2900,12135,0
JMI.US,5,20131209,182000,12.2900,12.2900,12.2900,12.2900,6200,0
JMI.US,5,20131209,182500,12.2900,12.2900,12.2800,12.2900,1400,0
JMI.US,5,20131209,183000,12.2900,12.3000,12.2900,12.2900,950,0
JMI.US,5,20131209,183500,12.2900,12.2900,12.2900,12.2900,200,0
JMI.US,5,20131209,184000,12.3000,12.3200,12.3000,12.3100,6000,0
JMI.US,5,20131209,184500,12.3100,12.3600,12.3100,12.3500,6650,0
JMI.US,5,20131209,185000,12.3500,12.3600,12.3500,12.3600,1056,0
JMI.US,5,20131209,185500,12.3800,12.3800,12.3700,12.3700,1200,0
JMI.US,5,20131209,190000,12.3700,12.3700,12.3700,12.3700,300,0
JMI.US,5,20131209,190500,12.4000,12.4100,12.3700,12.4000,3200,0
JMI.US,5,20131209,191000,12.4000,12.4000,12.3900,12.3900,1600,0
JMI.US,5,20131209,191500,12.3900,12.4000,12.3900,12.3900,1820,0
JMI.US,5,20131209,192000,12.3900,12.4400,12.3900,12.4300,16700,0
JMI.US,5,20131209,192500,12.4200,12.4200,12.3000,12.3700,18111,0
JMI.US,5,20131209,193000,12.3800,12.3800,12.3800,12.3800,200,0
JMI.US,5,20131209,193500,12.4000,12.4100,12.4000,12.4100,200,0
JMI.US,5,20131209,194000,12.4200,12.4500,12.4200,12.4200,10200,0
JMI.US,5,20131209,195000,12.4400,12.4700,12.4400,12.4500,1200,0
JMI.US,5,20131209,195500,12.4800,12.4800,12.4700,12.4800,2179,0
JMI.US,5,20131209,200000,12.4700,12.4800,12.4700,12.4800,2900,0
JMI.US,5,20131209,200500,12.4800,12.4900,12.4800,12.4900,600,0
JMI.US,5,20131209,201000,12.4900,12.5000,12.4900,12.4900,1100,0
JMI.US,5,20131209,201500,12.4900,12.4900,12.4800,12.4800,5340,0
JMI.US,5,20131209,202000,12.4800,12.4900,12.4400,12.4400,5249,0
JMI.US,5,20131209,202500,12.4500,12.4600,12.4500,12.4500,1700,0
JMI.US,5,20131209,203000,12.4500,12.4600,12.4500,12.4600,600,0
JMI.US,5,20131209,203500,12.4600,12.4600,12.4600,12.4600,100,0
JMI.US,5,20131209,204000,12.4700,12.4700,12.4700,12.4700,800,0
JMI.US,5,20131209,204500,12.4700,12.4700,12.4600,12.4600,4414,0
JMI.US,5,20131209,205000,12.4600,12.4700,12.4600,12.4700,4800,0
JMI.US,5,20131209,205500,12.4700,12.4800,12.4700,12.4800,3480,0
JMI.US,5,20131209,210000,12.4700,12.4800,12.4700,12.4800,2800,0
JMI.US,5,20131209,210500,12.4800,12.4800,12.4700,12.4800,5300,0
JMI.US,5,20131209,211000,12.4900,12.4900,12.4800,12.4900,10543,0
JMI.US,5,20131209,211500,12.4900,12.4900,12.4900,12.4900,500,0
JMI.US,5,20131209,212000,12.4900,12.5000,12.4900,12.4900,11728,0
JMI.US,5,20131209,212500,12.5000,12.5000,12.4900,12.4900,955,0
JMI.US,5,20131209,213000,12.4900,12.5000,12.4800,12.4900,2700,0
JMI.US,5,20131209,213500,12.4900,12.5100,12.4900,12.5000,18667,0
JMI.US,5,20131209,214000,12.5100,12.5100,12.5000,12.5100,3100,0
JMI.US,5,20131209,214500,12.5100,12.5200,12.5100,12.5200,900,0
JMI.US,5,20131209,215000,12.5300,12.5500,12.5300,12.5400,7938,0
JMI.US,5,20131209,215500,12.5500,12.5500,12.5400,12.5500,4200,0
JMI.US,5,20131209,220000,12.5500,12.5500,12.5200,12.5300,2770,0
JMI.US,5,20131209,220500,12.5200,12.5200,12.5200,12.5200,1880,0
