<TICKER>,<PER>,<DTYYYYMMDD>,<TIME>,<OPEN>,<HIGH>,<LOW>,<CLOSE>,<VOL>,<OPENINT>
KFN.US,5,20131112,153500,9.4700,9.4700,9.4500,9.4500,6330,0
KFN.US,5,20131112,154000,9.4500,9.4600,9.4500,9.4500,9462,0
KFN.US,5,20131112,154500,9.4500,9.4500,9.4400,9.4500,6128,0
KFN.US,5,20131112,155000,9.4500,9.4600,9.4400,9.4500,14301,0
KFN.US,5,20131112,155500,9.4500,9.4700,9.4500,9.4700,8141,0
KFN.US,5,20131112,160000,9.4700,9.4900,9.4600,9.4900,7795,0
KFN.US,5,20131112,160500,9.4900,9.4900,9.4800,9.4800,10350,0
KFN.US,5,20131112,161000,9.4800,9.4900,9.4700,9.4700,8310,0
KFN.US,5,20131112,161500,9.4800,9.4900,9.4700,9.4800,18180,0
KFN.US,5,20131112,162000,9.4800,9.4900,9.4800,9.4900,2500,0
KFN.US,5,20131112,162500,9.4900,9.4900,9.4800,9.4800,3319,0
KFN.US,5,20131112,163000,9.4900,9.4900,9.4800,9.4900,11358,0
KFN.US,5,20131112,163500,9.4900,9.5100,9.4800,9.5000,48748,0
KFN.US,5,20131112,164000,9.5000,9.5100,9.4900,9.5000,5078,0
KFN.US,5,20131112,164500,9.5000,9.5100,9.4900,9.4900,6805,0
KFN.US,5,20131112,165000,9.4900,9.5000,9.4800,9.4800,5232,0
KFN.US,5,20131112,165500,9.4900,9.4900,9.4800,9.4900,900,0
KFN.US,5,20131112,170000,9.4900,9.4900,9.4800,9.4800,12200,0
KFN.US,5,20131112,170500,9.4800,9.4800,9.4700,9.4800,13147,0
KFN.US,5,20131112,171000,9.4800,9.4800,9.4700,9.4800,5748,0
KFN.US,5,20131112,171500,9.4800,9.4800,9.4700,9.4800,1140,0
KFN.US,5,20131112,172000,9.4700,9.4800,9.4600,9.4700,53086,0
KFN.US,5,20131112,172500,9.4800,9.5000,9.4700,9.5000,28160,0
KFN.US,5,20131112,173000,9.5000,9.5000,9.4800,9.4900,6835,0
KFN.US,5,20131112,173500,9.4800,9.4900,9.4800,9.4900,7225,0
KFN.US,5,20131112,174000,9.4900,9.4900,9.4800,9.4800,605,0
KFN.US,5,20131112,174500,9.4800,9.4800,9.4600,9.4600,4605,0
KFN.US,5,20131112,175000,9.4600,9.4600,9.4600,9.4600,1800,0
KFN.US,5,20131112,175500,9.4600,9.4700,9.4600,9.4600,8850,0
KFN.US,5,20131112,180000,9.4600,9.4700,9.4600,9.4600,3088,0
KFN.US,5,20131112,180500,9.4600,9.4600,9.4600,9.4600,1550,0
KFN.US,5,20131112,181000,9.4600,9.4600,9.4500,9.4600,17018,0
KFN.US,5,20131112,181500,9.4600,9.4600,9.4600,9.4600,100,0
KFN.US,5,20131112,182000,9.4700,9.4700,9.4600,9.4600,2400,0
KFN.US,5,20131112,182500,9.4700,9.4700,9.4600,9.4600,21765,0
KFN.US,5,20131112,183000,9.4700,9.4700,9.4600,9.4600,2181,0
KFN.US,5,20131112,183500,9.4600,9.4700,9.4600,9.4700,3600,0
KFN.US,5,20131112,184000,9.4700,9.4700,9.4700,9.4700,250,0
KFN.US,5,20131112,184500,9.4600,9.4700,9.4500,9.4500,18550,0
KFN.US,5,20131112,185000,9.4500,9.4500,9.4500,9.4500,1000,0
KFN.US,5,20131112,185500,9.4500,9.4600,9.4500,9.4600,3050,0
KFN.US,5,20131112,190000,9.4600,9.4600,9.4500,9.4500,7776,0
KFN.US,5,20131112,190500,9.4500,9.4600,9.4500,9.4500,27674,0
KFN.US,5,20131112,191000,9.4500,9.4600,9.4500,9.4500,9400,0
KFN.US,5,20131112,191500,9.4500,9.4500,9.4400,9.4400,12311,0
KFN.US,5,20131112,192000,9.4500,9.4500,9.4400,9.4400,5199,0
KFN.US,5,20131112,192500,9.4500,9.4600,9.4400,9.4500,26169,0
KFN.US,5,20131112,193000,9.4500,9.4600,9.4400,9.4500,10715,0
KFN.US,5,20131112,193500,9.4500,9.4500,9.4400,9.4500,3289,0
KFN.US,5,20131112,194000,9.4400,9.4400,9.4200,9.4300,17623,0
KFN.US,5,20131112,194500,9.4300,9.4300,9.4100,9.4100,26924,0
KFN.US,5,20131112,195000,9.4100,9.4200,9.4100,9.4100,2600,0
KFN.US,5,20131112,195500,9.4200,9.4200,9.4100,9.4100,5925,0
KFN.US,5,20131112,200000,9.4200,9.4200,9.4000,9.4100,21717,0
KFN.US,5,20131112,200500,9.4100,9.4100,9.4000,9.4000,5647,0
KFN.US,5,20131112,201000,9.4100,9.4100,9.4000,9.4100,2300,0
KFN.US,5,20131112,201500,9.4100,9.4100,9.4000,9.4000,7075,0
KFN.US,5,20131112,202000,9.4100,9.4100,9.4000,9.4100,7393,0
KFN.US,5,20131112,202500,9.4100,9.4500,9.4100,9.4300,22105,0
KFN.US,5,20131112,203000,9.4300,9.4300,9.4200,9.4200,1400,0
KFN.US,5,20131112,203500,9.4300,9.4300,9.4100,9.4200,14035,0
KFN.US,5,20131112,204000,9.4200,9.4200,9.4100,9.4200,6500,0
KFN.US,5,20131112,204500,9.4100,9.4400,9.4100,9.4300,9967,0
KFN.US,5,20131112,205000,9.4300,9.4400,9.4300,9.4300,10074,0
KFN.US,5,20131112,205500,9.4400,9.4400,9.4400,9.4400,500,0
KFN.US,5,20131112,210000,9.4400,9.4500,9.4400,9.4500,5208,0
KFN.US,5,20131112,210500,9.4500,9.4500,9.4400,9.4500,3300,0
KFN.US,5,20131112,211000,9.4400,9.4400,9.4300,9.4300,5955,0
KFN.US,5,20131112,211500,9.4400,9.4400,9.4300,9.4400,4335,0
KFN.US,5,20131112,212000,9.4400,9.4400,9.4200,9.4300,12375,0
KFN.US,5,20131112,212500,9.4200,9.4300,9.4200,9.4300,7750,0
KFN.US,5,20131112,213000,9.4400,9.4400,9.4400,9.4400,2616,0
KFN.US,5,20131112,213500,9.4400,9.4400,9.4300,9.4400,6600,0
KFN.US,5,20131112,214000,9.4400,9.4400,9.4200,9.4300,20149,0
KFN.US,5,20131112,214500,9.4300,9.4300,9.4200,9.4300,12706,0
KFN.US,5,20131112,215000,9.4200,9.4300,9.4100,9.4200,14216,0
KFN.US,5,20131112,215500,9.4200,9.4200,9.4100,9.4100,17614,0
KFN.US,5,20131112,220000,9.4100,9.4200,9.4100,9.4100,40398,0
KFN.US,5,20131112,220500,9.4200,9.4200,9.4200,9.4200,19718,0
KFN.US,5,20131113,153500,9.4100,9.4500,9.4000,9.4400,11200,0
KFN.US,5,20131113,154000,9.4500,9.4700,9.4400,9.4700,18722,0
KFN.US,5,20131113,154500,9.4700,9.5600,9.4700,9.5400,99147,0
KFN.US,5,20131113,155000,9.5400,9.5900,9.5300,9.5800,41341,0
KFN.US,5,20131113,155500,9.5800,9.6100,9.5700,9.5800,44284,0
KFN.US,5,20131113,160000,9.5800,9.5900,9.5600,9.5700,23852,0
KFN.US,5,20131113,160500,9.5800,9.5800,9.5300,9.5400,35802,0
KFN.US,5,20131113,161000,9.5500,9.5700,9.5300,9.5400,49914,0
KFN.US,5,20131113,161500,9.5400,9.5500,9.5400,9.5400,13350,0
KFN.US,5,20131113,162000,9.5500,9.5500,9.5300,9.5300,19822,0
KFN.US,5,20131113,162500,9.5300,9.5300,9.5000,9.5000,17240,0
KFN.US,5,20131113,163000,9.5100,9.5100,9.5000,9.5000,5400,0
KFN.US,5,20131113,163500,9.5000,9.5200,9.5000,9.5200,13444,0
KFN.US,5,20131113,164000,9.5200,9.5200,9.5100,9.5100,2742,0
KFN.US,5,20131113,164500,9.5200,9.5200,9.5100,9.5100,4881,0
KFN.US,5,20131113,165000,9.5100,9.5100,9.5000,9.5000,11250,0
KFN.US,5,20131113,165500,9.5000,9.5100,9.5000,9.5000,11800,0
KFN.US,5,20131113,170000,9.5000,9.5100,9.4700,9.4700,16657,0
KFN.US,5,20131113,170500,9.4600,9.4700,9.4600,9.4600,3000,0
KFN.US,5,20131113,171000,9.4600,9.4700,9.4600,9.4700,3400,0
KFN.US,5,20131113,171500,9.4600,9.4600,9.4500,9.4600,3500,0
KFN.US,5,20131113,172000,9.4500,9.4600,9.4500,9.4600,11238,0
KFN.US,5,20131113,172500,9.4500,9.4600,9.4500,9.4500,1800,0
KFN.US,5,20131113,173000,9.4500,9.4900,9.4500,9.4700,15462,0
KFN.US,5,20131113,173500,9.4700,9.4800,9.4700,9.4700,3042,0
KFN.US,5,20131113,174000,9.4700,9.4800,9.4700,9.4800,11900,0
KFN.US,5,20131113,174500,9.4800,9.4800,9.4700,9.4700,3100,0
KFN.US,5,20131113,175000,9.4700,9.4800,9.4700,9.4700,4872,0
KFN.US,5,20131113,175500,9.4800,9.4800,9.4700,9.4700,7300,0
KFN.US,5,20131113,180000,9.4700,9.4700,9.4700,9.4700,6000,0
KFN.US,5,20131113,180500,9.4700,9.4800,9.4700,9.4700,2875,0
KFN.US,5,20131113,181000,9.4700,9.4700,9.4700,9.4700,2500,0
KFN.US,5,20131113,181500,9.4800,9.4800,9.4700,9.4700,4675,0
KFN.US,5,20131113,182000,9.4700,9.4800,9.4600,9.4600,7900,0
KFN.US,5,20131113,182500,9.4600,9.4700,9.4600,9.4600,8000,0
KFN.US,5,20131113,183000,9.4600,9.5000,9.4600,9.4900,22517,0
KFN.US,5,20131113,183500,9.4900,9.4900,9.4900,9.4900,1155,0
KFN.US,5,20131113,184000,9.4900,9.5000,9.4900,9.4900,5450,0
KFN.US,5,20131113,184500,9.4900,9.5000,9.4900,9.4900,6251,0
KFN.US,5,20131113,185000,9.5000,9.5200,9.4900,9.5200,22767,0
KFN.US,5,20131113,185500,9.5300,9.5300,9.5100,9.5100,15375,0
KFN.US,5,20131113,190000,9.5100,9.5200,9.5100,9.5100,5200,0
KFN.US,5,20131113,190500,9.5100,9.6000,9.5100,9.5700,294308,0
KFN.US,5,20131113,191000,9.5800,9.5800,9.5600,9.5700,41360,0
KFN.US,5,20131113,191500,9.5700,9.5700,9.5300,9.5400,58534,0
KFN.US,5,20131113,192000,9.5500,9.5500,9.5400,9.5500,18675,0
KFN.US,5,20131113,192500,9.5500,9.5500,9.5400,9.5500,20190,0
KFN.US,5,20131113,193000,9.5600,9.5700,9.5500,9.5700,13138,0
KFN.US,5,20131113,193500,9.5800,9.6100,9.5700,9.5700,41851,0
KFN.US,5,20131113,194000,9.5800,9.6000,9.5700,9.5800,17323,0
KFN.US,5,20131113,194500,9.5900,9.6000,9.5700,9.5900,35454,0
KFN.US,5,20131113,195000,9.6000,9.6400,9.5900,9.6400,37130,0
KFN.US,5,20131113,195500,9.6300,9.6500,9.6300,9.6300,19950,0
KFN.US,5,20131113,200000,9.6400,9.6400,9.6200,9.6200,23746,0
KFN.US,5,20131113,200500,9.6200,9.6300,9.5900,9.5900,32531,0
KFN.US,5,20131113,201000,9.6000,9.6000,9.5800,9.6000,8500,0
KFN.US,5,20131113,201500,9.5900,9.6000,9.5900,9.5900,3800,0
KFN.US,5,20131113,202000,9.6000,9.6000,9.5900,9.5900,5000,0
KFN.US,5,20131113,202500,9.5900,9.6000,9.5900,9.6000,36001,0
KFN.US,5,20131113,203000,9.5900,9.6000,9.5800,9.5800,18102,0
KFN.US,5,20131113,203500,9.5800,9.5900,9.5800,9.5800,6750,0
KFN.US,5,20131113,204000,9.5800,9.5900,9.5700,9.5700,13802,0
KFN.US,5,20131113,204500,9.5800,9.5800,9.5600,9.5600,12712,0
KFN.US,5,20131113,205000,9.5700,9.5700,9.5600,9.5600,8511,0
KFN.US,5,20131113,205500,9.5600,9.5700,9.5600,9.5700,10922,0
KFN.US,5,20131113,210000,9.5700,9.5700,9.5400,9.5400,29260,0
KFN.US,5,20131113,210500,9.5600,9.5700,9.5500,9.5700,10300,0
KFN.US,5,20131113,211000,9.5700,9.5700,9.5600,9.5600,5460,0
KFN.US,5,20131113,211500,9.5700,9.5700,9.5400,9.5400,28215,0
KFN.US,5,20131113,212000,9.5400,9.5700,9.5400,9.5600,52479,0
KFN.US,5,20131113,212500,9.5600,9.5700,9.5500,9.5500,27609,0
KFN.US,5,20131113,213000,9.5500,9.5900,9.5500,9.5800,23437,0
KFN.US,5,20131113,213500,9.5800,9.5900,9.5400,9.5700,81467,0
KFN.US,5,20131113,214000,9.5800,9.5800,9.5700,9.5700,20223,0
KFN.US,5,20131113,214500,9.5700,9.6100,9.5700,9.6000,68573,0
KFN.US,5,20131113,215000,9.6100,9.6100,9.5900,9.6000,52985,0
KFN.US,5,20131113,215500,9.5900,9.6000,9.5900,9.5900,39462,0
KFN.US,5,20131113,220000,9.5900,9.6000,9.5800,9.5900,65019,0
KFN.US,5,20131113,220500,9.5900,9.6000,9.5900,9.6000,18439,0
KFN.US,5,20131114,153500,9.6100,9.6500,9.6100,9.6100,22505,0
KFN.US,5,20131114,154000,9.6300,9.6400,9.6200,9.6400,26300,0
KFN.US,5,20131114,154500,9.6400,9.6800,9.6400,9.6800,24783,0
KFN.US,5,20131114,155000,9.6800,9.6800,9.6600,9.6600,21963,0
KFN.US,5,20131114,155500,9.6600,9.6700,9.6300,9.6300,19570,0
KFN.US,5,20131114,160000,9.6300,9.6400,9.6200,9.6400,12714,0
KFN.US,5,20131114,160500,9.6400,9.6500,9.6300,9.6300,4120,0
KFN.US,5,20131114,161000,9.6300,9.6400,9.6100,9.6200,24628,0
KFN.US,5,20131114,161500,9.6200,9.6200,9.6100,9.6200,10350,0
KFN.US,5,20131114,162000,9.6200,9.6300,9.6200,9.6200,6725,0
KFN.US,5,20131114,162500,9.6200,9.6300,9.6200,9.6300,8340,0
KFN.US,5,20131114,163000,9.6300,9.6300,9.6000,9.6000,29764,0
KFN.US,5,20131114,163500,9.6000,9.6300,9.6000,9.6200,11021,0
KFN.US,5,20131114,164000,9.6200,9.6400,9.6200,9.6300,5901,0
KFN.US,5,20131114,164500,9.6400,9.6400,9.6300,9.6300,10714,0
KFN.US,5,20131114,165000,9.6300,9.6400,9.6300,9.6300,8347,0
KFN.US,5,20131114,165500,9.6300,9.6300,9.6200,9.6200,23175,0
KFN.US,5,20131114,170000,9.6200,9.6300,9.6100,9.6200,11606,0
KFN.US,5,20131114,170500,9.6200,9.6300,9.6100,9.6300,52819,0
KFN.US,5,20131114,171000,9.6400,9.6600,9.6400,9.6500,13600,0
KFN.US,5,20131114,171500,9.6500,9.6700,9.6400,9.6700,18221,0
KFN.US,5,20131114,172000,9.6600,9.6600,9.6500,9.6600,4460,0
KFN.US,5,20131114,172500,9.6500,9.6600,9.6300,9.6300,35701,0
KFN.US,5,20131114,173000,9.6400,9.6600,9.6300,9.6500,16241,0
KFN.US,5,20131114,173500,9.6500,9.6500,9.6500,9.6500,6725,0
KFN.US,5,20131114,174000,9.6400,9.6500,9.6300,9.6400,31617,0
KFN.US,5,20131114,174500,9.6500,9.6500,9.6500,9.6500,2000,0
KFN.US,5,20131114,175000,9.6400,9.6500,9.6400,9.6500,6200,0
KFN.US,5,20131114,175500,9.6500,9.6500,9.6400,9.6500,10800,0
KFN.US,5,20131114,180000,9.6500,9.6700,9.6500,9.6600,12493,0
KFN.US,5,20131114,180500,9.6700,9.6700,9.6600,9.6600,12800,0
KFN.US,5,20131114,181000,9.6600,9.6700,9.6600,9.6700,1633,0
KFN.US,5,20131114,181500,9.6700,9.6700,9.6600,9.6600,17650,0
KFN.US,5,20131114,182000,9.6600,9.6600,9.6400,9.6400,10716,0
KFN.US,5,20131114,182500,9.6500,9.6500,9.6400,9.6500,4909,0
KFN.US,5,20131114,183000,9.6500,9.6500,9.6400,9.6500,4900,0
KFN.US,5,20131114,183500,9.6500,9.6500,9.6500,9.6500,8999,0
KFN.US,5,20131114,184000,9.6500,9.6500,9.6400,9.6500,1100,0
KFN.US,5,20131114,184500,9.6500,9.6500,9.6400,9.6500,3300,0
KFN.US,5,20131114,185000,9.6500,9.6500,9.6500,9.6500,3380,0
KFN.US,5,20131114,185500,9.6500,9.6500,9.6400,9.6500,11124,0
KFN.US,5,20131114,190000,9.6500,9.6600,9.6500,9.6500,8209,0
KFN.US,5,20131114,190500,9.6600,9.6600,9.6500,9.6500,2198,0
KFN.US,5,20131114,191000,9.6500,9.6600,9.6400,9.6400,4200,0
KFN.US,5,20131114,191500,9.6500,9.6500,9.6400,9.6500,9425,0
KFN.US,5,20131114,192000,9.6500,9.6600,9.6400,9.6500,14699,0
KFN.US,5,20131114,192500,9.6500,9.6500,9.6400,9.6500,4906,0
KFN.US,5,20131114,193000,9.6400,9.6500,9.6400,9.6400,6053,0
KFN.US,5,20131114,193500,9.6500,9.6500,9.6400,9.6500,3400,0
KFN.US,5,20131114,194000,9.6500,9.6600,9.6500,9.6600,21945,0
KFN.US,5,20131114,194500,9.6600,9.6700,9.6600,9.6700,5954,0
KFN.US,5,20131114,195000,9.6700,9.6800,9.6600,9.6700,4827,0
KFN.US,5,20131114,195500,9.6700,9.6900,9.6700,9.6900,12374,0
KFN.US,5,20131114,200000,9.6900,9.7000,9.6800,9.6900,17335,0
KFN.US,5,20131114,200500,9.7000,9.7000,9.6900,9.6900,2881,0
KFN.US,5,20131114,201000,9.7000,9.7000,9.6800,9.6900,31377,0
KFN.US,5,20131114,201500,9.6800,9.7100,9.6800,9.7000,21392,0
KFN.US,5,20131114,202000,9.7100,9.7200,9.6900,9.7000,25765,0
KFN.US,5,20131114,202500,9.7000,9.7000,9.6900,9.7000,4500,0
KFN.US,5,20131114,203000,9.6900,9.7200,9.6900,9.7100,21195,0
KFN.US,5,20131114,203500,9.7200,9.7200,9.7100,9.7200,9067,0
KFN.US,5,20131114,204000,9.7200,9.7200,9.7100,9.7100,4150,0
KFN.US,5,20131114,204500,9.7200,9.7200,9.7000,9.7000,7700,0
KFN.US,5,20131114,205000,9.7000,9.7100,9.7000,9.7000,2770,0
KFN.US,5,20131114,205500,9.7000,9.7100,9.6900,9.7000,15710,0
KFN.US,5,20131114,210000,9.7000,9.7000,9.7000,9.7000,6940,0
KFN.US,5,20131114,210500,9.7000,9.7000,9.6900,9.6900,20504,0
KFN.US,5,20131114,211000,9.6900,9.7000,9.6600,9.6700,55057,0
KFN.US,5,20131114,211500,9.6600,9.6700,9.6500,9.6600,12800,0
KFN.US,5,20131114,212000,9.6600,9.6700,9.6600,9.6600,17700,0
KFN.US,5,20131114,212500,9.6700,9.6700,9.6600,9.6700,19952,0
KFN.US,5,20131114,213000,9.6700,9.6700,9.6600,9.6600,8448,0
KFN.US,5,20131114,213500,9.6600,9.6700,9.6500,9.6500,26770,0
KFN.US,5,20131114,214000,9.6600,9.6600,9.6500,9.6500,12821,0
KFN.US,5,20131114,214500,9.6500,9.6500,9.6400,9.6400,21024,0
KFN.US,5,20131114,215000,9.6400,9.6500,9.6400,9.6400,24693,0
KFN.US,5,20131114,215500,9.6400,9.6500,9.6300,9.6300,39855,0
KFN.US,5,20131114,220000,9.6400,9.6400,9.6200,9.6300,64503,0
KFN.US,5,20131114,220500,9.6200,9.6200,9.6200,9.6200,18573,0
KFN.US,5,20131115,153500,9.6200,9.6600,9.6200,9.6500,17001,0
KFN.US,5,20131115,154000,9.6500,9.6500,9.6500,9.6500,7550,0
KFN.US,5,20131115,154500,9.6400,9.6600,9.6400,9.6500,8116,0
KFN.US,5,20131115,155000,9.6600,9.7000,9.6600,9.6800,9912,0
KFN.US,5,20131115,155500,9.6900,9.7000,9.6800,9.7000,7045,0
KFN.US,5,20131115,160000,9.7000,9.7200,9.6900,9.7100,3900,0
KFN.US,5,20131115,160500,9.7100,9.7200,9.7000,9.7100,15378,0
KFN.US,5,20131115,161000,9.7100,9.7100,9.7000,9.7100,23090,0
KFN.US,5,20131115,161500,9.7100,9.7100,9.7100,9.7100,7360,0
KFN.US,5,20131115,162000,9.7100,9.7200,9.7000,9.7100,19461,0
KFN.US,5,20131115,162500,9.7100,9.7200,9.7000,9.7100,6220,0
KFN.US,5,20131115,163000,9.7100,9.7300,9.7100,9.7200,19400,0
KFN.US,5,20131115,163500,9.7200,9.7200,9.7100,9.7100,1900,0
KFN.US,5,20131115,164000,9.7200,9.7300,9.7100,9.7300,4800,0
KFN.US,5,20131115,164500,9.7200,9.7300,9.7200,9.7300,6190,0
KFN.US,5,20131115,165000,9.7300,9.7400,9.7200,9.7300,6446,0
KFN.US,5,20131115,165500,9.7300,9.7500,9.7300,9.7400,6182,0
KFN.US,5,20131115,170000,9.7400,9.7400,9.6900,9.6900,26877,0
KFN.US,5,20131115,170500,9.6900,9.7000,9.6900,9.7000,6690,0
KFN.US,5,20131115,171000,9.7000,9.7000,9.6900,9.7000,5200,0
KFN.US,5,20131115,171500,9.7000,9.7000,9.6900,9.7000,23815,0
KFN.US,5,20131115,172000,9.7000,9.7000,9.6800,9.6900,11356,0
KFN.US,5,20131115,172500,9.6900,9.7000,9.6900,9.7000,4200,0
KFN.US,5,20131115,173000,9.7000,9.7000,9.6900,9.6900,5400,0
KFN.US,5,20131115,173500,9.7000,9.7000,9.6900,9.6900,13750,0
KFN.US,5,20131115,174000,9.6900,9.7000,9.6500,9.6500,23728,0
KFN.US,5,20131115,174500,9.6500,9.6600,9.6500,9.6500,11169,0
KFN.US,5,20131115,175000,9.6600,9.6600,9.6500,9.6600,6500,0
KFN.US,5,20131115,175500,9.6600,9.6600,9.6500,9.6600,20700,0
KFN.US,5,20131115,180000,9.6500,9.6600,9.6500,9.6600,9550,0
KFN.US,5,20131115,180500,9.6500,9.6600,9.6500,9.6600,11500,0
KFN.US,5,20131115,181000,9.6600,9.6600,9.6500,9.6500,8700,0
KFN.US,5,20131115,181500,9.6600,9.6800,9.6500,9.6800,13720,0
KFN.US,5,20131115,182000,9.6800,9.7000,9.6800,9.6900,3299,0
KFN.US,5,20131115,182500,9.6900,9.6900,9.6800,9.6800,16546,0
KFN.US,5,20131115,183000,9.6800,9.6800,9.6700,9.6700,7200,0
KFN.US,5,20131115,183500,9.6700,9.6700,9.6600,9.6700,16562,0
KFN.US,5,20131115,184000,9.6700,9.6900,9.6600,9.6600,19190,0
KFN.US,5,20131115,184500,9.6600,9.6600,9.6500,9.6600,9700,0
KFN.US,5,20131115,185000,9.6500,9.6600,9.6400,9.6400,21364,0
KFN.US,5,20131115,185500,9.6500,9.6500,9.6500,9.6500,300,0
KFN.US,5,20131115,190000,9.6400,9.6500,9.6400,9.6400,2412,0
KFN.US,5,20131115,190500,9.6500,9.6500,9.6400,9.6500,5600,0
KFN.US,5,20131115,191000,9.6500,9.6500,9.6400,9.6500,2500,0
KFN.US,5,20131115,191500,9.6500,9.6800,9.6500,9.6500,28190,0
KFN.US,5,20131115,192000,9.6500,9.6600,9.6500,9.6500,1300,0
KFN.US,5,20131115,192500,9.6500,9.6600,9.6500,9.6500,7100,0
KFN.US,5,20131115,193000,9.6500,9.6600,9.6500,9.6600,5800,0
KFN.US,5,20131115,193500,9.6600,9.6700,9.6500,9.6600,17472,0
KFN.US,5,20131115,194000,9.6700,9.6700,9.6600,9.6600,5200,0
KFN.US,5,20131115,194500,9.6600,9.6700,9.6500,9.6600,10062,0
KFN.US,5,20131115,195000,9.6600,9.6700,9.6500,9.6700,4600,0
KFN.US,5,20131115,195500,9.6700,9.6700,9.6600,9.6700,1019,0
KFN.US,5,20131115,200000,9.6700,9.6700,9.6600,9.6700,1800,0
KFN.US,5,20131115,200500,9.6600,9.6700,9.6600,9.6700,1000,0
KFN.US,5,20131115,201000,9.6700,9.6700,9.6600,9.6700,8489,0
KFN.US,5,20131115,201500,9.6700,9.6700,9.6600,9.6700,5250,0
KFN.US,5,20131115,202000,9.6600,9.6700,9.6600,9.6600,4621,0
KFN.US,5,20131115,202500,9.6600,9.6700,9.6600,9.6700,9677,0
KFN.US,5,20131115,203000,9.6700,9.6700,9.6600,9.6700,5700,0
KFN.US,5,20131115,203500,9.6700,9.6700,9.6600,9.6700,9700,0
KFN.US,5,20131115,204000,9.6600,9.6700,9.6500,9.6500,15287,0
KFN.US,5,20131115,204500,9.6500,9.6600,9.6500,9.6500,21290,0
KFN.US,5,20131115,205000,9.6500,9.6600,9.6500,9.6500,12340,0
KFN.US,5,20131115,205500,9.6500,9.6500,9.6400,9.6400,9341,0
KFN.US,5,20131115,210000,9.6500,9.6600,9.6400,9.6500,10446,0
KFN.US,5,20131115,210500,9.6500,9.6500,9.6400,9.6500,7157,0
KFN.US,5,20131115,211000,9.6500,9.6600,9.6500,9.6500,8183,0
KFN.US,5,20131115,211500,9.6500,9.6600,9.6400,9.6500,16100,0
KFN.US,5,20131115,212000,9.6400,9.6600,9.6400,9.6500,10007,0
KFN.US,5,20131115,212500,9.6600,9.6600,9.6500,9.6500,1500,0
KFN.US,5,20131115,213000,9.6600,9.6600,9.6400,9.6500,19806,0
KFN.US,5,20131115,213500,9.6500,9.6500,9.6300,9.6500,21350,0
KFN.US,5,20131115,214000,9.6500,9.6600,9.6400,9.6500,24790,0
KFN.US,5,20131115,214500,9.6500,9.6500,9.6300,9.6300,25307,0
KFN.US,5,20131115,215000,9.6300,9.6500,9.6300,9.6300,17511,0
KFN.US,5,20131115,215500,9.6400,9.6400,9.6300,9.6300,9500,0
KFN.US,5,20131115,220000,9.6400,9.6400,9.6000,9.6100,192077,0
KFN.US,5,20131115,220500,9.6000,9.6000,9.6000,9.6000,19136,0
KFN.US,5,20131118,153500,9.6500,9.6500,9.6200,9.6200,2250,0
KFN.US,5,20131118,154000,9.6300,9.6600,9.6300,9.6600,10550,0
KFN.US,5,20131118,154500,9.6600,9.6600,9.6500,9.6600,3808,0
KFN.US,5,20131118,155000,9.6500,9.6600,9.6400,9.6400,6280,0
KFN.US,5,20131118,155500,9.6400,9.6400,9.6200,9.6200,14550,0
KFN.US,5,20131118,160000,9.6300,9.6300,9.6100,9.6100,3500,0
KFN.US,5,20131118,160500,9.6000,9.6100,9.6000,9.6000,1950,0
KFN.US,5,20131118,161000,9.6000,9.6000,9.5900,9.6000,9347,0
KFN.US,5,20131118,161500,9.6000,9.6100,9.5900,9.6100,4199,0
KFN.US,5,20131118,162000,9.6100,9.6100,9.6100,9.6100,1500,0
KFN.US,5,20131118,162500,9.6000,9.6300,9.6000,9.6300,23750,0
KFN.US,5,20131118,163000,9.6100,9.6200,9.6000,9.6100,12793,0
KFN.US,5,20131118,163500,9.6000,9.6100,9.6000,9.6100,500,0
KFN.US,5,20131118,164000,9.6100,9.6100,9.5900,9.6000,14000,0
KFN.US,5,20131118,164500,9.5900,9.6000,9.5900,9.5900,13761,0
KFN.US,5,20131118,165000,9.6000,9.6000,9.5900,9.5900,4200,0
KFN.US,5,20131118,165500,9.6000,9.6100,9.5900,9.5900,10855,0
KFN.US,5,20131118,170000,9.6000,9.6100,9.5900,9.6100,16400,0
KFN.US,5,20131118,170500,9.6100,9.6300,9.6000,9.6300,3825,0
KFN.US,5,20131118,171000,9.6300,9.6300,9.6100,9.6200,33414,0
KFN.US,5,20131118,171500,9.6200,9.6200,9.6100,9.6100,2555,0
KFN.US,5,20131118,172000,9.6200,9.6300,9.6100,9.6200,8882,0
KFN.US,5,20131118,172500,9.6100,9.6200,9.6000,9.6000,4426,0
KFN.US,5,20131118,173000,9.6100,9.6100,9.6000,9.6100,7384,0
KFN.US,5,20131118,173500,9.6100,9.6100,9.5900,9.6000,18248,0
KFN.US,5,20131118,174000,9.6000,9.6000,9.5900,9.6000,10376,0
KFN.US,5,20131118,174500,9.6000,9.6200,9.6000,9.6000,6000,0
KFN.US,5,20131118,175000,9.6100,9.6100,9.6000,9.6000,2900,0
KFN.US,5,20131118,175500,9.6100,9.6100,9.6000,9.6100,2200,0
KFN.US,5,20131118,180000,9.6100,9.6200,9.6100,9.6100,16700,0
KFN.US,5,20131118,180500,9.6000,9.6100,9.6000,9.6000,15022,0
KFN.US,5,20131118,181000,9.6100,9.6100,9.6000,9.6100,13300,0
KFN.US,5,20131118,181500,9.6100,9.6300,9.6100,9.6200,25988,0
KFN.US,5,20131118,182000,9.6200,9.6300,9.6200,9.6300,19720,0
KFN.US,5,20131118,182500,9.6300,9.6300,9.6100,9.6200,9100,0
KFN.US,5,20131118,183000,9.6200,9.6200,9.6100,9.6200,800,0
KFN.US,5,20131118,183500,9.6200,9.6200,9.6200,9.6200,3070,0
KFN.US,5,20131118,184000,9.6200,9.6300,9.6100,9.6200,9213,0
KFN.US,5,20131118,184500,9.6200,9.6300,9.6100,9.6200,14800,0
KFN.US,5,20131118,185000,9.6300,9.6300,9.6200,9.6300,2600,0
KFN.US,5,20131118,185500,9.6400,9.6400,9.6300,9.6300,9884,0
KFN.US,5,20131118,190000,9.6400,9.6400,9.6200,9.6300,13793,0
KFN.US,5,20131118,190500,9.6300,9.6400,9.6200,9.6200,13831,0
KFN.US,5,20131118,191000,9.6300,9.6300,9.6100,9.6100,9065,0
KFN.US,5,20131118,191500,9.6100,9.6200,9.5900,9.6000,13288,0
KFN.US,5,20131118,192000,9.6000,9.6000,9.5900,9.5900,500,0
KFN.US,5,20131118,192500,9.5900,9.6000,9.5900,9.5900,3212,0
KFN.US,5,20131118,193000,9.5900,9.6000,9.5900,9.6000,4335,0
KFN.US,5,20131118,193500,9.5900,9.6000,9.5800,9.5800,18518,0
KFN.US,5,20131118,194000,9.5900,9.5900,9.5800,9.5900,4600,0
KFN.US,5,20131118,194500,9.5800,9.5800,9.5700,9.5700,5023,0
KFN.US,5,20131118,195000,9.5700,9.5800,9.5700,9.5700,4662,0
KFN.US,5,20131118,195500,9.5800,9.5800,9.5700,9.5700,6400,0
KFN.US,5,20131118,200000,9.5800,9.5800,9.5700,9.5800,5098,0
KFN.US,5,20131118,200500,9.5800,9.5800,9.5700,9.5700,9200,0
KFN.US,5,20131118,201000,9.5800,9.6000,9.5700,9.5900,22960,0
KFN.US,5,20131118,201500,9.5800,9.5900,9.5800,9.5900,4201,0
KFN.US,5,20131118,202000,9.5900,9.6000,9.5900,9.6000,2249,0
KFN.US,5,20131118,202500,9.6000,9.6000,9.5700,9.6000,24167,0
KFN.US,5,20131118,203000,9.5900,9.6000,9.5900,9.6000,410,0
KFN.US,5,20131118,203500,9.6000,9.6000,9.5700,9.5800,26079,0
KFN.US,5,20131118,204000,9.5800,9.5800,9.5800,9.5800,7600,0
KFN.US,5,20131118,204500,9.5800,9.5800,9.5700,9.5700,4183,0
KFN.US,5,20131118,205500,9.5700,9.5700,9.5600,9.5600,7397,0
KFN.US,5,20131118,210000,9.5700,9.5700,9.5600,9.5600,1150,0
KFN.US,5,20131118,210500,9.5600,9.5600,9.5400,9.5500,37905,0
KFN.US,5,20131118,211000,9.5500,9.5600,9.5300,9.5400,10263,0
KFN.US,5,20131118,211500,9.5500,9.5500,9.5200,9.5200,11765,0
KFN.US,5,20131118,212000,9.5300,9.5300,9.5200,9.5200,8600,0
KFN.US,5,20131118,212500,9.5200,9.5300,9.5100,9.5100,6850,0
KFN.US,5,20131118,213000,9.5100,9.5200,9.4900,9.5000,59293,0
KFN.US,5,20131118,213500,9.5100,9.5200,9.5000,9.5200,46089,0
KFN.US,5,20131118,214000,9.5200,9.5200,9.5100,9.5200,7100,0
KFN.US,5,20131118,214500,9.5100,9.5200,9.5000,9.5100,33173,0
KFN.US,5,20131118,215000,9.5100,9.5300,9.5000,9.5300,31329,0
KFN.US,5,20131118,215500,9.5300,9.5300,9.5200,9.5300,7000,0
KFN.US,5,20131118,220000,9.5200,9.5900,9.5200,9.5900,85292,0
KFN.US,5,20131118,220500,9.5700,9.5700,9.5700,9.5700,16373,0
KFN.US,5,20131119,153500,9.5400,9.5800,9.5400,9.5500,7700,0
KFN.US,5,20131119,154000,9.5800,9.6000,9.5500,9.5900,24750,0
KFN.US,5,20131119,154500,9.5800,9.5900,9.5200,9.5200,17806,0
KFN.US,5,20131119,155000,9.5200,9.5300,9.5000,9.5300,20448,0
KFN.US,5,20131119,155500,9.5400,9.5900,9.5400,9.5700,18100,0
KFN.US,5,20131119,160000,9.5700,9.5800,9.5600,9.5600,1900,0
KFN.US,5,20131119,160500,9.5800,9.5900,9.5700,9.5900,7550,0
KFN.US,5,20131119,161000,9.5900,9.6400,9.5900,9.6400,21002,0
KFN.US,5,20131119,161500,9.6400,9.6400,9.6000,9.6100,5310,0
KFN.US,5,20131119,162000,9.6100,9.6100,9.6000,9.6000,23000,0
KFN.US,5,20131119,162500,9.6000,9.6000,9.5600,9.5800,11489,0
KFN.US,5,20131119,163000,9.5900,9.6000,9.5800,9.5900,16112,0
KFN.US,5,20131119,163500,9.6000,9.6000,9.6000,9.6000,6700,0
KFN.US,5,20131119,164000,9.6000,9.6000,9.6000,9.6000,41984,0
KFN.US,5,20131119,164500,9.6000,9.6000,9.6000,9.6000,8400,0
KFN.US,5,20131119,165000,9.6000,9.6000,9.5700,9.5900,21123,0
KFN.US,5,20131119,165500,9.5900,9.6000,9.5900,9.5900,28700,0
KFN.US,5,20131119,170000,9.6000,9.6000,9.5900,9.6000,4443,0
KFN.US,5,20131119,170500,9.6000,9.6000,9.6000,9.6000,12726,0
KFN.US,5,20131119,171000,9.6000,9.6000,9.5800,9.6000,15000,0
KFN.US,5,20131119,171500,9.6000,9.6000,9.5700,9.5800,8380,0
KFN.US,5,20131119,172000,9.5700,9.5900,9.5700,9.5900,15164,0
KFN.US,5,20131119,172500,9.5900,9.6000,9.5800,9.5900,17400,0
KFN.US,5,20131119,173000,9.5800,9.6100,9.5800,9.6000,23759,0
KFN.US,5,20131119,173500,9.6000,9.6000,9.6000,9.6000,21300,0
KFN.US,5,20131119,174000,9.6000,9.6000,9.5900,9.6000,6495,0
KFN.US,5,20131119,174500,9.6000,9.6000,9.5900,9.6000,2600,0
KFN.US,5,20131119,175000,9.6000,9.6000,9.5900,9.5900,1800,0
KFN.US,5,20131119,175500,9.5900,9.6000,9.5800,9.6000,18494,0
KFN.US,5,20131119,180000,9.6000,9.6000,9.5900,9.5900,2700,0
KFN.US,5,20131119,180500,9.5900,9.6000,9.5900,9.6000,26299,0
KFN.US,5,20131119,181000,9.6000,9.6000,9.6000,9.6000,15000,0
KFN.US,5,20131119,181500,9.6000,9.6000,9.6000,9.6000,26300,0
KFN.US,5,20131119,182000,9.6000,9.6000,9.5900,9.6000,4938,0
KFN.US,5,20131119,182500,9.6000,9.6000,9.5900,9.6000,33200,0
KFN.US,5,20131119,183000,9.6000,9.6000,9.6000,9.6000,3200,0
KFN.US,5,20131119,183500,9.6000,9.6000,9.5900,9.6000,14750,0
KFN.US,5,20131119,184000,9.6000,9.6000,9.5900,9.5900,12271,0
KFN.US,5,20131119,184500,9.6000,9.6000,9.6000,9.6000,1870,0
KFN.US,5,20131119,185000,9.5900,9.6000,9.5900,9.6000,5600,0
KFN.US,5,20131119,185500,9.6000,9.6000,9.6000,9.6000,7770,0
KFN.US,5,20131119,190000,9.6000,9.6000,9.5600,9.5600,19386,0
KFN.US,5,20131119,190500,9.5500,9.5800,9.5300,9.5700,9650,0
KFN.US,5,20131119,191000,9.5700,9.5800,9.5400,9.5400,4750,0
KFN.US,5,20131119,191500,9.5400,9.5500,9.5400,9.5500,5814,0
KFN.US,5,20131119,192000,9.5500,9.5900,9.5500,9.5700,17812,0
KFN.US,5,20131119,192500,9.5600,9.5700,9.5600,9.5600,5200,0
KFN.US,5,20131119,193000,9.5500,9.5600,9.5500,9.5600,3100,0
KFN.US,5,20131119,193500,9.5600,9.5600,9.5500,9.5600,10150,0
KFN.US,5,20131119,194000,9.5600,9.5700,9.5600,9.5700,2500,0
KFN.US,5,20131119,194500,9.5700,9.5700,9.5600,9.5700,1800,0
KFN.US,5,20131119,195000,9.5700,9.5700,9.5500,9.5500,15000,0
KFN.US,5,20131119,195500,9.5500,9.5500,9.5400,9.5500,2303,0
KFN.US,5,20131119,200000,9.5400,9.5500,9.5400,9.5500,1200,0
KFN.US,5,20131119,200500,9.5500,9.5500,9.5400,9.5500,3711,0
KFN.US,5,20131119,201000,9.5500,9.5600,9.5500,9.5600,6500,0
KFN.US,5,20131119,201500,9.5500,9.5600,9.5500,9.5600,5100,0
KFN.US,5,20131119,202000,9.5600,9.5600,9.5500,9.5600,4718,0
KFN.US,5,20131119,202500,9.5600,9.5600,9.5500,9.5600,2171,0
KFN.US,5,20131119,203000,9.5600,9.5600,9.5500,9.5600,2999,0
KFN.US,5,20131119,203500,9.5600,9.5600,9.5600,9.5600,2023,0
KFN.US,5,20131119,204000,9.5600,9.5600,9.5600,9.5600,3484,0
KFN.US,5,20131119,204500,9.5600,9.5900,9.5600,9.5800,26675,0
KFN.US,5,20131119,205000,9.5800,9.6000,9.5800,9.6000,10253,0
KFN.US,5,20131119,205500,9.5900,9.6000,9.5900,9.6000,7150,0
KFN.US,5,20131119,210000,9.6000,9.6000,9.5900,9.6000,3450,0
KFN.US,5,20131119,210500,9.6000,9.6000,9.5900,9.6000,7800,0
KFN.US,5,20131119,211000,9.6000,9.6000,9.5900,9.6000,22700,0
KFN.US,5,20131119,211500,9.6000,9.6000,9.5900,9.5900,32000,0
KFN.US,5,20131119,212000,9.6000,9.6100,9.5900,9.6000,29280,0
KFN.US,5,20131119,212500,9.6000,9.6000,9.5900,9.6000,3500,0
KFN.US,5,20131119,213000,9.6000,9.6000,9.5900,9.6000,4900,0
KFN.US,5,20131119,213500,9.6000,9.6000,9.5900,9.5900,9417,0
KFN.US,5,20131119,214000,9.5800,9.5900,9.5800,9.5800,2650,0
KFN.US,5,20131119,214500,9.5800,9.5900,9.5800,9.5900,8780,0
KFN.US,5,20131119,215000,9.5900,9.5900,9.5800,9.5900,21815,0
KFN.US,5,20131119,215500,9.5900,9.6000,9.5800,9.5900,23692,0
KFN.US,5,20131119,220000,9.6000,9.6000,9.5600,9.5600,75704,0
KFN.US,5,20131119,220500,9.5600,9.5700,9.5600,9.5700,15836,0
KFN.US,5,20131120,153500,9.6700,9.7300,9.6100,9.7300,26526,0
KFN.US,5,20131120,154000,9.7300,9.7400,9.7100,9.7200,14470,0
KFN.US,5,20131120,154500,9.7100,9.7200,9.6800,9.7100,20900,0
KFN.US,5,20131120,155000,9.7100,9.7300,9.7000,9.7200,13137,0
KFN.US,5,20131120,155500,9.7300,9.7300,9.7000,9.7100,10326,0
KFN.US,5,20131120,160000,9.7100,9.7400,9.7000,9.7300,7100,0
KFN.US,5,20131120,160500,9.7300,9.7500,9.7200,9.7400,24685,0
KFN.US,5,20131120,161000,9.7400,9.7600,9.7400,9.7600,9892,0
KFN.US,5,20131120,161500,9.7600,9.7800,9.7600,9.7800,7260,0
KFN.US,5,20131120,162000,9.7800,9.7900,9.7800,9.7800,16504,0
KFN.US,5,20131120,162500,9.7900,9.8100,9.7900,9.8100,29551,0
KFN.US,5,20131120,163000,9.7900,9.8100,9.7700,9.7700,7088,0
KFN.US,5,20131120,163500,9.7700,9.7800,9.7700,9.7800,6147,0
KFN.US,5,20131120,164000,9.7800,9.7800,9.7500,9.7500,1521,0
KFN.US,5,20131120,164500,9.7500,9.7500,9.7500,9.7500,3142,0
KFN.US,5,20131120,165000,9.7500,9.7600,9.7500,9.7500,2300,0
KFN.US,5,20131120,165500,9.7600,9.7600,9.7500,9.7600,5700,0
KFN.US,5,20131120,170000,9.7500,9.7600,9.7500,9.7600,3835,0
KFN.US,5,20131120,170500,9.7600,9.8100,9.7600,9.8100,62822,0
KFN.US,5,20131120,171000,9.8100,9.8400,9.8100,9.8300,21833,0
KFN.US,5,20131120,171500,9.8400,9.8400,9.8300,9.8300,3500,0
KFN.US,5,20131120,172000,9.8400,9.8400,9.8300,9.8400,13360,0
KFN.US,5,20131120,172500,9.8400,9.8400,9.8300,9.8300,11451,0
KFN.US,5,20131120,173000,9.8400,9.8400,9.8300,9.8400,6242,0
KFN.US,5,20131120,173500,9.8300,9.8400,9.8300,9.8400,5048,0
KFN.US,5,20131120,174000,9.8300,9.8300,9.8100,9.8100,6952,0
KFN.US,5,20131120,174500,9.8200,9.8200,9.7700,9.7700,23403,0
KFN.US,5,20131120,175000,9.7800,9.8100,9.7700,9.8100,10957,0
KFN.US,5,20131120,175500,9.8100,9.8300,9.8000,9.8200,5453,0
KFN.US,5,20131120,180000,9.8200,9.8200,9.8100,9.8200,10705,0
KFN.US,5,20131120,180500,9.8200,9.8400,9.8100,9.8400,20325,0
KFN.US,5,20131120,181000,9.8400,9.8500,9.8400,9.8500,800,0
KFN.US,5,20131120,181500,9.8500,9.8500,9.8300,9.8300,10906,0
KFN.US,5,20131120,182000,9.8400,9.8400,9.8300,9.8300,300,0
KFN.US,5,20131120,182500,9.8300,9.8400,9.8200,9.8200,10898,0
KFN.US,5,20131120,183000,9.8200,9.8300,9.8200,9.8200,10200,0
KFN.US,5,20131120,183500,9.8200,9.8200,9.8100,9.8100,2330,0
KFN.US,5,20131120,184000,9.8200,9.8200,9.8100,9.8200,1800,0
KFN.US,5,20131120,184500,9.8200,9.8200,9.7900,9.7900,6350,0
KFN.US,5,20131120,185000,9.8000,9.8100,9.8000,9.8000,4778,0
KFN.US,5,20131120,185500,9.8100,9.8100,9.8000,9.8000,1900,0
KFN.US,5,20131120,190000,9.8100,9.8100,9.8000,9.8100,4179,0
KFN.US,5,20131120,190500,9.8100,9.8100,9.8000,9.8100,3600,0
KFN.US,5,20131120,191000,9.8000,9.8100,9.8000,9.8100,1448,0
KFN.US,5,20131120,191500,9.8000,9.8100,9.8000,9.8000,3512,0
KFN.US,5,20131120,192000,9.8100,9.8100,9.7900,9.7900,6844,0
KFN.US,5,20131120,192500,9.7800,9.7900,9.7800,9.7800,4920,0
KFN.US,5,20131120,193000,9.7900,9.7900,9.7800,9.7900,1525,0
KFN.US,5,20131120,193500,9.7900,9.7900,9.7800,9.7900,3385,0
KFN.US,5,20131120,194000,9.7800,9.7900,9.7800,9.7800,1080,0
KFN.US,5,20131120,194500,9.7800,9.7800,9.7600,9.7600,11278,0
KFN.US,5,20131120,195000,9.7500,9.7500,9.7500,9.7500,1597,0
KFN.US,5,20131120,195500,9.7600,9.7600,9.7500,9.7500,5278,0
KFN.US,5,20131120,200000,9.7500,9.7600,9.7500,9.7600,800,0
KFN.US,5,20131120,200500,9.7600,9.7600,9.7500,9.7500,5315,0
KFN.US,5,20131120,201000,9.7500,9.7600,9.7200,9.7600,10848,0
KFN.US,5,20131120,201500,9.7600,9.7600,9.7500,9.7500,4900,0
KFN.US,5,20131120,202000,9.7500,9.7600,9.7500,9.7600,4608,0
KFN.US,5,20131120,202500,9.7600,9.7600,9.7500,9.7500,1211,0
KFN.US,5,20131120,203000,9.7600,9.7600,9.7500,9.7600,7020,0
KFN.US,5,20131120,203500,9.7600,9.7600,9.7600,9.7600,2850,0
KFN.US,5,20131120,204000,9.7500,9.7600,9.7300,9.7600,14522,0
KFN.US,5,20131120,204500,9.7500,9.7500,9.7200,9.7400,12900,0
KFN.US,5,20131120,205000,9.7400,9.7500,9.7400,9.7500,8703,0
KFN.US,5,20131120,205500,9.7600,9.7600,9.7500,9.7500,2200,0
KFN.US,5,20131120,210000,9.7500,9.7600,9.7500,9.7500,4563,0
KFN.US,5,20131120,210500,9.7500,9.7600,9.7300,9.7300,6727,0
KFN.US,5,20131120,211000,9.7300,9.7300,9.7100,9.7100,900,0
KFN.US,5,20131120,211500,9.7100,9.7100,9.7000,9.7000,3006,0
KFN.US,5,20131120,212000,9.7100,9.7200,9.7000,9.7200,10666,0
KFN.US,5,20131120,212500,9.7200,9.7300,9.7200,9.7200,2300,0
KFN.US,5,20131120,213000,9.7200,9.7300,9.7200,9.7200,21728,0
KFN.US,5,20131120,213500,9.7300,9.7500,9.7300,9.7500,15744,0
KFN.US,5,20131120,214000,9.7400,9.7500,9.7300,9.7300,5050,0
KFN.US,5,20131120,214500,9.7400,9.7600,9.7300,9.7600,5695,0
KFN.US,5,20131120,215000,9.7600,9.7600,9.7500,9.7600,11001,0
KFN.US,5,20131120,215500,9.7500,9.7700,9.7500,9.7700,16000,0
KFN.US,5,20131120,220000,9.7600,9.7700,9.7500,9.7600,16807,0
KFN.US,5,20131120,220500,9.7500,9.7500,9.7500,9.7500,11561,0
KFN.US,5,20131121,153500,9.7600,9.7700,9.7200,9.7300,3055,0
KFN.US,5,20131121,154000,9.7300,9.7700,9.7300,9.7600,4591,0
KFN.US,5,20131121,154500,9.7600,9.7700,9.7200,9.7200,16516,0
KFN.US,5,20131121,155000,9.7200,9.7300,9.7000,9.7000,10763,0
KFN.US,5,20131121,155500,9.7000,9.7100,9.7000,9.7000,4407,0
KFN.US,5,20131121,160000,9.7000,9.7300,9.7000,9.7300,2910,0
KFN.US,5,20131121,160500,9.7300,9.8100,9.7300,9.8000,39583,0
KFN.US,5,20131121,161000,9.8100,9.8100,9.8000,9.8100,7402,0
KFN.US,5,20131121,161500,9.8100,9.8200,9.8100,9.8200,6670,0
KFN.US,5,20131121,162000,9.8200,9.8200,9.8200,9.8200,800,0
KFN.US,5,20131121,162500,9.8200,9.8700,9.8200,9.8600,20598,0
KFN.US,5,20131121,163000,9.8600,9.8700,9.8500,9.8600,5805,0
KFN.US,5,20131121,163500,9.8600,9.8600,9.8400,9.8400,4800,0
KFN.US,5,20131121,164000,9.8300,9.8500,9.8200,9.8400,8100,0
KFN.US,5,20131121,164500,9.8500,9.8500,9.8400,9.8500,11711,0
KFN.US,5,20131121,165000,9.8600,9.8600,9.8500,9.8600,14120,0
KFN.US,5,20131121,165500,9.8600,9.8600,9.8600,9.8600,2170,0
KFN.US,5,20131121,170000,9.8600,9.8700,9.8500,9.8700,4500,0
KFN.US,5,20131121,170500,9.8600,9.8800,9.8600,9.8700,3500,0
KFN.US,5,20131121,171000,9.8800,9.8800,9.8600,9.8600,7977,0
KFN.US,5,20131121,171500,9.8600,9.8600,9.8200,9.8200,11695,0
KFN.US,5,20131121,172000,9.8200,9.8300,9.8200,9.8200,2800,0
KFN.US,5,20131121,172500,9.8200,9.8300,9.8200,9.8300,4200,0
KFN.US,5,20131121,173000,9.8300,9.8500,9.8300,9.8500,2100,0
KFN.US,5,20131121,173500,9.8500,9.8500,9.8500,9.8500,2000,0
KFN.US,5,20131121,174000,9.8500,9.8500,9.8200,9.8300,3700,0
KFN.US,5,20131121,174500,9.8300,9.8400,9.8200,9.8300,3200,0
KFN.US,5,20131121,175000,9.8300,9.8300,9.8200,9.8300,4905,0
KFN.US,5,20131121,175500,9.8200,9.8300,9.8100,9.8100,4329,0
KFN.US,5,20131121,180000,9.8200,9.8200,9.8100,9.8200,3175,0
KFN.US,5,20131121,180500,9.8200,9.8200,9.8100,9.8200,3900,0
KFN.US,5,20131121,181000,9.8100,9.8200,9.8100,9.8200,3310,0
KFN.US,5,20131121,181500,9.8200,9.8200,9.8100,9.8200,2473,0
KFN.US,5,20131121,182000,9.8200,9.8200,9.8100,9.8100,10834,0
KFN.US,5,20131121,182500,9.8100,9.8200,9.8100,9.8100,9335,0
KFN.US,5,20131121,183000,9.8100,9.8200,9.8100,9.8100,3750,0
KFN.US,5,20131121,183500,9.8100,9.8200,9.8100,9.8100,4850,0
KFN.US,5,20131121,184000,9.8100,9.8200,9.8100,9.8200,2800,0
KFN.US,5,20131121,184500,9.8200,9.8200,9.8000,9.8000,6679,0
KFN.US,5,20131121,185000,9.8000,9.8100,9.8000,9.8000,5300,0
KFN.US,5,20131121,185500,9.8000,9.8000,9.7900,9.7900,1900,0
KFN.US,5,20131121,190000,9.7900,9.8000,9.7900,9.7900,2420,0
KFN.US,5,20131121,190500,9.8000,9.8200,9.7900,9.8000,3500,0
KFN.US,5,20131121,191000,9.8100,9.8100,9.8000,9.8100,1200,0
KFN.US,5,20131121,191500,9.8100,9.8100,9.8000,9.8000,6648,0
KFN.US,5,20131121,192000,9.8000,9.8100,9.8000,9.8000,6500,0
KFN.US,5,20131121,192500,9.8000,9.8200,9.7900,9.7900,17491,0
KFN.US,5,20131121,193000,9.7900,9.7900,9.7800,9.7800,2400,0
KFN.US,5,20131121,193500,9.7900,9.8000,9.7800,9.7900,5905,0
KFN.US,5,20131121,194000,9.7900,9.7900,9.7800,9.7900,1694,0
KFN.US,5,20131121,194500,9.7900,9.8000,9.7800,9.7900,5200,0
KFN.US,5,20131121,195000,9.8000,9.8000,9.7900,9.8000,5850,0
KFN.US,5,20131121,195500,9.7900,9.8000,9.7900,9.8000,8350,0
KFN.US,5,20131121,200000,9.8000,9.8000,9.7900,9.8000,2047,0
KFN.US,5,20131121,200500,9.7900,9.8000,9.7900,9.8000,8001,0
KFN.US,5,20131121,201000,9.8000,9.8000,9.7900,9.7900,7576,0
KFN.US,5,20131121,201500,9.7900,9.8000,9.7800,9.7800,4000,0
KFN.US,5,20131121,202000,9.7800,9.7900,9.7800,9.7800,800,0
KFN.US,5,20131121,202500,9.7800,9.7900,9.7800,9.7800,3928,0
KFN.US,5,20131121,203000,9.7800,9.7900,9.7800,9.7800,1800,0
KFN.US,5,20131121,203500,9.7900,9.7900,9.7800,9.7900,1000,0
KFN.US,5,20131121,204000,9.7900,9.7900,9.7800,9.7800,3040,0
KFN.US,5,20131121,204500,9.7800,9.8000,9.7800,9.8000,8900,0
KFN.US,5,20131121,205000,9.8000,9.8000,9.7700,9.7700,11078,0
KFN.US,5,20131121,205500,9.7700,9.7800,9.7600,9.7600,5739,0
KFN.US,5,20131121,210000,9.7600,9.7700,9.7600,9.7700,7200,0
KFN.US,5,20131121,210500,9.7700,9.7700,9.7500,9.7600,18500,0
KFN.US,5,20131121,211000,9.7600,9.7600,9.7500,9.7500,3250,0
KFN.US,5,20131121,211500,9.7500,9.7600,9.7500,9.7500,9250,0
KFN.US,5,20131121,212000,9.7500,9.7600,9.7500,9.7600,3800,0
KFN.US,5,20131121,212500,9.7600,9.7600,9.7500,9.7500,8808,0
KFN.US,5,20131121,213000,9.7500,9.7600,9.7500,9.7500,7936,0
KFN.US,5,20131121,213500,9.7500,9.7600,9.7300,9.7300,18876,0
KFN.US,5,20131121,214000,9.7300,9.7400,9.7300,9.7300,5442,0
KFN.US,5,20131121,214500,9.7400,9.7400,9.7300,9.7300,7584,0
KFN.US,5,20131121,215000,9.7300,9.7400,9.7100,9.7100,26011,0
KFN.US,5,20131121,215500,9.7100,9.7200,9.7000,9.7100,26347,0
KFN.US,5,20131121,220000,9.7100,9.7100,9.6700,9.6700,74718,0
KFN.US,5,20131121,220500,9.6800,9.6800,9.6800,9.6800,5687,0
KFN.US,5,20131122,153500,9.6600,9.6900,9.6500,9.6900,700,0
KFN.US,5,20131122,154000,9.6900,9.6900,9.6900,9.6900,300,0
KFN.US,5,20131122,154500,9.6900,9.7100,9.6900,9.6900,11133,0
KFN.US,5,20131122,155000,9.7000,9.7200,9.6900,9.7100,6881,0
KFN.US,5,20131122,155500,9.7200,9.7200,9.7000,9.7100,6518,0
KFN.US,5,20131122,160000,9.7100,9.7200,9.7000,9.7100,7600,0
KFN.US,5,20131122,160500,9.7100,9.7100,9.6500,9.6700,31219,0
KFN.US,5,20131122,161000,9.6700,9.6900,9.6700,9.6800,1400,0
KFN.US,5,20131122,161500,9.6800,9.7100,9.6800,9.7100,2914,0
KFN.US,5,20131122,162000,9.7000,9.7400,9.7000,9.7200,13173,0
KFN.US,5,20131122,162500,9.7200,9.7300,9.7200,9.7300,500,0
KFN.US,5,20131122,163000,9.7200,9.7200,9.6800,9.6800,6814,0
KFN.US,5,20131122,163500,9.6900,9.7000,9.6900,9.7000,6390,0
KFN.US,5,20131122,164000,9.7000,9.7100,9.6900,9.7000,6800,0
KFN.US,5,20131122,164500,9.7000,9.7100,9.7000,9.7000,800,0
KFN.US,5,20131122,165000,9.7000,9.7000,9.7000,9.7000,600,0
KFN.US,5,20131122,165500,9.7100,9.7100,9.7000,9.7000,756,0
KFN.US,5,20131122,170000,9.7000,9.7100,9.6900,9.7000,7700,0
KFN.US,5,20131122,170500,9.7000,9.7100,9.7000,9.7000,6500,0
KFN.US,5,20131122,171000,9.7000,9.7100,9.7000,9.7000,1700,0
KFN.US,5,20131122,171500,9.7000,9.7100,9.7000,9.7000,5650,0
KFN.US,5,20131122,172000,9.7000,9.7100,9.7000,9.7000,9600,0
KFN.US,5,20131122,172500,9.7000,9.7100,9.7000,9.7000,5550,0
KFN.US,5,20131122,173000,9.7000,9.7100,9.6900,9.7000,27997,0
KFN.US,5,20131122,173500,9.7000,9.7200,9.7000,9.7200,11841,0
KFN.US,5,20131122,174000,9.7200,9.7200,9.7100,9.7200,4580,0
KFN.US,5,20131122,174500,9.7200,9.7200,9.7100,9.7100,20136,0
KFN.US,5,20131122,175000,9.7200,9.7300,9.7000,9.7000,29050,0
KFN.US,5,20131122,175500,9.7000,9.7000,9.6800,9.6800,5200,0
KFN.US,5,20131122,180000,9.6800,9.6900,9.6800,9.6800,6700,0
KFN.US,5,20131122,180500,9.6800,9.6900,9.6600,9.6700,37700,0
KFN.US,5,20131122,181000,9.6600,9.6700,9.6600,9.6600,1814,0
KFN.US,5,20131122,181500,9.6600,9.6800,9.6600,9.6700,5100,0
KFN.US,5,20131122,182000,9.6800,9.6800,9.6700,9.6700,9560,0
KFN.US,5,20131122,182500,9.6700,9.6700,9.6700,9.6700,4013,0
KFN.US,5,20131122,183000,9.6800,9.6800,9.6700,9.6700,200,0
KFN.US,5,20131122,183500,9.6700,9.6700,9.6700,9.6700,2650,0
KFN.US,5,20131122,184000,9.6700,9.6800,9.6700,9.6700,1100,0
KFN.US,5,20131122,184500,9.6800,9.6800,9.6700,9.6700,7825,0
KFN.US,5,20131122,185000,9.6800,9.6800,9.6700,9.6700,8900,0
KFN.US,5,20131122,185500,9.6700,9.6800,9.6700,9.6800,2900,0
KFN.US,5,20131122,190000,9.6800,9.6800,9.6700,9.6700,5972,0
KFN.US,5,20131122,190500,9.6800,9.6900,9.6700,9.6700,35936,0
KFN.US,5,20131122,191000,9.6800,9.6800,9.6700,9.6800,10414,0
KFN.US,5,20131122,191500,9.6800,9.6800,9.6300,9.6300,69797,0
KFN.US,5,20131122,192000,9.6200,9.6400,9.6200,9.6300,7930,0
KFN.US,5,20131122,192500,9.6400,9.6400,9.6300,9.6400,12800,0
KFN.US,5,20131122,193000,9.6400,9.6400,9.6300,9.6400,3675,0
KFN.US,5,20131122,193500,9.6300,9.6500,9.6300,9.6500,3785,0
KFN.US,5,20131122,194000,9.6500,9.6500,9.6400,9.6500,1766,0
KFN.US,5,20131122,194500,9.6400,9.6500,9.6400,9.6400,4200,0
KFN.US,5,20131122,195000,9.6500,9.6500,9.6400,9.6500,2600,0
KFN.US,5,20131122,195500,9.6400,9.6500,9.6400,9.6400,3500,0
KFN.US,5,20131122,200000,9.6400,9.6500,9.6400,9.6400,4914,0
KFN.US,5,20131122,200500,9.6400,9.6500,9.6400,9.6400,5400,0
KFN.US,5,20131122,201000,9.6500,9.6500,9.6000,9.6000,42553,0
KFN.US,5,20131122,201500,9.6000,9.6100,9.5900,9.6000,19777,0
KFN.US,5,20131122,202000,9.6100,9.6100,9.6000,9.6000,12699,0
KFN.US,5,20131122,202500,9.6100,9.6200,9.5900,9.6100,46748,0
KFN.US,5,20131122,203000,9.6100,9.6300,9.6000,9.6100,8707,0
KFN.US,5,20131122,203500,9.6200,9.6300,9.6200,9.6200,1980,0
KFN.US,5,20131122,204000,9.6300,9.6300,9.6200,9.6200,3726,0
KFN.US,5,20131122,204500,9.6300,9.6400,9.6200,9.6300,4820,0
KFN.US,5,20131122,205000,9.6400,9.6400,9.6300,9.6300,5690,0
KFN.US,5,20131122,205500,9.6400,9.6400,9.6300,9.6300,3140,0
KFN.US,5,20131122,210000,9.6400,9.6400,9.6300,9.6300,1670,0
KFN.US,5,20131122,210500,9.6400,9.6500,9.6300,9.6400,3300,0
KFN.US,5,20131122,211000,9.6500,9.6500,9.6400,9.6400,734,0
KFN.US,5,20131122,211500,9.6500,9.6500,9.6400,9.6500,1750,0
KFN.US,5,20131122,212000,9.6500,9.6500,9.6300,9.6300,3506,0
KFN.US,5,20131122,212500,9.6300,9.6400,9.6300,9.6300,9142,0
KFN.US,5,20131122,213000,9.6300,9.6400,9.6300,9.6300,2750,0
KFN.US,5,20131122,213500,9.6400,9.6500,9.6300,9.6400,6320,0
KFN.US,5,20131122,214000,9.6500,9.6500,9.6400,9.6500,7300,0
KFN.US,5,20131122,214500,9.6400,9.6500,9.6400,9.6400,12740,0
KFN.US,5,20131122,215000,9.6500,9.6500,9.6400,9.6500,4360,0
KFN.US,5,20131122,215500,9.6500,9.6500,9.6400,9.6500,7761,0
KFN.US,5,20131122,220000,9.6400,9.6500,9.6300,9.6300,33204,0
KFN.US,5,20131122,220500,9.6400,9.6400,9.6400,9.6400,14329,0
KFN.US,5,20131125,153500,9.6400,9.6800,9.6400,9.6600,4100,0
KFN.US,5,20131125,154000,9.6900,9.7000,9.6700,9.6700,1400,0
KFN.US,5,20131125,154500,9.6800,9.6800,9.6500,9.6500,1200,0
KFN.US,5,20131125,155000,9.6800,9.6800,9.6400,9.6400,7600,0
KFN.US,5,20131125,155500,9.6600,9.6600,9.6400,9.6500,10820,0
KFN.US,5,20131125,160000,9.6600,9.6800,9.6600,9.6800,2400,0
KFN.US,5,20131125,160500,9.7000,9.7100,9.6800,9.6800,8700,0
KFN.US,5,20131125,161000,9.6900,9.7000,9.6800,9.7000,6000,0
KFN.US,5,20131125,161500,9.7000,9.7200,9.6900,9.7000,12152,0
KFN.US,5,20131125,162000,9.7000,9.7000,9.7000,9.7000,1000,0
KFN.US,5,20131125,162500,9.7100,9.7500,9.7000,9.7100,21200,0
KFN.US,5,20131125,163000,9.7000,9.7000,9.6600,9.6800,13817,0
KFN.US,5,20131125,163500,9.6800,9.6900,9.6800,9.6800,16900,0
KFN.US,5,20131125,164000,9.6800,9.6900,9.6800,9.6900,7968,0
KFN.US,5,20131125,164500,9.6800,9.6900,9.6800,9.6800,1830,0
KFN.US,5,20131125,165000,9.6800,9.7200,9.6800,9.7000,21470,0
KFN.US,5,20131125,165500,9.6900,9.7000,9.6800,9.6800,10400,0
KFN.US,5,20131125,170000,9.6800,9.7100,9.6800,9.7000,4766,0
KFN.US,5,20131125,170500,9.7100,9.7100,9.7000,9.7100,1900,0
KFN.US,5,20131125,171000,9.7100,9.7200,9.7100,9.7100,2508,0
KFN.US,5,20131125,171500,9.7100,9.7300,9.7100,9.7100,6145,0
KFN.US,5,20131125,172000,9.7000,9.7100,9.7000,9.7100,1779,0
KFN.US,5,20131125,172500,9.7100,9.7200,9.7000,9.7200,933,0
KFN.US,5,20131125,173000,9.7200,9.7200,9.6900,9.6900,11181,0
KFN.US,5,20131125,173500,9.6900,9.6900,9.6700,9.6800,6385,0
KFN.US,5,20131125,174000,9.6800,9.6900,9.6800,9.6900,1183,0
KFN.US,5,20131125,174500,9.6800,9.6900,9.6800,9.6800,4200,0
KFN.US,5,20131125,175000,9.6800,9.7000,9.6700,9.6800,6301,0
KFN.US,5,20131125,175500,9.6700,9.7100,9.6700,9.6800,16610,0
KFN.US,5,20131125,180000,9.6900,9.6900,9.6800,9.6800,1500,0
KFN.US,5,20131125,180500,9.6800,9.6900,9.6800,9.6800,3100,0
KFN.US,5,20131125,181000,9.6800,9.7200,9.6800,9.7100,7100,0
KFN.US,5,20131125,181500,9.7100,9.7200,9.6900,9.7000,9486,0
KFN.US,5,20131125,182000,9.7000,9.7000,9.6900,9.7000,1300,0
KFN.US,5,20131125,182500,9.7000,9.7100,9.6900,9.7000,7100,0
KFN.US,5,20131125,183000,9.7000,9.7100,9.6900,9.6900,9294,0
KFN.US,5,20131125,183500,9.6900,9.7000,9.6900,9.7000,500,0
KFN.US,5,20131125,184000,9.7000,9.7000,9.6900,9.7000,500,0
KFN.US,5,20131125,184500,9.7000,9.7000,9.6900,9.6900,1700,0
KFN.US,5,20131125,185000,9.7000,9.7000,9.6900,9.7000,1550,0
KFN.US,5,20131125,185500,9.7000,9.7100,9.7000,9.7000,2400,0
KFN.US,5,20131125,190000,9.7100,9.7100,9.7000,9.7100,3100,0
KFN.US,5,20131125,190500,9.7000,9.7100,9.7000,9.7000,3858,0
KFN.US,5,20131125,191000,9.7000,9.7000,9.7000,9.7000,1400,0
KFN.US,5,20131125,191500,9.7100,9.7100,9.7000,9.7000,700,0
KFN.US,5,20131125,192000,9.7000,9.7000,9.6800,9.6900,1700,0
KFN.US,5,20131125,192500,9.7000,9.7000,9.6900,9.6900,3203,0
KFN.US,5,20131125,193000,9.7000,9.7000,9.6900,9.7000,1400,0
KFN.US,5,20131125,193500,9.6900,9.7000,9.6800,9.6800,6120,0
KFN.US,5,20131125,194000,9.6800,9.6900,9.6800,9.6800,2892,0
KFN.US,5,20131125,194500,9.6800,9.6900,9.6600,9.6600,11940,0
KFN.US,5,20131125,195000,9.6600,9.6600,9.6400,9.6400,10913,0
KFN.US,5,20131125,195500,9.6400,9.6400,9.6200,9.6300,9725,0
KFN.US,5,20131125,200000,9.6300,9.6400,9.6300,9.6300,4799,0
KFN.US,5,20131125,200500,9.6300,9.6500,9.6300,9.6400,18405,0
KFN.US,5,20131125,201000,9.6400,9.6500,9.6300,9.6300,6400,0
KFN.US,5,20131125,201500,9.6300,9.6400,9.6200,9.6200,4810,0
KFN.US,5,20131125,202000,9.6200,9.6400,9.6200,9.6300,18325,0
KFN.US,5,20131125,202500,9.6300,9.6400,9.6200,9.6200,9575,0
KFN.US,5,20131125,203000,9.6200,9.6200,9.6200,9.6200,3888,0
KFN.US,5,20131125,203500,9.6200,9.6300,9.6200,9.6200,2070,0
KFN.US,5,20131125,204000,9.6300,9.6300,9.6200,9.6300,1261,0
KFN.US,5,20131125,204500,9.6300,9.6300,9.6200,9.6300,6700,0
KFN.US,5,20131125,205000,9.6200,9.6300,9.6200,9.6300,5748,0
KFN.US,5,20131125,205500,9.6300,9.6400,9.6200,9.6300,3900,0
KFN.US,5,20131125,210000,9.6400,9.6400,9.6300,9.6400,6810,0
KFN.US,5,20131125,210500,9.6300,9.6400,9.6300,9.6300,1200,0
KFN.US,5,20131125,211000,9.6300,9.6400,9.6300,9.6300,1937,0
KFN.US,5,20131125,211500,9.6400,9.6400,9.6400,9.6400,480,0
KFN.US,5,20131125,212000,9.6300,9.6300,9.6200,9.6200,5229,0
KFN.US,5,20131125,212500,9.6200,9.6300,9.6200,9.6200,2147,0
KFN.US,5,20131125,213000,9.6200,9.6300,9.6200,9.6200,8925,0
KFN.US,5,20131125,213500,9.6300,9.6300,9.6200,9.6200,7913,0
KFN.US,5,20131125,214000,9.6200,9.6200,9.6100,9.6100,1300,0
KFN.US,5,20131125,214500,9.6100,9.6100,9.6000,9.6000,23896,0
KFN.US,5,20131125,215000,9.6000,9.6100,9.6000,9.6100,3810,0
KFN.US,5,20131125,215500,9.6100,9.6100,9.6000,9.6000,6600,0
KFN.US,5,20131125,220000,9.6000,9.6100,9.5800,9.5900,29989,0
KFN.US,5,20131125,220500,9.5800,9.5800,9.5800,9.5800,8997,0
KFN.US,5,20131126,153500,9.5800,9.5800,9.5700,9.5700,10100,0
KFN.US,5,20131126,154000,9.5600,9.5900,9.5500,9.5500,6400,0
KFN.US,5,20131126,154500,9.5500,9.5800,9.5500,9.5800,1600,0
KFN.US,5,20131126,155000,9.5700,9.5800,9.5700,9.5700,4600,0
KFN.US,5,20131126,155500,9.5800,9.5800,9.5700,9.5800,3720,0
KFN.US,5,20131126,160000,9.5800,9.5800,9.5600,9.5600,5500,0
KFN.US,5,20131126,160500,9.5700,9.5800,9.5500,9.5500,5752,0
KFN.US,5,20131126,161000,9.5700,9.5700,9.5500,9.5600,7059,0
KFN.US,5,20131126,161500,9.5700,9.5800,9.5600,9.5700,8870,0
KFN.US,5,20131126,162000,9.5700,9.5800,9.5600,9.5700,28320,0
KFN.US,5,20131126,162500,9.5700,9.5800,9.5700,9.5700,3674,0
KFN.US,5,20131126,163000,9.5800,9.5800,9.5700,9.5700,500,0
KFN.US,5,20131126,163500,9.5800,9.5800,9.5700,9.5800,15200,0
KFN.US,5,20131126,164000,9.5700,9.5800,9.5500,9.5800,18968,0
KFN.US,5,20131126,164500,9.5700,9.5800,9.5500,9.5600,5329,0
KFN.US,5,20131126,165000,9.5500,9.5600,9.5400,9.5400,5550,0
KFN.US,5,20131126,165500,9.5400,9.5500,9.5300,9.5300,13116,0
KFN.US,5,20131126,170000,9.5400,9.5500,9.5300,9.5400,2200,0
KFN.US,5,20131126,170500,9.5400,9.5500,9.5400,9.5500,947,0
KFN.US,5,20131126,171000,9.5500,9.5500,9.5200,9.5200,23826,0
KFN.US,5,20131126,171500,9.5300,9.5300,9.5200,9.5200,6000,0
KFN.US,5,20131126,172000,9.5200,9.5300,9.5200,9.5300,1400,0
KFN.US,5,20131126,172500,9.5300,9.5500,9.5200,9.5200,17247,0
KFN.US,5,20131126,173000,9.5300,9.5300,9.5200,9.5300,4791,0
KFN.US,5,20131126,173500,9.5200,9.5300,9.5200,9.5200,7479,0
KFN.US,5,20131126,174000,9.5300,9.5300,9.5000,9.5000,44611,0
KFN.US,5,20131126,174500,9.5000,9.5100,9.4900,9.5000,41628,0
KFN.US,5,20131126,175000,9.4900,9.5000,9.4800,9.4800,13681,0
KFN.US,5,20131126,175500,9.4800,9.4900,9.4600,9.4600,12376,0
KFN.US,5,20131126,180000,9.4600,9.4700,9.3600,9.3700,202467,0
KFN.US,5,20131126,180500,9.3800,9.4200,9.3700,9.4000,45200,0
KFN.US,5,20131126,181000,9.4000,9.4200,9.3900,9.4100,32304,0
KFN.US,5,20131126,181500,9.4100,9.4200,9.4100,9.4100,15068,0
KFN.US,5,20131126,182000,9.4100,9.4300,9.4100,9.4300,18730,0
KFN.US,5,20131126,182500,9.4500,9.4800,9.4300,9.4700,30704,0
KFN.US,5,20131126,183000,9.4800,9.4900,9.4400,9.4400,23910,0
KFN.US,5,20131126,183500,9.4400,9.4500,9.4300,9.4300,5500,0
KFN.US,5,20131126,184000,9.4300,9.4400,9.4300,9.4400,3072,0
KFN.US,5,20131126,184500,9.4300,9.4500,9.4300,9.4500,3688,0
KFN.US,5,20131126,185000,9.4500,9.4500,9.4400,9.4400,7276,0
KFN.US,5,20131126,185500,9.4400,9.4500,9.4400,9.4400,7580,0
KFN.US,5,20131126,190000,9.4400,9.4500,9.4400,9.4400,4940,0
KFN.US,5,20131126,190500,9.4400,9.4500,9.4400,9.4500,8543,0
KFN.US,5,20131126,191000,9.4400,9.4500,9.4300,9.4300,16600,0
KFN.US,5,20131126,191500,9.4300,9.4400,9.4300,9.4400,9019,0
KFN.US,5,20131126,192000,9.4400,9.4400,9.4300,9.4400,6435,0
KFN.US,5,20131126,192500,9.4400,9.4400,9.4300,9.4400,2478,0
KFN.US,5,20131126,193000,9.4300,9.4500,9.4300,9.4400,16839,0
KFN.US,5,20131126,193500,9.4400,9.4500,9.4400,9.4400,5221,0
KFN.US,5,20131126,194000,9.4500,9.4600,9.4400,9.4600,8208,0
KFN.US,5,20131126,194500,9.4600,9.4600,9.4500,9.4500,8505,0
KFN.US,5,20131126,195000,9.4500,9.4600,9.4500,9.4500,7700,0
KFN.US,5,20131126,195500,9.4500,9.4600,9.4500,9.4600,3075,0
KFN.US,5,20131126,200000,9.4600,9.5000,9.4500,9.4800,32468,0
KFN.US,5,20131126,200500,9.4800,9.4900,9.4800,9.4900,1400,0
KFN.US,5,20131126,201000,9.4800,9.4900,9.4800,9.4800,3192,0
KFN.US,5,20131126,201500,9.4900,9.4900,9.4800,9.4900,5800,0
KFN.US,5,20131126,202000,9.4800,9.5000,9.4800,9.5000,4148,0
KFN.US,5,20131126,202500,9.5000,9.5100,9.4900,9.5000,9650,0
KFN.US,5,20131126,203000,9.5000,9.5100,9.5000,9.5000,8278,0
KFN.US,5,20131126,203500,9.5000,9.5100,9.5000,9.5100,3146,0
KFN.US,5,20131126,204000,9.5100,9.5100,9.5000,9.5100,16400,0
KFN.US,5,20131126,204500,9.5100,9.5100,9.4900,9.5000,40560,0
KFN.US,5,20131126,205000,9.5000,9.5100,9.5000,9.5100,2755,0
KFN.US,5,20131126,205500,9.5100,9.5100,9.5000,9.5100,2658,0
KFN.US,5,20131126,210000,9.5100,9.5100,9.5000,9.5100,5430,0
KFN.US,5,20131126,210500,9.5100,9.5200,9.5000,9.5200,8880,0
KFN.US,5,20131126,211000,9.5200,9.5300,9.5000,9.5300,5915,0
KFN.US,5,20131126,211500,9.5300,9.5500,9.5200,9.5300,3924,0
KFN.US,5,20131126,212000,9.5300,9.5400,9.5300,9.5400,12025,0
KFN.US,5,20131126,212500,9.5400,9.5400,9.5300,9.5300,1530,0
KFN.US,5,20131126,213000,9.5500,9.5500,9.5500,9.5500,300,0
KFN.US,5,20131126,213500,9.5500,9.5500,9.5400,9.5400,5496,0
KFN.US,5,20131126,214000,9.5400,9.5500,9.5400,9.5400,9482,0
KFN.US,5,20131126,214500,9.5400,9.5500,9.5300,9.5300,9463,0
KFN.US,5,20131126,215000,9.5400,9.5400,9.5200,9.5200,18095,0
KFN.US,5,20131126,215500,9.5300,9.5300,9.5000,9.5100,38004,0
KFN.US,5,20131126,220000,9.5000,9.5100,9.4800,9.4800,83755,0
KFN.US,5,20131126,220500,9.4900,9.4900,9.4900,9.4900,20103,0
KFN.US,5,20131127,153500,9.5500,9.5500,9.4500,9.4900,13579,0
KFN.US,5,20131127,154000,9.4900,9.5200,9.4900,9.5200,1774,0
KFN.US,5,20131127,154500,9.5400,9.5400,9.5100,9.5200,2175,0
KFN.US,5,20131127,155000,9.5200,9.5200,9.5100,9.5200,950,0
KFN.US,5,20131127,155500,9.5300,9.5300,9.5100,9.5100,8900,0
KFN.US,5,20131127,160000,9.5300,9.5300,9.5000,9.5200,3759,0
KFN.US,5,20131127,160500,9.5300,9.5300,9.4900,9.4900,18220,0
KFN.US,5,20131127,161000,9.4900,9.5200,9.4900,9.5100,4400,0
KFN.US,5,20131127,161500,9.5100,9.5300,9.5100,9.5300,1550,0
KFN.US,5,20131127,162000,9.5300,9.5500,9.5200,9.5500,2622,0
KFN.US,5,20131127,162500,9.5500,9.5500,9.5500,9.5500,100,0
KFN.US,5,20131127,163000,9.5500,9.5500,9.5400,9.5500,714,0
KFN.US,5,20131127,163500,9.5500,9.5700,9.5500,9.5600,8743,0
KFN.US,5,20131127,164000,9.5600,9.5700,9.5400,9.5400,7627,0
KFN.US,5,20131127,164500,9.5300,9.5400,9.5300,9.5300,4735,0
KFN.US,5,20131127,165000,9.5300,9.5500,9.5300,9.5500,13188,0
KFN.US,5,20131127,165500,9.5600,9.5800,9.5600,9.5600,11466,0
KFN.US,5,20131127,170000,9.5600,9.5700,9.5500,9.5700,10700,0
KFN.US,5,20131127,170500,9.5700,9.5700,9.4800,9.5300,47765,0
KFN.US,5,20131127,171000,9.5300,9.5300,9.5300,9.5300,100,0
KFN.US,5,20131127,171500,9.5400,9.5600,9.5300,9.5600,2700,0
KFN.US,5,20131127,172000,9.5600,9.5600,9.4900,9.4900,20321,0
KFN.US,5,20131127,172500,9.5100,9.5500,9.4900,9.5400,53271,0
KFN.US,5,20131127,173000,9.5400,9.5600,9.5400,9.5600,2531,0
KFN.US,5,20131127,173500,9.5500,9.5600,9.5500,9.5500,11350,0
KFN.US,5,20131127,174000,9.5500,9.5600,9.5500,9.5500,3600,0
KFN.US,5,20131127,174500,9.5600,9.5600,9.5600,9.5600,100,0
KFN.US,5,20131127,175500,9.5600,9.5600,9.5500,9.5600,4300,0
KFN.US,5,20131127,180000,9.5600,9.5600,9.5600,9.5600,300,0
KFN.US,5,20131127,180500,9.5600,9.5600,9.5500,9.5500,9900,0
KFN.US,5,20131127,181000,9.5600,9.5600,9.5500,9.5500,3100,0
KFN.US,5,20131127,181500,9.5500,9.5500,9.5500,9.5500,811,0
KFN.US,5,20131127,182000,9.5600,9.5600,9.5500,9.5500,2200,0
KFN.US,5,20131127,183000,9.5600,9.5600,9.5500,9.5500,3314,0
KFN.US,5,20131127,183500,9.5500,9.5600,9.5500,9.5500,4700,0
KFN.US,5,20131127,184000,9.5600,9.5600,9.5400,9.5400,7250,0
KFN.US,5,20131127,184500,9.5400,9.5500,9.5300,9.5300,4185,0
KFN.US,5,20131127,185000,9.5300,9.5400,9.5300,9.5300,3850,0
KFN.US,5,20131127,185500,9.5300,9.5400,9.5300,9.5300,6365,0
KFN.US,5,20131127,190000,9.5300,9.5400,9.5100,9.5100,6800,0
KFN.US,5,20131127,190500,9.5100,9.5200,9.5100,9.5100,9574,0
KFN.US,5,20131127,191000,9.5100,9.5100,9.5100,9.5100,650,0
KFN.US,5,20131127,191500,9.5200,9.5300,9.5200,9.5200,500,0
KFN.US,5,20131127,192000,9.5300,9.5300,9.5200,9.5300,1115,0
KFN.US,5,20131127,192500,9.5300,9.5300,9.5000,9.5100,29657,0
KFN.US,5,20131127,193000,9.5200,9.5200,9.5100,9.5100,1715,0
KFN.US,5,20131127,193500,9.5100,9.5200,9.5100,9.5100,682,0
KFN.US,5,20131127,194000,9.5200,9.5500,9.5200,9.5500,1300,0
KFN.US,5,20131127,194500,9.5500,9.5500,9.5500,9.5500,2495,0
KFN.US,5,20131127,195000,9.5500,9.5600,9.5500,9.5600,2500,0
KFN.US,5,20131127,195500,9.5600,9.5600,9.5400,9.5500,3813,0
KFN.US,5,20131127,200000,9.5400,9.5500,9.5400,9.5500,250,0
KFN.US,5,20131127,200500,9.5500,9.5500,9.5400,9.5400,3500,0
KFN.US,5,20131127,201000,9.5500,9.5500,9.5500,9.5500,100,0
KFN.US,5,20131127,201500,9.5400,9.5500,9.5400,9.5500,1645,0
KFN.US,5,20131127,202000,9.5400,9.5500,9.5400,9.5500,1470,0
KFN.US,5,20131127,202500,9.5400,9.5500,9.5400,9.5500,1000,0
KFN.US,5,20131127,203000,9.5400,9.5500,9.5200,9.5300,2845,0
KFN.US,5,20131127,203500,9.5200,9.5400,9.5200,9.5400,9250,0
KFN.US,5,20131127,204000,9.5400,9.5600,9.5400,9.5400,15232,0
KFN.US,5,20131127,204500,9.5400,9.5500,9.5400,9.5400,4079,0
KFN.US,5,20131127,205000,9.5400,9.5500,9.5400,9.5400,15400,0
KFN.US,5,20131127,205500,9.5500,9.5500,9.5400,9.5400,2000,0
KFN.US,5,20131127,210000,9.5400,9.5500,9.5400,9.5400,2035,0
KFN.US,5,20131127,210500,9.5500,9.5500,9.5300,9.5300,6671,0
KFN.US,5,20131127,211000,9.5300,9.5400,9.5100,9.5200,14846,0
KFN.US,5,20131127,211500,9.5200,9.5300,9.4900,9.5200,51918,0
KFN.US,5,20131127,212000,9.5200,9.5200,9.5100,9.5200,4046,0
KFN.US,5,20131127,212500,9.5100,9.5200,9.5000,9.5100,8102,0
KFN.US,5,20131127,213000,9.5000,9.5200,9.5000,9.5200,4250,0
KFN.US,5,20131127,213500,9.5200,9.5200,9.4900,9.4900,13849,0
KFN.US,5,20131127,214000,9.5000,9.5000,9.4900,9.5000,1559,0
KFN.US,5,20131127,214500,9.5000,9.5000,9.4900,9.4900,8588,0
KFN.US,5,20131127,215000,9.4900,9.5000,9.4800,9.4900,20605,0
KFN.US,5,20131127,215500,9.4800,9.4900,9.4800,9.4800,11428,0
KFN.US,5,20131127,220000,9.4800,9.4900,9.4600,9.4600,29280,0
KFN.US,5,20131127,220500,9.4700,9.4700,9.4700,9.4700,22140,0
KFN.US,5,20131129,154000,9.5000,9.5000,9.4800,9.4800,911,0
KFN.US,5,20131129,154500,9.4800,9.5000,9.4800,9.4800,2350,0
KFN.US,5,20131129,155000,9.5000,9.5100,9.4900,9.4900,2675,0
KFN.US,5,20131129,155500,9.5000,9.5300,9.5000,9.5300,3900,0
KFN.US,5,20131129,160000,9.5300,9.5300,9.5200,9.5300,713,0
KFN.US,5,20131129,160500,9.5300,9.5600,9.5300,9.5600,3120,0
KFN.US,5,20131129,161000,9.5600,9.5800,9.5300,9.5300,7033,0
KFN.US,5,20131129,161500,9.5300,9.5500,9.5300,9.5400,6300,0
KFN.US,5,20131129,162000,9.5500,9.5500,9.5400,9.5400,3850,0
KFN.US,5,20131129,162500,9.5400,9.5400,9.5400,9.5400,910,0
KFN.US,5,20131129,163000,9.5400,9.5700,9.5400,9.5600,6200,0
KFN.US,5,20131129,163500,9.5500,9.5800,9.5500,9.5800,1200,0
KFN.US,5,20131129,164000,9.5800,9.6600,9.5600,9.6600,45354,0
KFN.US,5,20131129,164500,9.6400,9.6500,9.6200,9.6200,2400,0
KFN.US,5,20131129,165000,9.6200,9.6300,9.6100,9.6100,5940,0
KFN.US,5,20131129,165500,9.6200,9.6200,9.6000,9.6100,2250,0
KFN.US,5,20131129,170000,9.6100,9.6800,9.6100,9.6700,7300,0
KFN.US,5,20131129,170500,9.6600,9.6600,9.6500,9.6500,3715,0
KFN.US,5,20131129,171000,9.6500,9.6600,9.6500,9.6600,1600,0
KFN.US,5,20131129,171500,9.6400,9.6500,9.6400,9.6500,5100,0
KFN.US,5,20131129,172000,9.6600,9.6600,9.6500,9.6500,600,0
KFN.US,5,20131129,172500,9.6600,9.6700,9.6600,9.6700,4000,0
KFN.US,5,20131129,173000,9.6700,9.6700,9.6600,9.6700,500,0
KFN.US,5,20131129,173500,9.6700,9.6700,9.6700,9.6700,560,0
KFN.US,5,20131129,174000,9.6700,9.6700,9.6500,9.6500,5913,0
KFN.US,5,20131129,174500,9.6400,9.6700,9.6400,9.6600,9100,0
KFN.US,5,20131129,175000,9.6600,9.6600,9.6500,9.6600,1900,0
KFN.US,5,20131129,175500,9.6600,9.6700,9.6600,9.6600,1100,0
KFN.US,5,20131129,180000,9.6500,9.6600,9.6500,9.6500,6425,0
KFN.US,5,20131129,180500,9.6600,9.6600,9.6500,9.6600,3942,0
KFN.US,5,20131129,181000,9.6500,9.6600,9.6100,9.6400,15500,0
KFN.US,5,20131129,181500,9.6400,9.6400,9.6300,9.6300,1200,0
KFN.US,5,20131129,182000,9.6200,9.6300,9.6100,9.6100,13432,0
KFN.US,5,20131129,182500,9.6100,9.6200,9.6100,9.6200,5577,0
KFN.US,5,20131129,183000,9.6200,9.6200,9.6100,9.6200,3200,0
KFN.US,5,20131129,183500,9.6200,9.6200,9.6200,9.6200,800,0
KFN.US,5,20131129,184000,9.6200,9.6200,9.6100,9.6100,598,0
KFN.US,5,20131129,184500,9.6200,9.6200,9.5200,9.5200,102355,0
KFN.US,5,20131129,185000,9.5300,9.5400,9.5300,9.5400,7799,0
KFN.US,5,20131129,185500,9.5400,9.5900,9.5400,9.5900,5500,0
KFN.US,5,20131129,190000,9.5800,9.5800,9.5700,9.5700,4407,0
KFN.US,5,20131129,190500,9.5800,9.5800,9.5800,9.5800,5000,0
KFN.US,5,20131202,153500,9.5800,9.5800,9.5600,9.5700,4862,0
KFN.US,5,20131202,154000,9.5700,9.6600,9.5700,9.6400,21425,0
KFN.US,5,20131202,154500,9.6400,9.6400,9.6300,9.6400,1903,0
KFN.US,5,20131202,155000,9.6400,9.6400,9.6300,9.6400,1650,0
KFN.US,5,20131202,155500,9.6400,9.6400,9.5200,9.5400,44853,0
KFN.US,5,20131202,160000,9.5400,9.5500,9.5300,9.5300,14405,0
KFN.US,5,20131202,160500,9.5300,9.5600,9.5200,9.5600,15548,0
KFN.US,5,20131202,161000,9.5600,9.5700,9.5600,9.5700,5500,0
KFN.US,5,20131202,161500,9.5600,9.5700,9.5600,9.5600,1150,0
KFN.US,5,20131202,162000,9.5600,9.5700,9.5400,9.5400,8300,0
KFN.US,5,20131202,162500,9.5400,9.5400,9.5200,9.5200,18577,0
KFN.US,5,20131202,163000,9.5200,9.5200,9.5200,9.5200,6334,0
KFN.US,5,20131202,163500,9.5200,9.5400,9.5100,9.5300,9912,0
KFN.US,5,20131202,164000,9.5300,9.5400,9.5100,9.5100,13083,0
KFN.US,5,20131202,164500,9.5200,9.5300,9.5200,9.5200,5334,0
KFN.US,5,20131202,165000,9.5200,9.5300,9.5200,9.5300,6074,0
KFN.US,5,20131202,165500,9.5300,9.5300,9.5000,9.5200,12430,0
KFN.US,5,20131202,170000,9.5300,9.5300,9.5100,9.5200,16230,0
KFN.US,5,20131202,170500,9.5200,9.5200,9.5200,9.5200,600,0
KFN.US,5,20131202,171000,9.5200,9.5200,9.5200,9.5200,200,0
KFN.US,5,20131202,171500,9.5200,9.5200,9.5100,9.5200,17491,0
KFN.US,5,20131202,172000,9.5200,9.5400,9.5200,9.5200,25112,0
KFN.US,5,20131202,172500,9.5200,9.5300,9.5200,9.5200,5000,0
KFN.US,5,20131202,173000,9.5200,9.5300,9.5200,9.5200,5100,0
KFN.US,5,20131202,173500,9.5100,9.5200,9.5000,9.5000,5660,0
KFN.US,5,20131202,174000,9.5000,9.5000,9.5000,9.5000,300,0
KFN.US,5,20131202,174500,9.5000,9.5200,9.5000,9.5100,43050,0
KFN.US,5,20131202,175000,9.5200,9.5400,9.5200,9.5400,11230,0
KFN.US,5,20131202,175500,9.5400,9.5400,9.5300,9.5400,872,0
KFN.US,5,20131202,180000,9.5400,9.5700,9.5400,9.5700,3600,0
KFN.US,5,20131202,180500,9.5700,9.5700,9.5400,9.5400,5100,0
KFN.US,5,20131202,181000,9.5400,9.5500,9.5300,9.5400,13920,0
KFN.US,5,20131202,181500,9.5400,9.5400,9.5300,9.5400,500,0
KFN.US,5,20131202,182000,9.5400,9.5500,9.5300,9.5300,1117,0
KFN.US,5,20131202,182500,9.5300,9.5400,9.5300,9.5300,1900,0
KFN.US,5,20131202,183000,9.5300,9.5500,9.5300,9.5500,3057,0
KFN.US,5,20131202,183500,9.5500,9.5500,9.5400,9.5400,500,0
KFN.US,5,20131202,184000,9.5500,9.5500,9.5400,9.5400,2499,0
KFN.US,5,20131202,184500,9.5400,9.5500,9.5300,9.5300,2955,0
KFN.US,5,20131202,185000,9.5400,9.5400,9.5300,9.5300,1825,0
KFN.US,5,20131202,185500,9.5300,9.5300,9.5200,9.5300,3700,0
KFN.US,5,20131202,190500,9.5300,9.5300,9.5300,9.5300,1300,0
KFN.US,5,20131202,191000,9.5200,9.5300,9.5200,9.5300,6259,0
KFN.US,5,20131202,191500,9.5300,9.5400,9.5100,9.5200,5190,0
KFN.US,5,20131202,192000,9.5300,9.5300,9.5200,9.5200,2994,0
KFN.US,5,20131202,192500,9.5200,9.5300,9.5200,9.5200,6461,0
KFN.US,5,20131202,193000,9.5200,9.5200,9.5200,9.5200,1100,0
KFN.US,5,20131202,193500,9.5200,9.5200,9.5100,9.5200,3731,0
KFN.US,5,20131202,194000,9.5200,9.5200,9.5100,9.5200,910,0
KFN.US,5,20131202,194500,9.5100,9.5300,9.5100,9.5300,2000,0
KFN.US,5,20131202,195000,9.5200,9.5200,9.5000,9.5000,23489,0
KFN.US,5,20131202,195500,9.5100,9.5200,9.5100,9.5200,1180,0
KFN.US,5,20131202,200000,9.5100,9.5200,9.5100,9.5200,1725,0
KFN.US,5,20131202,200500,9.5200,9.5300,9.5100,9.5300,8562,0
KFN.US,5,20131202,201000,9.5300,9.5300,9.5000,9.5000,4600,0
KFN.US,5,20131202,201500,9.5000,9.5100,9.5000,9.5000,6800,0
KFN.US,5,20131202,202000,9.5100,9.5100,9.5000,9.5000,58815,0
KFN.US,5,20131202,202500,9.5100,9.5200,9.5100,9.5200,1200,0
KFN.US,5,20131202,203000,9.5200,9.5200,9.5100,9.5200,7603,0
KFN.US,5,20131202,203500,9.5200,9.5300,9.5100,9.5100,10326,0
KFN.US,5,20131202,204000,9.5100,9.5100,9.5000,9.5000,6000,0
KFN.US,5,20131202,204500,9.5100,9.5100,9.5100,9.5100,800,0
KFN.US,5,20131202,205000,9.5200,9.5900,9.5100,9.5500,130148,0
KFN.US,5,20131202,205500,9.5600,9.5600,9.5500,9.5600,7927,0
KFN.US,5,20131202,210000,9.5600,9.5600,9.5500,9.5600,2300,0
KFN.US,5,20131202,210500,9.5600,9.5600,9.5600,9.5600,1599,0
KFN.US,5,20131202,211000,9.5600,9.5700,9.5600,9.5700,5301,0
KFN.US,5,20131202,211500,9.5700,9.6200,9.5600,9.6200,28049,0
KFN.US,5,20131202,212000,9.6200,9.6200,9.6100,9.6100,4104,0
KFN.US,5,20131202,212500,9.6100,9.6100,9.5900,9.6000,25307,0
KFN.US,5,20131202,213000,9.6100,9.6100,9.6000,9.6000,5500,0
KFN.US,5,20131202,213500,9.6100,9.6100,9.5700,9.5800,78213,0
KFN.US,5,20131202,214000,9.5800,9.5800,9.5600,9.5600,4720,0
KFN.US,5,20131202,214500,9.5600,9.5700,9.5600,9.5600,4544,0
KFN.US,5,20131202,215000,9.5700,9.5700,9.5500,9.5500,21042,0
KFN.US,5,20131202,215500,9.5500,9.5600,9.5500,9.5600,5400,0
KFN.US,5,20131202,220000,9.5600,9.5900,9.5500,9.5800,41290,0
KFN.US,5,20131202,220500,9.5900,9.5900,9.5900,9.5900,13334,0
KFN.US,5,20131203,153500,9.5900,9.5900,9.5500,9.5500,3390,0
KFN.US,5,20131203,154000,9.5700,9.5900,9.5700,9.5900,5450,0
KFN.US,5,20131203,155000,9.5800,9.6000,9.5800,9.6000,4404,0
KFN.US,5,20131203,155500,9.6000,9.6000,9.5800,9.5800,13633,0
KFN.US,5,20131203,160000,9.5800,9.6200,9.5800,9.6100,4580,0
KFN.US,5,20131203,160500,9.6200,9.6400,9.6200,9.6400,3100,0
KFN.US,5,20131203,161000,9.6400,9.6500,9.6400,9.6400,5018,0
KFN.US,5,20131203,161500,9.6400,9.6600,9.6400,9.6600,8000,0
KFN.US,5,20131203,162000,9.6600,9.6600,9.6300,9.6300,8307,0
KFN.US,5,20131203,162500,9.6300,9.6400,9.6300,9.6300,3255,0
KFN.US,5,20131203,163000,9.6300,9.6400,9.6300,9.6400,3310,0
KFN.US,5,20131203,163500,9.6400,9.6500,9.6300,9.6400,9569,0
KFN.US,5,20131203,164000,9.6500,9.6500,9.6400,9.6500,1200,0
KFN.US,5,20131203,164500,9.6500,9.6500,9.6400,9.6400,450,0
KFN.US,5,20131203,165500,9.6400,9.6500,9.6400,9.6500,3341,0
KFN.US,5,20131203,170000,9.6400,9.6400,9.6300,9.6400,1430,0
KFN.US,5,20131203,170500,9.6300,9.6400,9.6100,9.6400,9743,0
KFN.US,5,20131203,171000,9.6400,9.6400,9.6400,9.6400,520,0
KFN.US,5,20131203,171500,9.6400,9.6400,9.6400,9.6400,200,0
KFN.US,5,20131203,172000,9.6400,9.6400,9.6200,9.6300,1300,0
KFN.US,5,20131203,172500,9.6200,9.6300,9.6200,9.6200,4866,0
KFN.US,5,20131203,173000,9.6200,9.6200,9.6100,9.6100,700,0
KFN.US,5,20131203,173500,9.6200,9.6300,9.6100,9.6300,3745,0
KFN.US,5,20131203,174000,9.6300,9.6300,9.6200,9.6300,1865,0
KFN.US,5,20131203,174500,9.6200,9.6300,9.6000,9.6100,4500,0
KFN.US,5,20131203,175000,9.6100,9.6200,9.6100,9.6200,5700,0
KFN.US,5,20131203,175500,9.6200,9.6200,9.6100,9.6100,500,0
KFN.US,5,20131203,180000,9.6100,9.6200,9.6000,9.6100,16189,0
KFN.US,5,20131203,180500,9.6200,9.6200,9.6200,9.6200,400,0
KFN.US,5,20131203,181000,9.6200,9.6300,9.6100,9.6300,9419,0
KFN.US,5,20131203,181500,9.6300,9.6400,9.6200,9.6300,8497,0
KFN.US,5,20131203,182000,9.6300,9.6300,9.6100,9.6100,2000,0
KFN.US,5,20131203,182500,9.6300,9.6300,9.6300,9.6300,457,0
KFN.US,5,20131203,183000,9.6300,9.6300,9.6200,9.6300,650,0
KFN.US,5,20131203,183500,9.6300,9.6300,9.6200,9.6300,2412,0
KFN.US,5,20131203,184000,9.6300,9.6300,9.6300,9.6300,200,0
KFN.US,5,20131203,184500,9.6300,9.6300,9.6100,9.6200,8631,0
KFN.US,5,20131203,185000,9.6200,9.6200,9.6100,9.6100,1400,0
KFN.US,5,20131203,185500,9.6100,9.6100,9.6100,9.6100,1500,0
KFN.US,5,20131203,190000,9.6200,9.6200,9.6100,9.6200,925,0
KFN.US,5,20131203,190500,9.6200,9.6200,9.6100,9.6100,300,0
KFN.US,5,20131203,191000,9.6000,9.6000,9.6000,9.6000,800,0
KFN.US,5,20131203,191500,9.6000,9.6000,9.6000,9.6000,106,0
KFN.US,5,20131203,192000,9.6100,9.6100,9.6000,9.6000,4200,0
KFN.US,5,20131203,192500,9.6000,9.6100,9.6000,9.6100,1100,0
KFN.US,5,20131203,193000,9.6100,9.6100,9.6000,9.6000,1900,0
KFN.US,5,20131203,193500,9.6000,9.6100,9.6000,9.6000,402,0
KFN.US,5,20131203,194500,9.6100,9.6100,9.6000,9.6000,2695,0
KFN.US,5,20131203,195000,9.6100,9.6100,9.6000,9.6000,1200,0
KFN.US,5,20131203,200000,9.6000,9.6000,9.6000,9.6000,500,0
KFN.US,5,20131203,200500,9.6100,9.6100,9.6000,9.6100,2500,0
KFN.US,5,20131203,201000,9.6000,9.6100,9.6000,9.6100,3382,0
KFN.US,5,20131203,201500,9.6100,9.6200,9.6000,9.6000,5530,0
KFN.US,5,20131203,202000,9.6000,9.6100,9.6000,9.6000,22575,0
KFN.US,5,20131203,202500,9.6000,9.6100,9.6000,9.6100,7200,0
KFN.US,5,20131203,203000,9.6100,9.6100,9.6100,9.6100,2550,0
KFN.US,5,20131203,203500,9.6100,9.6100,9.6000,9.6100,3592,0
KFN.US,5,20131203,204000,9.6100,9.6100,9.6000,9.6000,2200,0
KFN.US,5,20131203,204500,9.6100,9.6100,9.6000,9.6000,5200,0
KFN.US,5,20131203,205000,9.6100,9.6100,9.6000,9.6100,6801,0
KFN.US,5,20131203,205500,9.6100,9.6100,9.6000,9.6100,6631,0
KFN.US,5,20131203,210000,9.6100,9.6200,9.6100,9.6100,15743,0
KFN.US,5,20131203,210500,9.6000,9.6000,9.6000,9.6000,1000,0
KFN.US,5,20131203,211000,9.6200,9.6200,9.6000,9.6100,27249,0
KFN.US,5,20131203,211500,9.6000,9.6300,9.6000,9.6200,26897,0
KFN.US,5,20131203,212000,9.6200,9.6500,9.6200,9.6500,15234,0
KFN.US,5,20131203,212500,9.6500,9.6500,9.5900,9.5900,22522,0
KFN.US,5,20131203,213000,9.5800,9.6000,9.5800,9.6000,23075,0
KFN.US,5,20131203,213500,9.6000,9.6000,9.5900,9.5900,12100,0
KFN.US,5,20131203,214000,9.5900,9.6000,9.5900,9.6000,12939,0
KFN.US,5,20131203,214500,9.6100,9.6100,9.6000,9.6000,2674,0
KFN.US,5,20131203,215000,9.6100,9.6200,9.6000,9.6200,3963,0
KFN.US,5,20131203,215500,9.6100,9.6200,9.6100,9.6200,6400,0
KFN.US,5,20131203,220000,9.6200,9.6300,9.6100,9.6200,17146,0
KFN.US,5,20131203,220500,9.6300,9.6300,9.6300,9.6300,5541,0
KFN.US,5,20131204,153500,9.6000,9.6000,9.5700,9.6000,2917,0
KFN.US,5,20131204,154000,9.5800,9.5800,9.5600,9.5600,15887,0
KFN.US,5,20131204,154500,9.5700,9.6000,9.5500,9.5500,8247,0
KFN.US,5,20131204,155000,9.5700,9.5900,9.5700,9.5800,1800,0
KFN.US,5,20131204,160000,9.5800,9.5800,9.5700,9.5700,200,0
KFN.US,5,20131204,160500,9.5800,9.6000,9.5800,9.6000,1900,0
KFN.US,5,20131204,161000,9.5900,9.6000,9.5600,9.5900,7984,0
KFN.US,5,20131204,161500,9.6000,9.6100,9.6000,9.6100,5700,0
KFN.US,5,20131204,162000,9.6000,9.6200,9.6000,9.6200,2309,0
KFN.US,5,20131204,162500,9.6200,9.6500,9.6200,9.6400,2400,0
KFN.US,5,20131204,163000,9.6500,9.6500,9.6400,9.6500,1700,0
KFN.US,5,20131204,163500,9.6500,9.6500,9.6400,9.6400,600,0
KFN.US,5,20131204,164000,9.6500,9.6500,9.6500,9.6500,1072,0
KFN.US,5,20131204,164500,9.6400,9.6700,9.6400,9.6700,8500,0
KFN.US,5,20131204,165000,9.6600,9.6600,9.6600,9.6600,400,0
KFN.US,5,20131204,165500,9.6500,9.6500,9.6400,9.6400,7006,0
KFN.US,5,20131204,170000,9.6500,9.6600,9.6500,9.6600,3000,0
KFN.US,5,20131204,170500,9.6600,9.6700,9.6400,9.6700,24129,0
KFN.US,5,20131204,171000,9.6800,9.6800,9.6700,9.6800,3100,0
KFN.US,5,20131204,171500,9.6800,9.6800,9.6500,9.6500,17894,0
KFN.US,5,20131204,172000,9.6600,9.6600,9.6200,9.6200,26358,0
KFN.US,5,20131204,172500,9.6100,9.6200,9.6000,9.6000,3000,0
KFN.US,5,20131204,173000,9.6000,9.6100,9.6000,9.6100,7850,0
KFN.US,5,20131204,173500,9.6200,9.6200,9.6000,9.6100,8290,0
KFN.US,5,20131204,174000,9.6000,9.6000,9.6000,9.6000,638,0
KFN.US,5,20131204,174500,9.6000,9.6000,9.5900,9.5900,10289,0
KFN.US,5,20131204,175000,9.5900,9.6000,9.5900,9.6000,1900,0
KFN.US,5,20131204,175500,9.6000,9.6000,9.5800,9.5800,600,0
KFN.US,5,20131204,180000,9.5900,9.5900,9.5700,9.5800,7965,0
KFN.US,5,20131204,180500,9.5700,9.5700,9.5300,9.5300,18328,0
KFN.US,5,20131204,181000,9.5300,9.5400,9.5300,9.5400,4827,0
KFN.US,5,20131204,181500,9.5300,9.5300,9.5200,9.5200,1100,0
KFN.US,5,20131204,182000,9.5300,9.5300,9.5000,9.5100,4008,0
KFN.US,5,20131204,182500,9.5100,9.5200,9.5000,9.5100,2700,0
KFN.US,5,20131204,183000,9.5100,9.5100,9.5000,9.5100,2356,0
KFN.US,5,20131204,183500,9.5100,9.5200,9.5000,9.5200,8143,0
KFN.US,5,20131204,184000,9.5200,9.5300,9.5200,9.5300,2600,0
KFN.US,5,20131204,184500,9.5300,9.5500,9.5300,9.5500,3412,0
KFN.US,5,20131204,185000,9.5500,9.5500,9.5400,9.5400,1500,0
KFN.US,5,20131204,185500,9.5400,9.5400,9.5300,9.5400,1250,0
KFN.US,5,20131204,190000,9.5400,9.5700,9.5400,9.5700,31526,0
KFN.US,5,20131204,190500,9.5700,9.5900,9.5700,9.5900,5343,0
KFN.US,5,20131204,191000,9.5900,9.5900,9.5900,9.5900,500,0
KFN.US,5,20131204,191500,9.5900,9.5900,9.5800,9.5900,3278,0
KFN.US,5,20131204,192000,9.5900,9.6000,9.5900,9.6000,5200,0
KFN.US,5,20131204,192500,9.5900,9.6000,9.5900,9.5900,18050,0
KFN.US,5,20131204,193000,9.5900,9.5900,9.5900,9.5900,2700,0
KFN.US,5,20131204,193500,9.5800,9.5800,9.5400,9.5500,4671,0
KFN.US,5,20131204,194000,9.5600,9.5700,9.5600,9.5700,2452,0
KFN.US,5,20131204,194500,9.5600,9.5600,9.5600,9.5600,6100,0
KFN.US,5,20131204,195000,9.5600,9.5600,9.5500,9.5500,6975,0
KFN.US,5,20131204,195500,9.5500,9.5600,9.5500,9.5500,14100,0
KFN.US,5,20131204,200000,9.5500,9.5600,9.5300,9.5300,14596,0
KFN.US,5,20131204,200500,9.5400,9.5400,9.5300,9.5300,8667,0
KFN.US,5,20131204,201000,9.5400,9.5500,9.5400,9.5400,3915,0
KFN.US,5,20131204,201500,9.5300,9.5400,9.5300,9.5400,2700,0
KFN.US,5,20131204,202000,9.5400,9.5400,9.5300,9.5400,1900,0
KFN.US,5,20131204,202500,9.5300,9.5400,9.5200,9.5200,28700,0
KFN.US,5,20131204,203000,9.5100,9.5200,9.5100,9.5200,3200,0
KFN.US,5,20131204,203500,9.5200,9.5200,9.5100,9.5200,21208,0
KFN.US,5,20131204,204000,9.5200,9.5200,9.5100,9.5200,12400,0
KFN.US,5,20131204,204500,9.5300,9.5300,9.5300,9.5300,4873,0
KFN.US,5,20131204,205000,9.5300,9.5300,9.5200,9.5200,7991,0
KFN.US,5,20131204,205500,9.5200,9.5200,9.5100,9.5200,7267,0
KFN.US,5,20131204,210000,9.5200,9.5200,9.5000,9.5000,57149,0
KFN.US,5,20131204,210500,9.5000,9.5000,9.4900,9.5000,3825,0
KFN.US,5,20131204,211000,9.5000,9.5000,9.4800,9.4900,9800,0
KFN.US,5,20131204,211500,9.4900,9.5000,9.4900,9.4900,6543,0
KFN.US,5,20131204,212000,9.5000,9.5000,9.5000,9.5000,14484,0
KFN.US,5,20131204,212500,9.5000,9.5200,9.5000,9.5000,5300,0
KFN.US,5,20131204,213000,9.5100,9.5200,9.5000,9.5100,7800,0
KFN.US,5,20131204,213500,9.5100,9.5100,9.4900,9.5100,8442,0
KFN.US,5,20131204,214000,9.5000,9.5100,9.5000,9.5000,22800,0
KFN.US,5,20131204,214500,9.5100,9.5100,9.5000,9.5100,16057,0
KFN.US,5,20131204,215000,9.5100,9.5200,9.5100,9.5200,4004,0
KFN.US,5,20131204,215500,9.5100,9.5100,9.5000,9.5100,5388,0
KFN.US,5,20131204,220000,9.5100,9.5100,9.4600,9.4700,88171,0
KFN.US,5,20131204,220500,9.4600,9.4600,9.4600,9.4600,3897,0
KFN.US,5,20131205,153500,9.4600,9.4600,9.4500,9.4600,11687,0
KFN.US,5,20131205,154000,9.4600,9.4700,9.4600,9.4700,13650,0
KFN.US,5,20131205,154500,9.4700,9.4700,9.4500,9.4700,1917,0
KFN.US,5,20131205,155000,9.4600,9.4600,9.4300,9.4500,16000,0
KFN.US,5,20131205,155500,9.4300,9.4500,9.4200,9.4200,7050,0
KFN.US,5,20131205,160000,9.4200,9.4400,9.4200,9.4400,10700,0
KFN.US,5,20131205,160500,9.4400,9.4400,9.4300,9.4400,1400,0
KFN.US,5,20131205,161000,9.4400,9.4700,9.4400,9.4700,5900,0
KFN.US,5,20131205,161500,9.4700,9.4800,9.4700,9.4800,2650,0
KFN.US,5,20131205,162000,9.4800,9.4800,9.4700,9.4800,6200,0
KFN.US,5,20131205,162500,9.4700,9.4700,9.4700,9.4700,1200,0
KFN.US,5,20131205,163000,9.4700,9.4800,9.4700,9.4800,1600,0
KFN.US,5,20131205,163500,9.4800,9.4800,9.4600,9.4600,22800,0
KFN.US,5,20131205,164000,9.4600,9.4700,9.4600,9.4600,6793,0
KFN.US,5,20131205,164500,9.4700,9.4700,9.4500,9.4600,24534,0
KFN.US,5,20131205,165000,9.4700,9.4700,9.4500,9.4600,15947,0
KFN.US,5,20131205,165500,9.4600,9.4700,9.4600,9.4700,3950,0
KFN.US,5,20131205,170000,9.4700,9.4800,9.4600,9.4800,3393,0
KFN.US,5,20131205,170500,9.4700,9.4800,9.4600,9.4700,4627,0
KFN.US,5,20131205,171000,9.4700,9.4800,9.4700,9.4700,5600,0
KFN.US,5,20131205,171500,9.4800,9.4900,9.4700,9.4700,4240,0
KFN.US,5,20131205,172000,9.4800,9.4800,9.4700,9.4700,1900,0
KFN.US,5,20131205,172500,9.4800,9.4800,9.4700,9.4700,4000,0
KFN.US,5,20131205,173000,9.4700,9.4700,9.4600,9.4600,4938,0
KFN.US,5,20131205,173500,9.4600,9.4600,9.4600,9.4600,1500,0
KFN.US,5,20131205,174000,9.4600,9.4600,9.4400,9.4400,3800,0
KFN.US,5,20131205,174500,9.4400,9.4500,9.4400,9.4400,3829,0
KFN.US,5,20131205,175000,9.4400,9.4500,9.4400,9.4400,12395,0
KFN.US,5,20131205,175500,9.4400,9.4500,9.4400,9.4400,3359,0
KFN.US,5,20131205,180000,9.4500,9.4500,9.4400,9.4500,9600,0
KFN.US,5,20131205,180500,9.4500,9.4500,9.4400,9.4400,4299,0
KFN.US,5,20131205,181000,9.4500,9.4500,9.4400,9.4400,2100,0
KFN.US,5,20131205,181500,9.4400,9.4500,9.4400,9.4500,10800,0
KFN.US,5,20131205,182000,9.4500,9.4500,9.4400,9.4400,4425,0
KFN.US,5,20131205,182500,9.4400,9.4600,9.4400,9.4600,4600,0
KFN.US,5,20131205,183000,9.4500,9.4600,9.4500,9.4500,2500,0
KFN.US,5,20131205,183500,9.4500,9.4600,9.4500,9.4500,700,0
KFN.US,5,20131205,184000,9.4500,9.4600,9.4400,9.4400,6500,0
KFN.US,5,20131205,184500,9.4500,9.4600,9.4400,9.4500,11954,0
KFN.US,5,20131205,185000,9.4600,9.4600,9.4500,9.4600,800,0
KFN.US,5,20131205,185500,9.4500,9.4600,9.4500,9.4500,600,0
KFN.US,5,20131205,190000,9.4600,9.4600,9.4500,9.4500,6400,0
KFN.US,5,20131205,190500,9.4500,9.4600,9.4500,9.4500,1407,0
KFN.US,5,20131205,191000,9.4600,9.4600,9.4400,9.4400,1800,0
KFN.US,5,20131205,191500,9.4500,9.4500,9.4400,9.4500,4400,0
KFN.US,5,20131205,192000,9.4600,9.4600,9.4500,9.4500,1700,0
KFN.US,5,20131205,192500,9.4500,9.4500,9.4500,9.4500,1700,0
KFN.US,5,20131205,193000,9.4500,9.4600,9.4400,9.4400,3395,0
KFN.US,5,20131205,193500,9.4400,9.4500,9.4400,9.4400,2208,0
KFN.US,5,20131205,194000,9.4500,9.4500,9.4400,9.4500,1300,0
KFN.US,5,20131205,194500,9.4500,9.4600,9.4400,9.4400,18759,0
KFN.US,5,20131205,195000,9.4500,9.4500,9.4400,9.4500,3000,0
KFN.US,5,20131205,195500,9.4400,9.4500,9.4400,9.4400,2250,0
KFN.US,5,20131205,200000,9.4500,9.4500,9.4400,9.4500,800,0
KFN.US,5,20131205,200500,9.4500,9.4600,9.4400,9.4500,10326,0
KFN.US,5,20131205,201000,9.4600,9.4600,9.4500,9.4500,3200,0
KFN.US,5,20131205,201500,9.4500,9.4600,9.4500,9.4500,1200,0
KFN.US,5,20131205,202000,9.4500,9.4500,9.4300,9.4300,28126,0
KFN.US,5,20131205,202500,9.4300,9.4300,9.4300,9.4300,1600,0
KFN.US,5,20131205,203000,9.4400,9.4400,9.4300,9.4300,2568,0
KFN.US,5,20131205,203500,9.4400,9.4500,9.4200,9.4200,34254,0
KFN.US,5,20131205,204000,9.4200,9.4200,9.4200,9.4200,7530,0
KFN.US,5,20131205,204500,9.4200,9.4300,9.4200,9.4200,2700,0
KFN.US,5,20131205,205000,9.4200,9.4300,9.4100,9.4100,15277,0
KFN.US,5,20131205,205500,9.4200,9.4200,9.4100,9.4100,13950,0
KFN.US,5,20131205,210000,9.4200,9.4200,9.4100,9.4100,8875,0
KFN.US,5,20131205,210500,9.4100,9.4400,9.4000,9.4000,30573,0
KFN.US,5,20131205,211000,9.4000,9.4200,9.4000,9.4200,9469,0
KFN.US,5,20131205,211500,9.4100,9.4200,9.4100,9.4100,3861,0
KFN.US,5,20131205,212000,9.4100,9.4200,9.4100,9.4100,4950,0
KFN.US,5,20131205,212500,9.4100,9.4200,9.4000,9.4000,10600,0
KFN.US,5,20131205,213000,9.4100,9.4100,9.3700,9.3700,54734,0
KFN.US,5,20131205,213500,9.3800,9.3800,9.3600,9.3600,14273,0
KFN.US,5,20131205,214000,9.3600,9.3800,9.3600,9.3700,10040,0
KFN.US,5,20131205,214500,9.3700,9.3800,9.3700,9.3700,4920,0
KFN.US,5,20131205,215000,9.3700,9.3800,9.3600,9.3600,10300,0
KFN.US,5,20131205,215500,9.3600,9.3700,9.3500,9.3500,27812,0
KFN.US,5,20131205,220000,9.3500,9.3700,9.3500,9.3500,106282,0
KFN.US,5,20131205,220500,9.3600,9.3600,9.3600,9.3600,9053,0
KFN.US,5,20131206,153500,9.3900,9.4400,9.3900,9.4000,7200,0
KFN.US,5,20131206,154000,9.4000,9.4400,9.4000,9.4200,20644,0
KFN.US,5,20131206,154500,9.4200,9.4200,9.3900,9.4000,24007,0
KFN.US,5,20131206,155000,9.3900,9.4100,9.3900,9.3900,11611,0
KFN.US,5,20131206,155500,9.4000,9.4300,9.3800,9.4000,22007,0
KFN.US,5,20131206,160000,9.4100,9.4300,9.3900,9.4100,15073,0
KFN.US,5,20131206,160500,9.4000,9.4200,9.3900,9.4000,13360,0
KFN.US,5,20131206,161000,9.4100,9.4300,9.4000,9.4200,34045,0
KFN.US,5,20131206,161500,9.4200,9.4300,9.4200,9.4200,7108,0
KFN.US,5,20131206,162000,9.4200,9.4300,9.4100,9.4200,9326,0
KFN.US,5,20131206,162500,9.4200,9.4300,9.4100,9.4200,20101,0
KFN.US,5,20131206,163000,9.4200,9.4200,9.4100,9.4100,1500,0
KFN.US,5,20131206,163500,9.4200,9.4200,9.4000,9.4100,13521,0
KFN.US,5,20131206,164000,9.4100,9.4200,9.4000,9.4100,11596,0
KFN.US,5,20131206,164500,9.4100,9.4100,9.4000,9.4000,2310,0
KFN.US,5,20131206,165000,9.4000,9.4200,9.4000,9.4100,9635,0
KFN.US,5,20131206,165500,9.4000,9.4100,9.4000,9.4100,200,0
KFN.US,5,20131206,170000,9.4100,9.4200,9.4100,9.4100,38828,0
KFN.US,5,20131206,170500,9.4200,9.4200,9.4100,9.4100,5523,0
KFN.US,5,20131206,171000,9.4100,9.4200,9.4100,9.4200,4323,0
KFN.US,5,20131206,171500,9.4200,9.4200,9.4000,9.4100,12534,0
KFN.US,5,20131206,172000,9.4100,9.4100,9.3800,9.3800,43458,0
KFN.US,5,20131206,172500,9.3800,9.3900,9.3600,9.3600,30791,0
KFN.US,5,20131206,173000,9.3600,9.3800,9.3600,9.3800,20225,0
KFN.US,5,20131206,173500,9.3800,9.3800,9.3600,9.3700,30187,0
KFN.US,5,20131206,174000,9.3700,9.3800,9.3700,9.3800,4391,0
KFN.US,5,20131206,174500,9.3700,9.3800,9.3600,9.3700,11200,0
KFN.US,5,20131206,175000,9.3700,9.3800,9.3600,9.3600,18168,0
KFN.US,5,20131206,175500,9.3700,9.3800,9.3600,9.3700,13659,0
KFN.US,5,20131206,180000,9.3700,9.3800,9.3700,9.3800,2900,0
KFN.US,5,20131206,180500,9.3800,9.3800,9.3700,9.3700,3551,0
KFN.US,5,20131206,181000,9.3700,9.3800,9.3600,9.3600,22924,0
KFN.US,5,20131206,181500,9.3700,9.3700,9.3600,9.3700,10850,0
KFN.US,5,20131206,182000,9.3600,9.3800,9.3600,9.3800,5034,0
KFN.US,5,20131206,182500,9.3800,9.3800,9.3700,9.3800,4865,0
KFN.US,5,20131206,183000,9.3700,9.3800,9.3700,9.3800,3093,0
KFN.US,5,20131206,183500,9.3800,9.3900,9.3700,9.3900,9715,0
KFN.US,5,20131206,184000,9.4000,9.4300,9.3900,9.4300,7804,0
KFN.US,5,20131206,184500,9.4300,9.4300,9.4100,9.4200,6069,0
KFN.US,5,20131206,185000,9.4100,9.4100,9.3900,9.3900,9500,0
KFN.US,5,20131206,185500,9.3900,9.3900,9.3900,9.3900,1500,0
KFN.US,5,20131206,190000,9.3900,9.3900,9.3900,9.3900,1200,0
KFN.US,5,20131206,190500,9.3900,9.4000,9.3900,9.4000,3700,0
KFN.US,5,20131206,191000,9.4000,9.4100,9.3900,9.4100,45035,0
KFN.US,5,20131206,191500,9.4100,9.4100,9.4000,9.4000,6700,0
KFN.US,5,20131206,192000,9.4000,9.4100,9.4000,9.4000,6300,0
KFN.US,5,20131206,192500,9.4000,9.4100,9.4000,9.4100,2300,0
KFN.US,5,20131206,193000,9.4000,9.4100,9.4000,9.4000,1800,0
KFN.US,5,20131206,193500,9.4000,9.4100,9.4000,9.4000,6192,0
KFN.US,5,20131206,194000,9.4000,9.4200,9.4000,9.4000,51488,0
KFN.US,5,20131206,194500,9.4100,9.4200,9.4000,9.4000,4600,0
KFN.US,5,20131206,195000,9.4000,9.4100,9.4000,9.4000,2100,0
KFN.US,5,20131206,195500,9.4100,9.4100,9.4000,9.4000,2558,0
KFN.US,5,20131206,200000,9.4000,9.4100,9.3900,9.4000,3900,0
KFN.US,5,20131206,200500,9.4000,9.4000,9.3900,9.3900,2400,0
KFN.US,5,20131206,201000,9.4000,9.4000,9.3900,9.3900,7595,0
KFN.US,5,20131206,201500,9.4000,9.4000,9.3900,9.4000,5800,0
KFN.US,5,20131206,202000,9.3900,9.3900,9.3800,9.3800,9000,0
KFN.US,5,20131206,202500,9.3900,9.3900,9.3800,9.3800,2000,0
KFN.US,5,20131206,203000,9.3800,9.3900,9.3800,9.3800,608,0
KFN.US,5,20131206,203500,9.3800,9.3900,9.3800,9.3800,1900,0
KFN.US,5,20131206,204000,9.3800,9.3900,9.3800,9.3800,4300,0
KFN.US,5,20131206,204500,9.3800,9.3900,9.3800,9.3800,5094,0
KFN.US,5,20131206,205000,9.3800,9.3900,9.3800,9.3900,3050,0
KFN.US,5,20131206,205500,9.3800,9.3800,9.3800,9.3800,600,0
KFN.US,5,20131206,210000,9.3800,9.4000,9.3800,9.4000,20944,0
KFN.US,5,20131206,210500,9.3900,9.4000,9.3900,9.3900,7850,0
KFN.US,5,20131206,211000,9.3900,9.4000,9.3800,9.3900,11363,0
KFN.US,5,20131206,211500,9.4000,9.4000,9.3800,9.3800,2400,0
KFN.US,5,20131206,212000,9.3800,9.3900,9.3800,9.3800,23200,0
KFN.US,5,20131206,212500,9.3900,9.4000,9.3800,9.4000,20697,0
KFN.US,5,20131206,213000,9.3900,9.4000,9.3900,9.3900,4000,0
KFN.US,5,20131206,213500,9.3900,9.4000,9.3900,9.3900,23353,0
KFN.US,5,20131206,214000,9.3900,9.4000,9.3900,9.3900,20124,0
KFN.US,5,20131206,214500,9.4000,9.4000,9.3900,9.3900,8100,0
KFN.US,5,20131206,215000,9.3900,9.4000,9.3900,9.3900,4100,0
KFN.US,5,20131206,215500,9.4000,9.4000,9.3900,9.3900,15547,0
KFN.US,5,20131206,220000,9.4000,9.4000,9.3800,9.3900,33442,0
KFN.US,5,20131206,220500,9.3900,9.3900,9.3900,9.3900,13499,0
KFN.US,5,20131209,153500,9.3900,9.3900,9.3700,9.3800,9800,0
KFN.US,5,20131209,154000,9.3800,9.3900,9.3700,9.3800,8622,0
KFN.US,5,20131209,154500,9.3700,9.3900,9.3700,9.3900,5237,0
KFN.US,5,20131209,155000,9.3800,9.3800,9.3700,9.3700,3200,0
KFN.US,5,20131209,155500,9.3700,9.3700,9.3600,9.3700,23035,0
KFN.US,5,20131209,160000,9.3600,9.3700,9.3600,9.3600,9250,0
KFN.US,5,20131209,160500,9.3600,9.3700,9.3600,9.3600,900,0
KFN.US,5,20131209,161000,9.3700,9.3700,9.3600,9.3600,24160,0
KFN.US,5,20131209,161500,9.3600,9.3700,9.3600,9.3600,1800,0
KFN.US,5,20131209,162000,9.3700,9.3700,9.3600,9.3600,17397,0
KFN.US,5,20131209,162500,9.3700,9.3700,9.3500,9.3500,10512,0
KFN.US,5,20131209,163000,9.3500,9.3500,9.3400,9.3400,23037,0
KFN.US,5,20131209,163500,9.3400,9.3500,9.3000,9.3100,75448,0
KFN.US,5,20131209,164000,9.3200,9.3200,9.3000,9.3000,23800,0
KFN.US,5,20131209,164500,9.3000,9.3100,9.3000,9.3000,4100,0
KFN.US,5,20131209,165000,9.3000,9.3200,9.3000,9.3100,15000,0
KFN.US,5,20131209,165500,9.3100,9.3200,9.3100,9.3100,12074,0
KFN.US,5,20131209,170000,9.3100,9.3200,9.3000,9.3000,6848,0
KFN.US,5,20131209,170500,9.3100,9.3100,9.3000,9.3100,24690,0
KFN.US,5,20131209,171000,9.3100,9.3200,9.3000,9.3100,9991,0
KFN.US,5,20131209,171500,9.3100,9.3100,9.3000,9.3000,8300,0
KFN.US,5,20131209,172000,9.3000,9.3100,9.3000,9.3000,34052,0
KFN.US,5,20131209,172500,9.3000,9.3100,9.3000,9.3100,6507,0
KFN.US,5,20131209,173000,9.3100,9.3100,9.3000,9.3100,20958,0
KFN.US,5,20131209,173500,9.3100,9.3100,9.3100,9.3100,2450,0
KFN.US,5,20131209,174000,9.3100,9.3100,9.3000,9.3000,17068,0
KFN.US,5,20131209,174500,9.3000,9.3100,9.3000,9.3100,49982,0
KFN.US,5,20131209,175000,9.3000,9.3200,9.3000,9.3200,44256,0
KFN.US,5,20131209,175500,9.3200,9.3200,9.3100,9.3100,18198,0
KFN.US,5,20131209,180000,9.3100,9.3200,9.3100,9.3100,10310,0
KFN.US,5,20131209,180500,9.3100,9.3300,9.3100,9.3100,4500,0
KFN.US,5,20131209,181000,9.3200,9.3200,9.3200,9.3200,605,0
KFN.US,5,20131209,181500,9.3100,9.3400,9.3100,9.3200,37956,0
KFN.US,5,20131209,182000,9.3200,9.3300,9.3100,9.3200,6987,0
KFN.US,5,20131209,182500,9.3300,9.3300,9.3200,9.3200,1000,0
KFN.US,5,20131209,183000,9.3200,9.3200,9.3100,9.3100,20020,0
KFN.US,5,20131209,183500,9.3100,9.3200,9.3000,9.3100,11272,0
KFN.US,5,20131209,184000,9.3200,9.3200,9.3200,9.3200,550,0
KFN.US,5,20131209,184500,9.3100,9.3200,9.3100,9.3200,1684,0
KFN.US,5,20131209,185000,9.3100,9.3200,9.3100,9.3100,16017,0
KFN.US,5,20131209,185500,9.3100,9.3200,9.3100,9.3100,739,0
KFN.US,5,20131209,190000,9.3100,9.3200,9.3100,9.3100,3600,0
KFN.US,5,20131209,190500,9.3200,9.3300,9.3100,9.3200,16414,0
KFN.US,5,20131209,191000,9.3200,9.3300,9.3200,9.3300,2280,0
KFN.US,5,20131209,191500,9.3300,9.3300,9.3200,9.3300,4915,0
KFN.US,5,20131209,192000,9.3200,9.3300,9.3200,9.3200,1000,0
KFN.US,5,20131209,192500,9.3300,9.3300,9.3200,9.3200,13696,0
KFN.US,5,20131209,193000,9.3300,9.3400,9.3200,9.3400,23191,0
KFN.US,5,20131209,193500,9.3300,9.3400,9.3000,9.3300,41418,0
KFN.US,5,20131209,194000,9.3200,9.3300,9.3200,9.3200,5700,0
KFN.US,5,20131209,194500,9.3300,9.3300,9.3200,9.3200,1100,0
KFN.US,5,20131209,195000,9.3200,9.3300,9.3200,9.3300,3400,0
KFN.US,5,20131209,195500,9.3200,9.3300,9.3200,9.3200,500,0
KFN.US,5,20131209,200000,9.3300,9.3300,9.3200,9.3200,13925,0
KFN.US,5,20131209,200500,9.3200,9.3300,9.3200,9.3300,8389,0
KFN.US,5,20131209,201000,9.3300,9.3300,9.3200,9.3300,6744,0
KFN.US,5,20131209,201500,9.3200,9.3300,9.3200,9.3200,13200,0
KFN.US,5,20131209,202000,9.3200,9.3300,9.3200,9.3200,5350,0
KFN.US,5,20131209,202500,9.3200,9.3300,9.3200,9.3300,511,0
KFN.US,5,20131209,203000,9.3300,9.3300,9.3200,9.3200,13175,0
KFN.US,5,20131209,203500,9.3300,9.3300,9.3200,9.3200,3500,0
KFN.US,5,20131209,204000,9.3300,9.3300,9.3200,9.3200,3950,0
KFN.US,5,20131209,204500,9.3200,9.3200,9.3000,9.3000,26321,0
KFN.US,5,20131209,205000,9.3000,9.3100,9.3000,9.3100,12028,0
KFN.US,5,20131209,205500,9.3100,9.3100,9.3000,9.3100,2900,0
KFN.US,5,20131209,210000,9.3000,9.3100,9.3000,9.3000,10032,0
KFN.US,5,20131209,210500,9.3000,9.3200,9.2900,9.3100,38532,0
KFN.US,5,20131209,211000,9.3200,9.3200,9.3100,9.3200,1225,0
KFN.US,5,20131209,211500,9.3200,9.3200,9.3100,9.3200,9612,0
KFN.US,5,20131209,212000,9.3100,9.3200,9.3000,9.3100,8807,0
KFN.US,5,20131209,212500,9.3100,9.3100,9.3100,9.3100,2320,0
KFN.US,5,20131209,213000,9.3100,9.3200,9.3000,9.3100,12798,0
KFN.US,5,20131209,213500,9.3200,9.3200,9.3100,9.3100,7447,0
KFN.US,5,20131209,214000,9.3100,9.3200,9.3000,9.3100,49079,0
KFN.US,5,20131209,214500,9.3100,9.3100,9.3000,9.3100,22020,0
KFN.US,5,20131209,215000,9.3100,9.3100,9.3000,9.3000,10205,0
KFN.US,5,20131209,215500,9.3100,9.3100,9.3100,9.3100,1350,0
KFN.US,5,20131209,220000,9.3000,9.3100,9.3000,9.3000,19635,0
KFN.US,5,20131209,220500,9.3100,9.3100,9.3100,9.3100,14479,0
