<TICKER>,<PER>,<DTYYYYMMDD>,<TIME>,<OPEN>,<HIGH>,<LOW>,<CLOSE>,<VOL>,<OPENINT>
MER-E.US,5,20131112,160500,25.1600,25.1600,25.1600,25.1600,252,0
MER-E.US,5,20131112,161000,25.1900,25.1900,25.1900,25.1900,1100,0
MER-E.US,5,20131112,161500,25.1900,25.1900,25.1900,25.1900,300,0
MER-E.US,5,20131112,162500,25.1900,25.1900,25.1900,25.1900,1000,0
MER-E.US,5,20131112,163500,25.1700,25.1700,25.1700,25.1700,225,0
MER-E.US,5,20131112,164500,25.1600,25.1600,25.1500,25.1500,300,0
MER-E.US,5,20131112,171000,25.1700,25.1700,25.1700,25.1700,393,0
MER-E.US,5,20131112,180000,25.1700,25.1700,25.1700,25.1700,250,0
MER-E.US,5,20131112,192500,25.1600,25.1600,25.1600,25.1600,450,0
MER-E.US,5,20131112,195500,25.1600,25.1600,25.1600,25.1600,200,0
MER-E.US,5,20131112,204000,25.1800,25.1800,25.1800,25.1800,500,0
MER-E.US,5,20131112,205000,25.1600,25.1600,25.1600,25.1600,300,0
MER-E.US,5,20131112,212500,25.1600,25.1600,25.1600,25.1600,200,0
MER-E.US,5,20131112,215000,25.1700,25.1700,25.1700,25.1700,1000,0
MER-E.US,5,20131112,215500,25.1700,25.1700,25.1700,25.1700,200,0
MER-E.US,5,20131113,162500,25.1900,25.1900,25.1900,25.1900,200,0
MER-E.US,5,20131113,164000,25.1600,25.1600,25.1600,25.1600,1000,0
MER-E.US,5,20131113,170000,25.1600,25.1600,25.1600,25.1600,400,0
MER-E.US,5,20131113,182000,25.1600,25.1600,25.1600,25.1600,724,0
MER-E.US,5,20131113,195500,25.1600,25.1600,25.1200,25.1300,18780,0
MER-E.US,5,20131113,200000,25.1200,25.1200,25.1200,25.1200,400,0
MER-E.US,5,20131113,201000,25.1200,25.1200,25.1100,25.1200,9750,0
MER-E.US,5,20131113,202500,25.1200,25.1200,25.1100,25.1100,4200,0
MER-E.US,5,20131113,203500,25.1100,25.1100,25.1000,25.1000,10200,0
MER-E.US,5,20131113,204000,25.1000,25.1100,25.1000,25.1100,1800,0
MER-E.US,5,20131113,204500,25.1100,25.1100,25.0900,25.0900,9600,0
MER-E.US,5,20131113,205000,25.0900,25.1100,25.0900,25.1100,1100,0
MER-E.US,5,20131113,205500,25.1100,25.1100,25.1100,25.1100,600,0
MER-E.US,5,20131113,210000,25.1100,25.1100,25.1100,25.1100,800,0
MER-E.US,5,20131113,210500,25.1100,25.1100,25.0900,25.0900,8940,0
MER-E.US,5,20131113,211000,25.1000,25.1100,25.1000,25.1100,1094,0
MER-E.US,5,20131113,211500,25.1100,25.1300,25.1100,25.1100,700,0
MER-E.US,5,20131113,212000,25.1100,25.1100,25.1000,25.1000,500,0
MER-E.US,5,20131113,212500,25.1000,25.1100,25.1000,25.1100,700,0
MER-E.US,5,20131113,213000,25.1100,25.1100,25.1100,25.1100,600,0
MER-E.US,5,20131113,213500,25.1100,25.1100,25.1000,25.1100,5200,0
MER-E.US,5,20131113,214000,25.1000,25.1100,25.0900,25.0900,9350,0
MER-E.US,5,20131113,214500,25.1100,25.1100,25.0800,25.1000,11747,0
MER-E.US,5,20131113,215000,25.1000,25.1000,25.0400,25.0600,47147,0
MER-E.US,5,20131113,215500,25.0600,25.0700,25.0400,25.0400,44850,0
MER-E.US,5,20131113,220000,25.0400,25.0600,25.0300,25.0500,17800,0
MER-E.US,5,20131114,153500,25.1100,25.1100,25.0800,25.0900,500,0
MER-E.US,5,20131114,154000,25.0900,25.0900,25.0900,25.0900,2000,0
MER-E.US,5,20131114,155000,25.1000,25.1100,25.1000,25.1100,800,0
MER-E.US,5,20131114,160000,25.0800,25.0800,25.0700,25.0700,900,0
MER-E.US,5,20131114,161000,25.0900,25.0900,25.0900,25.0900,100,0
MER-E.US,5,20131114,161500,25.0900,25.0900,25.0900,25.0900,300,0
MER-E.US,5,20131114,163000,25.1000,25.1100,25.1000,25.1100,1800,0
MER-E.US,5,20131114,163500,25.1100,25.1200,25.1100,25.1200,800,0
MER-E.US,5,20131114,170000,25.1200,25.1200,25.1000,25.1000,3400,0
MER-E.US,5,20131114,172000,25.1100,25.1100,25.1100,25.1100,735,0
MER-E.US,5,20131114,182000,25.1100,25.1100,25.1100,25.1100,100,0
MER-E.US,5,20131114,182500,25.1200,25.1200,25.1200,25.1200,836,0
MER-E.US,5,20131114,185000,25.1200,25.1200,25.1200,25.1200,300,0
MER-E.US,5,20131114,191500,25.1300,25.1300,25.1300,25.1300,307,0
MER-E.US,5,20131114,193500,25.1300,25.1300,25.1300,25.1300,200,0
MER-E.US,5,20131114,195500,25.1300,25.1300,25.1300,25.1300,200,0
MER-E.US,5,20131114,202500,25.1300,25.1400,25.1300,25.1400,1000,0
MER-E.US,5,20131114,212500,25.1400,25.1400,25.1400,25.1400,100,0
MER-E.US,5,20131114,213000,25.1400,25.1400,25.1400,25.1400,100,0
MER-E.US,5,20131114,213500,25.1400,25.1400,25.1400,25.1400,100,0
MER-E.US,5,20131114,214500,25.1400,25.1400,25.1400,25.1400,400,0
MER-E.US,5,20131114,215000,25.1400,25.1400,25.1200,25.1200,300,0
MER-E.US,5,20131114,220000,25.1200,25.1200,25.1200,25.1200,100,0
MER-E.US,5,20131115,154500,25.1700,25.1700,25.1700,25.1700,100,0
MER-E.US,5,20131115,161000,25.1600,25.1800,25.1600,25.1800,1100,0
MER-E.US,5,20131115,161500,25.1800,25.1800,25.1800,25.1800,375,0
MER-E.US,5,20131115,171000,25.1800,25.1800,25.1800,25.1800,500,0
MER-E.US,5,20131115,171500,25.1800,25.1800,25.1800,25.1800,500,0
MER-E.US,5,20131115,172000,25.1800,25.1800,25.1800,25.1800,620,0
MER-E.US,5,20131115,175500,25.1600,25.1600,25.1600,25.1600,250,0
MER-E.US,5,20131115,183500,25.1800,25.1800,25.1800,25.1800,600,0
MER-E.US,5,20131115,185500,25.1800,25.1800,25.1800,25.1800,400,0
MER-E.US,5,20131115,194000,25.1600,25.1600,25.1600,25.1600,400,0
MER-E.US,5,20131115,194500,25.1900,25.1900,25.1900,25.1900,100,0
MER-E.US,5,20131115,202000,25.1500,25.1500,25.1500,25.1500,600,0
MER-E.US,5,20131115,202500,25.1500,25.1500,25.1500,25.1500,170,0
MER-E.US,5,20131115,205500,25.1500,25.1500,25.1500,25.1500,400,0
MER-E.US,5,20131115,210500,25.1400,25.1400,25.1400,25.1400,1000,0
MER-E.US,5,20131115,211000,25.1400,25.1400,25.1400,25.1400,1300,0
MER-E.US,5,20131115,211500,25.1400,25.1400,25.1400,25.1400,395,0
MER-E.US,5,20131115,212000,25.1400,25.1400,25.1400,25.1400,100,0
MER-E.US,5,20131115,214000,25.1500,25.1500,25.1500,25.1500,1100,0
MER-E.US,5,20131115,214500,25.1500,25.1500,25.1500,25.1500,876,0
MER-E.US,5,20131115,215000,25.1400,25.1400,25.1400,25.1400,100,0
MER-E.US,5,20131115,215500,25.1400,25.1400,25.1400,25.1400,200,0
MER-E.US,5,20131118,161000,25.1500,25.1500,25.1500,25.1500,1725,0
MER-E.US,5,20131118,164000,25.2000,25.2000,25.2000,25.2000,600,0
MER-E.US,5,20131118,164500,25.1700,25.1700,25.1700,25.1700,2200,0
MER-E.US,5,20131118,165000,25.1700,25.1700,25.1700,25.1700,4800,0
MER-E.US,5,20131118,171500,25.1800,25.1800,25.1800,25.1800,424,0
MER-E.US,5,20131118,180000,25.1900,25.1900,25.1900,25.1900,600,0
MER-E.US,5,20131118,181500,25.1900,25.1900,25.1900,25.1900,300,0
MER-E.US,5,20131118,182000,25.1900,25.1900,25.1800,25.1800,600,0
MER-E.US,5,20131118,182500,25.1800,25.1800,25.1800,25.1800,100,0
MER-E.US,5,20131118,190500,25.1900,25.1900,25.1900,25.1900,200,0
MER-E.US,5,20131118,191500,25.1900,25.2300,25.1900,25.2300,300,0
MER-E.US,5,20131118,192000,25.2300,25.2300,25.2300,25.2300,120,0
MER-E.US,5,20131118,193000,25.2100,25.2100,25.2100,25.2100,100,0
MER-E.US,5,20131118,193500,25.2100,25.2100,25.2100,25.2100,200,0
MER-E.US,5,20131118,201000,25.2000,25.2000,25.2000,25.2000,200,0
MER-E.US,5,20131118,204500,25.2300,25.2300,25.2200,25.2300,4000,0
MER-E.US,5,20131118,205500,25.2000,25.2100,25.2000,25.2000,2900,0
MER-E.US,5,20131118,210000,25.1900,25.1900,25.1800,25.1800,1000,0
MER-E.US,5,20131118,211500,25.1800,25.1800,25.1800,25.1800,200,0
MER-E.US,5,20131118,212000,25.2000,25.2100,25.2000,25.2100,688,0
MER-E.US,5,20131118,213000,25.2300,25.2400,25.2300,25.2400,2217,0
MER-E.US,5,20131118,213500,25.2500,25.2500,25.2500,25.2500,100,0
MER-E.US,5,20131118,220000,25.2500,25.2500,25.2500,25.2500,837,0
MER-E.US,5,20131119,162500,25.2100,25.2100,25.2100,25.2100,678,0
MER-E.US,5,20131119,165500,25.2100,25.2100,25.2100,25.2100,300,0
MER-E.US,5,20131119,170000,25.2100,25.2100,25.2100,25.2100,500,0
MER-E.US,5,20131119,171000,25.2100,25.2100,25.2100,25.2100,100,0
MER-E.US,5,20131119,171500,25.2100,25.2100,25.2000,25.2000,2700,0
MER-E.US,5,20131119,173500,25.2000,25.2000,25.2000,25.2000,700,0
MER-E.US,5,20131119,182500,25.2000,25.2000,25.2000,25.2000,400,0
MER-E.US,5,20131119,185000,25.2000,25.2100,25.1900,25.2100,1386,0
MER-E.US,5,20131119,190500,25.2100,25.2100,25.2100,25.2100,651,0
MER-E.US,5,20131119,191500,25.2100,25.2100,25.2100,25.2100,100,0
MER-E.US,5,20131119,192000,25.2000,25.2000,25.2000,25.2000,100,0
MER-E.US,5,20131119,201000,25.1900,25.1900,25.1900,25.1900,2823,0
MER-E.US,5,20131119,202000,25.1900,25.1900,25.1900,25.1900,1485,0
MER-E.US,5,20131119,203500,25.1900,25.1900,25.1900,25.1900,666,0
MER-E.US,5,20131119,210500,25.1900,25.1900,25.1900,25.1900,500,0
MER-E.US,5,20131119,211500,25.1900,25.1900,25.1900,25.1900,800,0
MER-E.US,5,20131119,212000,25.1900,25.1900,25.1900,25.1900,395,0
MER-E.US,5,20131119,213500,25.1900,25.1900,25.1900,25.1900,400,0
MER-E.US,5,20131119,214500,25.1900,25.1900,25.1900,25.1900,682,0
MER-E.US,5,20131119,220000,25.1900,25.1900,25.1900,25.1900,400,0
MER-E.US,5,20131120,153500,25.2300,25.2300,25.2300,25.2300,506,0
MER-E.US,5,20131120,154000,25.2100,25.2400,25.2100,25.2400,1300,0
MER-E.US,5,20131120,155000,25.2200,25.2300,25.2100,25.2300,400,0
MER-E.US,5,20131120,161000,25.2200,25.2200,25.2200,25.2200,100,0
MER-E.US,5,20131120,161500,25.2400,25.2400,25.2400,25.2400,500,0
MER-E.US,5,20131120,162500,25.2200,25.2200,25.2100,25.2100,500,0
MER-E.US,5,20131120,163000,25.2100,25.2100,25.2100,25.2100,1100,0
MER-E.US,5,20131120,164000,25.2300,25.2300,25.2300,25.2300,100,0
MER-E.US,5,20131120,165000,25.2400,25.2400,25.2400,25.2400,275,0
MER-E.US,5,20131120,170500,25.2400,25.2400,25.2400,25.2400,100,0
MER-E.US,5,20131120,171000,25.2500,25.2500,25.2400,25.2400,1952,0
MER-E.US,5,20131120,172000,25.2400,25.2400,25.2400,25.2400,100,0
MER-E.US,5,20131120,174500,25.2500,25.2500,25.2500,25.2500,800,0
MER-E.US,5,20131120,175000,25.2500,25.2500,25.2300,25.2300,700,0
MER-E.US,5,20131120,180000,25.2300,25.2300,25.2300,25.2300,400,0
MER-E.US,5,20131120,181000,25.2500,25.2500,25.2500,25.2500,528,0
MER-E.US,5,20131120,184000,25.2500,25.2500,25.2500,25.2500,360,0
MER-E.US,5,20131120,184500,25.2500,25.2500,25.2500,25.2500,100,0
MER-E.US,5,20131120,185500,25.2600,25.2600,25.2600,25.2600,2000,0
MER-E.US,5,20131120,190500,25.2600,25.2600,25.2600,25.2600,406,0
MER-E.US,5,20131120,193500,25.2500,25.2500,25.2500,25.2500,1000,0
MER-E.US,5,20131120,194000,25.2700,25.2700,25.2700,25.2700,206,0
MER-E.US,5,20131120,200500,25.2500,25.2500,25.2500,25.2500,500,0
MER-E.US,5,20131120,201500,25.2600,25.2600,25.2600,25.2600,100,0
MER-E.US,5,20131120,202500,25.2300,25.2300,25.2100,25.2300,1200,0
MER-E.US,5,20131120,203500,25.2400,25.2400,25.2400,25.2400,100,0
MER-E.US,5,20131120,205000,25.2300,25.2300,25.2300,25.2300,600,0
MER-E.US,5,20131120,210000,25.2300,25.2300,25.2200,25.2200,300,0
MER-E.US,5,20131120,211000,25.2300,25.2300,25.2300,25.2300,500,0
MER-E.US,5,20131120,211500,25.2200,25.2200,25.2200,25.2200,226,0
MER-E.US,5,20131120,212000,25.2200,25.2200,25.2200,25.2200,600,0
MER-E.US,5,20131120,213500,25.2200,25.2200,25.2100,25.2100,700,0
MER-E.US,5,20131120,214500,25.2200,25.2200,25.2200,25.2200,700,0
MER-E.US,5,20131120,215000,25.2200,25.2200,25.2200,25.2200,900,0
MER-E.US,5,20131120,215500,25.2100,25.2100,25.2000,25.2000,2100,0
MER-E.US,5,20131120,220000,25.2400,25.2400,25.2000,25.2100,2100,0
MER-E.US,5,20131121,153500,25.2300,25.2300,25.2300,25.2300,200,0
MER-E.US,5,20131121,154500,25.1900,25.1900,25.1900,25.1900,116,0
MER-E.US,5,20131121,155000,25.2200,25.2200,25.2200,25.2200,500,0
MER-E.US,5,20131121,162500,25.2400,25.2400,25.2400,25.2400,160,0
MER-E.US,5,20131121,163500,25.2500,25.2500,25.2500,25.2500,160,0
MER-E.US,5,20131121,165000,25.2400,25.2400,25.2400,25.2400,160,0
MER-E.US,5,20131121,170000,25.2200,25.2200,25.2200,25.2200,600,0
MER-E.US,5,20131121,172000,25.2200,25.2200,25.2000,25.2200,800,0
MER-E.US,5,20131121,173500,25.2100,25.2100,25.2100,25.2100,200,0
MER-E.US,5,20131121,175000,25.2000,25.2000,25.2000,25.2000,100,0
MER-E.US,5,20131121,184000,25.2200,25.2200,25.2200,25.2200,400,0
MER-E.US,5,20131121,184500,25.2500,25.2500,25.2500,25.2500,600,0
MER-E.US,5,20131121,190500,25.2600,25.2600,25.2500,25.2500,2500,0
MER-E.US,5,20131121,194500,25.2600,25.2600,25.2600,25.2600,100,0
MER-E.US,5,20131121,200000,25.2700,25.2700,25.2700,25.2700,200,0
MER-E.US,5,20131121,203000,25.2500,25.2500,25.2500,25.2500,250,0
MER-E.US,5,20131121,220000,25.2600,25.2600,25.2400,25.2400,1400,0
MER-E.US,5,20131122,155000,25.2400,25.2400,25.2300,25.2300,800,0
MER-E.US,5,20131122,161000,25.2500,25.2500,25.2500,25.2500,270,0
MER-E.US,5,20131122,162000,25.2500,25.2500,25.2500,25.2500,200,0
MER-E.US,5,20131122,171500,25.2500,25.2500,25.2500,25.2500,100,0
MER-E.US,5,20131122,174000,25.2500,25.2500,25.2500,25.2500,500,0
MER-E.US,5,20131122,174500,25.2500,25.2500,25.2300,25.2300,2200,0
MER-E.US,5,20131122,180000,25.2400,25.2400,25.2400,25.2400,100,0
MER-E.US,5,20131122,184500,25.2400,25.2400,25.2400,25.2400,150,0
MER-E.US,5,20131122,185000,25.2600,25.2600,25.2600,25.2600,100,0
MER-E.US,5,20131122,185500,25.2600,25.2600,25.2600,25.2600,400,0
MER-E.US,5,20131122,191000,25.2700,25.2700,25.2700,25.2700,600,0
MER-E.US,5,20131122,192000,25.2700,25.2700,25.2700,25.2700,100,0
MER-E.US,5,20131122,192500,25.2800,25.2800,25.2800,25.2800,1800,0
MER-E.US,5,20131122,193000,25.2800,25.2900,25.2800,25.2900,500,0
MER-E.US,5,20131122,193500,25.2900,25.2900,25.2900,25.2900,1300,0
MER-E.US,5,20131122,195500,25.2900,25.2900,25.2900,25.2900,800,0
MER-E.US,5,20131122,200000,25.2700,25.2700,25.2700,25.2700,400,0
MER-E.US,5,20131122,201000,25.2700,25.2800,25.2700,25.2800,1700,0
MER-E.US,5,20131122,201500,25.2800,25.2800,25.2800,25.2800,600,0
MER-E.US,5,20131122,204000,25.2900,25.2900,25.2900,25.2900,800,0
MER-E.US,5,20131122,204500,25.2800,25.2800,25.2800,25.2800,400,0
MER-E.US,5,20131122,205000,25.2900,25.2900,25.2900,25.2900,800,0
MER-E.US,5,20131122,210000,25.2900,25.2900,25.2900,25.2900,800,0
MER-E.US,5,20131122,210500,25.2900,25.2900,25.2900,25.2900,1400,0
MER-E.US,5,20131122,212500,25.2900,25.3000,25.2800,25.3000,2810,0
MER-E.US,5,20131122,213000,25.3100,25.3100,25.3100,25.3100,200,0
MER-E.US,5,20131122,213500,25.3100,25.3200,25.3100,25.3200,1100,0
MER-E.US,5,20131122,214000,25.3100,25.3200,25.3000,25.3200,600,0
MER-E.US,5,20131122,215000,25.3300,25.3300,25.3300,25.3300,1200,0
MER-E.US,5,20131122,215500,25.3300,25.3500,25.3300,25.3500,1200,0
MER-E.US,5,20131122,220000,25.3400,25.3600,25.2800,25.3100,2671,0
MER-E.US,5,20131122,221000,25.2100,25.2100,25.2100,25.2100,4923,0
MER-E.US,5,20131125,153500,25.3400,25.3400,25.2700,25.2700,600,0
MER-E.US,5,20131125,161000,25.2700,25.2700,25.2700,25.2700,1000,0
MER-E.US,5,20131125,162500,25.2700,25.2700,25.2700,25.2700,1920,0
MER-E.US,5,20131125,163500,25.2900,25.2900,25.2900,25.2900,600,0
MER-E.US,5,20131125,165000,25.2900,25.3000,25.2900,25.3000,1100,0
MER-E.US,5,20131125,165500,25.3000,25.3000,25.3000,25.3000,200,0
MER-E.US,5,20131125,170000,25.2900,25.2900,25.2900,25.2900,1000,0
MER-E.US,5,20131125,171000,25.2900,25.2900,25.2900,25.2900,700,0
MER-E.US,5,20131125,172000,25.2800,25.2800,25.2800,25.2800,300,0
MER-E.US,5,20131125,182500,25.2800,25.2800,25.2800,25.2800,125,0
MER-E.US,5,20131125,183500,25.2800,25.2800,25.2800,25.2800,880,0
MER-E.US,5,20131125,204500,25.2800,25.2800,25.2800,25.2800,100,0
MER-E.US,5,20131125,211500,25.2700,25.2800,25.2700,25.2800,1200,0
MER-E.US,5,20131125,212000,25.2800,25.3100,25.2800,25.3100,500,0
MER-E.US,5,20131125,213500,25.3000,25.3000,25.3000,25.3000,225,0
MER-E.US,5,20131125,215500,25.2900,25.2900,25.2900,25.2900,1000,0
MER-E.US,5,20131125,220000,25.3100,25.3100,25.3100,25.3100,200,0
MER-E.US,5,20131126,154500,25.3100,25.3100,25.3100,25.3100,200,0
MER-E.US,5,20131126,160000,25.3000,25.3000,25.3000,25.3000,250,0
MER-E.US,5,20131126,160500,25.3000,25.3000,25.3000,25.3000,200,0
MER-E.US,5,20131126,170000,25.3100,25.3100,25.3100,25.3100,1000,0
MER-E.US,5,20131126,171000,25.3100,25.3100,25.3100,25.3100,100,0
MER-E.US,5,20131126,171500,25.3000,25.3000,25.3000,25.3000,800,0
MER-E.US,5,20131126,174500,25.3100,25.3100,25.3000,25.3000,1750,0
MER-E.US,5,20131126,175000,25.2900,25.2900,25.2500,25.2600,9417,0
MER-E.US,5,20131126,181500,25.2900,25.2900,25.2900,25.2900,1500,0
MER-E.US,5,20131126,185000,25.2900,25.2900,25.2900,25.2900,500,0
MER-E.US,5,20131126,193500,25.2900,25.2900,25.2900,25.2900,500,0
MER-E.US,5,20131126,195000,25.2900,25.2900,25.2900,25.2900,280,0
MER-E.US,5,20131126,200500,25.2700,25.2700,25.2700,25.2700,348,0
MER-E.US,5,20131126,201000,25.2900,25.2900,25.2900,25.2900,1000,0
MER-E.US,5,20131126,203500,25.2800,25.2800,25.2800,25.2800,300,0
MER-E.US,5,20131126,204000,25.2900,25.3000,25.2900,25.3000,1400,0
MER-E.US,5,20131126,204500,25.3000,25.3000,25.3000,25.3000,100,0
MER-E.US,5,20131126,205000,25.3100,25.3100,25.3100,25.3100,900,0
MER-E.US,5,20131126,211500,25.3200,25.3200,25.3200,25.3200,1000,0
MER-E.US,5,20131127,153500,25.3300,25.4000,25.3300,25.3900,9800,0
MER-E.US,5,20131127,154000,25.3800,25.3900,25.3800,25.3900,900,0
MER-E.US,5,20131127,154500,25.3900,25.3900,25.3900,25.3900,442,0
MER-E.US,5,20131127,160500,25.3900,25.3900,25.3900,25.3900,1000,0
MER-E.US,5,20131127,161000,25.3600,25.3600,25.3500,25.3600,1248,0
MER-E.US,5,20131127,162500,25.3600,25.3600,25.3600,25.3600,100,0
MER-E.US,5,20131127,165000,25.3700,25.3700,25.3700,25.3700,300,0
MER-E.US,5,20131127,170500,25.3600,25.3600,25.3600,25.3600,100,0
MER-E.US,5,20131127,172500,25.3800,25.3800,25.3800,25.3800,2000,0
MER-E.US,5,20131127,173500,25.3800,25.3800,25.3800,25.3800,200,0
MER-E.US,5,20131127,174000,25.3900,25.3900,25.3900,25.3900,1900,0
MER-E.US,5,20131127,180500,25.3700,25.3900,25.3700,25.3900,400,0
MER-E.US,5,20131127,183000,25.3700,25.3700,25.3700,25.3700,400,0
MER-E.US,5,20131127,190500,25.3600,25.3600,25.3600,25.3600,400,0
MER-E.US,5,20131127,195500,25.3600,25.3600,25.3600,25.3600,400,0
MER-E.US,5,20131127,200000,25.3500,25.3500,25.3500,25.3500,200,0
MER-E.US,5,20131127,205500,25.3500,25.3500,25.3400,25.3400,1000,0
MER-E.US,5,20131127,211000,25.3600,25.3600,25.3600,25.3600,1000,0
MER-E.US,5,20131127,212000,25.3500,25.3500,25.3500,25.3500,400,0
MER-E.US,5,20131127,213500,25.3500,25.3500,25.3500,25.3500,600,0
MER-E.US,5,20131127,220000,25.3400,25.3400,25.3400,25.3400,200,0
MER-E.US,5,20131129,155500,25.3600,25.3600,25.3600,25.3600,200,0
MER-E.US,5,20131129,164500,25.3600,25.3600,25.3600,25.3600,100,0
MER-E.US,5,20131129,171500,25.3600,25.3600,25.3600,25.3600,200,0
MER-E.US,5,20131129,173000,25.3600,25.3600,25.3600,25.3600,200,0
MER-E.US,5,20131129,175500,25.3700,25.3700,25.3700,25.3700,100,0
MER-E.US,5,20131129,182000,25.3600,25.3600,25.3600,25.3600,500,0
MER-E.US,5,20131129,184000,25.3700,25.3700,25.3700,25.3700,500,0
MER-E.US,5,20131129,185000,25.3600,25.3600,25.3600,25.3600,200,0
MER-E.US,5,20131129,185500,25.3600,25.3600,25.3600,25.3600,200,0
MER-E.US,5,20131129,190000,25.3800,25.3800,25.3800,25.3800,100,0
MER-E.US,5,20131202,160000,25.3200,25.3200,25.3200,25.3200,2000,0
MER-E.US,5,20131202,162500,25.3200,25.3200,25.3200,25.3200,703,0
MER-E.US,5,20131202,170500,25.3200,25.3200,25.3200,25.3200,500,0
MER-E.US,5,20131202,173500,25.3100,25.3100,25.3100,25.3100,200,0
MER-E.US,5,20131202,174500,25.3100,25.3100,25.3100,25.3100,500,0
MER-E.US,5,20131202,181000,25.3200,25.3200,25.3200,25.3200,1000,0
MER-E.US,5,20131202,181500,25.3200,25.3200,25.3200,25.3200,500,0
MER-E.US,5,20131202,182000,25.3200,25.3200,25.3200,25.3200,200,0
MER-E.US,5,20131202,182500,25.3100,25.3100,25.3100,25.3100,100,0
MER-E.US,5,20131202,191500,25.3200,25.3200,25.3200,25.3200,342,0
MER-E.US,5,20131202,195500,25.3200,25.3200,25.3200,25.3200,225,0
MER-E.US,5,20131202,200500,25.3200,25.3200,25.3200,25.3200,621,0
MER-E.US,5,20131202,211000,25.3100,25.3100,25.3100,25.3100,600,0
MER-E.US,5,20131202,214000,25.3000,25.3000,25.3000,25.3000,700,0
MER-E.US,5,20131202,214500,25.3000,25.3000,25.3000,25.3000,200,0
MER-E.US,5,20131203,160500,25.3500,25.3700,25.3500,25.3700,800,0
MER-E.US,5,20131203,163000,25.3600,25.3700,25.3600,25.3700,600,0
MER-E.US,5,20131203,165500,25.3600,25.3600,25.3500,25.3500,620,0
MER-E.US,5,20131203,170500,25.3700,25.3700,25.3700,25.3700,200,0
MER-E.US,5,20131203,172500,25.3700,25.3700,25.3700,25.3700,1400,0
MER-E.US,5,20131203,173000,25.3600,25.3600,25.3600,25.3600,100,0
MER-E.US,5,20131203,181500,25.3800,25.3800,25.3800,25.3800,250,0
MER-E.US,5,20131203,201500,25.3800,25.3800,25.3800,25.3800,144,0
MER-E.US,5,20131203,210500,25.3700,25.3800,25.3700,25.3800,1092,0
MER-E.US,5,20131203,211500,25.3600,25.3600,25.3500,25.3500,300,0
MER-E.US,5,20131203,212000,25.3700,25.3700,25.3700,25.3700,200,0
MER-E.US,5,20131203,212500,25.3500,25.3600,25.3500,25.3600,800,0
MER-E.US,5,20131203,213000,25.3500,25.3500,25.3500,25.3500,200,0
MER-E.US,5,20131203,213500,25.3900,25.3900,25.3800,25.3800,500,0
MER-E.US,5,20131203,214000,25.3700,25.3700,25.3500,25.3500,1390,0
MER-E.US,5,20131203,215000,25.3600,25.3600,25.3600,25.3600,300,0
MER-E.US,5,20131203,215500,25.3800,25.3900,25.3600,25.3900,900,0
MER-E.US,5,20131204,154000,25.3900,25.3900,25.3500,25.3500,2300,0
MER-E.US,5,20131204,154500,25.3600,25.3700,25.3600,25.3600,1100,0
MER-E.US,5,20131204,160000,25.3800,25.3800,25.3800,25.3800,100,0
MER-E.US,5,20131204,164000,25.3600,25.3600,25.3600,25.3600,100,0
MER-E.US,5,20131204,164500,25.3800,25.3800,25.3800,25.3800,400,0
MER-E.US,5,20131204,165000,25.3600,25.3600,25.3600,25.3600,100,0
MER-E.US,5,20131204,171500,25.3700,25.3700,25.3700,25.3700,400,0
MER-E.US,5,20131204,172500,25.3800,25.3900,25.3700,25.3800,500,0
MER-E.US,5,20131204,173500,25.3800,25.3800,25.3800,25.3800,200,0
MER-E.US,5,20131204,175000,25.3700,25.3700,25.3700,25.3700,100,0
MER-E.US,5,20131204,175500,25.3600,25.3600,25.3600,25.3600,1200,0
MER-E.US,5,20131204,180500,25.3800,25.3800,25.3800,25.3800,400,0
MER-E.US,5,20131204,183000,25.3900,25.3900,25.3900,25.3900,200,0
MER-E.US,5,20131204,183500,25.3800,25.3800,25.3800,25.3800,100,0
MER-E.US,5,20131204,184000,25.3700,25.3700,25.3700,25.3700,100,0
MER-E.US,5,20131204,184500,25.3700,25.3700,25.3700,25.3700,200,0
MER-E.US,5,20131204,185000,25.3600,25.3700,25.3600,25.3700,995,0
MER-E.US,5,20131204,191500,25.3600,25.3600,25.3600,25.3600,100,0
MER-E.US,5,20131204,193000,25.3600,25.3600,25.3600,25.3600,100,0
MER-E.US,5,20131204,201000,25.3700,25.3700,25.3600,25.3700,700,0
MER-E.US,5,20131204,202500,25.3800,25.3800,25.3600,25.3600,687,0
MER-E.US,5,20131204,203000,25.3600,25.3600,25.3600,25.3600,900,0
MER-E.US,5,20131204,205000,25.3800,25.3800,25.3800,25.3800,1500,0
MER-E.US,5,20131204,210000,25.3600,25.3600,25.3500,25.3500,6300,0
MER-E.US,5,20131204,210500,25.3400,25.3400,25.3400,25.3400,197,0
MER-E.US,5,20131204,213000,25.3500,25.3500,25.3400,25.3400,1200,0
MER-E.US,5,20131204,214000,25.3500,25.3500,25.3500,25.3500,200,0
MER-E.US,5,20131204,220000,25.3500,25.3500,25.3500,25.3500,200,0
MER-E.US,5,20131205,155500,25.3700,25.3700,25.3600,25.3700,1300,0
MER-E.US,5,20131205,163500,25.3700,25.3700,25.3700,25.3700,1000,0
MER-E.US,5,20131205,164500,25.3600,25.3600,25.3500,25.3500,600,0
MER-E.US,5,20131205,170000,25.3500,25.3500,25.3500,25.3500,100,0
MER-E.US,5,20131205,174000,25.3500,25.3500,25.3500,25.3500,200,0
MER-E.US,5,20131205,180500,25.3600,25.3600,25.3600,25.3600,200,0
MER-E.US,5,20131205,185500,25.3600,25.3700,25.3600,25.3600,1300,0
MER-E.US,5,20131205,194000,25.3600,25.3600,25.3600,25.3600,197,0
MER-E.US,5,20131205,202000,25.3600,25.3600,25.3600,25.3600,100,0
MER-E.US,5,20131205,202500,25.3500,25.3500,25.3500,25.3500,497,0
MER-E.US,5,20131205,205500,25.3500,25.3500,25.3500,25.3500,797,0
MER-E.US,5,20131205,210500,25.3600,25.3600,25.3600,25.3600,100,0
MER-E.US,5,20131205,211000,25.3500,25.3500,25.3500,25.3500,2286,0
MER-E.US,5,20131205,215000,25.3500,25.3500,25.3500,25.3500,997,0
MER-E.US,5,20131205,215500,25.3500,25.3500,25.3500,25.3500,400,0
MER-E.US,5,20131205,220000,25.3500,25.3500,25.3500,25.3500,2486,0
MER-E.US,5,20131206,154000,25.3300,25.3300,25.3300,25.3300,300,0
MER-E.US,5,20131206,155000,25.3500,25.3500,25.3500,25.3500,370,0
MER-E.US,5,20131206,160000,25.3500,25.3500,25.3500,25.3500,160,0
MER-E.US,5,20131206,160500,25.3400,25.3400,25.3400,25.3400,100,0
MER-E.US,5,20131206,162000,25.3500,25.3500,25.3500,25.3500,600,0
MER-E.US,5,20131206,163500,25.3400,25.3400,25.3400,25.3400,100,0
MER-E.US,5,20131206,165000,25.3400,25.3500,25.3400,25.3500,800,0
MER-E.US,5,20131206,171000,25.3600,25.3600,25.3600,25.3600,500,0
MER-E.US,5,20131206,180000,25.3500,25.3500,25.3500,25.3500,123,0
MER-E.US,5,20131206,184000,25.3600,25.3600,25.3600,25.3600,425,0
MER-E.US,5,20131206,184500,25.3600,25.3800,25.3600,25.3600,1400,0
MER-E.US,5,20131206,185000,25.3500,25.3500,25.3500,25.3500,1000,0
MER-E.US,5,20131206,191000,25.3700,25.3700,25.3700,25.3700,700,0
MER-E.US,5,20131206,191500,25.3600,25.3600,25.3500,25.3500,300,0
MER-E.US,5,20131206,203500,25.3600,25.3600,25.3600,25.3600,895,0
MER-E.US,5,20131206,204500,25.3600,25.3600,25.3600,25.3600,200,0
MER-E.US,5,20131206,210500,25.3700,25.3700,25.3600,25.3600,2400,0
MER-E.US,5,20131206,214000,25.3600,25.3600,25.3600,25.3600,1100,0
MER-E.US,5,20131206,215000,25.3600,25.3600,25.3600,25.3600,200,0
MER-E.US,5,20131206,220000,25.3600,25.3600,25.3600,25.3600,895,0
MER-E.US,5,20131209,153500,25.3400,25.3700,25.3400,25.3700,1500,0
MER-E.US,5,20131209,163000,25.3700,25.3900,25.3700,25.3900,2094,0
MER-E.US,5,20131209,172500,25.3900,25.3900,25.3900,25.3900,1100,0
MER-E.US,5,20131209,173000,25.3900,25.3900,25.3900,25.3900,100,0
MER-E.US,5,20131209,174500,25.3800,25.3800,25.3800,25.3800,586,0
MER-E.US,5,20131209,175500,25.3800,25.3800,25.3800,25.3800,275,0
MER-E.US,5,20131209,180500,25.3900,25.3900,25.3900,25.3900,1500,0
MER-E.US,5,20131209,183000,25.3900,25.3900,25.3800,25.3900,1100,0
MER-E.US,5,20131209,183500,25.3800,25.3800,25.3800,25.3800,700,0
MER-E.US,5,20131209,200000,25.4000,25.4000,25.4000,25.4000,1800,0
MER-E.US,5,20131209,203500,25.4000,25.4000,25.4000,25.4000,1323,0
MER-E.US,5,20131209,205000,25.3800,25.3800,25.3800,25.3800,236,0
MER-E.US,5,20131209,210500,25.3800,25.3800,25.3800,25.3800,400,0
MER-E.US,5,20131209,211500,25.3800,25.3800,25.3800,25.3800,300,0
MER-E.US,5,20131209,213000,25.3800,25.3800,25.3700,25.3700,1717,0
MER-E.US,5,20131209,213500,25.3800,25.3800,25.3800,25.3800,1700,0
MER-E.US,5,20131209,214000,25.3900,25.3900,25.3900,25.3900,500,0
MER-E.US,5,20131209,214500,25.3900,25.3900,25.3900,25.3900,300,0
