<TICKER>,<PER>,<DTYYYYMMDD>,<TIME>,<OPEN>,<HIGH>,<LOW>,<CLOSE>,<VOL>,<OPENINT>
MFG.US,5,20131112,153500,4.2000,4.2200,4.2000,4.2200,4400,0
MFG.US,5,20131112,154000,4.2200,4.2300,4.2100,4.2100,22575,0
MFG.US,5,20131112,154500,4.2100,4.2200,4.2100,4.2200,700,0
MFG.US,5,20131112,155000,4.2200,4.2200,4.2100,4.2100,6100,0
MFG.US,5,20131112,155500,4.2200,4.2200,4.2100,4.2100,2693,0
MFG.US,5,20131112,160000,4.2100,4.2300,4.2100,4.2200,44890,0
MFG.US,5,20131112,160500,4.2100,4.2100,4.2100,4.2100,5530,0
MFG.US,5,20131112,161000,4.2200,4.2300,4.2200,4.2300,24800,0
MFG.US,5,20131112,161500,4.2300,4.2300,4.2200,4.2300,5800,0
MFG.US,5,20131112,162000,4.2300,4.2300,4.2200,4.2200,3500,0
MFG.US,5,20131112,162500,4.2300,4.2300,4.2300,4.2300,1400,0
MFG.US,5,20131112,163000,4.2300,4.2300,4.2300,4.2300,1300,0
MFG.US,5,20131112,163500,4.2300,4.2300,4.2300,4.2300,1300,0
MFG.US,5,20131112,164000,4.2300,4.2300,4.2200,4.2200,1447,0
MFG.US,5,20131112,164500,4.2300,4.2300,4.2300,4.2300,100,0
MFG.US,5,20131112,165000,4.2300,4.2300,4.2300,4.2300,200,0
MFG.US,5,20131112,165500,4.2300,4.2300,4.2300,4.2300,200,0
MFG.US,5,20131112,170000,4.2300,4.2300,4.2200,4.2200,12160,0
MFG.US,5,20131112,170500,4.2300,4.2300,4.2300,4.2300,100,0
MFG.US,5,20131112,171000,4.2300,4.2300,4.2200,4.2200,600,0
MFG.US,5,20131112,171500,4.2300,4.2300,4.2300,4.2300,700,0
MFG.US,5,20131112,172000,4.2300,4.2300,4.2300,4.2300,400,0
MFG.US,5,20131112,172500,4.2300,4.2300,4.2300,4.2300,1400,0
MFG.US,5,20131112,173000,4.2300,4.2300,4.2300,4.2300,700,0
MFG.US,5,20131112,173500,4.2300,4.2300,4.2300,4.2300,100,0
MFG.US,5,20131112,174000,4.2300,4.2300,4.2200,4.2200,565,0
MFG.US,5,20131112,174500,4.2200,4.2300,4.2200,4.2300,5625,0
MFG.US,5,20131112,175000,4.2300,4.2300,4.2300,4.2300,310,0
MFG.US,5,20131112,175500,4.2300,4.2300,4.2200,4.2200,200,0
MFG.US,5,20131112,180000,4.2300,4.2300,4.2300,4.2300,300,0
MFG.US,5,20131112,180500,4.2300,4.2300,4.2300,4.2300,400,0
MFG.US,5,20131112,181000,4.2300,4.2300,4.2200,4.2200,570,0
MFG.US,5,20131112,181500,4.2300,4.2300,4.2200,4.2300,52200,0
MFG.US,5,20131112,182000,4.2300,4.2300,4.2300,4.2300,300,0
MFG.US,5,20131112,182500,4.2300,4.2300,4.2300,4.2300,400,0
MFG.US,5,20131112,183000,4.2300,4.2300,4.2300,4.2300,1591,0
MFG.US,5,20131112,183500,4.2300,4.2300,4.2300,4.2300,600,0
MFG.US,5,20131112,184000,4.2300,4.2300,4.2200,4.2200,895,0
MFG.US,5,20131112,184500,4.2200,4.2300,4.2200,4.2300,500,0
MFG.US,5,20131112,185000,4.2200,4.2200,4.2200,4.2200,196,0
MFG.US,5,20131112,185500,4.2200,4.2300,4.2200,4.2300,300,0
MFG.US,5,20131112,190000,4.2200,4.2300,4.2200,4.2200,1123,0
MFG.US,5,20131112,190500,4.2300,4.2300,4.2300,4.2300,100,0
MFG.US,5,20131112,191000,4.2200,4.2300,4.2200,4.2300,1613,0
MFG.US,5,20131112,191500,4.2300,4.2300,4.2200,4.2300,740,0
MFG.US,5,20131112,192000,4.2300,4.2300,4.2300,4.2300,200,0
MFG.US,5,20131112,192500,4.2300,4.2300,4.2300,4.2300,500,0
MFG.US,5,20131112,193000,4.2200,4.2200,4.2200,4.2200,100,0
MFG.US,5,20131112,193500,4.2300,4.2300,4.2300,4.2300,200,0
MFG.US,5,20131112,194000,4.2200,4.2300,4.2200,4.2300,606,0
MFG.US,5,20131112,194500,4.2300,4.2300,4.2300,4.2300,200,0
MFG.US,5,20131112,195000,4.2300,4.2300,4.2300,4.2300,2449,0
MFG.US,5,20131112,195500,4.2300,4.2300,4.2300,4.2300,980,0
MFG.US,5,20131112,200000,4.2300,4.2300,4.2300,4.2300,200,0
MFG.US,5,20131112,200500,4.2300,4.2300,4.2300,4.2300,200,0
MFG.US,5,20131112,201000,4.2200,4.2200,4.2200,4.2200,745,0
MFG.US,5,20131112,201500,4.2300,4.2300,4.2200,4.2200,422,0
MFG.US,5,20131112,202000,4.2300,4.2300,4.2300,4.2300,200,0
MFG.US,5,20131112,202500,4.2300,4.2300,4.2300,4.2300,200,0
MFG.US,5,20131112,203500,4.2300,4.2300,4.2300,4.2300,700,0
MFG.US,5,20131112,204000,4.2300,4.2300,4.2300,4.2300,200,0
MFG.US,5,20131112,205000,4.2300,4.2300,4.2200,4.2200,400,0
MFG.US,5,20131112,205500,4.2300,4.2300,4.2300,4.2300,300,0
MFG.US,5,20131112,210000,4.2300,4.2300,4.2300,4.2300,100,0
MFG.US,5,20131112,210500,4.2200,4.2300,4.2200,4.2300,200,0
MFG.US,5,20131112,211000,4.2300,4.2300,4.2200,4.2300,470,0
MFG.US,5,20131112,211500,4.2200,4.2300,4.2200,4.2300,933,0
MFG.US,5,20131112,212000,4.2200,4.2300,4.2200,4.2300,2300,0
MFG.US,5,20131112,212500,4.2300,4.2300,4.2200,4.2200,619,0
MFG.US,5,20131112,213000,4.2300,4.2300,4.2300,4.2300,631,0
MFG.US,5,20131112,213500,4.2200,4.2300,4.2200,4.2200,313,0
MFG.US,5,20131112,214000,4.2200,4.2300,4.2200,4.2300,1100,0
MFG.US,5,20131112,214500,4.2300,4.2300,4.2300,4.2300,1900,0
MFG.US,5,20131112,215000,4.2300,4.2300,4.2200,4.2300,5314,0
MFG.US,5,20131112,215500,4.2300,4.2300,4.2200,4.2200,1100,0
MFG.US,5,20131112,220000,4.2300,4.2300,4.2200,4.2300,85328,0
MFG.US,5,20131112,220500,4.2300,4.2300,4.2300,4.2300,6860,0
MFG.US,5,20131113,153500,4.2500,4.2500,4.2500,4.2500,15966,0
MFG.US,5,20131113,154000,4.2500,4.2500,4.2500,4.2500,166,0
MFG.US,5,20131113,154500,4.2600,4.2600,4.2600,4.2600,100,0
MFG.US,5,20131113,155000,4.2500,4.2600,4.2500,4.2500,3354,0
MFG.US,5,20131113,155500,4.2500,4.2600,4.2500,4.2600,214,0
MFG.US,5,20131113,160000,4.2600,4.2600,4.2600,4.2600,6750,0
MFG.US,5,20131113,160500,4.2600,4.2700,4.2600,4.2700,200,0
MFG.US,5,20131113,161000,4.2700,4.2700,4.2600,4.2700,5556,0
MFG.US,5,20131113,161500,4.2700,4.2700,4.2700,4.2700,2593,0
MFG.US,5,20131113,162000,4.2700,4.2700,4.2700,4.2700,800,0
MFG.US,5,20131113,162500,4.2700,4.2700,4.2600,4.2700,1423,0
MFG.US,5,20131113,163000,4.2700,4.2700,4.2600,4.2700,778,0
MFG.US,5,20131113,163500,4.2700,4.2700,4.2700,4.2700,345,0
MFG.US,5,20131113,164000,4.2700,4.2700,4.2700,4.2700,1600,0
MFG.US,5,20131113,164500,4.2700,4.2700,4.2700,4.2700,100,0
MFG.US,5,20131113,165500,4.2700,4.2700,4.2700,4.2700,100,0
MFG.US,5,20131113,170000,4.2700,4.2700,4.2700,4.2700,100,0
MFG.US,5,20131113,170500,4.2700,4.2700,4.2700,4.2700,100,0
MFG.US,5,20131113,171000,4.2700,4.2700,4.2700,4.2700,100,0
MFG.US,5,20131113,171500,4.2700,4.2700,4.2700,4.2700,100,0
MFG.US,5,20131113,172000,4.2700,4.2700,4.2600,4.2600,3406,0
MFG.US,5,20131113,172500,4.2700,4.2700,4.2600,4.2600,392,0
MFG.US,5,20131113,173000,4.2700,4.2700,4.2700,4.2700,500,0
MFG.US,5,20131113,173500,4.2700,4.2700,4.2700,4.2700,100,0
MFG.US,5,20131113,174500,4.2700,4.2700,4.2700,4.2700,200,0
MFG.US,5,20131113,175500,4.2600,4.2600,4.2600,4.2600,233,0
MFG.US,5,20131113,180500,4.2700,4.3000,4.2700,4.3000,72641,0
MFG.US,5,20131113,181000,4.3000,4.3400,4.2800,4.2800,151410,0
MFG.US,5,20131113,181500,4.2800,4.2800,4.2700,4.2800,127569,0
MFG.US,5,20131113,182000,4.2800,4.2800,4.2800,4.2800,148732,0
MFG.US,5,20131113,182500,4.2900,4.2900,4.2900,4.2900,500,0
MFG.US,5,20131113,183000,4.2900,4.3000,4.2900,4.3000,12700,0
MFG.US,5,20131113,183500,4.3000,4.3000,4.3000,4.3000,2400,0
MFG.US,5,20131113,184000,4.3000,4.3000,4.3000,4.3000,12600,0
MFG.US,5,20131113,184500,4.3100,4.3300,4.3100,4.3200,52930,0
MFG.US,5,20131113,185000,4.3300,4.3400,4.3200,4.3300,9000,0
MFG.US,5,20131113,185500,4.3400,4.3400,4.3300,4.3400,14600,0
MFG.US,5,20131113,190000,4.3400,4.3400,4.3300,4.3300,28194,0
MFG.US,5,20131113,190500,4.3400,4.3400,4.3400,4.3400,3800,0
MFG.US,5,20131113,191000,4.3400,4.3400,4.3300,4.3300,2100,0
MFG.US,5,20131113,191500,4.3400,4.3400,4.3400,4.3400,1366,0
MFG.US,5,20131113,192000,4.3400,4.3400,4.3200,4.3300,17527,0
MFG.US,5,20131113,192500,4.3300,4.3400,4.3300,4.3400,3800,0
MFG.US,5,20131113,193000,4.3300,4.3400,4.3200,4.3400,47778,0
MFG.US,5,20131113,193500,4.3300,4.3400,4.3300,4.3400,6544,0
MFG.US,5,20131113,194000,4.3300,4.3300,4.3300,4.3300,1372,0
MFG.US,5,20131113,194500,4.3400,4.3400,4.3300,4.3300,23455,0
MFG.US,5,20131113,195500,4.3400,4.3400,4.3300,4.3300,200,0
MFG.US,5,20131113,200000,4.3400,4.3400,4.3400,4.3400,200,0
MFG.US,5,20131113,200500,4.3400,4.3400,4.3400,4.3400,200,0
MFG.US,5,20131113,201000,4.3400,4.3400,4.3300,4.3400,4976,0
MFG.US,5,20131113,201500,4.3400,4.3400,4.3300,4.3400,6400,0
MFG.US,5,20131113,202000,4.3400,4.3400,4.3300,4.3400,3950,0
MFG.US,5,20131113,202500,4.3400,4.3400,4.3300,4.3400,1100,0
MFG.US,5,20131113,203000,4.3400,4.3400,4.3400,4.3400,6800,0
MFG.US,5,20131113,203500,4.3400,4.3500,4.3400,4.3400,20801,0
MFG.US,5,20131113,204000,4.3400,4.3400,4.3400,4.3400,23100,0
MFG.US,5,20131113,204500,4.3400,4.3500,4.3400,4.3400,9476,0
MFG.US,5,20131113,205000,4.3400,4.3400,4.3400,4.3400,9400,0
MFG.US,5,20131113,205500,4.3400,4.3500,4.3300,4.3400,51251,0
MFG.US,5,20131113,210000,4.3400,4.3400,4.3300,4.3300,2750,0
MFG.US,5,20131113,210500,4.3300,4.3400,4.3300,4.3400,900,0
MFG.US,5,20131113,211000,4.3400,4.3500,4.3400,4.3500,32665,0
MFG.US,5,20131113,211500,4.3400,4.3500,4.3400,4.3500,4056,0
MFG.US,5,20131113,212000,4.3400,4.3500,4.3400,4.3500,11744,0
MFG.US,5,20131113,212500,4.3400,4.3800,4.3400,4.3700,32216,0
MFG.US,5,20131113,213000,4.3700,4.3700,4.3600,4.3700,3663,0
MFG.US,5,20131113,213500,4.3600,4.3700,4.3600,4.3700,11200,0
MFG.US,5,20131113,214000,4.3700,4.3800,4.3400,4.3400,45201,0
MFG.US,5,20131113,214500,4.3500,4.3500,4.3400,4.3500,38745,0
MFG.US,5,20131113,215000,4.3500,4.3500,4.3400,4.3400,17473,0
MFG.US,5,20131113,215500,4.3400,4.3500,4.3400,4.3400,17112,0
MFG.US,5,20131113,220000,4.3400,4.3500,4.3300,4.3400,90471,0
MFG.US,5,20131113,220500,4.3400,4.3400,4.3400,4.3400,12662,0
MFG.US,5,20131114,153500,4.3300,4.3300,4.3200,4.3200,2384,0
MFG.US,5,20131114,154000,4.3200,4.3300,4.3200,4.3300,1720,0
MFG.US,5,20131114,154500,4.3300,4.3300,4.3200,4.3200,646,0
MFG.US,5,20131114,155000,4.3300,4.3300,4.3300,4.3300,4284,0
MFG.US,5,20131114,155500,4.3300,4.3300,4.3200,4.3200,1200,0
MFG.US,5,20131114,160000,4.3300,4.3300,4.3200,4.3200,643,0
MFG.US,5,20131114,160500,4.3300,4.3300,4.3300,4.3300,300,0
MFG.US,5,20131114,161000,4.3300,4.3300,4.3200,4.3300,13270,0
MFG.US,5,20131114,161500,4.3300,4.3400,4.3300,4.3400,11814,0
MFG.US,5,20131114,162000,4.3400,4.3500,4.3400,4.3400,3600,0
MFG.US,5,20131114,162500,4.3400,4.3400,4.3400,4.3400,700,0
MFG.US,5,20131114,163000,4.3400,4.3400,4.3300,4.3300,2400,0
MFG.US,5,20131114,163500,4.3400,4.3400,4.3400,4.3400,900,0
MFG.US,5,20131114,164000,4.3400,4.3400,4.3300,4.3300,500,0
MFG.US,5,20131114,164500,4.3300,4.3500,4.3300,4.3400,14646,0
MFG.US,5,20131114,165000,4.3500,4.3700,4.3400,4.3700,7712,0
MFG.US,5,20131114,165500,4.3600,4.3600,4.3600,4.3600,9593,0
MFG.US,5,20131114,170500,4.3500,4.3500,4.3400,4.3400,11005,0
MFG.US,5,20131114,171000,4.3400,4.3400,4.3400,4.3400,100,0
MFG.US,5,20131114,171500,4.3400,4.3500,4.3400,4.3500,1698,0
MFG.US,5,20131114,172000,4.3400,4.3400,4.3400,4.3400,1891,0
MFG.US,5,20131114,172500,4.3300,4.3300,4.3200,4.3200,22499,0
MFG.US,5,20131114,173000,4.3200,4.3200,4.3100,4.3200,64185,0
MFG.US,5,20131114,173500,4.3100,4.3200,4.3100,4.3100,14480,0
MFG.US,5,20131114,174000,4.3200,4.3200,4.3100,4.3100,3100,0
MFG.US,5,20131114,175500,4.3100,4.3100,4.3100,4.3100,1200,0
MFG.US,5,20131114,180500,4.3100,4.3100,4.3100,4.3100,200,0
MFG.US,5,20131114,181000,4.3100,4.3200,4.3100,4.3100,1389,0
MFG.US,5,20131114,181500,4.3100,4.3200,4.3100,4.3100,966,0
MFG.US,5,20131114,182500,4.3100,4.3100,4.3100,4.3100,200,0
MFG.US,5,20131114,183000,4.3100,4.3100,4.3100,4.3100,100,0
MFG.US,5,20131114,183500,4.3200,4.3200,4.3100,4.3100,1100,0
MFG.US,5,20131114,184000,4.3100,4.3100,4.3100,4.3100,100,0
MFG.US,5,20131114,184500,4.3100,4.3100,4.3100,4.3100,200,0
MFG.US,5,20131114,185000,4.3200,4.3200,4.3100,4.3100,800,0
MFG.US,5,20131114,185500,4.3100,4.3300,4.3100,4.3300,12000,0
MFG.US,5,20131114,190000,4.3200,4.3300,4.3200,4.3300,2020,0
MFG.US,5,20131114,190500,4.3300,4.3300,4.3200,4.3300,2028,0
MFG.US,5,20131114,192000,4.3300,4.3300,4.3200,4.3200,516,0
MFG.US,5,20131114,192500,4.3300,4.3300,4.3300,4.3300,100,0
MFG.US,5,20131114,193000,4.3200,4.3200,4.3200,4.3200,100,0
MFG.US,5,20131114,193500,4.3200,4.3300,4.3200,4.3300,2921,0
MFG.US,5,20131114,194000,4.3300,4.3300,4.3200,4.3200,200,0
MFG.US,5,20131114,194500,4.3200,4.3200,4.3200,4.3200,100,0
MFG.US,5,20131114,195000,4.3200,4.3200,4.3200,4.3200,350,0
MFG.US,5,20131114,195500,4.3200,4.3200,4.3200,4.3200,100,0
MFG.US,5,20131114,200000,4.3200,4.3200,4.3200,4.3200,200,0
MFG.US,5,20131114,200500,4.3200,4.3200,4.3200,4.3200,100,0
MFG.US,5,20131114,201000,4.3200,4.3200,4.3200,4.3200,200,0
MFG.US,5,20131114,201500,4.3200,4.3200,4.3200,4.3200,100,0
MFG.US,5,20131114,202000,4.3300,4.3300,4.3200,4.3300,905,0
MFG.US,5,20131114,202500,4.3300,4.3300,4.3300,4.3300,1800,0
MFG.US,5,20131114,203000,4.3300,4.3300,4.3300,4.3300,602,0
MFG.US,5,20131114,204000,4.3400,4.3400,4.3400,4.3400,1124,0
MFG.US,5,20131114,204500,4.3400,4.3400,4.3300,4.3300,8900,0
MFG.US,5,20131114,205000,4.3400,4.3400,4.3300,4.3400,5594,0
MFG.US,5,20131114,205500,4.3300,4.3400,4.3300,4.3300,3200,0
MFG.US,5,20131114,210000,4.3400,4.3400,4.3300,4.3300,1089,0
MFG.US,5,20131114,210500,4.3300,4.3300,4.3300,4.3300,100,0
MFG.US,5,20131114,211000,4.3300,4.3300,4.3300,4.3300,1323,0
MFG.US,5,20131114,211500,4.3300,4.3300,4.3300,4.3300,200,0
MFG.US,5,20131114,212000,4.3300,4.3300,4.3300,4.3300,4946,0
MFG.US,5,20131114,212500,4.3300,4.3300,4.3200,4.3200,17311,0
MFG.US,5,20131114,213000,4.3200,4.3300,4.3200,4.3200,14200,0
MFG.US,5,20131114,213500,4.3200,4.3200,4.3200,4.3200,2600,0
MFG.US,5,20131114,214000,4.3200,4.3300,4.3200,4.3200,12000,0
MFG.US,5,20131114,214500,4.3200,4.3200,4.3200,4.3200,5800,0
MFG.US,5,20131114,215000,4.3200,4.3200,4.3100,4.3100,1200,0
MFG.US,5,20131114,215500,4.3200,4.3200,4.3200,4.3200,1600,0
MFG.US,5,20131114,220000,4.3200,4.3200,4.3100,4.3200,7633,0
MFG.US,5,20131114,220500,4.3300,4.3300,4.3300,4.3300,10411,0
MFG.US,5,20131115,153500,4.3700,4.4000,4.3700,4.3900,68110,0
MFG.US,5,20131115,154000,4.3900,4.4000,4.3800,4.3800,34261,0
MFG.US,5,20131115,154500,4.3800,4.3900,4.3800,4.3800,7414,0
MFG.US,5,20131115,155000,4.3800,4.3800,4.3700,4.3800,1714,0
MFG.US,5,20131115,155500,4.3800,4.3800,4.3700,4.3800,4000,0
MFG.US,5,20131115,160000,4.3700,4.3700,4.3600,4.3600,700,0
MFG.US,5,20131115,160500,4.3700,4.3700,4.3700,4.3700,100,0
MFG.US,5,20131115,161000,4.3600,4.3700,4.3600,4.3700,1533,0
MFG.US,5,20131115,161500,4.3700,4.3700,4.3700,4.3700,1900,0
MFG.US,5,20131115,162000,4.3800,4.3800,4.3800,4.3800,232,0
MFG.US,5,20131115,163000,4.3700,4.3800,4.3700,4.3800,9200,0
MFG.US,5,20131115,163500,4.3800,4.3800,4.3800,4.3800,700,0
MFG.US,5,20131115,164000,4.3800,4.3800,4.3700,4.3700,400,0
MFG.US,5,20131115,164500,4.3800,4.3800,4.3800,4.3800,100,0
MFG.US,5,20131115,165500,4.3700,4.3700,4.3700,4.3700,200,0
MFG.US,5,20131115,170000,4.3700,4.3700,4.3700,4.3700,100,0
MFG.US,5,20131115,172000,4.3800,4.3900,4.3800,4.3900,3500,0
MFG.US,5,20131115,173000,4.3900,4.3900,4.3900,4.3900,1200,0
MFG.US,5,20131115,173500,4.3800,4.3800,4.3800,4.3800,1000,0
MFG.US,5,20131115,174000,4.3900,4.3900,4.3900,4.3900,100,0
MFG.US,5,20131115,174500,4.3900,4.3900,4.3700,4.3700,5991,0
MFG.US,5,20131115,175500,4.3800,4.3800,4.3800,4.3800,200,0
MFG.US,5,20131115,180000,4.3800,4.3800,4.3800,4.3800,100,0
MFG.US,5,20131115,180500,4.3800,4.3800,4.3700,4.3800,4400,0
MFG.US,5,20131115,181000,4.3800,4.3800,4.3800,4.3800,600,0
MFG.US,5,20131115,181500,4.3700,4.3800,4.3700,4.3800,1129,0
MFG.US,5,20131115,182000,4.3800,4.3800,4.3700,4.3700,200,0
MFG.US,5,20131115,182500,4.3800,4.3800,4.3800,4.3800,400,0
MFG.US,5,20131115,183500,4.3700,4.3700,4.3700,4.3700,169,0
MFG.US,5,20131115,184000,4.3800,4.3800,4.3700,4.3700,388,0
MFG.US,5,20131115,184500,4.3800,4.3800,4.3800,4.3800,1366,0
MFG.US,5,20131115,185000,4.3800,4.3800,4.3800,4.3800,1400,0
MFG.US,5,20131115,185500,4.3900,4.3900,4.3800,4.3800,1796,0
MFG.US,5,20131115,190000,4.3800,4.3900,4.3800,4.3900,200,0
MFG.US,5,20131115,190500,4.3900,4.3900,4.3900,4.3900,100,0
MFG.US,5,20131115,191000,4.3800,4.3900,4.3800,4.3900,4880,0
MFG.US,5,20131115,191500,4.3800,4.3800,4.3700,4.3800,7217,0
MFG.US,5,20131115,192000,4.3800,4.3800,4.3800,4.3800,500,0
MFG.US,5,20131115,192500,4.3800,4.3800,4.3800,4.3800,100,0
MFG.US,5,20131115,193000,4.3900,4.3900,4.3900,4.3900,569,0
MFG.US,5,20131115,194500,4.3800,4.3800,4.3800,4.3800,100,0
MFG.US,5,20131115,195000,4.3800,4.3800,4.3800,4.3800,100,0
MFG.US,5,20131115,195500,4.3800,4.3800,4.3800,4.3800,100,0
MFG.US,5,20131115,200000,4.3800,4.3900,4.3800,4.3900,628,0
MFG.US,5,20131115,200500,4.3900,4.3900,4.3800,4.3900,8400,0
MFG.US,5,20131115,201000,4.3800,4.3900,4.3800,4.3800,3975,0
MFG.US,5,20131115,201500,4.3800,4.3900,4.3800,4.3800,600,0
MFG.US,5,20131115,202000,4.3900,4.3900,4.3900,4.3900,200,0
MFG.US,5,20131115,202500,4.3900,4.3900,4.3900,4.3900,3188,0
MFG.US,5,20131115,203500,4.4000,4.4000,4.3900,4.4000,1405,0
MFG.US,5,20131115,204500,4.4000,4.4000,4.4000,4.4000,200,0
MFG.US,5,20131115,205500,4.4000,4.4000,4.4000,4.4000,400,0
MFG.US,5,20131115,210000,4.3900,4.4000,4.3900,4.4000,10916,0
MFG.US,5,20131115,210500,4.4000,4.4000,4.3900,4.4000,400,0
MFG.US,5,20131115,211000,4.3900,4.4000,4.3900,4.4000,3300,0
MFG.US,5,20131115,211500,4.4000,4.4000,4.4000,4.4000,200,0
MFG.US,5,20131115,212000,4.4000,4.4000,4.4000,4.4000,200,0
MFG.US,5,20131115,212500,4.3900,4.4000,4.3900,4.3900,2534,0
MFG.US,5,20131115,213000,4.4000,4.4000,4.4000,4.4000,1756,0
MFG.US,5,20131115,213500,4.4000,4.4000,4.4000,4.4000,696,0
MFG.US,5,20131115,214000,4.4000,4.4000,4.3900,4.3900,521,0
MFG.US,5,20131115,214500,4.4000,4.4000,4.4000,4.4000,11615,0
MFG.US,5,20131115,215000,4.4100,4.4100,4.4000,4.4000,4530,0
MFG.US,5,20131115,215500,4.4000,4.4100,4.4000,4.4100,500,0
MFG.US,5,20131115,220000,4.4000,4.4100,4.4000,4.4100,8960,0
MFG.US,5,20131115,220500,4.4100,4.4100,4.4100,4.4100,9904,0
MFG.US,5,20131118,153500,4.4200,4.4300,4.4200,4.4300,750,0
MFG.US,5,20131118,154000,4.4200,4.4300,4.4100,4.4200,9125,0
MFG.US,5,20131118,154500,4.4100,4.4100,4.4100,4.4100,100,0
MFG.US,5,20131118,155000,4.4100,4.4200,4.4100,4.4200,2174,0
MFG.US,5,20131118,155500,4.4100,4.4100,4.4100,4.4100,1700,0
MFG.US,5,20131118,160000,4.4200,4.4200,4.4100,4.4100,6100,0
MFG.US,5,20131118,160500,4.4100,4.4100,4.4100,4.4100,4200,0
MFG.US,5,20131118,161500,4.4000,4.4000,4.4000,4.4000,100,0
MFG.US,5,20131118,162000,4.4000,4.4000,4.4000,4.4000,100,0
MFG.US,5,20131118,162500,4.4000,4.4000,4.4000,4.4000,100,0
MFG.US,5,20131118,163000,4.4000,4.4000,4.4000,4.4000,100,0
MFG.US,5,20131118,164000,4.4000,4.4000,4.4000,4.4000,200,0
MFG.US,5,20131118,165000,4.4000,4.4000,4.4000,4.4000,100,0
MFG.US,5,20131118,171000,4.4000,4.4000,4.4000,4.4000,1100,0
MFG.US,5,20131118,171500,4.4100,4.4100,4.4100,4.4100,1532,0
MFG.US,5,20131118,172000,4.4100,4.4100,4.4000,4.4000,1012,0
MFG.US,5,20131118,174000,4.4000,4.4000,4.4000,4.4000,700,0
MFG.US,5,20131118,174500,4.4100,4.4100,4.4100,4.4100,5402,0
MFG.US,5,20131118,175500,4.4100,4.4100,4.4100,4.4100,1985,0
MFG.US,5,20131118,181500,4.4000,4.4000,4.4000,4.4000,100,0
MFG.US,5,20131118,182500,4.4000,4.4100,4.4000,4.4100,1573,0
MFG.US,5,20131118,183000,4.4000,4.4000,4.4000,4.4000,600,0
MFG.US,5,20131118,183500,4.4000,4.4100,4.4000,4.4100,2627,0
MFG.US,5,20131118,184500,4.4000,4.4100,4.4000,4.4100,2877,0
MFG.US,5,20131118,185000,4.4000,4.4100,4.4000,4.4100,1648,0
MFG.US,5,20131118,190000,4.4000,4.4100,4.4000,4.4100,3634,0
MFG.US,5,20131118,190500,4.4000,4.4000,4.4000,4.4000,964,0
MFG.US,5,20131118,191000,4.4000,4.4000,4.4000,4.4000,2398,0
MFG.US,5,20131118,191500,4.4100,4.4100,4.4100,4.4100,6660,0
MFG.US,5,20131118,192000,4.4100,4.4100,4.4000,4.4000,230,0
MFG.US,5,20131118,193000,4.4100,4.4100,4.4000,4.4000,423,0
MFG.US,5,20131118,195000,4.4100,4.4100,4.4100,4.4100,1313,0
MFG.US,5,20131118,201000,4.4000,4.4000,4.4000,4.4000,189,0
MFG.US,5,20131118,202000,4.4100,4.4100,4.4100,4.4100,100,0
MFG.US,5,20131118,203000,4.4100,4.4100,4.4100,4.4100,5489,0
MFG.US,5,20131118,203500,4.4200,4.4200,4.4100,4.4100,1000,0
MFG.US,5,20131118,204000,4.4200,4.4200,4.4200,4.4200,3475,0
MFG.US,5,20131118,205000,4.4200,4.4200,4.4200,4.4200,1900,0
MFG.US,5,20131118,205500,4.4100,4.4100,4.4100,4.4100,338,0
MFG.US,5,20131118,210000,4.4100,4.4100,4.4100,4.4100,900,0
MFG.US,5,20131118,210500,4.4100,4.4100,4.4100,4.4100,2500,0
MFG.US,5,20131118,211000,4.4000,4.4100,4.4000,4.4100,8029,0
MFG.US,5,20131118,211500,4.4000,4.4000,4.4000,4.4000,1700,0
MFG.US,5,20131118,213500,4.4000,4.4100,4.4000,4.4000,8545,0
MFG.US,5,20131118,214000,4.4000,4.4000,4.4000,4.4000,200,0
MFG.US,5,20131118,214500,4.4000,4.4000,4.4000,4.4000,200,0
MFG.US,5,20131118,215000,4.4100,4.4100,4.4000,4.4000,313,0
MFG.US,5,20131118,215500,4.4000,4.4100,4.4000,4.4000,1100,0
MFG.US,5,20131118,220000,4.4100,4.4100,4.4100,4.4100,1372,0
MFG.US,5,20131118,220500,4.4100,4.4100,4.4100,4.4100,2812,0
MFG.US,5,20131119,153500,4.3700,4.3800,4.3700,4.3800,1500,0
MFG.US,5,20131119,154000,4.3800,4.3800,4.3800,4.3800,200,0
MFG.US,5,20131119,154500,4.3700,4.3800,4.3700,4.3800,4280,0
MFG.US,5,20131119,155000,4.3800,4.3800,4.3700,4.3700,200,0
MFG.US,5,20131119,155500,4.3800,4.3800,4.3800,4.3800,400,0
MFG.US,5,20131119,160000,4.3800,4.3800,4.3800,4.3800,100,0
MFG.US,5,20131119,160500,4.3800,4.3800,4.3800,4.3800,100,0
MFG.US,5,20131119,161000,4.3800,4.3800,4.3800,4.3800,100,0
MFG.US,5,20131119,161500,4.3800,4.3800,4.3800,4.3800,200,0
MFG.US,5,20131119,162000,4.3800,4.3800,4.3800,4.3800,100,0
MFG.US,5,20131119,162500,4.3800,4.3800,4.3800,4.3800,500,0
MFG.US,5,20131119,163000,4.3800,4.3800,4.3700,4.3800,400,0
MFG.US,5,20131119,163500,4.3800,4.3800,4.3800,4.3800,100,0
MFG.US,5,20131119,164000,4.3800,4.3800,4.3700,4.3700,800,0
MFG.US,5,20131119,164500,4.3800,4.3900,4.3800,4.3800,3400,0
MFG.US,5,20131119,165000,4.3800,4.3900,4.3800,4.3800,1050,0
MFG.US,5,20131119,165500,4.3900,4.3900,4.3900,4.3900,300,0
MFG.US,5,20131119,170000,4.3900,4.3900,4.3900,4.3900,200,0
MFG.US,5,20131119,170500,4.3900,4.3900,4.3900,4.3900,200,0
MFG.US,5,20131119,171000,4.3900,4.3900,4.3800,4.3800,1137,0
MFG.US,5,20131119,171500,4.3900,4.3900,4.3900,4.3900,200,0
MFG.US,5,20131119,172000,4.3900,4.3900,4.3900,4.3900,200,0
MFG.US,5,20131119,172500,4.3900,4.3900,4.3900,4.3900,400,0
MFG.US,5,20131119,173000,4.3900,4.3900,4.3900,4.3900,300,0
MFG.US,5,20131119,173500,4.3900,4.3900,4.3900,4.3900,300,0
MFG.US,5,20131119,174000,4.3900,4.3900,4.3800,4.3800,500,0
MFG.US,5,20131119,175000,4.3800,4.3800,4.3800,4.3800,100,0
MFG.US,5,20131119,175500,4.3800,4.3900,4.3800,4.3900,200,0
MFG.US,5,20131119,180500,4.3900,4.3900,4.3900,4.3900,200,0
MFG.US,5,20131119,181000,4.3800,4.3900,4.3800,4.3900,472,0
MFG.US,5,20131119,181500,4.3900,4.3900,4.3900,4.3900,200,0
MFG.US,5,20131119,182500,4.3900,4.3900,4.3900,4.3900,700,0
MFG.US,5,20131119,183000,4.3900,4.3900,4.3900,4.3900,200,0
MFG.US,5,20131119,183500,4.3900,4.3900,4.3900,4.3900,100,0
MFG.US,5,20131119,184000,4.3800,4.3900,4.3800,4.3900,942,0
MFG.US,5,20131119,184500,4.3900,4.3900,4.3800,4.3800,400,0
MFG.US,5,20131119,185000,4.3900,4.3900,4.3800,4.3800,932,0
MFG.US,5,20131119,185500,4.3900,4.3900,4.3800,4.3900,1540,0
MFG.US,5,20131119,190000,4.3900,4.3900,4.3900,4.3900,100,0
MFG.US,5,20131119,190500,4.3900,4.3900,4.3900,4.3900,200,0
MFG.US,5,20131119,191000,4.3900,4.3900,4.3900,4.3900,100,0
MFG.US,5,20131119,191500,4.3800,4.3900,4.3800,4.3900,1100,0
MFG.US,5,20131119,192000,4.3900,4.3900,4.3900,4.3900,400,0
MFG.US,5,20131119,192500,4.3900,4.3900,4.3800,4.3800,200,0
MFG.US,5,20131119,193500,4.3900,4.3900,4.3800,4.3800,202,0
MFG.US,5,20131119,194000,4.3800,4.3800,4.3800,4.3800,750,0
MFG.US,5,20131119,194500,4.3900,4.3900,4.3800,4.3800,300,0
MFG.US,5,20131119,195000,4.3800,4.3800,4.3800,4.3800,600,0
MFG.US,5,20131119,195500,4.3800,4.3900,4.3800,4.3900,200,0
MFG.US,5,20131119,200000,4.3900,4.3900,4.3900,4.3900,100,0
MFG.US,5,20131119,200500,4.3800,4.3800,4.3800,4.3800,100,0
MFG.US,5,20131119,201000,4.3900,4.3900,4.3900,4.3900,2705,0
MFG.US,5,20131119,201500,4.3900,4.3900,4.3900,4.3900,139,0
MFG.US,5,20131119,202000,4.3900,4.3900,4.3900,4.3900,279,0
MFG.US,5,20131119,202500,4.3800,4.3800,4.3800,4.3800,100,0
MFG.US,5,20131119,203000,4.3900,4.3900,4.3900,4.3900,100,0
MFG.US,5,20131119,203500,4.3800,4.3900,4.3800,4.3900,2404,0
MFG.US,5,20131119,204000,4.3900,4.3900,4.3800,4.3900,500,0
MFG.US,5,20131119,204500,4.3900,4.3900,4.3900,4.3900,200,0
MFG.US,5,20131119,205000,4.3900,4.3900,4.3900,4.3900,500,0
MFG.US,5,20131119,205500,4.3900,4.3900,4.3800,4.3900,700,0
MFG.US,5,20131119,210500,4.3900,4.3900,4.3900,4.3900,1704,0
MFG.US,5,20131119,211000,4.3800,4.3800,4.3800,4.3800,100,0
MFG.US,5,20131119,211500,4.3900,4.3900,4.3900,4.3900,100,0
MFG.US,5,20131119,212000,4.3800,4.3800,4.3800,4.3800,200,0
MFG.US,5,20131119,212500,4.3800,4.3900,4.3800,4.3900,200,0
MFG.US,5,20131119,213000,4.3900,4.3900,4.3900,4.3900,100,0
MFG.US,5,20131119,213500,4.3800,4.3900,4.3800,4.3900,315,0
MFG.US,5,20131119,214000,4.3800,4.3900,4.3800,4.3900,212,0
MFG.US,5,20131119,214500,4.3900,4.3900,4.3900,4.3900,100,0
MFG.US,5,20131119,215000,4.3800,4.3800,4.3800,4.3800,200,0
MFG.US,5,20131119,215500,4.3800,4.3900,4.3800,4.3800,2100,0
MFG.US,5,20131119,220000,4.3900,4.3900,4.3800,4.3800,9510,0
MFG.US,5,20131119,220500,4.3900,4.3900,4.3900,4.3900,5068,0
MFG.US,5,20131120,153500,4.3700,4.3700,4.3500,4.3500,71108,0
MFG.US,5,20131120,154000,4.3500,4.3500,4.3400,4.3400,400,0
MFG.US,5,20131120,155000,4.3400,4.3400,4.3400,4.3400,10300,0
MFG.US,5,20131120,160000,4.3400,4.3500,4.3400,4.3500,800,0
MFG.US,5,20131120,160500,4.3500,4.3500,4.3500,4.3500,300,0
MFG.US,5,20131120,161000,4.3500,4.3500,4.3400,4.3400,800,0
MFG.US,5,20131120,161500,4.3500,4.3500,4.3500,4.3500,551,0
MFG.US,5,20131120,162000,4.3500,4.3600,4.3500,4.3600,3700,0
MFG.US,5,20131120,162500,4.3600,4.3600,4.3600,4.3600,14008,0
MFG.US,5,20131120,163000,4.3600,4.3600,4.3600,4.3600,300,0
MFG.US,5,20131120,163500,4.3600,4.3600,4.3600,4.3600,100,0
MFG.US,5,20131120,164000,4.3600,4.3600,4.3400,4.3500,6800,0
MFG.US,5,20131120,164500,4.3400,4.3500,4.3400,4.3500,1088,0
MFG.US,5,20131120,165000,4.3500,4.3600,4.3500,4.3600,1000,0
MFG.US,5,20131120,170000,4.3500,4.3600,4.3500,4.3600,800,0
MFG.US,5,20131120,171000,4.3600,4.3600,4.3600,4.3600,206,0
MFG.US,5,20131120,172000,4.3500,4.3500,4.3500,4.3500,338,0
MFG.US,5,20131120,172500,4.3500,4.3500,4.3500,4.3500,896,0
MFG.US,5,20131120,173000,4.3600,4.3600,4.3600,4.3600,100,0
MFG.US,5,20131120,173500,4.3600,4.3600,4.3600,4.3600,1200,0
MFG.US,5,20131120,174000,4.3600,4.3600,4.3600,4.3600,600,0
MFG.US,5,20131120,174500,4.3600,4.3600,4.3600,4.3600,1000,0
MFG.US,5,20131120,175500,4.3500,4.3600,4.3500,4.3500,400,0
MFG.US,5,20131120,180000,4.3500,4.3600,4.3500,4.3600,1300,0
MFG.US,5,20131120,181000,4.3500,4.3600,4.3500,4.3600,1378,0
MFG.US,5,20131120,181500,4.3600,4.3600,4.3600,4.3600,1100,0
MFG.US,5,20131120,182000,4.3600,4.3600,4.3600,4.3600,500,0
MFG.US,5,20131120,182500,4.3600,4.3600,4.3600,4.3600,400,0
MFG.US,5,20131120,183000,4.3600,4.3600,4.3500,4.3500,471,0
MFG.US,5,20131120,183500,4.3600,4.3600,4.3600,4.3600,800,0
MFG.US,5,20131120,184000,4.3600,4.3600,4.3600,4.3600,200,0
MFG.US,5,20131120,184500,4.3600,4.3600,4.3600,4.3600,800,0
MFG.US,5,20131120,185000,4.3600,4.3600,4.3600,4.3600,300,0
MFG.US,5,20131120,185500,4.3600,4.3600,4.3600,4.3600,600,0
MFG.US,5,20131120,190000,4.3600,4.3600,4.3600,4.3600,600,0
MFG.US,5,20131120,190500,4.3600,4.3600,4.3600,4.3600,500,0
MFG.US,5,20131120,191000,4.3600,4.3600,4.3600,4.3600,700,0
MFG.US,5,20131120,191500,4.3600,4.3600,4.3500,4.3600,1300,0
MFG.US,5,20131120,192000,4.3600,4.3600,4.3600,4.3600,200,0
MFG.US,5,20131120,192500,4.3600,4.3600,4.3500,4.3500,1200,0
MFG.US,5,20131120,193000,4.3600,4.3600,4.3500,4.3500,400,0
MFG.US,5,20131120,193500,4.3600,4.3600,4.3500,4.3500,1000,0
MFG.US,5,20131120,194000,4.3600,4.3600,4.3500,4.3500,300,0
MFG.US,5,20131120,194500,4.3600,4.3600,4.3500,4.3600,1100,0
MFG.US,5,20131120,195000,4.3600,4.3600,4.3500,4.3500,2900,0
MFG.US,5,20131120,200000,4.3600,4.3600,4.3600,4.3600,701,0
MFG.US,5,20131120,200500,4.3500,4.3500,4.3500,4.3500,300,0
MFG.US,5,20131120,201000,4.3600,4.3600,4.3500,4.3500,2000,0
MFG.US,5,20131120,201500,4.3600,4.3600,4.3500,4.3500,1800,0
MFG.US,5,20131120,202000,4.3500,4.3500,4.3500,4.3500,4018,0
MFG.US,5,20131120,202500,4.3600,4.3600,4.3600,4.3600,400,0
MFG.US,5,20131120,203500,4.3500,4.3600,4.3500,4.3500,2255,0
MFG.US,5,20131120,204000,4.3500,4.3500,4.3500,4.3500,599,0
MFG.US,5,20131120,204500,4.3500,4.3500,4.3500,4.3500,7629,0
MFG.US,5,20131120,205500,4.3500,4.3500,4.3500,4.3500,300,0
MFG.US,5,20131120,210000,4.3500,4.3600,4.3500,4.3500,900,0
MFG.US,5,20131120,210500,4.3500,4.3600,4.3500,4.3500,1739,0
MFG.US,5,20131120,211000,4.3500,4.3500,4.3500,4.3500,9723,0
MFG.US,5,20131120,211500,4.3400,4.3400,4.3400,4.3400,300,0
MFG.US,5,20131120,212000,4.3400,4.3400,4.3400,4.3400,600,0
MFG.US,5,20131120,212500,4.3400,4.3500,4.3400,4.3400,1528,0
MFG.US,5,20131120,213000,4.3400,4.3500,4.3400,4.3400,2213,0
MFG.US,5,20131120,213500,4.3400,4.3400,4.3400,4.3400,1000,0
MFG.US,5,20131120,214000,4.3400,4.3400,4.3400,4.3400,1600,0
MFG.US,5,20131120,214500,4.3400,4.3500,4.3400,4.3400,3000,0
MFG.US,5,20131120,215000,4.3400,4.3500,4.3400,4.3400,3948,0
MFG.US,5,20131120,215500,4.3400,4.3400,4.3400,4.3400,4858,0
MFG.US,5,20131120,220000,4.3400,4.3500,4.3400,4.3400,11097,0
MFG.US,5,20131120,220500,4.3500,4.3500,4.3500,4.3500,6663,0
MFG.US,5,20131121,153500,4.3300,4.3300,4.3200,4.3200,26600,0
MFG.US,5,20131121,154000,4.3300,4.3300,4.3200,4.3200,1000,0
MFG.US,5,20131121,154500,4.3300,4.3300,4.3300,4.3300,10509,0
MFG.US,5,20131121,155000,4.3300,4.3300,4.3200,4.3200,12500,0
MFG.US,5,20131121,155500,4.3100,4.3100,4.3100,4.3100,1100,0
MFG.US,5,20131121,160000,4.3100,4.3100,4.3100,4.3100,100,0
MFG.US,5,20131121,160500,4.3200,4.3200,4.3100,4.3200,2146,0
MFG.US,5,20131121,161000,4.3200,4.3200,4.3200,4.3200,700,0
MFG.US,5,20131121,161500,4.3200,4.3200,4.3200,4.3200,700,0
MFG.US,5,20131121,162000,4.3200,4.3200,4.3200,4.3200,3700,0
MFG.US,5,20131121,162500,4.3200,4.3200,4.3100,4.3200,1200,0
MFG.US,5,20131121,163000,4.3200,4.3200,4.3200,4.3200,600,0
MFG.US,5,20131121,163500,4.3200,4.3200,4.3100,4.3100,1000,0
MFG.US,5,20131121,164000,4.3200,4.3200,4.3200,4.3200,400,0
MFG.US,5,20131121,164500,4.3200,4.3200,4.3100,4.3200,865,0
MFG.US,5,20131121,165000,4.3200,4.3200,4.3100,4.3200,1900,0
MFG.US,5,20131121,165500,4.3200,4.3200,4.3100,4.3100,900,0
MFG.US,5,20131121,170000,4.3200,4.3200,4.3100,4.3200,2400,0
MFG.US,5,20131121,170500,4.3200,4.3200,4.3100,4.3200,1600,0
MFG.US,5,20131121,171000,4.3200,4.3200,4.3100,4.3200,2300,0
MFG.US,5,20131121,171500,4.3200,4.3300,4.3200,4.3300,23360,0
MFG.US,5,20131121,172000,4.3300,4.3300,4.3300,4.3300,1700,0
MFG.US,5,20131121,172500,4.3300,4.3300,4.3300,4.3300,10764,0
MFG.US,5,20131121,173000,4.3300,4.3300,4.3200,4.3300,1700,0
MFG.US,5,20131121,173500,4.3300,4.3400,4.3300,4.3400,19431,0
MFG.US,5,20131121,174000,4.3400,4.3400,4.3300,4.3300,3792,0
MFG.US,5,20131121,174500,4.3300,4.3300,4.3300,4.3300,200,0
MFG.US,5,20131121,175000,4.3400,4.3400,4.3300,4.3300,200,0
MFG.US,5,20131121,175500,4.3300,4.3400,4.3300,4.3400,7880,0
MFG.US,5,20131121,180500,4.3400,4.3400,4.3400,4.3400,100,0
MFG.US,5,20131121,181000,4.3400,4.3400,4.3400,4.3400,100,0
MFG.US,5,20131121,182000,4.3300,4.3300,4.3300,4.3300,2100,0
MFG.US,5,20131121,182500,4.3300,4.3300,4.3300,4.3300,3901,0
MFG.US,5,20131121,183500,4.3300,4.3400,4.3300,4.3400,400,0
MFG.US,5,20131121,184000,4.3400,4.3400,4.3300,4.3400,640,0
MFG.US,5,20131121,184500,4.3400,4.3400,4.3400,4.3400,1100,0
MFG.US,5,20131121,185000,4.3400,4.3400,4.3400,4.3400,100,0
MFG.US,5,20131121,190000,4.3400,4.3400,4.3400,4.3400,100,0
MFG.US,5,20131121,190500,4.3400,4.3400,4.3300,4.3300,3401,0
MFG.US,5,20131121,191000,4.3400,4.3400,4.3400,4.3400,700,0
MFG.US,5,20131121,191500,4.3400,4.3400,4.3400,4.3400,900,0
MFG.US,5,20131121,192000,4.3400,4.3400,4.3400,4.3400,600,0
MFG.US,5,20131121,193500,4.3400,4.3400,4.3300,4.3300,3900,0
MFG.US,5,20131121,194000,4.3400,4.3400,4.3300,4.3300,257,0
MFG.US,5,20131121,194500,4.3400,4.3400,4.3300,4.3300,1954,0
MFG.US,5,20131121,195000,4.3400,4.3400,4.3300,4.3300,1014,0
MFG.US,5,20131121,195500,4.3300,4.3400,4.3300,4.3300,9862,0
MFG.US,5,20131121,200000,4.3300,4.3400,4.3200,4.3300,35014,0
MFG.US,5,20131121,200500,4.3200,4.3200,4.3200,4.3200,328,0
MFG.US,5,20131121,201000,4.3300,4.3300,4.3200,4.3300,3221,0
MFG.US,5,20131121,201500,4.3300,4.3300,4.3200,4.3300,3240,0
MFG.US,5,20131121,202000,4.3300,4.3300,4.3200,4.3200,908,0
MFG.US,5,20131121,202500,4.3200,4.3300,4.3200,4.3300,1700,0
MFG.US,5,20131121,203000,4.3300,4.3300,4.3300,4.3300,100,0
MFG.US,5,20131121,204000,4.3200,4.3300,4.3200,4.3300,992,0
MFG.US,5,20131121,204500,4.3200,4.3300,4.3200,4.3300,5800,0
MFG.US,5,20131121,205000,4.3300,4.3300,4.3200,4.3200,457,0
MFG.US,5,20131121,205500,4.3300,4.3300,4.3300,4.3300,100,0
MFG.US,5,20131121,210000,4.3300,4.3300,4.3300,4.3300,200,0
MFG.US,5,20131121,210500,4.3300,4.3300,4.3200,4.3200,1430,0
MFG.US,5,20131121,211000,4.3300,4.3300,4.3200,4.3200,315,0
MFG.US,5,20131121,212000,4.3300,4.3300,4.3200,4.3200,749,0
MFG.US,5,20131121,212500,4.3200,4.3200,4.3200,4.3200,1384,0
MFG.US,5,20131121,213000,4.3300,4.3300,4.3200,4.3300,6536,0
MFG.US,5,20131121,213500,4.3300,4.3300,4.3300,4.3300,2000,0
MFG.US,5,20131121,214000,4.3300,4.3300,4.3300,4.3300,200,0
MFG.US,5,20131121,214500,4.3200,4.3300,4.3200,4.3300,1885,0
MFG.US,5,20131121,215000,4.3200,4.3300,4.3200,4.3300,4942,0
MFG.US,5,20131121,215500,4.3300,4.3300,4.3300,4.3300,600,0
MFG.US,5,20131121,220000,4.3300,4.3300,4.3200,4.3300,12699,0
MFG.US,5,20131121,220500,4.3300,4.3300,4.3300,4.3300,9935,0
MFG.US,5,20131122,153500,4.2700,4.2800,4.2600,4.2800,8550,0
MFG.US,5,20131122,154000,4.2800,4.2800,4.2800,4.2800,4500,0
MFG.US,5,20131122,154500,4.2800,4.2800,4.2700,4.2700,1191,0
MFG.US,5,20131122,155000,4.2800,4.2900,4.2800,4.2900,9500,0
MFG.US,5,20131122,155500,4.2900,4.2900,4.2900,4.2900,900,0
MFG.US,5,20131122,160000,4.2900,4.2900,4.2800,4.2900,2191,0
MFG.US,5,20131122,160500,4.2900,4.2900,4.2900,4.2900,1000,0
MFG.US,5,20131122,161000,4.2900,4.2900,4.2900,4.2900,1279,0
MFG.US,5,20131122,161500,4.2900,4.2900,4.2900,4.2900,1300,0
MFG.US,5,20131122,162000,4.2900,4.2900,4.2900,4.2900,2900,0
MFG.US,5,20131122,162500,4.2900,4.3000,4.2900,4.3000,19174,0
MFG.US,5,20131122,163000,4.3000,4.3000,4.3000,4.3000,1200,0
MFG.US,5,20131122,163500,4.3000,4.3000,4.3000,4.3000,200,0
MFG.US,5,20131122,164000,4.3000,4.3000,4.3000,4.3000,100,0
MFG.US,5,20131122,164500,4.3000,4.3000,4.2900,4.3000,3334,0
MFG.US,5,20131122,165000,4.3000,4.3000,4.3000,4.3000,200,0
MFG.US,5,20131122,170000,4.3000,4.3000,4.3000,4.3000,200,0
MFG.US,5,20131122,170500,4.3000,4.3000,4.2900,4.2900,4558,0
MFG.US,5,20131122,171000,4.2900,4.3000,4.2900,4.2900,9294,0
MFG.US,5,20131122,171500,4.2900,4.3000,4.2900,4.2900,7592,0
MFG.US,5,20131122,172000,4.2900,4.3000,4.2900,4.2900,7500,0
MFG.US,5,20131122,172500,4.2900,4.3000,4.2900,4.2900,8300,0
MFG.US,5,20131122,173000,4.2900,4.2900,4.2900,4.2900,12361,0
MFG.US,5,20131122,173500,4.2900,4.2900,4.2900,4.2900,1200,0
MFG.US,5,20131122,174000,4.2900,4.3000,4.2900,4.2900,7344,0
MFG.US,5,20131122,174500,4.3000,4.3000,4.3000,4.3000,1000,0
MFG.US,5,20131122,175000,4.3000,4.3000,4.2900,4.3000,700,0
MFG.US,5,20131122,180000,4.3000,4.3000,4.3000,4.3000,500,0
MFG.US,5,20131122,181000,4.3000,4.3000,4.2900,4.3000,5617,0
MFG.US,5,20131122,181500,4.3000,4.3000,4.3000,4.3000,200,0
MFG.US,5,20131122,183000,4.2900,4.2900,4.2900,4.2900,500,0
MFG.US,5,20131122,183500,4.3000,4.3000,4.3000,4.3000,500,0
MFG.US,5,20131122,184000,4.2900,4.3000,4.2900,4.2900,7529,0
MFG.US,5,20131122,184500,4.3000,4.3000,4.2900,4.3000,451,0
MFG.US,5,20131122,185000,4.3000,4.3000,4.3000,4.3000,200,0
MFG.US,5,20131122,185500,4.2900,4.3000,4.2900,4.3000,7028,0
MFG.US,5,20131122,190000,4.3000,4.3000,4.3000,4.3000,100,0
MFG.US,5,20131122,190500,4.3000,4.3000,4.2900,4.3000,2240,0
MFG.US,5,20131122,191000,4.3000,4.3000,4.3000,4.3000,1000,0
MFG.US,5,20131122,191500,4.3000,4.3000,4.3000,4.3000,500,0
MFG.US,5,20131122,192000,4.3000,4.3000,4.3000,4.3000,1300,0
MFG.US,5,20131122,192500,4.3000,4.3000,4.3000,4.3000,300,0
MFG.US,5,20131122,193000,4.3000,4.3000,4.3000,4.3000,200,0
MFG.US,5,20131122,193500,4.3000,4.3000,4.2900,4.2900,420,0
MFG.US,5,20131122,194000,4.3000,4.3000,4.3000,4.3000,200,0
MFG.US,5,20131122,194500,4.3000,4.3000,4.3000,4.3000,200,0
MFG.US,5,20131122,195000,4.3000,4.3000,4.3000,4.3000,200,0
MFG.US,5,20131122,195500,4.3000,4.3000,4.3000,4.3000,2000,0
MFG.US,5,20131122,200000,4.3000,4.3000,4.3000,4.3000,100,0
MFG.US,5,20131122,200500,4.3000,4.3000,4.3000,4.3000,100,0
MFG.US,5,20131122,201000,4.3000,4.3000,4.2900,4.2900,200,0
MFG.US,5,20131122,201500,4.3000,4.3000,4.2900,4.2900,544,0
MFG.US,5,20131122,202000,4.3000,4.3100,4.2900,4.3100,22094,0
MFG.US,5,20131122,202500,4.3100,4.3100,4.3000,4.3100,4300,0
MFG.US,5,20131122,203000,4.3100,4.3100,4.3100,4.3100,3477,0
MFG.US,5,20131122,203500,4.3100,4.3100,4.3000,4.3100,19500,0
MFG.US,5,20131122,204000,4.3100,4.3100,4.3100,4.3100,2300,0
MFG.US,5,20131122,204500,4.3100,4.3100,4.3100,4.3100,2200,0
MFG.US,5,20131122,205000,4.3100,4.3100,4.3100,4.3100,2900,0
MFG.US,5,20131122,205500,4.3100,4.3100,4.3000,4.3100,4685,0
MFG.US,5,20131122,210000,4.3100,4.3100,4.3000,4.3100,3815,0
MFG.US,5,20131122,210500,4.3100,4.3100,4.3100,4.3100,7189,0
MFG.US,5,20131122,211000,4.3100,4.3100,4.3100,4.3100,3700,0
MFG.US,5,20131122,211500,4.3100,4.3100,4.3100,4.3100,4789,0
MFG.US,5,20131122,212000,4.3100,4.3100,4.3100,4.3100,4800,0
MFG.US,5,20131122,212500,4.3100,4.3100,4.3100,4.3100,16700,0
MFG.US,5,20131122,213000,4.3100,4.3100,4.3000,4.3100,6100,0
MFG.US,5,20131122,213500,4.3100,4.3100,4.3100,4.3100,4757,0
MFG.US,5,20131122,214000,4.3100,4.3100,4.3000,4.3100,15638,0
MFG.US,5,20131122,214500,4.3100,4.3100,4.3100,4.3100,4100,0
MFG.US,5,20131122,215000,4.3100,4.3100,4.3000,4.3100,13938,0
MFG.US,5,20131122,215500,4.3100,4.3100,4.2900,4.3000,51070,0
MFG.US,5,20131122,220000,4.2900,4.3000,4.2900,4.3000,17079,0
MFG.US,5,20131122,220500,4.3000,4.3000,4.3000,4.3000,7211,0
MFG.US,5,20131125,153500,4.2400,4.2600,4.2400,4.2600,9062,0
MFG.US,5,20131125,154000,4.2600,4.2600,4.2500,4.2600,500,0
MFG.US,5,20131125,154500,4.2600,4.2700,4.2600,4.2600,7283,0
MFG.US,5,20131125,155000,4.2600,4.2700,4.2600,4.2600,5800,0
MFG.US,5,20131125,155500,4.2600,4.2700,4.2500,4.2600,11027,0
MFG.US,5,20131125,160000,4.2500,4.2600,4.2500,4.2600,10950,0
MFG.US,5,20131125,160500,4.2500,4.2600,4.2500,4.2600,2600,0
MFG.US,5,20131125,161000,4.2500,4.2600,4.2500,4.2500,2000,0
MFG.US,5,20131125,161500,4.2500,4.2600,4.2500,4.2500,2400,0
MFG.US,5,20131125,162000,4.2500,4.2600,4.2500,4.2500,3288,0
MFG.US,5,20131125,163000,4.2600,4.2600,4.2600,4.2600,4602,0
MFG.US,5,20131125,163500,4.2500,4.2700,4.2500,4.2700,4844,0
MFG.US,5,20131125,164000,4.2600,4.2600,4.2600,4.2600,2568,0
MFG.US,5,20131125,165000,4.2700,4.2700,4.2700,4.2700,1613,0
MFG.US,5,20131125,165500,4.2600,4.2600,4.2600,4.2600,100,0
MFG.US,5,20131125,170000,4.2600,4.2600,4.2600,4.2600,200,0
MFG.US,5,20131125,170500,4.2700,4.2700,4.2600,4.2600,1344,0
MFG.US,5,20131125,171000,4.2600,4.2600,4.2600,4.2600,2400,0
MFG.US,5,20131125,171500,4.2700,4.2700,4.2600,4.2600,456,0
MFG.US,5,20131125,172000,4.2700,4.2700,4.2700,4.2700,827,0
MFG.US,5,20131125,172500,4.2700,4.2700,4.2700,4.2700,10630,0
MFG.US,5,20131125,173000,4.2700,4.2700,4.2700,4.2700,6200,0
MFG.US,5,20131125,173500,4.2600,4.2700,4.2600,4.2700,1700,0
MFG.US,5,20131125,174500,4.2700,4.2700,4.2700,4.2700,600,0
MFG.US,5,20131125,175500,4.2700,4.2700,4.2700,4.2700,5670,0
MFG.US,5,20131125,180000,4.2600,4.2700,4.2600,4.2700,200,0
MFG.US,5,20131125,180500,4.2700,4.2700,4.2700,4.2700,3400,0
MFG.US,5,20131125,181000,4.2700,4.2700,4.2700,4.2700,200,0
MFG.US,5,20131125,181500,4.2700,4.2700,4.2700,4.2700,100,0
MFG.US,5,20131125,182000,4.2700,4.2700,4.2700,4.2700,600,0
MFG.US,5,20131125,183000,4.2700,4.2700,4.2700,4.2700,100,0
MFG.US,5,20131125,183500,4.2700,4.2700,4.2700,4.2700,100,0
MFG.US,5,20131125,184000,4.2700,4.2700,4.2700,4.2700,1200,0
MFG.US,5,20131125,185000,4.2700,4.2700,4.2700,4.2700,1000,0
MFG.US,5,20131125,185500,4.2600,4.2700,4.2600,4.2700,4503,0
MFG.US,5,20131125,190000,4.2700,4.2700,4.2600,4.2700,419,0
MFG.US,5,20131125,190500,4.2700,4.2700,4.2700,4.2700,2600,0
MFG.US,5,20131125,191000,4.2700,4.2700,4.2700,4.2700,2435,0
MFG.US,5,20131125,191500,4.2700,4.2700,4.2600,4.2600,400,0
MFG.US,5,20131125,192000,4.2600,4.2700,4.2600,4.2600,8026,0
MFG.US,5,20131125,192500,4.2600,4.2700,4.2600,4.2700,1600,0
MFG.US,5,20131125,193000,4.2600,4.2700,4.2600,4.2600,1896,0
MFG.US,5,20131125,193500,4.2700,4.2700,4.2600,4.2600,500,0
MFG.US,5,20131125,194000,4.2700,4.2700,4.2600,4.2700,7900,0
MFG.US,5,20131125,194500,4.2600,4.2600,4.2500,4.2500,12950,0
MFG.US,5,20131125,195000,4.2500,4.2500,4.2500,4.2500,600,0
MFG.US,5,20131125,195500,4.2600,4.2600,4.2500,4.2500,700,0
MFG.US,5,20131125,200000,4.2600,4.2600,4.2500,4.2600,1000,0
MFG.US,5,20131125,200500,4.2600,4.2600,4.2500,4.2500,1190,0
MFG.US,5,20131125,201000,4.2500,4.2600,4.2500,4.2500,800,0
MFG.US,5,20131125,201500,4.2600,4.2600,4.2500,4.2600,890,0
MFG.US,5,20131125,202000,4.2500,4.2600,4.2500,4.2500,2082,0
MFG.US,5,20131125,202500,4.2600,4.2600,4.2600,4.2600,3000,0
MFG.US,5,20131125,203000,4.2600,4.2600,4.2600,4.2600,8573,0
MFG.US,5,20131125,203500,4.2600,4.2600,4.2600,4.2600,300,0
MFG.US,5,20131125,204000,4.2600,4.2600,4.2500,4.2500,779,0
MFG.US,5,20131125,204500,4.2600,4.2600,4.2500,4.2500,272,0
MFG.US,5,20131125,205000,4.2500,4.2600,4.2500,4.2600,300,0
MFG.US,5,20131125,205500,4.2600,4.2600,4.2500,4.2500,400,0
MFG.US,5,20131125,210000,4.2600,4.2600,4.2600,4.2600,3296,0
MFG.US,5,20131125,210500,4.2600,4.2600,4.2600,4.2600,200,0
MFG.US,5,20131125,211000,4.2600,4.2600,4.2500,4.2500,200,0
MFG.US,5,20131125,211500,4.2600,4.2600,4.2500,4.2600,600,0
MFG.US,5,20131125,212000,4.2500,4.2600,4.2500,4.2600,400,0
MFG.US,5,20131125,212500,4.2500,4.2600,4.2500,4.2600,2100,0
MFG.US,5,20131125,213000,4.2500,4.2600,4.2500,4.2600,2120,0
MFG.US,5,20131125,213500,4.2500,4.2600,4.2500,4.2600,700,0
MFG.US,5,20131125,214000,4.2500,4.2600,4.2500,4.2600,500,0
MFG.US,5,20131125,214500,4.2600,4.2600,4.2500,4.2500,24300,0
MFG.US,5,20131125,215000,4.2400,4.2500,4.2400,4.2500,690,0
MFG.US,5,20131125,215500,4.2500,4.2500,4.2400,4.2400,8100,0
MFG.US,5,20131125,220000,4.2500,4.2500,4.2400,4.2500,8200,0
MFG.US,5,20131125,220500,4.2500,4.2500,4.2500,4.2500,4210,0
MFG.US,5,20131126,153500,4.2500,4.2600,4.2500,4.2600,27280,0
MFG.US,5,20131126,154000,4.2500,4.2500,4.2500,4.2500,100,0
MFG.US,5,20131126,154500,4.2600,4.2600,4.2600,4.2600,3200,0
MFG.US,5,20131126,155000,4.2600,4.2600,4.2600,4.2600,300,0
MFG.US,5,20131126,155500,4.2500,4.2600,4.2500,4.2600,482,0
MFG.US,5,20131126,160000,4.2600,4.2600,4.2600,4.2600,2612,0
MFG.US,5,20131126,160500,4.2600,4.2600,4.2600,4.2600,400,0
MFG.US,5,20131126,161000,4.2600,4.2600,4.2600,4.2600,200,0
MFG.US,5,20131126,161500,4.2500,4.2700,4.2500,4.2700,11960,0
MFG.US,5,20131126,162000,4.2700,4.2700,4.2700,4.2700,300,0
MFG.US,5,20131126,163000,4.2700,4.2700,4.2700,4.2700,100,0
MFG.US,5,20131126,163500,4.2700,4.2700,4.2700,4.2700,2993,0
MFG.US,5,20131126,164000,4.2700,4.2700,4.2700,4.2700,100,0
MFG.US,5,20131126,164500,4.2700,4.2700,4.2700,4.2700,2200,0
MFG.US,5,20131126,165000,4.2700,4.2700,4.2700,4.2700,100,0
MFG.US,5,20131126,171000,4.2700,4.2700,4.2700,4.2700,3175,0
MFG.US,5,20131126,171500,4.2700,4.2700,4.2700,4.2700,612,0
MFG.US,5,20131126,172000,4.2700,4.2700,4.2700,4.2700,200,0
MFG.US,5,20131126,172500,4.2600,4.2700,4.2600,4.2600,2795,0
MFG.US,5,20131126,173000,4.2600,4.2700,4.2600,4.2600,400,0
MFG.US,5,20131126,173500,4.2600,4.2700,4.2600,4.2600,500,0
MFG.US,5,20131126,174000,4.2600,4.2700,4.2600,4.2600,400,0
MFG.US,5,20131126,174500,4.2600,4.2700,4.2600,4.2700,2000,0
MFG.US,5,20131126,175000,4.2700,4.2700,4.2600,4.2700,4300,0
MFG.US,5,20131126,175500,4.2700,4.2700,4.2600,4.2600,5884,0
MFG.US,5,20131126,180000,4.2600,4.2700,4.2600,4.2600,500,0
MFG.US,5,20131126,180500,4.2600,4.2700,4.2600,4.2600,2008,0
MFG.US,5,20131126,181000,4.2600,4.2700,4.2600,4.2700,200,0
MFG.US,5,20131126,183000,4.2700,4.2900,4.2700,4.2800,23500,0
MFG.US,5,20131126,183500,4.2800,4.2800,4.2800,4.2800,511,0
MFG.US,5,20131126,184000,4.2900,4.2900,4.2900,4.2900,200,0
MFG.US,5,20131126,184500,4.2900,4.2900,4.2800,4.2800,1971,0
MFG.US,5,20131126,185500,4.2800,4.2900,4.2800,4.2900,4100,0
MFG.US,5,20131126,190000,4.2900,4.2900,4.2800,4.2800,200,0
MFG.US,5,20131126,190500,4.2800,4.2800,4.2800,4.2800,1200,0
MFG.US,5,20131126,191500,4.2800,4.2800,4.2800,4.2800,700,0
MFG.US,5,20131126,192000,4.2900,4.2900,4.2900,4.2900,1371,0
MFG.US,5,20131126,192500,4.2900,4.2900,4.2900,4.2900,100,0
MFG.US,5,20131126,193500,4.2900,4.2900,4.2900,4.2900,1000,0
MFG.US,5,20131126,194000,4.2900,4.2900,4.2900,4.2900,471,0
MFG.US,5,20131126,195000,4.2900,4.2900,4.2800,4.2800,400,0
MFG.US,5,20131126,195500,4.2900,4.2900,4.2800,4.2800,2100,0
MFG.US,5,20131126,200500,4.2800,4.2800,4.2800,4.2800,1300,0
MFG.US,5,20131126,201500,4.2800,4.2800,4.2800,4.2800,488,0
MFG.US,5,20131126,202000,4.2900,4.2900,4.2900,4.2900,400,0
MFG.US,5,20131126,203500,4.2900,4.2900,4.2900,4.2900,300,0
MFG.US,5,20131126,204000,4.2900,4.2900,4.2900,4.2900,500,0
MFG.US,5,20131126,205000,4.2900,4.2900,4.2800,4.2900,21631,0
MFG.US,5,20131126,205500,4.2900,4.2900,4.2800,4.2900,900,0
MFG.US,5,20131126,210000,4.2800,4.2800,4.2800,4.2800,100,0
MFG.US,5,20131126,210500,4.2900,4.2900,4.2900,4.2900,100,0
MFG.US,5,20131126,211000,4.2800,4.2800,4.2800,4.2800,645,0
MFG.US,5,20131126,211500,4.2900,4.2900,4.2900,4.2900,1300,0
MFG.US,5,20131126,212500,4.2900,4.2900,4.2900,4.2900,720,0
MFG.US,5,20131126,213000,4.2900,4.3000,4.2900,4.3000,7900,0
MFG.US,5,20131126,213500,4.3000,4.3000,4.3000,4.3000,100,0
MFG.US,5,20131126,214000,4.2900,4.2900,4.2900,4.2900,200,0
MFG.US,5,20131126,214500,4.3000,4.3000,4.2900,4.2900,486,0
MFG.US,5,20131126,215000,4.2900,4.2900,4.2900,4.2900,17020,0
MFG.US,5,20131126,215500,4.2800,4.2900,4.2800,4.2800,5228,0
MFG.US,5,20131126,220000,4.2900,4.2900,4.2800,4.2900,21678,0
MFG.US,5,20131126,220500,4.2900,4.2900,4.2900,4.2900,10299,0
MFG.US,5,20131127,153500,4.2600,4.2600,4.2400,4.2600,6100,0
MFG.US,5,20131127,154000,4.2600,4.2600,4.2600,4.2600,800,0
MFG.US,5,20131127,154500,4.2600,4.2700,4.2500,4.2500,5500,0
MFG.US,5,20131127,155000,4.2600,4.2600,4.2500,4.2500,200,0
MFG.US,5,20131127,155500,4.2600,4.2700,4.2600,4.2600,4300,0
MFG.US,5,20131127,160000,4.2600,4.2600,4.2500,4.2500,1400,0
MFG.US,5,20131127,160500,4.2500,4.2600,4.2500,4.2500,9728,0
MFG.US,5,20131127,161500,4.2600,4.2600,4.2500,4.2500,7300,0
MFG.US,5,20131127,162000,4.2500,4.2600,4.2500,4.2600,1126,0
MFG.US,5,20131127,162500,4.2600,4.2600,4.2600,4.2600,500,0
MFG.US,5,20131127,163000,4.2500,4.2500,4.2500,4.2500,3250,0
MFG.US,5,20131127,164000,4.2600,4.2600,4.2600,4.2600,400,0
MFG.US,5,20131127,164500,4.2600,4.2700,4.2600,4.2700,1200,0
MFG.US,5,20131127,165000,4.2700,4.2700,4.2600,4.2600,1523,0
MFG.US,5,20131127,165500,4.2700,4.2700,4.2600,4.2600,656,0
MFG.US,5,20131127,170500,4.2600,4.2600,4.2600,4.2600,100,0
MFG.US,5,20131127,171000,4.2600,4.2700,4.2600,4.2600,2754,0
MFG.US,5,20131127,171500,4.2700,4.2700,4.2700,4.2700,252,0
MFG.US,5,20131127,172000,4.2700,4.2700,4.2700,4.2700,100,0
MFG.US,5,20131127,173000,4.2700,4.2700,4.2700,4.2700,100,0
MFG.US,5,20131127,173500,4.2700,4.2700,4.2700,4.2700,224,0
MFG.US,5,20131127,174000,4.2600,4.2700,4.2600,4.2700,1474,0
MFG.US,5,20131127,174500,4.2700,4.2700,4.2700,4.2700,100,0
MFG.US,5,20131127,175000,4.2600,4.2600,4.2600,4.2600,447,0
MFG.US,5,20131127,175500,4.2700,4.2700,4.2700,4.2700,200,0
MFG.US,5,20131127,180500,4.2700,4.2700,4.2700,4.2700,520,0
MFG.US,5,20131127,181000,4.2600,4.2600,4.2600,4.2600,1755,0
MFG.US,5,20131127,181500,4.2700,4.2700,4.2700,4.2700,200,0
MFG.US,5,20131127,182000,4.2700,4.2700,4.2700,4.2700,715,0
MFG.US,5,20131127,182500,4.2700,4.2700,4.2700,4.2700,400,0
MFG.US,5,20131127,183000,4.2700,4.2700,4.2700,4.2700,100,0
MFG.US,5,20131127,183500,4.2700,4.2700,4.2700,4.2700,400,0
MFG.US,5,20131127,184000,4.2700,4.2700,4.2700,4.2700,100,0
MFG.US,5,20131127,184500,4.2700,4.2700,4.2700,4.2700,200,0
MFG.US,5,20131127,185000,4.2600,4.2700,4.2600,4.2700,200,0
MFG.US,5,20131127,190000,4.2700,4.2700,4.2700,4.2700,200,0
MFG.US,5,20131127,190500,4.2700,4.2700,4.2600,4.2600,300,0
MFG.US,5,20131127,191000,4.2600,4.2700,4.2600,4.2700,400,0
MFG.US,5,20131127,192000,4.2700,4.2700,4.2700,4.2700,100,0
MFG.US,5,20131127,192500,4.2700,4.2700,4.2700,4.2700,100,0
MFG.US,5,20131127,193000,4.2700,4.2700,4.2700,4.2700,300,0
MFG.US,5,20131127,193500,4.2700,4.2700,4.2600,4.2700,2320,0
MFG.US,5,20131127,194000,4.2700,4.2700,4.2600,4.2700,1775,0
MFG.US,5,20131127,194500,4.2700,4.2700,4.2600,4.2700,6701,0
MFG.US,5,20131127,195000,4.2700,4.2700,4.2600,4.2700,900,0
MFG.US,5,20131127,195500,4.2600,4.2700,4.2600,4.2600,574,0
MFG.US,5,20131127,200000,4.2600,4.2700,4.2600,4.2700,300,0
MFG.US,5,20131127,200500,4.2600,4.2600,4.2600,4.2600,100,0
MFG.US,5,20131127,201000,4.2700,4.2700,4.2600,4.2700,377,0
MFG.US,5,20131127,201500,4.2700,4.2700,4.2700,4.2700,200,0
MFG.US,5,20131127,202000,4.2700,4.2700,4.2600,4.2700,2612,0
MFG.US,5,20131127,202500,4.2700,4.2700,4.2700,4.2700,300,0
MFG.US,5,20131127,203000,4.2700,4.2700,4.2600,4.2700,1242,0
MFG.US,5,20131127,203500,4.2700,4.2700,4.2700,4.2700,700,0
MFG.US,5,20131127,204000,4.2700,4.2700,4.2700,4.2700,300,0
MFG.US,5,20131127,204500,4.2600,4.2700,4.2600,4.2600,318,0
MFG.US,5,20131127,205000,4.2700,4.2700,4.2600,4.2700,7084,0
MFG.US,5,20131127,205500,4.2700,4.2700,4.2700,4.2700,300,0
MFG.US,5,20131127,210000,4.2700,4.2700,4.2700,4.2700,200,0
MFG.US,5,20131127,210500,4.2700,4.2700,4.2700,4.2700,200,0
MFG.US,5,20131127,211000,4.2700,4.2700,4.2600,4.2600,1100,0
MFG.US,5,20131127,211500,4.2700,4.2700,4.2700,4.2700,100,0
MFG.US,5,20131127,212000,4.2700,4.2700,4.2600,4.2600,300,0
MFG.US,5,20131127,212500,4.2700,4.2700,4.2600,4.2700,500,0
MFG.US,5,20131127,213000,4.2700,4.2700,4.2700,4.2700,100,0
MFG.US,5,20131127,213500,4.2700,4.2700,4.2600,4.2600,1735,0
MFG.US,5,20131127,214000,4.2700,4.2700,4.2600,4.2700,1498,0
MFG.US,5,20131127,214500,4.2700,4.2700,4.2700,4.2700,600,0
MFG.US,5,20131127,215000,4.2700,4.2700,4.2700,4.2700,454,0
MFG.US,5,20131127,215500,4.2700,4.2700,4.2600,4.2700,10100,0
MFG.US,5,20131127,220000,4.2700,4.2700,4.2600,4.2700,22824,0
MFG.US,5,20131127,220500,4.2800,4.2800,4.2800,4.2800,9191,0
MFG.US,5,20131129,153500,4.2200,4.2200,4.2100,4.2200,32695,0
MFG.US,5,20131129,154000,4.2200,4.2200,4.2100,4.2200,3588,0
MFG.US,5,20131129,154500,4.2100,4.2200,4.2100,4.2100,2635,0
MFG.US,5,20131129,155500,4.2200,4.2400,4.2200,4.2300,23557,0
MFG.US,5,20131129,160000,4.2300,4.2300,4.2300,4.2300,1996,0
MFG.US,5,20131129,160500,4.2200,4.2300,4.2200,4.2300,1000,0
MFG.US,5,20131129,161000,4.2300,4.2300,4.2300,4.2300,2718,0
MFG.US,5,20131129,161500,4.2300,4.2300,4.2300,4.2300,1200,0
MFG.US,5,20131129,162000,4.2300,4.2300,4.2300,4.2300,682,0
MFG.US,5,20131129,162500,4.2300,4.2300,4.2300,4.2300,800,0
MFG.US,5,20131129,163500,4.2300,4.2300,4.2300,4.2300,100,0
MFG.US,5,20131129,164000,4.2200,4.2300,4.2200,4.2300,200,0
MFG.US,5,20131129,164500,4.2300,4.2300,4.2300,4.2300,100,0
MFG.US,5,20131129,165000,4.2300,4.2300,4.2300,4.2300,13060,0
MFG.US,5,20131129,165500,4.2300,4.2300,4.2300,4.2300,300,0
MFG.US,5,20131129,170000,4.2300,4.2400,4.2300,4.2300,5500,0
MFG.US,5,20131129,170500,4.2300,4.2300,4.2300,4.2300,652,0
MFG.US,5,20131129,171000,4.2300,4.2400,4.2300,4.2400,7626,0
MFG.US,5,20131129,171500,4.2400,4.2400,4.2400,4.2400,100,0
MFG.US,5,20131129,172000,4.2400,4.2400,4.2300,4.2300,3872,0
MFG.US,5,20131129,172500,4.2400,4.2400,4.2400,4.2400,2000,0
MFG.US,5,20131129,173000,4.2400,4.2400,4.2400,4.2400,300,0
MFG.US,5,20131129,173500,4.2400,4.2400,4.2300,4.2400,524,0
MFG.US,5,20131129,174000,4.2400,4.2400,4.2400,4.2400,200,0
MFG.US,5,20131129,174500,4.2400,4.2400,4.2400,4.2400,200,0
MFG.US,5,20131129,175000,4.2400,4.2400,4.2400,4.2400,200,0
MFG.US,5,20131129,175500,4.2400,4.2400,4.2400,4.2400,1234,0
MFG.US,5,20131129,180000,4.2400,4.2400,4.2400,4.2400,5200,0
MFG.US,5,20131129,180500,4.2400,4.2400,4.2400,4.2400,10200,0
MFG.US,5,20131129,181000,4.2400,4.2400,4.2400,4.2400,500,0
MFG.US,5,20131129,181500,4.2400,4.2400,4.2100,4.2100,33712,0
MFG.US,5,20131129,182000,4.2100,4.2200,4.2100,4.2100,4146,0
MFG.US,5,20131129,182500,4.2200,4.2200,4.2200,4.2200,100,0
MFG.US,5,20131129,183000,4.2200,4.2200,4.2200,4.2200,200,0
MFG.US,5,20131129,183500,4.2200,4.2200,4.2200,4.2200,724,0
MFG.US,5,20131129,184000,4.2200,4.2200,4.2200,4.2200,300,0
MFG.US,5,20131129,184500,4.2200,4.2200,4.2100,4.2100,700,0
MFG.US,5,20131129,185000,4.2200,4.2300,4.2200,4.2300,880,0
MFG.US,5,20131129,185500,4.2300,4.2300,4.2300,4.2300,3059,0
MFG.US,5,20131129,190000,4.2300,4.2300,4.2200,4.2300,11473,0
MFG.US,5,20131129,190500,4.2300,4.2300,4.2300,4.2300,6985,0
MFG.US,5,20131202,153500,4.2200,4.2200,4.2100,4.2200,27915,0
MFG.US,5,20131202,154000,4.2200,4.2300,4.2200,4.2200,10000,0
MFG.US,5,20131202,154500,4.2200,4.2200,4.2200,4.2200,5408,0
MFG.US,5,20131202,155500,4.2100,4.2100,4.2100,4.2100,100,0
MFG.US,5,20131202,160500,4.2100,4.2100,4.2100,4.2100,100,0
MFG.US,5,20131202,161500,4.2100,4.2100,4.2100,4.2100,100,0
MFG.US,5,20131202,162000,4.2200,4.2200,4.2200,4.2200,7000,0
MFG.US,5,20131202,162500,4.2200,4.2200,4.2200,4.2200,100,0
MFG.US,5,20131202,163500,4.2100,4.2200,4.2100,4.2100,3535,0
MFG.US,5,20131202,164000,4.2200,4.2200,4.2200,4.2200,10100,0
MFG.US,5,20131202,164500,4.2100,4.2200,4.2100,4.2200,9244,0
MFG.US,5,20131202,165500,4.2200,4.2300,4.2200,4.2200,415,0
MFG.US,5,20131202,170000,4.2200,4.2200,4.2200,4.2200,100,0
MFG.US,5,20131202,171000,4.2200,4.2200,4.2200,4.2200,100,0
MFG.US,5,20131202,171500,4.2300,4.2300,4.2300,4.2300,294,0
MFG.US,5,20131202,172000,4.2200,4.2200,4.2200,4.2200,857,0
MFG.US,5,20131202,172500,4.2200,4.2300,4.2200,4.2300,200,0
MFG.US,5,20131202,173500,4.2200,4.2200,4.2200,4.2200,300,0
MFG.US,5,20131202,174000,4.2200,4.2300,4.2200,4.2300,200,0
MFG.US,5,20131202,174500,4.2300,4.2300,4.2300,4.2300,100,0
MFG.US,5,20131202,175000,4.2200,4.2200,4.2200,4.2200,100,0
MFG.US,5,20131202,180000,4.2300,4.2300,4.2300,4.2300,100,0
MFG.US,5,20131202,180500,4.2300,4.2300,4.2200,4.2200,1227,0
MFG.US,5,20131202,181000,4.2200,4.2200,4.2200,4.2200,500,0
MFG.US,5,20131202,181500,4.2300,4.2300,4.2300,4.2300,418,0
MFG.US,5,20131202,182000,4.2300,4.2300,4.2200,4.2200,1200,0
MFG.US,5,20131202,182500,4.2300,4.2300,4.2200,4.2200,1100,0
MFG.US,5,20131202,183500,4.2300,4.2300,4.2200,4.2200,200,0
MFG.US,5,20131202,184000,4.2300,4.2300,4.2300,4.2300,1400,0
MFG.US,5,20131202,184500,4.2200,4.2300,4.2200,4.2300,200,0
MFG.US,5,20131202,185000,4.2300,4.2300,4.2300,4.2300,800,0
MFG.US,5,20131202,185500,4.2300,4.2300,4.2200,4.2200,200,0
MFG.US,5,20131202,190000,4.2200,4.2300,4.2200,4.2300,900,0
MFG.US,5,20131202,191000,4.2200,4.2300,4.2200,4.2300,300,0
MFG.US,5,20131202,191500,4.2300,4.2300,4.2300,4.2300,100,0
MFG.US,5,20131202,192000,4.2200,4.2300,4.2200,4.2300,300,0
MFG.US,5,20131202,192500,4.2300,4.2300,4.2200,4.2200,200,0
MFG.US,5,20131202,193000,4.2300,4.2300,4.2300,4.2300,100,0
MFG.US,5,20131202,193500,4.2200,4.2300,4.2200,4.2300,4303,0
MFG.US,5,20131202,194000,4.2300,4.2300,4.2200,4.2300,700,0
MFG.US,5,20131202,194500,4.2300,4.2300,4.2300,4.2300,100,0
MFG.US,5,20131202,195000,4.2200,4.2300,4.2200,4.2300,200,0
MFG.US,5,20131202,195500,4.2200,4.2200,4.2200,4.2200,2314,0
MFG.US,5,20131202,200000,4.2300,4.2300,4.2300,4.2300,200,0
MFG.US,5,20131202,200500,4.2300,4.2300,4.2200,4.2200,2014,0
MFG.US,5,20131202,201000,4.2200,4.2300,4.2200,4.2300,245,0
MFG.US,5,20131202,202000,4.2300,4.2300,4.2200,4.2200,1100,0
MFG.US,5,20131202,202500,4.2300,4.2300,4.2300,4.2300,1944,0
MFG.US,5,20131202,203000,4.2300,4.2300,4.2200,4.2200,900,0
MFG.US,5,20131202,203500,4.2200,4.2300,4.2200,4.2200,438,0
MFG.US,5,20131202,204000,4.2200,4.2300,4.2200,4.2300,700,0
MFG.US,5,20131202,204500,4.2300,4.2300,4.2300,4.2300,100,0
MFG.US,5,20131202,205000,4.2200,4.2300,4.2200,4.2300,1200,0
MFG.US,5,20131202,205500,4.2300,4.2300,4.2200,4.2200,750,0
MFG.US,5,20131202,210000,4.2200,4.2300,4.2200,4.2300,2036,0
MFG.US,5,20131202,210500,4.2300,4.2300,4.2200,4.2200,200,0
MFG.US,5,20131202,211000,4.2300,4.2300,4.2300,4.2300,1700,0
MFG.US,5,20131202,211500,4.2300,4.2300,4.2200,4.2200,400,0
MFG.US,5,20131202,212000,4.2300,4.2300,4.2300,4.2300,100,0
MFG.US,5,20131202,212500,4.2300,4.2300,4.2200,4.2200,1000,0
MFG.US,5,20131202,213000,4.2300,4.2300,4.2300,4.2300,200,0
MFG.US,5,20131202,213500,4.2200,4.2300,4.2100,4.2100,11110,0
MFG.US,5,20131202,214000,4.2200,4.2200,4.2100,4.2200,2300,0
MFG.US,5,20131202,214500,4.2200,4.2200,4.2100,4.2200,1126,0
MFG.US,5,20131202,215000,4.2100,4.2200,4.2100,4.2100,3000,0
MFG.US,5,20131202,215500,4.2100,4.2200,4.2100,4.2200,1900,0
MFG.US,5,20131202,220000,4.2100,4.2200,4.2100,4.2100,17650,0
MFG.US,5,20131202,220500,4.2100,4.2100,4.2100,4.2100,7624,0
MFG.US,5,20131203,153500,4.1700,4.1700,4.1600,4.1600,21978,0
MFG.US,5,20131203,154000,4.1700,4.1800,4.1600,4.1600,22365,0
MFG.US,5,20131203,154500,4.1600,4.1700,4.1600,4.1600,13583,0
MFG.US,5,20131203,155000,4.1700,4.1700,4.1600,4.1600,1800,0
MFG.US,5,20131203,155500,4.1600,4.1600,4.1600,4.1600,800,0
MFG.US,5,20131203,160000,4.1700,4.1700,4.1600,4.1600,2400,0
MFG.US,5,20131203,160500,4.1600,4.1700,4.1600,4.1600,1418,0
MFG.US,5,20131203,161000,4.1700,4.1700,4.1600,4.1600,1670,0
MFG.US,5,20131203,161500,4.1600,4.1700,4.1600,4.1700,1100,0
MFG.US,5,20131203,162000,4.1600,4.1700,4.1600,4.1700,910,0
MFG.US,5,20131203,162500,4.1600,4.1600,4.1600,4.1600,900,0
MFG.US,5,20131203,163000,4.1600,4.1800,4.1600,4.1700,7921,0
MFG.US,5,20131203,163500,4.1700,4.1700,4.1700,4.1700,212,0
MFG.US,5,20131203,164000,4.1800,4.1800,4.1800,4.1800,1000,0
MFG.US,5,20131203,164500,4.1700,4.1800,4.1700,4.1800,800,0
MFG.US,5,20131203,165000,4.1700,4.1800,4.1700,4.1800,449,0
MFG.US,5,20131203,170000,4.1700,4.1700,4.1700,4.1700,200,0
MFG.US,5,20131203,170500,4.1700,4.1800,4.1700,4.1800,4088,0
MFG.US,5,20131203,171000,4.1700,4.1700,4.1700,4.1700,100,0
MFG.US,5,20131203,171500,4.1700,4.1700,4.1600,4.1700,7487,0
MFG.US,5,20131203,172000,4.1800,4.1800,4.1700,4.1700,10968,0
MFG.US,5,20131203,172500,4.1700,4.1700,4.1500,4.1500,18466,0
MFG.US,5,20131203,173000,4.1500,4.1500,4.1400,4.1400,31816,0
MFG.US,5,20131203,173500,4.1500,4.1500,4.1400,4.1400,700,0
MFG.US,5,20131203,174000,4.1400,4.1500,4.1400,4.1400,1689,0
MFG.US,5,20131203,174500,4.1400,4.1400,4.1400,4.1400,400,0
MFG.US,5,20131203,175000,4.1400,4.1400,4.1400,4.1400,200,0
MFG.US,5,20131203,175500,4.1500,4.1500,4.1500,4.1500,100,0
MFG.US,5,20131203,180000,4.1500,4.1500,4.1500,4.1500,200,0
MFG.US,5,20131203,180500,4.1500,4.1500,4.1400,4.1400,2600,0
MFG.US,5,20131203,181000,4.1500,4.1500,4.1500,4.1500,350,0
MFG.US,5,20131203,181500,4.1500,4.1500,4.1500,4.1500,1200,0
MFG.US,5,20131203,182000,4.1400,4.1400,4.1400,4.1400,300,0
MFG.US,5,20131203,182500,4.1500,4.1500,4.1500,4.1500,1100,0
MFG.US,5,20131203,183000,4.1400,4.1400,4.1400,4.1400,100,0
MFG.US,5,20131203,184000,4.1500,4.1500,4.1500,4.1500,1100,0
MFG.US,5,20131203,184500,4.1400,4.1400,4.1400,4.1400,300,0
MFG.US,5,20131203,185000,4.1400,4.1400,4.1400,4.1400,316,0
MFG.US,5,20131203,185500,4.1500,4.1500,4.1500,4.1500,2156,0
MFG.US,5,20131203,190000,4.1400,4.1500,4.1400,4.1500,1600,0
MFG.US,5,20131203,190500,4.1500,4.1500,4.1500,4.1500,700,0
MFG.US,5,20131203,191000,4.1400,4.1400,4.1400,4.1400,100,0
MFG.US,5,20131203,191500,4.1500,4.1500,4.1400,4.1400,4054,0
MFG.US,5,20131203,193000,4.1400,4.1500,4.1400,4.1400,300,0
MFG.US,5,20131203,193500,4.1500,4.1500,4.1400,4.1400,1600,0
MFG.US,5,20131203,194000,4.1500,4.1500,4.1500,4.1500,6224,0
MFG.US,5,20131203,194500,4.1400,4.1500,4.1400,4.1400,500,0
MFG.US,5,20131203,195000,4.1500,4.1500,4.1400,4.1400,800,0
MFG.US,5,20131203,195500,4.1400,4.1500,4.1400,4.1400,624,0
MFG.US,5,20131203,200000,4.1400,4.1400,4.1400,4.1400,300,0
MFG.US,5,20131203,200500,4.1400,4.1500,4.1400,4.1400,5564,0
MFG.US,5,20131203,201000,4.1400,4.1400,4.1400,4.1400,400,0
MFG.US,5,20131203,201500,4.1400,4.1500,4.1400,4.1500,600,0
MFG.US,5,20131203,202000,4.1500,4.1500,4.1400,4.1400,3448,0
MFG.US,5,20131203,202500,4.1500,4.1500,4.1400,4.1400,1463,0
MFG.US,5,20131203,203000,4.1500,4.1500,4.1500,4.1500,100,0
MFG.US,5,20131203,203500,4.1400,4.1500,4.1400,4.1500,2437,0
MFG.US,5,20131203,204000,4.1500,4.1500,4.1500,4.1500,1500,0
MFG.US,5,20131203,204500,4.1400,4.1500,4.1400,4.1400,2288,0
MFG.US,5,20131203,205000,4.1500,4.1600,4.1400,4.1600,6568,0
MFG.US,5,20131203,205500,4.1600,4.1600,4.1500,4.1600,5566,0
MFG.US,5,20131203,210000,4.1600,4.1600,4.1600,4.1600,100,0
MFG.US,5,20131203,210500,4.1600,4.1600,4.1600,4.1600,200,0
MFG.US,5,20131203,211000,4.1500,4.1600,4.1500,4.1600,5036,0
MFG.US,5,20131203,211500,4.1500,4.1600,4.1500,4.1600,310,0
MFG.US,5,20131203,212000,4.1600,4.1600,4.1500,4.1500,2235,0
MFG.US,5,20131203,212500,4.1600,4.1600,4.1500,4.1500,200,0
MFG.US,5,20131203,213000,4.1600,4.1600,4.1600,4.1600,1200,0
MFG.US,5,20131203,213500,4.1500,4.1600,4.1500,4.1600,3000,0
MFG.US,5,20131203,214000,4.1600,4.1600,4.1500,4.1600,3883,0
MFG.US,5,20131203,214500,4.1600,4.1600,4.1500,4.1600,2800,0
MFG.US,5,20131203,215000,4.1600,4.1700,4.1500,4.1700,9198,0
MFG.US,5,20131203,215500,4.1700,4.1700,4.1600,4.1700,5987,0
MFG.US,5,20131203,220000,4.1700,4.1700,4.1600,4.1700,14749,0
MFG.US,5,20131203,220500,4.1700,4.1700,4.1700,4.1700,5518,0
MFG.US,5,20131204,153500,4.1400,4.1400,4.1300,4.1300,19337,0
MFG.US,5,20131204,154000,4.1300,4.1400,4.1300,4.1400,3650,0
MFG.US,5,20131204,154500,4.1300,4.1400,4.1300,4.1400,500,0
MFG.US,5,20131204,155000,4.1300,4.1400,4.1300,4.1400,200,0
MFG.US,5,20131204,155500,4.1300,4.1300,4.1300,4.1300,7800,0
MFG.US,5,20131204,160000,4.1300,4.1400,4.1300,4.1300,3100,0
MFG.US,5,20131204,160500,4.1300,4.1400,4.1300,4.1300,7303,0
MFG.US,5,20131204,161000,4.1300,4.1400,4.1300,4.1300,5900,0
MFG.US,5,20131204,161500,4.1300,4.1400,4.1300,4.1300,2567,0
MFG.US,5,20131204,162000,4.1300,4.1400,4.1300,4.1300,7787,0
MFG.US,5,20131204,162500,4.1300,4.1400,4.1300,4.1300,1514,0
MFG.US,5,20131204,163000,4.1300,4.1400,4.1300,4.1300,10037,0
MFG.US,5,20131204,163500,4.1300,4.1300,4.1300,4.1300,701,0
MFG.US,5,20131204,164000,4.1300,4.1400,4.1300,4.1300,5157,0
MFG.US,5,20131204,164500,4.1300,4.1300,4.1300,4.1300,500,0
MFG.US,5,20131204,165500,4.1300,4.1400,4.1200,4.1200,41774,0
MFG.US,5,20131204,170000,4.1200,4.1200,4.1200,4.1200,13202,0
MFG.US,5,20131204,170500,4.1300,4.1300,4.1200,4.1200,700,0
MFG.US,5,20131204,171000,4.1200,4.1300,4.1200,4.1200,2900,0
MFG.US,5,20131204,171500,4.1200,4.1300,4.1200,4.1200,500,0
MFG.US,5,20131204,172000,4.1200,4.1200,4.1200,4.1200,200,0
MFG.US,5,20131204,172500,4.1200,4.1200,4.1200,4.1200,200,0
MFG.US,5,20131204,173000,4.1200,4.1200,4.1200,4.1200,300,0
MFG.US,5,20131204,173500,4.1200,4.1200,4.1200,4.1200,2000,0
MFG.US,5,20131204,174500,4.1200,4.1200,4.1200,4.1200,1000,0
MFG.US,5,20131204,175000,4.1100,4.1200,4.1000,4.1100,43040,0
MFG.US,5,20131204,175500,4.1100,4.1200,4.1100,4.1200,700,0
MFG.US,5,20131204,180000,4.1200,4.1200,4.1100,4.1100,1355,0
MFG.US,5,20131204,180500,4.1100,4.1200,4.1100,4.1100,2600,0
MFG.US,5,20131204,181000,4.1100,4.1200,4.1100,4.1200,774,0
MFG.US,5,20131204,181500,4.1200,4.1200,4.1100,4.1100,782,0
MFG.US,5,20131204,182000,4.1100,4.1100,4.1100,4.1100,100,0
MFG.US,5,20131204,182500,4.1200,4.1200,4.1200,4.1200,782,0
MFG.US,5,20131204,183000,4.1100,4.1100,4.1100,4.1100,200,0
MFG.US,5,20131204,184000,4.1200,4.1200,4.1100,4.1100,300,0
MFG.US,5,20131204,184500,4.1200,4.1200,4.1100,4.1100,1107,0
MFG.US,5,20131204,185000,4.1100,4.1100,4.1100,4.1100,100,0
MFG.US,5,20131204,190000,4.1100,4.1100,4.1100,4.1100,100,0
MFG.US,5,20131204,190500,4.1100,4.1100,4.1100,4.1100,100,0
MFG.US,5,20131204,191000,4.1100,4.1200,4.1100,4.1200,1606,0
MFG.US,5,20131204,191500,4.1200,4.1200,4.1100,4.1100,1100,0
MFG.US,5,20131204,192500,4.1100,4.1200,4.1100,4.1100,2140,0
MFG.US,5,20131204,193000,4.1100,4.1100,4.1000,4.1000,2460,0
MFG.US,5,20131204,193500,4.1100,4.1100,4.1100,4.1100,2835,0
MFG.US,5,20131204,194000,4.1100,4.1100,4.1000,4.1000,6110,0
MFG.US,5,20131204,194500,4.1100,4.1100,4.1100,4.1100,900,0
MFG.US,5,20131204,195000,4.1100,4.1100,4.1000,4.1000,600,0
MFG.US,5,20131204,195500,4.1000,4.1100,4.1000,4.1100,600,0
MFG.US,5,20131204,200000,4.1100,4.1100,4.1100,4.1100,100,0
MFG.US,5,20131204,200500,4.1100,4.1100,4.1100,4.1100,400,0
MFG.US,5,20131204,201000,4.1100,4.1200,4.1100,4.1200,8030,0
MFG.US,5,20131204,201500,4.1200,4.1200,4.1100,4.1200,500,0
MFG.US,5,20131204,202000,4.1200,4.1200,4.1100,4.1200,400,0
MFG.US,5,20131204,202500,4.1200,4.1200,4.1100,4.1200,500,0
MFG.US,5,20131204,203000,4.1100,4.1200,4.1100,4.1100,1357,0
MFG.US,5,20131204,203500,4.1100,4.1200,4.1100,4.1200,549,0
MFG.US,5,20131204,204000,4.1200,4.1200,4.1100,4.1200,3600,0
MFG.US,5,20131204,204500,4.1100,4.1200,4.1100,4.1100,400,0
MFG.US,5,20131204,205000,4.1100,4.1100,4.1100,4.1100,958,0
MFG.US,5,20131204,205500,4.1200,4.1200,4.1100,4.1200,1146,0
MFG.US,5,20131204,210000,4.1200,4.1200,4.1200,4.1200,300,0
MFG.US,5,20131204,211000,4.1100,4.1200,4.1100,4.1200,2297,0
MFG.US,5,20131204,211500,4.1200,4.1200,4.1200,4.1200,300,0
MFG.US,5,20131204,212500,4.1100,4.1200,4.1100,4.1200,7224,0
MFG.US,5,20131204,213000,4.1200,4.1200,4.1200,4.1200,200,0
MFG.US,5,20131204,213500,4.1200,4.1200,4.1200,4.1200,300,0
MFG.US,5,20131204,214000,4.1300,4.1300,4.1300,4.1300,1100,0
MFG.US,5,20131204,215000,4.1400,4.1400,4.1300,4.1400,3130,0
MFG.US,5,20131204,215500,4.1300,4.1400,4.1300,4.1400,803,0
MFG.US,5,20131204,220000,4.1300,4.1400,4.1300,4.1300,2463,0
MFG.US,5,20131204,220500,4.1400,4.1400,4.1400,4.1400,8521,0
MFG.US,5,20131205,153500,4.1400,4.1500,4.1400,4.1500,4600,0
MFG.US,5,20131205,154000,4.1500,4.1500,4.1400,4.1500,1551,0
MFG.US,5,20131205,154500,4.1500,4.1500,4.1400,4.1400,1171,0
MFG.US,5,20131205,155000,4.1400,4.1400,4.1400,4.1400,600,0
MFG.US,5,20131205,155500,4.1400,4.1500,4.1400,4.1500,500,0
MFG.US,5,20131205,160000,4.1500,4.1500,4.1400,4.1500,1600,0
MFG.US,5,20131205,160500,4.1500,4.1500,4.1400,4.1500,5218,0
MFG.US,5,20131205,161000,4.1500,4.1500,4.1400,4.1500,1346,0
MFG.US,5,20131205,161500,4.1500,4.1500,4.1500,4.1500,300,0
MFG.US,5,20131205,162000,4.1500,4.1500,4.1500,4.1500,300,0
MFG.US,5,20131205,162500,4.1500,4.1500,4.1400,4.1400,4600,0
MFG.US,5,20131205,163000,4.1400,4.1400,4.1400,4.1400,400,0
MFG.US,5,20131205,163500,4.1500,4.1500,4.1400,4.1400,1789,0
MFG.US,5,20131205,164500,4.1500,4.1500,4.1300,4.1400,2579,0
MFG.US,5,20131205,165000,4.1300,4.1300,4.1300,4.1300,700,0
MFG.US,5,20131205,165500,4.1300,4.1400,4.1300,4.1300,700,0
MFG.US,5,20131205,170500,4.1300,4.1400,4.1300,4.1300,9009,0
MFG.US,5,20131205,171000,4.1400,4.1400,4.1300,4.1400,968,0
MFG.US,5,20131205,171500,4.1400,4.1400,4.1400,4.1400,400,0
MFG.US,5,20131205,172000,4.1400,4.1400,4.1400,4.1400,100,0
MFG.US,5,20131205,173000,4.1300,4.1300,4.1300,4.1300,2150,0
MFG.US,5,20131205,173500,4.1300,4.1400,4.1200,4.1200,3417,0
MFG.US,5,20131205,174000,4.1300,4.1300,4.1300,4.1300,5100,0
MFG.US,5,20131205,174500,4.1300,4.1300,4.1300,4.1300,100,0
MFG.US,5,20131205,175000,4.1300,4.1300,4.1200,4.1200,300,0
MFG.US,5,20131205,175500,4.1200,4.1200,4.1200,4.1200,500,0
MFG.US,5,20131205,180500,4.1200,4.1300,4.1200,4.1300,2700,0
MFG.US,5,20131205,181000,4.1200,4.1200,4.1200,4.1200,200,0
MFG.US,5,20131205,182000,4.1200,4.1300,4.1200,4.1300,2400,0
MFG.US,5,20131205,182500,4.1200,4.1200,4.1200,4.1200,1312,0
MFG.US,5,20131205,183000,4.1300,4.1300,4.1200,4.1200,1471,0
MFG.US,5,20131205,183500,4.1200,4.1300,4.1200,4.1300,1480,0
MFG.US,5,20131205,184000,4.1300,4.1300,4.1300,4.1300,300,0
MFG.US,5,20131205,184500,4.1300,4.1400,4.1300,4.1300,9700,0
MFG.US,5,20131205,185000,4.1400,4.1400,4.1300,4.1400,4100,0
MFG.US,5,20131205,185500,4.1400,4.1500,4.1400,4.1500,11900,0
MFG.US,5,20131205,190000,4.1400,4.1400,4.1400,4.1400,100,0
MFG.US,5,20131205,190500,4.1400,4.1500,4.1400,4.1400,7200,0
MFG.US,5,20131205,191000,4.1400,4.1500,4.1400,4.1400,12500,0
MFG.US,5,20131205,191500,4.1400,4.1500,4.1400,4.1500,16493,0
MFG.US,5,20131205,192000,4.1500,4.1500,4.1400,4.1400,400,0
MFG.US,5,20131205,192500,4.1500,4.1500,4.1400,4.1400,1653,0
MFG.US,5,20131205,193000,4.1500,4.1500,4.1400,4.1500,1815,0
MFG.US,5,20131205,193500,4.1400,4.1400,4.1400,4.1400,400,0
MFG.US,5,20131205,194000,4.1400,4.1400,4.1400,4.1400,400,0
MFG.US,5,20131205,194500,4.1400,4.1400,4.1400,4.1400,1067,0
MFG.US,5,20131205,195000,4.1400,4.1400,4.1400,4.1400,400,0
MFG.US,5,20131205,195500,4.1400,4.1500,4.1400,4.1500,4771,0
MFG.US,5,20131205,200000,4.1500,4.1500,4.1400,4.1400,400,0
MFG.US,5,20131205,200500,4.1400,4.1500,4.1400,4.1400,700,0
MFG.US,5,20131205,201000,4.1400,4.1500,4.1400,4.1500,2300,0
MFG.US,5,20131205,201500,4.1500,4.1700,4.1400,4.1600,71855,0
MFG.US,5,20131205,202000,4.1600,4.1600,4.1600,4.1600,824,0
MFG.US,5,20131205,202500,4.1600,4.1700,4.1600,4.1600,31864,0
MFG.US,5,20131205,203000,4.1600,4.1700,4.1600,4.1600,4200,0
MFG.US,5,20131205,203500,4.1600,4.1700,4.1600,4.1600,1600,0
MFG.US,5,20131205,204000,4.1600,4.1700,4.1600,4.1700,2400,0
MFG.US,5,20131205,204500,4.1600,4.1700,4.1600,4.1700,400,0
MFG.US,5,20131205,205000,4.1600,4.1700,4.1600,4.1600,400,0
MFG.US,5,20131205,205500,4.1600,4.1600,4.1600,4.1600,200,0
MFG.US,5,20131205,210000,4.1600,4.1700,4.1600,4.1600,3406,0
MFG.US,5,20131205,210500,4.1700,4.1700,4.1600,4.1600,300,0
MFG.US,5,20131205,211000,4.1700,4.1700,4.1700,4.1700,100,0
MFG.US,5,20131205,211500,4.1600,4.1700,4.1600,4.1700,1259,0
MFG.US,5,20131205,212000,4.1700,4.1700,4.1600,4.1700,500,0
MFG.US,5,20131205,212500,4.1600,4.1800,4.1600,4.1700,74941,0
MFG.US,5,20131205,213000,4.1700,4.1700,4.1700,4.1700,100,0
MFG.US,5,20131205,213500,4.1600,4.1700,4.1500,4.1600,23400,0
MFG.US,5,20131205,214000,4.1600,4.1600,4.1500,4.1600,3150,0
MFG.US,5,20131205,214500,4.1500,4.1500,4.1400,4.1400,34269,0
MFG.US,5,20131205,215000,4.1400,4.1500,4.1400,4.1500,2539,0
MFG.US,5,20131205,215500,4.1500,4.1500,4.1400,4.1400,1874,0
MFG.US,5,20131205,220000,4.1400,4.1500,4.1400,4.1400,5000,0
MFG.US,5,20131205,220500,4.1500,4.1500,4.1500,4.1500,5649,0
MFG.US,5,20131206,153500,4.1700,4.1800,4.1700,4.1700,19700,0
MFG.US,5,20131206,154000,4.1800,4.1800,4.1700,4.1800,20020,0
MFG.US,5,20131206,154500,4.1700,4.1800,4.1700,4.1800,7000,0
MFG.US,5,20131206,155000,4.1800,4.1800,4.1700,4.1800,1500,0
MFG.US,5,20131206,155500,4.1800,4.1800,4.1700,4.1800,1003,0
MFG.US,5,20131206,160000,4.1800,4.1800,4.1700,4.1800,1627,0
MFG.US,5,20131206,160500,4.1800,4.1900,4.1800,4.1800,1600,0
MFG.US,5,20131206,161000,4.1900,4.1900,4.1900,4.1900,177,0
MFG.US,5,20131206,161500,4.1800,4.1800,4.1800,4.1800,200,0
MFG.US,5,20131206,162000,4.1800,4.1800,4.1800,4.1800,100,0
MFG.US,5,20131206,162500,4.1800,4.1800,4.1800,4.1800,100,0
MFG.US,5,20131206,163000,4.1900,4.1900,4.1800,4.1800,815,0
MFG.US,5,20131206,163500,4.1900,4.1900,4.1800,4.1900,6700,0
MFG.US,5,20131206,164000,4.1900,4.1900,4.1800,4.1900,900,0
MFG.US,5,20131206,164500,4.1800,4.1900,4.1800,4.1800,674,0
MFG.US,5,20131206,165000,4.1900,4.1900,4.1800,4.1900,4739,0
MFG.US,5,20131206,165500,4.1900,4.1900,4.1800,4.1900,1269,0
MFG.US,5,20131206,170000,4.1800,4.1800,4.1800,4.1800,105,0
MFG.US,5,20131206,170500,4.1800,4.1900,4.1800,4.1800,1100,0
MFG.US,5,20131206,171000,4.1800,4.1900,4.1800,4.1800,1690,0
MFG.US,5,20131206,171500,4.1900,4.1900,4.1800,4.1800,700,0
MFG.US,5,20131206,172000,4.1800,4.1900,4.1800,4.1900,1500,0
MFG.US,5,20131206,172500,4.1800,4.1900,4.1800,4.1800,1262,0
MFG.US,5,20131206,173000,4.1800,4.1900,4.1800,4.1900,630,0
MFG.US,5,20131206,173500,4.1800,4.1800,4.1800,4.1800,300,0
MFG.US,5,20131206,174000,4.1800,4.1900,4.1800,4.1800,500,0
MFG.US,5,20131206,174500,4.1900,4.1900,4.1800,4.1800,2743,0
MFG.US,5,20131206,175000,4.1800,4.1900,4.1800,4.1800,10600,0
MFG.US,5,20131206,175500,4.1800,4.1900,4.1800,4.1900,1500,0
MFG.US,5,20131206,180000,4.1800,4.1800,4.1800,4.1800,700,0
MFG.US,5,20131206,180500,4.1800,4.1800,4.1800,4.1800,400,0
MFG.US,5,20131206,181000,4.1800,4.1900,4.1800,4.1900,814,0
MFG.US,5,20131206,181500,4.1800,4.1800,4.1800,4.1800,600,0
MFG.US,5,20131206,182000,4.1900,4.1900,4.1800,4.1800,600,0
MFG.US,5,20131206,182500,4.1800,4.1800,4.1800,4.1800,400,0
MFG.US,5,20131206,183000,4.1800,4.1900,4.1800,4.1900,600,0
MFG.US,5,20131206,183500,4.1800,4.1900,4.1800,4.1800,1100,0
MFG.US,5,20131206,184000,4.1900,4.1900,4.1800,4.1800,1500,0
MFG.US,5,20131206,184500,4.1900,4.1900,4.1800,4.1800,2500,0
MFG.US,5,20131206,185000,4.1900,4.1900,4.1800,4.1900,1500,0
MFG.US,5,20131206,185500,4.1900,4.1900,4.1800,4.1800,2200,0
MFG.US,5,20131206,190000,4.1800,4.2000,4.1800,4.1900,8172,0
MFG.US,5,20131206,190500,4.1900,4.1900,4.1800,4.1900,800,0
MFG.US,5,20131206,191000,4.1900,4.1900,4.1800,4.1900,1225,0
MFG.US,5,20131206,191500,4.1800,4.1900,4.1800,4.1800,6055,0
MFG.US,5,20131206,192000,4.1800,4.1900,4.1800,4.1900,1200,0
MFG.US,5,20131206,192500,4.1900,4.1900,4.1800,4.1800,700,0
MFG.US,5,20131206,193000,4.1800,4.1900,4.1800,4.1900,1100,0
MFG.US,5,20131206,193500,4.1800,4.1900,4.1800,4.1900,2684,0
MFG.US,5,20131206,194000,4.1900,4.1900,4.1800,4.1900,600,0
MFG.US,5,20131206,194500,4.1800,4.1800,4.1800,4.1800,700,0
MFG.US,5,20131206,195000,4.1900,4.1900,4.1800,4.1900,500,0
MFG.US,5,20131206,195500,4.1800,4.1900,4.1800,4.1800,1403,0
MFG.US,5,20131206,200000,4.1900,4.1900,4.1800,4.1800,700,0
MFG.US,5,20131206,200500,4.1900,4.1900,4.1800,4.1900,1582,0
MFG.US,5,20131206,201000,4.1800,4.1900,4.1800,4.1800,1600,0
MFG.US,5,20131206,201500,4.1900,4.1900,4.1800,4.1800,2169,0
MFG.US,5,20131206,202000,4.1800,4.1800,4.1800,4.1800,437,0
MFG.US,5,20131206,202500,4.1900,4.1900,4.1800,4.1800,400,0
MFG.US,5,20131206,203000,4.1800,4.1800,4.1800,4.1800,2000,0
MFG.US,5,20131206,203500,4.1800,4.1800,4.1800,4.1800,600,0
MFG.US,5,20131206,204000,4.1800,4.1900,4.1800,4.1900,668,0
MFG.US,5,20131206,204500,4.1900,4.1900,4.1800,4.1800,900,0
MFG.US,5,20131206,205000,4.1900,4.1900,4.1800,4.1800,500,0
MFG.US,5,20131206,205500,4.1900,4.1900,4.1800,4.1800,855,0
MFG.US,5,20131206,210000,4.1800,4.1800,4.1800,4.1800,400,0
MFG.US,5,20131206,210500,4.1800,4.1900,4.1800,4.1900,3046,0
MFG.US,5,20131206,211000,4.1900,4.1900,4.1800,4.1800,1640,0
MFG.US,5,20131206,211500,4.1900,4.1900,4.1800,4.1900,1000,0
MFG.US,5,20131206,212000,4.1900,4.1900,4.1800,4.1800,500,0
MFG.US,5,20131206,212500,4.1900,4.1900,4.1800,4.1800,949,0
MFG.US,5,20131206,213000,4.1800,4.1800,4.1800,4.1800,437,0
MFG.US,5,20131206,213500,4.1800,4.1800,4.1800,4.1800,500,0
MFG.US,5,20131206,214000,4.1800,4.1900,4.1700,4.1800,11727,0
MFG.US,5,20131206,214500,4.1900,4.1900,4.1700,4.1700,7100,0
MFG.US,5,20131206,215000,4.1700,4.1800,4.1700,4.1700,15503,0
MFG.US,5,20131206,215500,4.1700,4.1800,4.1700,4.1700,5800,0
MFG.US,5,20131206,220000,4.1700,4.1800,4.1700,4.1800,12973,0
MFG.US,5,20131206,220500,4.1800,4.1800,4.1800,4.1800,6890,0
MFG.US,5,20131209,153500,4.1700,4.1700,4.1700,4.1700,100,0
MFG.US,5,20131209,154000,4.1700,4.1700,4.1600,4.1600,5600,0
MFG.US,5,20131209,155500,4.1700,4.1700,4.1700,4.1700,100,0
MFG.US,5,20131209,160000,4.1600,4.1700,4.1600,4.1700,3554,0
MFG.US,5,20131209,160500,4.1700,4.1700,4.1600,4.1700,1433,0
MFG.US,5,20131209,161000,4.1700,4.1700,4.1600,4.1600,5772,0
MFG.US,5,20131209,161500,4.1700,4.1700,4.1700,4.1700,200,0
MFG.US,5,20131209,162000,4.1700,4.1700,4.1600,4.1700,1700,0
MFG.US,5,20131209,162500,4.1700,4.1700,4.1700,4.1700,100,0
MFG.US,5,20131209,163000,4.1600,4.1700,4.1600,4.1700,3400,0
MFG.US,5,20131209,163500,4.1700,4.1700,4.1600,4.1600,263,0
MFG.US,5,20131209,164000,4.1700,4.1700,4.1600,4.1600,300,0
MFG.US,5,20131209,165000,4.1700,4.1700,4.1700,4.1700,100,0
MFG.US,5,20131209,165500,4.1600,4.1600,4.1600,4.1600,500,0
MFG.US,5,20131209,170000,4.1600,4.1600,4.1600,4.1600,400,0
MFG.US,5,20131209,170500,4.1600,4.1700,4.1600,4.1700,200,0
MFG.US,5,20131209,171000,4.1600,4.1700,4.1600,4.1600,838,0
MFG.US,5,20131209,171500,4.1600,4.1700,4.1600,4.1700,700,0
MFG.US,5,20131209,172000,4.1600,4.1700,4.1600,4.1600,1600,0
MFG.US,5,20131209,172500,4.1700,4.1700,4.1600,4.1700,1518,0
MFG.US,5,20131209,173000,4.1600,4.1700,4.1600,4.1700,1300,0
MFG.US,5,20131209,173500,4.1600,4.1700,4.1600,4.1600,1700,0
MFG.US,5,20131209,174000,4.1600,4.1700,4.1600,4.1600,5893,0
MFG.US,5,20131209,174500,4.1500,4.1600,4.1500,4.1500,13009,0
MFG.US,5,20131209,175000,4.1600,4.1600,4.1500,4.1500,1024,0
MFG.US,5,20131209,175500,4.1600,4.1600,4.1500,4.1500,716,0
MFG.US,5,20131209,180000,4.1500,4.1600,4.1500,4.1500,2500,0
MFG.US,5,20131209,180500,4.1500,4.1600,4.1500,4.1600,1400,0
MFG.US,5,20131209,181000,4.1600,4.1600,4.1500,4.1500,800,0
MFG.US,5,20131209,181500,4.1600,4.1600,4.1500,4.1600,4501,0
MFG.US,5,20131209,182000,4.1500,4.1600,4.1500,4.1500,700,0
MFG.US,5,20131209,182500,4.1600,4.1600,4.1600,4.1600,200,0
MFG.US,5,20131209,183000,4.1500,4.1500,4.1400,4.1400,3601,0
MFG.US,5,20131209,183500,4.1500,4.1500,4.1400,4.1400,600,0
MFG.US,5,20131209,184000,4.1500,4.1500,4.1400,4.1500,6066,0
MFG.US,5,20131209,184500,4.1500,4.1500,4.1400,4.1500,1321,0
MFG.US,5,20131209,185000,4.1500,4.1500,4.1400,4.1400,500,0
MFG.US,5,20131209,185500,4.1500,4.1500,4.1400,4.1400,1225,0
MFG.US,5,20131209,190000,4.1500,4.1500,4.1400,4.1400,1906,0
MFG.US,5,20131209,190500,4.1500,4.1500,4.1400,4.1500,586,0
MFG.US,5,20131209,191000,4.1500,4.1500,4.1500,4.1500,2100,0
MFG.US,5,20131209,191500,4.1500,4.1500,4.1500,4.1500,800,0
MFG.US,5,20131209,192000,4.1500,4.1500,4.1400,4.1400,1100,0
MFG.US,5,20131209,192500,4.1500,4.1500,4.1400,4.1400,900,0
MFG.US,5,20131209,193000,4.1500,4.1600,4.1500,4.1500,5074,0
MFG.US,5,20131209,193500,4.1600,4.1600,4.1600,4.1600,300,0
MFG.US,5,20131209,194000,4.1600,4.1600,4.1500,4.1500,2010,0
MFG.US,5,20131209,194500,4.1600,4.1600,4.1500,4.1500,2769,0
MFG.US,5,20131209,195000,4.1500,4.1500,4.1500,4.1500,100,0
MFG.US,5,20131209,195500,4.1600,4.1600,4.1600,4.1600,100,0
MFG.US,5,20131209,200000,4.1500,4.1600,4.1500,4.1500,4292,0
MFG.US,5,20131209,200500,4.1500,4.1600,4.1500,4.1500,2757,0
MFG.US,5,20131209,201000,4.1500,4.1600,4.1400,4.1400,4404,0
MFG.US,5,20131209,201500,4.1400,4.1400,4.1400,4.1400,7359,0
MFG.US,5,20131209,202000,4.1400,4.1400,4.1300,4.1400,5544,0
MFG.US,5,20131209,202500,4.1400,4.1400,4.1300,4.1300,1200,0
MFG.US,5,20131209,203000,4.1300,4.1400,4.1300,4.1400,1200,0
MFG.US,5,20131209,203500,4.1400,4.1400,4.1300,4.1400,500,0
MFG.US,5,20131209,204000,4.1300,4.1400,4.1300,4.1400,1850,0
MFG.US,5,20131209,204500,4.1300,4.1400,4.1300,4.1400,1068,0
MFG.US,5,20131209,205000,4.1400,4.1400,4.1300,4.1300,1042,0
MFG.US,5,20131209,205500,4.1300,4.1400,4.1300,4.1300,1040,0
MFG.US,5,20131209,210000,4.1300,4.1400,4.1300,4.1300,1182,0
MFG.US,5,20131209,210500,4.1400,4.1400,4.1300,4.1400,4933,0
MFG.US,5,20131209,211000,4.1400,4.1400,4.1300,4.1400,3815,0
MFG.US,5,20131209,211500,4.1400,4.1400,4.1300,4.1300,2634,0
MFG.US,5,20131209,212000,4.1400,4.1400,4.1300,4.1300,2483,0
MFG.US,5,20131209,212500,4.1400,4.1400,4.1300,4.1400,5275,0
MFG.US,5,20131209,213000,4.1300,4.1300,4.1300,4.1300,200,0
MFG.US,5,20131209,213500,4.1300,4.1400,4.1300,4.1400,1900,0
MFG.US,5,20131209,214000,4.1300,4.1400,4.1300,4.1300,2639,0
MFG.US,5,20131209,214500,4.1400,4.1400,4.1300,4.1400,6100,0
MFG.US,5,20131209,215000,4.1300,4.1500,4.1300,4.1500,19408,0
MFG.US,5,20131209,215500,4.1400,4.1500,4.1400,4.1400,5602,0
MFG.US,5,20131209,220000,4.1500,4.1500,4.1400,4.1400,8788,0
MFG.US,5,20131209,220500,4.1400,4.1400,4.1400,4.1400,2103,0
