<TICKER>,<PER>,<DTYYYYMMDD>,<TIME>,<OPEN>,<HIGH>,<LOW>,<CLOSE>,<VOL>,<OPENINT>
MUS.US,5,20131112,153500,11.7700,11.7700,11.7700,11.7700,1200,0
MUS.US,5,20131112,154000,11.7700,11.7700,11.7500,11.7500,3600,0
MUS.US,5,20131112,154500,11.7400,11.7400,11.7400,11.7400,1276,0
MUS.US,5,20131112,155500,11.7400,11.7700,11.7300,11.7600,1179,0
MUS.US,5,20131112,160000,11.7800,11.7800,11.7800,11.7800,1249,0
MUS.US,5,20131112,161000,11.7700,11.7700,11.7700,11.7700,300,0
MUS.US,5,20131112,161500,11.7800,11.7800,11.7700,11.7700,200,0
MUS.US,5,20131112,162500,11.7700,11.7800,11.7700,11.7700,700,0
MUS.US,5,20131112,163000,11.7700,11.7700,11.7700,11.7700,100,0
MUS.US,5,20131112,163500,11.7700,11.7700,11.7600,11.7700,900,0
MUS.US,5,20131112,164000,11.7700,11.7700,11.7700,11.7700,100,0
MUS.US,5,20131112,170000,11.7600,11.7600,11.7600,11.7600,100,0
MUS.US,5,20131112,170500,11.7600,11.7600,11.7600,11.7600,100,0
MUS.US,5,20131112,171000,11.7600,11.7600,11.7600,11.7600,100,0
MUS.US,5,20131112,171500,11.7600,11.7600,11.7600,11.7600,200,0
MUS.US,5,20131112,172000,11.7600,11.7600,11.7600,11.7600,100,0
MUS.US,5,20131112,172500,11.7600,11.7600,11.7600,11.7600,100,0
MUS.US,5,20131112,173000,11.7600,11.7600,11.7600,11.7600,200,0
MUS.US,5,20131112,173500,11.7600,11.7600,11.7600,11.7600,405,0
MUS.US,5,20131112,174000,11.7600,11.7800,11.7400,11.7700,6448,0
MUS.US,5,20131112,174500,11.7500,11.7600,11.7500,11.7600,400,0
MUS.US,5,20131112,175000,11.7500,11.7500,11.7500,11.7500,100,0
MUS.US,5,20131112,180000,11.7500,11.7500,11.7500,11.7500,100,0
MUS.US,5,20131112,180500,11.7500,11.7500,11.7500,11.7500,200,0
MUS.US,5,20131112,181000,11.7500,11.7500,11.7500,11.7500,200,0
MUS.US,5,20131112,183000,11.7500,11.7500,11.7500,11.7500,100,0
MUS.US,5,20131112,183500,11.7500,11.7500,11.7500,11.7500,100,0
MUS.US,5,20131112,184500,11.7500,11.7500,11.7500,11.7500,100,0
MUS.US,5,20131112,190000,11.7200,11.7200,11.7200,11.7200,100,0
MUS.US,5,20131112,190500,11.7300,11.7300,11.7300,11.7300,300,0
MUS.US,5,20131112,191000,11.7400,11.7400,11.7400,11.7400,100,0
MUS.US,5,20131112,191500,11.7300,11.7300,11.7300,11.7300,100,0
MUS.US,5,20131112,192000,11.7300,11.7300,11.7300,11.7300,100,0
MUS.US,5,20131112,192500,11.7300,11.7300,11.7300,11.7300,100,0
MUS.US,5,20131112,193000,11.7300,11.7400,11.7300,11.7300,1000,0
MUS.US,5,20131112,193500,11.7300,11.7400,11.7300,11.7300,400,0
MUS.US,5,20131112,194000,11.7400,11.7400,11.7400,11.7400,100,0
MUS.US,5,20131112,195000,11.7400,11.7400,11.7300,11.7300,300,0
MUS.US,5,20131112,195500,11.7400,11.7400,11.7400,11.7400,100,0
MUS.US,5,20131112,200000,11.7400,11.7400,11.7300,11.7300,396,0
MUS.US,5,20131112,200500,11.7300,11.7400,11.7300,11.7400,1035,0
MUS.US,5,20131112,201000,11.7300,11.7400,11.7300,11.7400,300,0
MUS.US,5,20131112,202500,11.7300,11.7300,11.7300,11.7300,500,0
MUS.US,5,20131112,203500,11.7300,11.7400,11.7300,11.7300,1500,0
MUS.US,5,20131112,204500,11.7300,11.7300,11.7300,11.7300,200,0
MUS.US,5,20131112,205500,11.7300,11.7300,11.7300,11.7300,1000,0
MUS.US,5,20131112,210000,11.7400,11.7400,11.7400,11.7400,4121,0
MUS.US,5,20131112,212000,11.7300,11.7400,11.7300,11.7400,700,0
MUS.US,5,20131112,213000,11.7400,11.7400,11.7400,11.7400,400,0
MUS.US,5,20131112,213500,11.7400,11.7400,11.7400,11.7400,400,0
MUS.US,5,20131112,214000,11.7500,11.7500,11.7500,11.7500,510,0
MUS.US,5,20131112,215500,11.7400,11.7400,11.7400,11.7400,383,0
MUS.US,5,20131112,220000,11.7400,11.7400,11.7400,11.7400,917,0
MUS.US,5,20131112,221000,11.7500,11.7500,11.7500,11.7500,509,0
MUS.US,5,20131113,153500,11.6600,11.6800,11.6300,11.6800,1008,0
MUS.US,5,20131113,154000,11.6800,11.6800,11.6600,11.6800,7100,0
MUS.US,5,20131113,154500,11.6600,11.6600,11.6600,11.6600,100,0
MUS.US,5,20131113,155500,11.6600,11.6800,11.6600,11.6700,5092,0
MUS.US,5,20131113,160000,11.6700,11.6700,11.6700,11.6700,100,0
MUS.US,5,20131113,161000,11.6700,11.6700,11.6700,11.6700,850,0
MUS.US,5,20131113,162000,11.6600,11.6600,11.6600,11.6600,100,0
MUS.US,5,20131113,162500,11.6500,11.6500,11.6500,11.6500,200,0
MUS.US,5,20131113,163000,11.6400,11.6400,11.6400,11.6400,100,0
MUS.US,5,20131113,163500,11.6600,11.6600,11.6600,11.6600,100,0
MUS.US,5,20131113,165000,11.6800,11.6800,11.6800,11.6800,808,0
MUS.US,5,20131113,165500,11.6700,11.6700,11.6500,11.6500,2200,0
MUS.US,5,20131113,170000,11.6500,11.6600,11.6500,11.6600,1500,0
MUS.US,5,20131113,170500,11.6600,11.6600,11.6600,11.6600,100,0
MUS.US,5,20131113,172000,11.6600,11.6600,11.6600,11.6600,200,0
MUS.US,5,20131113,172500,11.6500,11.6500,11.6500,11.6500,100,0
MUS.US,5,20131113,173500,11.6600,11.6600,11.6500,11.6500,200,0
MUS.US,5,20131113,174000,11.6600,11.6600,11.6600,11.6600,100,0
MUS.US,5,20131113,175000,11.6700,11.6700,11.6700,11.6700,1500,0
MUS.US,5,20131113,180000,11.6500,11.6700,11.6500,11.6600,2100,0
MUS.US,5,20131113,180500,11.6600,11.6700,11.6600,11.6700,1100,0
MUS.US,5,20131113,181000,11.6600,11.6600,11.6600,11.6600,100,0
MUS.US,5,20131113,181500,11.6600,11.6600,11.6600,11.6600,200,0
MUS.US,5,20131113,182500,11.6700,11.6700,11.6700,11.6700,1595,0
MUS.US,5,20131113,190000,11.6600,11.6600,11.6600,11.6600,400,0
MUS.US,5,20131113,194000,11.6600,11.6600,11.6600,11.6600,200,0
MUS.US,5,20131113,200500,11.6700,11.6700,11.6700,11.6700,200,0
MUS.US,5,20131113,201500,11.6700,11.6700,11.6700,11.6700,100,0
MUS.US,5,20131113,202000,11.6800,11.6800,11.6700,11.6700,200,0
MUS.US,5,20131113,203500,11.6700,11.6700,11.6700,11.6700,200,0
MUS.US,5,20131113,205000,11.6700,11.6700,11.6700,11.6700,200,0
MUS.US,5,20131113,205500,11.6800,11.6800,11.6800,11.6800,2949,0
MUS.US,5,20131113,210500,11.6700,11.6700,11.6700,11.6700,500,0
MUS.US,5,20131113,212500,11.6900,11.7000,11.6900,11.7000,2200,0
MUS.US,5,20131113,213000,11.7100,11.7200,11.7100,11.7200,6300,0
MUS.US,5,20131113,214500,11.7200,11.7200,11.7200,11.7200,1200,0
MUS.US,5,20131113,215000,11.7100,11.7100,11.7100,11.7100,1200,0
MUS.US,5,20131113,215500,11.7200,11.7200,11.7200,11.7200,800,0
MUS.US,5,20131113,220500,11.7100,11.7100,11.7100,11.7100,220,0
MUS.US,5,20131114,153500,11.6700,11.7100,11.6700,11.7100,3991,0
MUS.US,5,20131114,154000,11.6800,11.6800,11.6800,11.6800,100,0
MUS.US,5,20131114,154500,11.6800,11.6800,11.6700,11.6700,1388,0
MUS.US,5,20131114,155000,11.6700,11.6700,11.6700,11.6700,200,0
MUS.US,5,20131114,155500,11.6800,11.6800,11.6700,11.6700,352,0
MUS.US,5,20131114,160000,11.6800,11.6800,11.6800,11.6800,200,0
MUS.US,5,20131114,160500,11.6800,11.6800,11.6800,11.6800,2200,0
MUS.US,5,20131114,161000,11.6800,11.6900,11.6800,11.6900,700,0
MUS.US,5,20131114,161500,11.7000,11.7000,11.7000,11.7000,100,0
MUS.US,5,20131114,162000,11.7000,11.7000,11.7000,11.7000,100,0
MUS.US,5,20131114,162500,11.7000,11.7000,11.7000,11.7000,100,0
MUS.US,5,20131114,163000,11.7100,11.7100,11.7100,11.7100,200,0
MUS.US,5,20131114,164000,11.7100,11.7100,11.7100,11.7100,100,0
MUS.US,5,20131114,164500,11.7200,11.7200,11.7200,11.7200,600,0
MUS.US,5,20131114,165500,11.7200,11.7300,11.7200,11.7300,1227,0
MUS.US,5,20131114,170000,11.7500,11.7500,11.7500,11.7500,200,0
MUS.US,5,20131114,170500,11.7400,11.7400,11.7300,11.7300,580,0
MUS.US,5,20131114,172500,11.7500,11.7500,11.7500,11.7500,100,0
MUS.US,5,20131114,174000,11.7600,11.7600,11.7500,11.7500,200,0
MUS.US,5,20131114,174500,11.7600,11.7700,11.7600,11.7700,1627,0
MUS.US,5,20131114,175500,11.7700,11.7700,11.7500,11.7500,7115,0
MUS.US,5,20131114,182000,11.7400,11.7400,11.7400,11.7400,100,0
MUS.US,5,20131114,185500,11.7600,11.7600,11.7300,11.7300,1300,0
MUS.US,5,20131114,191500,11.7600,11.7600,11.7600,11.7600,1000,0
MUS.US,5,20131114,193000,11.7200,11.7200,11.7000,11.7000,4400,0
MUS.US,5,20131114,193500,11.7000,11.7000,11.7000,11.7000,2000,0
MUS.US,5,20131114,194500,11.7000,11.7000,11.7000,11.7000,3900,0
MUS.US,5,20131114,195500,11.7000,11.7000,11.7000,11.7000,100,0
MUS.US,5,20131114,202000,11.7000,11.7000,11.7000,11.7000,500,0
MUS.US,5,20131114,210000,11.6900,11.6900,11.6900,11.6900,1950,0
MUS.US,5,20131114,213000,11.7000,11.7000,11.6900,11.6900,4000,0
MUS.US,5,20131114,213500,11.6900,11.6900,11.6900,11.6900,700,0
MUS.US,5,20131114,214000,11.6900,11.6900,11.6900,11.6900,900,0
MUS.US,5,20131114,220000,11.6900,11.6900,11.6900,11.6900,100,0
MUS.US,5,20131114,221000,11.7000,11.7000,11.7000,11.7000,551,0
MUS.US,5,20131115,153500,11.7500,11.7500,11.7100,11.7100,200,0
MUS.US,5,20131115,154000,11.6900,11.6900,11.6900,11.6900,100,0
MUS.US,5,20131115,154500,11.6900,11.6900,11.6900,11.6900,100,0
MUS.US,5,20131115,155000,11.7000,11.7100,11.7000,11.7100,500,0
MUS.US,5,20131115,155500,11.7100,11.7100,11.7100,11.7100,400,0
MUS.US,5,20131115,160000,11.7100,11.7100,11.7100,11.7100,300,0
MUS.US,5,20131115,160500,11.7000,11.7000,11.7000,11.7000,300,0
MUS.US,5,20131115,162000,11.7000,11.7000,11.7000,11.7000,200,0
MUS.US,5,20131115,162500,11.6900,11.7100,11.6900,11.7000,800,0
MUS.US,5,20131115,163000,11.7000,11.7000,11.7000,11.7000,200,0
MUS.US,5,20131115,163500,11.6900,11.7000,11.6900,11.7000,325,0
MUS.US,5,20131115,164000,11.7000,11.7000,11.7000,11.7000,200,0
MUS.US,5,20131115,164500,11.7000,11.7000,11.6900,11.7000,4216,0
MUS.US,5,20131115,165000,11.7000,11.7000,11.7000,11.7000,300,0
MUS.US,5,20131115,165500,11.7000,11.7000,11.7000,11.7000,100,0
MUS.US,5,20131115,170000,11.7000,11.7000,11.7000,11.7000,500,0
MUS.US,5,20131115,170500,11.7000,11.7000,11.7000,11.7000,200,0
MUS.US,5,20131115,171000,11.7000,11.7000,11.7000,11.7000,2436,0
MUS.US,5,20131115,171500,11.7000,11.7000,11.7000,11.7000,400,0
MUS.US,5,20131115,172000,11.7100,11.7100,11.7000,11.7000,800,0
MUS.US,5,20131115,172500,11.7000,11.7000,11.7000,11.7000,100,0
MUS.US,5,20131115,173000,11.7000,11.7000,11.7000,11.7000,1800,0
MUS.US,5,20131115,173500,11.7000,11.7000,11.6900,11.6900,400,0
MUS.US,5,20131115,174000,11.7100,11.7100,11.7000,11.7000,1122,0
MUS.US,5,20131115,174500,11.7000,11.7000,11.7000,11.7000,100,0
MUS.US,5,20131115,175000,11.7000,11.7000,11.7000,11.7000,200,0
MUS.US,5,20131115,175500,11.7000,11.7000,11.7000,11.7000,300,0
MUS.US,5,20131115,180000,11.7000,11.7000,11.7000,11.7000,100,0
MUS.US,5,20131115,180500,11.7000,11.7000,11.7000,11.7000,100,0
MUS.US,5,20131115,181000,11.7000,11.7000,11.7000,11.7000,100,0
MUS.US,5,20131115,181500,11.7000,11.7000,11.7000,11.7000,200,0
MUS.US,5,20131115,182000,11.7000,11.7000,11.7000,11.7000,100,0
MUS.US,5,20131115,182500,11.7000,11.7000,11.7000,11.7000,100,0
MUS.US,5,20131115,183000,11.7000,11.7000,11.7000,11.7000,100,0
MUS.US,5,20131115,183500,11.7000,11.7000,11.7000,11.7000,100,0
MUS.US,5,20131115,184000,11.7000,11.7000,11.7000,11.7000,200,0
MUS.US,5,20131115,184500,11.7000,11.7000,11.7000,11.7000,100,0
MUS.US,5,20131115,185000,11.7000,11.7000,11.7000,11.7000,100,0
MUS.US,5,20131115,185500,11.7000,11.7000,11.7000,11.7000,200,0
MUS.US,5,20131115,190000,11.7000,11.7000,11.7000,11.7000,200,0
MUS.US,5,20131115,191000,11.7000,11.7000,11.7000,11.7000,200,0
MUS.US,5,20131115,191500,11.7000,11.7100,11.7000,11.7100,200,0
MUS.US,5,20131115,192000,11.7000,11.7000,11.7000,11.7000,400,0
MUS.US,5,20131115,200000,11.6900,11.7000,11.6900,11.6900,2400,0
MUS.US,5,20131115,200500,11.7000,11.7000,11.7000,11.7000,500,0
MUS.US,5,20131115,203000,11.6900,11.6900,11.6900,11.6900,100,0
MUS.US,5,20131115,203500,11.7000,11.7000,11.7000,11.7000,2300,0
MUS.US,5,20131115,210500,11.6900,11.6900,11.6900,11.6900,100,0
MUS.US,5,20131115,211000,11.6900,11.6900,11.6900,11.6900,200,0
MUS.US,5,20131115,211500,11.6900,11.6900,11.6900,11.6900,100,0
MUS.US,5,20131115,212000,11.6900,11.6900,11.6900,11.6900,200,0
MUS.US,5,20131115,212500,11.6900,11.6900,11.6900,11.6900,100,0
MUS.US,5,20131115,213000,11.6900,11.6900,11.6900,11.6900,400,0
MUS.US,5,20131115,213500,11.6900,11.6900,11.6900,11.6900,100,0
MUS.US,5,20131115,214000,11.6900,11.7000,11.6900,11.7000,1100,0
MUS.US,5,20131115,214500,11.7000,11.7000,11.6900,11.6900,2500,0
MUS.US,5,20131115,215000,11.6900,11.6900,11.6900,11.6900,500,0
MUS.US,5,20131115,215500,11.6900,11.6900,11.6900,11.6900,400,0
MUS.US,5,20131115,220000,11.6900,11.6900,11.6900,11.6900,1263,0
MUS.US,5,20131118,153500,11.7300,11.7300,11.7300,11.7300,100,0
MUS.US,5,20131118,154000,11.7100,11.7100,11.7100,11.7100,100,0
MUS.US,5,20131118,154500,11.6900,11.6900,11.6900,11.6900,300,0
MUS.US,5,20131118,155500,11.6800,11.6800,11.6800,11.6800,1486,0
MUS.US,5,20131118,161000,11.6800,11.6900,11.6700,11.6700,12667,0
MUS.US,5,20131118,161500,11.6700,11.6700,11.6700,11.6700,5600,0
MUS.US,5,20131118,162000,11.6800,11.6800,11.6800,11.6800,800,0
MUS.US,5,20131118,163000,11.6800,11.6800,11.6800,11.6800,7600,0
MUS.US,5,20131118,164000,11.6800,11.6800,11.6800,11.6800,6400,0
MUS.US,5,20131118,165000,11.7000,11.7000,11.6600,11.6600,5422,0
MUS.US,5,20131118,170500,11.6800,11.6800,11.6700,11.6700,1606,0
MUS.US,5,20131118,171500,11.6700,11.6800,11.6700,11.6800,700,0
MUS.US,5,20131118,172500,11.6800,11.6800,11.6800,11.6800,1094,0
MUS.US,5,20131118,174500,11.6800,11.6800,11.6800,11.6800,600,0
MUS.US,5,20131118,182500,11.6900,11.6900,11.6900,11.6900,1071,0
MUS.US,5,20131118,184000,11.7000,11.7000,11.7000,11.7000,500,0
MUS.US,5,20131118,184500,11.7000,11.7000,11.7000,11.7000,2200,0
MUS.US,5,20131118,190000,11.7000,11.7000,11.7000,11.7000,300,0
MUS.US,5,20131118,190500,11.6900,11.6900,11.6800,11.6800,2600,0
MUS.US,5,20131118,192000,11.6800,11.6900,11.6800,11.6900,3652,0
MUS.US,5,20131118,193500,11.6900,11.6900,11.6900,11.6900,3480,0
MUS.US,5,20131118,195500,11.6800,11.6800,11.6800,11.6800,2500,0
MUS.US,5,20131118,200000,11.7000,11.7000,11.7000,11.7000,500,0
MUS.US,5,20131118,205000,11.6900,11.6900,11.6900,11.6900,2080,0
MUS.US,5,20131118,211000,11.7000,11.7000,11.6900,11.6900,200,0
MUS.US,5,20131118,211500,11.6900,11.6900,11.6900,11.6900,500,0
MUS.US,5,20131118,213500,11.7000,11.7000,11.7000,11.7000,600,0
MUS.US,5,20131118,214000,11.7000,11.7000,11.6800,11.7000,2752,0
MUS.US,5,20131118,215500,11.7000,11.7000,11.7000,11.7000,8377,0
MUS.US,5,20131118,220000,11.7100,11.7200,11.7100,11.7200,200,0
MUS.US,5,20131118,220500,11.7200,11.7200,11.7200,11.7200,305,0
MUS.US,5,20131119,153500,11.7300,11.7300,11.7300,11.7300,100,0
MUS.US,5,20131119,154000,11.7100,11.7100,11.7100,11.7100,100,0
MUS.US,5,20131119,154500,11.7000,11.7000,11.7000,11.7000,386,0
MUS.US,5,20131119,155500,11.7000,11.7000,11.7000,11.7000,100,0
MUS.US,5,20131119,160000,11.7000,11.7000,11.7000,11.7000,100,0
MUS.US,5,20131119,161500,11.7000,11.7000,11.7000,11.7000,100,0
MUS.US,5,20131119,162500,11.7000,11.7000,11.7000,11.7000,100,0
MUS.US,5,20131119,163000,11.7000,11.7000,11.7000,11.7000,100,0
MUS.US,5,20131119,163500,11.7000,11.7000,11.7000,11.7000,1635,0
MUS.US,5,20131119,164500,11.7100,11.7100,11.7100,11.7100,400,0
MUS.US,5,20131119,165000,11.7000,11.7000,11.7000,11.7000,100,0
MUS.US,5,20131119,170500,11.7000,11.7000,11.7000,11.7000,2100,0
MUS.US,5,20131119,171500,11.7000,11.7000,11.6900,11.6900,4550,0
MUS.US,5,20131119,172500,11.6900,11.6900,11.6900,11.6900,100,0
MUS.US,5,20131119,173000,11.6900,11.6900,11.6900,11.6900,100,0
MUS.US,5,20131119,173500,11.6900,11.7000,11.6900,11.7000,2748,0
MUS.US,5,20131119,174000,11.6900,11.6900,11.6900,11.6900,376,0
MUS.US,5,20131119,175000,11.7000,11.7000,11.7000,11.7000,100,0
MUS.US,5,20131119,175500,11.7000,11.7000,11.6900,11.7000,1200,0
MUS.US,5,20131119,180000,11.6900,11.6900,11.6900,11.6900,518,0
MUS.US,5,20131119,180500,11.6900,11.6900,11.6900,11.6900,1580,0
MUS.US,5,20131119,181000,11.7000,11.7000,11.7000,11.7000,600,0
MUS.US,5,20131119,181500,11.7000,11.7000,11.7000,11.7000,500,0
MUS.US,5,20131119,184000,11.6900,11.6900,11.6900,11.6900,100,0
MUS.US,5,20131119,184500,11.6900,11.6900,11.6900,11.6900,200,0
MUS.US,5,20131119,185500,11.6900,11.6900,11.6900,11.6900,100,0
MUS.US,5,20131119,190500,11.6900,11.6900,11.6900,11.6900,500,0
MUS.US,5,20131119,191000,11.7000,11.7000,11.7000,11.7000,1000,0
MUS.US,5,20131119,192000,11.7000,11.7000,11.7000,11.7000,1478,0
MUS.US,5,20131119,195000,11.7000,11.7000,11.7000,11.7000,621,0
MUS.US,5,20131119,195500,11.6900,11.7000,11.6900,11.7000,800,0
MUS.US,5,20131119,200000,11.7000,11.7000,11.7000,11.7000,2000,0
MUS.US,5,20131119,200500,11.6900,11.6900,11.6900,11.6900,100,0
MUS.US,5,20131119,204500,11.7000,11.7000,11.7000,11.7000,325,0
MUS.US,5,20131119,214000,11.7000,11.7000,11.7000,11.7000,482,0
MUS.US,5,20131119,215500,11.7000,11.7000,11.6900,11.6900,2065,0
MUS.US,5,20131119,220000,11.6900,11.6900,11.6900,11.6900,1447,0
MUS.US,5,20131120,154000,11.6600,11.6600,11.6600,11.6600,800,0
MUS.US,5,20131120,154500,11.6600,11.6600,11.6600,11.6600,200,0
MUS.US,5,20131120,155000,11.6600,11.6600,11.6500,11.6500,1702,0
MUS.US,5,20131120,155500,11.6500,11.6500,11.6500,11.6500,100,0
MUS.US,5,20131120,160000,11.6500,11.6600,11.6500,11.6600,2400,0
MUS.US,5,20131120,160500,11.6500,11.6600,11.6500,11.6500,421,0
MUS.US,5,20131120,161000,11.6500,11.6500,11.6500,11.6500,100,0
MUS.US,5,20131120,161500,11.6500,11.6600,11.6500,11.6600,600,0
MUS.US,5,20131120,162000,11.6600,11.6700,11.6600,11.6700,600,0
MUS.US,5,20131120,162500,11.6600,11.6600,11.6600,11.6600,100,0
MUS.US,5,20131120,163500,11.6600,11.6700,11.6600,11.6700,400,0
MUS.US,5,20131120,165000,11.6600,11.6600,11.6600,11.6600,100,0
MUS.US,5,20131120,165500,11.6600,11.6600,11.6600,11.6600,200,0
MUS.US,5,20131120,170000,11.6700,11.6700,11.6700,11.6700,200,0
MUS.US,5,20131120,171000,11.6600,11.6600,11.6600,11.6600,100,0
MUS.US,5,20131120,171500,11.6600,11.6600,11.6600,11.6600,100,0
MUS.US,5,20131120,172000,11.6600,11.6600,11.6600,11.6600,100,0
MUS.US,5,20131120,172500,11.6600,11.6600,11.6600,11.6600,100,0
MUS.US,5,20131120,173000,11.6600,11.6600,11.6600,11.6600,100,0
MUS.US,5,20131120,173500,11.6600,11.6700,11.6600,11.6700,500,0
MUS.US,5,20131120,174500,11.6800,11.6800,11.6800,11.6800,200,0
MUS.US,5,20131120,175500,11.6800,11.6800,11.6800,11.6800,400,0
MUS.US,5,20131120,180000,11.6800,11.6800,11.6800,11.6800,200,0
MUS.US,5,20131120,180500,11.6800,11.6800,11.6800,11.6800,100,0
MUS.US,5,20131120,181000,11.6800,11.6800,11.6800,11.6800,100,0
MUS.US,5,20131120,181500,11.6800,11.6800,11.6800,11.6800,200,0
MUS.US,5,20131120,182500,11.6800,11.6800,11.6800,11.6800,226,0
MUS.US,5,20131120,183000,11.6800,11.6800,11.6800,11.6800,100,0
MUS.US,5,20131120,184500,11.7000,11.7000,11.7000,11.7000,7000,0
MUS.US,5,20131120,193000,11.6800,11.6800,11.6800,11.6800,200,0
MUS.US,5,20131120,201500,11.6600,11.6600,11.6600,11.6600,100,0
MUS.US,5,20131120,202500,11.6700,11.6700,11.6700,11.6700,4400,0
MUS.US,5,20131120,203000,11.6600,11.6600,11.6600,11.6600,3300,0
MUS.US,5,20131120,203500,11.6600,11.6600,11.6600,11.6600,100,0
MUS.US,5,20131120,205500,11.6700,11.6700,11.6700,11.6700,2000,0
MUS.US,5,20131120,210500,11.6500,11.6500,11.6500,11.6500,400,0
MUS.US,5,20131120,211500,11.6600,11.6600,11.6600,11.6600,3180,0
MUS.US,5,20131120,212000,11.6600,11.6600,11.6600,11.6600,800,0
MUS.US,5,20131120,212500,11.6700,11.6700,11.6600,11.6600,9070,0
MUS.US,5,20131120,213500,11.6600,11.6600,11.6500,11.6500,1000,0
MUS.US,5,20131120,214000,11.6600,11.6900,11.6600,11.6800,11900,0
MUS.US,5,20131120,215500,11.6700,11.7000,11.6700,11.7000,7700,0
MUS.US,5,20131120,220000,11.6900,11.6900,11.6800,11.6800,1400,0
MUS.US,5,20131121,153500,11.6500,11.6500,11.6300,11.6300,200,0
MUS.US,5,20131121,154000,11.6200,11.6600,11.6200,11.6300,2260,0
MUS.US,5,20131121,154500,11.6300,11.6300,11.6300,11.6300,600,0
MUS.US,5,20131121,155000,11.6300,11.6600,11.6300,11.6300,400,0
MUS.US,5,20131121,155500,11.6300,11.6300,11.6300,11.6300,400,0
MUS.US,5,20131121,160000,11.6300,11.6300,11.6200,11.6200,400,0
MUS.US,5,20131121,160500,11.6200,11.6200,11.6200,11.6200,300,0
MUS.US,5,20131121,161000,11.6200,11.6200,11.6200,11.6200,500,0
MUS.US,5,20131121,161500,11.6200,11.6200,11.6200,11.6200,500,0
MUS.US,5,20131121,162000,11.6200,11.6200,11.6200,11.6200,440,0
MUS.US,5,20131121,163500,11.6500,11.6500,11.6400,11.6400,1000,0
MUS.US,5,20131121,164000,11.6400,11.6400,11.6300,11.6300,4100,0
MUS.US,5,20131121,164500,11.6400,11.6400,11.6400,11.6400,100,0
MUS.US,5,20131121,165000,11.6400,11.6400,11.6400,11.6400,100,0
MUS.US,5,20131121,165500,11.6300,11.6300,11.6300,11.6300,1500,0
MUS.US,5,20131121,170000,11.6200,11.6200,11.6200,11.6200,1000,0
MUS.US,5,20131121,170500,11.6300,11.6300,11.6200,11.6300,2733,0
MUS.US,5,20131121,171500,11.6300,11.6400,11.6300,11.6400,4420,0
MUS.US,5,20131121,172000,11.6400,11.6500,11.6400,11.6500,1200,0
MUS.US,5,20131121,172500,11.6600,11.6700,11.6600,11.6700,3109,0
MUS.US,5,20131121,173000,11.6700,11.6700,11.6700,11.6700,200,0
MUS.US,5,20131121,173500,11.6800,11.6800,11.6800,11.6800,1063,0
MUS.US,5,20131121,174000,11.6700,11.6800,11.6700,11.6800,800,0
MUS.US,5,20131121,174500,11.6800,11.6800,11.6800,11.6800,800,0
MUS.US,5,20131121,180000,11.6800,11.6800,11.6800,11.6800,100,0
MUS.US,5,20131121,181500,11.6700,11.6700,11.6700,11.6700,800,0
MUS.US,5,20131121,182000,11.6800,11.6800,11.6800,11.6800,1000,0
MUS.US,5,20131121,190500,11.6700,11.6700,11.6700,11.6700,325,0
MUS.US,5,20131121,191000,11.6600,11.6600,11.6600,11.6600,1223,0
MUS.US,5,20131121,201500,11.6600,11.6600,11.6500,11.6500,3900,0
MUS.US,5,20131121,202000,11.6600,11.6600,11.6600,11.6600,100,0
MUS.US,5,20131121,204500,11.6600,11.6600,11.6500,11.6500,900,0
MUS.US,5,20131121,205000,11.6600,11.6700,11.6600,11.6700,1200,0
MUS.US,5,20131121,205500,11.6700,11.6700,11.6700,11.6700,400,0
MUS.US,5,20131121,212500,11.6600,11.6600,11.6600,11.6600,900,0
MUS.US,5,20131121,213500,11.6500,11.6500,11.5900,11.6100,25470,0
MUS.US,5,20131121,214500,11.6000,11.6100,11.6000,11.6100,6590,0
MUS.US,5,20131121,215000,11.6300,11.6400,11.6100,11.6300,3200,0
MUS.US,5,20131121,220000,11.6300,11.6300,11.6200,11.6200,400,0
MUS.US,5,20131121,220500,11.6500,11.6500,11.6500,11.6500,310,0
MUS.US,5,20131122,154000,11.6000,11.6100,11.6000,11.6000,1030,0
MUS.US,5,20131122,154500,11.6000,11.6200,11.5900,11.5900,3247,0
MUS.US,5,20131122,155000,11.5900,11.6000,11.5800,11.5900,1300,0
MUS.US,5,20131122,155500,11.5900,11.6000,11.5800,11.5900,2602,0
MUS.US,5,20131122,160000,11.5900,11.5900,11.5800,11.5800,500,0
MUS.US,5,20131122,160500,11.6100,11.6100,11.5800,11.5800,1900,0
MUS.US,5,20131122,161000,11.5800,11.5800,11.5800,11.5800,300,0
MUS.US,5,20131122,161500,11.5800,11.5800,11.5800,11.5800,900,0
MUS.US,5,20131122,162000,11.5800,11.5800,11.5800,11.5800,909,0
MUS.US,5,20131122,162500,11.5800,11.5800,11.5800,11.5800,720,0
MUS.US,5,20131122,163500,11.5800,11.5800,11.5800,11.5800,300,0
MUS.US,5,20131122,164000,11.5800,11.5800,11.5800,11.5800,570,0
MUS.US,5,20131122,164500,11.5900,11.5900,11.5900,11.5900,100,0
MUS.US,5,20131122,165000,11.5800,11.5800,11.5800,11.5800,300,0
MUS.US,5,20131122,172000,11.5800,11.5900,11.5800,11.5900,8800,0
MUS.US,5,20131122,173000,11.5800,11.5800,11.5800,11.5800,374,0
MUS.US,5,20131122,174500,11.5800,11.5800,11.5800,11.5800,760,0
MUS.US,5,20131122,175500,11.5800,11.5900,11.5800,11.5900,1750,0
MUS.US,5,20131122,180000,11.5800,11.5800,11.5800,11.5800,4100,0
MUS.US,5,20131122,182000,11.5900,11.5900,11.5900,11.5900,495,0
MUS.US,5,20131122,185000,11.5800,11.6000,11.5800,11.6000,700,0
MUS.US,5,20131122,200500,11.5900,11.5900,11.5800,11.5800,6180,0
MUS.US,5,20131122,201000,11.5900,11.5900,11.5800,11.5800,2300,0
MUS.US,5,20131122,201500,11.5800,11.6000,11.5800,11.6000,600,0
MUS.US,5,20131122,202000,11.5900,11.5900,11.5900,11.5900,100,0
MUS.US,5,20131122,205500,11.6000,11.6100,11.6000,11.6100,4590,0
MUS.US,5,20131122,213000,11.6000,11.6000,11.6000,11.6000,6405,0
MUS.US,5,20131122,214500,11.6000,11.6000,11.6000,11.6000,121,0
MUS.US,5,20131122,215500,11.6000,11.6000,11.6000,11.6000,400,0
MUS.US,5,20131122,220000,11.6000,11.6000,11.6000,11.6000,200,0
MUS.US,5,20131125,153500,11.5800,11.5800,11.5800,11.5800,3000,0
MUS.US,5,20131125,154000,11.5900,11.6000,11.5800,11.5800,800,0
MUS.US,5,20131125,154500,11.6000,11.6000,11.5800,11.5800,1168,0
MUS.US,5,20131125,155000,11.5800,11.5900,11.5800,11.5800,1900,0
MUS.US,5,20131125,155500,11.5800,11.5800,11.5800,11.5800,600,0
MUS.US,5,20131125,160000,11.5800,11.5900,11.5800,11.5900,900,0
MUS.US,5,20131125,160500,11.5800,11.5800,11.5800,11.5800,939,0
MUS.US,5,20131125,161000,11.5800,11.5800,11.5800,11.5800,600,0
MUS.US,5,20131125,161500,11.5800,11.5800,11.5800,11.5800,200,0
MUS.US,5,20131125,162000,11.5800,11.5800,11.5600,11.5800,11343,0
MUS.US,5,20131125,162500,11.5700,11.5700,11.5700,11.5700,100,0
MUS.US,5,20131125,171000,11.5700,11.5700,11.5700,11.5700,500,0
MUS.US,5,20131125,172500,11.5600,11.5700,11.5600,11.5700,1450,0
MUS.US,5,20131125,173000,11.5700,11.5700,11.5700,11.5700,1000,0
MUS.US,5,20131125,173500,11.5600,11.5700,11.5600,11.5700,1047,0
MUS.US,5,20131125,182500,11.5600,11.5700,11.5600,11.5700,200,0
MUS.US,5,20131125,183000,11.5700,11.5700,11.5700,11.5700,270,0
MUS.US,5,20131125,190000,11.5700,11.5700,11.5700,11.5700,200,0
MUS.US,5,20131125,190500,11.5600,11.5600,11.5600,11.5600,553,0
MUS.US,5,20131125,191000,11.5600,11.5700,11.5600,11.5700,3800,0
MUS.US,5,20131125,193500,11.5600,11.5600,11.5600,11.5600,7000,0
MUS.US,5,20131125,194500,11.5600,11.5600,11.5600,11.5600,1560,0
MUS.US,5,20131125,195000,11.5700,11.5700,11.5700,11.5700,2000,0
MUS.US,5,20131125,200500,11.5700,11.5700,11.5700,11.5700,200,0
MUS.US,5,20131125,202000,11.5700,11.5700,11.5700,11.5700,200,0
MUS.US,5,20131125,202500,11.5700,11.5700,11.5600,11.5600,1595,0
MUS.US,5,20131125,203000,11.5700,11.5700,11.5700,11.5700,214,0
MUS.US,5,20131125,204000,11.5700,11.5700,11.5700,11.5700,5400,0
MUS.US,5,20131125,204500,11.5700,11.5900,11.5700,11.5900,8200,0
MUS.US,5,20131125,205000,11.5900,11.5900,11.5900,11.5900,2500,0
MUS.US,5,20131125,205500,11.5900,11.6200,11.5900,11.6100,5021,0
MUS.US,5,20131125,210000,11.6100,11.6100,11.6100,11.6100,900,0
MUS.US,5,20131125,212000,11.6100,11.6100,11.6100,11.6100,100,0
MUS.US,5,20131125,214500,11.6100,11.6100,11.6100,11.6100,4000,0
MUS.US,5,20131125,220000,11.6200,11.6200,11.6100,11.6100,400,0
MUS.US,5,20131125,220500,11.6200,11.6200,11.6200,11.6200,420,0
MUS.US,5,20131126,153500,11.6100,11.6200,11.6100,11.6200,2300,0
MUS.US,5,20131126,154000,11.6200,11.6300,11.6200,11.6200,1200,0
MUS.US,5,20131126,154500,11.6300,11.6300,11.6200,11.6300,1100,0
MUS.US,5,20131126,155000,11.6300,11.6300,11.6200,11.6300,820,0
MUS.US,5,20131126,155500,11.6300,11.6300,11.6200,11.6200,300,0
MUS.US,5,20131126,160000,11.6200,11.6200,11.6100,11.6100,1200,0
MUS.US,5,20131126,160500,11.6100,11.6100,11.6100,11.6100,300,0
MUS.US,5,20131126,161000,11.6100,11.6100,11.6100,11.6100,700,0
MUS.US,5,20131126,161500,11.6100,11.6100,11.6000,11.6100,2200,0
MUS.US,5,20131126,162000,11.6100,11.6200,11.6100,11.6100,802,0
MUS.US,5,20131126,162500,11.6100,11.6100,11.6100,11.6100,400,0
MUS.US,5,20131126,163000,11.6100,11.6200,11.6100,11.6100,1375,0
MUS.US,5,20131126,163500,11.6100,11.6100,11.6100,11.6100,500,0
MUS.US,5,20131126,164000,11.6100,11.6100,11.6100,11.6100,1100,0
MUS.US,5,20131126,164500,11.6100,11.6100,11.6100,11.6100,885,0
MUS.US,5,20131126,165000,11.6100,11.6100,11.6100,11.6100,500,0
MUS.US,5,20131126,170000,11.6100,11.6100,11.6100,11.6100,300,0
MUS.US,5,20131126,170500,11.6200,11.6200,11.6200,11.6200,400,0
MUS.US,5,20131126,171000,11.6100,11.6100,11.6100,11.6100,100,0
MUS.US,5,20131126,171500,11.6100,11.6100,11.6100,11.6100,100,0
MUS.US,5,20131126,172000,11.6100,11.6100,11.6100,11.6100,100,0
MUS.US,5,20131126,172500,11.6100,11.6100,11.6100,11.6100,202,0
MUS.US,5,20131126,173000,11.6100,11.6100,11.6100,11.6100,100,0
MUS.US,5,20131126,174000,11.6200,11.6300,11.6200,11.6300,2600,0
MUS.US,5,20131126,175500,11.6400,11.6400,11.6400,11.6400,300,0
MUS.US,5,20131126,180000,11.6400,11.6400,11.6400,11.6400,100,0
MUS.US,5,20131126,180500,11.6400,11.6400,11.6400,11.6400,600,0
MUS.US,5,20131126,181500,11.6400,11.6400,11.6400,11.6400,300,0
MUS.US,5,20131126,182000,11.6500,11.6500,11.6500,11.6500,100,0
MUS.US,5,20131126,182500,11.6400,11.6500,11.6400,11.6400,2200,0
MUS.US,5,20131126,185500,11.6300,11.6300,11.6300,11.6300,525,0
MUS.US,5,20131126,190000,11.6500,11.6500,11.6500,11.6500,400,0
MUS.US,5,20131126,193000,11.6300,11.6300,11.6300,11.6300,700,0
MUS.US,5,20131126,193500,11.6500,11.6500,11.6500,11.6500,800,0
MUS.US,5,20131126,195000,11.6500,11.6500,11.6500,11.6500,600,0
MUS.US,5,20131126,203500,11.6300,11.6300,11.6200,11.6200,1700,0
MUS.US,5,20131126,204000,11.6400,11.6400,11.6400,11.6400,1000,0
MUS.US,5,20131126,204500,11.6400,11.6400,11.6400,11.6400,200,0
MUS.US,5,20131126,210500,11.6400,11.6400,11.6400,11.6400,400,0
MUS.US,5,20131126,213500,11.6300,11.6300,11.6200,11.6200,700,0
MUS.US,5,20131126,214500,11.6200,11.6300,11.6200,11.6300,1415,0
MUS.US,5,20131126,215500,11.6300,11.6400,11.6300,11.6300,600,0
MUS.US,5,20131126,220000,11.6200,11.6400,11.6200,11.6400,200,0
MUS.US,5,20131126,220500,11.6400,11.6400,11.6400,11.6400,234,0
MUS.US,5,20131127,154000,11.6400,11.6500,11.6300,11.6300,800,0
MUS.US,5,20131127,154500,11.6400,11.6500,11.6300,11.6300,900,0
MUS.US,5,20131127,155000,11.6400,11.6400,11.6300,11.6300,3172,0
MUS.US,5,20131127,155500,11.6300,11.6300,11.6300,11.6300,400,0
MUS.US,5,20131127,160000,11.6300,11.6400,11.6300,11.6400,1100,0
MUS.US,5,20131127,160500,11.6300,11.6300,11.6300,11.6300,400,0
MUS.US,5,20131127,161000,11.6300,11.6300,11.6300,11.6300,400,0
MUS.US,5,20131127,161500,11.6300,11.6300,11.6300,11.6300,600,0
MUS.US,5,20131127,162000,11.6300,11.6400,11.6300,11.6300,1002,0
MUS.US,5,20131127,162500,11.6300,11.6300,11.6300,11.6300,300,0
MUS.US,5,20131127,163000,11.6300,11.6300,11.6300,11.6300,600,0
MUS.US,5,20131127,163500,11.6300,11.6300,11.6300,11.6300,1724,0
MUS.US,5,20131127,164000,11.6300,11.6300,11.6300,11.6300,700,0
MUS.US,5,20131127,165000,11.6300,11.6300,11.6300,11.6300,840,0
MUS.US,5,20131127,170000,11.6300,11.6300,11.6300,11.6300,500,0
MUS.US,5,20131127,171000,11.6300,11.6300,11.6300,11.6300,400,0
MUS.US,5,20131127,171500,11.6300,11.6300,11.6300,11.6300,1100,0
MUS.US,5,20131127,172500,11.6400,11.6400,11.6400,11.6400,400,0
MUS.US,5,20131127,173000,11.6300,11.6300,11.6300,11.6300,2350,0
MUS.US,5,20131127,173500,11.6300,11.6300,11.6300,11.6300,1300,0
MUS.US,5,20131127,174000,11.6400,11.6400,11.6300,11.6300,1300,0
MUS.US,5,20131127,174500,11.6300,11.6300,11.6300,11.6300,200,0
MUS.US,5,20131127,175000,11.6300,11.6300,11.6300,11.6300,800,0
MUS.US,5,20131127,180000,11.6300,11.6300,11.6300,11.6300,900,0
MUS.US,5,20131127,181500,11.6300,11.6300,11.6300,11.6300,400,0
MUS.US,5,20131127,182000,11.6300,11.6300,11.6200,11.6300,3725,0
MUS.US,5,20131127,190500,11.6400,11.6400,11.6400,11.6400,100,0
MUS.US,5,20131127,191000,11.6300,11.6300,11.6300,11.6300,300,0
MUS.US,5,20131127,191500,11.6400,11.6400,11.6400,11.6400,2000,0
MUS.US,5,20131127,192000,11.6300,11.6300,11.6300,11.6300,700,0
MUS.US,5,20131127,193000,11.6300,11.6300,11.6300,11.6300,900,0
MUS.US,5,20131127,194000,11.6300,11.6300,11.6300,11.6300,1700,0
MUS.US,5,20131127,194500,11.6300,11.6300,11.6300,11.6300,400,0
MUS.US,5,20131127,195000,11.6300,11.6300,11.6300,11.6300,200,0
MUS.US,5,20131127,195500,11.6300,11.6300,11.6300,11.6300,300,0
MUS.US,5,20131127,200000,11.6300,11.6300,11.6300,11.6300,100,0
MUS.US,5,20131127,201000,11.6300,11.6300,11.6300,11.6300,200,0
MUS.US,5,20131127,201500,11.6300,11.6300,11.6300,11.6300,100,0
MUS.US,5,20131127,205500,11.6300,11.6800,11.6300,11.6500,10681,0
MUS.US,5,20131127,210000,11.6600,11.6600,11.6500,11.6500,400,0
MUS.US,5,20131127,210500,11.6400,11.6500,11.6400,11.6500,600,0
MUS.US,5,20131127,211000,11.6500,11.6500,11.6400,11.6400,6020,0
MUS.US,5,20131127,211500,11.6400,11.6400,11.6400,11.6400,100,0
MUS.US,5,20131127,212000,11.6400,11.6400,11.6400,11.6400,100,0
MUS.US,5,20131127,214500,11.6400,11.6400,11.6400,11.6400,1300,0
MUS.US,5,20131127,220000,11.6300,11.6300,11.6300,11.6300,100,0
MUS.US,5,20131129,153500,11.6200,11.6400,11.6200,11.6300,600,0
MUS.US,5,20131129,154000,11.6300,11.6400,11.6300,11.6400,800,0
MUS.US,5,20131129,154500,11.6400,11.6400,11.6200,11.6200,800,0
MUS.US,5,20131129,155000,11.6100,11.6100,11.6100,11.6100,775,0
MUS.US,5,20131129,155500,11.6100,11.6300,11.6100,11.6100,1102,0
MUS.US,5,20131129,160000,11.6100,11.6100,11.6000,11.6000,600,0
MUS.US,5,20131129,160500,11.6000,11.6200,11.6000,11.6200,1123,0
MUS.US,5,20131129,161000,11.6300,11.6300,11.6000,11.6200,1200,0
MUS.US,5,20131129,161500,11.6100,11.6300,11.6000,11.6200,1700,0
MUS.US,5,20131129,162000,11.6000,11.6000,11.6000,11.6000,300,0
MUS.US,5,20131129,162500,11.6000,11.6300,11.6000,11.6100,1200,0
MUS.US,5,20131129,163000,11.6000,11.6300,11.6000,11.6100,1000,0
MUS.US,5,20131129,163500,11.6100,11.6300,11.6100,11.6300,1000,0
MUS.US,5,20131129,164000,11.6300,11.6500,11.6000,11.6000,6300,0
MUS.US,5,20131129,164500,11.6100,11.6100,11.6000,11.6000,1118,0
MUS.US,5,20131129,165000,11.6200,11.6200,11.6100,11.6100,1495,0
MUS.US,5,20131129,165500,11.6200,11.6200,11.6200,11.6200,700,0
MUS.US,5,20131129,170000,11.6200,11.6200,11.6200,11.6200,300,0
MUS.US,5,20131129,170500,11.6400,11.6400,11.6200,11.6200,4800,0
MUS.US,5,20131129,171000,11.6200,11.6200,11.6200,11.6200,300,0
MUS.US,5,20131129,171500,11.6200,11.6200,11.5900,11.5900,7740,0
MUS.US,5,20131129,172000,11.5900,11.6100,11.5900,11.6100,1200,0
MUS.US,5,20131129,172500,11.6100,11.6100,11.6100,11.6100,200,0
MUS.US,5,20131129,173000,11.5900,11.5900,11.5800,11.5900,3591,0
MUS.US,5,20131129,173500,11.5900,11.5900,11.5900,11.5900,900,0
MUS.US,5,20131129,175500,11.5800,11.5900,11.5800,11.5900,2034,0
MUS.US,5,20131129,181000,11.5900,11.5900,11.5900,11.5900,800,0
MUS.US,5,20131129,181500,11.5900,11.6100,11.5800,11.6100,7700,0
MUS.US,5,20131129,182000,11.6200,11.6200,11.6200,11.6200,800,0
MUS.US,5,20131129,182500,11.6200,11.6200,11.6200,11.6200,500,0
MUS.US,5,20131129,183000,11.6200,11.6200,11.6000,11.6000,400,0
MUS.US,5,20131129,183500,11.6300,11.6300,11.6300,11.6300,1500,0
MUS.US,5,20131129,184500,11.6200,11.6200,11.6200,11.6200,200,0
MUS.US,5,20131129,185000,11.6300,11.6300,11.6300,11.6300,2005,0
MUS.US,5,20131129,185500,11.6200,11.6300,11.6100,11.6200,700,0
MUS.US,5,20131129,190000,11.6100,11.6100,11.5900,11.5900,2000,0
MUS.US,5,20131202,154000,11.6400,11.6600,11.6300,11.6300,3322,0
MUS.US,5,20131202,154500,11.6300,11.6400,11.6300,11.6400,2357,0
MUS.US,5,20131202,155000,11.6400,11.6400,11.6200,11.6200,8743,0
MUS.US,5,20131202,155500,11.6200,11.6200,11.6000,11.6000,9300,0
MUS.US,5,20131202,160000,11.6000,11.6100,11.6000,11.6100,3600,0
MUS.US,5,20131202,160500,11.6000,11.6100,11.6000,11.6000,6236,0
MUS.US,5,20131202,161000,11.6100,11.6100,11.6000,11.6000,600,0
MUS.US,5,20131202,161500,11.6100,11.6100,11.6100,11.6100,300,0
MUS.US,5,20131202,162500,11.6000,11.6000,11.6000,11.6000,2307,0
MUS.US,5,20131202,163000,11.6000,11.6100,11.6000,11.6100,900,0
MUS.US,5,20131202,163500,11.6100,11.6100,11.6000,11.6000,612,0
MUS.US,5,20131202,164000,11.6000,11.6000,11.6000,11.6000,200,0
MUS.US,5,20131202,164500,11.6000,11.6000,11.5900,11.5900,2300,0
MUS.US,5,20131202,165000,11.5900,11.5900,11.5900,11.5900,100,0
MUS.US,5,20131202,165500,11.5800,11.6000,11.5800,11.5900,3813,0
MUS.US,5,20131202,170000,11.5900,11.5900,11.5700,11.5700,13071,0
MUS.US,5,20131202,170500,11.5900,11.5900,11.5900,11.5900,1300,0
MUS.US,5,20131202,171000,11.5700,11.5700,11.5700,11.5700,333,0
MUS.US,5,20131202,171500,11.5700,11.5700,11.5700,11.5700,178,0
MUS.US,5,20131202,172000,11.5900,11.5900,11.5900,11.5900,1000,0
MUS.US,5,20131202,173000,11.5800,11.5800,11.5800,11.5800,8800,0
MUS.US,5,20131202,173500,11.5800,11.5800,11.5800,11.5800,900,0
MUS.US,5,20131202,174000,11.5800,11.5800,11.5700,11.5700,1300,0
MUS.US,5,20131202,174500,11.5700,11.5800,11.5700,11.5800,15100,0
MUS.US,5,20131202,175000,11.5800,11.6000,11.5800,11.6000,16200,0
MUS.US,5,20131202,175500,11.6000,11.6100,11.6000,11.6100,6300,0
MUS.US,5,20131202,180500,11.6200,11.6200,11.6200,11.6200,1300,0
MUS.US,5,20131202,181000,11.6200,11.6200,11.5900,11.5900,8975,0
MUS.US,5,20131202,182000,11.5900,11.5900,11.5900,11.5900,100,0
MUS.US,5,20131202,182500,11.6000,11.6000,11.6000,11.6000,6210,0
MUS.US,5,20131202,183000,11.6000,11.6100,11.6000,11.6100,300,0
MUS.US,5,20131202,183500,11.6200,11.6200,11.6100,11.6200,1400,0
MUS.US,5,20131202,184000,11.6300,11.6300,11.6200,11.6300,1506,0
MUS.US,5,20131202,185000,11.6200,11.6200,11.6200,11.6200,4000,0
MUS.US,5,20131202,190500,11.6300,11.6300,11.6300,11.6300,200,0
MUS.US,5,20131202,192000,11.6200,11.6200,11.6100,11.6100,600,0
MUS.US,5,20131202,193500,11.6200,11.6200,11.6200,11.6200,3712,0
MUS.US,5,20131202,194000,11.6300,11.6300,11.6200,11.6200,3996,0
MUS.US,5,20131202,194500,11.6300,11.6300,11.6300,11.6300,400,0
MUS.US,5,20131202,195000,11.6300,11.6300,11.6300,11.6300,150,0
MUS.US,5,20131202,200000,11.6400,11.6400,11.6400,11.6400,100,0
MUS.US,5,20131202,202000,11.6300,11.6300,11.6000,11.6100,3000,0
MUS.US,5,20131202,203000,11.6200,11.6200,11.6200,11.6200,170,0
MUS.US,5,20131202,203500,11.6300,11.6400,11.6300,11.6400,202,0
MUS.US,5,20131202,204500,11.6300,11.6300,11.6000,11.6000,15400,0
MUS.US,5,20131202,210000,11.6100,11.6100,11.6000,11.6000,900,0
MUS.US,5,20131202,211000,11.6100,11.6100,11.6100,11.6100,1000,0
MUS.US,5,20131202,213000,11.6100,11.6100,11.6100,11.6100,5000,0
MUS.US,5,20131202,213500,11.6100,11.6100,11.6100,11.6100,100,0
MUS.US,5,20131202,214500,11.6200,11.6200,11.6200,11.6200,5000,0
MUS.US,5,20131202,215000,11.6200,11.6200,11.6200,11.6200,900,0
MUS.US,5,20131202,215500,11.6300,11.6400,11.6300,11.6400,700,0
MUS.US,5,20131202,220000,11.6300,11.6300,11.6200,11.6300,1700,0
MUS.US,5,20131203,153500,11.6200,11.6200,11.6200,11.6200,2895,0
MUS.US,5,20131203,154000,11.5900,11.6000,11.5900,11.6000,900,0
MUS.US,5,20131203,154500,11.6000,11.6000,11.5900,11.5900,500,0
MUS.US,5,20131203,155500,11.5900,11.5900,11.5900,11.5900,300,0
MUS.US,5,20131203,160000,11.5900,11.5900,11.5900,11.5900,400,0
MUS.US,5,20131203,160500,11.6000,11.6100,11.6000,11.6100,4070,0
MUS.US,5,20131203,161000,11.6100,11.6100,11.6100,11.6100,1000,0
MUS.US,5,20131203,161500,11.6200,11.6500,11.6200,11.6400,4000,0
MUS.US,5,20131203,162000,11.6400,11.6400,11.6400,11.6400,172,0
MUS.US,5,20131203,163000,11.6400,11.6400,11.6400,11.6400,323,0
MUS.US,5,20131203,163500,11.6400,11.6400,11.6300,11.6300,501,0
MUS.US,5,20131203,164000,11.6400,11.6400,11.6400,11.6400,500,0
MUS.US,5,20131203,164500,11.6300,11.6300,11.6100,11.6200,9400,0
MUS.US,5,20131203,165500,11.6100,11.6100,11.6100,11.6100,443,0
MUS.US,5,20131203,175500,11.6200,11.6200,11.6200,11.6200,500,0
MUS.US,5,20131203,182500,11.6200,11.6200,11.6200,11.6200,500,0
MUS.US,5,20131203,183000,11.6200,11.6200,11.6200,11.6200,300,0
MUS.US,5,20131203,183500,11.6200,11.6300,11.6200,11.6300,404,0
MUS.US,5,20131203,184000,11.6300,11.6400,11.6300,11.6400,5500,0
MUS.US,5,20131203,190000,11.6600,11.6600,11.6600,11.6600,400,0
MUS.US,5,20131203,190500,11.6500,11.6500,11.6500,11.6500,200,0
MUS.US,5,20131203,191000,11.6400,11.6400,11.6400,11.6400,400,0
MUS.US,5,20131203,192000,11.6400,11.6500,11.6400,11.6500,1750,0
MUS.US,5,20131203,194000,11.6500,11.6500,11.6500,11.6500,1300,0
MUS.US,5,20131203,194500,11.6600,11.6600,11.6600,11.6600,400,0
MUS.US,5,20131203,201500,11.6600,11.6600,11.6600,11.6600,400,0
MUS.US,5,20131203,202000,11.6700,11.6700,11.6700,11.6700,7893,0
MUS.US,5,20131203,202500,11.6700,11.6700,11.6700,11.6700,7068,0
MUS.US,5,20131203,203000,11.6800,11.6900,11.6800,11.6900,2800,0
MUS.US,5,20131203,203500,11.6900,11.6900,11.6900,11.6900,2956,0
MUS.US,5,20131203,204000,11.7000,11.7000,11.7000,11.7000,200,0
MUS.US,5,20131203,204500,11.6900,11.6900,11.6900,11.6900,100,0
MUS.US,5,20131203,211000,11.6900,11.7000,11.6900,11.7000,800,0
MUS.US,5,20131203,212000,11.6900,11.6900,11.6900,11.6900,594,0
MUS.US,5,20131203,213000,11.6800,11.6800,11.6800,11.6800,910,0
MUS.US,5,20131203,213500,11.6800,11.6800,11.6800,11.6800,1710,0
MUS.US,5,20131203,214500,11.6800,11.6800,11.6800,11.6800,2800,0
MUS.US,5,20131203,215000,11.6800,11.6800,11.6800,11.6800,300,0
MUS.US,5,20131203,215500,11.6800,11.6800,11.6800,11.6800,400,0
MUS.US,5,20131203,220500,11.6800,11.6800,11.6800,11.6800,515,0
MUS.US,5,20131204,153500,11.6600,11.6700,11.6500,11.6500,1228,0
MUS.US,5,20131204,154000,11.6500,11.6500,11.6500,11.6500,800,0
MUS.US,5,20131204,154500,11.6500,11.6600,11.6500,11.6600,4300,0
MUS.US,5,20131204,155000,11.6500,11.6500,11.6500,11.6500,100,0
MUS.US,5,20131204,161000,11.6600,11.6600,11.6600,11.6600,1000,0
MUS.US,5,20131204,161500,11.6600,11.6900,11.6600,11.6700,5300,0
MUS.US,5,20131204,162000,11.6700,11.6800,11.6700,11.6800,800,0
MUS.US,5,20131204,162500,11.6700,11.6700,11.6700,11.6700,600,0
MUS.US,5,20131204,163000,11.6800,11.6800,11.6800,11.6800,500,0
MUS.US,5,20131204,164000,11.6800,11.6800,11.6700,11.6700,900,0
MUS.US,5,20131204,164500,11.6700,11.6700,11.6700,11.6700,800,0
MUS.US,5,20131204,171000,11.6800,11.6800,11.6800,11.6800,1200,0
MUS.US,5,20131204,171500,11.6800,11.6800,11.6700,11.6700,300,0
MUS.US,5,20131204,172000,11.6800,11.6800,11.6700,11.6700,1200,0
MUS.US,5,20131204,173500,11.6700,11.6700,11.6700,11.6700,100,0
MUS.US,5,20131204,174000,11.6700,11.6700,11.6700,11.6700,5639,0
MUS.US,5,20131204,174500,11.6600,11.6600,11.6500,11.6500,3300,0
MUS.US,5,20131204,175000,11.6600,11.6600,11.6600,11.6600,1000,0
MUS.US,5,20131204,182000,11.6600,11.6600,11.6600,11.6600,900,0
MUS.US,5,20131204,183500,11.6700,11.6700,11.6700,11.6700,5610,0
MUS.US,5,20131204,184000,11.6700,11.6700,11.6700,11.6700,1000,0
MUS.US,5,20131204,184500,11.6700,11.6700,11.6700,11.6700,1500,0
MUS.US,5,20131204,185000,11.6700,11.6700,11.6700,11.6700,580,0
MUS.US,5,20131204,190000,11.6700,11.6700,11.6700,11.6700,100,0
MUS.US,5,20131204,190500,11.6700,11.7300,11.6600,11.7200,14046,0
MUS.US,5,20131204,191000,11.7300,11.7300,11.7300,11.7300,4496,0
MUS.US,5,20131204,191500,11.7300,11.7300,11.7200,11.7300,6100,0
MUS.US,5,20131204,192000,11.7300,11.7400,11.7300,11.7400,900,0
MUS.US,5,20131204,192500,11.7400,11.7400,11.7400,11.7400,300,0
MUS.US,5,20131204,193000,11.7400,11.7400,11.7400,11.7400,2360,0
MUS.US,5,20131204,193500,11.7400,11.7400,11.7300,11.7400,5000,0
MUS.US,5,20131204,194500,11.7300,11.7300,11.7300,11.7300,500,0
MUS.US,5,20131204,195000,11.7300,11.7400,11.7300,11.7400,1000,0
MUS.US,5,20131204,195500,11.7300,11.7400,11.7300,11.7400,300,0
MUS.US,5,20131204,200000,11.7300,11.7400,11.7300,11.7400,2200,0
MUS.US,5,20131204,200500,11.7300,11.7400,11.7300,11.7400,1830,0
MUS.US,5,20131204,201500,11.7300,11.7300,11.7300,11.7300,300,0
MUS.US,5,20131204,202500,11.7300,11.7300,11.7300,11.7300,600,0
MUS.US,5,20131204,203000,11.7300,11.7300,11.7300,11.7300,300,0
MUS.US,5,20131204,204000,11.7300,11.7400,11.7300,11.7400,1000,0
MUS.US,5,20131204,205500,11.7400,11.7400,11.7400,11.7400,200,0
MUS.US,5,20131204,210500,11.7400,11.7400,11.7400,11.7400,1300,0
MUS.US,5,20131204,211500,11.7400,11.7400,11.7400,11.7400,700,0
MUS.US,5,20131204,214000,11.7400,11.7400,11.7300,11.7400,3900,0
MUS.US,5,20131204,214500,11.7400,11.7400,11.7300,11.7300,2200,0
MUS.US,5,20131204,215000,11.7400,11.7400,11.7300,11.7400,2800,0
MUS.US,5,20131204,215500,11.7400,11.7400,11.7300,11.7400,1900,0
MUS.US,5,20131204,220000,11.7400,11.7400,11.7300,11.7300,300,0
MUS.US,5,20131205,153500,11.6800,11.6800,11.6500,11.6500,1100,0
MUS.US,5,20131205,154000,11.6700,11.6800,11.6700,11.6800,500,0
MUS.US,5,20131205,154500,11.6800,11.7100,11.6800,11.7100,1619,0
MUS.US,5,20131205,155000,11.6800,11.6800,11.6800,11.6800,100,0
MUS.US,5,20131205,155500,11.6900,11.7000,11.6800,11.6900,973,0
MUS.US,5,20131205,160000,11.6900,11.6900,11.6800,11.6800,200,0
MUS.US,5,20131205,160500,11.6900,11.6900,11.6900,11.6900,100,0
MUS.US,5,20131205,162000,11.6900,11.6900,11.6900,11.6900,1000,0
MUS.US,5,20131205,162500,11.6900,11.6900,11.6800,11.6900,2600,0
MUS.US,5,20131205,163000,11.6800,11.6900,11.6800,11.6900,2840,0
MUS.US,5,20131205,163500,11.6800,11.6900,11.6600,11.6700,5491,0
MUS.US,5,20131205,164000,11.6600,11.6700,11.6600,11.6700,300,0
MUS.US,5,20131205,164500,11.6700,11.6700,11.6700,11.6700,400,0
MUS.US,5,20131205,165000,11.6600,11.6600,11.6600,11.6600,500,0
MUS.US,5,20131205,165500,11.6600,11.6600,11.6600,11.6600,100,0
MUS.US,5,20131205,171500,11.6700,11.6700,11.6700,11.6700,100,0
MUS.US,5,20131205,173500,11.6700,11.6700,11.6700,11.6700,100,0
MUS.US,5,20131205,174000,11.6600,11.6600,11.6600,11.6600,400,0
MUS.US,5,20131205,180500,11.6600,11.6600,11.6600,11.6600,701,0
MUS.US,5,20131205,181500,11.6700,11.6700,11.6600,11.6700,700,0
MUS.US,5,20131205,182000,11.6600,11.6600,11.6600,11.6600,100,0
MUS.US,5,20131205,182500,11.6700,11.6700,11.6700,11.6700,1300,0
MUS.US,5,20131205,185500,11.6600,11.6700,11.6600,11.6700,300,0
MUS.US,5,20131205,190000,11.6600,11.6600,11.6600,11.6600,168,0
MUS.US,5,20131205,192000,11.6600,11.6600,11.6600,11.6600,3200,0
MUS.US,5,20131205,192500,11.6600,11.6600,11.6600,11.6600,100,0
MUS.US,5,20131205,194500,11.6600,11.6600,11.6600,11.6600,700,0
MUS.US,5,20131205,195000,11.6600,11.6600,11.6600,11.6600,775,0
MUS.US,5,20131205,195500,11.6600,11.6600,11.6600,11.6600,100,0
MUS.US,5,20131205,200000,11.6600,11.6600,11.6500,11.6500,700,0
MUS.US,5,20131205,200500,11.6500,11.6500,11.6500,11.6500,100,0
MUS.US,5,20131205,201000,11.6500,11.6600,11.6500,11.6600,5920,0
MUS.US,5,20131205,201500,11.6600,11.6600,11.6600,11.6600,400,0
MUS.US,5,20131205,202000,11.6600,11.6600,11.6600,11.6600,339,0
MUS.US,5,20131205,203500,11.6600,11.6600,11.6600,11.6600,761,0
MUS.US,5,20131205,204500,11.6600,11.6600,11.6500,11.6500,1300,0
MUS.US,5,20131205,205000,11.6500,11.6500,11.6500,11.6500,1000,0
MUS.US,5,20131205,205500,11.6500,11.6500,11.6500,11.6500,800,0
MUS.US,5,20131205,211500,11.6400,11.6400,11.6400,11.6400,400,0
MUS.US,5,20131205,212500,11.6400,11.6400,11.6400,11.6400,400,0
MUS.US,5,20131205,215000,11.6500,11.6500,11.6400,11.6400,1020,0
MUS.US,5,20131205,215500,11.6400,11.6400,11.6400,11.6400,300,0
MUS.US,5,20131205,220000,11.6400,11.6600,11.6400,11.6500,6229,0
MUS.US,5,20131206,154500,11.6500,11.6700,11.6500,11.6500,2200,0
MUS.US,5,20131206,155000,11.6500,11.6700,11.6000,11.6700,3527,0
MUS.US,5,20131206,155500,11.6100,11.6500,11.6000,11.6100,1531,0
MUS.US,5,20131206,160000,11.6200,11.6200,11.6200,11.6200,100,0
MUS.US,5,20131206,160500,11.6200,11.6500,11.6100,11.6500,800,0
MUS.US,5,20131206,161000,11.6500,11.6500,11.6300,11.6500,700,0
MUS.US,5,20131206,161500,11.6500,11.6500,11.6200,11.6400,300,0
MUS.US,5,20131206,162000,11.6200,11.6400,11.6200,11.6400,200,0
MUS.US,5,20131206,162500,11.6200,11.6200,11.6200,11.6200,100,0
MUS.US,5,20131206,163000,11.6300,11.6500,11.6300,11.6500,400,0
MUS.US,5,20131206,163500,11.6500,11.6500,11.6500,11.6500,100,0
MUS.US,5,20131206,164000,11.6300,11.6400,11.6300,11.6300,1900,0
MUS.US,5,20131206,164500,11.6500,11.6500,11.6500,11.6500,1100,0
MUS.US,5,20131206,165000,11.6400,11.6400,11.6300,11.6300,200,0
MUS.US,5,20131206,170500,11.6300,11.6500,11.6300,11.6500,300,0
MUS.US,5,20131206,172500,11.6300,11.6300,11.6300,11.6300,100,0
MUS.US,5,20131206,174000,11.6300,11.6400,11.6300,11.6400,770,0
MUS.US,5,20131206,175000,11.6400,11.6600,11.6400,11.6600,597,0
MUS.US,5,20131206,175500,11.6600,11.6600,11.6600,11.6600,801,0
MUS.US,5,20131206,180000,11.6600,11.6600,11.6600,11.6600,300,0
MUS.US,5,20131206,184500,11.6700,11.6700,11.6700,11.6700,700,0
MUS.US,5,20131206,185000,11.6800,11.6800,11.6800,11.6800,100,0
MUS.US,5,20131206,190500,11.6900,11.6900,11.6900,11.6900,200,0
MUS.US,5,20131206,191000,11.6900,11.7000,11.6900,11.6900,3100,0
MUS.US,5,20131206,191500,11.6900,11.6900,11.6900,11.6900,600,0
MUS.US,5,20131206,192000,11.6900,11.6900,11.6800,11.6900,1459,0
MUS.US,5,20131206,192500,11.6900,11.6900,11.6900,11.6900,200,0
MUS.US,5,20131206,194000,11.7000,11.7000,11.6900,11.6900,2000,0
MUS.US,5,20131206,194500,11.7000,11.7000,11.7000,11.7000,100,0
MUS.US,5,20131206,195000,11.7000,11.7000,11.7000,11.7000,100,0
MUS.US,5,20131206,200000,11.7100,11.7100,11.7100,11.7100,2800,0
MUS.US,5,20131206,200500,11.7200,11.7400,11.7200,11.7400,5174,0
MUS.US,5,20131206,201000,11.7400,11.7400,11.7300,11.7300,692,0
MUS.US,5,20131206,202500,11.7300,11.7300,11.7300,11.7300,100,0
MUS.US,5,20131206,203500,11.7200,11.7200,11.6900,11.7200,2261,0
MUS.US,5,20131206,204500,11.7100,11.7100,11.7100,11.7100,300,0
MUS.US,5,20131206,205000,11.7200,11.7200,11.7200,11.7200,1250,0
MUS.US,5,20131206,205500,11.7300,11.7300,11.7300,11.7300,200,0
MUS.US,5,20131206,210500,11.7400,11.7400,11.7400,11.7400,4400,0
MUS.US,5,20131206,211000,11.7400,11.7400,11.7400,11.7400,100,0
MUS.US,5,20131206,211500,11.7400,11.7400,11.7400,11.7400,100,0
MUS.US,5,20131206,212500,11.7500,11.7500,11.7500,11.7500,100,0
MUS.US,5,20131206,213500,11.7500,11.7500,11.7500,11.7500,2681,0
MUS.US,5,20131206,214000,11.7500,11.7500,11.7500,11.7500,500,0
MUS.US,5,20131206,214500,11.7500,11.7500,11.7300,11.7500,1800,0
MUS.US,5,20131206,215000,11.7500,11.7600,11.7300,11.7600,2400,0
MUS.US,5,20131206,215500,11.7600,11.7600,11.7600,11.7600,2900,0
MUS.US,5,20131206,220000,11.7600,11.7800,11.7600,11.7800,4400,0
MUS.US,5,20131206,220500,11.7800,11.7800,11.7800,11.7800,575,0
MUS.US,5,20131209,153500,11.7300,11.7300,11.7300,11.7300,600,0
MUS.US,5,20131209,154000,11.7300,11.7300,11.7300,11.7300,100,0
MUS.US,5,20131209,154500,11.7400,11.7500,11.7400,11.7500,400,0
MUS.US,5,20131209,160000,11.7500,11.7500,11.7500,11.7500,200,0
MUS.US,5,20131209,162000,11.7400,11.7400,11.7400,11.7400,4801,0
MUS.US,5,20131209,162500,11.7400,11.7500,11.7400,11.7500,1100,0
MUS.US,5,20131209,163000,11.7400,11.7400,11.7400,11.7400,400,0
MUS.US,5,20131209,163500,11.7400,11.7400,11.7300,11.7300,11522,0
MUS.US,5,20131209,164000,11.7400,11.7400,11.7300,11.7400,5800,0
MUS.US,5,20131209,164500,11.7400,11.7400,11.7400,11.7400,9100,0
MUS.US,5,20131209,165500,11.7400,11.7400,11.7400,11.7400,200,0
MUS.US,5,20131209,170000,11.7400,11.7400,11.7400,11.7400,200,0
MUS.US,5,20131209,170500,11.7300,11.7300,11.7300,11.7300,100,0
MUS.US,5,20131209,171000,11.7400,11.7400,11.7400,11.7400,3400,0
MUS.US,5,20131209,173000,11.7400,11.7400,11.7400,11.7400,2000,0
MUS.US,5,20131209,174500,11.7300,11.7300,11.7300,11.7300,501,0
MUS.US,5,20131209,175000,11.7400,11.7400,11.7400,11.7400,200,0
MUS.US,5,20131209,175500,11.7300,11.7300,11.7200,11.7200,2756,0
MUS.US,5,20131209,181500,11.7200,11.7200,11.7200,11.7200,200,0
MUS.US,5,20131209,182000,11.7100,11.7200,11.7100,11.7200,600,0
MUS.US,5,20131209,182500,11.7200,11.7200,11.7200,11.7200,800,0
MUS.US,5,20131209,183000,11.7200,11.7200,11.7200,11.7200,800,0
MUS.US,5,20131209,183500,11.7200,11.7200,11.7100,11.7100,500,0
MUS.US,5,20131209,184000,11.7200,11.7200,11.7200,11.7200,800,0
MUS.US,5,20131209,190000,11.7200,11.7200,11.7000,11.7000,669,0
MUS.US,5,20131209,190500,11.7000,11.7000,11.7000,11.7000,100,0
MUS.US,5,20131209,191000,11.7000,11.7000,11.7000,11.7000,100,0
MUS.US,5,20131209,191500,11.7000,11.7000,11.7000,11.7000,400,0
MUS.US,5,20131209,192000,11.7000,11.7000,11.7000,11.7000,200,0
MUS.US,5,20131209,193000,11.7000,11.7000,11.7000,11.7000,100,0
MUS.US,5,20131209,193500,11.7000,11.7000,11.7000,11.7000,300,0
MUS.US,5,20131209,194000,11.7000,11.7000,11.7000,11.7000,100,0
MUS.US,5,20131209,194500,11.7000,11.7100,11.7000,11.7100,500,0
MUS.US,5,20131209,195000,11.7000,11.7000,11.7000,11.7000,200,0
MUS.US,5,20131209,195500,11.7000,11.7000,11.7000,11.7000,100,0
MUS.US,5,20131209,200000,11.7000,11.7000,11.7000,11.7000,200,0
MUS.US,5,20131209,201500,11.7100,11.7100,11.7100,11.7100,214,0
MUS.US,5,20131209,202000,11.7100,11.7100,11.7100,11.7100,1600,0
MUS.US,5,20131209,202500,11.7100,11.7100,11.7100,11.7100,100,0
MUS.US,5,20131209,203000,11.7100,11.7100,11.7100,11.7100,100,0
MUS.US,5,20131209,205000,11.7200,11.7200,11.7200,11.7200,100,0
MUS.US,5,20131209,210000,11.7100,11.7100,11.7100,11.7100,2557,0
MUS.US,5,20131209,210500,11.7100,11.7100,11.7100,11.7100,300,0
MUS.US,5,20131209,212000,11.7100,11.7100,11.7100,11.7100,807,0
MUS.US,5,20131209,212500,11.7100,11.7100,11.7100,11.7100,500,0
MUS.US,5,20131209,213000,11.7100,11.7100,11.7100,11.7100,300,0
MUS.US,5,20131209,213500,11.7100,11.7100,11.7100,11.7100,100,0
MUS.US,5,20131209,214500,11.7100,11.7200,11.7100,11.7100,4700,0
MUS.US,5,20131209,215000,11.7100,11.7100,11.7100,11.7100,1400,0
MUS.US,5,20131209,215500,11.7100,11.7100,11.7100,11.7100,1300,0
MUS.US,5,20131209,220000,11.7100,11.7400,11.7000,11.7100,6400,0
