<TICKER>,<PER>,<DTYYYYMMDD>,<TIME>,<OPEN>,<HIGH>,<LOW>,<CLOSE>,<VOL>,<OPENINT>
NBG.US,5,20131112,153500,5.5800,5.6600,5.5600,5.6500,444164,0
NBG.US,5,20131112,154000,5.6500,5.6800,5.6500,5.6500,130443,0
NBG.US,5,20131112,154500,5.6500,5.6600,5.6000,5.6000,217201,0
NBG.US,5,20131112,155000,5.6100,5.6400,5.6000,5.6300,122733,0
NBG.US,5,20131112,155500,5.6300,5.6400,5.6100,5.6300,41913,0
NBG.US,5,20131112,160000,5.6300,5.6400,5.6100,5.6100,86863,0
NBG.US,5,20131112,160500,5.6000,5.6200,5.6000,5.6200,71937,0
NBG.US,5,20131112,161000,5.6100,5.6200,5.5800,5.5900,41288,0
NBG.US,5,20131112,161500,5.5900,5.6100,5.5800,5.6000,59352,0
NBG.US,5,20131112,162000,5.6100,5.6200,5.5900,5.6000,39952,0
NBG.US,5,20131112,162500,5.6100,5.6200,5.5900,5.6000,26419,0
NBG.US,5,20131112,163000,5.6000,5.6200,5.6000,5.6100,29016,0
NBG.US,5,20131112,163500,5.6200,5.6400,5.6100,5.6100,57944,0
NBG.US,5,20131112,164000,5.6100,5.6400,5.6100,5.6300,24451,0
NBG.US,5,20131112,164500,5.6400,5.6400,5.6200,5.6400,4974,0
NBG.US,5,20131112,165000,5.6400,5.6600,5.6300,5.6300,87574,0
NBG.US,5,20131112,165500,5.6400,5.6600,5.6300,5.6500,22576,0
NBG.US,5,20131112,170000,5.6500,5.6600,5.6100,5.6200,21198,0
NBG.US,5,20131112,170500,5.6200,5.6400,5.6200,5.6400,11730,0
NBG.US,5,20131112,171000,5.6400,5.6600,5.6300,5.6500,27639,0
NBG.US,5,20131112,171500,5.6600,5.6700,5.6500,5.6700,30969,0
NBG.US,5,20131112,172000,5.6700,5.6700,5.6200,5.6200,33051,0
NBG.US,5,20131112,172500,5.6200,5.6400,5.6200,5.6200,31060,0
NBG.US,5,20131112,173000,5.6400,5.6500,5.6200,5.6400,9020,0
NBG.US,5,20131112,173500,5.6400,5.6400,5.6300,5.6300,9160,0
NBG.US,5,20131112,174000,5.6400,5.6400,5.6100,5.6100,41924,0
NBG.US,5,20131112,174500,5.6200,5.6200,5.6000,5.6000,39032,0
NBG.US,5,20131112,175000,5.6100,5.6300,5.6000,5.6300,85744,0
NBG.US,5,20131112,175500,5.6300,5.6400,5.6100,5.6200,50906,0
NBG.US,5,20131112,180000,5.6200,5.6200,5.6100,5.6200,21770,0
NBG.US,5,20131112,180500,5.6200,5.6200,5.6000,5.6000,23975,0
NBG.US,5,20131112,181000,5.6000,5.6100,5.6000,5.6000,19332,0
NBG.US,5,20131112,181500,5.6100,5.6400,5.6000,5.6100,41275,0
NBG.US,5,20131112,182000,5.6200,5.6200,5.6000,5.6000,6400,0
NBG.US,5,20131112,182500,5.6000,5.6200,5.6000,5.6100,47070,0
NBG.US,5,20131112,183000,5.6200,5.6200,5.6100,5.6100,3840,0
NBG.US,5,20131112,183500,5.6100,5.6200,5.6100,5.6100,17200,0
NBG.US,5,20131112,184000,5.6100,5.6200,5.6000,5.6100,13043,0
NBG.US,5,20131112,184500,5.6000,5.6100,5.6000,5.6000,8100,0
NBG.US,5,20131112,185000,5.6000,5.6100,5.6000,5.6000,8567,0
NBG.US,5,20131112,185500,5.6000,5.6100,5.6000,5.6000,8650,0
NBG.US,5,20131112,190000,5.6100,5.6100,5.6000,5.6100,7355,0
NBG.US,5,20131112,190500,5.6100,5.6100,5.5900,5.5900,43825,0
NBG.US,5,20131112,191000,5.5900,5.6000,5.5800,5.6000,65604,0
NBG.US,5,20131112,191500,5.6000,5.6000,5.5800,5.5800,80003,0
NBG.US,5,20131112,192000,5.5800,5.5800,5.5700,5.5800,47345,0
NBG.US,5,20131112,192500,5.5800,5.5900,5.5700,5.5800,20150,0
NBG.US,5,20131112,193000,5.5800,5.5900,5.5700,5.5900,20053,0
NBG.US,5,20131112,193500,5.5800,5.5900,5.5800,5.5900,12713,0
NBG.US,5,20131112,194000,5.5900,5.5900,5.5800,5.5900,28695,0
NBG.US,5,20131112,194500,5.5900,5.6000,5.5800,5.5900,27770,0
NBG.US,5,20131112,195000,5.5900,5.5900,5.5700,5.5800,52858,0
NBG.US,5,20131112,195500,5.5700,5.5800,5.5600,5.5700,21208,0
NBG.US,5,20131112,200000,5.5700,5.5700,5.5500,5.5600,60517,0
NBG.US,5,20131112,200500,5.5500,5.5600,5.5500,5.5500,49009,0
NBG.US,5,20131112,201000,5.5500,5.5600,5.5500,5.5600,72113,0
NBG.US,5,20131112,201500,5.5500,5.5600,5.5500,5.5500,18590,0
NBG.US,5,20131112,202000,5.5500,5.5600,5.5500,5.5600,28361,0
NBG.US,5,20131112,202500,5.5600,5.5600,5.5500,5.5600,32400,0
NBG.US,5,20131112,203000,5.5500,5.5600,5.5500,5.5500,27088,0
NBG.US,5,20131112,203500,5.5500,5.5600,5.5500,5.5500,25294,0
NBG.US,5,20131112,204000,5.5500,5.5700,5.5500,5.5600,38750,0
NBG.US,5,20131112,204500,5.5600,5.5800,5.5600,5.5800,95051,0
NBG.US,5,20131112,205000,5.5800,5.5900,5.5500,5.5500,190648,0
NBG.US,5,20131112,205500,5.5600,5.5700,5.5500,5.5600,15636,0
NBG.US,5,20131112,210000,5.5600,5.5900,5.5600,5.5800,15612,0
NBG.US,5,20131112,210500,5.5800,5.5900,5.5800,5.5800,9705,0
NBG.US,5,20131112,211000,5.5900,5.6000,5.5800,5.5900,14738,0
NBG.US,5,20131112,211500,5.5900,5.6000,5.5800,5.6000,9761,0
NBG.US,5,20131112,212000,5.5900,5.6100,5.5900,5.6000,23359,0
NBG.US,5,20131112,212500,5.6000,5.6100,5.6000,5.6000,21276,0
NBG.US,5,20131112,213000,5.6000,5.6000,5.5900,5.5900,31647,0
NBG.US,5,20131112,213500,5.5900,5.5900,5.5800,5.5900,17542,0
NBG.US,5,20131112,214000,5.5800,5.5900,5.5700,5.5700,12968,0
NBG.US,5,20131112,214500,5.5700,5.5800,5.5700,5.5800,10435,0
NBG.US,5,20131112,215000,5.5700,5.6400,5.5700,5.6300,452761,0
NBG.US,5,20131112,215500,5.6300,5.6300,5.5800,5.5900,106865,0
NBG.US,5,20131112,220000,5.5900,5.6000,5.5800,5.5900,188479,0
NBG.US,5,20131112,220500,5.5800,5.5800,5.5800,5.5800,7847,0
NBG.US,5,20131113,153500,5.5900,5.6100,5.5900,5.5900,28755,0
NBG.US,5,20131113,154000,5.5800,5.5800,5.5600,5.5800,45310,0
NBG.US,5,20131113,154500,5.5800,5.5800,5.5700,5.5700,38984,0
NBG.US,5,20131113,155000,5.5800,5.6000,5.5800,5.6000,15280,0
NBG.US,5,20131113,155500,5.5900,5.5900,5.5600,5.5600,26729,0
NBG.US,5,20131113,160000,5.5500,5.5600,5.4900,5.5000,254735,0
NBG.US,5,20131113,160500,5.5000,5.5000,5.4900,5.5000,87729,0
NBG.US,5,20131113,161000,5.5000,5.5300,5.4700,5.5100,147210,0
NBG.US,5,20131113,161500,5.5100,5.5400,5.5100,5.5400,28725,0
NBG.US,5,20131113,162000,5.5400,5.5400,5.5200,5.5400,33565,0
NBG.US,5,20131113,162500,5.5200,5.5300,5.5100,5.5300,20946,0
NBG.US,5,20131113,163000,5.5200,5.5600,5.5200,5.5500,50360,0
NBG.US,5,20131113,163500,5.5500,5.5600,5.5300,5.5300,21582,0
NBG.US,5,20131113,164000,5.5300,5.5400,5.5200,5.5400,10052,0
NBG.US,5,20131113,164500,5.5300,5.5400,5.5300,5.5400,1860,0
NBG.US,5,20131113,165000,5.5400,5.5600,5.5300,5.5600,32545,0
NBG.US,5,20131113,165500,5.5600,5.5600,5.5400,5.5400,57010,0
NBG.US,5,20131113,170000,5.5400,5.5700,5.5400,5.5700,24569,0
NBG.US,5,20131113,170500,5.5700,5.5700,5.5700,5.5700,12605,0
NBG.US,5,20131113,171000,5.5800,5.5800,5.5700,5.5800,10766,0
NBG.US,5,20131113,171500,5.5800,5.5900,5.5700,5.5800,33774,0
NBG.US,5,20131113,172000,5.5800,5.5800,5.5700,5.5800,14864,0
NBG.US,5,20131113,172500,5.5800,5.6000,5.5700,5.5900,32696,0
NBG.US,5,20131113,173000,5.5800,5.5900,5.5800,5.5900,9350,0
NBG.US,5,20131113,173500,5.5900,5.6000,5.5800,5.6000,21999,0
NBG.US,5,20131113,174000,5.6000,5.6000,5.5900,5.6000,3980,0
NBG.US,5,20131113,174500,5.6000,5.6200,5.6000,5.6100,53094,0
NBG.US,5,20131113,175000,5.6100,5.6100,5.6000,5.6100,8549,0
NBG.US,5,20131113,175500,5.6000,5.6200,5.6000,5.6200,23000,0
NBG.US,5,20131113,180000,5.6200,5.6300,5.6100,5.6200,34388,0
NBG.US,5,20131113,180500,5.6200,5.6200,5.6100,5.6200,26150,0
NBG.US,5,20131113,181000,5.6200,5.6200,5.6000,5.6100,9825,0
NBG.US,5,20131113,181500,5.6000,5.6200,5.6000,5.6100,33947,0
NBG.US,5,20131113,182000,5.6100,5.6200,5.6100,5.6200,5870,0
NBG.US,5,20131113,182500,5.6200,5.6500,5.6100,5.6500,91601,0
NBG.US,5,20131113,183000,5.6500,5.6500,5.6100,5.6100,15700,0
NBG.US,5,20131113,183500,5.6100,5.6100,5.6100,5.6100,13636,0
NBG.US,5,20131113,184000,5.6100,5.6300,5.6000,5.6300,29000,0
NBG.US,5,20131113,184500,5.6300,5.6300,5.6200,5.6200,2400,0
NBG.US,5,20131113,185000,5.6200,5.6300,5.6200,5.6300,5051,0
NBG.US,5,20131113,185500,5.6300,5.6400,5.6200,5.6400,10610,0
NBG.US,5,20131113,190000,5.6400,5.6400,5.6300,5.6400,5000,0
NBG.US,5,20131113,190500,5.6400,5.6400,5.6300,5.6300,7676,0
NBG.US,5,20131113,191000,5.6400,5.6400,5.6300,5.6300,5900,0
NBG.US,5,20131113,191500,5.6400,5.6400,5.6300,5.6300,6240,0
NBG.US,5,20131113,192000,5.6400,5.6400,5.6300,5.6400,1668,0
NBG.US,5,20131113,192500,5.6400,5.6400,5.6300,5.6400,22000,0
NBG.US,5,20131113,193000,5.6400,5.6400,5.6200,5.6300,19907,0
NBG.US,5,20131113,193500,5.6300,5.6300,5.6200,5.6300,1715,0
NBG.US,5,20131113,194000,5.6200,5.6200,5.6200,5.6200,500,0
NBG.US,5,20131113,194500,5.6200,5.6200,5.6200,5.6200,300,0
NBG.US,5,20131113,195000,5.6200,5.6300,5.6200,5.6300,27500,0
NBG.US,5,20131113,195500,5.6300,5.6400,5.6200,5.6400,77255,0
NBG.US,5,20131113,200000,5.6300,5.6400,5.6300,5.6400,59802,0
NBG.US,5,20131113,200500,5.6400,5.6500,5.6300,5.6500,64432,0
NBG.US,5,20131113,201000,5.6400,5.6500,5.6400,5.6500,4799,0
NBG.US,5,20131113,201500,5.6500,5.6500,5.6300,5.6300,9121,0
NBG.US,5,20131113,202000,5.6200,5.6300,5.6200,5.6300,6700,0
NBG.US,5,20131113,203000,5.6300,5.6300,5.6300,5.6300,10199,0
NBG.US,5,20131113,204000,5.6300,5.6300,5.6300,5.6300,6100,0
NBG.US,5,20131113,204500,5.6200,5.6200,5.6100,5.6100,8979,0
NBG.US,5,20131113,205000,5.6100,5.6200,5.6100,5.6200,1600,0
NBG.US,5,20131113,205500,5.6200,5.6200,5.6200,5.6200,3337,0
NBG.US,5,20131113,210000,5.6100,5.6200,5.6000,5.6000,13298,0
NBG.US,5,20131113,210500,5.6000,5.6100,5.6000,5.6100,14405,0
NBG.US,5,20131113,211000,5.6000,5.6100,5.5900,5.6000,29889,0
NBG.US,5,20131113,211500,5.5900,5.6000,5.5900,5.6000,2950,0
NBG.US,5,20131113,212000,5.6000,5.6200,5.6000,5.6200,10470,0
NBG.US,5,20131113,212500,5.6200,5.6300,5.6100,5.6200,4190,0
NBG.US,5,20131113,213000,5.6200,5.6200,5.6100,5.6100,3613,0
NBG.US,5,20131113,213500,5.6200,5.6200,5.6100,5.6200,950,0
NBG.US,5,20131113,214000,5.6100,5.6200,5.6000,5.6000,7436,0
NBG.US,5,20131113,214500,5.6000,5.6200,5.6000,5.6200,15799,0
NBG.US,5,20131113,215000,5.6100,5.6500,5.6000,5.6400,51177,0
NBG.US,5,20131113,215500,5.6500,5.6500,5.6100,5.6200,30543,0
NBG.US,5,20131113,220000,5.6200,5.6300,5.6200,5.6300,33882,0
NBG.US,5,20131113,220500,5.6300,5.6300,5.6300,5.6300,25041,0
NBG.US,5,20131114,153500,5.6700,5.6800,5.6300,5.6500,114587,0
NBG.US,5,20131114,154000,5.6500,5.6800,5.6200,5.6500,82114,0
NBG.US,5,20131114,154500,5.6500,5.6500,5.6400,5.6400,17952,0
NBG.US,5,20131114,155000,5.6500,5.6800,5.6400,5.6600,47684,0
NBG.US,5,20131114,155500,5.6700,5.6700,5.6600,5.6700,19436,0
NBG.US,5,20131114,160000,5.6800,5.7200,5.6800,5.7000,112812,0
NBG.US,5,20131114,160500,5.7000,5.7000,5.6800,5.6800,30467,0
NBG.US,5,20131114,161000,5.6800,5.6900,5.6600,5.6800,62800,0
NBG.US,5,20131114,161500,5.6700,5.7000,5.6700,5.6700,21090,0
NBG.US,5,20131114,162000,5.6700,5.6900,5.6700,5.6700,10069,0
NBG.US,5,20131114,162500,5.6800,5.6900,5.6700,5.6700,39820,0
NBG.US,5,20131114,163000,5.6700,5.6800,5.6700,5.6700,58628,0
NBG.US,5,20131114,163500,5.6800,5.6800,5.6700,5.6700,3395,0
NBG.US,5,20131114,164000,5.6800,5.6800,5.6600,5.6800,72493,0
NBG.US,5,20131114,164500,5.6800,5.6800,5.6600,5.6600,11010,0
NBG.US,5,20131114,165000,5.6500,5.6600,5.6400,5.6500,62879,0
NBG.US,5,20131114,165500,5.6400,5.6600,5.6400,5.6400,36746,0
NBG.US,5,20131114,170000,5.6300,5.6400,5.6300,5.6300,30572,0
NBG.US,5,20131114,170500,5.6300,5.6300,5.6100,5.6300,33406,0
NBG.US,5,20131114,171000,5.6100,5.6600,5.6100,5.6600,14541,0
NBG.US,5,20131114,171500,5.6600,5.6600,5.6400,5.6600,6520,0
NBG.US,5,20131114,172000,5.6600,5.6800,5.6600,5.6700,29406,0
NBG.US,5,20131114,172500,5.6600,5.6700,5.6500,5.6600,9398,0
NBG.US,5,20131114,173000,5.6600,5.6600,5.6100,5.6300,86392,0
NBG.US,5,20131114,173500,5.6400,5.6400,5.6200,5.6200,6800,0
NBG.US,5,20131114,174000,5.6200,5.6300,5.6000,5.6100,20660,0
NBG.US,5,20131114,174500,5.6000,5.6400,5.5900,5.6200,65456,0
NBG.US,5,20131114,175000,5.6200,5.6300,5.6000,5.6100,27950,0
NBG.US,5,20131114,175500,5.6000,5.6200,5.5900,5.6100,30700,0
NBG.US,5,20131114,180000,5.6100,5.6200,5.5900,5.5900,49091,0
NBG.US,5,20131114,180500,5.5900,5.6000,5.5900,5.6000,26000,0
NBG.US,5,20131114,181000,5.6000,5.6000,5.5900,5.5900,2500,0
NBG.US,5,20131114,181500,5.6000,5.6300,5.5900,5.6200,34452,0
NBG.US,5,20131114,182000,5.6200,5.6200,5.6000,5.6100,10200,0
NBG.US,5,20131114,182500,5.6100,5.6200,5.6100,5.6200,9610,0
NBG.US,5,20131114,183000,5.6000,5.6300,5.6000,5.6300,8810,0
NBG.US,5,20131114,183500,5.6200,5.6400,5.6200,5.6300,27705,0
NBG.US,5,20131114,184000,5.6300,5.6300,5.6000,5.6200,24072,0
NBG.US,5,20131114,184500,5.6100,5.6200,5.6100,5.6200,1482,0
NBG.US,5,20131114,185000,5.6200,5.6200,5.6100,5.6100,17020,0
NBG.US,5,20131114,185500,5.6200,5.6200,5.6100,5.6100,9440,0
NBG.US,5,20131114,190000,5.6200,5.6300,5.6100,5.6200,12030,0
NBG.US,5,20131114,190500,5.6200,5.6200,5.6100,5.6200,8517,0
NBG.US,5,20131114,191000,5.6100,5.6200,5.6100,5.6100,20500,0
NBG.US,5,20131114,191500,5.6100,5.6200,5.6100,5.6200,4300,0
NBG.US,5,20131114,192000,5.6200,5.6200,5.6100,5.6100,18278,0
NBG.US,5,20131114,192500,5.6100,5.6200,5.6100,5.6200,3100,0
NBG.US,5,20131114,193000,5.6200,5.6200,5.6100,5.6100,3678,0
NBG.US,5,20131114,193500,5.6100,5.6100,5.6100,5.6100,1186,0
NBG.US,5,20131114,194000,5.6200,5.6200,5.6100,5.6100,14671,0
NBG.US,5,20131114,194500,5.6200,5.6200,5.6100,5.6100,2558,0
NBG.US,5,20131114,195000,5.6200,5.6200,5.6100,5.6100,4090,0
NBG.US,5,20131114,195500,5.6200,5.6200,5.6100,5.6200,3798,0
NBG.US,5,20131114,200000,5.6100,5.6200,5.6100,5.6100,24470,0
NBG.US,5,20131114,200500,5.6100,5.6200,5.6100,5.6100,19098,0
NBG.US,5,20131114,201000,5.6100,5.6100,5.6000,5.6000,5216,0
NBG.US,5,20131114,201500,5.6000,5.6100,5.6000,5.6100,2360,0
NBG.US,5,20131114,202000,5.6100,5.6200,5.6100,5.6200,33630,0
NBG.US,5,20131114,202500,5.6100,5.6400,5.6000,5.6400,66420,0
NBG.US,5,20131114,203000,5.6400,5.6500,5.6300,5.6300,7545,0
NBG.US,5,20131114,203500,5.6300,5.6400,5.6300,5.6300,1150,0
NBG.US,5,20131114,204000,5.6300,5.6400,5.6300,5.6400,2785,0
NBG.US,5,20131114,204500,5.6400,5.6400,5.6300,5.6300,6019,0
NBG.US,5,20131114,205000,5.6400,5.6500,5.6300,5.6500,10177,0
NBG.US,5,20131114,205500,5.6400,5.6500,5.6400,5.6400,6100,0
NBG.US,5,20131114,210000,5.6400,5.6500,5.6400,5.6400,10652,0
NBG.US,5,20131114,210500,5.6500,5.6500,5.6400,5.6400,12447,0
NBG.US,5,20131114,211000,5.6400,5.6500,5.6400,5.6400,4100,0
NBG.US,5,20131114,211500,5.6500,5.6500,5.6400,5.6500,6850,0
NBG.US,5,20131114,212000,5.6400,5.6500,5.6400,5.6400,39540,0
NBG.US,5,20131114,212500,5.6500,5.6500,5.6400,5.6400,16094,0
NBG.US,5,20131114,213000,5.6400,5.6500,5.6400,5.6400,5290,0
NBG.US,5,20131114,213500,5.6500,5.6500,5.6400,5.6400,11202,0
NBG.US,5,20131114,214000,5.6500,5.6500,5.6400,5.6400,3200,0
NBG.US,5,20131114,214500,5.6500,5.6600,5.6400,5.6600,134321,0
NBG.US,5,20131114,215000,5.6500,5.6600,5.6500,5.6600,75191,0
NBG.US,5,20131114,215500,5.6500,5.6600,5.6500,5.6500,41058,0
NBG.US,5,20131114,220000,5.6600,5.6600,5.6300,5.6300,127099,0
NBG.US,5,20131114,220500,5.6400,5.6500,5.6400,5.6500,24283,0
NBG.US,5,20131115,153500,5.6400,5.6500,5.6000,5.6000,73760,0
NBG.US,5,20131115,154000,5.6000,5.6000,5.5700,5.5800,68768,0
NBG.US,5,20131115,154500,5.5800,5.5900,5.5600,5.5800,51559,0
NBG.US,5,20131115,155000,5.5800,5.6000,5.5700,5.5800,51689,0
NBG.US,5,20131115,155500,5.5700,5.5900,5.5500,5.5600,49191,0
NBG.US,5,20131115,160000,5.5500,5.5800,5.5500,5.5600,44234,0
NBG.US,5,20131115,160500,5.5600,5.5700,5.5500,5.5500,49520,0
NBG.US,5,20131115,161000,5.5500,5.5500,5.5300,5.5500,37598,0
NBG.US,5,20131115,161500,5.5500,5.5800,5.5400,5.5400,56755,0
NBG.US,5,20131115,162000,5.5400,5.5700,5.5400,5.5700,28283,0
NBG.US,5,20131115,162500,5.5600,5.5600,5.5400,5.5400,57233,0
NBG.US,5,20131115,163000,5.5400,5.5500,5.5400,5.5500,24281,0
NBG.US,5,20131115,163500,5.5500,5.5500,5.5400,5.5500,32799,0
NBG.US,5,20131115,164000,5.5400,5.5500,5.5200,5.5300,61796,0
NBG.US,5,20131115,164500,5.5200,5.5300,5.5000,5.5200,75810,0
NBG.US,5,20131115,165000,5.5200,5.5400,5.5200,5.5300,35550,0
NBG.US,5,20131115,165500,5.5400,5.5400,5.5300,5.5400,21261,0
NBG.US,5,20131115,170000,5.5400,5.5400,5.5300,5.5300,16716,0
NBG.US,5,20131115,170500,5.5300,5.5400,5.5200,5.5200,29241,0
NBG.US,5,20131115,171000,5.5200,5.5300,5.5100,5.5200,30507,0
NBG.US,5,20131115,171500,5.5100,5.5200,5.5100,5.5100,30756,0
NBG.US,5,20131115,172000,5.5200,5.5300,5.5100,5.5300,28054,0
NBG.US,5,20131115,172500,5.5300,5.5300,5.5100,5.5100,18450,0
NBG.US,5,20131115,173000,5.5200,5.5200,5.5100,5.5200,27647,0
NBG.US,5,20131115,173500,5.5200,5.5200,5.5000,5.5100,35807,0
NBG.US,5,20131115,174000,5.5200,5.5200,5.5000,5.5100,34442,0
NBG.US,5,20131115,174500,5.5200,5.5500,5.5200,5.5200,53740,0
NBG.US,5,20131115,175000,5.5300,5.5400,5.5300,5.5400,35010,0
NBG.US,5,20131115,175500,5.5300,5.5300,5.5000,5.5000,59494,0
NBG.US,5,20131115,180000,5.5100,5.5300,5.5000,5.5100,77049,0
NBG.US,5,20131115,180500,5.5100,5.5200,5.5100,5.5200,27350,0
NBG.US,5,20131115,181000,5.5200,5.5300,5.5100,5.5300,38100,0
NBG.US,5,20131115,181500,5.5300,5.5300,5.5200,5.5300,12801,0
NBG.US,5,20131115,182000,5.5300,5.5300,5.5200,5.5200,26645,0
NBG.US,5,20131115,182500,5.5300,5.5500,5.5300,5.5500,47959,0
NBG.US,5,20131115,183000,5.5500,5.5500,5.5300,5.5300,22233,0
NBG.US,5,20131115,183500,5.5300,5.5400,5.5300,5.5400,12293,0
NBG.US,5,20131115,184000,5.5300,5.5500,5.5300,5.5500,35110,0
NBG.US,5,20131115,184500,5.5500,5.5500,5.5400,5.5500,13300,0
NBG.US,5,20131115,185000,5.5400,5.5500,5.5200,5.5200,33268,0
NBG.US,5,20131115,185500,5.5200,5.5400,5.5200,5.5400,30205,0
NBG.US,5,20131115,190000,5.5400,5.5500,5.5300,5.5400,14135,0
NBG.US,5,20131115,190500,5.5400,5.5400,5.5300,5.5400,4735,0
NBG.US,5,20131115,191000,5.5300,5.5400,5.5300,5.5300,5400,0
NBG.US,5,20131115,191500,5.5400,5.5400,5.5200,5.5200,92770,0
NBG.US,5,20131115,192000,5.5200,5.5200,5.5100,5.5200,22491,0
NBG.US,5,20131115,192500,5.5100,5.5400,5.5100,5.5200,59409,0
NBG.US,5,20131115,193000,5.5300,5.5400,5.5200,5.5400,41000,0
NBG.US,5,20131115,193500,5.5400,5.5500,5.5400,5.5400,53371,0
NBG.US,5,20131115,194000,5.5500,5.5500,5.5400,5.5400,25610,0
NBG.US,5,20131115,194500,5.5400,5.5400,5.5300,5.5300,19575,0
NBG.US,5,20131115,195000,5.5300,5.5400,5.5200,5.5300,21652,0
NBG.US,5,20131115,195500,5.5200,5.5300,5.5200,5.5200,35156,0
NBG.US,5,20131115,200000,5.5200,5.5300,5.5200,5.5300,28608,0
NBG.US,5,20131115,200500,5.5300,5.5300,5.5200,5.5200,6941,0
NBG.US,5,20131115,201000,5.5200,5.5300,5.5200,5.5300,26969,0
NBG.US,5,20131115,201500,5.5200,5.5300,5.5200,5.5200,17205,0
NBG.US,5,20131115,202000,5.5200,5.5300,5.5200,5.5200,9308,0
NBG.US,5,20131115,202500,5.5200,5.5300,5.5200,5.5200,10450,0
NBG.US,5,20131115,203000,5.5300,5.5400,5.5200,5.5300,36747,0
NBG.US,5,20131115,203500,5.5400,5.5400,5.5300,5.5400,14200,0
NBG.US,5,20131115,204000,5.5400,5.5400,5.5300,5.5300,29501,0
NBG.US,5,20131115,204500,5.5400,5.5400,5.5300,5.5300,14861,0
NBG.US,5,20131115,205000,5.5400,5.5400,5.5300,5.5400,22640,0
NBG.US,5,20131115,205500,5.5300,5.5400,5.5300,5.5300,7500,0
NBG.US,5,20131115,210000,5.5300,5.5400,5.5300,5.5400,39163,0
NBG.US,5,20131115,210500,5.5400,5.5400,5.5300,5.5300,17800,0
NBG.US,5,20131115,211000,5.5400,5.5400,5.5300,5.5400,10705,0
NBG.US,5,20131115,211500,5.5400,5.5400,5.5300,5.5400,16500,0
NBG.US,5,20131115,212000,5.5400,5.5400,5.5300,5.5400,56103,0
NBG.US,5,20131115,212500,5.5400,5.5500,5.5400,5.5500,88815,0
NBG.US,5,20131115,213000,5.5500,5.5500,5.5400,5.5500,40217,0
NBG.US,5,20131115,213500,5.5400,5.5500,5.5400,5.5500,21925,0
NBG.US,5,20131115,214000,5.5500,5.5500,5.5400,5.5500,44050,0
NBG.US,5,20131115,214500,5.5500,5.5600,5.5400,5.5500,43441,0
NBG.US,5,20131115,215000,5.5500,5.5600,5.5500,5.5500,38082,0
NBG.US,5,20131115,215500,5.5600,5.5600,5.5500,5.5500,84746,0
NBG.US,5,20131115,220000,5.5500,5.5600,5.5400,5.5400,76870,0
NBG.US,5,20131115,220500,5.5500,5.5500,5.5500,5.5500,5372,0
NBG.US,5,20131118,153500,5.6000,5.6000,5.5300,5.5400,77865,0
NBG.US,5,20131118,154000,5.5300,5.5400,5.4600,5.4900,164838,0
NBG.US,5,20131118,154500,5.4900,5.5200,5.4600,5.4900,109661,0
NBG.US,5,20131118,155000,5.4800,5.5300,5.4800,5.5200,85082,0
NBG.US,5,20131118,155500,5.5200,5.5300,5.5000,5.5200,78289,0
NBG.US,5,20131118,160000,5.5000,5.5000,5.4800,5.4800,116615,0
NBG.US,5,20131118,160500,5.4800,5.5000,5.4700,5.4700,29248,0
NBG.US,5,20131118,161000,5.4800,5.5200,5.4600,5.5200,83037,0
NBG.US,5,20131118,161500,5.5200,5.5200,5.5000,5.5100,26975,0
NBG.US,5,20131118,162000,5.5100,5.5100,5.5000,5.5000,13100,0
NBG.US,5,20131118,162500,5.5000,5.5100,5.5000,5.5100,24202,0
NBG.US,5,20131118,163000,5.5000,5.5100,5.5000,5.5000,16432,0
NBG.US,5,20131118,163500,5.5100,5.5200,5.4900,5.5100,35300,0
NBG.US,5,20131118,164000,5.5100,5.5200,5.5100,5.5200,10800,0
NBG.US,5,20131118,164500,5.5100,5.5200,5.5100,5.5100,1500,0
NBG.US,5,20131118,165000,5.5100,5.5200,5.5000,5.5200,21539,0
NBG.US,5,20131118,165500,5.5200,5.5200,5.5100,5.5200,4760,0
NBG.US,5,20131118,170000,5.5100,5.5200,5.5100,5.5200,7200,0
NBG.US,5,20131118,170500,5.5200,5.5300,5.5200,5.5300,59445,0
NBG.US,5,20131118,171000,5.5200,5.5400,5.5200,5.5200,21163,0
NBG.US,5,20131118,171500,5.5300,5.5300,5.5100,5.5200,20751,0
NBG.US,5,20131118,172000,5.5200,5.5300,5.4900,5.5000,55517,0
NBG.US,5,20131118,172500,5.4900,5.5000,5.4800,5.4900,63692,0
NBG.US,5,20131118,173000,5.4900,5.5300,5.4800,5.5200,43801,0
NBG.US,5,20131118,173500,5.5200,5.5300,5.5000,5.5000,23084,0
NBG.US,5,20131118,174000,5.5100,5.5100,5.4800,5.4900,17221,0
NBG.US,5,20131118,174500,5.4800,5.4900,5.4800,5.4900,3200,0
NBG.US,5,20131118,175000,5.4800,5.5000,5.4800,5.5000,54308,0
NBG.US,5,20131118,175500,5.5000,5.5100,5.4900,5.4900,48121,0
NBG.US,5,20131118,180000,5.4900,5.4900,5.4800,5.4900,27224,0
NBG.US,5,20131118,180500,5.4800,5.4900,5.4800,5.4900,31265,0
NBG.US,5,20131118,181000,5.4900,5.4900,5.4700,5.4800,61623,0
NBG.US,5,20131118,181500,5.4700,5.4800,5.4600,5.4700,27790,0
NBG.US,5,20131118,182000,5.4800,5.4800,5.4600,5.4700,60649,0
NBG.US,5,20131118,182500,5.4700,5.4700,5.4500,5.4600,97367,0
NBG.US,5,20131118,183000,5.4600,5.4700,5.4500,5.4600,54790,0
NBG.US,5,20131118,183500,5.4600,5.4600,5.4500,5.4600,37717,0
NBG.US,5,20131118,184000,5.4500,5.4600,5.4500,5.4600,17125,0
NBG.US,5,20131118,184500,5.4500,5.4600,5.4500,5.4600,9990,0
NBG.US,5,20131118,185000,5.4500,5.4600,5.4500,5.4500,24667,0
NBG.US,5,20131118,185500,5.4600,5.4600,5.4500,5.4600,30175,0
NBG.US,5,20131118,190000,5.4500,5.4600,5.4500,5.4500,17598,0
NBG.US,5,20131118,190500,5.4600,5.4600,5.4500,5.4600,8485,0
NBG.US,5,20131118,191000,5.4500,5.4600,5.4500,5.4500,45350,0
NBG.US,5,20131118,191500,5.4500,5.4600,5.4500,5.4600,26473,0
NBG.US,5,20131118,192000,5.4600,5.4600,5.4500,5.4500,17600,0
NBG.US,5,20131118,192500,5.4500,5.4600,5.4500,5.4600,27158,0
NBG.US,5,20131118,193000,5.4600,5.4700,5.4600,5.4700,54565,0
NBG.US,5,20131118,193500,5.4700,5.4700,5.4600,5.4700,20568,0
NBG.US,5,20131118,194000,5.4600,5.4900,5.4600,5.4800,43315,0
NBG.US,5,20131118,194500,5.4800,5.4800,5.4700,5.4700,5093,0
NBG.US,5,20131118,195000,5.4800,5.4800,5.4700,5.4800,16225,0
NBG.US,5,20131118,195500,5.4700,5.4700,5.4700,5.4700,1000,0
NBG.US,5,20131118,200000,5.4700,5.4800,5.4700,5.4700,5919,0
NBG.US,5,20131118,200500,5.4700,5.4700,5.4700,5.4700,3600,0
NBG.US,5,20131118,201000,5.4700,5.4800,5.4700,5.4800,7126,0
NBG.US,5,20131118,201500,5.4800,5.4800,5.4700,5.4700,10586,0
NBG.US,5,20131118,202000,5.4800,5.4800,5.4600,5.4700,12801,0
NBG.US,5,20131118,202500,5.4700,5.4800,5.4600,5.4800,13700,0
NBG.US,5,20131118,203000,5.4700,5.4800,5.4700,5.4800,10953,0
NBG.US,5,20131118,203500,5.4800,5.4800,5.4700,5.4700,17747,0
NBG.US,5,20131118,204000,5.4700,5.4800,5.4700,5.4700,11500,0
NBG.US,5,20131118,204500,5.4800,5.4900,5.4800,5.4800,39350,0
NBG.US,5,20131118,205000,5.4800,5.4800,5.4800,5.4800,9000,0
NBG.US,5,20131118,205500,5.4800,5.4900,5.4800,5.4800,10100,0
NBG.US,5,20131118,210000,5.4900,5.4900,5.4700,5.4700,7420,0
NBG.US,5,20131118,210500,5.4800,5.4900,5.4700,5.4800,73523,0
NBG.US,5,20131118,211000,5.4800,5.5000,5.4700,5.4700,71571,0
NBG.US,5,20131118,211500,5.4800,5.4800,5.4700,5.4700,8260,0
NBG.US,5,20131118,212000,5.4800,5.4800,5.4600,5.4700,15931,0
NBG.US,5,20131118,212500,5.4600,5.4700,5.4600,5.4700,8596,0
NBG.US,5,20131118,213000,5.4700,5.4700,5.4500,5.4600,89079,0
NBG.US,5,20131118,213500,5.4600,5.4600,5.4200,5.4200,123642,0
NBG.US,5,20131118,214000,5.4200,5.4300,5.4200,5.4300,62166,0
NBG.US,5,20131118,214500,5.4300,5.4400,5.4200,5.4200,115584,0
NBG.US,5,20131118,215000,5.4200,5.4300,5.4200,5.4200,49673,0
NBG.US,5,20131118,215500,5.4200,5.4300,5.4100,5.4100,111656,0
NBG.US,5,20131118,220000,5.4100,5.4200,5.4000,5.4100,245696,0
NBG.US,5,20131118,220500,5.4000,5.4000,5.4000,5.4000,36288,0
NBG.US,5,20131119,153500,5.5000,5.5200,5.4500,5.4500,61537,0
NBG.US,5,20131119,154000,5.4600,5.4600,5.4100,5.4400,75399,0
NBG.US,5,20131119,154500,5.4400,5.4400,5.3500,5.3600,181225,0
NBG.US,5,20131119,155000,5.3800,5.3900,5.3600,5.3800,113191,0
NBG.US,5,20131119,155500,5.3900,5.4000,5.3800,5.3900,42636,0
NBG.US,5,20131119,160000,5.3900,5.3900,5.3500,5.3600,100000,0
NBG.US,5,20131119,160500,5.3600,5.3600,5.3100,5.3200,163139,0
NBG.US,5,20131119,161000,5.3300,5.3300,5.2400,5.3200,534875,0
NBG.US,5,20131119,161500,5.3200,5.3400,5.3200,5.3300,94346,0
NBG.US,5,20131119,162000,5.3300,5.3400,5.2600,5.2600,93770,0
NBG.US,5,20131119,162500,5.2500,5.2700,5.2100,5.2300,171376,0
NBG.US,5,20131119,163000,5.2300,5.2500,5.2200,5.2400,91541,0
NBG.US,5,20131119,163500,5.2400,5.3000,5.2300,5.2900,103009,0
NBG.US,5,20131119,164000,5.2900,5.3300,5.2900,5.3100,75291,0
NBG.US,5,20131119,164500,5.3100,5.3300,5.3000,5.3300,62435,0
NBG.US,5,20131119,165000,5.3300,5.3500,5.3200,5.3300,33380,0
NBG.US,5,20131119,165500,5.3300,5.3500,5.3100,5.3200,41150,0
NBG.US,5,20131119,170000,5.3200,5.3300,5.3100,5.3200,15300,0
NBG.US,5,20131119,170500,5.3200,5.3200,5.3000,5.3000,24380,0
NBG.US,5,20131119,171000,5.3100,5.3200,5.3100,5.3100,6701,0
NBG.US,5,20131119,171500,5.3200,5.3300,5.3000,5.3100,18775,0
NBG.US,5,20131119,172000,5.3000,5.3200,5.3000,5.3100,13589,0
NBG.US,5,20131119,172500,5.3100,5.3200,5.3000,5.3200,18003,0
NBG.US,5,20131119,173000,5.3100,5.3200,5.3000,5.3100,15745,0
NBG.US,5,20131119,173500,5.3100,5.3200,5.3100,5.3200,22931,0
NBG.US,5,20131119,174000,5.3200,5.3200,5.3100,5.3100,5785,0
NBG.US,5,20131119,174500,5.3100,5.3200,5.2900,5.3000,26243,0
NBG.US,5,20131119,175000,5.3100,5.3200,5.3100,5.3100,16200,0
NBG.US,5,20131119,175500,5.3200,5.3400,5.3200,5.3400,24850,0
NBG.US,5,20131119,180000,5.3400,5.3600,5.3400,5.3500,21148,0
NBG.US,5,20131119,180500,5.3400,5.3500,5.3400,5.3400,8143,0
NBG.US,5,20131119,181000,5.3400,5.3800,5.3400,5.3700,44226,0
NBG.US,5,20131119,181500,5.3700,5.3700,5.3500,5.3700,9844,0
NBG.US,5,20131119,182000,5.3700,5.3700,5.3500,5.3500,13000,0
NBG.US,5,20131119,182500,5.3500,5.3700,5.3500,5.3600,48600,0
NBG.US,5,20131119,183000,5.3600,5.3800,5.3600,5.3800,13219,0
NBG.US,5,20131119,183500,5.3600,5.3800,5.3600,5.3600,1600,0
NBG.US,5,20131119,184000,5.3600,5.3800,5.3600,5.3700,23370,0
NBG.US,5,20131119,184500,5.3800,5.3800,5.3700,5.3700,3450,0
NBG.US,5,20131119,185000,5.3700,5.3700,5.3600,5.3700,30900,0
NBG.US,5,20131119,185500,5.3700,5.3700,5.3600,5.3700,13500,0
NBG.US,5,20131119,190000,5.3700,5.3700,5.3500,5.3700,62303,0
NBG.US,5,20131119,190500,5.3600,5.3700,5.3600,5.3600,7750,0
NBG.US,5,20131119,191000,5.3700,5.3700,5.3600,5.3700,17800,0
NBG.US,5,20131119,191500,5.3700,5.3900,5.3700,5.3800,19974,0
NBG.US,5,20131119,192000,5.3700,5.3900,5.3700,5.3800,19448,0
NBG.US,5,20131119,192500,5.3900,5.3900,5.3800,5.3900,13064,0
NBG.US,5,20131119,193000,5.3800,5.3900,5.3800,5.3900,28472,0
NBG.US,5,20131119,193500,5.3800,5.3800,5.3700,5.3700,28731,0
NBG.US,5,20131119,194000,5.3700,5.3900,5.3700,5.3800,25444,0
NBG.US,5,20131119,194500,5.3800,5.3900,5.3800,5.3900,36958,0
NBG.US,5,20131119,195000,5.3800,5.3900,5.3800,5.3800,9100,0
NBG.US,5,20131119,195500,5.3900,5.3900,5.3800,5.3800,34261,0
NBG.US,5,20131119,200000,5.3800,5.3900,5.3800,5.3900,20693,0
NBG.US,5,20131119,200500,5.3900,5.3900,5.3800,5.3800,6945,0
NBG.US,5,20131119,201000,5.3800,5.3900,5.3800,5.3800,47754,0
NBG.US,5,20131119,201500,5.3900,5.3900,5.3800,5.3800,12913,0
NBG.US,5,20131119,202000,5.3900,5.3900,5.3800,5.3900,2962,0
NBG.US,5,20131119,202500,5.3900,5.4000,5.3800,5.3900,15345,0
NBG.US,5,20131119,203000,5.4000,5.4000,5.3900,5.3900,14500,0
NBG.US,5,20131119,203500,5.4000,5.4000,5.3900,5.4000,18662,0
NBG.US,5,20131119,204000,5.3900,5.4000,5.3900,5.4000,33950,0
NBG.US,5,20131119,204500,5.4000,5.4100,5.3900,5.4100,15452,0
NBG.US,5,20131119,205000,5.4000,5.4200,5.4000,5.4100,17469,0
NBG.US,5,20131119,205500,5.4100,5.4100,5.4000,5.4000,12500,0
NBG.US,5,20131119,210000,5.4000,5.4100,5.4000,5.4100,4800,0
NBG.US,5,20131119,210500,5.4000,5.4100,5.4000,5.4100,21200,0
NBG.US,5,20131119,211000,5.4100,5.4100,5.4000,5.4100,18544,0
NBG.US,5,20131119,211500,5.4000,5.4100,5.4000,5.4100,10430,0
NBG.US,5,20131119,212000,5.4100,5.4200,5.4100,5.4200,60522,0
NBG.US,5,20131119,212500,5.4200,5.4300,5.4100,5.4300,36802,0
NBG.US,5,20131119,213000,5.4300,5.4300,5.4100,5.4200,14605,0
NBG.US,5,20131119,213500,5.4200,5.4200,5.4100,5.4100,10200,0
NBG.US,5,20131119,214000,5.4200,5.4200,5.4100,5.4200,11173,0
NBG.US,5,20131119,214500,5.4200,5.4200,5.4000,5.4100,24068,0
NBG.US,5,20131119,215000,5.4000,5.4200,5.4000,5.4200,20587,0
NBG.US,5,20131119,215500,5.4100,5.4200,5.4100,5.4200,20205,0
NBG.US,5,20131119,220000,5.4200,5.4200,5.4000,5.4000,63158,0
NBG.US,5,20131119,220500,5.4000,5.4100,5.4000,5.4100,10178,0
NBG.US,5,20131120,153500,5.4800,5.5100,5.4800,5.4900,46719,0
NBG.US,5,20131120,154000,5.4900,5.5200,5.4700,5.4800,80622,0
NBG.US,5,20131120,154500,5.4700,5.5200,5.4700,5.5100,46739,0
NBG.US,5,20131120,155000,5.5100,5.5300,5.4900,5.5100,144919,0
NBG.US,5,20131120,155500,5.5100,5.5600,5.5000,5.5600,98908,0
NBG.US,5,20131120,160000,5.5500,5.5600,5.4800,5.5200,79075,0
NBG.US,5,20131120,160500,5.5100,5.5300,5.5000,5.5300,41546,0
NBG.US,5,20131120,161000,5.5400,5.5600,5.5300,5.5600,72012,0
NBG.US,5,20131120,161500,5.5600,5.5900,5.5600,5.5600,107635,0
NBG.US,5,20131120,162000,5.5600,5.5700,5.5500,5.5700,59346,0
NBG.US,5,20131120,162500,5.5800,5.6000,5.5800,5.6000,166588,0
NBG.US,5,20131120,163000,5.6000,5.6400,5.5900,5.6000,177213,0
NBG.US,5,20131120,163500,5.6000,5.6200,5.5900,5.6000,64440,0
NBG.US,5,20131120,164000,5.6100,5.6100,5.5900,5.6000,55877,0
NBG.US,5,20131120,164500,5.6000,5.6100,5.6000,5.6100,16335,0
NBG.US,5,20131120,165000,5.6100,5.6100,5.6000,5.6000,32572,0
NBG.US,5,20131120,165500,5.6000,5.6100,5.6000,5.6000,16270,0
NBG.US,5,20131120,170000,5.6000,5.6100,5.6000,5.6000,19800,0
NBG.US,5,20131120,170500,5.6100,5.6100,5.5500,5.5700,92790,0
NBG.US,5,20131120,171000,5.5700,5.6000,5.5700,5.5900,48409,0
NBG.US,5,20131120,171500,5.5900,5.6000,5.5700,5.5800,16830,0
NBG.US,5,20131120,172000,5.5700,5.5700,5.5600,5.5600,6099,0
NBG.US,5,20131120,172500,5.5600,5.5700,5.5400,5.5500,40979,0
NBG.US,5,20131120,173000,5.5500,5.5700,5.5500,5.5600,11172,0
NBG.US,5,20131120,173500,5.5600,5.5800,5.5600,5.5700,8000,0
NBG.US,5,20131120,174000,5.5700,5.5800,5.5700,5.5800,20190,0
NBG.US,5,20131120,174500,5.5800,5.5800,5.5600,5.5700,14702,0
NBG.US,5,20131120,175000,5.5700,5.5700,5.5500,5.5500,20265,0
NBG.US,5,20131120,175500,5.5500,5.5700,5.5400,5.5700,22630,0
NBG.US,5,20131120,180000,5.5700,5.5700,5.5600,5.5600,11961,0
NBG.US,5,20131120,180500,5.5600,5.5800,5.5600,5.5800,21637,0
NBG.US,5,20131120,181000,5.5900,5.5900,5.5800,5.5800,700,0
NBG.US,5,20131120,181500,5.5800,5.5900,5.5800,5.5800,33186,0
NBG.US,5,20131120,182000,5.5900,5.6000,5.5800,5.6000,17940,0
NBG.US,5,20131120,182500,5.6000,5.6000,5.5700,5.5700,20759,0
NBG.US,5,20131120,183000,5.5700,5.5800,5.5600,5.5800,11800,0
NBG.US,5,20131120,183500,5.5700,5.5800,5.5700,5.5800,309,0
NBG.US,5,20131120,184000,5.5700,5.5800,5.5700,5.5700,3360,0
NBG.US,5,20131120,184500,5.5700,5.5800,5.5600,5.5700,16602,0
NBG.US,5,20131120,185000,5.5600,5.5600,5.5600,5.5600,9100,0
NBG.US,5,20131120,185500,5.5600,5.5700,5.5600,5.5700,7170,0
NBG.US,5,20131120,190000,5.5700,5.5700,5.5600,5.5600,17210,0
NBG.US,5,20131120,190500,5.5500,5.5700,5.5500,5.5600,44297,0
NBG.US,5,20131120,191000,5.5500,5.5900,5.5500,5.5800,22070,0
NBG.US,5,20131120,191500,5.5800,5.5900,5.5800,5.5900,2500,0
NBG.US,5,20131120,192000,5.5800,5.5900,5.5700,5.5700,4100,0
NBG.US,5,20131120,192500,5.5800,5.5800,5.5700,5.5700,3200,0
NBG.US,5,20131120,193000,5.5800,5.5800,5.5700,5.5700,7794,0
NBG.US,5,20131120,193500,5.5700,5.5800,5.5700,5.5800,3223,0
NBG.US,5,20131120,194000,5.5800,5.5800,5.5800,5.5800,3300,0
NBG.US,5,20131120,194500,5.5800,5.5800,5.5700,5.5700,19934,0
NBG.US,5,20131120,195000,5.5800,5.5900,5.5800,5.5900,13200,0
NBG.US,5,20131120,195500,5.5800,5.5800,5.5800,5.5800,300,0
NBG.US,5,20131120,200000,5.5700,5.5900,5.5700,5.5900,7780,0
NBG.US,5,20131120,200500,5.5800,5.5900,5.5800,5.5900,2964,0
NBG.US,5,20131120,201000,5.5800,5.5800,5.5600,5.5700,8400,0
NBG.US,5,20131120,201500,5.5600,5.5700,5.5600,5.5600,16699,0
NBG.US,5,20131120,202000,5.5600,5.5700,5.5600,5.5700,23251,0
NBG.US,5,20131120,202500,5.5600,5.5700,5.5600,5.5600,3482,0
NBG.US,5,20131120,203000,5.5600,5.5700,5.5500,5.5500,6413,0
NBG.US,5,20131120,203500,5.5500,5.5500,5.5400,5.5400,27360,0
NBG.US,5,20131120,204000,5.5500,5.5500,5.5400,5.5400,10600,0
NBG.US,5,20131120,204500,5.5400,5.5500,5.5400,5.5400,33200,0
NBG.US,5,20131120,205000,5.5400,5.5500,5.5400,5.5400,3025,0
NBG.US,5,20131120,205500,5.5400,5.5500,5.5300,5.5300,17669,0
NBG.US,5,20131120,210000,5.5300,5.5400,5.5200,5.5300,26157,0
NBG.US,5,20131120,210500,5.5300,5.5400,5.5200,5.5200,7673,0
NBG.US,5,20131120,211000,5.5300,5.5300,5.5000,5.5100,30566,0
NBG.US,5,20131120,211500,5.5000,5.5100,5.5000,5.5000,9525,0
NBG.US,5,20131120,212000,5.5000,5.5200,5.5000,5.5100,16041,0
NBG.US,5,20131120,212500,5.5100,5.5100,5.5000,5.5000,3418,0
NBG.US,5,20131120,213000,5.5100,5.5100,5.5000,5.5000,3785,0
NBG.US,5,20131120,213500,5.5000,5.5200,5.5000,5.5000,24536,0
NBG.US,5,20131120,214000,5.5000,5.5100,5.5000,5.5000,4200,0
NBG.US,5,20131120,214500,5.5100,5.5100,5.5000,5.5100,5030,0
NBG.US,5,20131120,215000,5.5100,5.5100,5.5000,5.5100,26932,0
NBG.US,5,20131120,215500,5.5000,5.5100,5.5000,5.5100,10592,0
NBG.US,5,20131120,220000,5.5100,5.5200,5.5000,5.5200,87316,0
NBG.US,5,20131120,220500,5.5200,5.5200,5.5100,5.5100,7924,0
NBG.US,5,20131121,153500,5.7500,5.7700,5.6400,5.6500,178793,0
NBG.US,5,20131121,154000,5.6500,5.7300,5.6400,5.7000,154754,0
NBG.US,5,20131121,154500,5.6900,5.7200,5.6900,5.7000,115100,0
NBG.US,5,20131121,155000,5.7000,5.7400,5.7000,5.7300,84108,0
NBG.US,5,20131121,155500,5.7400,5.7400,5.7000,5.7000,103979,0
NBG.US,5,20131121,160000,5.7100,5.7300,5.7000,5.7200,38700,0
NBG.US,5,20131121,160500,5.7200,5.7400,5.7200,5.7300,66384,0
NBG.US,5,20131121,161000,5.7300,5.7400,5.7100,5.7400,85731,0
NBG.US,5,20131121,161500,5.7300,5.7400,5.7100,5.7200,70615,0
NBG.US,5,20131121,162000,5.7300,5.7300,5.6700,5.6800,60927,0
NBG.US,5,20131121,162500,5.6900,5.6900,5.6400,5.6500,68097,0
NBG.US,5,20131121,163000,5.6500,5.6900,5.6400,5.6800,49031,0
NBG.US,5,20131121,163500,5.6900,5.6900,5.6700,5.6800,39100,0
NBG.US,5,20131121,164000,5.6800,5.7000,5.6700,5.7000,39771,0
NBG.US,5,20131121,164500,5.7000,5.7200,5.6900,5.7100,39606,0
NBG.US,5,20131121,165000,5.7100,5.7300,5.7100,5.7300,69777,0
NBG.US,5,20131121,165500,5.7200,5.7300,5.7200,5.7200,29483,0
NBG.US,5,20131121,170000,5.7300,5.7300,5.7100,5.7200,20300,0
NBG.US,5,20131121,170500,5.7200,5.7200,5.7100,5.7200,8576,0
NBG.US,5,20131121,171000,5.7100,5.7300,5.7100,5.7200,14075,0
NBG.US,5,20131121,171500,5.7200,5.7300,5.7200,5.7200,28890,0
NBG.US,5,20131121,172000,5.7200,5.7300,5.7100,5.7200,17800,0
NBG.US,5,20131121,172500,5.7100,5.7200,5.7100,5.7200,11539,0
NBG.US,5,20131121,173000,5.7200,5.7200,5.6800,5.6900,37680,0
NBG.US,5,20131121,173500,5.6900,5.6900,5.6800,5.6900,22900,0
NBG.US,5,20131121,174000,5.6900,5.6900,5.6800,5.6900,13850,0
NBG.US,5,20131121,174500,5.6900,5.7000,5.6800,5.7000,31791,0
NBG.US,5,20131121,175000,5.6900,5.7100,5.6900,5.7000,12499,0
NBG.US,5,20131121,175500,5.7000,5.7100,5.6900,5.7100,9669,0
NBG.US,5,20131121,180000,5.7100,5.7100,5.7000,5.7000,14688,0
NBG.US,5,20131121,180500,5.7000,5.7200,5.7000,5.7100,145695,0
NBG.US,5,20131121,181000,5.7100,5.7200,5.7100,5.7200,27795,0
NBG.US,5,20131121,181500,5.7200,5.7200,5.7100,5.7100,2922,0
NBG.US,5,20131121,182000,5.7100,5.7200,5.7100,5.7100,4600,0
NBG.US,5,20131121,182500,5.7100,5.7300,5.7100,5.7300,40654,0
NBG.US,5,20131121,183000,5.7300,5.7300,5.7200,5.7300,49480,0
NBG.US,5,20131121,183500,5.7300,5.7300,5.7200,5.7300,10800,0
NBG.US,5,20131121,184000,5.7300,5.7300,5.7200,5.7300,27359,0
NBG.US,5,20131121,184500,5.7300,5.7400,5.7200,5.7400,24577,0
NBG.US,5,20131121,185000,5.7400,5.7500,5.7400,5.7500,77224,0
NBG.US,5,20131121,185500,5.7500,5.7600,5.7400,5.7500,61325,0
NBG.US,5,20131121,190000,5.7500,5.7500,5.7400,5.7500,7920,0
NBG.US,5,20131121,190500,5.7400,5.7500,5.7400,5.7500,37879,0
NBG.US,5,20131121,191000,5.7400,5.7500,5.7400,5.7500,11500,0
NBG.US,5,20131121,191500,5.7500,5.7500,5.7400,5.7500,34205,0
NBG.US,5,20131121,192000,5.7500,5.7500,5.7400,5.7500,15200,0
NBG.US,5,20131121,192500,5.7500,5.7500,5.7400,5.7500,25200,0
NBG.US,5,20131121,193000,5.7500,5.7500,5.7400,5.7500,17500,0
NBG.US,5,20131121,193500,5.7400,5.7500,5.7400,5.7400,7065,0
NBG.US,5,20131121,194000,5.7400,5.7500,5.7400,5.7500,14300,0
NBG.US,5,20131121,194500,5.7500,5.7500,5.7400,5.7400,51280,0
NBG.US,5,20131121,195000,5.7500,5.7500,5.7400,5.7500,27139,0
NBG.US,5,20131121,195500,5.7500,5.7700,5.7400,5.7700,116221,0
NBG.US,5,20131121,200000,5.7700,5.8000,5.7700,5.7800,157906,0
NBG.US,5,20131121,200500,5.7800,5.8000,5.7700,5.7900,33487,0
NBG.US,5,20131121,201000,5.7800,5.7900,5.7800,5.7900,20746,0
NBG.US,5,20131121,201500,5.7800,5.8000,5.7800,5.7900,36966,0
NBG.US,5,20131121,202000,5.7900,5.8000,5.7900,5.8000,13978,0
NBG.US,5,20131121,202500,5.8000,5.8000,5.7900,5.7900,23200,0
NBG.US,5,20131121,203000,5.8000,5.8000,5.7900,5.8000,21050,0
NBG.US,5,20131121,203500,5.7900,5.8100,5.7800,5.8100,134308,0
NBG.US,5,20131121,204000,5.8100,5.8200,5.8000,5.8100,46983,0
NBG.US,5,20131121,204500,5.8100,5.8200,5.8000,5.8200,17755,0
NBG.US,5,20131121,205000,5.8200,5.8300,5.8100,5.8200,36913,0
NBG.US,5,20131121,205500,5.8100,5.8300,5.8100,5.8100,60682,0
NBG.US,5,20131121,210000,5.8100,5.8200,5.8000,5.8200,59708,0
NBG.US,5,20131121,210500,5.8200,5.8200,5.8100,5.8200,11650,0
NBG.US,5,20131121,211000,5.8200,5.8200,5.8100,5.8200,32800,0
NBG.US,5,20131121,211500,5.8200,5.8200,5.8100,5.8200,34529,0
NBG.US,5,20131121,212000,5.8200,5.8200,5.8100,5.8200,134275,0
NBG.US,5,20131121,212500,5.8200,5.8200,5.8100,5.8200,41971,0
NBG.US,5,20131121,213000,5.8200,5.8200,5.8100,5.8100,28850,0
NBG.US,5,20131121,213500,5.8200,5.8200,5.8100,5.8200,19100,0
NBG.US,5,20131121,214000,5.8200,5.8200,5.8100,5.8200,32656,0
NBG.US,5,20131121,214500,5.8200,5.8200,5.8100,5.8100,43315,0
NBG.US,5,20131121,215000,5.8200,5.8200,5.8100,5.8200,53563,0
NBG.US,5,20131121,215500,5.8200,5.8200,5.8100,5.8200,75509,0
NBG.US,5,20131121,220000,5.8200,5.8200,5.8100,5.8100,125592,0
NBG.US,5,20131121,220500,5.8100,5.8100,5.8100,5.8100,26645,0
NBG.US,5,20131122,153500,5.8200,5.8700,5.8100,5.8700,71130,0
NBG.US,5,20131122,154000,5.8700,5.8700,5.8300,5.8500,53355,0
NBG.US,5,20131122,154500,5.8500,5.8700,5.8400,5.8700,60190,0
NBG.US,5,20131122,155000,5.8700,5.8700,5.8500,5.8600,83447,0
NBG.US,5,20131122,155500,5.8600,5.8700,5.8500,5.8500,79104,0
NBG.US,5,20131122,160000,5.8600,5.8600,5.8400,5.8400,58358,0
NBG.US,5,20131122,160500,5.8500,5.8500,5.8300,5.8500,41032,0
NBG.US,5,20131122,161000,5.8500,5.8500,5.8400,5.8500,32903,0
NBG.US,5,20131122,161500,5.8400,5.8500,5.8400,5.8400,45543,0
NBG.US,5,20131122,162000,5.8500,5.8500,5.8400,5.8500,36225,0
NBG.US,5,20131122,162500,5.8400,5.8500,5.8400,5.8500,27216,0
NBG.US,5,20131122,163000,5.8500,5.8500,5.8400,5.8400,10830,0
NBG.US,5,20131122,163500,5.8400,5.8500,5.8400,5.8400,20504,0
NBG.US,5,20131122,164000,5.8500,5.8500,5.8400,5.8500,9750,0
NBG.US,5,20131122,164500,5.8400,5.8600,5.8400,5.8600,21645,0
NBG.US,5,20131122,165000,5.8600,5.8600,5.8500,5.8600,6406,0
NBG.US,5,20131122,165500,5.8600,5.8700,5.8600,5.8600,28926,0
NBG.US,5,20131122,170000,5.8700,5.8700,5.8500,5.8600,52295,0
NBG.US,5,20131122,170500,5.8700,5.8700,5.8600,5.8700,11062,0
NBG.US,5,20131122,171000,5.8600,5.8700,5.8600,5.8700,3000,0
NBG.US,5,20131122,171500,5.8600,5.8700,5.8600,5.8600,2583,0
NBG.US,5,20131122,172000,5.8600,5.8700,5.8600,5.8700,29241,0
NBG.US,5,20131122,172500,5.8700,5.8900,5.8700,5.8700,103609,0
NBG.US,5,20131122,173000,5.8800,5.8800,5.8700,5.8800,20740,0
NBG.US,5,20131122,173500,5.8700,5.8900,5.8700,5.8700,38464,0
NBG.US,5,20131122,174000,5.8800,5.8900,5.8700,5.8700,45389,0
NBG.US,5,20131122,174500,5.8700,5.8800,5.8700,5.8800,13239,0
NBG.US,5,20131122,175000,5.8800,5.8900,5.8800,5.8800,1880,0
NBG.US,5,20131122,175500,5.8900,5.8900,5.8700,5.8800,14250,0
NBG.US,5,20131122,180000,5.8800,5.8900,5.8700,5.8800,52368,0
NBG.US,5,20131122,180500,5.8800,5.8900,5.8800,5.8800,12515,0
NBG.US,5,20131122,181000,5.8800,5.8900,5.8700,5.8800,6862,0
NBG.US,5,20131122,181500,5.8800,5.8900,5.8800,5.8800,23250,0
NBG.US,5,20131122,182000,5.8800,5.8900,5.8700,5.8900,24715,0
NBG.US,5,20131122,182500,5.8800,5.9000,5.8800,5.8900,27155,0
NBG.US,5,20131122,183000,5.8900,5.9000,5.8800,5.8900,16400,0
NBG.US,5,20131122,183500,5.8900,5.8900,5.8700,5.8700,23740,0
NBG.US,5,20131122,184000,5.8800,5.8800,5.8600,5.8700,22151,0
NBG.US,5,20131122,184500,5.8600,5.8700,5.8600,5.8600,7900,0
NBG.US,5,20131122,185000,5.8700,5.8700,5.8600,5.8600,18411,0
NBG.US,5,20131122,185500,5.8700,5.8700,5.8600,5.8600,5400,0
NBG.US,5,20131122,190000,5.8600,5.8700,5.8600,5.8700,11092,0
NBG.US,5,20131122,190500,5.8600,5.8600,5.8600,5.8600,21119,0
NBG.US,5,20131122,191000,5.8600,5.8600,5.8600,5.8600,5776,0
NBG.US,5,20131122,191500,5.8600,5.8700,5.8600,5.8700,10600,0
NBG.US,5,20131122,192000,5.8700,5.8700,5.8600,5.8600,17955,0
NBG.US,5,20131122,192500,5.8600,5.8700,5.8600,5.8600,10044,0
NBG.US,5,20131122,193000,5.8700,5.8700,5.8600,5.8600,11850,0
NBG.US,5,20131122,193500,5.8600,5.8700,5.8600,5.8600,28385,0
NBG.US,5,20131122,194000,5.8700,5.8700,5.8500,5.8500,19193,0
NBG.US,5,20131122,194500,5.8500,5.8600,5.8100,5.8300,66318,0
NBG.US,5,20131122,195000,5.8300,5.8300,5.8100,5.8100,26275,0
NBG.US,5,20131122,195500,5.8200,5.8200,5.8000,5.8100,20535,0
NBG.US,5,20131122,200000,5.8100,5.8100,5.7800,5.7800,32988,0
NBG.US,5,20131122,200500,5.7800,5.8200,5.7800,5.8200,51289,0
NBG.US,5,20131122,201000,5.8200,5.8300,5.8100,5.8200,13517,0
NBG.US,5,20131122,201500,5.8300,5.8300,5.8000,5.8000,25371,0
NBG.US,5,20131122,202000,5.8000,5.8100,5.8000,5.8100,35045,0
NBG.US,5,20131122,202500,5.8000,5.8100,5.8000,5.8000,22900,0
NBG.US,5,20131122,203000,5.8000,5.8100,5.8000,5.8100,10850,0
NBG.US,5,20131122,203500,5.8000,5.8100,5.8000,5.8000,3530,0
NBG.US,5,20131122,204000,5.8100,5.8100,5.8000,5.8000,20150,0
NBG.US,5,20131122,204500,5.8100,5.8100,5.8000,5.8000,17826,0
NBG.US,5,20131122,205000,5.7900,5.8100,5.7900,5.8100,12300,0
NBG.US,5,20131122,205500,5.8000,5.8100,5.7900,5.8000,25670,0
NBG.US,5,20131122,210000,5.8000,5.8100,5.7900,5.8100,6395,0
NBG.US,5,20131122,210500,5.8000,5.8100,5.7800,5.8100,55219,0
NBG.US,5,20131122,211000,5.8000,5.8000,5.7800,5.7900,33400,0
NBG.US,5,20131122,211500,5.7800,5.7900,5.7600,5.7700,51400,0
NBG.US,5,20131122,212000,5.7700,5.7700,5.7300,5.7500,90965,0
NBG.US,5,20131122,212500,5.7400,5.7600,5.7400,5.7500,19805,0
NBG.US,5,20131122,213000,5.7600,5.7600,5.7500,5.7500,7085,0
NBG.US,5,20131122,213500,5.7600,5.7600,5.7400,5.7500,49259,0
NBG.US,5,20131122,214000,5.7500,5.7500,5.7300,5.7300,23343,0
NBG.US,5,20131122,214500,5.7300,5.7400,5.7300,5.7400,21219,0
NBG.US,5,20131122,215000,5.7400,5.7600,5.7300,5.7400,36201,0
NBG.US,5,20131122,215500,5.7500,5.7600,5.7400,5.7500,38464,0
NBG.US,5,20131122,220000,5.7600,5.7700,5.7400,5.7500,120103,0
NBG.US,5,20131122,220500,5.7600,5.7600,5.7600,5.7600,11320,0
NBG.US,5,20131125,153500,5.8200,5.8500,5.8200,5.8400,36981,0
NBG.US,5,20131125,154000,5.8300,5.8500,5.8100,5.8300,56060,0
NBG.US,5,20131125,154500,5.8200,5.8300,5.8000,5.8100,28325,0
NBG.US,5,20131125,155000,5.8100,5.8300,5.8100,5.8200,44059,0
NBG.US,5,20131125,155500,5.8100,5.8200,5.8000,5.8000,32301,0
NBG.US,5,20131125,160000,5.8000,5.8100,5.7800,5.8000,77820,0
NBG.US,5,20131125,160500,5.8100,5.8200,5.7800,5.8100,52440,0
NBG.US,5,20131125,161000,5.8200,5.8200,5.7700,5.7700,23667,0
NBG.US,5,20131125,161500,5.7800,5.7900,5.7700,5.7800,21951,0
NBG.US,5,20131125,162000,5.7800,5.7800,5.7600,5.7700,32312,0
NBG.US,5,20131125,162500,5.7700,5.8000,5.7600,5.8000,52337,0
NBG.US,5,20131125,163000,5.8000,5.8000,5.7500,5.7600,139113,0
NBG.US,5,20131125,163500,5.7600,5.7900,5.7600,5.7900,27830,0
NBG.US,5,20131125,164000,5.7800,5.7900,5.7800,5.7800,11785,0
NBG.US,5,20131125,164500,5.7900,5.7900,5.7700,5.7700,4108,0
NBG.US,5,20131125,165000,5.7800,5.7900,5.7700,5.7800,28275,0
NBG.US,5,20131125,165500,5.7800,5.7900,5.7700,5.7800,9510,0
NBG.US,5,20131125,170000,5.7800,5.7800,5.7500,5.7600,58160,0
NBG.US,5,20131125,170500,5.7700,5.7800,5.7600,5.7800,14997,0
NBG.US,5,20131125,171000,5.7800,5.7800,5.7700,5.7800,9150,0
NBG.US,5,20131125,171500,5.7700,5.7800,5.7700,5.7700,4428,0
NBG.US,5,20131125,172000,5.7700,5.7800,5.7500,5.7800,31916,0
NBG.US,5,20131125,172500,5.7800,5.7900,5.7700,5.7800,18769,0
NBG.US,5,20131125,173000,5.7900,5.7900,5.7800,5.7900,17635,0
NBG.US,5,20131125,173500,5.7800,5.7900,5.7800,5.7900,2100,0
NBG.US,5,20131125,174000,5.7800,5.7900,5.7700,5.7800,21833,0
NBG.US,5,20131125,174500,5.7700,5.7800,5.7600,5.7700,34021,0
NBG.US,5,20131125,175000,5.7800,5.7800,5.7700,5.7800,12050,0
NBG.US,5,20131125,175500,5.7800,5.7800,5.7600,5.7600,17950,0
NBG.US,5,20131125,180000,5.7700,5.7700,5.7500,5.7500,27760,0
NBG.US,5,20131125,180500,5.7500,5.7600,5.7500,5.7500,8635,0
NBG.US,5,20131125,181000,5.7500,5.7600,5.7500,5.7600,35785,0
NBG.US,5,20131125,181500,5.7600,5.7600,5.7200,5.7200,30728,0
NBG.US,5,20131125,182000,5.7200,5.7500,5.7200,5.7500,14231,0
NBG.US,5,20131125,182500,5.7500,5.7500,5.7400,5.7500,8470,0
NBG.US,5,20131125,183000,5.7400,5.7500,5.7400,5.7500,4030,0
NBG.US,5,20131125,183500,5.7400,5.7500,5.7400,5.7400,28328,0
NBG.US,5,20131125,184000,5.7400,5.7500,5.7400,5.7500,10000,0
NBG.US,5,20131125,184500,5.7400,5.7500,5.7400,5.7400,6270,0
NBG.US,5,20131125,185000,5.7400,5.7500,5.7400,5.7400,15467,0
NBG.US,5,20131125,185500,5.7400,5.7500,5.7400,5.7500,17800,0
NBG.US,5,20131125,190000,5.7400,5.7500,5.7400,5.7500,17600,0
NBG.US,5,20131125,190500,5.7400,5.7500,5.7400,5.7400,19844,0
NBG.US,5,20131125,191000,5.7400,5.7500,5.7400,5.7500,11611,0
NBG.US,5,20131125,191500,5.7400,5.7600,5.7400,5.7600,19568,0
NBG.US,5,20131125,192000,5.7500,5.7600,5.7500,5.7600,3250,0
NBG.US,5,20131125,192500,5.7500,5.7600,5.7500,5.7600,8260,0
NBG.US,5,20131125,193000,5.7600,5.7600,5.7500,5.7600,2338,0
NBG.US,5,20131125,193500,5.7600,5.7900,5.7500,5.7900,22969,0
NBG.US,5,20131125,194000,5.7900,5.8200,5.7900,5.8100,77006,0
NBG.US,5,20131125,194500,5.8100,5.8100,5.8000,5.8000,12391,0
NBG.US,5,20131125,195000,5.8000,5.8100,5.7900,5.7900,11622,0
NBG.US,5,20131125,195500,5.7900,5.8000,5.7800,5.7800,16200,0
NBG.US,5,20131125,200000,5.7800,5.8000,5.7800,5.8000,3210,0
NBG.US,5,20131125,200500,5.8000,5.8000,5.7900,5.7900,640,0
NBG.US,5,20131125,201000,5.7900,5.8000,5.7800,5.7900,16870,0
NBG.US,5,20131125,201500,5.7800,5.7900,5.7800,5.7900,5148,0
NBG.US,5,20131125,202000,5.8000,5.8000,5.7900,5.7900,3750,0
NBG.US,5,20131125,202500,5.7900,5.8000,5.7900,5.7900,960,0
NBG.US,5,20131125,203000,5.7900,5.7900,5.7800,5.7900,10266,0
NBG.US,5,20131125,203500,5.7900,5.7900,5.7800,5.7800,1190,0
NBG.US,5,20131125,204000,5.7900,5.7900,5.7800,5.7800,2718,0
NBG.US,5,20131125,204500,5.7800,5.7800,5.7700,5.7800,15675,0
NBG.US,5,20131125,205000,5.7800,5.7800,5.7700,5.7700,1900,0
NBG.US,5,20131125,205500,5.7700,5.7900,5.7700,5.7900,4000,0
NBG.US,5,20131125,210000,5.7800,5.7900,5.7800,5.7800,1969,0
NBG.US,5,20131125,210500,5.7900,5.7900,5.7700,5.7800,13102,0
NBG.US,5,20131125,211000,5.7800,5.8000,5.7800,5.8000,5800,0
NBG.US,5,20131125,211500,5.8000,5.8000,5.7900,5.8000,9500,0
NBG.US,5,20131125,212000,5.7900,5.8000,5.7900,5.8000,34295,0
NBG.US,5,20131125,212500,5.7900,5.8000,5.7900,5.8000,20886,0
NBG.US,5,20131125,213000,5.7900,5.8000,5.7900,5.7900,13672,0
NBG.US,5,20131125,213500,5.8000,5.8000,5.7900,5.7900,8500,0
NBG.US,5,20131125,214000,5.7900,5.8000,5.7900,5.8000,9670,0
NBG.US,5,20131125,214500,5.7900,5.8000,5.7900,5.8000,9335,0
NBG.US,5,20131125,215000,5.7900,5.8100,5.7900,5.8100,66323,0
NBG.US,5,20131125,215500,5.8100,5.8100,5.8000,5.8000,18080,0
NBG.US,5,20131125,220000,5.8100,5.8100,5.8000,5.8100,44308,0
NBG.US,5,20131125,221000,5.8100,5.8100,5.8100,5.8100,11266,0
NBG.US,5,20131126,153500,5.8900,5.9100,5.8800,5.9000,87367,0
NBG.US,5,20131126,154000,5.9000,5.9700,5.8900,5.9700,194715,0
NBG.US,5,20131126,154500,5.9500,5.9800,5.9000,5.9200,281126,0
NBG.US,5,20131126,155000,5.9300,5.9300,5.8600,5.8900,89436,0
NBG.US,5,20131126,155500,5.8900,5.9500,5.8800,5.9400,96397,0
NBG.US,5,20131126,160000,5.9500,5.9700,5.9300,5.9500,74582,0
NBG.US,5,20131126,160500,5.9500,5.9600,5.8600,5.9000,165985,0
NBG.US,5,20131126,161000,5.8900,5.9200,5.8700,5.9000,162701,0
NBG.US,5,20131126,161500,5.9000,5.9200,5.8800,5.9200,188680,0
NBG.US,5,20131126,162000,5.9300,5.9500,5.8800,5.9000,65191,0
NBG.US,5,20131126,162500,5.9000,5.9300,5.8900,5.9000,131265,0
NBG.US,5,20131126,163000,5.9000,5.9100,5.8200,5.8300,148056,0
NBG.US,5,20131126,163500,5.8200,5.8300,5.7500,5.8100,246796,0
NBG.US,5,20131126,164000,5.8100,5.8300,5.7900,5.7900,98194,0
NBG.US,5,20131126,164500,5.7900,5.8000,5.7700,5.7800,64063,0
NBG.US,5,20131126,165000,5.7800,5.7800,5.7600,5.7600,83565,0
NBG.US,5,20131126,165500,5.7600,5.7700,5.7500,5.7500,103117,0
NBG.US,5,20131126,170000,5.7600,5.7800,5.7500,5.7800,94484,0
NBG.US,5,20131126,170500,5.7800,5.7800,5.7700,5.7700,12265,0
NBG.US,5,20131126,171000,5.7800,5.7800,5.7700,5.7700,22537,0
NBG.US,5,20131126,171500,5.7700,5.7800,5.7600,5.7600,41142,0
NBG.US,5,20131126,172000,5.7700,5.7700,5.7500,5.7500,55115,0
NBG.US,5,20131126,172500,5.7500,5.7600,5.7300,5.7300,65190,0
NBG.US,5,20131126,173000,5.7400,5.7400,5.7200,5.7300,66309,0
NBG.US,5,20131126,173500,5.7300,5.7300,5.7200,5.7200,21168,0
NBG.US,5,20131126,174000,5.7300,5.7800,5.7200,5.7700,72027,0
NBG.US,5,20131126,174500,5.7700,5.8400,5.7700,5.8400,89622,0
NBG.US,5,20131126,175000,5.8300,5.8400,5.8000,5.8100,30744,0
NBG.US,5,20131126,175500,5.8100,5.8100,5.7800,5.8100,38390,0
NBG.US,5,20131126,180000,5.8000,5.8100,5.7700,5.7800,29015,0
NBG.US,5,20131126,180500,5.7700,5.7800,5.7700,5.7800,45869,0
NBG.US,5,20131126,181000,5.7700,5.7800,5.7700,5.7700,16334,0
NBG.US,5,20131126,181500,5.7700,5.7700,5.7500,5.7500,35588,0
NBG.US,5,20131126,182000,5.7500,5.7600,5.7500,5.7500,21201,0
NBG.US,5,20131126,182500,5.7500,5.7600,5.7200,5.7300,56526,0
NBG.US,5,20131126,183000,5.7200,5.7500,5.7200,5.7500,76156,0
NBG.US,5,20131126,183500,5.7500,5.7800,5.7500,5.7700,31538,0
NBG.US,5,20131126,184000,5.7700,5.7900,5.7600,5.7900,37796,0
NBG.US,5,20131126,184500,5.7900,5.8000,5.7900,5.7900,27408,0
NBG.US,5,20131126,185000,5.8000,5.8100,5.7900,5.8100,43212,0
NBG.US,5,20131126,185500,5.8000,5.8200,5.8000,5.8200,46870,0
NBG.US,5,20131126,190000,5.8300,5.8400,5.8200,5.8400,37750,0
NBG.US,5,20131126,190500,5.8300,5.8400,5.8100,5.8100,24008,0
NBG.US,5,20131126,191000,5.8100,5.8200,5.8100,5.8200,13500,0
NBG.US,5,20131126,191500,5.8200,5.8200,5.8100,5.8200,8200,0
NBG.US,5,20131126,192000,5.8200,5.8200,5.8000,5.8000,17600,0
NBG.US,5,20131126,192500,5.8100,5.8100,5.7900,5.8000,12032,0
NBG.US,5,20131126,193000,5.8000,5.8000,5.7800,5.7900,28900,0
NBG.US,5,20131126,193500,5.7900,5.8000,5.7900,5.7900,5400,0
NBG.US,5,20131126,194000,5.7900,5.8300,5.7900,5.8300,74751,0
NBG.US,5,20131126,194500,5.8300,5.8300,5.8200,5.8200,7900,0
NBG.US,5,20131126,195000,5.8300,5.8300,5.8200,5.8200,10750,0
NBG.US,5,20131126,195500,5.8200,5.8200,5.7600,5.7600,42898,0
NBG.US,5,20131126,200000,5.7600,5.7900,5.7600,5.7800,33000,0
NBG.US,5,20131126,200500,5.7800,5.7900,5.7500,5.7600,69171,0
NBG.US,5,20131126,201000,5.7700,5.7800,5.7600,5.7700,16550,0
NBG.US,5,20131126,201500,5.7700,5.7800,5.7700,5.7700,12303,0
NBG.US,5,20131126,202000,5.7800,5.7800,5.7600,5.7700,27900,0
NBG.US,5,20131126,202500,5.7700,5.7700,5.7500,5.7500,43796,0
NBG.US,5,20131126,203000,5.7500,5.7500,5.7200,5.7200,52498,0
NBG.US,5,20131126,203500,5.7200,5.7400,5.7200,5.7400,38990,0
NBG.US,5,20131126,204000,5.7400,5.7400,5.7300,5.7300,17351,0
NBG.US,5,20131126,204500,5.7400,5.7400,5.7300,5.7400,20000,0
NBG.US,5,20131126,205000,5.7400,5.7500,5.7300,5.7500,40748,0
NBG.US,5,20131126,205500,5.7500,5.7600,5.7500,5.7500,7325,0
NBG.US,5,20131126,210000,5.7500,5.7600,5.7400,5.7500,32495,0
NBG.US,5,20131126,210500,5.7400,5.7400,5.7300,5.7300,22587,0
NBG.US,5,20131126,211000,5.7300,5.7300,5.7200,5.7300,32970,0
NBG.US,5,20131126,211500,5.7300,5.7300,5.7100,5.7100,20630,0
NBG.US,5,20131126,212000,5.7100,5.7200,5.6900,5.7000,73796,0
NBG.US,5,20131126,212500,5.6900,5.7000,5.6800,5.6800,49142,0
NBG.US,5,20131126,213000,5.6800,5.6900,5.6800,5.6800,52090,0
NBG.US,5,20131126,213500,5.6800,5.7200,5.6800,5.7200,74573,0
NBG.US,5,20131126,214000,5.7100,5.7500,5.7100,5.7200,79897,0
NBG.US,5,20131126,214500,5.7200,5.7400,5.7100,5.7300,70010,0
NBG.US,5,20131126,215000,5.7300,5.7500,5.7200,5.7200,75060,0
NBG.US,5,20131126,215500,5.7300,5.7600,5.7200,5.7500,144187,0
NBG.US,5,20131126,220000,5.7600,5.7700,5.7300,5.7500,186638,0
NBG.US,5,20131126,220500,5.7500,5.7500,5.7500,5.7500,28873,0
NBG.US,5,20131127,153500,5.8500,5.8500,5.8100,5.8200,63118,0
NBG.US,5,20131127,154000,5.8200,5.8400,5.8200,5.8300,154358,0
NBG.US,5,20131127,154500,5.8300,5.8500,5.8200,5.8400,128742,0
NBG.US,5,20131127,155000,5.8500,5.9000,5.8500,5.8700,112593,0
NBG.US,5,20131127,155500,5.8700,5.8700,5.8200,5.8400,45873,0
NBG.US,5,20131127,160000,5.8300,5.8500,5.8200,5.8500,46624,0
NBG.US,5,20131127,160500,5.8500,5.8500,5.8400,5.8500,31049,0
NBG.US,5,20131127,161000,5.8500,5.8500,5.8200,5.8300,51802,0
NBG.US,5,20131127,161500,5.8300,5.8300,5.8100,5.8200,16720,0
NBG.US,5,20131127,162000,5.8100,5.8200,5.8100,5.8200,22180,0
NBG.US,5,20131127,162500,5.8200,5.8200,5.8000,5.8100,36962,0
NBG.US,5,20131127,163000,5.8000,5.8300,5.8000,5.8200,8403,0
NBG.US,5,20131127,163500,5.8200,5.9000,5.8200,5.8200,207739,0
NBG.US,5,20131127,164000,5.8300,5.8300,5.8200,5.8200,42145,0
NBG.US,5,20131127,164500,5.8300,5.8300,5.7500,5.7500,104153,0
NBG.US,5,20131127,165000,5.7600,5.8100,5.7500,5.8000,64792,0
NBG.US,5,20131127,165500,5.8000,5.8000,5.7800,5.7900,17050,0
NBG.US,5,20131127,170000,5.7900,5.8000,5.7800,5.8000,36647,0
NBG.US,5,20131127,170500,5.7900,5.8000,5.7900,5.8000,10875,0
NBG.US,5,20131127,171000,5.7900,5.8100,5.7900,5.8000,31550,0
NBG.US,5,20131127,171500,5.8000,5.8000,5.7900,5.8000,8650,0
NBG.US,5,20131127,172000,5.8000,5.8300,5.7900,5.8300,31721,0
NBG.US,5,20131127,172500,5.8300,5.8600,5.8300,5.8600,70763,0
NBG.US,5,20131127,173000,5.8500,5.8900,5.8500,5.8800,132577,0
NBG.US,5,20131127,173500,5.8800,5.8800,5.8500,5.8600,17107,0
NBG.US,5,20131127,174000,5.8500,5.8600,5.8400,5.8500,18637,0
NBG.US,5,20131127,174500,5.8500,5.8500,5.8400,5.8500,24799,0
NBG.US,5,20131127,175000,5.8500,5.8600,5.8300,5.8500,34900,0
NBG.US,5,20131127,175500,5.8500,5.8600,5.8500,5.8600,11439,0
NBG.US,5,20131127,180000,5.8600,5.8700,5.8500,5.8700,19950,0
NBG.US,5,20131127,180500,5.8700,5.8800,5.8600,5.8800,19909,0
NBG.US,5,20131127,181000,5.8800,5.8800,5.8700,5.8800,63153,0
NBG.US,5,20131127,181500,5.8800,5.8800,5.8700,5.8700,11977,0
NBG.US,5,20131127,182000,5.8800,5.8800,5.8700,5.8700,11100,0
NBG.US,5,20131127,182500,5.8800,5.8900,5.8800,5.8800,42697,0
NBG.US,5,20131127,183000,5.8900,5.9000,5.8800,5.8900,54735,0
NBG.US,5,20131127,183500,5.8900,5.9000,5.8900,5.9000,61162,0
NBG.US,5,20131127,184000,5.9000,5.9100,5.8900,5.9000,106184,0
NBG.US,5,20131127,184500,5.9000,5.9000,5.8800,5.9000,36828,0
NBG.US,5,20131127,185000,5.9000,5.9200,5.9000,5.9200,66191,0
NBG.US,5,20131127,185500,5.9200,5.9500,5.9100,5.9200,64547,0
NBG.US,5,20131127,190000,5.9300,5.9300,5.8900,5.8900,89887,0
NBG.US,5,20131127,190500,5.8900,5.9000,5.8700,5.8800,66268,0
NBG.US,5,20131127,191000,5.8700,5.8800,5.8700,5.8800,17570,0
NBG.US,5,20131127,191500,5.8800,5.8800,5.8700,5.8800,20723,0
NBG.US,5,20131127,192000,5.8700,5.8800,5.8700,5.8700,45148,0
NBG.US,5,20131127,192500,5.8700,5.8800,5.8700,5.8800,14900,0
NBG.US,5,20131127,193000,5.8800,5.8800,5.8700,5.8800,34639,0
NBG.US,5,20131127,193500,5.8800,5.8800,5.8700,5.8800,9800,0
NBG.US,5,20131127,194000,5.8800,5.8800,5.8700,5.8800,9200,0
NBG.US,5,20131127,194500,5.8800,5.8800,5.8700,5.8800,12936,0
NBG.US,5,20131127,195000,5.8800,5.8800,5.8700,5.8800,5650,0
NBG.US,5,20131127,195500,5.8700,5.8800,5.8700,5.8800,10416,0
NBG.US,5,20131127,200000,5.8800,5.8800,5.8700,5.8800,6800,0
NBG.US,5,20131127,200500,5.8800,5.8900,5.8700,5.8900,46248,0
NBG.US,5,20131127,201000,5.8900,5.8900,5.8800,5.8900,8990,0
NBG.US,5,20131127,201500,5.8800,5.8900,5.8800,5.8900,29084,0
NBG.US,5,20131127,202000,5.8900,5.8900,5.8800,5.8900,28083,0
NBG.US,5,20131127,202500,5.8900,5.9000,5.8800,5.9000,62294,0
NBG.US,5,20131127,203000,5.9000,5.9100,5.8900,5.9100,89919,0
NBG.US,5,20131127,203500,5.9000,5.9300,5.9000,5.9200,59822,0
NBG.US,5,20131127,204000,5.9100,5.9200,5.9100,5.9200,32100,0
NBG.US,5,20131127,204500,5.9200,5.9200,5.9000,5.9000,58040,0
NBG.US,5,20131127,205000,5.8900,5.8900,5.8700,5.8800,36159,0
NBG.US,5,20131127,205500,5.8700,5.8800,5.8600,5.8600,37163,0
NBG.US,5,20131127,210000,5.8700,5.8700,5.8300,5.8600,77167,0
NBG.US,5,20131127,210500,5.8600,5.8800,5.8600,5.8800,47392,0
NBG.US,5,20131127,211000,5.8800,5.8800,5.8800,5.8800,11625,0
NBG.US,5,20131127,211500,5.8800,5.8800,5.8700,5.8800,11050,0
NBG.US,5,20131127,212000,5.8800,5.8800,5.8700,5.8800,20447,0
NBG.US,5,20131127,212500,5.8700,5.9000,5.8700,5.9000,41416,0
NBG.US,5,20131127,213000,5.9000,5.9000,5.8800,5.8900,42580,0
NBG.US,5,20131127,213500,5.8800,5.8900,5.8700,5.8700,58528,0
NBG.US,5,20131127,214000,5.8800,5.8800,5.8600,5.8700,81100,0
NBG.US,5,20131127,214500,5.8700,5.8700,5.8600,5.8700,39771,0
NBG.US,5,20131127,215000,5.8700,5.8800,5.8700,5.8800,42106,0
NBG.US,5,20131127,215500,5.8800,5.8800,5.8700,5.8800,48578,0
NBG.US,5,20131127,220000,5.8800,5.9000,5.8700,5.9000,165460,0
NBG.US,5,20131127,220500,5.9000,5.9000,5.9000,5.9000,31360,0
NBG.US,5,20131129,153500,5.9300,5.9700,5.9000,5.9700,128413,0
NBG.US,5,20131129,154000,5.9600,5.9700,5.9200,5.9400,68673,0
NBG.US,5,20131129,154500,5.9400,5.9700,5.9300,5.9500,95038,0
NBG.US,5,20131129,155000,5.9500,6.0600,5.9500,6.0500,486993,0
NBG.US,5,20131129,155500,6.0500,6.0700,6.0200,6.0300,255797,0
NBG.US,5,20131129,160000,6.0300,6.1100,6.0200,6.1000,318629,0
NBG.US,5,20131129,160500,6.0900,6.1000,6.0200,6.0400,229254,0
NBG.US,5,20131129,161000,6.0500,6.0900,6.0200,6.0500,103513,0
NBG.US,5,20131129,161500,6.0400,6.0900,6.0400,6.0900,113511,0
NBG.US,5,20131129,162000,6.0900,6.1300,6.0800,6.1100,224573,0
NBG.US,5,20131129,162500,6.1100,6.1200,6.0800,6.0900,40730,0
NBG.US,5,20131129,163000,6.0900,6.1400,6.0900,6.1400,181337,0
NBG.US,5,20131129,163500,6.1400,6.1400,6.1200,6.1200,92226,0
NBG.US,5,20131129,164000,6.1200,6.1300,6.1100,6.1300,122649,0
NBG.US,5,20131129,164500,6.1300,6.1500,6.1300,6.1400,135630,0
NBG.US,5,20131129,165000,6.1400,6.1400,6.1100,6.1200,116041,0
NBG.US,5,20131129,165500,6.1300,6.1300,6.0900,6.1000,149076,0
NBG.US,5,20131129,170000,6.1000,6.1000,6.0700,6.0800,178315,0
NBG.US,5,20131129,170500,6.0800,6.1000,6.0800,6.1000,31142,0
NBG.US,5,20131129,171000,6.1000,6.1300,6.0900,6.1300,44189,0
NBG.US,5,20131129,171500,6.1300,6.1500,6.1300,6.1400,60317,0
NBG.US,5,20131129,172000,6.1400,6.1400,6.1300,6.1400,35250,0
NBG.US,5,20131129,172500,6.1400,6.1500,6.1200,6.1400,73417,0
NBG.US,5,20131129,173000,6.1400,6.1800,6.1400,6.1700,148817,0
NBG.US,5,20131129,173500,6.1800,6.2100,6.1800,6.2000,247287,0
NBG.US,5,20131129,174000,6.2000,6.2000,6.1900,6.2000,63997,0
NBG.US,5,20131129,174500,6.2000,6.2400,6.1900,6.2400,169502,0
NBG.US,5,20131129,175000,6.2400,6.2600,6.1800,6.2000,331484,0
NBG.US,5,20131129,175500,6.2100,6.2500,6.2000,6.2500,103094,0
NBG.US,5,20131129,180000,6.2500,6.2800,6.2200,6.2400,221516,0
NBG.US,5,20131129,180500,6.2500,6.2500,6.1500,6.1700,179347,0
NBG.US,5,20131129,181000,6.1800,6.2500,6.1800,6.2500,100556,0
NBG.US,5,20131129,181500,6.2400,6.2700,6.2300,6.2400,100582,0
NBG.US,5,20131129,182000,6.2500,6.2600,6.2400,6.2600,94429,0
NBG.US,5,20131129,182500,6.2500,6.2600,6.2400,6.2500,58377,0
NBG.US,5,20131129,183000,6.2600,6.2600,6.2400,6.2500,102141,0
NBG.US,5,20131129,183500,6.2600,6.2900,6.2500,6.2800,213133,0
NBG.US,5,20131129,184000,6.2700,6.2900,6.2700,6.2800,127584,0
NBG.US,5,20131129,184500,6.2800,6.2900,6.2500,6.2500,119100,0
NBG.US,5,20131129,185000,6.2600,6.2600,6.2100,6.2100,134918,0
NBG.US,5,20131129,185500,6.2100,6.2200,6.1600,6.1900,151702,0
NBG.US,5,20131129,190000,6.1900,6.2600,6.1900,6.2600,207096,0
NBG.US,5,20131129,190500,6.2700,6.2700,6.2700,6.2700,14952,0
NBG.US,5,20131202,153500,6.3200,6.3500,6.3000,6.3400,284629,0
NBG.US,5,20131202,154000,6.3500,6.3700,6.2400,6.2400,487130,0
NBG.US,5,20131202,154500,6.2400,6.2500,6.2000,6.2100,243376,0
NBG.US,5,20131202,155000,6.2100,6.2200,6.1100,6.2000,393831,0
NBG.US,5,20131202,155500,6.1900,6.2000,6.1400,6.1800,106251,0
NBG.US,5,20131202,160000,6.1800,6.2000,6.1600,6.1800,149447,0
NBG.US,5,20131202,160500,6.1900,6.2000,6.1700,6.2000,100747,0
NBG.US,5,20131202,161000,6.2000,6.2000,6.1600,6.1900,138000,0
NBG.US,5,20131202,161500,6.1700,6.2000,6.1500,6.1600,85720,0
NBG.US,5,20131202,162000,6.1700,6.1700,6.0800,6.0800,297559,0
NBG.US,5,20131202,162500,6.0900,6.1000,6.0600,6.0900,242945,0
NBG.US,5,20131202,163000,6.0800,6.1000,6.0500,6.0700,103087,0
NBG.US,5,20131202,163500,6.0600,6.0700,6.0600,6.0700,37878,0
NBG.US,5,20131202,164000,6.0700,6.0700,6.0300,6.0300,140866,0
NBG.US,5,20131202,164500,6.0300,6.0600,6.0000,6.0300,303218,0
NBG.US,5,20131202,165000,6.0400,6.0700,6.0300,6.0500,79112,0
NBG.US,5,20131202,165500,6.0600,6.0600,6.0300,6.0300,59747,0
NBG.US,5,20131202,170000,6.0400,6.0600,6.0300,6.0500,55934,0
NBG.US,5,20131202,170500,6.0600,6.0900,6.0400,6.0800,110397,0
NBG.US,5,20131202,171000,6.0900,6.1200,6.0700,6.1100,210987,0
NBG.US,5,20131202,171500,6.1100,6.1100,6.1000,6.1100,22260,0
NBG.US,5,20131202,172000,6.1100,6.1100,6.0800,6.1000,39439,0
NBG.US,5,20131202,172500,6.0900,6.1100,6.0800,6.0800,46883,0
NBG.US,5,20131202,173000,6.0800,6.1000,6.0700,6.0800,70133,0
NBG.US,5,20131202,173500,6.0800,6.1000,6.0700,6.1000,31031,0
NBG.US,5,20131202,174000,6.0800,6.1100,6.0800,6.1000,48902,0
NBG.US,5,20131202,174500,6.1000,6.1000,6.0900,6.1000,10810,0
NBG.US,5,20131202,175000,6.0900,6.0900,6.0800,6.0900,16880,0
NBG.US,5,20131202,175500,6.0800,6.1000,6.0600,6.0900,42420,0
NBG.US,5,20131202,180000,6.1000,6.1200,6.0900,6.1100,60409,0
NBG.US,5,20131202,180500,6.1200,6.1700,6.1200,6.1700,140272,0
NBG.US,5,20131202,181000,6.1700,6.1700,6.1300,6.1500,54173,0
NBG.US,5,20131202,181500,6.1500,6.1500,6.1300,6.1400,19912,0
NBG.US,5,20131202,182000,6.1400,6.1500,6.1300,6.1500,12198,0
NBG.US,5,20131202,182500,6.1400,6.1500,6.1400,6.1400,13912,0
NBG.US,5,20131202,183000,6.1400,6.1400,6.1300,6.1400,24917,0
NBG.US,5,20131202,183500,6.1300,6.1400,6.1200,6.1200,19900,0
NBG.US,5,20131202,184000,6.1300,6.1400,6.1200,6.1300,29679,0
NBG.US,5,20131202,184500,6.1400,6.1400,6.1300,6.1300,10525,0
NBG.US,5,20131202,185000,6.1400,6.1500,6.1300,6.1400,7600,0
NBG.US,5,20131202,185500,6.1400,6.1400,6.1300,6.1400,28686,0
NBG.US,5,20131202,190000,6.1400,6.1500,6.1300,6.1500,2760,0
NBG.US,5,20131202,190500,6.1500,6.1500,6.1200,6.1300,53079,0
NBG.US,5,20131202,191000,6.1400,6.1400,6.1200,6.1300,6624,0
NBG.US,5,20131202,191500,6.1400,6.1400,6.1200,6.1300,25512,0
NBG.US,5,20131202,192000,6.1300,6.1400,6.1200,6.1400,20000,0
NBG.US,5,20131202,192500,6.1400,6.1500,6.1200,6.1300,9495,0
NBG.US,5,20131202,193000,6.1200,6.1300,6.1100,6.1200,46274,0
NBG.US,5,20131202,193500,6.1200,6.1400,6.1100,6.1400,29661,0
NBG.US,5,20131202,194000,6.1300,6.1400,6.1300,6.1300,5229,0
NBG.US,5,20131202,194500,6.1300,6.1400,6.1200,6.1200,17300,0
NBG.US,5,20131202,195000,6.1300,6.1300,6.0800,6.0800,45866,0
NBG.US,5,20131202,195500,6.0800,6.1000,6.0800,6.1000,5700,0
NBG.US,5,20131202,200000,6.0900,6.1000,6.0800,6.0900,25000,0
NBG.US,5,20131202,200500,6.0900,6.1000,6.0800,6.0800,60100,0
NBG.US,5,20131202,201000,6.0900,6.1000,6.0900,6.0900,6639,0
NBG.US,5,20131202,201500,6.0900,6.1000,6.0900,6.1000,11299,0
NBG.US,5,20131202,202000,6.0900,6.1000,6.0900,6.0900,4685,0
NBG.US,5,20131202,202500,6.0900,6.1000,6.0900,6.0900,4200,0
NBG.US,5,20131202,203000,6.1000,6.1000,6.0900,6.1000,6489,0
NBG.US,5,20131202,203500,6.1000,6.1000,6.0900,6.1000,7365,0
NBG.US,5,20131202,204000,6.1000,6.1000,6.0900,6.1000,7770,0
NBG.US,5,20131202,204500,6.1000,6.1000,6.0900,6.1000,5130,0
NBG.US,5,20131202,205000,6.1000,6.1000,6.0900,6.1000,13250,0
NBG.US,5,20131202,205500,6.0900,6.1000,6.0900,6.0900,15300,0
NBG.US,5,20131202,210000,6.0900,6.1000,6.0900,6.0900,5797,0
NBG.US,5,20131202,210500,6.1000,6.1000,6.0900,6.1000,36264,0
NBG.US,5,20131202,211000,6.0900,6.1000,6.0900,6.0900,13628,0
NBG.US,5,20131202,211500,6.0900,6.1000,6.0900,6.1000,43812,0
NBG.US,5,20131202,212000,6.1000,6.1000,6.0900,6.1000,31550,0
NBG.US,5,20131202,212500,6.1000,6.1000,6.0900,6.1000,6884,0
NBG.US,5,20131202,213000,6.1000,6.1000,6.0900,6.1000,18735,0
NBG.US,5,20131202,213500,6.1000,6.1000,6.0900,6.1000,26139,0
NBG.US,5,20131202,214000,6.1000,6.1000,6.0900,6.1000,7515,0
NBG.US,5,20131202,214500,6.0900,6.1000,6.0900,6.0900,10550,0
NBG.US,5,20131202,215000,6.1000,6.1000,6.0900,6.1000,96794,0
NBG.US,5,20131202,215500,6.1000,6.1000,6.0900,6.0900,99414,0
NBG.US,5,20131202,220000,6.0900,6.1000,6.0500,6.0800,296762,0
NBG.US,5,20131202,220500,6.1000,6.1000,6.1000,6.1000,35687,0
NBG.US,5,20131203,153500,5.9200,5.9700,5.8000,5.8000,223187,0
NBG.US,5,20131203,154000,5.8000,5.9100,5.8000,5.8800,203577,0
NBG.US,5,20131203,154500,5.8900,5.9200,5.8700,5.9200,100288,0
NBG.US,5,20131203,155000,5.9100,5.9100,5.8500,5.8700,137942,0
NBG.US,5,20131203,155500,5.8600,5.8900,5.8600,5.8900,121724,0
NBG.US,5,20131203,160000,5.8900,5.9000,5.8600,5.8600,150614,0
NBG.US,5,20131203,160500,5.8700,5.8900,5.8600,5.8600,130643,0
NBG.US,5,20131203,161000,5.8600,5.8900,5.8600,5.8900,72957,0
NBG.US,5,20131203,161500,5.8800,5.9000,5.8800,5.8900,61565,0
NBG.US,5,20131203,162000,5.9000,5.9500,5.9000,5.9500,80537,0
NBG.US,5,20131203,162500,5.9400,5.9700,5.9400,5.9600,81244,0
NBG.US,5,20131203,163000,5.9700,5.9700,5.9200,5.9200,48367,0
NBG.US,5,20131203,163500,5.9200,5.9600,5.9100,5.9600,73776,0
NBG.US,5,20131203,164000,5.9600,5.9600,5.9300,5.9300,26870,0
NBG.US,5,20131203,164500,5.9400,5.9700,5.9300,5.9700,25305,0
NBG.US,5,20131203,165000,5.9700,6.0100,5.9700,6.0000,66048,0
NBG.US,5,20131203,165500,6.0100,6.0400,6.0100,6.0300,62002,0
NBG.US,5,20131203,170000,6.0300,6.0700,6.0200,6.0600,144357,0
NBG.US,5,20131203,170500,6.0500,6.0500,6.0200,6.0400,45111,0
NBG.US,5,20131203,171000,6.0400,6.0500,6.0200,6.0200,29052,0
NBG.US,5,20131203,171500,6.0200,6.0300,6.0100,6.0200,16265,0
NBG.US,5,20131203,172000,6.0300,6.0300,6.0200,6.0300,4000,0
NBG.US,5,20131203,172500,6.0300,6.0300,5.9800,5.9900,102749,0
NBG.US,5,20131203,173000,5.9900,5.9900,5.9800,5.9900,54329,0
NBG.US,5,20131203,173500,5.9900,6.0100,5.9900,6.0100,44555,0
NBG.US,5,20131203,174000,6.0000,6.0200,5.9900,6.0000,146866,0
NBG.US,5,20131203,174500,6.0000,6.0100,6.0000,6.0000,16860,0
NBG.US,5,20131203,175000,6.0000,6.0100,6.0000,6.0100,3900,0
NBG.US,5,20131203,175500,6.0000,6.0100,6.0000,6.0000,23570,0
NBG.US,5,20131203,180000,6.0100,6.0200,6.0000,6.0000,53950,0
NBG.US,5,20131203,180500,6.0000,6.0200,6.0000,6.0200,30950,0
NBG.US,5,20131203,181000,6.0200,6.0500,6.0200,6.0400,39951,0
NBG.US,5,20131203,181500,6.0400,6.0500,6.0200,6.0300,42370,0
NBG.US,5,20131203,182000,6.0300,6.0400,6.0300,6.0300,45905,0
NBG.US,5,20131203,182500,6.0400,6.0400,6.0300,6.0300,8027,0
NBG.US,5,20131203,183000,6.0300,6.0400,6.0300,6.0300,14300,0
NBG.US,5,20131203,183500,6.0300,6.0400,6.0200,6.0200,16428,0
NBG.US,5,20131203,184000,6.0200,6.0200,5.9900,6.0000,38837,0
NBG.US,5,20131203,184500,5.9900,6.0000,5.9900,5.9900,16815,0
NBG.US,5,20131203,185000,5.9900,6.0000,5.9800,5.9900,24642,0
NBG.US,5,20131203,185500,5.9900,6.0000,5.9800,5.9900,10525,0
NBG.US,5,20131203,190000,5.9900,5.9900,5.9800,5.9800,23339,0
NBG.US,5,20131203,190500,5.9900,5.9900,5.9600,5.9600,54774,0
NBG.US,5,20131203,191000,5.9600,5.9800,5.9500,5.9800,45816,0
NBG.US,5,20131203,191500,5.9800,5.9900,5.9700,5.9900,7979,0
NBG.US,5,20131203,192000,5.9800,5.9900,5.9800,5.9800,9300,0
NBG.US,5,20131203,192500,5.9800,5.9900,5.9600,5.9600,21650,0
NBG.US,5,20131203,193000,5.9600,5.9700,5.9500,5.9600,7250,0
NBG.US,5,20131203,193500,5.9500,5.9600,5.9500,5.9500,23939,0
NBG.US,5,20131203,194000,5.9500,5.9600,5.9500,5.9500,6267,0
NBG.US,5,20131203,194500,5.9500,5.9700,5.9500,5.9600,24931,0
NBG.US,5,20131203,195000,5.9700,5.9700,5.9600,5.9600,9212,0
NBG.US,5,20131203,195500,5.9600,5.9700,5.9600,5.9600,51037,0
NBG.US,5,20131203,200000,5.9600,5.9800,5.9500,5.9600,51200,0
NBG.US,5,20131203,200500,5.9600,5.9700,5.9600,5.9700,9500,0
NBG.US,5,20131203,201000,5.9700,5.9700,5.9600,5.9600,11597,0
NBG.US,5,20131203,201500,5.9600,5.9700,5.9600,5.9600,7282,0
NBG.US,5,20131203,202000,5.9700,5.9800,5.9600,5.9800,84489,0
NBG.US,5,20131203,202500,5.9700,5.9800,5.9700,5.9700,33700,0
NBG.US,5,20131203,203000,5.9700,5.9800,5.9700,5.9700,24200,0
NBG.US,5,20131203,203500,5.9700,5.9800,5.9700,5.9800,27710,0
NBG.US,5,20131203,204000,5.9800,6.0000,5.9700,5.9800,40567,0
NBG.US,5,20131203,204500,5.9800,6.0000,5.9800,5.9900,48570,0
NBG.US,5,20131203,205000,5.9900,6.0000,5.9900,5.9900,7160,0
NBG.US,5,20131203,205500,6.0000,6.0200,5.9900,6.0100,116505,0
NBG.US,5,20131203,210000,6.0100,6.0200,6.0100,6.0200,42400,0
NBG.US,5,20131203,210500,6.0200,6.0200,6.0100,6.0100,10240,0
NBG.US,5,20131203,211000,6.0100,6.0200,6.0000,6.0000,16450,0
NBG.US,5,20131203,211500,6.0000,6.0200,5.9900,6.0200,28731,0
NBG.US,5,20131203,212000,6.0200,6.0200,6.0000,6.0000,20300,0
NBG.US,5,20131203,212500,5.9900,6.0000,5.9900,5.9900,39832,0
NBG.US,5,20131203,213000,5.9900,6.0100,5.9900,6.0100,25000,0
NBG.US,5,20131203,213500,6.0000,6.0000,5.9900,6.0000,25099,0
NBG.US,5,20131203,214000,6.0000,6.0100,6.0000,6.0100,17900,0
NBG.US,5,20131203,214500,6.0100,6.0200,6.0100,6.0100,12450,0
NBG.US,5,20131203,215000,6.0100,6.0100,6.0000,6.0100,17111,0
NBG.US,5,20131203,215500,6.0000,6.0100,6.0000,6.0000,22471,0
NBG.US,5,20131203,220000,6.0000,6.0300,6.0000,6.0100,173643,0
NBG.US,5,20131203,220500,6.0200,6.0200,6.0200,6.0200,26582,0
NBG.US,5,20131204,153500,5.9400,5.9600,5.9300,5.9600,37910,0
NBG.US,5,20131204,154000,5.9600,6.0000,5.9600,5.9900,34969,0
NBG.US,5,20131204,154500,6.0000,6.0100,5.9900,6.0100,50262,0
NBG.US,5,20131204,155000,6.0100,6.0200,5.9900,5.9900,102337,0
NBG.US,5,20131204,155500,5.9800,5.9900,5.9300,5.9300,82151,0
NBG.US,5,20131204,160000,5.9400,5.9700,5.9300,5.9700,36546,0
NBG.US,5,20131204,160500,5.9600,6.0100,5.9400,6.0100,27982,0
NBG.US,5,20131204,161000,6.0100,6.0200,6.0000,6.0000,15203,0
NBG.US,5,20131204,161500,6.0100,6.0100,6.0000,6.0100,17100,0
NBG.US,5,20131204,162000,6.0100,6.0100,5.9900,6.0000,85716,0
NBG.US,5,20131204,162500,5.9900,6.0000,5.9800,5.9800,33142,0
NBG.US,5,20131204,163000,5.9900,5.9900,5.9600,5.9800,75489,0
NBG.US,5,20131204,163500,5.9800,5.9800,5.9400,5.9400,24999,0
NBG.US,5,20131204,164000,5.9400,5.9700,5.9400,5.9700,81208,0
NBG.US,5,20131204,164500,5.9700,5.9700,5.9500,5.9600,55811,0
NBG.US,5,20131204,165000,5.9600,5.9800,5.9600,5.9600,93612,0
NBG.US,5,20131204,165500,5.9700,5.9700,5.9500,5.9600,7356,0
NBG.US,5,20131204,170000,5.9600,5.9600,5.9500,5.9500,4947,0
NBG.US,5,20131204,170500,5.9500,5.9600,5.9500,5.9600,6050,0
NBG.US,5,20131204,171000,5.9500,5.9600,5.9400,5.9500,9058,0
NBG.US,5,20131204,171500,5.9500,5.9800,5.9400,5.9400,58713,0
NBG.US,5,20131204,172000,5.9400,5.9500,5.9400,5.9400,3890,0
NBG.US,5,20131204,172500,5.9500,5.9600,5.9500,5.9500,17505,0
NBG.US,5,20131204,173000,5.9500,5.9600,5.9400,5.9400,25016,0
NBG.US,5,20131204,173500,5.9400,5.9500,5.9400,5.9400,22890,0
NBG.US,5,20131204,174000,5.9400,5.9500,5.9300,5.9300,27300,0
NBG.US,5,20131204,174500,5.9300,5.9400,5.9200,5.9200,64321,0
NBG.US,5,20131204,175000,5.9200,5.9300,5.9200,5.9300,9456,0
NBG.US,5,20131204,175500,5.9200,5.9300,5.8700,5.8700,130361,0
NBG.US,5,20131204,180000,5.8800,5.9200,5.8800,5.9100,30600,0
NBG.US,5,20131204,180500,5.9100,5.9100,5.9000,5.9100,12100,0
NBG.US,5,20131204,181000,5.9000,5.9100,5.9000,5.9000,55122,0
NBG.US,5,20131204,181500,5.9000,5.9100,5.9000,5.9000,12495,0
NBG.US,5,20131204,182000,5.9000,5.9000,5.9000,5.9000,5100,0
NBG.US,5,20131204,182500,5.9100,5.9100,5.9000,5.9100,7603,0
NBG.US,5,20131204,183000,5.9000,5.9100,5.9000,5.9100,15095,0
NBG.US,5,20131204,183500,5.9100,5.9300,5.9100,5.9300,9949,0
NBG.US,5,20131204,184000,5.9400,5.9400,5.9100,5.9200,7925,0
NBG.US,5,20131204,184500,5.9200,5.9300,5.9100,5.9300,24859,0
NBG.US,5,20131204,185000,5.9200,5.9300,5.9100,5.9200,34856,0
NBG.US,5,20131204,185500,5.9200,5.9400,5.9200,5.9400,7100,0
NBG.US,5,20131204,190000,5.9400,5.9500,5.9100,5.9200,33862,0
NBG.US,5,20131204,190500,5.9100,5.9200,5.9100,5.9200,1170,0
NBG.US,5,20131204,191000,5.9200,5.9300,5.9100,5.9300,9100,0
NBG.US,5,20131204,191500,5.9300,5.9300,5.9100,5.9100,34199,0
NBG.US,5,20131204,192000,5.9200,5.9200,5.9100,5.9200,2200,0
NBG.US,5,20131204,192500,5.9200,5.9200,5.9100,5.9100,8997,0
NBG.US,5,20131204,193000,5.9100,5.9100,5.8900,5.8900,18985,0
NBG.US,5,20131204,193500,5.9000,5.9000,5.8800,5.8900,20701,0
NBG.US,5,20131204,194000,5.8900,5.9000,5.8900,5.8900,6684,0
NBG.US,5,20131204,194500,5.9000,5.9100,5.8900,5.9000,15419,0
NBG.US,5,20131204,195000,5.9000,5.9000,5.8900,5.9000,6500,0
NBG.US,5,20131204,195500,5.9000,5.9100,5.9000,5.9000,3180,0
NBG.US,5,20131204,200000,5.9000,5.9100,5.8800,5.9100,71050,0
NBG.US,5,20131204,200500,5.9000,5.9200,5.9000,5.9000,9800,0
NBG.US,5,20131204,201000,5.9100,5.9100,5.8900,5.8900,4900,0
NBG.US,5,20131204,201500,5.9000,5.9200,5.8900,5.9100,12589,0
NBG.US,5,20131204,202000,5.9100,5.9200,5.9100,5.9200,5500,0
NBG.US,5,20131204,202500,5.9100,5.9200,5.9100,5.9200,3100,0
NBG.US,5,20131204,203000,5.9100,5.9200,5.9100,5.9100,3600,0
NBG.US,5,20131204,203500,5.9000,5.9300,5.9000,5.9200,4190,0
NBG.US,5,20131204,204000,5.9200,5.9300,5.9200,5.9200,4110,0
NBG.US,5,20131204,204500,5.9300,5.9300,5.9100,5.9100,41493,0
NBG.US,5,20131204,205000,5.9100,5.9200,5.9100,5.9200,8548,0
NBG.US,5,20131204,205500,5.9200,5.9200,5.9100,5.9100,5700,0
NBG.US,5,20131204,210000,5.9200,5.9200,5.9100,5.9200,14500,0
NBG.US,5,20131204,210500,5.9200,5.9200,5.9100,5.9200,16411,0
NBG.US,5,20131204,211000,5.9200,5.9200,5.9100,5.9200,13290,0
NBG.US,5,20131204,211500,5.9200,5.9200,5.9100,5.9100,5830,0
NBG.US,5,20131204,212000,5.9200,5.9300,5.9200,5.9300,3085,0
NBG.US,5,20131204,212500,5.9300,5.9300,5.9200,5.9300,11079,0
NBG.US,5,20131204,213000,5.9300,5.9300,5.9200,5.9300,32700,0
NBG.US,5,20131204,213500,5.9300,5.9500,5.9200,5.9500,103450,0
NBG.US,5,20131204,214000,5.9500,5.9600,5.9400,5.9400,81931,0
NBG.US,5,20131204,214500,5.9500,5.9700,5.9400,5.9600,69232,0
NBG.US,5,20131204,215000,5.9600,5.9600,5.9200,5.9300,42500,0
NBG.US,5,20131204,215500,5.9300,5.9300,5.9200,5.9300,25167,0
NBG.US,5,20131204,220000,5.9300,5.9300,5.9100,5.9300,89702,0
NBG.US,5,20131204,220500,5.9100,5.9100,5.9100,5.9100,6580,0
NBG.US,5,20131205,153500,5.9200,5.9300,5.8300,5.8400,122005,0
NBG.US,5,20131205,154000,5.8500,5.8800,5.8200,5.8700,95442,0
NBG.US,5,20131205,154500,5.8700,5.8700,5.8400,5.8400,33977,0
NBG.US,5,20131205,155000,5.8500,5.8700,5.8400,5.8500,33023,0
NBG.US,5,20131205,155500,5.8500,5.8700,5.8500,5.8600,18010,0
NBG.US,5,20131205,160000,5.8600,5.8700,5.8500,5.8600,21977,0
NBG.US,5,20131205,160500,5.8700,5.8800,5.8500,5.8800,47377,0
NBG.US,5,20131205,161000,5.8800,5.9000,5.8700,5.8800,26942,0
NBG.US,5,20131205,161500,5.8800,5.8900,5.8700,5.8800,11987,0
NBG.US,5,20131205,162000,5.8700,5.8900,5.8600,5.8800,21275,0
NBG.US,5,20131205,162500,5.8800,5.8900,5.8600,5.8700,24630,0
NBG.US,5,20131205,163000,5.8700,5.8700,5.8400,5.8400,65315,0
NBG.US,5,20131205,163500,5.8400,5.8500,5.8400,5.8400,21300,0
NBG.US,5,20131205,164000,5.8400,5.8500,5.8400,5.8400,19884,0
NBG.US,5,20131205,164500,5.8500,5.8500,5.8300,5.8300,51510,0
NBG.US,5,20131205,165000,5.8400,5.8400,5.8100,5.8200,80226,0
NBG.US,5,20131205,165500,5.8100,5.8200,5.8000,5.8100,122893,0
NBG.US,5,20131205,170000,5.8100,5.8100,5.8000,5.8000,9980,0
NBG.US,5,20131205,170500,5.8100,5.8200,5.8000,5.8200,45507,0
NBG.US,5,20131205,171000,5.8200,5.8300,5.8100,5.8100,62565,0
NBG.US,5,20131205,171500,5.8200,5.8200,5.8100,5.8200,39277,0
NBG.US,5,20131205,172000,5.8200,5.8200,5.8000,5.8100,51476,0
NBG.US,5,20131205,172500,5.8200,5.8200,5.8100,5.8100,3830,0
NBG.US,5,20131205,173000,5.8100,5.8300,5.8100,5.8200,8440,0
NBG.US,5,20131205,173500,5.8200,5.8200,5.8100,5.8100,64391,0
NBG.US,5,20131205,174000,5.8100,5.8100,5.7700,5.7700,124583,0
NBG.US,5,20131205,174500,5.7700,5.7800,5.7700,5.7700,24691,0
NBG.US,5,20131205,175000,5.7700,5.7800,5.7600,5.7700,16593,0
NBG.US,5,20131205,175500,5.7700,5.7700,5.7600,5.7700,36113,0
NBG.US,5,20131205,180000,5.7700,5.7900,5.7700,5.7900,71320,0
NBG.US,5,20131205,180500,5.7900,5.8200,5.7900,5.8200,152660,0
NBG.US,5,20131205,181000,5.8200,5.8200,5.8100,5.8200,26300,0
NBG.US,5,20131205,181500,5.8200,5.8200,5.8100,5.8100,44561,0
NBG.US,5,20131205,182000,5.8100,5.8200,5.7900,5.7900,46182,0
NBG.US,5,20131205,182500,5.7800,5.8100,5.7800,5.8100,18660,0
NBG.US,5,20131205,183000,5.8000,5.8000,5.8000,5.8000,1100,0
NBG.US,5,20131205,183500,5.8000,5.8100,5.8000,5.8000,8000,0
NBG.US,5,20131205,184000,5.8000,5.8100,5.7900,5.8100,16400,0
NBG.US,5,20131205,184500,5.8000,5.8200,5.8000,5.8100,12801,0
NBG.US,5,20131205,185000,5.8200,5.8300,5.8200,5.8200,23799,0
NBG.US,5,20131205,185500,5.8200,5.8200,5.8200,5.8200,1900,0
NBG.US,5,20131205,190000,5.8200,5.8300,5.8200,5.8200,7746,0
NBG.US,5,20131205,190500,5.8200,5.8300,5.8100,5.8100,14900,0
NBG.US,5,20131205,191000,5.8100,5.8100,5.8000,5.8100,2600,0
NBG.US,5,20131205,191500,5.8200,5.8200,5.8100,5.8100,4500,0
NBG.US,5,20131205,192000,5.8200,5.8200,5.8100,5.8100,16300,0
NBG.US,5,20131205,192500,5.8200,5.8200,5.8100,5.8200,5700,0
NBG.US,5,20131205,193000,5.8300,5.8300,5.8200,5.8300,13120,0
NBG.US,5,20131205,193500,5.8200,5.8300,5.8200,5.8300,4509,0
NBG.US,5,20131205,194000,5.8200,5.8200,5.8000,5.8000,53223,0
NBG.US,5,20131205,194500,5.8100,5.8200,5.8000,5.8200,11330,0
NBG.US,5,20131205,195000,5.8100,5.8200,5.8100,5.8200,5350,0
NBG.US,5,20131205,195500,5.8100,5.8200,5.8100,5.8100,2550,0
NBG.US,5,20131205,200000,5.8100,5.8200,5.8100,5.8200,1261,0
NBG.US,5,20131205,200500,5.8100,5.8200,5.8100,5.8100,9930,0
NBG.US,5,20131205,201000,5.8100,5.8200,5.8100,5.8200,1600,0
NBG.US,5,20131205,201500,5.8100,5.8200,5.8100,5.8200,5800,0
NBG.US,5,20131205,202000,5.8100,5.8200,5.8100,5.8100,43494,0
NBG.US,5,20131205,202500,5.8100,5.8400,5.8100,5.8400,35119,0
NBG.US,5,20131205,203000,5.8400,5.8400,5.8300,5.8300,29810,0
NBG.US,5,20131205,203500,5.8300,5.8400,5.8300,5.8400,5725,0
NBG.US,5,20131205,204000,5.8400,5.8500,5.8300,5.8500,34356,0
NBG.US,5,20131205,204500,5.8500,5.8500,5.8400,5.8500,4992,0
NBG.US,5,20131205,205000,5.8500,5.8500,5.8400,5.8400,700,0
NBG.US,5,20131205,205500,5.8400,5.8500,5.8400,5.8500,13430,0
NBG.US,5,20131205,210000,5.8400,5.8500,5.8400,5.8400,6400,0
NBG.US,5,20131205,210500,5.8400,5.8500,5.8400,5.8400,6308,0
NBG.US,5,20131205,211000,5.8500,5.8500,5.8400,5.8500,5235,0
NBG.US,5,20131205,211500,5.8400,5.8400,5.8400,5.8400,1299,0
NBG.US,5,20131205,212000,5.8500,5.8500,5.8400,5.8400,2093,0
NBG.US,5,20131205,212500,5.8400,5.8500,5.8400,5.8400,4550,0
NBG.US,5,20131205,213000,5.8400,5.8500,5.8400,5.8400,9960,0
NBG.US,5,20131205,213500,5.8400,5.8500,5.8400,5.8400,3260,0
NBG.US,5,20131205,214000,5.8400,5.8500,5.8400,5.8400,11500,0
NBG.US,5,20131205,214500,5.8400,5.8500,5.8200,5.8200,30946,0
NBG.US,5,20131205,215000,5.8200,5.8300,5.8200,5.8300,26975,0
NBG.US,5,20131205,215500,5.8200,5.8300,5.8200,5.8200,59746,0
NBG.US,5,20131205,220000,5.8300,5.8300,5.8200,5.8300,123939,0
NBG.US,5,20131205,220500,5.8200,5.8200,5.8200,5.8200,4725,0
NBG.US,5,20131206,153500,5.9100,5.9300,5.8600,5.8900,25935,0
NBG.US,5,20131206,154000,5.8900,5.9000,5.8800,5.8900,23006,0
NBG.US,5,20131206,154500,5.8900,5.9000,5.8900,5.9000,13849,0
NBG.US,5,20131206,155000,5.9000,5.9000,5.8600,5.8600,22289,0
NBG.US,5,20131206,155500,5.8500,5.8500,5.8300,5.8300,18451,0
NBG.US,5,20131206,160000,5.8400,5.8500,5.8300,5.8400,9673,0
NBG.US,5,20131206,160500,5.8400,5.8600,5.8400,5.8500,12115,0
NBG.US,5,20131206,161000,5.8500,5.8700,5.8500,5.8600,24439,0
NBG.US,5,20131206,161500,5.8600,5.8600,5.8200,5.8200,52698,0
NBG.US,5,20131206,162000,5.8200,5.8700,5.8100,5.8500,50249,0
NBG.US,5,20131206,162500,5.8600,5.8700,5.8500,5.8700,6230,0
NBG.US,5,20131206,163000,5.8700,5.8800,5.8600,5.8800,20087,0
NBG.US,5,20131206,163500,5.8800,5.8800,5.8600,5.8700,4050,0
NBG.US,5,20131206,164000,5.8700,5.8700,5.8400,5.8600,19000,0
NBG.US,5,20131206,164500,5.8500,5.8600,5.8200,5.8300,41966,0
NBG.US,5,20131206,165000,5.8200,5.8600,5.8200,5.8500,51777,0
NBG.US,5,20131206,165500,5.8500,5.8700,5.8400,5.8600,5420,0
NBG.US,5,20131206,170000,5.8600,5.8600,5.8500,5.8600,3720,0
NBG.US,5,20131206,170500,5.8500,5.8600,5.8400,5.8600,7780,0
NBG.US,5,20131206,171000,5.8600,5.8700,5.8600,5.8700,14145,0
NBG.US,5,20131206,171500,5.8700,5.8700,5.8600,5.8700,13429,0
NBG.US,5,20131206,172000,5.8600,5.8700,5.8600,5.8700,21600,0
NBG.US,5,20131206,172500,5.8700,5.8700,5.8500,5.8500,7050,0
NBG.US,5,20131206,173000,5.8500,5.8600,5.8500,5.8600,15726,0
NBG.US,5,20131206,173500,5.8600,5.8900,5.8500,5.8800,21756,0
NBG.US,5,20131206,174000,5.8800,5.8800,5.8700,5.8700,5650,0
NBG.US,5,20131206,174500,5.8700,5.8800,5.8700,5.8800,2100,0
NBG.US,5,20131206,175000,5.8700,5.8800,5.8700,5.8800,1300,0
NBG.US,5,20131206,175500,5.8800,5.8800,5.8800,5.8800,7100,0
NBG.US,5,20131206,180000,5.8700,5.8800,5.8700,5.8800,2050,0
NBG.US,5,20131206,180500,5.8700,5.8700,5.8700,5.8700,1380,0
NBG.US,5,20131206,181000,5.8800,5.8800,5.8800,5.8800,3100,0
NBG.US,5,20131206,181500,5.8800,5.8900,5.8700,5.8900,5500,0
NBG.US,5,20131206,182000,5.8900,5.9000,5.8800,5.9000,7800,0
NBG.US,5,20131206,182500,5.8900,5.9000,5.8800,5.8900,9600,0
NBG.US,5,20131206,183000,5.8900,5.9000,5.8900,5.8900,14167,0
NBG.US,5,20131206,183500,5.9000,5.9000,5.8900,5.9000,61133,0
NBG.US,5,20131206,184000,5.9100,5.9100,5.8900,5.8900,13361,0
NBG.US,5,20131206,184500,5.9000,5.9000,5.9000,5.9000,7100,0
NBG.US,5,20131206,185000,5.9000,5.9100,5.9000,5.9100,13233,0
NBG.US,5,20131206,185500,5.9000,5.9100,5.9000,5.9000,18200,0
NBG.US,5,20131206,190000,5.9000,5.9000,5.8900,5.8900,15204,0
NBG.US,5,20131206,190500,5.8900,5.8900,5.8800,5.8900,6397,0
NBG.US,5,20131206,191000,5.8900,5.8900,5.8800,5.8900,3974,0
NBG.US,5,20131206,191500,5.8800,5.8900,5.8700,5.8700,4771,0
NBG.US,5,20131206,192000,5.8800,5.9100,5.8700,5.9100,33630,0
NBG.US,5,20131206,192500,5.9100,5.9100,5.8900,5.9100,26515,0
NBG.US,5,20131206,193000,5.9100,5.9300,5.8900,5.9200,50912,0
NBG.US,5,20131206,193500,5.9300,5.9300,5.9100,5.9200,11200,0
NBG.US,5,20131206,194000,5.9200,5.9400,5.9100,5.9100,66995,0
NBG.US,5,20131206,194500,5.9100,5.9200,5.9100,5.9100,11800,0
NBG.US,5,20131206,195000,5.9100,5.9100,5.9100,5.9100,3685,0
NBG.US,5,20131206,195500,5.9100,5.9100,5.9000,5.9000,8320,0
NBG.US,5,20131206,200000,5.9000,5.9100,5.8800,5.8800,16200,0
NBG.US,5,20131206,200500,5.8900,5.9100,5.8800,5.9000,36425,0
NBG.US,5,20131206,201000,5.9000,5.9000,5.8900,5.9000,12400,0
NBG.US,5,20131206,201500,5.9100,5.9100,5.9000,5.9100,15685,0
NBG.US,5,20131206,202000,5.9000,5.9100,5.9000,5.9000,9600,0
NBG.US,5,20131206,202500,5.9000,5.9200,5.9000,5.9200,44829,0
NBG.US,5,20131206,203000,5.9200,5.9200,5.9100,5.9100,60066,0
NBG.US,5,20131206,203500,5.9100,5.9200,5.8900,5.9000,23605,0
NBG.US,5,20131206,204000,5.9000,5.9000,5.8800,5.8900,23776,0
NBG.US,5,20131206,204500,5.8900,5.9000,5.8900,5.8900,4950,0
NBG.US,5,20131206,205000,5.8900,5.9000,5.8900,5.9000,1400,0
NBG.US,5,20131206,205500,5.8900,5.9000,5.8700,5.8700,30762,0
NBG.US,5,20131206,210000,5.8700,5.8800,5.8700,5.8700,4846,0
NBG.US,5,20131206,210500,5.8700,5.8700,5.8700,5.8700,2400,0
NBG.US,5,20131206,211000,5.8700,5.8800,5.8700,5.8800,3160,0
NBG.US,5,20131206,211500,5.8800,5.8800,5.8700,5.8800,23901,0
NBG.US,5,20131206,212000,5.8800,5.8800,5.8700,5.8700,9547,0
NBG.US,5,20131206,212500,5.8700,5.8800,5.8700,5.8800,12500,0
NBG.US,5,20131206,213000,5.8800,5.8800,5.8700,5.8700,24113,0
NBG.US,5,20131206,213500,5.8700,5.8900,5.8700,5.8800,14817,0
NBG.US,5,20131206,214000,5.8900,5.8900,5.8800,5.8900,44884,0
NBG.US,5,20131206,214500,5.8900,5.8900,5.8800,5.8800,9100,0
NBG.US,5,20131206,215000,5.8800,5.9100,5.8800,5.9000,97728,0
NBG.US,5,20131206,215500,5.9000,5.9100,5.9000,5.9100,33260,0
NBG.US,5,20131206,220000,5.9100,5.9200,5.9000,5.9100,122488,0
NBG.US,5,20131206,220500,5.8900,5.8900,5.8900,5.8900,12942,0
NBG.US,5,20131209,153500,5.9300,5.9400,5.9000,5.9000,170238,0
NBG.US,5,20131209,154000,5.9000,5.9300,5.9000,5.9200,25290,0
NBG.US,5,20131209,154500,5.9200,5.9500,5.9200,5.9500,77447,0
NBG.US,5,20131209,155000,5.9500,5.9800,5.9400,5.9600,60679,0
NBG.US,5,20131209,155500,5.9600,6.0200,5.9600,6.0100,170671,0
NBG.US,5,20131209,160000,6.0000,6.1000,6.0000,6.1000,281420,0
NBG.US,5,20131209,160500,6.0900,6.1300,6.0300,6.0900,340304,0
NBG.US,5,20131209,161000,6.0900,6.0900,6.0700,6.0900,70606,0
NBG.US,5,20131209,161500,6.0800,6.0800,6.0300,6.0400,51114,0
NBG.US,5,20131209,162000,6.0500,6.0800,6.0400,6.0700,70879,0
NBG.US,5,20131209,162500,6.0700,6.1200,6.0700,6.1100,234407,0
NBG.US,5,20131209,163000,6.1100,6.1200,6.1000,6.1100,65062,0
NBG.US,5,20131209,163500,6.1000,6.1000,6.0500,6.0600,25109,0
NBG.US,5,20131209,164000,6.0600,6.0700,6.0300,6.0700,42350,0
NBG.US,5,20131209,164500,6.0700,6.0800,6.0700,6.0800,23325,0
NBG.US,5,20131209,165000,6.0800,6.1000,6.0800,6.0900,39314,0
NBG.US,5,20131209,165500,6.0900,6.1300,6.0900,6.1300,102690,0
NBG.US,5,20131209,170000,6.1200,6.1600,6.1100,6.1300,223279,0
NBG.US,5,20131209,170500,6.1300,6.1400,6.1200,6.1300,51911,0
NBG.US,5,20131209,171000,6.1300,6.1400,6.1100,6.1100,42770,0
NBG.US,5,20131209,171500,6.1200,6.1200,6.0800,6.1100,45210,0
NBG.US,5,20131209,172000,6.0900,6.1100,6.0900,6.1000,25882,0
NBG.US,5,20131209,172500,6.1100,6.1100,6.0800,6.0800,28909,0
NBG.US,5,20131209,173000,6.0800,6.0900,6.0700,6.0800,11155,0
NBG.US,5,20131209,173500,6.0800,6.0800,6.0700,6.0700,23147,0
NBG.US,5,20131209,174000,6.0600,6.0700,6.0600,6.0600,12235,0
NBG.US,5,20131209,174500,6.0700,6.0700,6.0500,6.0600,43279,0
NBG.US,5,20131209,175000,6.0700,6.0700,6.0600,6.0700,3350,0
NBG.US,5,20131209,175500,6.0600,6.0900,6.0600,6.0800,20284,0
NBG.US,5,20131209,180000,6.0900,6.1000,6.0700,6.0900,24437,0
NBG.US,5,20131209,180500,6.0800,6.0900,6.0700,6.0700,39071,0
NBG.US,5,20131209,181000,6.0800,6.0800,6.0700,6.0700,3905,0
NBG.US,5,20131209,181500,6.0700,6.0800,6.0600,6.0700,10390,0
NBG.US,5,20131209,182000,6.0700,6.0700,6.0600,6.0700,2900,0
NBG.US,5,20131209,182500,6.0800,6.0900,6.0800,6.0800,5804,0
NBG.US,5,20131209,183000,6.0800,6.0900,6.0600,6.0800,24064,0
NBG.US,5,20131209,183500,6.0800,6.0800,6.0600,6.0700,10420,0
NBG.US,5,20131209,184000,6.0700,6.0700,6.0500,6.0600,30362,0
NBG.US,5,20131209,184500,6.0600,6.0700,6.0600,6.0700,27663,0
NBG.US,5,20131209,185000,6.0600,6.0700,6.0500,6.0500,60545,0
NBG.US,5,20131209,185500,6.0600,6.0600,6.0500,6.0600,17400,0
NBG.US,5,20131209,190000,6.0700,6.0700,6.0500,6.0500,31928,0
NBG.US,5,20131209,190500,6.0600,6.0700,6.0500,6.0600,17242,0
NBG.US,5,20131209,191000,6.0600,6.0600,6.0500,6.0600,35080,0
NBG.US,5,20131209,191500,6.0500,6.0600,6.0400,6.0600,17600,0
NBG.US,5,20131209,192000,6.0500,6.0600,6.0500,6.0500,24510,0
NBG.US,5,20131209,192500,6.0600,6.0600,6.0500,6.0600,2700,0
NBG.US,5,20131209,193000,6.0500,6.0600,6.0400,6.0400,35534,0
NBG.US,5,20131209,193500,6.0400,6.0400,6.0200,6.0300,30651,0
NBG.US,5,20131209,194000,6.0300,6.0400,6.0200,6.0200,35978,0
NBG.US,5,20131209,194500,6.0300,6.0300,6.0000,6.0200,39180,0
NBG.US,5,20131209,195000,6.0300,6.0300,6.0200,6.0300,17450,0
NBG.US,5,20131209,195500,6.0200,6.0300,6.0200,6.0200,7640,0
NBG.US,5,20131209,200000,6.0200,6.0300,6.0200,6.0300,1900,0
NBG.US,5,20131209,200500,6.0300,6.0300,6.0200,6.0300,13793,0
NBG.US,5,20131209,201000,6.0200,6.0400,6.0200,6.0300,14020,0
NBG.US,5,20131209,201500,6.0300,6.0700,6.0300,6.0700,75573,0
NBG.US,5,20131209,202000,6.0600,6.0700,6.0400,6.0400,37202,0
NBG.US,5,20131209,202500,6.0500,6.0600,6.0400,6.0600,16800,0
NBG.US,5,20131209,203000,6.0500,6.0600,6.0400,6.0600,20200,0
NBG.US,5,20131209,203500,6.0700,6.0800,6.0700,6.0700,35733,0
NBG.US,5,20131209,204000,6.0700,6.0800,6.0600,6.0800,36558,0
NBG.US,5,20131209,204500,6.0800,6.0900,6.0700,6.0900,13861,0
NBG.US,5,20131209,205000,6.0900,6.1200,6.0900,6.1200,107659,0
NBG.US,5,20131209,205500,6.1200,6.1200,6.1100,6.1200,41888,0
NBG.US,5,20131209,210000,6.1200,6.1300,6.1100,6.1100,22647,0
NBG.US,5,20131209,210500,6.1100,6.1200,6.1100,6.1200,17375,0
NBG.US,5,20131209,211000,6.1100,6.1200,6.0900,6.1000,20327,0
NBG.US,5,20131209,211500,6.1000,6.1200,6.1000,6.1200,31424,0
NBG.US,5,20131209,212000,6.1100,6.1200,6.1000,6.1200,21980,0
NBG.US,5,20131209,212500,6.1100,6.1200,6.1000,6.1000,19025,0
NBG.US,5,20131209,213000,6.1000,6.1000,6.0800,6.0800,34358,0
NBG.US,5,20131209,213500,6.0800,6.1000,6.0800,6.0800,25727,0
NBG.US,5,20131209,214000,6.0900,6.1000,6.0800,6.0900,12786,0
NBG.US,5,20131209,214500,6.0900,6.1100,6.0900,6.1000,68137,0
NBG.US,5,20131209,215000,6.1100,6.1200,6.1000,6.1200,47903,0
NBG.US,5,20131209,215500,6.1100,6.1200,6.1000,6.1100,61219,0
NBG.US,5,20131209,220000,6.1100,6.1200,6.1000,6.1200,86622,0
NBG.US,5,20131209,220500,6.1100,6.1100,6.1100,6.1100,45627,0
