<TICKER>,<PER>,<DTYYYYMMDD>,<TIME>,<OPEN>,<HIGH>,<LOW>,<CLOSE>,<VOL>,<OPENINT>
NEE-I.US,5,20131112,153500,18.7900,18.8000,18.7700,18.8000,2866,0
NEE-I.US,5,20131112,154000,18.8500,18.9100,18.8400,18.9000,7366,0
NEE-I.US,5,20131112,154500,18.8600,18.8600,18.8600,18.8600,300,0
NEE-I.US,5,20131112,155000,18.8800,18.8800,18.8800,18.8800,100,0
NEE-I.US,5,20131112,155500,18.8700,18.8700,18.8600,18.8700,600,0
NEE-I.US,5,20131112,160000,18.9000,18.9000,18.9000,18.9000,450,0
NEE-I.US,5,20131112,161000,18.9000,18.9000,18.9000,18.9000,1000,0
NEE-I.US,5,20131112,161500,18.8900,18.8900,18.8900,18.8900,400,0
NEE-I.US,5,20131112,162000,18.8900,18.9000,18.8900,18.9000,1312,0
NEE-I.US,5,20131112,162500,18.8900,18.9100,18.8900,18.9000,8500,0
NEE-I.US,5,20131112,163000,18.9100,18.9200,18.8900,18.8900,756,0
NEE-I.US,5,20131112,163500,18.8900,18.8900,18.8400,18.8400,700,0
NEE-I.US,5,20131112,170000,18.8800,18.8800,18.8800,18.8800,100,0
NEE-I.US,5,20131112,171000,18.8800,18.8800,18.8800,18.8800,1000,0
NEE-I.US,5,20131112,171500,18.8800,18.8900,18.8800,18.8900,511,0
NEE-I.US,5,20131112,172000,18.8500,18.8900,18.8500,18.8600,1962,0
NEE-I.US,5,20131112,172500,18.8600,18.8600,18.8600,18.8600,191,0
NEE-I.US,5,20131112,173500,18.8900,18.9000,18.8200,18.8200,2053,0
NEE-I.US,5,20131112,174000,18.9100,18.9100,18.9100,18.9100,300,0
NEE-I.US,5,20131112,175500,18.8500,18.8500,18.8500,18.8500,112,0
NEE-I.US,5,20131112,180000,18.9000,18.9200,18.8300,18.8300,562,0
NEE-I.US,5,20131112,180500,18.8600,18.8600,18.8600,18.8600,250,0
NEE-I.US,5,20131112,181000,18.8600,18.9000,18.8600,18.9000,375,0
NEE-I.US,5,20131112,182000,18.8800,18.9000,18.8600,18.9000,1633,0
NEE-I.US,5,20131112,191500,18.8900,18.8900,18.8900,18.8900,100,0
NEE-I.US,5,20131112,192000,18.8500,18.8600,18.8500,18.8600,400,0
NEE-I.US,5,20131112,193000,18.8800,18.8800,18.8800,18.8800,2426,0
NEE-I.US,5,20131112,194500,18.8800,18.8800,18.8800,18.8800,300,0
NEE-I.US,5,20131112,195000,18.8600,18.9000,18.8600,18.9000,300,0
NEE-I.US,5,20131112,195500,18.8800,18.8800,18.8600,18.8600,899,0
NEE-I.US,5,20131112,200500,18.8500,18.8600,18.8500,18.8500,429,0
NEE-I.US,5,20131112,201000,18.8500,18.8800,18.8500,18.8500,1442,0
NEE-I.US,5,20131112,201500,18.8400,18.8900,18.8400,18.8900,929,0
NEE-I.US,5,20131112,202000,18.8400,18.9000,18.8100,18.8300,6474,0
NEE-I.US,5,20131112,202500,18.8500,18.8500,18.8500,18.8500,154,0
NEE-I.US,5,20131112,203000,18.8300,18.8300,18.8200,18.8200,302,0
NEE-I.US,5,20131112,204000,18.8200,18.8400,18.8200,18.8400,2551,0
NEE-I.US,5,20131112,205000,18.8200,18.8200,18.8200,18.8200,169,0
NEE-I.US,5,20131112,210000,18.8800,18.8800,18.8800,18.8800,100,0
NEE-I.US,5,20131112,210500,18.8100,18.8100,18.8100,18.8100,1300,0
NEE-I.US,5,20131112,211500,18.8100,18.8100,18.8100,18.8100,500,0
NEE-I.US,5,20131112,212000,18.8100,18.8700,18.8100,18.8700,2250,0
NEE-I.US,5,20131112,212500,18.8500,18.8500,18.8500,18.8500,100,0
NEE-I.US,5,20131112,213500,18.8200,18.8200,18.8100,18.8100,2146,0
NEE-I.US,5,20131112,214000,18.8000,18.8000,18.8000,18.8000,2504,0
NEE-I.US,5,20131112,214500,18.8500,18.8500,18.8000,18.8100,1600,0
NEE-I.US,5,20131112,215000,18.8000,18.8100,18.8000,18.8000,1800,0
NEE-I.US,5,20131112,215500,18.8700,18.8700,18.8100,18.8500,2999,0
NEE-I.US,5,20131112,220500,18.8700,18.8700,18.8700,18.8700,259,0
NEE-I.US,5,20131113,153500,18.8700,18.8700,18.8100,18.8100,1543,0
NEE-I.US,5,20131113,155000,18.8100,18.8200,18.8100,18.8200,2000,0
NEE-I.US,5,20131113,155500,18.8800,18.8800,18.8100,18.8200,2300,0
NEE-I.US,5,20131113,160000,18.8500,18.8800,18.8500,18.8800,500,0
NEE-I.US,5,20131113,160500,18.8300,18.8400,18.8300,18.8400,400,0
NEE-I.US,5,20131113,161500,18.8800,18.8800,18.8800,18.8800,200,0
NEE-I.US,5,20131113,162000,18.8700,18.8700,18.8700,18.8700,1100,0
NEE-I.US,5,20131113,162500,18.8500,18.8700,18.8400,18.8700,400,0
NEE-I.US,5,20131113,163000,18.8700,18.8700,18.8700,18.8700,200,0
NEE-I.US,5,20131113,163500,18.8700,18.8700,18.8400,18.8400,698,0
NEE-I.US,5,20131113,164000,18.8500,18.8700,18.8500,18.8700,300,0
NEE-I.US,5,20131113,164500,18.8700,18.8800,18.8700,18.8800,300,0
NEE-I.US,5,20131113,165500,18.8700,18.8800,18.8500,18.8800,2200,0
NEE-I.US,5,20131113,170000,18.8800,18.8800,18.8800,18.8800,300,0
NEE-I.US,5,20131113,171500,18.8700,18.8800,18.8600,18.8800,1262,0
NEE-I.US,5,20131113,172000,18.8800,19.0000,18.8800,18.9700,26847,0
NEE-I.US,5,20131113,172500,18.9700,19.0000,18.9400,19.0000,5754,0
NEE-I.US,5,20131113,173000,19.0100,19.0400,18.9900,19.0400,13157,0
NEE-I.US,5,20131113,173500,19.0400,19.0400,19.0200,19.0300,700,0
NEE-I.US,5,20131113,174000,19.0100,19.0500,19.0000,19.0400,3192,0
NEE-I.US,5,20131113,174500,19.0100,19.0200,19.0000,19.0200,5184,0
NEE-I.US,5,20131113,175000,19.0200,19.0600,19.0100,19.0600,6613,0
NEE-I.US,5,20131113,175500,19.0600,19.0700,19.0300,19.0600,3542,0
NEE-I.US,5,20131113,180000,19.0700,19.0700,18.9700,19.0300,6100,0
NEE-I.US,5,20131113,180500,19.0300,19.0400,19.0300,19.0400,300,0
NEE-I.US,5,20131113,181500,19.0400,19.0400,19.0400,19.0400,100,0
NEE-I.US,5,20131113,182000,19.0400,19.0400,19.0400,19.0400,1200,0
NEE-I.US,5,20131113,182500,19.0400,19.0400,19.0400,19.0400,200,0
NEE-I.US,5,20131113,183000,19.0400,19.0400,19.0400,19.0400,500,0
NEE-I.US,5,20131113,183500,18.9800,19.0400,18.9800,19.0400,700,0
NEE-I.US,5,20131113,184000,19.0400,19.0400,19.0400,19.0400,100,0
NEE-I.US,5,20131113,184500,19.0400,19.0400,19.0400,19.0400,200,0
NEE-I.US,5,20131113,190000,19.0100,19.0300,18.9800,19.0300,1200,0
NEE-I.US,5,20131113,190500,19.0300,19.0300,19.0300,19.0300,100,0
NEE-I.US,5,20131113,191500,19.0000,19.0000,19.0000,19.0000,400,0
NEE-I.US,5,20131113,192000,19.0000,19.0200,19.0000,19.0200,300,0
NEE-I.US,5,20131113,193000,19.0200,19.0200,19.0200,19.0200,200,0
NEE-I.US,5,20131113,193500,19.0200,19.0200,19.0200,19.0200,350,0
NEE-I.US,5,20131113,194500,19.0200,19.0200,19.0200,19.0200,200,0
NEE-I.US,5,20131113,195000,18.9900,19.0200,18.9800,19.0200,570,0
NEE-I.US,5,20131113,195500,19.0000,19.0200,19.0000,19.0200,3400,0
NEE-I.US,5,20131113,200000,19.0400,19.0400,19.0400,19.0400,850,0
NEE-I.US,5,20131113,200500,19.0400,19.0400,19.0400,19.0400,200,0
NEE-I.US,5,20131113,201500,19.0400,19.0600,19.0400,19.0600,800,0
NEE-I.US,5,20131113,202000,19.0600,19.0600,19.0200,19.0200,200,0
NEE-I.US,5,20131113,202500,19.0300,19.0300,19.0100,19.0200,600,0
NEE-I.US,5,20131113,203000,19.0400,19.0400,19.0000,19.0400,1500,0
NEE-I.US,5,20131113,203500,19.0300,19.0500,19.0200,19.0500,1300,0
NEE-I.US,5,20131113,204000,19.0500,19.0500,19.0400,19.0500,500,0
NEE-I.US,5,20131113,204500,19.0500,19.0500,19.0100,19.0100,2402,0
NEE-I.US,5,20131113,205000,19.0500,19.0500,19.0000,19.0000,853,0
NEE-I.US,5,20131113,205500,19.0400,19.0400,19.0400,19.0400,200,0
NEE-I.US,5,20131113,210000,19.0400,19.0400,19.0000,19.0400,1000,0
NEE-I.US,5,20131113,211000,19.0000,19.0000,19.0000,19.0000,100,0
NEE-I.US,5,20131113,211500,19.0000,19.0100,18.9900,19.0100,900,0
NEE-I.US,5,20131113,212000,18.9900,19.0100,18.9800,19.0100,3003,0
NEE-I.US,5,20131113,212500,18.9900,19.0100,18.9800,19.0100,1724,0
NEE-I.US,5,20131113,213000,19.0100,19.0100,19.0100,19.0100,100,0
NEE-I.US,5,20131113,213500,19.0000,19.0100,19.0000,19.0100,400,0
NEE-I.US,5,20131113,214500,19.0000,19.0100,18.9600,19.0000,5418,0
NEE-I.US,5,20131113,215000,19.0000,19.0100,19.0000,19.0100,1600,0
NEE-I.US,5,20131113,215500,18.9900,19.0100,18.9900,19.0100,1343,0
NEE-I.US,5,20131113,220000,18.9600,19.0300,18.9500,18.9500,900,0
NEE-I.US,5,20131113,220500,19.0600,19.0600,19.0600,19.0600,489,0
NEE-I.US,5,20131114,154500,19.0500,19.0500,18.9300,18.9400,300,0
NEE-I.US,5,20131114,155000,19.0500,19.0500,19.0500,19.0500,100,0
NEE-I.US,5,20131114,155500,18.9700,19.0300,18.9700,19.0300,600,0
NEE-I.US,5,20131114,160500,18.9700,19.0100,18.9500,19.0100,1070,0
NEE-I.US,5,20131114,161000,19.0000,19.0100,19.0000,19.0100,1050,0
NEE-I.US,5,20131114,161500,18.9800,19.0100,18.9800,19.0100,1250,0
NEE-I.US,5,20131114,162000,19.0000,19.0000,19.0000,19.0000,500,0
NEE-I.US,5,20131114,162500,19.0100,19.0300,19.0000,19.0000,850,0
NEE-I.US,5,20131114,163000,19.0100,19.0100,19.0100,19.0100,500,0
NEE-I.US,5,20131114,163500,19.0100,19.0100,19.0100,19.0100,200,0
NEE-I.US,5,20131114,170500,18.9700,19.0100,18.9700,19.0100,1500,0
NEE-I.US,5,20131114,171500,19.0100,19.0100,19.0100,19.0100,300,0
NEE-I.US,5,20131114,172000,19.0200,19.0200,18.9900,18.9900,550,0
NEE-I.US,5,20131114,172500,18.9800,19.0200,18.9800,19.0200,3500,0
NEE-I.US,5,20131114,173000,19.0200,19.0300,19.0000,19.0300,2300,0
NEE-I.US,5,20131114,173500,19.0400,19.0400,18.9800,18.9900,39703,0
NEE-I.US,5,20131114,174000,19.0300,19.0300,19.0300,19.0300,100,0
NEE-I.US,5,20131114,174500,19.0000,19.0000,19.0000,19.0000,100,0
NEE-I.US,5,20131114,175000,19.0200,19.0400,19.0000,19.0300,6103,0
NEE-I.US,5,20131114,175500,19.0300,19.0500,19.0300,19.0500,3372,0
NEE-I.US,5,20131114,180000,19.0500,19.0500,19.0500,19.0500,900,0
NEE-I.US,5,20131114,180500,19.0200,19.0400,19.0100,19.0400,2396,0
NEE-I.US,5,20131114,181000,19.0400,19.0400,19.0400,19.0400,200,0
NEE-I.US,5,20131114,181500,19.0200,19.0400,19.0200,19.0400,500,0
NEE-I.US,5,20131114,182000,19.0100,19.0300,19.0100,19.0300,2426,0
NEE-I.US,5,20131114,182500,19.0400,19.0400,19.0100,19.0100,300,0
NEE-I.US,5,20131114,183000,19.0300,19.0300,19.0200,19.0300,300,0
NEE-I.US,5,20131114,183500,19.0300,19.0400,19.0100,19.0400,402,0
NEE-I.US,5,20131114,184000,19.0300,19.0400,19.0300,19.0400,362,0
NEE-I.US,5,20131114,184500,19.0300,19.0300,19.0300,19.0300,250,0
NEE-I.US,5,20131114,185500,19.0400,19.0400,19.0400,19.0400,200,0
NEE-I.US,5,20131114,190500,19.0100,19.0100,18.9900,19.0000,1570,0
NEE-I.US,5,20131114,191000,19.0000,19.0000,18.9900,18.9900,300,0
NEE-I.US,5,20131114,191500,19.0000,19.0000,19.0000,19.0000,100,0
NEE-I.US,5,20131114,194000,18.9800,19.0000,18.9800,19.0000,400,0
NEE-I.US,5,20131114,194500,18.9800,18.9900,18.9800,18.9900,491,0
NEE-I.US,5,20131114,195000,18.9900,18.9900,18.9800,18.9900,1100,0
NEE-I.US,5,20131114,195500,18.9900,18.9900,18.9900,18.9900,200,0
NEE-I.US,5,20131114,200000,18.9700,18.9900,18.9700,18.9900,1700,0
NEE-I.US,5,20131114,200500,18.9900,18.9900,18.9900,18.9900,300,0
NEE-I.US,5,20131114,201500,18.9800,18.9900,18.9800,18.9900,1920,0
NEE-I.US,5,20131114,202000,18.9800,19.0000,18.9800,18.9900,2400,0
NEE-I.US,5,20131114,202500,18.9900,18.9900,18.9600,18.9600,2248,0
NEE-I.US,5,20131114,203000,19.0000,19.0000,18.9600,18.9900,2600,0
NEE-I.US,5,20131114,203500,18.9900,18.9900,18.9900,18.9900,200,0
NEE-I.US,5,20131114,204000,18.9900,18.9900,18.9600,18.9700,1405,0
NEE-I.US,5,20131114,205000,18.9900,18.9900,18.9600,18.9600,864,0
NEE-I.US,5,20131114,205500,18.9900,18.9900,18.9600,18.9900,4900,0
NEE-I.US,5,20131114,210000,18.9700,19.0000,18.9700,19.0000,3100,0
NEE-I.US,5,20131114,210500,19.0000,19.0000,18.9700,18.9700,1300,0
NEE-I.US,5,20131114,211500,18.9800,19.0000,18.9800,19.0000,1000,0
NEE-I.US,5,20131114,212000,19.0000,19.0000,18.9700,18.9800,4100,0
NEE-I.US,5,20131114,212500,19.0000,19.0000,18.9800,19.0000,1500,0
NEE-I.US,5,20131114,213000,19.0000,19.0000,18.9800,18.9800,1000,0
NEE-I.US,5,20131114,213500,18.9800,19.0000,18.9800,19.0000,650,0
NEE-I.US,5,20131114,214000,18.9800,19.0000,18.9800,19.0000,400,0
NEE-I.US,5,20131114,214500,18.9800,18.9900,18.9700,18.9800,500,0
NEE-I.US,5,20131114,215000,18.9700,18.9900,18.9700,18.9900,600,0
NEE-I.US,5,20131114,215500,18.9600,18.9600,18.9500,18.9500,1043,0
NEE-I.US,5,20131114,220000,18.9900,18.9900,18.9500,18.9900,2673,0
NEE-I.US,5,20131114,220500,19.0000,19.0000,19.0000,19.0000,300,0
NEE-I.US,5,20131115,153500,19.0000,19.0300,19.0000,19.0300,4100,0
NEE-I.US,5,20131115,154000,19.0300,19.0400,19.0300,19.0300,2885,0
NEE-I.US,5,20131115,154500,19.0300,19.0400,18.9800,19.0000,2800,0
NEE-I.US,5,20131115,155000,19.0000,19.0000,19.0000,19.0000,500,0
NEE-I.US,5,20131115,155500,18.9800,18.9800,18.9800,18.9800,211,0
NEE-I.US,5,20131115,160000,19.0000,19.0000,19.0000,19.0000,800,0
NEE-I.US,5,20131115,160500,19.0000,19.0100,19.0000,19.0100,400,0
NEE-I.US,5,20131115,163000,18.9800,18.9800,18.9800,18.9800,200,0
NEE-I.US,5,20131115,164000,18.9900,18.9900,18.9700,18.9900,1000,0
NEE-I.US,5,20131115,164500,18.9600,18.9900,18.9400,18.9900,1100,0
NEE-I.US,5,20131115,165000,18.9800,18.9800,18.9500,18.9500,300,0
NEE-I.US,5,20131115,165500,18.9600,18.9600,18.9600,18.9600,825,0
NEE-I.US,5,20131115,170000,18.9500,18.9600,18.9200,18.9600,1599,0
NEE-I.US,5,20131115,170500,18.9600,18.9600,18.9300,18.9600,2376,0
NEE-I.US,5,20131115,171000,18.9600,18.9600,18.9400,18.9600,900,0
NEE-I.US,5,20131115,171500,18.9500,19.0100,18.9500,18.9600,9602,0
NEE-I.US,5,20131115,172000,19.0100,19.0300,19.0100,19.0300,1100,0
NEE-I.US,5,20131115,172500,19.0300,19.0400,19.0200,19.0300,1400,0
NEE-I.US,5,20131115,173000,19.0100,19.0400,19.0100,19.0400,2200,0
NEE-I.US,5,20131115,173500,19.0400,19.0400,19.0200,19.0400,800,0
NEE-I.US,5,20131115,174000,19.0200,19.0400,19.0100,19.0400,4643,0
NEE-I.US,5,20131115,174500,19.0400,19.0700,19.0400,19.0700,11232,0
NEE-I.US,5,20131115,175000,19.0700,19.0700,19.0600,19.0600,2200,0
NEE-I.US,5,20131115,175500,19.0600,19.0700,19.0300,19.0700,2600,0
NEE-I.US,5,20131115,180000,19.0700,19.0700,19.0600,19.0600,1000,0
NEE-I.US,5,20131115,180500,19.0600,19.0600,19.0600,19.0600,300,0
NEE-I.US,5,20131115,181000,19.0600,19.0600,19.0600,19.0600,100,0
NEE-I.US,5,20131115,181500,19.0600,19.0600,19.0600,19.0600,100,0
NEE-I.US,5,20131115,182000,19.0600,19.0600,19.0600,19.0600,100,0
NEE-I.US,5,20131115,184000,19.0300,19.0600,19.0300,19.0500,700,0
NEE-I.US,5,20131115,185000,19.0300,19.0300,19.0300,19.0300,127,0
NEE-I.US,5,20131115,185500,19.0400,19.0400,19.0200,19.0400,700,0
NEE-I.US,5,20131115,190000,19.0200,19.0500,19.0100,19.0500,850,0
NEE-I.US,5,20131115,190500,19.0400,19.0400,19.0400,19.0400,200,0
NEE-I.US,5,20131115,191500,19.0100,19.0400,19.0100,19.0400,1200,0
NEE-I.US,5,20131115,192000,19.0100,19.0100,19.0100,19.0100,300,0
NEE-I.US,5,20131115,192500,19.0300,19.0300,19.0300,19.0300,100,0
NEE-I.US,5,20131115,193000,19.0300,19.0300,19.0300,19.0300,100,0
NEE-I.US,5,20131115,193500,19.0000,19.0100,19.0000,19.0000,600,0
NEE-I.US,5,20131115,194000,19.0100,19.0300,19.0100,19.0300,600,0
NEE-I.US,5,20131115,194500,19.0300,19.0300,19.0200,19.0200,700,0
NEE-I.US,5,20131115,195000,19.0300,19.0300,18.9900,18.9900,2982,0
NEE-I.US,5,20131115,200500,19.0100,19.0100,19.0100,19.0100,200,0
NEE-I.US,5,20131115,201000,19.0100,19.0300,19.0100,19.0300,700,0
NEE-I.US,5,20131115,201500,19.0300,19.0300,19.0300,19.0300,100,0
NEE-I.US,5,20131115,202000,19.0100,19.0100,18.9900,18.9900,500,0
NEE-I.US,5,20131115,202500,18.9800,18.9900,18.9700,18.9900,1100,0
NEE-I.US,5,20131115,203000,18.9900,18.9900,18.9900,18.9900,100,0
NEE-I.US,5,20131115,203500,18.9900,18.9900,18.9700,18.9900,2600,0
NEE-I.US,5,20131115,204000,18.9900,18.9900,18.9900,18.9900,100,0
NEE-I.US,5,20131115,204500,18.9900,18.9900,18.9900,18.9900,600,0
NEE-I.US,5,20131115,205000,18.9800,18.9800,18.9800,18.9800,1200,0
NEE-I.US,5,20131115,205500,18.9800,18.9800,18.9700,18.9700,800,0
NEE-I.US,5,20131115,210000,18.9600,18.9800,18.9600,18.9600,1417,0
NEE-I.US,5,20131115,210500,18.9800,18.9800,18.9800,18.9800,300,0
NEE-I.US,5,20131115,211000,18.9700,18.9700,18.9600,18.9600,1700,0
NEE-I.US,5,20131115,211500,18.9900,19.0500,18.9600,19.0000,1800,0
NEE-I.US,5,20131115,212000,18.9700,18.9700,18.9700,18.9700,1146,0
NEE-I.US,5,20131115,212500,18.9600,18.9600,18.9500,18.9500,1500,0
NEE-I.US,5,20131115,213000,18.9600,18.9600,18.9500,18.9500,1182,0
NEE-I.US,5,20131115,214000,18.9500,18.9600,18.9500,18.9600,500,0
NEE-I.US,5,20131115,215000,18.9300,18.9300,18.9200,18.9200,400,0
NEE-I.US,5,20131115,215500,18.9300,18.9700,18.9200,18.9700,2419,0
NEE-I.US,5,20131115,220000,18.9200,18.9200,18.9200,18.9200,1206,0
NEE-I.US,5,20131115,220500,18.9200,18.9200,18.9200,18.9200,211,0
NEE-I.US,5,20131118,154000,18.9100,18.9100,18.9100,18.9100,1000,0
NEE-I.US,5,20131118,154500,18.9400,18.9400,18.9400,18.9400,700,0
NEE-I.US,5,20131118,155000,18.9800,19.0000,18.9800,18.9900,1407,0
NEE-I.US,5,20131118,162500,18.9800,18.9800,18.9800,18.9800,400,0
NEE-I.US,5,20131118,163000,18.9700,18.9700,18.9700,18.9700,500,0
NEE-I.US,5,20131118,164000,18.9400,18.9500,18.9400,18.9500,200,0
NEE-I.US,5,20131118,165000,18.9900,18.9900,18.9300,18.9500,1946,0
NEE-I.US,5,20131118,170000,18.9900,18.9900,18.9900,18.9900,300,0
NEE-I.US,5,20131118,170500,18.9900,18.9900,18.9900,18.9900,401,0
NEE-I.US,5,20131118,171000,18.9400,18.9400,18.9400,18.9400,600,0
NEE-I.US,5,20131118,172000,18.9400,18.9400,18.9400,18.9400,100,0
NEE-I.US,5,20131118,172500,18.9800,18.9800,18.9100,18.9100,2491,0
NEE-I.US,5,20131118,173000,18.9400,18.9400,18.9400,18.9400,774,0
NEE-I.US,5,20131118,173500,18.9400,18.9400,18.9400,18.9400,1000,0
NEE-I.US,5,20131118,174500,18.9300,18.9500,18.9300,18.9400,550,0
NEE-I.US,5,20131118,175500,18.9300,18.9500,18.9300,18.9500,465,0
NEE-I.US,5,20131118,180000,18.9500,18.9500,18.9500,18.9500,780,0
NEE-I.US,5,20131118,180500,18.9100,18.9100,18.8600,18.8800,3991,0
NEE-I.US,5,20131118,181500,18.8800,18.9000,18.8700,18.9000,1300,0
NEE-I.US,5,20131118,182000,18.8900,18.8900,18.8900,18.8900,1000,0
NEE-I.US,5,20131118,182500,18.8900,18.8900,18.8600,18.8700,700,0
NEE-I.US,5,20131118,183500,18.8700,18.8700,18.8700,18.8700,250,0
NEE-I.US,5,20131118,184500,18.9000,18.9000,18.9000,18.9000,560,0
NEE-I.US,5,20131118,185000,18.8700,18.8800,18.8300,18.8800,3400,0
NEE-I.US,5,20131118,185500,18.8900,18.9000,18.8900,18.9000,283,0
NEE-I.US,5,20131118,190000,18.8800,18.9000,18.8800,18.9000,1200,0
NEE-I.US,5,20131118,191500,18.8900,18.8900,18.8900,18.8900,100,0
NEE-I.US,5,20131118,193500,18.8600,18.8600,18.8500,18.8500,835,0
NEE-I.US,5,20131118,194000,18.8700,18.8700,18.8500,18.8500,200,0
NEE-I.US,5,20131118,194500,18.8500,18.8500,18.8500,18.8500,200,0
NEE-I.US,5,20131118,195000,18.8500,18.8500,18.8500,18.8500,200,0
NEE-I.US,5,20131118,195500,18.8500,18.8700,18.8500,18.8700,2817,0
NEE-I.US,5,20131118,200000,18.8600,18.8700,18.8400,18.8500,1900,0
NEE-I.US,5,20131118,200500,18.8500,18.8500,18.8200,18.8200,1500,0
NEE-I.US,5,20131118,201000,18.8200,18.8700,18.8200,18.8200,2700,0
NEE-I.US,5,20131118,201500,18.8300,18.8500,18.8200,18.8200,2700,0
NEE-I.US,5,20131118,202000,18.8200,18.8400,18.8100,18.8200,2900,0
NEE-I.US,5,20131118,202500,18.8100,18.8300,18.8000,18.8000,3923,0
NEE-I.US,5,20131118,203000,18.8000,18.8100,18.7800,18.7800,2788,0
NEE-I.US,5,20131118,203500,18.7800,18.7900,18.7800,18.7800,300,0
NEE-I.US,5,20131118,204000,18.8200,18.8200,18.7800,18.7800,2288,0
NEE-I.US,5,20131118,204500,18.7900,18.8200,18.7700,18.7900,1500,0
NEE-I.US,5,20131118,205000,18.7800,18.8300,18.7700,18.8300,3455,0
NEE-I.US,5,20131118,205500,18.8200,18.8200,18.7900,18.8000,900,0
NEE-I.US,5,20131118,210000,18.8300,18.8300,18.7500,18.7500,3381,0
NEE-I.US,5,20131118,210500,18.7600,18.8000,18.7500,18.7500,430,0
NEE-I.US,5,20131118,211000,18.8000,18.8000,18.7500,18.7900,832,0
NEE-I.US,5,20131118,211500,18.7600,18.7800,18.7600,18.7800,1802,0
NEE-I.US,5,20131118,212000,18.8000,18.8000,18.7800,18.7800,1820,0
NEE-I.US,5,20131118,212500,18.8000,18.8000,18.7900,18.7900,400,0
NEE-I.US,5,20131118,213000,18.7800,18.8000,18.7500,18.7900,1980,0
NEE-I.US,5,20131118,213500,18.7500,18.7500,18.7300,18.7300,617,0
NEE-I.US,5,20131118,214000,18.7300,18.7400,18.7300,18.7400,200,0
NEE-I.US,5,20131118,214500,18.7400,18.7500,18.7300,18.7500,1000,0
NEE-I.US,5,20131118,215000,18.8100,18.8600,18.8000,18.8600,2838,0
NEE-I.US,5,20131118,215500,18.8000,18.8000,18.8000,18.8000,100,0
NEE-I.US,5,20131118,220000,18.8000,18.8600,18.7600,18.7600,1820,0
NEE-I.US,5,20131118,220500,18.8500,18.8500,18.8500,18.8500,300,0
NEE-I.US,5,20131119,153500,18.8300,18.8300,18.8300,18.8300,400,0
NEE-I.US,5,20131119,154000,18.7800,18.7800,18.7700,18.7700,800,0
NEE-I.US,5,20131119,154500,18.8400,18.8400,18.8400,18.8400,400,0
NEE-I.US,5,20131119,155000,18.8000,18.8000,18.8000,18.8000,1648,0
NEE-I.US,5,20131119,155500,18.8400,18.8400,18.8400,18.8400,596,0
NEE-I.US,5,20131119,160000,18.8700,18.8700,18.8700,18.8700,100,0
NEE-I.US,5,20131119,160500,18.8700,18.8700,18.8700,18.8700,100,0
NEE-I.US,5,20131119,162500,18.8800,18.8800,18.8500,18.8500,300,0
NEE-I.US,5,20131119,163000,18.8500,18.9500,18.8500,18.9500,3697,0
NEE-I.US,5,20131119,164000,18.8900,18.9000,18.8500,18.8500,2086,0
NEE-I.US,5,20131119,165000,18.8700,18.8700,18.8600,18.8600,300,0
NEE-I.US,5,20131119,165500,18.8600,18.8700,18.8600,18.8700,400,0
NEE-I.US,5,20131119,170500,18.8600,18.8600,18.8600,18.8600,600,0
NEE-I.US,5,20131119,172000,18.8700,18.9300,18.8500,18.9300,782,0
NEE-I.US,5,20131119,172500,18.8500,18.8500,18.8500,18.8500,1200,0
NEE-I.US,5,20131119,173500,18.8300,18.8500,18.8300,18.8500,1600,0
NEE-I.US,5,20131119,174500,18.9000,18.9000,18.8700,18.8700,592,0
NEE-I.US,5,20131119,175500,18.8500,18.8500,18.8500,18.8500,600,0
NEE-I.US,5,20131119,180000,18.8800,18.8800,18.8800,18.8800,903,0
NEE-I.US,5,20131119,181500,18.8800,18.9000,18.8800,18.9000,600,0
NEE-I.US,5,20131119,183000,18.8500,18.9000,18.8500,18.9000,2200,0
NEE-I.US,5,20131119,185500,18.9000,18.9000,18.9000,18.9000,1000,0
NEE-I.US,5,20131119,190500,18.8900,18.8900,18.8900,18.8900,1000,0
NEE-I.US,5,20131119,193500,18.8900,18.8900,18.8500,18.8500,2100,0
NEE-I.US,5,20131119,194000,18.8100,18.8800,18.8100,18.8500,41000,0
NEE-I.US,5,20131119,195000,18.8100,18.8100,18.8100,18.8100,800,0
NEE-I.US,5,20131119,195500,18.8100,18.8100,18.8100,18.8100,400,0
NEE-I.US,5,20131119,200000,18.8100,18.8100,18.7900,18.7900,1700,0
NEE-I.US,5,20131119,200500,18.7900,18.7900,18.7600,18.7800,5329,0
NEE-I.US,5,20131119,201000,18.7800,18.7800,18.7700,18.7800,1222,0
NEE-I.US,5,20131119,201500,18.7700,18.7700,18.7700,18.7700,600,0
NEE-I.US,5,20131119,202000,18.7800,18.7900,18.7700,18.7700,943,0
NEE-I.US,5,20131119,203000,18.7800,18.7800,18.7700,18.7700,405,0
NEE-I.US,5,20131119,203500,18.7700,18.7900,18.7600,18.7900,1137,0
NEE-I.US,5,20131119,204000,18.7900,18.8000,18.7900,18.8000,1163,0
NEE-I.US,5,20131119,205000,18.8100,18.8100,18.8100,18.8100,520,0
NEE-I.US,5,20131119,210000,18.7900,18.7900,18.7900,18.7900,155,0
NEE-I.US,5,20131119,211000,18.7800,18.7900,18.7700,18.7900,5296,0
NEE-I.US,5,20131119,211500,18.7700,18.7700,18.7600,18.7700,2835,0
NEE-I.US,5,20131119,212000,18.7900,18.7900,18.7900,18.7900,1235,0
NEE-I.US,5,20131119,212500,18.7700,18.7700,18.7700,18.7700,600,0
NEE-I.US,5,20131119,214000,18.7700,18.7700,18.7700,18.7700,1149,0
NEE-I.US,5,20131119,214500,18.7700,18.7700,18.7600,18.7600,2204,0
NEE-I.US,5,20131119,215000,18.7700,18.7700,18.7700,18.7700,300,0
NEE-I.US,5,20131119,215500,18.7600,18.7600,18.7600,18.7600,128,0
NEE-I.US,5,20131119,220000,18.7700,18.7700,18.7700,18.7700,200,0
NEE-I.US,5,20131119,220500,18.8100,18.8100,18.8100,18.8100,343,0
NEE-I.US,5,20131120,153500,18.7700,18.7900,18.7600,18.7600,3967,0
NEE-I.US,5,20131120,154500,18.7700,18.7700,18.7600,18.7600,1600,0
NEE-I.US,5,20131120,155500,18.7600,18.7600,18.7500,18.7500,1000,0
NEE-I.US,5,20131120,161000,18.7600,18.7700,18.7600,18.7700,210,0
NEE-I.US,5,20131120,161500,18.7500,18.7500,18.7500,18.7500,2700,0
NEE-I.US,5,20131120,162000,18.7500,18.7500,18.7200,18.7200,2500,0
NEE-I.US,5,20131120,163000,18.7300,18.7400,18.7300,18.7400,2101,0
NEE-I.US,5,20131120,164500,18.7300,18.7300,18.7200,18.7200,2300,0
NEE-I.US,5,20131120,165000,18.7000,18.7100,18.7000,18.7100,475,0
NEE-I.US,5,20131120,165500,18.7000,18.7100,18.7000,18.7100,2200,0
NEE-I.US,5,20131120,170000,18.7100,18.7100,18.7100,18.7100,100,0
NEE-I.US,5,20131120,170500,18.7200,18.7400,18.7000,18.7200,1016,0
NEE-I.US,5,20131120,171000,18.7200,18.7200,18.7000,18.7000,1100,0
NEE-I.US,5,20131120,171500,18.7200,18.7400,18.7000,18.7000,3200,0
NEE-I.US,5,20131120,172000,18.7300,18.7300,18.7000,18.7200,4200,0
NEE-I.US,5,20131120,173000,18.7100,18.7400,18.7000,18.7400,1319,0
NEE-I.US,5,20131120,173500,18.7400,18.7400,18.7400,18.7400,1079,0
NEE-I.US,5,20131120,174000,18.7400,18.7400,18.7400,18.7400,750,0
NEE-I.US,5,20131120,174500,18.7000,18.7100,18.7000,18.7100,400,0
NEE-I.US,5,20131120,175500,18.7100,18.7100,18.7100,18.7100,400,0
NEE-I.US,5,20131120,180000,18.7400,18.7400,18.7400,18.7400,4000,0
NEE-I.US,5,20131120,180500,18.7200,18.7200,18.7200,18.7200,200,0
NEE-I.US,5,20131120,181500,18.7300,18.7400,18.7200,18.7200,2185,0
NEE-I.US,5,20131120,182000,18.7300,18.7300,18.7300,18.7300,111,0
NEE-I.US,5,20131120,182500,18.7200,18.7200,18.7200,18.7200,100,0
NEE-I.US,5,20131120,183000,18.7300,18.7300,18.7300,18.7300,127,0
NEE-I.US,5,20131120,183500,18.7100,18.7100,18.7100,18.7100,206,0
NEE-I.US,5,20131120,184000,18.7300,18.7300,18.7300,18.7300,116,0
NEE-I.US,5,20131120,184500,18.7100,18.7300,18.7100,18.7300,2100,0
NEE-I.US,5,20131120,185000,18.7200,18.7200,18.7100,18.7200,1625,0
NEE-I.US,5,20131120,191000,18.7100,18.7100,18.7100,18.7100,100,0
NEE-I.US,5,20131120,192500,18.7100,18.7100,18.7100,18.7100,1900,0
NEE-I.US,5,20131120,193500,18.7300,18.7400,18.7200,18.7200,1437,0
NEE-I.US,5,20131120,194000,18.7400,18.7500,18.7400,18.7500,1600,0
NEE-I.US,5,20131120,195000,18.7500,18.7500,18.7500,18.7500,300,0
NEE-I.US,5,20131120,195500,18.7400,18.7500,18.7400,18.7500,2600,0
NEE-I.US,5,20131120,200500,18.7500,18.7500,18.7500,18.7500,2462,0
NEE-I.US,5,20131120,201500,18.7300,18.7300,18.7300,18.7300,100,0
NEE-I.US,5,20131120,202000,18.7300,18.7500,18.7300,18.7400,1519,0
NEE-I.US,5,20131120,203000,18.7300,18.7300,18.7300,18.7300,1200,0
NEE-I.US,5,20131120,203500,18.7500,18.7500,18.7300,18.7300,1525,0
NEE-I.US,5,20131120,204000,18.7200,18.7200,18.7200,18.7200,200,0
NEE-I.US,5,20131120,204500,18.7400,18.7400,18.7400,18.7400,200,0
NEE-I.US,5,20131120,205000,18.7300,18.7300,18.7300,18.7300,300,0
NEE-I.US,5,20131120,205500,18.7200,18.7200,18.7200,18.7200,500,0
NEE-I.US,5,20131120,210000,18.7300,18.7300,18.7100,18.7100,31873,0
NEE-I.US,5,20131120,210500,18.7100,18.7200,18.6400,18.6400,8111,0
NEE-I.US,5,20131120,211000,18.6400,18.6900,18.6100,18.6100,7627,0
NEE-I.US,5,20131120,211500,18.6100,18.7000,18.6100,18.6900,1718,0
NEE-I.US,5,20131120,212000,18.6600,18.6800,18.6000,18.6400,3526,0
NEE-I.US,5,20131120,212500,18.6400,18.6500,18.6000,18.6500,2625,0
NEE-I.US,5,20131120,213000,18.6500,18.6500,18.6500,18.6500,1050,0
NEE-I.US,5,20131120,213500,18.6500,18.6500,18.6100,18.6100,2681,0
NEE-I.US,5,20131120,214000,18.6200,18.6200,18.5900,18.5900,1800,0
NEE-I.US,5,20131120,214500,18.5900,18.5900,18.5800,18.5800,200,0
NEE-I.US,5,20131120,215000,18.6200,18.6200,18.5800,18.6200,1630,0
NEE-I.US,5,20131120,215500,18.6200,18.6500,18.6200,18.6500,5889,0
NEE-I.US,5,20131120,220000,18.6500,18.6500,18.6500,18.6500,900,0
NEE-I.US,5,20131120,220500,18.6500,18.6500,18.6500,18.6500,361,0
NEE-I.US,5,20131121,154000,18.5700,18.5700,18.5700,18.5700,1300,0
NEE-I.US,5,20131121,154500,18.5700,18.5700,18.5700,18.5700,200,0
NEE-I.US,5,20131121,155000,18.6200,18.6200,18.5200,18.5300,1630,0
NEE-I.US,5,20131121,155500,18.5900,18.5900,18.4500,18.5600,2286,0
NEE-I.US,5,20131121,160000,18.5600,18.6100,18.5600,18.6100,800,0
NEE-I.US,5,20131121,161500,18.5400,18.5400,18.5400,18.5400,100,0
NEE-I.US,5,20131121,162000,18.5500,18.5500,18.3800,18.4800,8347,0
NEE-I.US,5,20131121,162500,18.4800,18.4800,18.4800,18.4800,100,0
NEE-I.US,5,20131121,163000,18.4800,18.4800,18.4200,18.4300,3900,0
NEE-I.US,5,20131121,163500,18.4700,18.5200,18.4400,18.5100,2306,0
NEE-I.US,5,20131121,165000,18.5000,18.5000,18.5000,18.5000,300,0
NEE-I.US,5,20131121,165500,18.4700,18.5000,18.4500,18.5000,1160,0
NEE-I.US,5,20131121,170000,18.5000,18.5000,18.5000,18.5000,2000,0
NEE-I.US,5,20131121,170500,18.4900,18.5400,18.4700,18.5400,4321,0
NEE-I.US,5,20131121,171000,18.5500,18.5800,18.5500,18.5500,7008,0
NEE-I.US,5,20131121,171500,18.5600,18.5600,18.5600,18.5600,4520,0
NEE-I.US,5,20131121,172000,18.5300,18.5300,18.5300,18.5300,300,0
NEE-I.US,5,20131121,172500,18.4900,18.4900,18.4800,18.4900,974,0
NEE-I.US,5,20131121,173000,18.5000,18.5000,18.5000,18.5000,104,0
NEE-I.US,5,20131121,174500,18.5300,18.5500,18.5000,18.5500,1433,0
NEE-I.US,5,20131121,175000,18.5000,18.5000,18.4900,18.4900,2043,0
NEE-I.US,5,20131121,180000,18.5300,18.5300,18.5300,18.5300,250,0
NEE-I.US,5,20131121,180500,18.5500,18.5500,18.5500,18.5500,700,0
NEE-I.US,5,20131121,181000,18.5500,18.5500,18.4900,18.4900,3750,0
NEE-I.US,5,20131121,181500,18.4800,18.5400,18.4800,18.5400,676,0
NEE-I.US,5,20131121,182000,18.5400,18.5400,18.5300,18.5400,1035,0
NEE-I.US,5,20131121,182500,18.5400,18.5900,18.5400,18.5900,3200,0
NEE-I.US,5,20131121,183000,18.5300,18.5300,18.5300,18.5300,600,0
NEE-I.US,5,20131121,183500,18.6000,18.6200,18.6000,18.6200,1000,0
NEE-I.US,5,20131121,184000,18.6200,18.6200,18.6200,18.6200,3774,0
NEE-I.US,5,20131121,190000,18.6100,18.6200,18.6100,18.6200,1000,0
NEE-I.US,5,20131121,190500,18.6200,18.6300,18.6200,18.6300,1500,0
NEE-I.US,5,20131121,191000,18.6300,18.6300,18.6300,18.6300,1200,0
NEE-I.US,5,20131121,191500,18.6400,18.6400,18.6300,18.6300,1243,0
NEE-I.US,5,20131121,192000,18.6400,18.6500,18.6300,18.6300,3131,0
NEE-I.US,5,20131121,192500,18.6400,18.6400,18.6300,18.6300,2184,0
NEE-I.US,5,20131121,193000,18.6700,18.6700,18.6400,18.6400,500,0
NEE-I.US,5,20131121,193500,18.6700,18.6700,18.6500,18.6600,903,0
NEE-I.US,5,20131121,194500,18.6700,18.6700,18.6400,18.6600,852,0
NEE-I.US,5,20131121,195000,18.6700,18.6700,18.6700,18.6700,100,0
NEE-I.US,5,20131121,195500,18.6400,18.6800,18.6400,18.6800,2500,0
NEE-I.US,5,20131121,200500,18.6600,18.7200,18.6400,18.7200,5801,0
NEE-I.US,5,20131121,201000,18.6600,18.7000,18.6500,18.7000,1100,0
NEE-I.US,5,20131121,201500,18.6000,18.6000,18.6000,18.6000,200,0
NEE-I.US,5,20131121,202000,18.6900,18.7000,18.6900,18.6900,3940,0
NEE-I.US,5,20131121,202500,18.5900,18.6700,18.5800,18.5800,1800,0
NEE-I.US,5,20131121,203000,18.6500,18.6900,18.6500,18.6900,1000,0
NEE-I.US,5,20131121,203500,18.6500,18.6500,18.6500,18.6500,2100,0
NEE-I.US,5,20131121,204000,18.6500,18.6500,18.6500,18.6500,1300,0
NEE-I.US,5,20131121,204500,18.6900,18.6900,18.6400,18.6400,550,0
NEE-I.US,5,20131121,205000,18.6400,18.6700,18.6400,18.6700,3650,0
NEE-I.US,5,20131121,205500,18.6000,18.6000,18.6000,18.6000,500,0
NEE-I.US,5,20131121,210000,18.6700,18.6800,18.6700,18.6800,500,0
NEE-I.US,5,20131121,210500,18.6300,18.6300,18.6300,18.6300,1000,0
NEE-I.US,5,20131121,211000,18.6200,18.6800,18.6000,18.6800,4258,0
NEE-I.US,5,20131121,211500,18.6700,18.6700,18.6700,18.6700,1000,0
NEE-I.US,5,20131121,212000,18.6200,18.6800,18.6200,18.6800,1163,0
NEE-I.US,5,20131121,212500,18.6800,18.6900,18.6800,18.6800,2300,0
NEE-I.US,5,20131121,213500,18.6900,18.6900,18.6900,18.6900,375,0
NEE-I.US,5,20131121,215000,18.6200,18.6800,18.6200,18.6800,495,0
NEE-I.US,5,20131121,215500,18.6300,18.6800,18.6300,18.6800,400,0
NEE-I.US,5,20131121,220000,18.6300,18.6900,18.6000,18.6900,1300,0
NEE-I.US,5,20131121,220500,18.6900,18.6900,18.6900,18.6900,212,0
NEE-I.US,5,20131122,153500,18.6900,18.6900,18.6900,18.6900,1200,0
NEE-I.US,5,20131122,154000,18.6900,18.7400,18.6500,18.7200,6100,0
NEE-I.US,5,20131122,154500,18.7400,18.8200,18.7100,18.7700,2715,0
NEE-I.US,5,20131122,155000,18.8000,18.8300,18.7700,18.7700,1052,0
NEE-I.US,5,20131122,155500,18.8200,18.8200,18.7700,18.8200,1300,0
NEE-I.US,5,20131122,160000,18.8100,18.8100,18.7600,18.8000,1963,0
NEE-I.US,5,20131122,160500,18.7600,18.8200,18.7600,18.8200,2205,0
NEE-I.US,5,20131122,161000,18.8000,18.8000,18.8000,18.8000,1057,0
NEE-I.US,5,20131122,161500,18.8000,18.8000,18.8000,18.8000,880,0
NEE-I.US,5,20131122,162000,18.8000,18.8200,18.8000,18.8200,2750,0
NEE-I.US,5,20131122,163000,18.8000,18.8000,18.8000,18.8000,305,0
NEE-I.US,5,20131122,163500,18.8400,18.8400,18.8300,18.8300,700,0
NEE-I.US,5,20131122,164500,18.8000,18.8100,18.8000,18.8100,300,0
NEE-I.US,5,20131122,170000,18.8000,18.8000,18.8000,18.8000,500,0
NEE-I.US,5,20131122,170500,18.8400,18.8800,18.8000,18.8000,4176,0
NEE-I.US,5,20131122,171000,18.8000,18.8100,18.8000,18.8100,400,0
NEE-I.US,5,20131122,171500,18.8000,18.8000,18.8000,18.8000,2000,0
NEE-I.US,5,20131122,172500,18.8000,18.8100,18.8000,18.8100,1111,0
NEE-I.US,5,20131122,173000,18.8100,18.8100,18.8000,18.8000,3500,0
NEE-I.US,5,20131122,173500,18.8300,18.8400,18.8300,18.8300,700,0
NEE-I.US,5,20131122,174000,18.7800,18.7800,18.7800,18.7800,111,0
NEE-I.US,5,20131122,174500,18.8400,18.8400,18.8400,18.8400,655,0
NEE-I.US,5,20131122,175500,18.8200,18.8200,18.8200,18.8200,104,0
NEE-I.US,5,20131122,180000,18.8400,18.8400,18.8400,18.8400,104,0
NEE-I.US,5,20131122,182000,18.7800,18.8000,18.7800,18.8000,1800,0
NEE-I.US,5,20131122,183500,18.7900,18.7900,18.7700,18.7700,2725,0
NEE-I.US,5,20131122,184000,18.7700,18.7700,18.7700,18.7700,131,0
NEE-I.US,5,20131122,184500,18.8000,18.8000,18.8000,18.8000,900,0
NEE-I.US,5,20131122,185000,18.8000,18.8000,18.8000,18.8000,100,0
NEE-I.US,5,20131122,185500,18.8000,18.8100,18.8000,18.8100,3100,0
NEE-I.US,5,20131122,190500,18.7800,18.8100,18.7800,18.8100,2700,0
NEE-I.US,5,20131122,191000,18.7900,18.7900,18.7900,18.7900,100,0
NEE-I.US,5,20131122,191500,18.8100,18.8100,18.7900,18.7900,400,0
NEE-I.US,5,20131122,192500,18.8000,18.8000,18.8000,18.8000,200,0
NEE-I.US,5,20131122,193000,18.8100,18.8100,18.8100,18.8100,500,0
NEE-I.US,5,20131122,193500,18.8400,18.8400,18.8000,18.8200,1160,0
NEE-I.US,5,20131122,194000,18.8400,18.8700,18.8400,18.8700,1825,0
NEE-I.US,5,20131122,194500,18.8700,18.9000,18.8600,18.9000,1343,0
NEE-I.US,5,20131122,195000,18.8700,18.8700,18.8700,18.8700,1800,0
NEE-I.US,5,20131122,195500,18.8700,18.8700,18.8700,18.8700,100,0
NEE-I.US,5,20131122,202000,18.9000,18.9300,18.9000,18.9300,1897,0
NEE-I.US,5,20131122,202500,18.9300,18.9300,18.9300,18.9300,1162,0
NEE-I.US,5,20131122,203000,18.9300,18.9300,18.9300,18.9300,260,0
NEE-I.US,5,20131122,203500,18.9200,18.9300,18.9000,18.9300,1990,0
NEE-I.US,5,20131122,204000,18.9000,19.0000,18.8800,19.0000,3153,0
NEE-I.US,5,20131122,204500,18.8800,18.8800,18.8800,18.8800,600,0
NEE-I.US,5,20131122,205000,19.0000,19.0000,19.0000,19.0000,100,0
NEE-I.US,5,20131122,210000,18.9000,18.9600,18.8800,18.9600,2309,0
NEE-I.US,5,20131122,210500,18.9000,18.9600,18.9000,18.9300,1341,0
NEE-I.US,5,20131122,211000,18.8900,18.8900,18.8800,18.8800,500,0
NEE-I.US,5,20131122,211500,18.9100,18.9100,18.8900,18.8900,2350,0
NEE-I.US,5,20131122,212000,18.9300,18.9700,18.8900,18.8900,3075,0
NEE-I.US,5,20131122,212500,18.9100,18.9200,18.9100,18.9200,425,0
NEE-I.US,5,20131122,213000,18.9200,18.9700,18.9200,18.9600,2126,0
NEE-I.US,5,20131122,213500,18.9100,18.9700,18.9100,18.9500,3200,0
NEE-I.US,5,20131122,214000,18.9500,18.9500,18.9300,18.9500,800,0
NEE-I.US,5,20131122,214500,18.9300,18.9500,18.9300,18.9300,700,0
NEE-I.US,5,20131122,215000,19.0000,19.0400,19.0000,19.0400,1457,0
NEE-I.US,5,20131122,215500,19.0500,19.0500,19.0300,19.0500,1200,0
NEE-I.US,5,20131122,220000,19.0300,19.0500,19.0200,19.0200,3257,0
NEE-I.US,5,20131122,221000,18.9300,18.9300,18.9300,18.9300,5650,0
NEE-I.US,5,20131125,154000,19.0000,19.0000,18.9800,18.9800,1900,0
NEE-I.US,5,20131125,155000,18.9900,19.0400,18.9800,19.0400,1898,0
NEE-I.US,5,20131125,155500,19.0300,19.0400,19.0300,19.0400,2200,0
NEE-I.US,5,20131125,160000,19.0000,19.0300,19.0000,19.0300,410,0
NEE-I.US,5,20131125,161500,18.9700,18.9700,18.9100,18.9100,1406,0
NEE-I.US,5,20131125,162000,18.9300,18.9300,18.9200,18.9200,852,0
NEE-I.US,5,20131125,162500,18.9200,18.9200,18.9000,18.9000,600,0
NEE-I.US,5,20131125,163000,18.9000,18.9000,18.8500,18.8500,1500,0
NEE-I.US,5,20131125,164000,18.8500,18.9000,18.8500,18.9000,300,0
NEE-I.US,5,20131125,164500,18.8900,18.9400,18.8900,18.9400,2820,0
NEE-I.US,5,20131125,165000,18.9200,18.9200,18.9200,18.9200,200,0
NEE-I.US,5,20131125,165500,18.9300,18.9700,18.9300,18.9700,650,0
NEE-I.US,5,20131125,170500,18.9600,18.9600,18.9600,18.9600,255,0
NEE-I.US,5,20131125,171000,18.9700,19.0000,18.9300,19.0000,1700,0
NEE-I.US,5,20131125,171500,18.9300,18.9500,18.9300,18.9500,250,0
NEE-I.US,5,20131125,172500,18.9300,18.9300,18.9300,18.9300,785,0
NEE-I.US,5,20131125,174000,18.9700,18.9800,18.9700,18.9800,400,0
NEE-I.US,5,20131125,174500,18.9900,18.9900,18.9900,18.9900,400,0
NEE-I.US,5,20131125,175000,18.9800,18.9800,18.9800,18.9800,100,0
NEE-I.US,5,20131125,175500,18.9600,18.9600,18.9600,18.9600,400,0
NEE-I.US,5,20131125,180500,18.9900,19.0000,18.9600,18.9900,2210,0
NEE-I.US,5,20131125,191000,18.9500,18.9500,18.9500,18.9500,100,0
NEE-I.US,5,20131125,192000,18.9900,18.9900,18.9900,18.9900,1000,0
NEE-I.US,5,20131125,193000,18.9600,18.9600,18.9600,18.9600,687,0
NEE-I.US,5,20131125,194500,18.9500,19.0000,18.9500,19.0000,1602,0
NEE-I.US,5,20131125,195000,18.9900,18.9900,18.9900,18.9900,200,0
NEE-I.US,5,20131125,200000,18.9900,19.0200,18.9900,19.0200,900,0
NEE-I.US,5,20131125,200500,19.0300,19.0400,18.9500,19.0400,4250,0
NEE-I.US,5,20131125,201500,19.0400,19.0400,19.0400,19.0400,325,0
NEE-I.US,5,20131125,202000,19.0200,19.0200,19.0100,19.0100,700,0
NEE-I.US,5,20131125,202500,19.0100,19.0100,18.8500,18.8500,7897,0
NEE-I.US,5,20131125,203000,18.9700,18.9700,18.9700,18.9700,300,0
NEE-I.US,5,20131125,203500,18.9800,18.9800,18.9800,18.9800,520,0
NEE-I.US,5,20131125,204000,18.9800,19.0200,18.9500,18.9500,3935,0
NEE-I.US,5,20131125,204500,18.9500,19.0000,18.9500,18.9900,1475,0
NEE-I.US,5,20131125,205500,18.9700,18.9700,18.9000,18.9000,2219,0
NEE-I.US,5,20131125,210000,18.9500,18.9700,18.9300,18.9300,800,0
NEE-I.US,5,20131125,210500,18.9300,18.9300,18.9300,18.9300,100,0
NEE-I.US,5,20131125,211000,18.9400,18.9500,18.9400,18.9500,262,0
NEE-I.US,5,20131125,212500,18.9300,18.9300,18.9300,18.9300,900,0
NEE-I.US,5,20131125,213000,18.9400,18.9400,18.9400,18.9400,200,0
NEE-I.US,5,20131125,214000,18.9400,18.9400,18.9400,18.9400,223,0
NEE-I.US,5,20131125,214500,18.9600,18.9700,18.9600,18.9700,600,0
NEE-I.US,5,20131125,215000,18.9500,18.9600,18.9300,18.9600,1432,0
NEE-I.US,5,20131125,215500,18.9300,18.9600,18.9300,18.9600,903,0
NEE-I.US,5,20131125,220000,18.9300,18.9300,18.9300,18.9300,400,0
NEE-I.US,5,20131126,153500,18.9600,18.9600,18.9600,18.9600,200,0
NEE-I.US,5,20131126,154000,18.9800,18.9800,18.9500,18.9500,1095,0
NEE-I.US,5,20131126,155000,18.9500,18.9500,18.9500,18.9500,200,0
NEE-I.US,5,20131126,160000,18.9800,18.9800,18.9800,18.9800,400,0
NEE-I.US,5,20131126,160500,19.0000,19.0100,19.0000,19.0100,600,0
NEE-I.US,5,20131126,161000,19.0200,19.0200,18.9900,18.9900,1206,0
NEE-I.US,5,20131126,161500,19.0200,19.0200,19.0000,19.0000,300,0
NEE-I.US,5,20131126,164000,19.0000,19.0000,18.9500,18.9500,6000,0
NEE-I.US,5,20131126,164500,19.0000,19.0200,19.0000,19.0200,1454,0
NEE-I.US,5,20131126,165500,19.0000,19.0000,19.0000,19.0000,2000,0
NEE-I.US,5,20131126,171000,19.0300,19.0400,19.0300,19.0400,200,0
NEE-I.US,5,20131126,173500,19.0400,19.0400,19.0100,19.0100,2600,0
NEE-I.US,5,20131126,174000,19.0200,19.0200,19.0200,19.0200,400,0
NEE-I.US,5,20131126,175500,19.0500,19.0500,19.0000,19.0000,4900,0
NEE-I.US,5,20131126,180000,19.0100,19.0100,19.0100,19.0100,100,0
NEE-I.US,5,20131126,180500,19.0000,19.0300,19.0000,19.0300,1400,0
NEE-I.US,5,20131126,181000,19.0000,19.0000,19.0000,19.0000,200,0
NEE-I.US,5,20131126,182500,18.9600,18.9700,18.9600,18.9700,4184,0
NEE-I.US,5,20131126,183000,18.9600,18.9600,18.9600,18.9600,925,0
NEE-I.US,5,20131126,184000,18.9600,18.9600,18.9600,18.9600,1500,0
NEE-I.US,5,20131126,185000,18.9600,18.9600,18.9600,18.9600,100,0
NEE-I.US,5,20131126,185500,18.9900,18.9900,18.9900,18.9900,1000,0
NEE-I.US,5,20131126,190000,19.0000,19.0000,18.9600,18.9600,719,0
NEE-I.US,5,20131126,191500,18.9700,18.9700,18.9600,18.9600,500,0
NEE-I.US,5,20131126,192500,18.9600,19.0000,18.9600,19.0000,1900,0
NEE-I.US,5,20131126,193000,19.0000,19.0000,19.0000,19.0000,300,0
NEE-I.US,5,20131126,193500,19.0000,19.0000,19.0000,19.0000,1100,0
NEE-I.US,5,20131126,194500,19.0000,19.0000,19.0000,19.0000,500,0
NEE-I.US,5,20131126,195500,19.0000,19.0200,18.9900,18.9900,6300,0
NEE-I.US,5,20131126,200000,19.0100,19.0100,18.9600,19.0100,3700,0
NEE-I.US,5,20131126,200500,19.0100,19.0100,19.0100,19.0100,500,0
NEE-I.US,5,20131126,201000,18.9600,18.9700,18.9600,18.9700,1473,0
NEE-I.US,5,20131126,201500,18.9600,18.9900,18.9000,18.9700,5771,0
NEE-I.US,5,20131126,202000,18.9900,18.9900,18.9900,18.9900,1000,0
NEE-I.US,5,20131126,202500,18.9600,18.9600,18.9500,18.9500,298,0
NEE-I.US,5,20131126,203000,19.0000,19.0100,18.9700,18.9700,2221,0
NEE-I.US,5,20131126,203500,19.0000,19.0000,18.9300,18.9300,1158,0
NEE-I.US,5,20131126,204000,18.9500,18.9500,18.9500,18.9500,191,0
NEE-I.US,5,20131126,205000,19.0000,19.0000,19.0000,19.0000,500,0
NEE-I.US,5,20131126,210000,18.9300,18.9400,18.9300,18.9400,880,0
NEE-I.US,5,20131126,210500,19.0000,19.0000,18.9400,18.9400,50189,0
NEE-I.US,5,20131126,211000,18.9500,18.9600,18.9500,18.9500,14382,0
NEE-I.US,5,20131126,211500,18.9500,19.0000,18.9500,19.0000,1800,0
NEE-I.US,5,20131126,212000,18.9600,18.9600,18.9600,18.9600,494,0
NEE-I.US,5,20131126,213500,18.9600,18.9600,18.9400,18.9400,2542,0
NEE-I.US,5,20131126,215000,18.9700,18.9700,18.9500,18.9500,1508,0
NEE-I.US,5,20131126,215500,19.0000,19.0000,18.9500,18.9800,6706,0
NEE-I.US,5,20131126,220000,18.9800,18.9800,18.9400,18.9400,395,0
NEE-I.US,5,20131127,154500,19.0400,19.0400,19.0400,19.0400,600,0
NEE-I.US,5,20131127,155000,19.0400,19.0400,18.9600,18.9600,5300,0
NEE-I.US,5,20131127,155500,19.0000,19.0000,18.9700,18.9700,643,0
NEE-I.US,5,20131127,160000,18.9600,18.9600,18.9600,18.9600,227,0
NEE-I.US,5,20131127,160500,19.0000,19.0400,19.0000,19.0300,1000,0
NEE-I.US,5,20131127,161500,19.0300,19.0300,19.0000,19.0000,400,0
NEE-I.US,5,20131127,163000,18.9800,19.0000,18.9800,19.0000,400,0
NEE-I.US,5,20131127,163500,18.9700,18.9900,18.9400,18.9400,10941,0
NEE-I.US,5,20131127,164000,18.9700,18.9700,18.9500,18.9600,810,0
NEE-I.US,5,20131127,165500,18.9500,18.9500,18.9400,18.9400,2000,0
NEE-I.US,5,20131127,170000,18.9400,18.9500,18.9400,18.9500,200,0
NEE-I.US,5,20131127,170500,18.9400,18.9500,18.9300,18.9500,800,0
NEE-I.US,5,20131127,171000,18.9500,18.9500,18.9300,18.9300,2043,0
NEE-I.US,5,20131127,171500,18.9500,18.9500,18.9200,18.9200,1500,0
NEE-I.US,5,20131127,172000,18.9500,18.9500,18.9500,18.9500,214,0
NEE-I.US,5,20131127,173000,18.9300,18.9300,18.9000,18.9300,2100,0
NEE-I.US,5,20131127,174500,18.9500,18.9700,18.9500,18.9700,800,0
NEE-I.US,5,20131127,175500,18.9500,18.9500,18.9500,18.9500,100,0
NEE-I.US,5,20131127,180500,18.9500,18.9500,18.9400,18.9400,2335,0
NEE-I.US,5,20131127,181000,18.9200,18.9200,18.9200,18.9200,1100,0
NEE-I.US,5,20131127,181500,18.9600,18.9600,18.9600,18.9600,2000,0
NEE-I.US,5,20131127,182000,18.9600,18.9600,18.9600,18.9600,2000,0
NEE-I.US,5,20131127,182500,18.9300,18.9300,18.9300,18.9300,140,0
NEE-I.US,5,20131127,183500,18.9300,18.9300,18.9300,18.9300,200,0
NEE-I.US,5,20131127,184000,18.9600,18.9600,18.9200,18.9200,300,0
NEE-I.US,5,20131127,184500,18.9200,18.9200,18.9200,18.9200,200,0
NEE-I.US,5,20131127,185500,18.9000,18.9000,18.9000,18.9000,300,0
NEE-I.US,5,20131127,190000,18.9000,18.9200,18.9000,18.9200,1700,0
NEE-I.US,5,20131127,191500,18.8600,18.8600,18.8600,18.8600,500,0
NEE-I.US,5,20131127,192000,18.8900,18.8900,18.8900,18.8900,1000,0
NEE-I.US,5,20131127,193000,18.8500,18.8600,18.8400,18.8400,706,0
NEE-I.US,5,20131127,193500,18.8500,18.8500,18.8500,18.8500,500,0
NEE-I.US,5,20131127,194000,18.8800,18.9000,18.8800,18.9000,1800,0
NEE-I.US,5,20131127,194500,18.9000,18.9000,18.9000,18.9000,465,0
NEE-I.US,5,20131127,195000,18.9000,18.9000,18.8500,18.8900,1085,0
NEE-I.US,5,20131127,195500,18.9000,18.9000,18.9000,18.9000,200,0
NEE-I.US,5,20131127,200500,18.9000,18.9300,18.9000,18.9300,1942,0
NEE-I.US,5,20131127,201500,18.9300,18.9300,18.9300,18.9300,1700,0
NEE-I.US,5,20131127,202000,18.9400,18.9400,18.9400,18.9400,1243,0
NEE-I.US,5,20131127,202500,18.9400,18.9400,18.9400,18.9400,1000,0
NEE-I.US,5,20131127,204000,18.9300,18.9300,18.9200,18.9300,2000,0
NEE-I.US,5,20131127,204500,18.9500,18.9800,18.9500,18.9800,515,0
NEE-I.US,5,20131127,210000,18.9300,18.9300,18.9300,18.9300,1000,0
NEE-I.US,5,20131127,210500,18.9500,18.9500,18.9500,18.9500,900,0
NEE-I.US,5,20131127,213000,18.9700,18.9700,18.9500,18.9600,1500,0
NEE-I.US,5,20131127,213500,18.9600,18.9600,18.9600,18.9600,159,0
NEE-I.US,5,20131127,215000,18.9700,18.9700,18.9700,18.9700,500,0
NEE-I.US,5,20131127,215500,18.9500,18.9500,18.9300,18.9300,622,0
NEE-I.US,5,20131127,220000,18.9300,18.9400,18.9300,18.9300,1808,0
NEE-I.US,5,20131129,154000,18.9000,18.9200,18.9000,18.9200,300,0
NEE-I.US,5,20131129,154500,18.9500,18.9500,18.9500,18.9500,100,0
NEE-I.US,5,20131129,155000,18.9600,18.9600,18.9600,18.9600,300,0
NEE-I.US,5,20131129,161000,18.9400,18.9400,18.9300,18.9300,1000,0
NEE-I.US,5,20131129,161500,18.9800,18.9800,18.9800,18.9800,525,0
NEE-I.US,5,20131129,162500,19.0000,19.0300,19.0000,19.0300,1700,0
NEE-I.US,5,20131129,163500,18.9700,19.0300,18.9700,19.0300,2200,0
NEE-I.US,5,20131129,164000,18.9600,18.9600,18.9600,18.9600,418,0
NEE-I.US,5,20131129,171000,18.9800,18.9800,18.9600,18.9600,400,0
NEE-I.US,5,20131129,171500,18.9600,19.0000,18.9600,19.0000,600,0
NEE-I.US,5,20131129,173500,19.0200,19.0200,19.0200,19.0200,1400,0
NEE-I.US,5,20131129,174000,19.0200,19.0200,19.0200,19.0200,100,0
NEE-I.US,5,20131129,180000,19.0200,19.0200,19.0200,19.0200,200,0
NEE-I.US,5,20131129,182000,18.9800,19.0000,18.9800,19.0000,200,0
NEE-I.US,5,20131129,182500,18.9900,19.0100,18.9900,19.0100,1300,0
NEE-I.US,5,20131129,184500,19.0000,19.0000,18.9800,18.9800,200,0
NEE-I.US,5,20131129,185000,19.0000,19.0000,19.0000,19.0000,1000,0
NEE-I.US,5,20131129,185500,19.0200,19.0200,19.0200,19.0200,300,0
NEE-I.US,5,20131129,190000,19.0200,19.0200,19.0200,19.0200,200,0
NEE-I.US,5,20131129,190500,19.0200,19.0200,19.0200,19.0200,995,0
NEE-I.US,5,20131202,154000,18.9500,18.9500,18.9500,18.9500,500,0
NEE-I.US,5,20131202,154500,18.9900,18.9900,18.9600,18.9600,300,0
NEE-I.US,5,20131202,155500,19.0000,19.0000,19.0000,19.0000,400,0
NEE-I.US,5,20131202,160000,19.0000,19.0000,18.9900,19.0000,600,0
NEE-I.US,5,20131202,161000,19.0000,19.0000,19.0000,19.0000,300,0
NEE-I.US,5,20131202,161500,18.9800,19.0000,18.9800,19.0000,1100,0
NEE-I.US,5,20131202,162000,18.9600,18.9600,18.9500,18.9500,1000,0
NEE-I.US,5,20131202,162500,18.9400,18.9400,18.9300,18.9300,1400,0
NEE-I.US,5,20131202,163000,18.9500,18.9500,18.9300,18.9500,900,0
NEE-I.US,5,20131202,163500,18.9500,18.9500,18.9500,18.9500,446,0
NEE-I.US,5,20131202,164500,18.9500,18.9600,18.9500,18.9600,1113,0
NEE-I.US,5,20131202,165000,18.9500,18.9600,18.9300,18.9300,2183,0
NEE-I.US,5,20131202,165500,18.9600,18.9600,18.9600,18.9600,255,0
NEE-I.US,5,20131202,170000,18.9600,18.9600,18.9600,18.9600,300,0
NEE-I.US,5,20131202,170500,18.9600,18.9600,18.9600,18.9600,300,0
NEE-I.US,5,20131202,171000,18.9300,18.9500,18.9300,18.9500,1300,0
NEE-I.US,5,20131202,172500,18.9500,18.9500,18.9300,18.9300,1899,0
NEE-I.US,5,20131202,173000,18.9500,18.9500,18.9500,18.9500,600,0
NEE-I.US,5,20131202,173500,18.9500,18.9500,18.9500,18.9500,912,0
NEE-I.US,5,20131202,174000,18.9600,18.9600,18.9300,18.9300,3200,0
NEE-I.US,5,20131202,175500,18.9500,18.9500,18.9500,18.9500,500,0
NEE-I.US,5,20131202,180000,18.9400,18.9400,18.9400,18.9400,130,0
NEE-I.US,5,20131202,180500,18.9500,18.9500,18.9300,18.9300,800,0
NEE-I.US,5,20131202,181500,18.9500,18.9500,18.9400,18.9400,278,0
NEE-I.US,5,20131202,182000,18.9400,18.9400,18.9300,18.9300,1000,0
NEE-I.US,5,20131202,183000,18.9500,18.9500,18.9500,18.9500,300,0
NEE-I.US,5,20131202,184500,18.9300,19.0200,18.9300,19.0000,5716,0
NEE-I.US,5,20131202,185000,19.0100,19.0300,19.0100,19.0200,5000,0
NEE-I.US,5,20131202,185500,19.0100,19.0100,19.0100,19.0100,155,0
NEE-I.US,5,20131202,190500,18.9800,18.9900,18.9800,18.9900,1000,0
NEE-I.US,5,20131202,191500,18.9900,18.9900,18.9800,18.9900,2400,0
NEE-I.US,5,20131202,193500,18.9800,18.9800,18.9800,18.9800,800,0
NEE-I.US,5,20131202,194000,19.0000,19.0000,19.0000,19.0000,900,0
NEE-I.US,5,20131202,195000,18.9900,19.0000,18.9800,19.0000,1848,0
NEE-I.US,5,20131202,195500,18.9900,18.9900,18.9900,18.9900,1000,0
NEE-I.US,5,20131202,201000,18.9800,18.9800,18.9700,18.9800,1650,0
NEE-I.US,5,20131202,203000,18.9500,18.9500,18.9500,18.9500,1000,0
NEE-I.US,5,20131202,203500,18.9700,18.9700,18.9700,18.9700,175,0
NEE-I.US,5,20131202,205000,18.9700,18.9700,18.9600,18.9700,856,0
NEE-I.US,5,20131202,205500,18.9700,18.9700,18.9700,18.9700,300,0
NEE-I.US,5,20131202,211000,18.9700,18.9700,18.9700,18.9700,200,0
NEE-I.US,5,20131202,211500,19.0000,19.0000,19.0000,19.0000,100,0
NEE-I.US,5,20131202,212000,18.9900,18.9900,18.9900,18.9900,850,0
NEE-I.US,5,20131202,212500,18.9700,18.9700,18.9600,18.9700,1076,0
NEE-I.US,5,20131202,213000,18.9900,18.9900,18.9900,18.9900,100,0
NEE-I.US,5,20131202,213500,18.9600,18.9700,18.9600,18.9600,1112,0
NEE-I.US,5,20131202,214500,18.9600,18.9600,18.9600,18.9600,1351,0
NEE-I.US,5,20131202,215000,18.9700,18.9700,18.9600,18.9600,959,0
NEE-I.US,5,20131202,220000,18.9800,18.9900,18.9700,18.9800,3006,0
NEE-I.US,5,20131203,153500,18.9800,18.9800,18.9800,18.9800,4569,0
NEE-I.US,5,20131203,155000,18.9400,18.9500,18.9400,18.9500,900,0
NEE-I.US,5,20131203,155500,18.9400,18.9500,18.9400,18.9400,2099,0
NEE-I.US,5,20131203,160000,18.9700,18.9700,18.9700,18.9700,285,0
NEE-I.US,5,20131203,160500,18.9600,18.9600,18.9600,18.9600,510,0
NEE-I.US,5,20131203,161000,18.9600,18.9600,18.9500,18.9500,1250,0
NEE-I.US,5,20131203,161500,18.9400,18.9400,18.9300,18.9300,200,0
NEE-I.US,5,20131203,162000,18.9500,18.9800,18.9500,18.9800,1450,0
NEE-I.US,5,20131203,163000,18.9800,19.0200,18.9800,19.0200,5316,0
NEE-I.US,5,20131203,164000,18.9600,19.0000,18.9600,19.0000,1100,0
NEE-I.US,5,20131203,164500,19.0000,19.0100,19.0000,19.0100,300,0
NEE-I.US,5,20131203,165000,19.0000,19.0000,19.0000,19.0000,200,0
NEE-I.US,5,20131203,165500,18.9900,18.9900,18.9800,18.9800,572,0
NEE-I.US,5,20131203,170000,19.0000,19.0000,19.0000,19.0000,640,0
NEE-I.US,5,20131203,170500,19.0000,19.0000,19.0000,19.0000,400,0
NEE-I.US,5,20131203,171500,18.9700,18.9700,18.9700,18.9700,1000,0
NEE-I.US,5,20131203,173000,18.9800,18.9800,18.9800,18.9800,200,0
NEE-I.US,5,20131203,173500,18.9800,18.9800,18.9800,18.9800,100,0
NEE-I.US,5,20131203,174000,18.9900,18.9900,18.9700,18.9700,1000,0
NEE-I.US,5,20131203,174500,18.9700,18.9800,18.9700,18.9700,1200,0
NEE-I.US,5,20131203,175000,18.9500,18.9600,18.9500,18.9600,500,0
NEE-I.US,5,20131203,175500,19.0000,19.0000,18.9900,18.9900,798,0
NEE-I.US,5,20131203,180000,18.9600,18.9600,18.9600,18.9600,313,0
NEE-I.US,5,20131203,182000,18.9600,18.9600,18.9400,18.9500,4301,0
NEE-I.US,5,20131203,183000,18.9800,18.9800,18.9800,18.9800,1200,0
NEE-I.US,5,20131203,183500,18.9900,18.9900,18.9400,18.9700,1985,0
NEE-I.US,5,20131203,184500,18.9800,18.9800,18.9800,18.9800,100,0
NEE-I.US,5,20131203,190000,18.9400,18.9500,18.9400,18.9500,200,0
NEE-I.US,5,20131203,191500,18.9400,18.9800,18.9400,18.9800,1500,0
NEE-I.US,5,20131203,193000,18.9400,18.9400,18.9400,18.9400,200,0
NEE-I.US,5,20131203,193500,18.9400,18.9400,18.9300,18.9400,2200,0
NEE-I.US,5,20131203,194000,18.9300,18.9300,18.9200,18.9300,1677,0
NEE-I.US,5,20131203,195000,18.9200,18.9200,18.9100,18.9100,1110,0
NEE-I.US,5,20131203,200000,18.9200,18.9700,18.9100,18.9100,1276,0
NEE-I.US,5,20131203,201500,18.9600,18.9700,18.9500,18.9600,2610,0
NEE-I.US,5,20131203,202000,18.9600,18.9800,18.9500,18.9500,6600,0
NEE-I.US,5,20131203,202500,18.9600,18.9600,18.9600,18.9600,400,0
NEE-I.US,5,20131203,203000,18.9400,18.9400,18.9300,18.9300,1000,0
NEE-I.US,5,20131203,203500,18.9300,18.9600,18.9300,18.9300,600,0
NEE-I.US,5,20131203,204000,18.9300,18.9300,18.9300,18.9300,367,0
NEE-I.US,5,20131203,204500,18.9200,18.9500,18.9200,18.9500,275,0
NEE-I.US,5,20131203,205000,18.9300,18.9300,18.9200,18.9200,3675,0
NEE-I.US,5,20131203,205500,18.9200,18.9200,18.9100,18.9100,1000,0
NEE-I.US,5,20131203,210000,18.9100,18.9100,18.8500,18.9000,4240,0
NEE-I.US,5,20131203,210500,18.9200,18.9300,18.8900,18.8900,3540,0
NEE-I.US,5,20131203,211000,18.9200,18.9200,18.8600,18.8600,2583,0
NEE-I.US,5,20131203,211500,18.8600,18.8600,18.8500,18.8500,1765,0
NEE-I.US,5,20131203,212500,18.9100,18.9100,18.8500,18.8500,3800,0
NEE-I.US,5,20131203,213000,18.8500,18.8500,18.8500,18.8500,300,0
NEE-I.US,5,20131203,213500,18.8600,18.9000,18.8600,18.9000,1622,0
NEE-I.US,5,20131203,214000,18.8600,18.8700,18.7400,18.8000,11724,0
NEE-I.US,5,20131203,214500,18.8000,18.8100,18.7900,18.8100,5200,0
NEE-I.US,5,20131203,215000,18.8000,18.8000,18.8000,18.8000,1376,0
NEE-I.US,5,20131203,215500,18.8000,18.8300,18.7800,18.8300,1508,0
NEE-I.US,5,20131203,220000,18.8300,18.8400,18.8200,18.8400,2300,0
NEE-I.US,5,20131204,153500,18.7600,18.7800,18.7600,18.7800,1000,0
NEE-I.US,5,20131204,154000,18.7400,18.7400,18.7100,18.7100,1042,0
NEE-I.US,5,20131204,154500,18.7800,18.7800,18.7800,18.7800,100,0
NEE-I.US,5,20131204,155000,18.7400,18.7400,18.7400,18.7400,500,0
NEE-I.US,5,20131204,160000,18.7500,18.7500,18.7500,18.7500,200,0
NEE-I.US,5,20131204,160500,18.7700,18.8000,18.7700,18.8000,2346,0
NEE-I.US,5,20131204,161000,18.8000,18.8000,18.7800,18.8000,1806,0
NEE-I.US,5,20131204,161500,18.8200,18.8200,18.8200,18.8200,400,0
NEE-I.US,5,20131204,162000,18.7900,18.8400,18.7900,18.8200,1011,0
NEE-I.US,5,20131204,162500,18.8200,18.8200,18.8200,18.8200,100,0
NEE-I.US,5,20131204,163000,18.8000,18.8000,18.8000,18.8000,200,0
NEE-I.US,5,20131204,164500,18.8200,18.8200,18.7700,18.8000,1300,0
NEE-I.US,5,20131204,165000,18.8200,18.8200,18.8200,18.8200,100,0
NEE-I.US,5,20131204,165500,18.8000,18.8100,18.8000,18.8100,359,0
NEE-I.US,5,20131204,170000,18.8000,18.8000,18.8000,18.8000,900,0
NEE-I.US,5,20131204,171500,18.7800,18.7800,18.7800,18.7800,160,0
NEE-I.US,5,20131204,172000,18.8000,18.8000,18.8000,18.8000,200,0
NEE-I.US,5,20131204,172500,18.8000,18.8000,18.7700,18.7700,4800,0
NEE-I.US,5,20131204,173500,18.7100,18.7200,18.7100,18.7100,2014,0
NEE-I.US,5,20131204,174000,18.6800,18.7400,18.6700,18.7400,2000,0
NEE-I.US,5,20131204,174500,18.7300,18.7400,18.6700,18.6800,2200,0
NEE-I.US,5,20131204,175500,18.7000,18.7000,18.6800,18.6900,500,0
NEE-I.US,5,20131204,181000,18.6900,18.6900,18.6600,18.6600,2653,0
NEE-I.US,5,20131204,183500,18.6700,18.7200,18.6700,18.7200,400,0
NEE-I.US,5,20131204,184000,18.6900,18.6900,18.6700,18.6700,203,0
NEE-I.US,5,20131204,184500,18.6900,18.7100,18.6200,18.6300,4955,0
NEE-I.US,5,20131204,190500,18.6800,18.7000,18.6800,18.7000,300,0
NEE-I.US,5,20131204,191000,18.7000,18.7000,18.7000,18.7000,500,0
NEE-I.US,5,20131204,192000,18.6500,18.6500,18.6500,18.6500,1350,0
NEE-I.US,5,20131204,192500,18.6300,18.6400,18.6300,18.6300,3363,0
NEE-I.US,5,20131204,193000,18.6300,18.6400,18.6300,18.6400,1808,0
NEE-I.US,5,20131204,194500,18.7000,18.7400,18.6900,18.7400,1000,0
NEE-I.US,5,20131204,195500,18.6400,18.7100,18.6400,18.6400,3550,0
NEE-I.US,5,20131204,200000,18.7100,18.7500,18.7100,18.7400,3200,0
NEE-I.US,5,20131204,201000,18.6800,18.6900,18.6800,18.6900,1000,0
NEE-I.US,5,20131204,201500,18.6800,18.6800,18.6800,18.6800,200,0
NEE-I.US,5,20131204,203000,18.7000,18.7100,18.6300,18.6300,6050,0
NEE-I.US,5,20131204,205000,18.6000,18.6000,18.6000,18.6000,250,0
NEE-I.US,5,20131204,205500,18.6000,18.6000,18.6000,18.6000,1000,0
NEE-I.US,5,20131204,210000,18.6000,18.6000,18.5600,18.5600,2700,0
NEE-I.US,5,20131204,210500,18.6200,18.6200,18.6200,18.6200,1000,0
NEE-I.US,5,20131204,211500,18.5700,18.5700,18.5600,18.5600,1000,0
NEE-I.US,5,20131204,212000,18.5600,18.5900,18.5500,18.5900,2261,0
NEE-I.US,5,20131204,212500,18.5800,18.5800,18.5800,18.5800,1000,0
NEE-I.US,5,20131204,213000,18.5500,18.5500,18.5400,18.5400,3282,0
NEE-I.US,5,20131204,213500,18.5500,18.5800,18.5500,18.5800,4001,0
NEE-I.US,5,20131204,214000,18.5700,18.5900,18.5500,18.5900,1493,0
NEE-I.US,5,20131204,214500,18.5500,18.5600,18.5500,18.5500,1300,0
NEE-I.US,5,20131204,215000,18.5600,18.6100,18.5600,18.6100,1043,0
NEE-I.US,5,20131204,215500,18.6100,18.6100,18.5500,18.5500,728,0
NEE-I.US,5,20131204,220000,18.6400,18.6400,18.6300,18.6300,1238,0
NEE-I.US,5,20131205,153500,18.5700,18.5700,18.5700,18.5700,200,0
NEE-I.US,5,20131205,154000,18.5600,18.5600,18.5600,18.5600,275,0
NEE-I.US,5,20131205,154500,18.5500,18.5500,18.5200,18.5200,3500,0
NEE-I.US,5,20131205,155000,18.5100,18.5100,18.4100,18.4400,4227,0
NEE-I.US,5,20131205,155500,18.4300,18.5200,18.4300,18.5200,1600,0
NEE-I.US,5,20131205,160000,18.5100,18.5100,18.5100,18.5100,367,0
NEE-I.US,5,20131205,160500,18.5100,18.5100,18.5100,18.5100,200,0
NEE-I.US,5,20131205,162000,18.4500,18.5000,18.4400,18.5000,5600,0
NEE-I.US,5,20131205,162500,18.4500,18.5000,18.4500,18.5000,2654,0
NEE-I.US,5,20131205,163000,18.5000,18.5400,18.4500,18.4500,5232,0
NEE-I.US,5,20131205,163500,18.4400,18.4400,18.4400,18.4400,106,0
NEE-I.US,5,20131205,164000,18.4600,18.4600,18.4400,18.4400,750,0
NEE-I.US,5,20131205,164500,18.4400,18.4500,18.4400,18.4500,1794,0
NEE-I.US,5,20131205,165000,18.4400,18.4400,18.4400,18.4400,200,0
NEE-I.US,5,20131205,165500,18.4400,18.4400,18.4400,18.4400,1661,0
NEE-I.US,5,20131205,170500,18.5000,18.5300,18.5000,18.5200,3300,0
NEE-I.US,5,20131205,171500,18.4900,18.5200,18.4800,18.4800,1000,0
NEE-I.US,5,20131205,172000,18.4800,18.5200,18.4800,18.5000,2332,0
NEE-I.US,5,20131205,172500,18.5200,18.5200,18.5200,18.5200,200,0
NEE-I.US,5,20131205,173000,18.5000,18.5000,18.4700,18.4800,500,0
NEE-I.US,5,20131205,173500,18.5300,18.5500,18.5300,18.5500,2100,0
NEE-I.US,5,20131205,174500,18.5300,18.5300,18.5300,18.5300,122,0
NEE-I.US,5,20131205,182500,18.5200,18.5200,18.5000,18.5000,2129,0
NEE-I.US,5,20131205,183000,18.5300,18.5300,18.5300,18.5300,400,0
NEE-I.US,5,20131205,184000,18.5000,18.5100,18.5000,18.5100,1200,0
NEE-I.US,5,20131205,185000,18.5300,18.5300,18.5000,18.5000,400,0
NEE-I.US,5,20131205,185500,18.4800,18.4800,18.4700,18.4700,1350,0
NEE-I.US,5,20131205,190000,18.4500,18.4700,18.4500,18.4700,951,0
NEE-I.US,5,20131205,190500,18.4900,18.4900,18.4700,18.4700,1200,0
NEE-I.US,5,20131205,191500,18.4700,18.4700,18.4700,18.4700,1904,0
NEE-I.US,5,20131205,192000,18.4900,18.4900,18.4900,18.4900,100,0
NEE-I.US,5,20131205,192500,18.4700,18.4700,18.4700,18.4700,300,0
NEE-I.US,5,20131205,193000,18.4700,18.4800,18.4700,18.4700,2176,0
NEE-I.US,5,20131205,193500,18.4700,18.4800,18.4700,18.4800,1800,0
NEE-I.US,5,20131205,194000,18.4700,18.4700,18.4400,18.4400,1700,0
NEE-I.US,5,20131205,194500,18.4400,18.4400,18.4400,18.4400,2233,0
NEE-I.US,5,20131205,195000,18.4400,18.4400,18.4400,18.4400,1107,0
NEE-I.US,5,20131205,195500,18.4400,18.4600,18.4400,18.4600,800,0
NEE-I.US,5,20131205,200000,18.4600,18.4600,18.4600,18.4600,600,0
NEE-I.US,5,20131205,200500,18.4600,18.4700,18.4500,18.4500,948,0
NEE-I.US,5,20131205,201000,18.4400,18.4400,18.4400,18.4400,800,0
NEE-I.US,5,20131205,201500,18.4400,18.4400,18.4400,18.4400,4011,0
NEE-I.US,5,20131205,202000,18.4600,18.4600,18.4600,18.4600,500,0
NEE-I.US,5,20131205,202500,18.4600,18.4600,18.4600,18.4600,300,0
NEE-I.US,5,20131205,203000,18.4300,18.4500,18.4300,18.4300,1380,0
NEE-I.US,5,20131205,203500,18.4300,18.4300,18.4300,18.4300,423,0
NEE-I.US,5,20131205,204500,18.4300,18.4500,18.4000,18.4100,6352,0
NEE-I.US,5,20131205,205500,18.4100,18.4300,18.4100,18.4100,1065,0
NEE-I.US,5,20131205,210000,18.4000,18.4000,18.4000,18.4000,1400,0
NEE-I.US,5,20131205,210500,18.4200,18.4200,18.3500,18.3500,300,0
NEE-I.US,5,20131205,211000,18.3800,18.3800,18.3800,18.3800,200,0
NEE-I.US,5,20131205,211500,18.4100,18.4100,18.4100,18.4100,373,0
NEE-I.US,5,20131205,212000,18.4200,18.4200,18.3500,18.3500,3621,0
NEE-I.US,5,20131205,212500,18.3500,18.3500,18.3400,18.3500,2120,0
NEE-I.US,5,20131205,213000,18.3400,18.3500,18.3200,18.3500,4151,0
NEE-I.US,5,20131205,213500,18.3500,18.3500,18.3100,18.3100,1600,0
NEE-I.US,5,20131205,214000,18.3100,18.3500,18.3100,18.3500,2562,0
NEE-I.US,5,20131205,214500,18.3500,18.3500,18.3400,18.3400,1300,0
NEE-I.US,5,20131205,215000,18.3500,18.3500,18.3500,18.3500,1269,0
NEE-I.US,5,20131205,215500,18.3500,18.3600,18.3500,18.3600,1054,0
NEE-I.US,5,20131205,220000,18.3600,18.4000,18.3600,18.3900,2900,0
NEE-I.US,5,20131206,154500,18.3500,18.3500,18.3500,18.3500,1000,0
NEE-I.US,5,20131206,155000,18.4100,18.4100,18.3500,18.3700,735,0
NEE-I.US,5,20131206,160000,18.3700,18.3700,18.3700,18.3700,231,0
NEE-I.US,5,20131206,160500,18.4900,18.4900,18.4400,18.4500,1600,0
NEE-I.US,5,20131206,161000,18.4500,18.4600,18.4400,18.4500,1700,0
NEE-I.US,5,20131206,161500,18.4100,18.4100,18.4100,18.4100,600,0
NEE-I.US,5,20131206,162000,18.4200,18.4200,18.4200,18.4200,400,0
NEE-I.US,5,20131206,162500,18.4500,18.4700,18.4300,18.4300,1900,0
NEE-I.US,5,20131206,163000,18.4500,18.4600,18.4500,18.4600,2600,0
NEE-I.US,5,20131206,163500,18.4300,18.4300,18.4100,18.4100,300,0
NEE-I.US,5,20131206,164000,18.4500,18.4500,18.4100,18.4100,5200,0
NEE-I.US,5,20131206,164500,18.4500,18.4500,18.4000,18.4000,3846,0
NEE-I.US,5,20131206,165000,18.3800,18.4100,18.3800,18.4100,846,0
NEE-I.US,5,20131206,165500,18.4000,18.4100,18.4000,18.4000,700,0
NEE-I.US,5,20131206,170500,18.3700,18.3700,18.3700,18.3700,198,0
NEE-I.US,5,20131206,171000,18.3700,18.3700,18.3700,18.3700,199,0
NEE-I.US,5,20131206,171500,18.3900,18.4100,18.3700,18.3700,2002,0
NEE-I.US,5,20131206,172000,18.3700,18.3700,18.3700,18.3700,300,0
NEE-I.US,5,20131206,172500,18.3700,18.3700,18.3700,18.3700,1155,0
NEE-I.US,5,20131206,173500,18.3700,18.3700,18.3700,18.3700,102,0
NEE-I.US,5,20131206,174500,18.3800,18.3800,18.3800,18.3800,300,0
NEE-I.US,5,20131206,175000,18.4100,18.4200,18.4100,18.4200,1000,0
NEE-I.US,5,20131206,180000,18.3800,18.3800,18.3600,18.3600,3765,0
NEE-I.US,5,20131206,180500,18.3500,18.3500,18.3500,18.3500,800,0
NEE-I.US,5,20131206,181000,18.3700,18.4100,18.3500,18.4100,753,0
NEE-I.US,5,20131206,181500,18.3500,18.3500,18.3500,18.3500,418,0
NEE-I.US,5,20131206,182500,18.3600,18.3600,18.3500,18.3500,776,0
NEE-I.US,5,20131206,183500,18.3700,18.3700,18.3700,18.3700,100,0
NEE-I.US,5,20131206,184500,18.3200,18.3800,18.3100,18.3800,1795,0
NEE-I.US,5,20131206,190000,18.3100,18.3500,18.3000,18.3500,1452,0
NEE-I.US,5,20131206,192000,18.3000,18.3000,18.2500,18.3000,5300,0
NEE-I.US,5,20131206,192500,18.3000,18.3000,18.2900,18.2900,1600,0
NEE-I.US,5,20131206,193000,18.2700,18.2700,18.2700,18.2700,200,0
NEE-I.US,5,20131206,193500,18.2500,18.2600,18.2500,18.2600,1810,0
NEE-I.US,5,20131206,194000,18.3200,18.3200,18.3200,18.3200,100,0
NEE-I.US,5,20131206,194500,18.3100,18.3200,18.2600,18.3100,4435,0
NEE-I.US,5,20131206,195000,18.2700,18.3000,18.2700,18.2900,694,0
NEE-I.US,5,20131206,195500,18.2600,18.2800,18.2500,18.2500,5320,0
NEE-I.US,5,20131206,200500,18.2600,18.2800,18.2600,18.2800,1500,0
NEE-I.US,5,20131206,201500,18.3200,18.3200,18.2800,18.2800,1520,0
NEE-I.US,5,20131206,202000,18.2600,18.2600,18.2600,18.2600,200,0
NEE-I.US,5,20131206,202500,18.2600,18.2900,18.2600,18.2600,2400,0
NEE-I.US,5,20131206,205500,18.2900,18.2900,18.2900,18.2900,1005,0
NEE-I.US,5,20131206,210000,18.3000,18.3100,18.3000,18.3100,400,0
NEE-I.US,5,20131206,210500,18.2700,18.2700,18.2600,18.2600,600,0
NEE-I.US,5,20131206,211000,18.2700,18.2700,18.2600,18.2600,1888,0
NEE-I.US,5,20131206,211500,18.2800,18.2800,18.2600,18.2700,2800,0
NEE-I.US,5,20131206,212000,18.2800,18.2800,18.2600,18.2600,1921,0
NEE-I.US,5,20131206,212500,18.2600,18.2600,18.2600,18.2600,448,0
NEE-I.US,5,20131206,213500,18.2600,18.2700,18.2600,18.2600,700,0
NEE-I.US,5,20131206,214000,18.2500,18.2500,18.2500,18.2500,100,0
NEE-I.US,5,20131206,214500,18.2600,18.2600,18.2600,18.2600,677,0
NEE-I.US,5,20131206,215000,18.2800,18.2900,18.2800,18.2900,1375,0
NEE-I.US,5,20131206,215500,18.2600,18.2600,18.2600,18.2600,100,0
NEE-I.US,5,20131206,220000,18.2900,18.3000,18.2600,18.2600,1375,0
NEE-I.US,5,20131209,153500,18.3000,18.3000,18.3000,18.3000,2055,0
NEE-I.US,5,20131209,154500,18.3500,18.3500,18.3300,18.3300,437,0
NEE-I.US,5,20131209,155500,18.3300,18.3300,18.3300,18.3300,917,0
NEE-I.US,5,20131209,160000,18.3400,18.3400,18.3400,18.3400,100,0
NEE-I.US,5,20131209,160500,18.3500,18.3500,18.3300,18.3300,1300,0
NEE-I.US,5,20131209,161000,18.3300,18.3300,18.3300,18.3300,1400,0
NEE-I.US,5,20131209,161500,18.3300,18.3300,18.3200,18.3300,29900,0
NEE-I.US,5,20131209,162000,18.3300,18.3300,18.3300,18.3300,200,0
NEE-I.US,5,20131209,162500,18.3300,18.3500,18.3000,18.3000,2700,0
NEE-I.US,5,20131209,163000,18.3000,18.3500,18.3000,18.3500,2000,0
NEE-I.US,5,20131209,163500,18.3500,18.3500,18.3500,18.3500,1100,0
NEE-I.US,5,20131209,164500,18.3300,18.3400,18.3300,18.3300,3340,0
NEE-I.US,5,20131209,165000,18.3300,18.3300,18.3300,18.3300,3151,0
NEE-I.US,5,20131209,165500,18.3300,18.3300,18.3300,18.3300,1400,0
NEE-I.US,5,20131209,170000,18.3200,18.3500,18.3100,18.3100,1941,0
NEE-I.US,5,20131209,170500,18.3400,18.3400,18.3400,18.3400,3000,0
NEE-I.US,5,20131209,171500,18.3400,18.3400,18.3100,18.3100,3400,0
NEE-I.US,5,20131209,172500,18.3300,18.3400,18.3000,18.3000,1750,0
NEE-I.US,5,20131209,173000,18.3300,18.3300,18.3200,18.3200,1466,0
NEE-I.US,5,20131209,173500,18.3000,18.3000,18.2800,18.2800,2900,0
NEE-I.US,5,20131209,174000,18.2900,18.2900,18.2800,18.2800,5100,0
NEE-I.US,5,20131209,174500,18.2800,18.3300,18.2800,18.3300,2653,0
NEE-I.US,5,20131209,175500,18.2800,18.2800,18.2800,18.2800,292,0
NEE-I.US,5,20131209,180000,18.3100,18.3100,18.2800,18.2800,2600,0
NEE-I.US,5,20131209,181000,18.2800,18.2800,18.2600,18.2800,7000,0
NEE-I.US,5,20131209,182000,18.2800,18.2800,18.2800,18.2800,800,0
NEE-I.US,5,20131209,182500,18.2800,18.3000,18.2800,18.3000,1400,0
NEE-I.US,5,20131209,183000,18.2800,18.3300,18.2800,18.2900,1490,0
NEE-I.US,5,20131209,183500,18.3200,18.3200,18.3200,18.3200,2000,0
NEE-I.US,5,20131209,185500,18.2800,18.2900,18.2800,18.2800,3090,0
NEE-I.US,5,20131209,190000,18.3000,18.3000,18.3000,18.3000,1083,0
NEE-I.US,5,20131209,190500,18.3000,18.3000,18.3000,18.3000,2680,0
NEE-I.US,5,20131209,191000,18.3200,18.3200,18.3200,18.3200,1100,0
NEE-I.US,5,20131209,191500,18.3200,18.3200,18.3200,18.3200,250,0
NEE-I.US,5,20131209,192500,18.3300,18.3300,18.3300,18.3300,1700,0
NEE-I.US,5,20131209,193500,18.3300,18.3300,18.3300,18.3300,690,0
NEE-I.US,5,20131209,194000,18.3300,18.3300,18.3300,18.3300,1090,0
NEE-I.US,5,20131209,194500,18.3300,18.3400,18.3200,18.3400,900,0
NEE-I.US,5,20131209,195000,18.3500,18.3500,18.3300,18.3300,600,0
NEE-I.US,5,20131209,195500,18.3300,18.3300,18.3300,18.3300,1124,0
NEE-I.US,5,20131209,200000,18.3300,18.3400,18.3300,18.3300,4400,0
NEE-I.US,5,20131209,200500,18.3500,18.3500,18.3300,18.3300,800,0
NEE-I.US,5,20131209,201000,18.3300,18.3300,18.3300,18.3300,2200,0
NEE-I.US,5,20131209,201500,18.3300,18.3300,18.3200,18.3300,1800,0
NEE-I.US,5,20131209,202000,18.3500,18.3500,18.3300,18.3300,2563,0
NEE-I.US,5,20131209,202500,18.3300,18.3600,18.3300,18.3600,1320,0
NEE-I.US,5,20131209,203500,18.3300,18.3300,18.3300,18.3300,100,0
NEE-I.US,5,20131209,204000,18.3600,18.3600,18.3300,18.3300,2500,0
NEE-I.US,5,20131209,204500,18.3500,18.3500,18.3000,18.3300,5186,0
NEE-I.US,5,20131209,205000,18.3400,18.3400,18.3300,18.3300,1000,0
NEE-I.US,5,20131209,205500,18.3500,18.3500,18.3500,18.3500,2450,0
NEE-I.US,5,20131209,210000,18.3000,18.3000,18.3000,18.3000,300,0
NEE-I.US,5,20131209,210500,18.3100,18.3100,18.2800,18.2800,2724,0
NEE-I.US,5,20131209,211000,18.3300,18.3300,18.3100,18.3300,1178,0
NEE-I.US,5,20131209,211500,18.2800,18.2800,18.2600,18.2600,2300,0
NEE-I.US,5,20131209,212000,18.2600,18.2600,18.2600,18.2600,2800,0
NEE-I.US,5,20131209,212500,18.2600,18.2700,18.2600,18.2600,2408,0
NEE-I.US,5,20131209,213000,18.2600,18.2700,18.2600,18.2600,1606,0
NEE-I.US,5,20131209,214000,18.2600,18.2700,18.2600,18.2600,2029,0
NEE-I.US,5,20131209,214500,18.2700,18.2700,18.2600,18.2600,1950,0
NEE-I.US,5,20131209,215000,18.2600,18.2600,18.2600,18.2600,2016,0
NEE-I.US,5,20131209,220000,18.3200,18.3200,18.3200,18.3200,100,0
