<TICKER>,<PER>,<DTYYYYMMDD>,<TIME>,<OPEN>,<HIGH>,<LOW>,<CLOSE>,<VOL>,<OPENINT>
NPD.US,5,20131112,155500,1.8600,1.8600,1.8600,1.8600,5754,0
NPD.US,5,20131112,160500,1.8700,1.8700,1.8700,1.8700,1211,0
NPD.US,5,20131112,163500,1.9000,1.9000,1.9000,1.9000,321,0
NPD.US,5,20131112,174000,1.8700,1.8700,1.8700,1.8700,362,0
NPD.US,5,20131112,180000,1.8700,1.8700,1.8700,1.8700,7820,0
NPD.US,5,20131112,180500,1.8600,1.8600,1.8600,1.8600,200,0
NPD.US,5,20131112,181000,1.8700,1.8700,1.8200,1.8200,18980,0
NPD.US,5,20131112,181500,1.8700,1.8700,1.8700,1.8700,2900,0
NPD.US,5,20131112,190000,1.9000,1.9000,1.9000,1.9000,100,0
NPD.US,5,20131112,191000,1.9000,1.9000,1.9000,1.9000,1500,0
NPD.US,5,20131112,191500,1.9000,1.9000,1.9000,1.9000,13481,0
NPD.US,5,20131112,194000,1.9100,1.9100,1.9100,1.9100,2100,0
NPD.US,5,20131112,200000,1.9200,1.9200,1.9100,1.9100,7900,0
NPD.US,5,20131112,201000,1.9100,1.9100,1.9100,1.9100,3000,0
NPD.US,5,20131112,202500,1.9100,1.9100,1.9100,1.9100,800,0
NPD.US,5,20131112,203500,1.9100,1.9100,1.9100,1.9100,200,0
NPD.US,5,20131112,204500,1.9100,1.9200,1.9100,1.9200,1000,0
NPD.US,5,20131112,205500,1.9100,1.9100,1.9000,1.9000,11876,0
NPD.US,5,20131112,220500,1.9200,1.9200,1.9200,1.9200,1089,0
NPD.US,5,20131113,153500,1.9200,1.9200,1.9200,1.9200,600,0
NPD.US,5,20131113,161000,1.9000,1.9000,1.9000,1.9000,500,0
NPD.US,5,20131113,163500,1.9000,1.9000,1.9000,1.9000,239,0
NPD.US,5,20131113,171000,1.8800,1.8900,1.8800,1.8900,4281,0
NPD.US,5,20131113,201500,1.8900,1.8900,1.8900,1.8900,700,0
NPD.US,5,20131113,202000,1.8900,1.8900,1.8700,1.8700,3900,0
NPD.US,5,20131113,205000,1.8800,1.8800,1.8800,1.8800,300,0
NPD.US,5,20131113,205500,1.8700,1.8700,1.8700,1.8700,1000,0
NPD.US,5,20131113,210500,1.8700,1.8800,1.8700,1.8800,5400,0
NPD.US,5,20131113,212000,1.8800,1.8800,1.8800,1.8800,1382,0
NPD.US,5,20131113,213000,1.8900,1.8900,1.8900,1.8900,100,0
NPD.US,5,20131113,220000,1.8800,1.8900,1.8800,1.8900,1900,0
NPD.US,5,20131114,153500,1.8700,1.8700,1.8700,1.8700,400,0
NPD.US,5,20131114,154500,1.8800,1.8800,1.8700,1.8700,1200,0
NPD.US,5,20131114,162500,1.8700,1.8700,1.8700,1.8700,500,0
NPD.US,5,20131114,164000,1.8700,1.8700,1.8700,1.8700,100,0
NPD.US,5,20131114,171000,1.8700,1.8700,1.8700,1.8700,200,0
NPD.US,5,20131114,173000,1.8700,1.8700,1.8700,1.8700,724,0
NPD.US,5,20131114,174500,1.8700,1.8800,1.8700,1.8800,1100,0
NPD.US,5,20131114,181000,1.8700,1.8700,1.8700,1.8700,100,0
NPD.US,5,20131114,183500,1.8700,1.8700,1.8700,1.8700,300,0
NPD.US,5,20131114,184000,1.8700,1.8700,1.8700,1.8700,200,0
NPD.US,5,20131114,190500,1.8700,1.8700,1.8700,1.8700,300,0
NPD.US,5,20131114,191000,1.8800,1.8800,1.8800,1.8800,250,0
NPD.US,5,20131114,191500,1.8800,1.8800,1.8800,1.8800,250,0
NPD.US,5,20131114,193000,1.8800,1.8800,1.8800,1.8800,500,0
NPD.US,5,20131114,195000,1.8700,1.8700,1.8700,1.8700,200,0
NPD.US,5,20131114,200500,1.8700,1.8700,1.8700,1.8700,100,0
NPD.US,5,20131114,201000,1.8700,1.8700,1.8700,1.8700,500,0
NPD.US,5,20131114,203500,1.8700,1.8700,1.8700,1.8700,100,0
NPD.US,5,20131114,204500,1.8800,1.8800,1.8700,1.8800,400,0
NPD.US,5,20131114,210500,1.8800,1.8800,1.8800,1.8800,500,0
NPD.US,5,20131114,212500,1.8700,1.8700,1.8700,1.8700,1000,0
NPD.US,5,20131114,214500,1.8700,1.8700,1.8700,1.8700,200,0
NPD.US,5,20131114,215500,1.8800,1.8800,1.8800,1.8800,100,0
NPD.US,5,20131114,220000,1.8800,1.8800,1.8600,1.8700,4651,0
NPD.US,5,20131114,220500,1.8800,1.8800,1.8800,1.8800,795,0
NPD.US,5,20131115,154000,1.8600,1.8700,1.8600,1.8700,1641,0
NPD.US,5,20131115,161500,1.8800,1.8800,1.8800,1.8800,100,0
NPD.US,5,20131115,171500,1.8800,1.8800,1.8800,1.8800,2100,0
NPD.US,5,20131115,172000,1.8800,1.8800,1.8800,1.8800,2800,0
NPD.US,5,20131115,173000,1.8900,1.8900,1.8900,1.8900,2000,0
NPD.US,5,20131115,175500,1.9000,1.9000,1.9000,1.9000,100,0
NPD.US,5,20131115,181500,1.9000,1.9000,1.9000,1.9000,100,0
NPD.US,5,20131115,184000,1.8800,1.8800,1.8800,1.8800,400,0
NPD.US,5,20131115,184500,1.8800,1.8800,1.8800,1.8800,1100,0
NPD.US,5,20131115,190000,1.8800,1.8800,1.8800,1.8800,2500,0
NPD.US,5,20131115,190500,1.8900,1.8900,1.8900,1.8900,2800,0
NPD.US,5,20131115,193000,1.8800,1.8800,1.8800,1.8800,200,0
NPD.US,5,20131115,193500,1.8900,1.8900,1.8900,1.8900,1200,0
NPD.US,5,20131115,200000,1.8800,1.8800,1.8800,1.8800,2500,0
NPD.US,5,20131115,200500,1.8900,1.8900,1.8900,1.8900,600,0
NPD.US,5,20131115,204000,1.8800,1.8800,1.8800,1.8800,200,0
NPD.US,5,20131115,210000,1.8900,1.8900,1.8900,1.8900,100,0
NPD.US,5,20131115,213000,1.8800,1.8800,1.8800,1.8800,1000,0
NPD.US,5,20131115,213500,1.8900,1.8900,1.8900,1.8900,100,0
NPD.US,5,20131115,214500,1.8800,1.8800,1.8700,1.8700,4900,0
NPD.US,5,20131115,215000,1.8900,1.8900,1.8900,1.8900,100,0
NPD.US,5,20131115,220000,1.8700,1.8900,1.8700,1.8900,1000,0
NPD.US,5,20131115,220500,1.9000,1.9000,1.9000,1.9000,982,0
NPD.US,5,20131118,153500,1.9000,1.9000,1.9000,1.9000,1000,0
NPD.US,5,20131118,155000,1.9200,1.9200,1.9200,1.9200,2620,0
NPD.US,5,20131118,155500,1.9100,1.9100,1.8600,1.8700,5800,0
NPD.US,5,20131118,161500,1.9100,1.9100,1.8900,1.8900,2100,0
NPD.US,5,20131118,163500,1.9000,1.9000,1.9000,1.9000,200,0
NPD.US,5,20131118,165000,1.9000,1.9000,1.9000,1.9000,3500,0
NPD.US,5,20131118,170500,1.9000,1.9000,1.9000,1.9000,350,0
NPD.US,5,20131118,171500,1.9000,1.9000,1.9000,1.9000,2200,0
NPD.US,5,20131118,172000,1.8800,1.8800,1.8800,1.8800,2800,0
NPD.US,5,20131118,172500,1.8800,1.9000,1.8800,1.9000,5900,0
NPD.US,5,20131118,182500,1.9000,1.9000,1.9000,1.9000,500,0
NPD.US,5,20131118,183500,1.8900,1.9000,1.8900,1.9000,1100,0
NPD.US,5,20131118,191500,1.9000,1.9000,1.9000,1.9000,2300,0
NPD.US,5,20131118,193500,1.9000,1.9000,1.9000,1.9000,600,0
NPD.US,5,20131118,194000,1.9000,1.9000,1.9000,1.9000,17459,0
NPD.US,5,20131118,201500,1.9000,1.9000,1.9000,1.9000,222,0
NPD.US,5,20131118,203500,1.9000,1.9000,1.9000,1.9000,2000,0
NPD.US,5,20131118,204000,1.9000,1.9100,1.9000,1.9100,1100,0
NPD.US,5,20131118,204500,1.9100,1.9100,1.9100,1.9100,1000,0
NPD.US,5,20131118,205000,1.9000,1.9000,1.9000,1.9000,326,0
NPD.US,5,20131118,205500,1.9100,1.9100,1.9100,1.9100,100,0
NPD.US,5,20131118,213000,1.9100,1.9200,1.9100,1.9200,7400,0
NPD.US,5,20131118,214500,1.9200,1.9200,1.9200,1.9200,1000,0
NPD.US,5,20131118,215500,1.9100,1.9100,1.9100,1.9100,1000,0
NPD.US,5,20131118,220000,1.9100,1.9100,1.8900,1.9000,11308,0
NPD.US,5,20131118,221000,1.9000,1.9000,1.9000,1.9000,796,0
NPD.US,5,20131119,155500,1.9100,1.9100,1.9100,1.9100,1000,0
NPD.US,5,20131119,161500,1.9000,1.9000,1.9000,1.9000,600,0
NPD.US,5,20131119,162500,1.9100,1.9100,1.9100,1.9100,5500,0
NPD.US,5,20131119,163500,1.9000,1.9000,1.9000,1.9000,900,0
NPD.US,5,20131119,170000,1.9100,1.9100,1.9100,1.9100,10100,0
NPD.US,5,20131119,172000,1.9100,1.9100,1.9100,1.9100,468,0
NPD.US,5,20131119,173500,1.9000,1.9000,1.9000,1.9000,200,0
NPD.US,5,20131119,181000,1.9100,1.9100,1.9100,1.9100,100,0
NPD.US,5,20131119,183000,1.9000,1.9000,1.9000,1.9000,730,0
NPD.US,5,20131119,184500,1.9100,1.9100,1.9100,1.9100,4363,0
NPD.US,5,20131119,191500,1.9100,1.9100,1.9100,1.9100,2000,0
NPD.US,5,20131119,200000,1.9000,1.9000,1.9000,1.9000,1300,0
NPD.US,5,20131119,200500,1.9000,1.9000,1.9000,1.9000,1000,0
NPD.US,5,20131119,211000,1.9000,1.9000,1.9000,1.9000,100,0
NPD.US,5,20131119,212000,1.9100,1.9100,1.8500,1.9000,10843,0
NPD.US,5,20131119,212500,1.8900,1.9100,1.8900,1.9100,10200,0
NPD.US,5,20131119,213000,1.9000,1.9000,1.9000,1.9000,400,0
NPD.US,5,20131119,213500,1.9000,1.9000,1.9000,1.9000,300,0
NPD.US,5,20131119,214000,1.8900,1.8900,1.8700,1.8700,2400,0
NPD.US,5,20131119,214500,1.8900,1.8900,1.8900,1.8900,328,0
NPD.US,5,20131119,215000,1.8900,1.8900,1.8900,1.8900,1000,0
NPD.US,5,20131119,220500,1.9100,1.9100,1.9100,1.9100,1258,0
NPD.US,5,20131120,155000,1.9000,1.9000,1.9000,1.9000,100,0
NPD.US,5,20131120,164000,1.8600,1.8600,1.8600,1.8600,200,0
NPD.US,5,20131120,165500,1.8800,1.8800,1.8800,1.8800,300,0
NPD.US,5,20131120,170500,1.8800,1.8800,1.8800,1.8800,150,0
NPD.US,5,20131120,174000,1.8700,1.8700,1.8700,1.8700,200,0
NPD.US,5,20131120,180000,1.8800,1.8800,1.8800,1.8800,1500,0
NPD.US,5,20131120,182000,1.8800,1.8800,1.8800,1.8800,200,0
NPD.US,5,20131120,192000,1.8800,1.8900,1.8800,1.8900,1300,0
NPD.US,5,20131120,195000,1.8800,1.8800,1.8700,1.8700,6405,0
NPD.US,5,20131120,200000,1.8900,1.8900,1.8900,1.8900,100,0
NPD.US,5,20131120,201000,1.8700,1.8700,1.8600,1.8600,5000,0
NPD.US,5,20131120,203000,1.8700,1.8700,1.8700,1.8700,100,0
NPD.US,5,20131120,212000,1.8700,1.8700,1.8700,1.8700,1000,0
NPD.US,5,20131120,215500,1.8800,1.8800,1.8800,1.8800,200,0
NPD.US,5,20131120,220500,1.8700,1.8700,1.8700,1.8700,425,0
NPD.US,5,20131121,155000,1.8600,1.8600,1.8600,1.8600,100,0
NPD.US,5,20131121,161000,1.8600,1.8700,1.8600,1.8700,900,0
NPD.US,5,20131121,161500,1.8600,1.8600,1.8600,1.8600,300,0
NPD.US,5,20131121,162000,1.8500,1.8500,1.8500,1.8500,9200,0
NPD.US,5,20131121,163000,1.8500,1.8500,1.8300,1.8400,500,0
NPD.US,5,20131121,163500,1.8400,1.8500,1.8200,1.8500,3600,0
NPD.US,5,20131121,164000,1.8500,1.8600,1.8500,1.8600,401,0
NPD.US,5,20131121,165000,1.8500,1.8600,1.7600,1.8600,12500,0
NPD.US,5,20131121,165500,1.8500,1.8600,1.8300,1.8500,5400,0
NPD.US,5,20131121,170000,1.8500,1.8600,1.8500,1.8600,6800,0
NPD.US,5,20131121,170500,1.8500,1.8600,1.8500,1.8500,4101,0
NPD.US,5,20131121,172000,1.8600,1.8600,1.8600,1.8600,1000,0
NPD.US,5,20131121,172500,1.8700,1.8700,1.8600,1.8700,1250,0
NPD.US,5,20131121,173000,1.8700,1.8700,1.8700,1.8700,1500,0
NPD.US,5,20131121,174500,1.8900,1.8900,1.8900,1.8900,100,0
NPD.US,5,20131121,181000,1.8900,1.8900,1.8700,1.8700,2630,0
NPD.US,5,20131121,183000,1.8700,1.8700,1.8700,1.8700,200,0
NPD.US,5,20131121,183500,1.8700,1.8700,1.8600,1.8600,5500,0
NPD.US,5,20131121,184500,1.8700,1.8700,1.8700,1.8700,800,0
NPD.US,5,20131121,190000,1.8600,1.8700,1.8600,1.8700,3500,0
NPD.US,5,20131121,195500,1.8700,1.8700,1.8700,1.8700,200,0
NPD.US,5,20131121,200000,1.8700,1.8700,1.8700,1.8700,4300,0
NPD.US,5,20131121,201500,1.8700,1.8700,1.8700,1.8700,100,0
NPD.US,5,20131121,202500,1.8700,1.8700,1.8700,1.8700,1000,0
NPD.US,5,20131121,203000,1.8800,1.8800,1.8800,1.8800,500,0
NPD.US,5,20131121,210000,1.8800,1.8800,1.8800,1.8800,8915,0
NPD.US,5,20131121,210500,1.8700,1.8700,1.8700,1.8700,500,0
NPD.US,5,20131121,215000,1.8800,1.8800,1.8700,1.8800,3300,0
NPD.US,5,20131121,215500,1.8700,1.8700,1.8700,1.8700,273,0
NPD.US,5,20131122,155500,1.8700,1.8700,1.8500,1.8700,4460,0
NPD.US,5,20131122,162500,1.8600,1.8900,1.8600,1.8900,2000,0
NPD.US,5,20131122,163000,1.8900,1.8900,1.8900,1.8900,1000,0
NPD.US,5,20131122,164000,1.9000,1.9000,1.9000,1.9000,200,0
NPD.US,5,20131122,172000,1.9000,1.9000,1.9000,1.9000,3500,0
NPD.US,5,20131122,173500,1.8900,1.8900,1.8900,1.8900,351,0
NPD.US,5,20131122,181500,1.8900,1.9000,1.8900,1.9000,2100,0
NPD.US,5,20131122,184000,1.8900,1.8900,1.8900,1.8900,800,0
NPD.US,5,20131122,185000,1.9000,1.9000,1.9000,1.9000,1200,0
NPD.US,5,20131122,193500,1.9000,1.9000,1.9000,1.9000,100,0
NPD.US,5,20131122,195000,1.9000,1.9000,1.9000,1.9000,300,0
NPD.US,5,20131122,202000,1.8900,1.8900,1.8900,1.8900,300,0
NPD.US,5,20131122,202500,1.8900,1.8900,1.8900,1.8900,400,0
NPD.US,5,20131122,204000,1.9000,1.9000,1.9000,1.9000,100,0
NPD.US,5,20131122,211500,1.8900,1.8900,1.8900,1.8900,150,0
NPD.US,5,20131122,213000,1.8900,1.9000,1.8900,1.8900,2350,0
NPD.US,5,20131122,213500,1.9000,1.9000,1.9000,1.9000,7105,0
NPD.US,5,20131122,215500,1.9000,1.9000,1.8900,1.8900,200,0
NPD.US,5,20131122,220000,1.8800,1.8800,1.8800,1.8800,173,0
NPD.US,5,20131122,220500,1.8900,1.8900,1.8900,1.8900,388,0
NPD.US,5,20131125,153500,1.8900,1.8900,1.8900,1.8900,100,0
NPD.US,5,20131125,154000,1.8900,1.8900,1.8900,1.8900,200,0
NPD.US,5,20131125,155000,1.8900,1.8900,1.8900,1.8900,1138,0
NPD.US,5,20131125,155500,1.8900,1.8900,1.8900,1.8900,3000,0
NPD.US,5,20131125,160000,1.8900,1.8900,1.8900,1.8900,6660,0
NPD.US,5,20131125,161000,1.8900,1.8900,1.8900,1.8900,2000,0
NPD.US,5,20131125,161500,1.8900,1.8900,1.8900,1.8900,2000,0
NPD.US,5,20131125,162000,1.8800,1.8900,1.8800,1.8900,3700,0
NPD.US,5,20131125,163000,1.8900,1.8900,1.8900,1.8900,115,0
NPD.US,5,20131125,164000,1.8900,1.8900,1.8900,1.8900,1521,0
NPD.US,5,20131125,164500,1.9200,1.9200,1.9200,1.9200,2300,0
NPD.US,5,20131125,170000,1.9100,1.9200,1.9100,1.9200,1100,0
NPD.US,5,20131125,171500,1.9200,1.9200,1.9200,1.9200,1500,0
NPD.US,5,20131125,173500,1.9100,1.9100,1.9100,1.9100,1200,0
NPD.US,5,20131125,174500,1.9200,1.9200,1.9200,1.9200,100,0
NPD.US,5,20131125,181500,1.9400,1.9400,1.9400,1.9400,500,0
NPD.US,5,20131125,182000,1.9400,1.9400,1.9400,1.9400,200,0
NPD.US,5,20131125,182500,1.9500,1.9500,1.9500,1.9500,1029,0
NPD.US,5,20131125,184500,1.9500,1.9500,1.9500,1.9500,400,0
NPD.US,5,20131125,185000,1.9500,1.9800,1.9500,1.9800,7501,0
NPD.US,5,20131125,185500,1.9800,1.9800,1.9800,1.9800,6000,0
NPD.US,5,20131125,190000,1.9800,1.9800,1.9800,1.9800,2469,0
NPD.US,5,20131125,191500,1.9600,1.9800,1.9600,1.9700,2300,0
NPD.US,5,20131125,192000,1.9800,1.9800,1.9800,1.9800,1500,0
NPD.US,5,20131125,195000,1.9700,1.9700,1.9700,1.9700,200,0
NPD.US,5,20131125,195500,1.9800,1.9800,1.9800,1.9800,3000,0
NPD.US,5,20131125,200000,1.9800,1.9800,1.9800,1.9800,100,0
NPD.US,5,20131125,202500,1.9700,1.9700,1.9700,1.9700,800,0
NPD.US,5,20131125,203000,1.9800,1.9800,1.9800,1.9800,150,0
NPD.US,5,20131125,204000,1.9800,1.9800,1.9800,1.9800,300,0
NPD.US,5,20131125,205000,1.9700,1.9700,1.9700,1.9700,2750,0
NPD.US,5,20131125,205500,1.9800,1.9800,1.9700,1.9700,4842,0
NPD.US,5,20131125,211000,1.9700,1.9700,1.9700,1.9700,1150,0
NPD.US,5,20131125,212000,1.9700,1.9700,1.9700,1.9700,100,0
NPD.US,5,20131125,212500,1.9700,1.9800,1.9700,1.9800,2200,0
NPD.US,5,20131125,213000,1.9800,2.0000,1.9800,2.0000,9300,0
NPD.US,5,20131125,213500,2.0100,2.0700,2.0100,2.0700,5240,0
NPD.US,5,20131125,214000,2.0600,2.0700,2.0300,2.0300,2900,0
NPD.US,5,20131125,214500,2.0300,2.0300,2.0300,2.0300,152,0
NPD.US,5,20131125,215000,2.0200,2.0300,2.0200,2.0300,2100,0
NPD.US,5,20131125,215500,2.0200,2.0300,2.0200,2.0300,2300,0
NPD.US,5,20131125,220000,2.0200,2.0500,2.0200,2.0400,3724,0
NPD.US,5,20131125,221000,2.0300,2.0300,2.0300,2.0300,220,0
NPD.US,5,20131126,153500,2.1500,2.1500,2.1100,2.1100,2674,0
NPD.US,5,20131126,154000,2.1100,2.1100,2.0300,2.0400,12800,0
NPD.US,5,20131126,154500,2.0400,2.0900,2.0400,2.0900,1875,0
NPD.US,5,20131126,155000,2.0900,2.1300,2.0600,2.1300,16000,0
NPD.US,5,20131126,155500,2.1300,2.1300,2.0800,2.1300,3000,0
NPD.US,5,20131126,160000,2.0800,2.1200,2.0800,2.1200,15114,0
NPD.US,5,20131126,160500,2.1200,2.1500,2.1200,2.1400,10300,0
NPD.US,5,20131126,161000,2.1500,2.1500,2.1300,2.1500,35100,0
NPD.US,5,20131126,161500,2.1500,2.1500,2.1000,2.1000,6200,0
NPD.US,5,20131126,162000,2.1500,2.1500,2.1500,2.1500,100,0
NPD.US,5,20131126,162500,2.1500,2.1500,2.1400,2.1500,9045,0
NPD.US,5,20131126,163000,2.1100,2.1100,2.1100,2.1100,750,0
NPD.US,5,20131126,163500,2.1100,2.1100,2.0700,2.0700,2200,0
NPD.US,5,20131126,164000,2.0800,2.0800,2.0000,2.0000,44425,0
NPD.US,5,20131126,165000,2.0100,2.0100,2.0100,2.0100,1000,0
NPD.US,5,20131126,165500,2.0400,2.0400,2.0400,2.0400,2500,0
NPD.US,5,20131126,170000,2.0100,2.0500,2.0100,2.0200,3900,0
NPD.US,5,20131126,172000,2.0500,2.0500,2.0500,2.0500,3970,0
NPD.US,5,20131126,172500,2.0500,2.0500,2.0500,2.0500,4990,0
NPD.US,5,20131126,173000,2.0500,2.0500,2.0500,2.0500,3600,0
NPD.US,5,20131126,173500,2.0700,2.0800,2.0700,2.0800,2501,0
NPD.US,5,20131126,174000,2.0900,2.1400,2.0800,2.1400,6700,0
NPD.US,5,20131126,175000,2.1100,2.1100,2.1100,2.1100,595,0
NPD.US,5,20131126,175500,2.1400,2.1400,2.1400,2.1400,100,0
NPD.US,5,20131126,180000,2.0800,2.0800,2.0600,2.0600,3455,0
NPD.US,5,20131126,180500,2.0600,2.0600,2.0600,2.0600,801,0
NPD.US,5,20131126,181000,2.0900,2.0900,2.0900,2.0900,100,0
NPD.US,5,20131126,183500,2.0600,2.0600,2.0500,2.0500,5099,0
NPD.US,5,20131126,191000,2.0400,2.0400,2.0400,2.0400,5000,0
NPD.US,5,20131126,191500,2.0400,2.0800,2.0400,2.0600,5200,0
NPD.US,5,20131126,192000,2.0700,2.0700,2.0600,2.0600,3700,0
NPD.US,5,20131126,192500,2.0400,2.0400,2.0400,2.0400,500,0
NPD.US,5,20131126,194000,2.0700,2.0700,2.0600,2.0700,1375,0
NPD.US,5,20131126,194500,2.0800,2.0800,2.0700,2.0700,2313,0
NPD.US,5,20131126,195000,2.0800,2.0800,2.0800,2.0800,300,0
NPD.US,5,20131126,200000,2.0800,2.0900,2.0800,2.0900,2600,0
NPD.US,5,20131126,200500,2.1000,2.1000,2.1000,2.1000,10100,0
NPD.US,5,20131126,201000,2.1000,2.1000,2.1000,2.1000,500,0
NPD.US,5,20131126,203000,2.0900,2.0900,2.0800,2.0800,5700,0
NPD.US,5,20131126,203500,2.0800,2.0800,2.0600,2.0600,300,0
NPD.US,5,20131126,204000,2.0600,2.0600,2.0600,2.0600,400,0
NPD.US,5,20131126,204500,2.0600,2.0900,2.0600,2.0900,2400,0
NPD.US,5,20131126,205000,2.0600,2.0600,2.0600,2.0600,200,0
NPD.US,5,20131126,205500,2.0900,2.0900,2.0600,2.0600,4300,0
NPD.US,5,20131126,210000,2.0600,2.0700,2.0400,2.0500,5715,0
NPD.US,5,20131126,211500,2.0800,2.0800,2.0800,2.0800,552,0
NPD.US,5,20131126,212000,2.0700,2.0700,2.0700,2.0700,100,0
NPD.US,5,20131126,213500,2.0700,2.0700,2.0700,2.0700,3700,0
NPD.US,5,20131126,215000,2.0700,2.0900,2.0600,2.0600,1600,0
NPD.US,5,20131126,215500,2.0600,2.0700,2.0600,2.0700,2100,0
NPD.US,5,20131126,220000,2.0800,2.0800,2.0600,2.0600,4000,0
NPD.US,5,20131126,220500,2.0500,2.0500,2.0500,2.0500,600,0
NPD.US,5,20131127,153500,2.1000,2.1000,2.1000,2.1000,1900,0
NPD.US,5,20131127,154000,2.0500,2.0500,2.0500,2.0500,900,0
NPD.US,5,20131127,154500,2.0800,2.0800,2.0500,2.0500,968,0
NPD.US,5,20131127,155000,2.0800,2.0800,2.0800,2.0800,488,0
NPD.US,5,20131127,160500,2.0800,2.0800,2.0800,2.0800,2100,0
NPD.US,5,20131127,161000,2.0700,2.0800,2.0700,2.0800,1000,0
NPD.US,5,20131127,165500,2.0600,2.0700,2.0600,2.0700,200,0
NPD.US,5,20131127,172500,2.0700,2.0700,2.0700,2.0700,326,0
NPD.US,5,20131127,175000,2.0700,2.0800,2.0700,2.0700,12620,0
NPD.US,5,20131127,182500,2.0700,2.0700,2.0700,2.0700,500,0
NPD.US,5,20131127,184000,2.0700,2.0700,2.0700,2.0700,700,0
NPD.US,5,20131127,190000,2.0600,2.0600,2.0600,2.0600,100,0
NPD.US,5,20131127,192000,2.0600,2.0600,2.0600,2.0600,1400,0
NPD.US,5,20131127,195500,2.0600,2.0600,2.0600,2.0600,400,0
NPD.US,5,20131127,200000,2.0700,2.0700,2.0600,2.0600,3135,0
NPD.US,5,20131127,201500,2.0600,2.0600,2.0600,2.0600,100,0
NPD.US,5,20131127,203500,2.0600,2.0600,2.0600,2.0600,100,0
NPD.US,5,20131127,210500,2.0500,2.0600,2.0500,2.0600,5417,0
NPD.US,5,20131127,214500,2.0600,2.0600,2.0600,2.0600,2800,0
NPD.US,5,20131127,215500,2.0600,2.0600,2.0600,2.0600,2600,0
NPD.US,5,20131127,220000,2.0700,2.0700,2.0700,2.0700,1500,0
NPD.US,5,20131127,220500,2.0800,2.0800,2.0800,2.0800,732,0
NPD.US,5,20131129,154000,2.0800,2.0800,2.0800,2.0800,1000,0
NPD.US,5,20131129,154500,2.0800,2.0800,2.0800,2.0800,500,0
NPD.US,5,20131129,155000,2.0800,2.0800,2.0800,2.0800,400,0
NPD.US,5,20131129,160000,2.0800,2.0800,2.0800,2.0800,300,0
NPD.US,5,20131129,161000,2.0700,2.0700,2.0700,2.0700,8488,0
NPD.US,5,20131129,162000,2.0700,2.0700,2.0500,2.0500,205,0
NPD.US,5,20131129,162500,2.0700,2.0700,2.0700,2.0700,500,0
NPD.US,5,20131129,164000,2.0600,2.0600,2.0600,2.0600,800,0
NPD.US,5,20131129,164500,2.0600,2.0600,2.0600,2.0600,2470,0
NPD.US,5,20131129,170500,2.0600,2.0600,2.0600,2.0600,2000,0
NPD.US,5,20131129,173000,2.0700,2.0700,2.0700,2.0700,300,0
NPD.US,5,20131129,173500,2.0700,2.0700,2.0700,2.0700,1500,0
NPD.US,5,20131129,174000,2.0600,2.0700,2.0600,2.0700,2150,0
NPD.US,5,20131129,174500,2.0700,2.0700,2.0700,2.0700,1000,0
NPD.US,5,20131129,175000,2.0700,2.0800,2.0700,2.0800,3467,0
NPD.US,5,20131129,180000,2.0700,2.0700,2.0700,2.0700,215,0
NPD.US,5,20131129,181500,2.0800,2.0800,2.0800,2.0800,100,0
NPD.US,5,20131129,185500,2.0800,2.0800,2.0800,2.0800,1200,0
NPD.US,5,20131129,190000,2.0700,2.0700,2.0700,2.0700,1200,0
NPD.US,5,20131129,190500,2.0800,2.0800,2.0800,2.0800,426,0
NPD.US,5,20131202,153500,2.0700,2.0700,2.0400,2.0400,3550,0
NPD.US,5,20131202,154000,2.0400,2.0500,2.0400,2.0500,500,0
NPD.US,5,20131202,154500,2.0600,2.0800,2.0600,2.0800,4200,0
NPD.US,5,20131202,155000,2.0500,2.0600,2.0500,2.0600,11970,0
NPD.US,5,20131202,163000,2.0600,2.0600,2.0600,2.0600,1045,0
NPD.US,5,20131202,163500,2.0500,2.0500,2.0500,2.0500,3554,0
NPD.US,5,20131202,164000,2.0400,2.0400,2.0400,2.0400,800,0
NPD.US,5,20131202,164500,2.0400,2.0400,2.0400,2.0400,100,0
NPD.US,5,20131202,165500,2.0400,2.0400,2.0400,2.0400,3500,0
NPD.US,5,20131202,170000,2.0400,2.0400,2.0400,2.0400,300,0
NPD.US,5,20131202,171000,2.0500,2.0500,2.0500,2.0500,100,0
NPD.US,5,20131202,172500,2.0500,2.0500,2.0500,2.0500,5000,0
NPD.US,5,20131202,173500,2.0500,2.0500,2.0500,2.0500,2000,0
NPD.US,5,20131202,174000,2.0400,2.0400,2.0400,2.0400,1000,0
NPD.US,5,20131202,174500,2.0500,2.0500,2.0500,2.0500,1100,0
NPD.US,5,20131202,175500,2.0400,2.0400,2.0400,2.0400,1550,0
NPD.US,5,20131202,181500,2.0500,2.0500,2.0500,2.0500,1000,0
NPD.US,5,20131202,182000,2.0500,2.0500,2.0500,2.0500,200,0
NPD.US,5,20131202,185000,2.0500,2.0500,2.0500,2.0500,1000,0
NPD.US,5,20131202,193000,2.0400,2.0400,2.0400,2.0400,2400,0
NPD.US,5,20131202,194500,2.0500,2.0500,2.0500,2.0500,3500,0
NPD.US,5,20131202,195500,2.0500,2.0500,2.0500,2.0500,800,0
NPD.US,5,20131202,200000,2.0500,2.0500,2.0500,2.0500,100,0
NPD.US,5,20131202,201500,2.0400,2.0400,2.0400,2.0400,9500,0
NPD.US,5,20131202,203500,2.0400,2.0400,2.0400,2.0400,600,0
NPD.US,5,20131202,204000,2.0400,2.0400,2.0400,2.0400,200,0
NPD.US,5,20131202,205000,2.0400,2.0400,2.0400,2.0400,100,0
NPD.US,5,20131202,205500,2.0400,2.0500,2.0400,2.0500,2300,0
NPD.US,5,20131202,212000,2.0500,2.0500,2.0500,2.0500,100,0
NPD.US,5,20131202,212500,2.0400,2.0500,2.0400,2.0500,4700,0
NPD.US,5,20131202,213500,2.0400,2.0400,2.0400,2.0400,200,0
NPD.US,5,20131202,214000,2.0400,2.0400,2.0300,2.0300,2689,0
NPD.US,5,20131202,215000,2.0300,2.0300,2.0300,2.0300,2301,0
NPD.US,5,20131202,220000,2.0400,2.0400,2.0400,2.0400,2000,0
NPD.US,5,20131202,220500,2.0500,2.0500,2.0500,2.0500,671,0
NPD.US,5,20131203,153500,2.0500,2.0500,2.0500,2.0500,200,0
NPD.US,5,20131203,160000,2.0200,2.0200,2.0100,2.0100,950,0
NPD.US,5,20131203,160500,2.0500,2.0500,2.0500,2.0500,1100,0
NPD.US,5,20131203,161000,2.0100,2.0100,2.0100,2.0100,1000,0
NPD.US,5,20131203,162500,2.0400,2.0400,2.0400,2.0400,500,0
NPD.US,5,20131203,163000,2.0300,2.0300,2.0300,2.0300,1000,0
NPD.US,5,20131203,165500,2.0300,2.0300,2.0000,2.0000,6400,0
NPD.US,5,20131203,171000,2.0100,2.0100,2.0100,2.0100,499,0
NPD.US,5,20131203,173000,2.0100,2.0100,2.0100,2.0100,300,0
NPD.US,5,20131203,173500,2.0100,2.0100,2.0100,2.0100,400,0
NPD.US,5,20131203,180500,2.0100,2.0100,2.0100,2.0100,100,0
NPD.US,5,20131203,181500,2.0200,2.0200,2.0200,2.0200,100,0
NPD.US,5,20131203,182000,2.0100,2.0100,2.0100,2.0100,200,0
NPD.US,5,20131203,183500,2.0100,2.0100,2.0100,2.0100,1000,0
NPD.US,5,20131203,193500,2.0100,2.0100,2.0100,2.0100,1000,0
NPD.US,5,20131203,195000,2.0000,2.0000,2.0000,2.0000,1700,0
NPD.US,5,20131203,200500,2.0100,2.0100,2.0100,2.0100,100,0
NPD.US,5,20131203,202500,2.0100,2.0100,2.0100,2.0100,100,0
NPD.US,5,20131203,205000,2.0000,2.0000,2.0000,2.0000,1401,0
NPD.US,5,20131203,205500,2.0000,2.0000,2.0000,2.0000,1000,0
NPD.US,5,20131203,211000,2.0100,2.0200,2.0100,2.0200,2000,0
NPD.US,5,20131203,213500,2.0100,2.0100,2.0100,2.0100,100,0
NPD.US,5,20131203,214500,2.0000,2.0000,2.0000,2.0000,368,0
NPD.US,5,20131203,220000,2.0000,2.0100,1.9900,2.0100,23999,0
NPD.US,5,20131203,220500,2.0000,2.0000,2.0000,2.0000,471,0
NPD.US,5,20131204,153500,2.0200,2.0200,2.0000,2.0000,14900,0
NPD.US,5,20131204,154500,2.0000,2.0000,2.0000,2.0000,100,0
NPD.US,5,20131204,155000,2.0000,2.0200,2.0000,2.0200,5100,0
NPD.US,5,20131204,160500,2.0000,2.0000,2.0000,2.0000,17692,0
NPD.US,5,20131204,162500,1.9800,1.9900,1.9800,1.9900,6100,0
NPD.US,5,20131204,164000,1.9700,1.9800,1.9700,1.9700,12000,0
NPD.US,5,20131204,164500,1.9700,1.9700,1.9700,1.9700,25000,0
NPD.US,5,20131204,165500,1.9700,1.9700,1.9200,1.9500,600,0
NPD.US,5,20131204,170000,1.9300,1.9300,1.9300,1.9300,2300,0
NPD.US,5,20131204,170500,1.9500,1.9500,1.9300,1.9300,1700,0
NPD.US,5,20131204,171500,1.9800,1.9800,1.9800,1.9800,100,0
NPD.US,5,20131204,172500,1.9800,1.9800,1.9800,1.9800,800,0
NPD.US,5,20131204,173000,1.9500,1.9500,1.9500,1.9500,200,0
NPD.US,5,20131204,173500,1.9800,1.9800,1.9800,1.9800,100,0
NPD.US,5,20131204,181500,1.9400,1.9500,1.9200,1.9500,3000,0
NPD.US,5,20131204,183000,1.9400,1.9500,1.9300,1.9500,7400,0
NPD.US,5,20131204,183500,1.9800,1.9900,1.9800,1.9800,7300,0
NPD.US,5,20131204,190500,1.9700,1.9700,1.9200,1.9200,3000,0
NPD.US,5,20131204,191000,1.9500,1.9500,1.9500,1.9500,135,0
NPD.US,5,20131204,194500,1.9300,1.9300,1.9200,1.9200,3200,0
NPD.US,5,20131204,195500,1.9400,1.9400,1.9400,1.9400,500,0
NPD.US,5,20131204,200000,1.9400,1.9400,1.9000,1.9100,9300,0
NPD.US,5,20131204,200500,1.9300,1.9300,1.9300,1.9300,200,0
NPD.US,5,20131204,202500,1.9100,1.9100,1.9100,1.9100,1000,0
NPD.US,5,20131204,203000,1.9300,1.9300,1.9100,1.9100,2000,0
NPD.US,5,20131204,203500,1.9200,1.9200,1.9200,1.9200,2500,0
NPD.US,5,20131204,204500,1.9200,1.9200,1.9200,1.9200,2500,0
NPD.US,5,20131204,205000,1.9100,1.9100,1.9000,1.9000,4432,0
NPD.US,5,20131204,205500,1.9000,1.9200,1.9000,1.9000,1074,0
NPD.US,5,20131204,210000,1.9000,1.9000,1.9000,1.9000,481,0
NPD.US,5,20131204,210500,1.9000,1.9000,1.9000,1.9000,488,0
NPD.US,5,20131204,211000,1.9000,1.9000,1.9000,1.9000,2500,0
NPD.US,5,20131204,211500,1.9000,1.9000,1.9000,1.9000,1200,0
NPD.US,5,20131204,213000,1.9100,1.9100,1.9100,1.9100,1450,0
NPD.US,5,20131204,213500,1.9400,1.9400,1.9400,1.9400,5000,0
NPD.US,5,20131204,214500,1.9100,1.9100,1.9100,1.9100,500,0
NPD.US,5,20131204,215000,1.9200,1.9300,1.9200,1.9300,600,0
NPD.US,5,20131204,215500,1.9400,1.9400,1.9400,1.9400,2000,0
NPD.US,5,20131204,220000,1.9300,1.9300,1.9000,1.9100,2800,0
NPD.US,5,20131204,220500,1.9000,1.9000,1.9000,1.9000,501,0
NPD.US,5,20131205,153500,1.9300,1.9300,1.9300,1.9300,100,0
NPD.US,5,20131205,154500,1.9400,1.9400,1.9200,1.9200,2575,0
NPD.US,5,20131205,162000,1.9200,1.9200,1.9200,1.9200,5600,0
NPD.US,5,20131205,162500,1.9200,1.9200,1.9200,1.9200,150,0
NPD.US,5,20131205,171500,1.9300,1.9300,1.9200,1.9300,14000,0
NPD.US,5,20131205,172000,1.9400,1.9400,1.9400,1.9400,500,0
NPD.US,5,20131205,172500,1.9300,1.9300,1.9300,1.9300,500,0
NPD.US,5,20131205,173000,1.9200,1.9200,1.9200,1.9200,1295,0
NPD.US,5,20131205,174000,1.9400,1.9400,1.9300,1.9300,4800,0
NPD.US,5,20131205,174500,1.9300,1.9400,1.9300,1.9300,7800,0
NPD.US,5,20131205,180500,1.9400,1.9400,1.9400,1.9400,2000,0
NPD.US,5,20131205,181000,1.9400,1.9400,1.9200,1.9200,2000,0
NPD.US,5,20131205,182000,1.9300,1.9300,1.9300,1.9300,300,0
NPD.US,5,20131205,182500,1.9400,1.9400,1.9400,1.9400,4710,0
NPD.US,5,20131205,183000,1.9400,1.9400,1.9400,1.9400,400,0
NPD.US,5,20131205,184500,1.9500,1.9500,1.9500,1.9500,4600,0
NPD.US,5,20131205,185500,1.9600,1.9600,1.9600,1.9600,100,0
NPD.US,5,20131205,191000,1.9600,1.9600,1.9600,1.9600,100,0
NPD.US,5,20131205,191500,1.9600,1.9600,1.9600,1.9600,500,0
NPD.US,5,20131205,193000,1.9500,1.9500,1.9500,1.9500,550,0
NPD.US,5,20131205,193500,1.9400,1.9400,1.9400,1.9400,400,0
NPD.US,5,20131205,195000,1.9400,1.9400,1.9400,1.9400,100,0
NPD.US,5,20131205,195500,1.9400,1.9400,1.9300,1.9300,2220,0
NPD.US,5,20131205,200000,1.9600,1.9600,1.9600,1.9600,100,0
NPD.US,5,20131205,203000,1.9600,1.9700,1.9600,1.9700,14547,0
NPD.US,5,20131205,203500,1.9700,2.0000,1.9500,2.0000,21553,0
NPD.US,5,20131205,204000,2.0000,2.0000,1.9600,1.9600,18020,0
NPD.US,5,20131205,204500,1.9900,1.9900,1.9900,1.9900,500,0
NPD.US,5,20131205,205000,1.9600,1.9600,1.9400,1.9400,8440,0
NPD.US,5,20131205,205500,1.9400,1.9500,1.9400,1.9500,1400,0
NPD.US,5,20131205,210500,1.9600,1.9600,1.9600,1.9600,3753,0
NPD.US,5,20131205,211000,1.9600,1.9700,1.9600,1.9700,9800,0
NPD.US,5,20131205,211500,1.9700,1.9700,1.9700,1.9700,300,0
NPD.US,5,20131205,212000,1.9900,1.9900,1.9900,1.9900,2000,0
NPD.US,5,20131205,213000,1.9800,1.9900,1.9800,1.9800,4499,0
NPD.US,5,20131205,214000,1.9600,1.9600,1.9500,1.9500,2500,0
NPD.US,5,20131205,215000,1.9500,1.9500,1.9500,1.9500,500,0
NPD.US,5,20131205,215500,1.9800,1.9800,1.9800,1.9800,2000,0
NPD.US,5,20131205,220000,1.9900,1.9900,1.9700,1.9800,2500,0
NPD.US,5,20131205,220500,1.9500,1.9500,1.9500,1.9500,215,0
NPD.US,5,20131206,153500,1.9400,1.9900,1.9400,1.9900,2100,0
NPD.US,5,20131206,154000,1.9900,2.0400,1.9900,2.0400,2421,0
NPD.US,5,20131206,155000,2.0300,2.0300,2.0300,2.0300,255,0
NPD.US,5,20131206,155500,2.0300,2.0400,2.0300,2.0400,3000,0
NPD.US,5,20131206,160000,2.0500,2.0500,2.0500,2.0500,1000,0
NPD.US,5,20131206,160500,2.0100,2.0100,2.0100,2.0100,3930,0
NPD.US,5,20131206,161500,2.0300,2.0300,2.0200,2.0200,900,0
NPD.US,5,20131206,162000,2.0300,2.0300,2.0300,2.0300,2100,0
NPD.US,5,20131206,162500,2.0500,2.0500,2.0500,2.0500,1300,0
NPD.US,5,20131206,164000,2.0500,2.0500,2.0400,2.0400,2000,0
NPD.US,5,20131206,164500,2.0500,2.0500,2.0500,2.0500,100,0
NPD.US,5,20131206,165000,2.0500,2.0500,2.0500,2.0500,630,0
NPD.US,5,20131206,170000,2.0300,2.0300,2.0200,2.0200,1600,0
NPD.US,5,20131206,170500,2.0300,2.0400,2.0300,2.0400,3100,0
NPD.US,5,20131206,171000,2.0400,2.0400,2.0400,2.0400,1000,0
NPD.US,5,20131206,172000,2.0400,2.0500,2.0400,2.0500,11325,0
NPD.US,5,20131206,172500,2.0500,2.0500,2.0500,2.0500,3877,0
NPD.US,5,20131206,173000,2.0400,2.0400,2.0400,2.0400,300,0
NPD.US,5,20131206,175000,2.0500,2.0500,2.0400,2.0400,13000,0
NPD.US,5,20131206,180000,2.0500,2.0500,2.0500,2.0500,900,0
NPD.US,5,20131206,181500,2.0500,2.0500,2.0500,2.0500,1100,0
NPD.US,5,20131206,182000,2.0500,2.0500,2.0500,2.0500,2100,0
NPD.US,5,20131206,183000,2.0500,2.0500,2.0400,2.0500,800,0
NPD.US,5,20131206,185000,2.0500,2.0500,2.0500,2.0500,2100,0
NPD.US,5,20131206,185500,2.0500,2.0500,2.0500,2.0500,500,0
NPD.US,5,20131206,190500,2.0500,2.0600,2.0500,2.0600,3400,0
NPD.US,5,20131206,191000,2.0800,2.0900,2.0700,2.0900,5928,0
NPD.US,5,20131206,192500,2.0900,2.1000,2.0900,2.1000,4546,0
NPD.US,5,20131206,193000,2.0900,2.0900,2.0800,2.0800,600,0
NPD.US,5,20131206,193500,2.0600,2.0600,2.0500,2.0500,1700,0
NPD.US,5,20131206,194000,2.0600,2.0600,2.0600,2.0600,560,0
NPD.US,5,20131206,194500,2.0600,2.0600,2.0600,2.0600,600,0
NPD.US,5,20131206,195000,2.0800,2.0800,2.0800,2.0800,250,0
NPD.US,5,20131206,200000,2.0500,2.0500,2.0500,2.0500,300,0
NPD.US,5,20131206,201000,2.0600,2.0600,2.0600,2.0600,1300,0
NPD.US,5,20131206,201500,2.0800,2.0800,2.0600,2.0800,3500,0
NPD.US,5,20131206,202000,2.0800,2.0800,2.0800,2.0800,200,0
NPD.US,5,20131206,203000,2.0800,2.0800,2.0800,2.0800,3000,0
NPD.US,5,20131206,203500,2.0800,2.0800,2.0800,2.0800,3600,0
NPD.US,5,20131206,204000,2.0700,2.0700,2.0700,2.0700,350,0
NPD.US,5,20131206,204500,2.0700,2.0700,2.0700,2.0700,200,0
NPD.US,5,20131206,205000,2.0700,2.0700,2.0700,2.0700,2600,0
NPD.US,5,20131206,210000,2.0700,2.0700,2.0700,2.0700,100,0
NPD.US,5,20131206,210500,2.0700,2.0700,2.0700,2.0700,200,0
NPD.US,5,20131206,213000,2.0500,2.0500,2.0500,2.0500,1000,0
NPD.US,5,20131206,213500,2.0700,2.0800,2.0500,2.0800,10600,0
NPD.US,5,20131206,214000,2.0600,2.0600,2.0600,2.0600,500,0
NPD.US,5,20131206,214500,2.0800,2.0800,2.0800,2.0800,11341,0
NPD.US,5,20131206,215000,2.0800,2.0800,2.0800,2.0800,2000,0
NPD.US,5,20131206,215500,2.0700,2.0700,2.0700,2.0700,600,0
NPD.US,5,20131206,220000,2.0700,2.0800,2.0700,2.0800,2166,0
NPD.US,5,20131206,220500,2.0700,2.0700,2.0700,2.0700,100,0
NPD.US,5,20131209,153500,2.1000,2.1400,2.1000,2.1400,14598,0
NPD.US,5,20131209,154000,2.1400,2.1400,2.1400,2.1400,1000,0
NPD.US,5,20131209,154500,2.1400,2.1400,2.1400,2.1400,3100,0
NPD.US,5,20131209,155000,2.1300,2.1300,2.1200,2.1200,2900,0
NPD.US,5,20131209,160000,2.1100,2.1100,2.1100,2.1100,7200,0
NPD.US,5,20131209,161000,2.1100,2.1300,2.1100,2.1300,6280,0
NPD.US,5,20131209,162000,2.1300,2.1300,2.1300,2.1300,200,0
NPD.US,5,20131209,163500,2.1200,2.1300,2.1200,2.1300,2754,0
NPD.US,5,20131209,164000,2.1400,2.1400,2.1300,2.1400,5051,0
NPD.US,5,20131209,164500,2.1500,2.1500,2.1500,2.1500,8100,0
NPD.US,5,20131209,165000,2.1700,2.1700,2.1700,2.1700,600,0
NPD.US,5,20131209,170000,2.1600,2.1800,2.1600,2.1800,4900,0
NPD.US,5,20131209,170500,2.1800,2.1800,2.1800,2.1800,8694,0
NPD.US,5,20131209,171000,2.2000,2.2000,2.2000,2.2000,1200,0
NPD.US,5,20131209,171500,2.2000,2.2000,2.1800,2.2000,4100,0
NPD.US,5,20131209,172000,2.2000,2.2000,2.1900,2.1900,7600,0
NPD.US,5,20131209,172500,2.2000,2.2000,2.2000,2.2000,400,0
NPD.US,5,20131209,173000,2.2000,2.2000,2.1900,2.1900,5555,0
NPD.US,5,20131209,173500,2.1900,2.1900,2.1500,2.1600,11924,0
NPD.US,5,20131209,174000,2.1400,2.1400,2.1300,2.1300,1700,0
NPD.US,5,20131209,174500,2.1400,2.1400,2.1400,2.1400,2000,0
NPD.US,5,20131209,175000,2.1400,2.1800,2.1400,2.1800,25800,0
NPD.US,5,20131209,175500,2.1800,2.2000,2.1800,2.2000,2600,0
NPD.US,5,20131209,180000,2.2000,2.2000,2.2000,2.2000,500,0
NPD.US,5,20131209,181000,2.1900,2.1900,2.1800,2.1900,3500,0
NPD.US,5,20131209,181500,2.1900,2.1900,2.1900,2.1900,3500,0
NPD.US,5,20131209,182000,2.1800,2.1900,2.1500,2.1900,5200,0
NPD.US,5,20131209,184000,2.1900,2.1900,2.1900,2.1900,1400,0
NPD.US,5,20131209,184500,2.1900,2.1900,2.1600,2.1700,3580,0
NPD.US,5,20131209,185000,2.1600,2.1800,2.1600,2.1800,1950,0
NPD.US,5,20131209,190500,2.1800,2.1800,2.1800,2.1800,4100,0
NPD.US,5,20131209,191000,2.1800,2.1800,2.1700,2.1700,700,0
NPD.US,5,20131209,192000,2.1700,2.1700,2.1700,2.1700,100,0
NPD.US,5,20131209,193500,2.1800,2.1800,2.1600,2.1600,850,0
NPD.US,5,20131209,194500,2.1800,2.1800,2.1800,2.1800,727,0
NPD.US,5,20131209,201000,2.1600,2.1600,2.1600,2.1600,1000,0
NPD.US,5,20131209,201500,2.1600,2.1600,2.1600,2.1600,500,0
NPD.US,5,20131209,202000,2.1700,2.1700,2.1700,2.1700,500,0
NPD.US,5,20131209,203500,2.1800,2.1800,2.1800,2.1800,100,0
NPD.US,5,20131209,204500,2.1800,2.1800,2.1800,2.1800,400,0
NPD.US,5,20131209,205000,2.1800,2.2000,2.1800,2.2000,14850,0
NPD.US,5,20131209,205500,2.2000,2.2000,2.1900,2.2000,17210,0
NPD.US,5,20131209,210000,2.2000,2.2000,2.2000,2.2000,1000,0
NPD.US,5,20131209,211000,2.1800,2.1800,2.1800,2.1800,300,0
NPD.US,5,20131209,212000,2.1800,2.1800,2.1800,2.1800,600,0
NPD.US,5,20131209,213000,2.2000,2.2000,2.2000,2.2000,3500,0
NPD.US,5,20131209,213500,2.1800,2.2000,2.1800,2.2000,400,0
NPD.US,5,20131209,214000,2.1800,2.1800,2.1800,2.1800,5452,0
NPD.US,5,20131209,215000,2.1800,2.1800,2.1800,2.1800,1600,0
NPD.US,5,20131209,215500,2.1800,2.2000,2.1800,2.2000,10900,0
NPD.US,5,20131209,220000,2.1900,2.2000,2.1900,2.1900,3150,0
NPD.US,5,20131209,220500,2.1800,2.1800,2.1800,2.1800,531,0
