<TICKER>,<PER>,<DTYYYYMMDD>,<TIME>,<OPEN>,<HIGH>,<LOW>,<CLOSE>,<VOL>,<OPENINT>
NUC.US,5,20131112,154500,14.5800,14.5800,14.5500,14.5500,2719,0
NUC.US,5,20131112,160000,14.5900,14.5900,14.5900,14.5900,500,0
NUC.US,5,20131112,162500,14.5800,14.5800,14.5500,14.5500,1210,0
NUC.US,5,20131112,163000,14.5700,14.5800,14.5500,14.5500,4024,0
NUC.US,5,20131112,163500,14.5700,14.5700,14.5700,14.5700,105,0
NUC.US,5,20131112,165000,14.5600,14.5700,14.5600,14.5600,2300,0
NUC.US,5,20131112,170000,14.5600,14.5600,14.5600,14.5600,150,0
NUC.US,5,20131112,172000,14.5600,14.5600,14.5600,14.5600,200,0
NUC.US,5,20131112,173500,14.5500,14.5700,14.5400,14.5700,1500,0
NUC.US,5,20131112,175000,14.5600,14.5600,14.5400,14.5400,1100,0
NUC.US,5,20131112,180500,14.5400,14.5400,14.5400,14.5400,250,0
NUC.US,5,20131112,181500,14.5400,14.5500,14.5400,14.5500,2566,0
NUC.US,5,20131112,184000,14.5400,14.5400,14.5400,14.5400,808,0
NUC.US,5,20131112,190000,14.5400,14.5400,14.5000,14.5000,6360,0
NUC.US,5,20131112,191000,14.5100,14.5300,14.5100,14.5100,3056,0
NUC.US,5,20131112,192500,14.5100,14.5100,14.5100,14.5100,900,0
NUC.US,5,20131112,193000,14.5000,14.5000,14.5000,14.5000,1400,0
NUC.US,5,20131112,194000,14.5000,14.5000,14.4900,14.4900,700,0
NUC.US,5,20131112,195000,14.4900,14.4900,14.4900,14.4900,1400,0
NUC.US,5,20131112,200500,14.5000,14.5000,14.5000,14.5000,1793,0
NUC.US,5,20131112,201000,14.5200,14.5200,14.5200,14.5200,500,0
NUC.US,5,20131112,202000,14.5200,14.5200,14.5200,14.5200,850,0
NUC.US,5,20131112,210500,14.5200,14.5300,14.5200,14.5300,222,0
NUC.US,5,20131112,214000,14.5500,14.5500,14.5400,14.5400,1300,0
NUC.US,5,20131112,215000,14.5300,14.5300,14.5300,14.5300,200,0
NUC.US,5,20131112,215500,14.5300,14.5300,14.5300,14.5300,700,0
NUC.US,5,20131113,155000,14.4100,14.4100,14.4000,14.4000,1900,0
NUC.US,5,20131113,160000,14.3900,14.3900,14.3900,14.3900,100,0
NUC.US,5,20131113,160500,14.3900,14.3900,14.3500,14.3500,2883,0
NUC.US,5,20131113,162500,14.3400,14.3400,14.3400,14.3400,100,0
NUC.US,5,20131113,163000,14.3400,14.3400,14.3400,14.3400,300,0
NUC.US,5,20131113,165000,14.3700,14.3700,14.3700,14.3700,425,0
NUC.US,5,20131113,165500,14.3700,14.3700,14.3700,14.3700,300,0
NUC.US,5,20131113,170000,14.4100,14.4100,14.4100,14.4100,400,0
NUC.US,5,20131113,172500,14.4200,14.4200,14.4200,14.4200,200,0
NUC.US,5,20131113,173000,14.4200,14.4200,14.4200,14.4200,200,0
NUC.US,5,20131113,174000,14.4100,14.4100,14.4100,14.4100,200,0
NUC.US,5,20131113,174500,14.4100,14.4100,14.4100,14.4100,373,0
NUC.US,5,20131113,175500,14.4200,14.4200,14.3700,14.3700,300,0
NUC.US,5,20131113,180000,14.3700,14.3700,14.3600,14.3600,300,0
NUC.US,5,20131113,180500,14.3500,14.3600,14.3200,14.3500,3796,0
NUC.US,5,20131113,181000,14.4100,14.4100,14.3900,14.3900,1000,0
NUC.US,5,20131113,181500,14.3300,14.3300,14.3300,14.3300,1500,0
NUC.US,5,20131113,183500,14.3400,14.3500,14.3400,14.3500,2400,0
NUC.US,5,20131113,191000,14.4100,14.4100,14.4100,14.4100,1000,0
NUC.US,5,20131113,192000,14.3500,14.3500,14.3400,14.3400,616,0
NUC.US,5,20131113,192500,14.3400,14.3400,14.3400,14.3400,100,0
NUC.US,5,20131113,194000,14.3400,14.3400,14.3400,14.3400,400,0
NUC.US,5,20131113,195000,14.3400,14.3400,14.3400,14.3400,400,0
NUC.US,5,20131113,200500,14.3400,14.3500,14.3300,14.3300,2964,0
NUC.US,5,20131113,201500,14.3500,14.3500,14.3500,14.3500,200,0
NUC.US,5,20131113,202000,14.3500,14.3500,14.3000,14.3100,7000,0
NUC.US,5,20131113,202500,14.3100,14.3100,14.3100,14.3100,100,0
NUC.US,5,20131113,203000,14.3200,14.3400,14.3200,14.3400,300,0
NUC.US,5,20131113,203500,14.3400,14.3400,14.3400,14.3400,100,0
NUC.US,5,20131113,204000,14.3500,14.3500,14.3500,14.3500,400,0
NUC.US,5,20131113,204500,14.3500,14.4100,14.3500,14.4100,7593,0
NUC.US,5,20131113,210500,14.3100,14.3100,14.3100,14.3100,300,0
NUC.US,5,20131113,211000,14.3100,14.3100,14.3100,14.3100,100,0
NUC.US,5,20131113,212000,14.3100,14.3100,14.3100,14.3100,200,0
NUC.US,5,20131113,212500,14.3000,14.3000,14.3000,14.3000,800,0
NUC.US,5,20131113,214000,14.3100,14.3100,14.3100,14.3100,300,0
NUC.US,5,20131113,215500,14.3000,14.3000,14.3000,14.3000,1100,0
NUC.US,5,20131113,220000,14.3100,14.3500,14.2400,14.3000,2150,0
NUC.US,5,20131114,153500,14.2500,14.2500,14.2500,14.2500,1669,0
NUC.US,5,20131114,154500,14.3100,14.3100,14.3000,14.3000,1180,0
NUC.US,5,20131114,155500,14.3300,14.3300,14.3300,14.3300,100,0
NUC.US,5,20131114,160500,14.3300,14.3300,14.3300,14.3300,400,0
NUC.US,5,20131114,164500,14.3600,14.3700,14.3500,14.3700,1010,0
NUC.US,5,20131114,165500,14.3800,14.3800,14.3800,14.3800,100,0
NUC.US,5,20131114,171500,14.3800,14.3800,14.3800,14.3800,100,0
NUC.US,5,20131114,172000,14.3500,14.3900,14.3500,14.3900,2637,0
NUC.US,5,20131114,172500,14.3900,14.3900,14.3800,14.3800,2100,0
NUC.US,5,20131114,173500,14.3900,14.3900,14.3900,14.3900,415,0
NUC.US,5,20131114,174000,14.4000,14.4000,14.3700,14.3700,300,0
NUC.US,5,20131114,174500,14.3900,14.3900,14.3700,14.3700,200,0
NUC.US,5,20131114,181500,14.4100,14.4100,14.4100,14.4100,300,0
NUC.US,5,20131114,182000,14.4100,14.4100,14.4100,14.4100,200,0
NUC.US,5,20131114,182500,14.4100,14.4200,14.4100,14.4200,200,0
NUC.US,5,20131114,183000,14.4200,14.4200,14.3900,14.4200,400,0
NUC.US,5,20131114,183500,14.3700,14.3700,14.3300,14.3300,2276,0
NUC.US,5,20131114,185500,14.3500,14.3500,14.3500,14.3500,300,0
NUC.US,5,20131114,190500,14.3500,14.3500,14.3500,14.3500,300,0
NUC.US,5,20131114,191500,14.3500,14.3500,14.3500,14.3500,300,0
NUC.US,5,20131114,192000,14.3900,14.3900,14.3200,14.3200,4529,0
NUC.US,5,20131114,192500,14.3500,14.3500,14.3200,14.3200,1300,0
NUC.US,5,20131114,193500,14.3200,14.3200,14.3200,14.3200,300,0
NUC.US,5,20131114,194500,14.3200,14.3600,14.3200,14.3600,781,0
NUC.US,5,20131114,195500,14.3000,14.3000,14.3000,14.3000,100,0
NUC.US,5,20131114,200000,14.3100,14.3500,14.2900,14.3500,1800,0
NUC.US,5,20131114,200500,14.3000,14.3000,14.2900,14.3000,600,0
NUC.US,5,20131114,201000,14.2900,14.2900,14.2900,14.2900,200,0
NUC.US,5,20131114,201500,14.2900,14.2900,14.2900,14.2900,200,0
NUC.US,5,20131114,202000,14.2900,14.2900,14.2900,14.2900,100,0
NUC.US,5,20131114,202500,14.3100,14.3100,14.2900,14.2900,600,0
NUC.US,5,20131114,203000,14.2900,14.2900,14.2900,14.2900,200,0
NUC.US,5,20131114,203500,14.2900,14.2900,14.2700,14.2700,400,0
NUC.US,5,20131114,204000,14.3400,14.3400,14.2700,14.2700,500,0
NUC.US,5,20131114,204500,14.3100,14.3200,14.3100,14.3100,3000,0
NUC.US,5,20131114,205000,14.2700,14.2700,14.2700,14.2700,300,0
NUC.US,5,20131114,205500,14.2700,14.3000,14.2500,14.2600,2700,0
NUC.US,5,20131114,210500,14.2500,14.2500,14.2500,14.2500,232,0
NUC.US,5,20131114,211000,14.2500,14.2500,14.2500,14.2500,300,0
NUC.US,5,20131114,211500,14.2500,14.2500,14.2500,14.2500,300,0
NUC.US,5,20131114,212500,14.2500,14.2500,14.2500,14.2500,200,0
NUC.US,5,20131114,213000,14.2500,14.2500,14.2500,14.2500,200,0
NUC.US,5,20131114,213500,14.2500,14.2500,14.2500,14.2500,200,0
NUC.US,5,20131114,214000,14.2400,14.2400,14.2400,14.2400,300,0
NUC.US,5,20131114,214500,14.2700,14.2700,14.2100,14.2100,780,0
NUC.US,5,20131114,215000,14.2000,14.2000,14.2000,14.2000,200,0
NUC.US,5,20131114,215500,14.2000,14.2000,14.2000,14.2000,300,0
NUC.US,5,20131114,220000,14.2000,14.2600,14.1800,14.2000,3233,0
NUC.US,5,20131115,154000,14.1800,14.1800,14.1800,14.1800,200,0
NUC.US,5,20131115,154500,14.2300,14.2500,14.1800,14.1800,1600,0
NUC.US,5,20131115,155000,14.1600,14.2200,14.1600,14.2100,1500,0
NUC.US,5,20131115,155500,14.2000,14.2100,14.1600,14.1600,1300,0
NUC.US,5,20131115,160000,14.1600,14.1600,14.1600,14.1600,200,0
NUC.US,5,20131115,160500,14.1600,14.1600,14.1600,14.1600,200,0
NUC.US,5,20131115,161000,14.1600,14.1600,14.1600,14.1600,100,0
NUC.US,5,20131115,161500,14.1600,14.1900,14.1600,14.1600,400,0
NUC.US,5,20131115,162000,14.1900,14.2300,14.1900,14.2300,2904,0
NUC.US,5,20131115,162500,14.2300,14.2300,14.2300,14.2300,100,0
NUC.US,5,20131115,163000,14.2300,14.2300,14.1900,14.2300,402,0
NUC.US,5,20131115,173500,14.2000,14.2000,14.2000,14.2000,100,0
NUC.US,5,20131115,174000,14.1900,14.1900,14.1900,14.1900,200,0
NUC.US,5,20131115,174500,14.2200,14.2500,14.2200,14.2500,1959,0
NUC.US,5,20131115,175000,14.2700,14.2900,14.2700,14.2900,5011,0
NUC.US,5,20131115,180500,14.2500,14.2500,14.2100,14.2100,1850,0
NUC.US,5,20131115,181500,14.2200,14.2200,14.2200,14.2200,100,0
NUC.US,5,20131115,182000,14.2100,14.2100,14.2100,14.2100,100,0
NUC.US,5,20131115,182500,14.2200,14.2200,14.2200,14.2200,100,0
NUC.US,5,20131115,183000,14.2100,14.2100,14.2100,14.2100,200,0
NUC.US,5,20131115,183500,14.2100,14.2100,14.2100,14.2100,1193,0
NUC.US,5,20131115,184000,14.2100,14.2100,14.2100,14.2100,100,0
NUC.US,5,20131115,184500,14.2100,14.2100,14.2100,14.2100,100,0
NUC.US,5,20131115,185000,14.2100,14.2100,14.2100,14.2100,100,0
NUC.US,5,20131115,190000,14.2600,14.2600,14.2100,14.2100,1900,0
NUC.US,5,20131115,190500,14.2400,14.2400,14.2400,14.2400,100,0
NUC.US,5,20131115,191000,14.1900,14.1900,14.1900,14.1900,100,0
NUC.US,5,20131115,191500,14.2000,14.2000,14.2000,14.2000,100,0
NUC.US,5,20131115,192000,14.2300,14.2300,14.2000,14.2000,200,0
NUC.US,5,20131115,192500,14.2000,14.2000,14.2000,14.2000,100,0
NUC.US,5,20131115,193000,14.2400,14.2400,14.2400,14.2400,500,0
NUC.US,5,20131115,193500,14.2100,14.2100,14.2100,14.2100,670,0
NUC.US,5,20131115,194000,14.2100,14.2100,14.2100,14.2100,100,0
NUC.US,5,20131115,195000,14.2000,14.2000,14.2000,14.2000,100,0
NUC.US,5,20131115,195500,14.2000,14.2000,14.2000,14.2000,100,0
NUC.US,5,20131115,200000,14.2000,14.2000,14.2000,14.2000,200,0
NUC.US,5,20131115,200500,14.2000,14.2000,14.2000,14.2000,100,0
NUC.US,5,20131115,201000,14.2000,14.2000,14.2000,14.2000,100,0
NUC.US,5,20131115,201500,14.2000,14.2000,14.2000,14.2000,100,0
NUC.US,5,20131115,202000,14.2000,14.2000,14.2000,14.2000,200,0
NUC.US,5,20131115,202500,14.2000,14.2000,14.2000,14.2000,200,0
NUC.US,5,20131115,203500,14.2000,14.2000,14.2000,14.2000,100,0
NUC.US,5,20131115,204000,14.2000,14.2000,14.1800,14.1800,200,0
NUC.US,5,20131115,204500,14.2000,14.2000,14.2000,14.2000,100,0
NUC.US,5,20131115,205000,14.2000,14.2000,14.2000,14.2000,100,0
NUC.US,5,20131115,205500,14.2000,14.2000,14.2000,14.2000,200,0
NUC.US,5,20131115,210000,14.2000,14.2000,14.2000,14.2000,100,0
NUC.US,5,20131115,210500,14.2000,14.2000,14.2000,14.2000,200,0
NUC.US,5,20131115,211000,14.2000,14.2000,14.2000,14.2000,100,0
NUC.US,5,20131115,211500,14.2000,14.2000,14.2000,14.2000,200,0
NUC.US,5,20131115,212000,14.2000,14.2000,14.2000,14.2000,100,0
NUC.US,5,20131115,212500,14.2300,14.2500,14.2300,14.2500,600,0
NUC.US,5,20131115,213500,14.2100,14.2100,14.2100,14.2100,100,0
NUC.US,5,20131115,214000,14.2400,14.2400,14.2000,14.2000,2200,0
NUC.US,5,20131115,214500,14.2000,14.2000,14.2000,14.2000,300,0
NUC.US,5,20131115,215000,14.2000,14.2200,14.2000,14.2200,4640,0
NUC.US,5,20131115,215500,14.2100,14.2100,14.2100,14.2100,200,0
NUC.US,5,20131115,220000,14.1700,14.1700,14.1700,14.1700,760,0
NUC.US,5,20131115,220500,14.2100,14.2100,14.2100,14.2100,115,0
NUC.US,5,20131118,154000,14.1700,14.1700,14.1700,14.1700,1000,0
NUC.US,5,20131118,155000,14.1600,14.1600,14.1500,14.1500,1000,0
NUC.US,5,20131118,155500,14.1500,14.1500,14.1400,14.1400,1590,0
NUC.US,5,20131118,160000,14.1300,14.1300,14.1300,14.1300,100,0
NUC.US,5,20131118,160500,14.1200,14.1200,14.1200,14.1200,300,0
NUC.US,5,20131118,161500,14.1500,14.1500,14.1300,14.1300,700,0
NUC.US,5,20131118,162000,14.1400,14.1400,14.1400,14.1400,200,0
NUC.US,5,20131118,163000,14.1400,14.1400,14.1400,14.1400,1032,0
NUC.US,5,20131118,163500,14.1500,14.1800,14.1500,14.1800,800,0
NUC.US,5,20131118,164000,14.2000,14.2000,14.2000,14.2000,200,0
NUC.US,5,20131118,164500,14.2000,14.2000,14.2000,14.2000,1249,0
NUC.US,5,20131118,165000,14.1900,14.1900,14.1900,14.1900,100,0
NUC.US,5,20131118,170500,14.1900,14.1900,14.1900,14.1900,200,0
NUC.US,5,20131118,171000,14.1900,14.1900,14.1900,14.1900,500,0
NUC.US,5,20131118,171500,14.1900,14.1900,14.1900,14.1900,200,0
NUC.US,5,20131118,172500,14.1900,14.1900,14.1900,14.1900,300,0
NUC.US,5,20131118,173500,14.2000,14.2000,14.2000,14.2000,400,0
NUC.US,5,20131118,174000,14.1900,14.1900,14.1900,14.1900,200,0
NUC.US,5,20131118,174500,14.2000,14.2000,14.2000,14.2000,500,0
NUC.US,5,20131118,175500,14.2100,14.2100,14.2100,14.2100,200,0
NUC.US,5,20131118,181000,14.1900,14.1900,14.1900,14.1900,200,0
NUC.US,5,20131118,181500,14.1900,14.1900,14.1900,14.1900,100,0
NUC.US,5,20131118,182000,14.1800,14.1800,14.1800,14.1800,200,0
NUC.US,5,20131118,182500,14.2000,14.2100,14.2000,14.2100,1322,0
NUC.US,5,20131118,184000,14.1700,14.1700,14.1700,14.1700,200,0
NUC.US,5,20131118,185000,14.1600,14.1600,14.1600,14.1600,100,0
NUC.US,5,20131118,190500,14.2200,14.2200,14.1800,14.1800,1100,0
NUC.US,5,20131118,191000,14.1600,14.1600,14.1600,14.1600,100,0
NUC.US,5,20131118,191500,14.1600,14.2400,14.1600,14.2400,700,0
NUC.US,5,20131118,192000,14.2400,14.2400,14.2400,14.2400,1458,0
NUC.US,5,20131118,193000,14.2400,14.2400,14.2300,14.2300,978,0
NUC.US,5,20131118,193500,14.2300,14.2300,14.2300,14.2300,674,0
NUC.US,5,20131118,194000,14.2100,14.2100,14.2100,14.2100,200,0
NUC.US,5,20131118,195000,14.2100,14.2100,14.2100,14.2100,300,0
NUC.US,5,20131118,195500,14.2300,14.2300,14.2300,14.2300,300,0
NUC.US,5,20131118,201000,14.2200,14.2200,14.2000,14.2000,1619,0
NUC.US,5,20131118,201500,14.2300,14.2300,14.2300,14.2300,100,0
NUC.US,5,20131118,202000,14.2300,14.2300,14.2300,14.2300,500,0
NUC.US,5,20131118,202500,14.1900,14.1900,14.1900,14.1900,4000,0
NUC.US,5,20131118,203000,14.2200,14.2200,14.2200,14.2200,200,0
NUC.US,5,20131118,203500,14.2300,14.2300,14.2300,14.2300,100,0
NUC.US,5,20131118,204000,14.2500,14.2500,14.2200,14.2300,300,0
NUC.US,5,20131118,204500,14.2400,14.2500,14.2400,14.2500,200,0
NUC.US,5,20131118,205000,14.2500,14.2600,14.2400,14.2400,2550,0
NUC.US,5,20131118,205500,14.2300,14.2300,14.2300,14.2300,200,0
NUC.US,5,20131118,210000,14.2300,14.2300,14.2300,14.2300,100,0
NUC.US,5,20131118,211000,14.2100,14.2100,14.2100,14.2100,2000,0
NUC.US,5,20131118,212000,14.2500,14.2500,14.2000,14.2000,1700,0
NUC.US,5,20131118,212500,14.2400,14.2400,14.2000,14.2000,300,0
NUC.US,5,20131118,213000,14.2400,14.2400,14.2000,14.2400,1192,0
NUC.US,5,20131118,213500,14.2400,14.2400,14.2200,14.2400,300,0
NUC.US,5,20131118,214500,14.2000,14.2000,14.2000,14.2000,200,0
NUC.US,5,20131118,215000,14.2300,14.2300,14.2100,14.2100,500,0
NUC.US,5,20131118,215500,14.2000,14.2000,14.2000,14.2000,1500,0
NUC.US,5,20131118,220000,14.2000,14.2100,14.1100,14.1100,4504,0
NUC.US,5,20131118,220500,14.2000,14.2000,14.2000,14.2000,408,0
NUC.US,5,20131119,153500,14.1000,14.1300,14.1000,14.1300,1175,0
NUC.US,5,20131119,154000,14.1300,14.1300,14.1000,14.1000,700,0
NUC.US,5,20131119,161000,14.1200,14.1200,14.1100,14.1200,1900,0
NUC.US,5,20131119,161500,14.1200,14.1200,14.1200,14.1200,300,0
NUC.US,5,20131119,162000,14.1000,14.1000,14.1000,14.1000,290,0
NUC.US,5,20131119,163000,14.1200,14.1200,14.1200,14.1200,200,0
NUC.US,5,20131119,163500,14.1300,14.1600,14.1300,14.1600,900,0
NUC.US,5,20131119,164000,14.1700,14.2000,14.1700,14.2000,2500,0
NUC.US,5,20131119,164500,14.1800,14.1800,14.1800,14.1800,100,0
NUC.US,5,20131119,173000,14.2000,14.2000,14.2000,14.2000,122,0
NUC.US,5,20131119,174000,14.2100,14.2100,14.2100,14.2100,100,0
NUC.US,5,20131119,175000,14.1500,14.1500,14.1500,14.1500,200,0
NUC.US,5,20131119,175500,14.1300,14.1900,14.1300,14.1900,1332,0
NUC.US,5,20131119,180000,14.2100,14.2100,14.2100,14.2100,100,0
NUC.US,5,20131119,184000,14.1800,14.1800,14.1800,14.1800,300,0
NUC.US,5,20131119,185000,14.2100,14.2100,14.2100,14.2100,153,0
NUC.US,5,20131119,185500,14.2100,14.2100,14.2100,14.2100,200,0
NUC.US,5,20131119,190000,14.2100,14.2100,14.2100,14.2100,400,0
NUC.US,5,20131119,191000,14.2100,14.2100,14.2100,14.2100,200,0
NUC.US,5,20131119,191500,14.2200,14.2200,14.2200,14.2200,1000,0
NUC.US,5,20131119,193500,14.2400,14.2400,14.2400,14.2400,100,0
NUC.US,5,20131119,195500,14.2300,14.2300,14.2300,14.2300,100,0
NUC.US,5,20131119,201000,14.2300,14.2300,14.2300,14.2300,200,0
NUC.US,5,20131119,203500,14.2300,14.2300,14.2300,14.2300,100,0
NUC.US,5,20131119,205500,14.2100,14.2100,14.2100,14.2100,1000,0
NUC.US,5,20131119,210500,14.2300,14.2300,14.2300,14.2300,465,0
NUC.US,5,20131119,211500,14.2000,14.2000,14.2000,14.2000,259,0
NUC.US,5,20131119,212000,14.2400,14.2400,14.2400,14.2400,100,0
NUC.US,5,20131119,213000,14.2400,14.2500,14.2400,14.2400,4200,0
NUC.US,5,20131119,215000,14.2000,14.2400,14.2000,14.2400,1175,0
NUC.US,5,20131119,215500,14.2000,14.2100,14.2000,14.2100,1333,0
NUC.US,5,20131119,220000,14.2100,14.2100,14.2100,14.2100,500,0
NUC.US,5,20131120,153500,14.2000,14.2000,14.2000,14.2000,300,0
NUC.US,5,20131120,154000,14.1300,14.1300,14.1300,14.1300,200,0
NUC.US,5,20131120,154500,14.1300,14.1300,14.1300,14.1300,200,0
NUC.US,5,20131120,155000,14.1300,14.1300,14.1100,14.1100,300,0
NUC.US,5,20131120,155500,14.1300,14.1300,14.1300,14.1300,100,0
NUC.US,5,20131120,160000,14.1300,14.1300,14.1300,14.1300,100,0
NUC.US,5,20131120,160500,14.1300,14.1300,14.1300,14.1300,100,0
NUC.US,5,20131120,161000,14.1300,14.1300,14.1300,14.1300,100,0
NUC.US,5,20131120,162000,14.1300,14.1300,14.1300,14.1300,100,0
NUC.US,5,20131120,163000,14.1400,14.1400,14.1400,14.1400,100,0
NUC.US,5,20131120,164000,14.1300,14.1600,14.1300,14.1600,400,0
NUC.US,5,20131120,165000,14.1700,14.2000,14.1700,14.1900,1300,0
NUC.US,5,20131120,165500,14.1800,14.1800,14.1800,14.1800,100,0
NUC.US,5,20131120,170000,14.1700,14.1700,14.1700,14.1700,300,0
NUC.US,5,20131120,171000,14.1400,14.1400,14.1400,14.1400,100,0
NUC.US,5,20131120,171500,14.1500,14.1500,14.1500,14.1500,100,0
NUC.US,5,20131120,172000,14.1500,14.1500,14.1500,14.1500,100,0
NUC.US,5,20131120,172500,14.1500,14.1900,14.1500,14.1800,1100,0
NUC.US,5,20131120,173000,14.1600,14.1600,14.1600,14.1600,100,0
NUC.US,5,20131120,180000,14.1900,14.2000,14.1900,14.2000,1232,0
NUC.US,5,20131120,181500,14.1500,14.1800,14.1300,14.1600,1885,0
NUC.US,5,20131120,182000,14.1900,14.2100,14.1900,14.2100,2959,0
NUC.US,5,20131120,184000,14.1900,14.2000,14.1900,14.2000,2000,0
NUC.US,5,20131120,190000,14.2000,14.2000,14.2000,14.2000,750,0
NUC.US,5,20131120,190500,14.2000,14.2000,14.2000,14.2000,100,0
NUC.US,5,20131120,191500,14.1700,14.1700,14.1500,14.1500,5840,0
NUC.US,5,20131120,194000,14.1900,14.1900,14.1900,14.1900,500,0
NUC.US,5,20131120,194500,14.2100,14.2100,14.2000,14.2000,2500,0
NUC.US,5,20131120,200000,14.1500,14.1600,14.1500,14.1600,1102,0
NUC.US,5,20131120,200500,14.1500,14.1700,14.1000,14.1000,9120,0
NUC.US,5,20131120,201500,14.1200,14.1700,14.1200,14.1700,2000,0
NUC.US,5,20131120,202000,14.1600,14.1600,14.1600,14.1600,875,0
NUC.US,5,20131120,202500,14.1600,14.1600,14.1600,14.1600,726,0
NUC.US,5,20131120,204500,14.1700,14.1700,14.1700,14.1700,200,0
NUC.US,5,20131120,211000,14.1800,14.1800,14.1500,14.1600,3459,0
NUC.US,5,20131120,211500,14.1500,14.1500,14.1400,14.1400,1000,0
NUC.US,5,20131120,212000,14.1500,14.1500,14.1500,14.1500,100,0
NUC.US,5,20131120,214000,14.1500,14.2300,14.1500,14.2300,3134,0
NUC.US,5,20131120,214500,14.2000,14.2100,14.2000,14.2100,1100,0
NUC.US,5,20131120,215000,14.2000,14.2000,14.2000,14.2000,100,0
NUC.US,5,20131120,215500,14.1900,14.1900,14.1900,14.1900,200,0
NUC.US,5,20131120,220000,14.1900,14.1900,14.1900,14.1900,100,0
NUC.US,5,20131121,155000,14.1100,14.1100,14.0600,14.0600,3200,0
NUC.US,5,20131121,161000,14.0600,14.0600,14.0600,14.0600,100,0
NUC.US,5,20131121,163000,14.1000,14.1200,14.1000,14.1100,500,0
NUC.US,5,20131121,164000,14.1300,14.1300,14.1300,14.1300,2300,0
NUC.US,5,20131121,172000,14.1000,14.1000,14.1000,14.1000,500,0
NUC.US,5,20131121,173000,14.1600,14.1900,14.1600,14.1900,400,0
NUC.US,5,20131121,173500,14.1800,14.1800,14.1800,14.1800,100,0
NUC.US,5,20131121,174000,14.1900,14.1900,14.1900,14.1900,100,0
NUC.US,5,20131121,181500,14.1900,14.2100,14.1900,14.2100,600,0
NUC.US,5,20131121,182000,14.1900,14.1900,14.1400,14.1500,5800,0
NUC.US,5,20131121,184500,14.1400,14.1400,14.1200,14.1200,1001,0
NUC.US,5,20131121,192000,14.1800,14.1800,14.1800,14.1800,700,0
NUC.US,5,20131121,193500,14.1200,14.1300,14.0800,14.0800,2629,0
NUC.US,5,20131121,201000,14.1700,14.1800,14.1600,14.1700,1100,0
NUC.US,5,20131121,201500,14.1800,14.1800,14.1200,14.1800,3800,0
NUC.US,5,20131121,205500,14.1400,14.1400,14.1400,14.1400,965,0
NUC.US,5,20131121,210000,14.1900,14.1900,14.1900,14.1900,1000,0
NUC.US,5,20131121,210500,14.1500,14.1500,14.1500,14.1500,100,0
NUC.US,5,20131121,211000,14.1500,14.1500,14.1400,14.1400,400,0
NUC.US,5,20131121,211500,14.1900,14.1900,14.1400,14.1400,600,0
NUC.US,5,20131121,212000,14.1400,14.1400,14.1400,14.1400,100,0
NUC.US,5,20131121,212500,14.1400,14.1400,14.1400,14.1400,100,0
NUC.US,5,20131121,213000,14.1400,14.1400,14.1400,14.1400,200,0
NUC.US,5,20131121,213500,14.1400,14.1400,14.1400,14.1400,100,0
NUC.US,5,20131121,214000,14.1400,14.1400,14.1400,14.1400,100,0
NUC.US,5,20131121,214500,14.1400,14.1400,14.1400,14.1400,100,0
NUC.US,5,20131121,215500,14.1300,14.1500,14.1300,14.1500,500,0
NUC.US,5,20131121,220000,14.1200,14.1800,14.1200,14.1500,1468,0
NUC.US,5,20131122,153500,14.1800,14.2300,14.1800,14.2300,1300,0
NUC.US,5,20131122,154000,14.1100,14.1100,14.1100,14.1100,300,0
NUC.US,5,20131122,154500,14.1100,14.1100,14.1100,14.1100,200,0
NUC.US,5,20131122,155000,14.1100,14.1100,14.1100,14.1100,300,0
NUC.US,5,20131122,164500,14.1500,14.1500,14.1500,14.1500,400,0
NUC.US,5,20131122,170500,14.1400,14.1500,14.1300,14.1500,1900,0
NUC.US,5,20131122,171000,14.1600,14.1600,14.1200,14.1200,300,0
NUC.US,5,20131122,173000,14.1500,14.1500,14.1200,14.1500,400,0
NUC.US,5,20131122,175500,14.1200,14.1200,14.1200,14.1200,651,0
NUC.US,5,20131122,181500,14.1100,14.1200,14.0900,14.1200,1815,0
NUC.US,5,20131122,182000,14.1500,14.1500,14.1200,14.1500,315,0
NUC.US,5,20131122,183000,14.1200,14.1500,14.1200,14.1200,1255,0
NUC.US,5,20131122,184500,14.1500,14.1500,14.1500,14.1500,100,0
NUC.US,5,20131122,185500,14.1300,14.1300,14.1200,14.1200,925,0
NUC.US,5,20131122,190000,14.1200,14.1500,14.1200,14.1400,400,0
NUC.US,5,20131122,191000,14.1400,14.1400,14.1400,14.1400,100,0
NUC.US,5,20131122,191500,14.1500,14.1500,14.1500,14.1500,200,0
NUC.US,5,20131122,192500,14.1500,14.2000,14.1200,14.1200,4400,0
NUC.US,5,20131122,193000,14.1900,14.1900,14.1300,14.1300,3294,0
NUC.US,5,20131122,193500,14.1300,14.1300,14.1300,14.1300,400,0
NUC.US,5,20131122,194000,14.1800,14.1900,14.1300,14.1300,1723,0
NUC.US,5,20131122,200000,14.1300,14.1300,14.1300,14.1300,100,0
NUC.US,5,20131122,200500,14.1300,14.1400,14.1300,14.1400,3800,0
NUC.US,5,20131122,201000,14.1300,14.1300,14.1300,14.1300,1290,0
NUC.US,5,20131122,202000,14.1300,14.1500,14.1300,14.1500,450,0
NUC.US,5,20131122,203000,14.1300,14.1300,14.1300,14.1300,200,0
NUC.US,5,20131122,204000,14.1300,14.1300,14.1300,14.1300,100,0
NUC.US,5,20131122,205000,14.1300,14.1300,14.1300,14.1300,100,0
NUC.US,5,20131122,205500,14.1300,14.1300,14.1300,14.1300,100,0
NUC.US,5,20131122,210500,14.1300,14.1800,14.1300,14.1800,600,0
NUC.US,5,20131122,211000,14.1600,14.1600,14.1600,14.1600,100,0
NUC.US,5,20131122,211500,14.1600,14.1800,14.1300,14.1600,1500,0
NUC.US,5,20131122,212000,14.1800,14.1800,14.1800,14.1800,600,0
NUC.US,5,20131122,212500,14.1600,14.1800,14.1600,14.1800,900,0
NUC.US,5,20131122,213000,14.1800,14.1800,14.1600,14.1600,1750,0
NUC.US,5,20131122,213500,14.1400,14.1400,14.1400,14.1400,100,0
NUC.US,5,20131122,214000,14.1400,14.1400,14.1400,14.1400,1200,0
NUC.US,5,20131122,214500,14.1400,14.1400,14.1400,14.1400,200,0
NUC.US,5,20131122,215000,14.1300,14.1300,14.1300,14.1300,200,0
NUC.US,5,20131122,215500,14.1600,14.1600,14.1600,14.1600,100,0
NUC.US,5,20131122,220000,14.1500,14.1500,14.1200,14.1200,860,0
NUC.US,5,20131125,154000,14.1000,14.1000,14.0900,14.0900,400,0
NUC.US,5,20131125,154500,14.1700,14.1700,14.0900,14.0900,200,0
NUC.US,5,20131125,160000,14.1500,14.1500,14.1200,14.1200,300,0
NUC.US,5,20131125,160500,14.1500,14.1500,14.1400,14.1400,200,0
NUC.US,5,20131125,161000,14.1500,14.1700,14.1500,14.1600,1200,0
NUC.US,5,20131125,163500,14.1600,14.1600,14.1600,14.1600,3700,0
NUC.US,5,20131125,164500,14.1400,14.1400,14.1400,14.1400,300,0
NUC.US,5,20131125,165000,14.1400,14.1400,14.1400,14.1400,400,0
NUC.US,5,20131125,165500,14.1400,14.1400,14.1400,14.1400,100,0
NUC.US,5,20131125,170000,14.1200,14.1200,14.1000,14.1000,421,0
NUC.US,5,20131125,170500,14.1000,14.1000,14.1000,14.1000,100,0
NUC.US,5,20131125,171000,14.1000,14.1000,14.1000,14.1000,100,0
NUC.US,5,20131125,171500,14.1000,14.1000,14.0900,14.0900,300,0
NUC.US,5,20131125,172000,14.1000,14.1000,14.0900,14.0900,200,0
NUC.US,5,20131125,172500,14.1000,14.1000,14.0900,14.0900,200,0
NUC.US,5,20131125,173500,14.1000,14.1000,14.0900,14.0900,200,0
NUC.US,5,20131125,174000,14.1000,14.1000,14.0900,14.0900,200,0
NUC.US,5,20131125,174500,14.1000,14.1100,14.0900,14.1100,300,0
NUC.US,5,20131125,180000,14.0900,14.1000,14.0900,14.0900,300,0
NUC.US,5,20131125,180500,14.1000,14.1000,14.0900,14.0900,200,0
NUC.US,5,20131125,181500,14.1000,14.1000,14.1000,14.1000,100,0
NUC.US,5,20131125,182000,14.1000,14.1000,14.1000,14.1000,100,0
NUC.US,5,20131125,182500,14.1000,14.1100,14.0900,14.1100,300,0
NUC.US,5,20131125,183000,14.1300,14.1400,14.1300,14.1300,1400,0
NUC.US,5,20131125,183500,14.1100,14.1100,14.1100,14.1100,100,0
NUC.US,5,20131125,184500,14.1000,14.1000,14.1000,14.1000,100,0
NUC.US,5,20131125,185000,14.1000,14.1000,14.1000,14.1000,3695,0
NUC.US,5,20131125,185500,14.1000,14.1000,14.1000,14.1000,100,0
NUC.US,5,20131125,190000,14.1000,14.1000,14.1000,14.1000,100,0
NUC.US,5,20131125,191000,14.1000,14.1100,14.1000,14.1100,200,0
NUC.US,5,20131125,192500,14.1000,14.1000,14.1000,14.1000,100,0
NUC.US,5,20131125,193000,14.1100,14.1100,14.1100,14.1100,200,0
NUC.US,5,20131125,193500,14.1100,14.1100,14.1100,14.1100,100,0
NUC.US,5,20131125,194000,14.1100,14.1100,14.1100,14.1100,100,0
NUC.US,5,20131125,195000,14.1200,14.1200,14.1200,14.1200,100,0
NUC.US,5,20131125,195500,14.1300,14.1700,14.1200,14.1600,4000,0
NUC.US,5,20131125,200000,14.1300,14.1800,14.1300,14.1400,4704,0
NUC.US,5,20131125,200500,14.1200,14.1200,14.1200,14.1200,100,0
NUC.US,5,20131125,201000,14.1300,14.1300,14.1300,14.1300,400,0
NUC.US,5,20131125,201500,14.1300,14.1300,14.1300,14.1300,100,0
NUC.US,5,20131125,202000,14.1400,14.1400,14.1400,14.1400,100,0
NUC.US,5,20131125,202500,14.1300,14.1300,14.1300,14.1300,100,0
NUC.US,5,20131125,203500,14.1300,14.1400,14.1300,14.1300,400,0
NUC.US,5,20131125,204000,14.1300,14.1300,14.1300,14.1300,1100,0
NUC.US,5,20131125,205000,14.1400,14.1400,14.1400,14.1400,1632,0
NUC.US,5,20131125,205500,14.1200,14.1200,14.1200,14.1200,100,0
NUC.US,5,20131125,210000,14.1200,14.1200,14.1200,14.1200,200,0
NUC.US,5,20131125,210500,14.1200,14.1200,14.1200,14.1200,100,0
NUC.US,5,20131125,211000,14.1200,14.1200,14.1000,14.1000,3400,0
NUC.US,5,20131125,211500,14.1000,14.1100,14.0800,14.0800,3604,0
NUC.US,5,20131125,212000,14.0800,14.0800,14.0800,14.0800,200,0
NUC.US,5,20131125,212500,14.0800,14.1100,14.0800,14.0800,2300,0
NUC.US,5,20131125,213500,14.0800,14.0800,14.0600,14.0700,400,0
NUC.US,5,20131125,214000,14.0700,14.0700,14.0700,14.0700,200,0
NUC.US,5,20131125,214500,14.0600,14.0600,14.0600,14.0600,200,0
NUC.US,5,20131125,215000,14.0600,14.0600,14.0600,14.0600,500,0
NUC.US,5,20131125,215500,14.0400,14.0400,14.0400,14.0400,500,0
NUC.US,5,20131125,220000,14.0400,14.0500,14.0400,14.0400,1000,0
NUC.US,5,20131126,153500,14.0300,14.0300,14.0300,14.0300,200,0
NUC.US,5,20131126,154500,14.0700,14.0900,14.0700,14.0900,300,0
NUC.US,5,20131126,160500,14.0900,14.0900,14.0400,14.0700,1300,0
NUC.US,5,20131126,163000,14.0400,14.0400,14.0400,14.0400,200,0
NUC.US,5,20131126,165000,14.0700,14.0900,14.0700,14.0900,400,0
NUC.US,5,20131126,165500,14.0800,14.0800,14.0800,14.0800,100,0
NUC.US,5,20131126,170500,14.0400,14.0400,14.0400,14.0400,1000,0
NUC.US,5,20131126,172500,14.0800,14.0800,14.0800,14.0800,100,0
NUC.US,5,20131126,173000,14.0800,14.0800,14.0800,14.0800,100,0
NUC.US,5,20131126,174000,14.0700,14.0700,14.0700,14.0700,100,0
NUC.US,5,20131126,174500,14.0700,14.0700,14.0700,14.0700,100,0
NUC.US,5,20131126,175000,14.0700,14.0700,14.0700,14.0700,200,0
NUC.US,5,20131126,175500,14.0700,14.0700,14.0700,14.0700,100,0
NUC.US,5,20131126,180000,14.0700,14.0700,14.0700,14.0700,100,0
NUC.US,5,20131126,180500,14.0700,14.0700,14.0700,14.0700,1100,0
NUC.US,5,20131126,181000,14.0800,14.0800,14.0800,14.0800,300,0
NUC.US,5,20131126,181500,14.0800,14.0800,14.0700,14.0700,200,0
NUC.US,5,20131126,182500,14.0800,14.0800,14.0800,14.0800,232,0
NUC.US,5,20131126,183000,14.0800,14.0800,14.0700,14.0700,300,0
NUC.US,5,20131126,183500,14.0700,14.0700,14.0700,14.0700,100,0
NUC.US,5,20131126,184000,14.0700,14.0700,14.0500,14.0600,1900,0
NUC.US,5,20131126,185000,14.0700,14.0700,14.0600,14.0600,200,0
NUC.US,5,20131126,185500,14.0600,14.0600,14.0600,14.0600,100,0
NUC.US,5,20131126,190000,14.0600,14.0600,14.0600,14.0600,100,0
NUC.US,5,20131126,190500,14.0600,14.0700,14.0600,14.0700,2041,0
NUC.US,5,20131126,191000,14.0600,14.1000,14.0600,14.1000,1000,0
NUC.US,5,20131126,192000,14.0600,14.0600,14.0600,14.0600,100,0
NUC.US,5,20131126,192500,14.0600,14.0900,14.0600,14.0900,213,0
NUC.US,5,20131126,193000,14.0700,14.0700,14.0700,14.0700,100,0
NUC.US,5,20131126,193500,14.0600,14.0600,14.0600,14.0600,100,0
NUC.US,5,20131126,194000,14.0600,14.0600,14.0600,14.0600,100,0
NUC.US,5,20131126,194500,14.0600,14.0600,14.0600,14.0600,100,0
NUC.US,5,20131126,195000,14.0600,14.0900,14.0600,14.0600,3600,0
NUC.US,5,20131126,195500,14.0600,14.0600,14.0600,14.0600,100,0
NUC.US,5,20131126,200000,14.0600,14.0600,14.0600,14.0600,500,0
NUC.US,5,20131126,200500,14.0600,14.0700,14.0600,14.0600,1435,0
NUC.US,5,20131126,201000,14.0600,14.0600,14.0600,14.0600,200,0
NUC.US,5,20131126,201500,14.0600,14.0600,14.0600,14.0600,300,0
NUC.US,5,20131126,202000,14.0600,14.0600,14.0600,14.0600,100,0
NUC.US,5,20131126,202500,14.0600,14.0600,14.0600,14.0600,200,0
NUC.US,5,20131126,203000,14.0600,14.0600,14.0600,14.0600,100,0
NUC.US,5,20131126,203500,14.0600,14.0600,14.0600,14.0600,300,0
NUC.US,5,20131126,204000,14.0600,14.0600,14.0600,14.0600,100,0
NUC.US,5,20131126,204500,14.0600,14.0600,14.0600,14.0600,100,0
NUC.US,5,20131126,205000,14.0600,14.0600,14.0600,14.0600,100,0
NUC.US,5,20131126,205500,14.0600,14.0600,14.0600,14.0600,200,0
NUC.US,5,20131126,210000,14.0600,14.0600,14.0600,14.0600,100,0
NUC.US,5,20131126,210500,14.0600,14.0600,14.0600,14.0600,200,0
NUC.US,5,20131126,211000,14.0600,14.0600,14.0600,14.0600,200,0
NUC.US,5,20131126,211500,14.0600,14.0600,14.0600,14.0600,100,0
NUC.US,5,20131126,212000,14.0600,14.0600,14.0600,14.0600,200,0
NUC.US,5,20131126,212500,14.0600,14.0600,14.0600,14.0600,200,0
NUC.US,5,20131126,213000,14.0600,14.0600,14.0600,14.0600,200,0
NUC.US,5,20131126,213500,14.0600,14.0600,14.0600,14.0600,300,0
NUC.US,5,20131126,214000,14.0600,14.0600,14.0600,14.0600,500,0
NUC.US,5,20131126,214500,14.0600,14.0600,14.0600,14.0600,100,0
NUC.US,5,20131126,215000,14.0700,14.0700,14.0600,14.0600,400,0
NUC.US,5,20131126,215500,14.0600,14.0700,14.0600,14.0600,700,0
NUC.US,5,20131126,220000,14.0600,14.0700,14.0300,14.0700,4128,0
NUC.US,5,20131127,154500,14.1000,14.1000,14.0500,14.0500,555,0
NUC.US,5,20131127,155000,14.0500,14.0500,14.0500,14.0500,400,0
NUC.US,5,20131127,160000,14.0500,14.0500,14.0500,14.0500,500,0
NUC.US,5,20131127,160500,14.0600,14.0600,14.0500,14.0500,500,0
NUC.US,5,20131127,161000,14.0500,14.0500,14.0500,14.0500,200,0
NUC.US,5,20131127,162500,14.1000,14.1000,14.0600,14.0600,400,0
NUC.US,5,20131127,163000,14.0600,14.0600,14.0500,14.0500,345,0
NUC.US,5,20131127,165000,14.0900,14.0900,14.0900,14.0900,200,0
NUC.US,5,20131127,165500,14.1000,14.1000,14.1000,14.1000,200,0
NUC.US,5,20131127,170000,14.0500,14.0500,14.0500,14.0500,200,0
NUC.US,5,20131127,170500,14.0800,14.0800,14.0800,14.0800,100,0
NUC.US,5,20131127,171000,14.0500,14.0500,14.0500,14.0500,200,0
NUC.US,5,20131127,172000,14.1000,14.1500,14.1000,14.1500,3850,0
NUC.US,5,20131127,174500,14.0800,14.0800,14.0800,14.0800,100,0
NUC.US,5,20131127,175500,14.0800,14.0800,14.0800,14.0800,300,0
NUC.US,5,20131127,180000,14.1200,14.1200,14.1200,14.1200,450,0
NUC.US,5,20131127,181000,14.0800,14.0800,14.0800,14.0800,300,0
NUC.US,5,20131127,181500,14.0900,14.0900,14.0600,14.0600,500,0
NUC.US,5,20131127,182500,14.0600,14.0600,14.0600,14.0600,200,0
NUC.US,5,20131127,183500,14.0600,14.0600,14.0600,14.0600,100,0
NUC.US,5,20131127,185000,14.0500,14.0500,14.0500,14.0500,200,0
NUC.US,5,20131127,190000,14.0500,14.0500,14.0500,14.0500,200,0
NUC.US,5,20131127,190500,14.0500,14.0500,14.0500,14.0500,331,0
NUC.US,5,20131127,191000,14.0600,14.0600,14.0600,14.0600,100,0
NUC.US,5,20131127,191500,14.0500,14.0800,14.0500,14.0800,230,0
NUC.US,5,20131127,192500,14.1100,14.1100,14.1100,14.1100,810,0
NUC.US,5,20131127,193000,14.0800,14.0800,14.0800,14.0800,100,0
NUC.US,5,20131127,193500,14.0800,14.0800,14.0800,14.0800,300,0
NUC.US,5,20131127,200000,14.0800,14.0800,14.0800,14.0800,400,0
NUC.US,5,20131127,202000,14.1100,14.1100,14.1100,14.1100,208,0
NUC.US,5,20131127,202500,14.0800,14.0800,14.0800,14.0800,100,0
NUC.US,5,20131127,203000,14.1100,14.1100,14.0600,14.0600,455,0
NUC.US,5,20131127,203500,14.0600,14.0600,14.0600,14.0600,1400,0
NUC.US,5,20131127,204000,14.0600,14.0600,14.0600,14.0600,500,0
NUC.US,5,20131127,204500,14.0600,14.0600,14.0600,14.0600,100,0
NUC.US,5,20131127,205000,14.0700,14.0700,14.0500,14.0500,500,0
NUC.US,5,20131127,205500,14.0600,14.0600,14.0600,14.0600,100,0
NUC.US,5,20131127,211000,14.0600,14.0600,14.0600,14.0600,100,0
NUC.US,5,20131127,211500,14.0600,14.0600,14.0600,14.0600,500,0
NUC.US,5,20131127,213500,14.0500,14.0600,14.0500,14.0500,1700,0
NUC.US,5,20131127,214000,14.0700,14.0700,14.0700,14.0700,100,0
NUC.US,5,20131127,214500,14.0500,14.0500,14.0500,14.0500,200,0
NUC.US,5,20131127,215000,14.0500,14.0500,14.0500,14.0500,200,0
NUC.US,5,20131127,215500,14.0500,14.0700,14.0500,14.0700,700,0
NUC.US,5,20131127,220000,14.0600,14.0600,14.0500,14.0500,764,0
NUC.US,5,20131129,154500,14.0600,14.0600,14.0600,14.0600,200,0
NUC.US,5,20131129,155500,14.0300,14.0300,14.0300,14.0300,300,0
NUC.US,5,20131129,160000,14.0300,14.1000,14.0300,14.1000,1000,0
NUC.US,5,20131129,160500,14.1000,14.1000,14.1000,14.1000,2100,0
NUC.US,5,20131129,161000,14.0700,14.0700,14.0700,14.0700,200,0
NUC.US,5,20131129,161500,14.0800,14.0800,14.0700,14.0700,1900,0
NUC.US,5,20131129,162000,14.0600,14.0900,14.0600,14.0900,1700,0
NUC.US,5,20131129,162500,14.0900,14.0900,14.0800,14.0800,498,0
NUC.US,5,20131129,163000,14.0900,14.0900,14.0900,14.0900,2154,0
NUC.US,5,20131129,163500,14.0900,14.1100,14.0800,14.0800,1163,0
NUC.US,5,20131129,164000,14.0800,14.0800,14.0800,14.0800,2047,0
NUC.US,5,20131129,164500,14.0800,14.0900,14.0400,14.0800,3500,0
NUC.US,5,20131129,165000,14.0400,14.0900,14.0400,14.0900,2100,0
NUC.US,5,20131129,165500,14.0900,14.0900,14.0200,14.0500,3208,0
NUC.US,5,20131129,170500,14.0400,14.0700,14.0400,14.0700,1200,0
NUC.US,5,20131129,171000,14.0700,14.0700,14.0300,14.0400,2300,0
NUC.US,5,20131129,171500,14.0700,14.0700,14.0300,14.0300,1800,0
NUC.US,5,20131129,172000,14.0700,14.0700,14.0200,14.0200,2500,0
NUC.US,5,20131129,172500,14.0500,14.0500,14.0200,14.0200,3700,0
NUC.US,5,20131129,173000,14.0100,14.0300,14.0100,14.0300,1500,0
NUC.US,5,20131129,173500,14.0100,14.0300,14.0100,14.0300,1400,0
NUC.US,5,20131129,174000,14.0100,14.0400,14.0100,14.0400,400,0
NUC.US,5,20131129,174500,14.0300,14.0400,14.0300,14.0400,300,0
NUC.US,5,20131129,175000,14.0400,14.0400,14.0400,14.0400,300,0
NUC.US,5,20131129,175500,14.0400,14.0400,14.0400,14.0400,900,0
NUC.US,5,20131129,180000,14.0400,14.0400,14.0400,14.0400,200,0
NUC.US,5,20131129,180500,14.0400,14.0400,14.0100,14.0400,600,0
NUC.US,5,20131129,181000,14.0400,14.0500,14.0400,14.0500,300,0
NUC.US,5,20131129,181500,14.0500,14.0500,14.0500,14.0500,300,0
NUC.US,5,20131129,182000,14.0600,14.0600,14.0500,14.0500,200,0
NUC.US,5,20131129,182500,14.0500,14.0600,14.0500,14.0600,300,0
NUC.US,5,20131129,183000,14.0600,14.0700,14.0600,14.0600,300,0
NUC.US,5,20131129,183500,14.0600,14.0700,14.0500,14.0600,2580,0
NUC.US,5,20131129,184000,14.0700,14.0700,14.0700,14.0700,300,0
NUC.US,5,20131129,184500,14.0700,14.0700,14.0700,14.0700,500,0
NUC.US,5,20131129,185000,14.0700,14.0700,14.0700,14.0700,500,0
NUC.US,5,20131129,185500,14.0700,14.0700,14.0600,14.0600,800,0
NUC.US,5,20131129,190000,14.0600,14.0600,14.0600,14.0600,800,0
NUC.US,5,20131129,190500,14.0700,14.0700,14.0700,14.0700,500,0
NUC.US,5,20131202,153500,14.1000,14.1000,14.0200,14.0200,635,0
NUC.US,5,20131202,155000,14.0300,14.0300,14.0200,14.0200,500,0
NUC.US,5,20131202,160500,14.0300,14.0300,14.0100,14.0100,2149,0
NUC.US,5,20131202,162000,13.9700,13.9800,13.9700,13.9800,490,0
NUC.US,5,20131202,163000,13.9800,14.0000,13.9700,14.0000,359,0
NUC.US,5,20131202,163500,13.9900,13.9900,13.9900,13.9900,114,0
NUC.US,5,20131202,164000,13.9700,13.9700,13.9700,13.9700,100,0
NUC.US,5,20131202,164500,13.9800,13.9800,13.9800,13.9800,100,0
NUC.US,5,20131202,165000,13.9800,13.9900,13.9800,13.9900,600,0
NUC.US,5,20131202,165500,13.9900,13.9900,13.9900,13.9900,214,0
NUC.US,5,20131202,170000,13.9600,13.9800,13.9600,13.9800,200,0
NUC.US,5,20131202,171000,13.9600,13.9600,13.9600,13.9600,200,0
NUC.US,5,20131202,171500,13.9500,13.9900,13.9500,13.9900,1494,0
NUC.US,5,20131202,172000,13.9500,13.9500,13.9500,13.9500,200,0
NUC.US,5,20131202,172500,13.9900,13.9900,13.9900,13.9900,300,0
NUC.US,5,20131202,173500,13.9500,13.9500,13.9500,13.9500,200,0
NUC.US,5,20131202,174500,13.9500,13.9500,13.9500,13.9500,200,0
NUC.US,5,20131202,180000,13.9600,13.9600,13.9600,13.9600,200,0
NUC.US,5,20131202,180500,13.9700,14.0000,13.9600,13.9600,6400,0
NUC.US,5,20131202,181000,13.9600,14.0000,13.9600,14.0000,300,0
NUC.US,5,20131202,181500,13.9600,13.9600,13.9600,13.9600,100,0
NUC.US,5,20131202,182000,13.9900,13.9900,13.9900,13.9900,100,0
NUC.US,5,20131202,182500,13.9600,13.9600,13.9600,13.9600,200,0
NUC.US,5,20131202,183000,14.0000,14.0000,13.9800,13.9800,5000,0
NUC.US,5,20131202,183500,13.9600,13.9600,13.9600,13.9600,500,0
NUC.US,5,20131202,184500,13.9800,14.0200,13.9600,14.0100,4817,0
NUC.US,5,20131202,185000,14.0000,14.0000,13.9800,13.9800,1400,0
NUC.US,5,20131202,190000,13.9800,14.0100,13.9700,14.0000,7705,0
NUC.US,5,20131202,190500,13.9700,14.0200,13.9700,14.0100,11474,0
NUC.US,5,20131202,191000,14.0000,14.0200,13.9800,13.9800,2100,0
NUC.US,5,20131202,191500,14.0100,14.0200,13.9600,13.9600,1850,0
NUC.US,5,20131202,192000,13.9600,13.9600,13.9600,13.9600,200,0
NUC.US,5,20131202,193000,13.9600,13.9600,13.9600,13.9600,200,0
NUC.US,5,20131202,194000,13.9600,13.9600,13.9600,13.9600,200,0
NUC.US,5,20131202,195000,13.9700,13.9700,13.9700,13.9700,187,0
NUC.US,5,20131202,195500,13.9600,13.9600,13.9600,13.9600,200,0
NUC.US,5,20131202,200000,13.9600,13.9600,13.9600,13.9600,1274,0
NUC.US,5,20131202,200500,13.9600,13.9600,13.9600,13.9600,200,0
NUC.US,5,20131202,201500,13.9600,13.9600,13.9600,13.9600,200,0
NUC.US,5,20131202,202500,13.9600,13.9600,13.9600,13.9600,200,0
NUC.US,5,20131202,203500,13.9600,13.9600,13.9600,13.9600,200,0
NUC.US,5,20131202,204000,13.9600,13.9700,13.9600,13.9600,4416,0
NUC.US,5,20131202,204500,13.9300,13.9700,13.9200,13.9300,4100,0
NUC.US,5,20131202,205000,13.9300,13.9400,13.9300,13.9300,1719,0
NUC.US,5,20131202,205500,13.9300,13.9500,13.9200,13.9500,1203,0
NUC.US,5,20131202,210000,13.9300,13.9600,13.9200,13.9300,1731,0
NUC.US,5,20131202,210500,13.9200,13.9200,13.9200,13.9200,835,0
NUC.US,5,20131202,211000,13.9300,13.9700,13.9300,13.9700,917,0
NUC.US,5,20131202,212000,13.9500,13.9500,13.9500,13.9500,200,0
NUC.US,5,20131202,212500,13.9500,13.9500,13.9500,13.9500,200,0
NUC.US,5,20131202,213500,13.9600,13.9700,13.9600,13.9600,1494,0
NUC.US,5,20131202,214000,13.9500,13.9700,13.9500,13.9700,1587,0
NUC.US,5,20131202,214500,13.9400,13.9400,13.9400,13.9400,200,0
NUC.US,5,20131202,215000,13.9400,13.9500,13.9400,13.9500,300,0
NUC.US,5,20131202,215500,13.9400,13.9400,13.9400,13.9400,400,0
NUC.US,5,20131202,220000,13.9400,13.9400,13.9400,13.9400,300,0
NUC.US,5,20131203,153500,13.9500,13.9500,13.9500,13.9500,100,0
NUC.US,5,20131203,154000,13.9400,13.9400,13.9400,13.9400,100,0
NUC.US,5,20131203,154500,13.9600,13.9600,13.9600,13.9600,200,0
NUC.US,5,20131203,155000,13.9700,13.9700,13.9700,13.9700,100,0
NUC.US,5,20131203,155500,13.9700,13.9700,13.9600,13.9600,200,0
NUC.US,5,20131203,160000,13.9700,13.9700,13.9700,13.9700,100,0
NUC.US,5,20131203,160500,14.0000,14.0000,13.9900,13.9900,2321,0
NUC.US,5,20131203,161500,14.0000,14.0000,13.9700,13.9700,1300,0
NUC.US,5,20131203,162000,14.0000,14.0000,13.9600,13.9600,1400,0
NUC.US,5,20131203,162500,14.0000,14.0200,14.0000,14.0000,700,0
NUC.US,5,20131203,163000,13.9600,13.9700,13.9600,13.9700,200,0
NUC.US,5,20131203,163500,13.9600,13.9600,13.9600,13.9600,100,0
NUC.US,5,20131203,164000,13.9600,13.9600,13.9600,13.9600,100,0
NUC.US,5,20131203,164500,13.9600,13.9600,13.9600,13.9600,100,0
NUC.US,5,20131203,165000,13.9700,13.9700,13.9700,13.9700,200,0
NUC.US,5,20131203,165500,13.9600,13.9900,13.9600,13.9600,1500,0
NUC.US,5,20131203,170000,13.9600,13.9600,13.9600,13.9600,100,0
NUC.US,5,20131203,170500,13.9600,13.9600,13.9600,13.9600,100,0
NUC.US,5,20131203,171000,13.9600,13.9600,13.9600,13.9600,100,0
NUC.US,5,20131203,171500,13.9600,13.9600,13.9600,13.9600,100,0
NUC.US,5,20131203,172000,13.9600,13.9600,13.9600,13.9600,100,0
NUC.US,5,20131203,172500,13.9600,13.9600,13.9600,13.9600,100,0
NUC.US,5,20131203,173000,13.9600,13.9600,13.9600,13.9600,287,0
NUC.US,5,20131203,174000,13.9900,13.9900,13.9900,13.9900,800,0
NUC.US,5,20131203,174500,13.9800,13.9800,13.9800,13.9800,400,0
NUC.US,5,20131203,175500,13.9800,13.9800,13.9400,13.9400,4863,0
NUC.US,5,20131203,180000,13.9400,13.9400,13.9400,13.9400,150,0
NUC.US,5,20131203,180500,13.9800,13.9800,13.9800,13.9800,700,0
NUC.US,5,20131203,181500,13.9800,13.9800,13.9800,13.9800,1000,0
NUC.US,5,20131203,182000,13.9500,14.0000,13.9100,14.0000,6615,0
NUC.US,5,20131203,183500,13.9400,13.9900,13.9400,13.9900,3984,0
NUC.US,5,20131203,184000,13.9900,13.9900,13.9900,13.9900,3339,0
NUC.US,5,20131203,185500,13.9800,14.0100,13.9800,14.0000,5600,0
NUC.US,5,20131203,191000,14.0100,14.0100,14.0100,14.0100,1550,0
NUC.US,5,20131203,192500,14.0200,14.0200,14.0200,14.0200,991,0
NUC.US,5,20131203,195000,14.0300,14.0300,14.0300,14.0300,1006,0
NUC.US,5,20131203,200000,14.0400,14.0400,14.0200,14.0200,1998,0
NUC.US,5,20131203,201000,14.0400,14.0400,14.0200,14.0300,5000,0
NUC.US,5,20131203,204000,14.0500,14.0500,14.0500,14.0500,330,0
NUC.US,5,20131203,205000,14.0800,14.0800,14.0400,14.0400,1300,0
NUC.US,5,20131203,205500,14.0700,14.1000,14.0700,14.1000,205,0
NUC.US,5,20131203,210000,14.0600,14.0600,14.0600,14.0600,307,0
NUC.US,5,20131203,212000,14.0500,14.0500,14.0300,14.0300,3500,0
NUC.US,5,20131203,212500,14.0300,14.0300,14.0300,14.0300,100,0
NUC.US,5,20131203,214500,14.0700,14.0900,14.0700,14.0900,500,0
NUC.US,5,20131203,215000,14.0600,14.0700,14.0600,14.0600,5434,0
NUC.US,5,20131203,215500,14.0900,14.1400,14.0900,14.1300,2881,0
NUC.US,5,20131203,220000,14.1100,14.1100,14.1100,14.1100,300,0
NUC.US,5,20131204,153500,13.9600,13.9600,13.9500,13.9500,1805,0
NUC.US,5,20131204,154000,13.9500,13.9500,13.9500,13.9500,100,0
NUC.US,5,20131204,154500,13.9500,13.9500,13.9400,13.9500,300,0
NUC.US,5,20131204,155000,13.9400,13.9400,13.9400,13.9400,100,0
NUC.US,5,20131204,155500,13.9600,13.9700,13.9400,13.9400,400,0
NUC.US,5,20131204,160000,13.9700,13.9700,13.9700,13.9700,800,0
NUC.US,5,20131204,160500,13.9700,13.9700,13.9700,13.9700,100,0
NUC.US,5,20131204,161000,13.9500,13.9500,13.9500,13.9500,200,0
NUC.US,5,20131204,161500,13.9600,13.9600,13.9600,13.9600,100,0
NUC.US,5,20131204,162000,13.9600,13.9600,13.9600,13.9600,400,0
NUC.US,5,20131204,165000,13.9900,14.0000,13.9900,14.0000,700,0
NUC.US,5,20131204,165500,14.0000,14.0100,14.0000,14.0100,800,0
NUC.US,5,20131204,170000,14.0200,14.0200,14.0000,14.0000,1800,0
NUC.US,5,20131204,170500,14.0000,14.0400,14.0000,14.0100,2800,0
NUC.US,5,20131204,171000,14.0000,14.0000,14.0000,14.0000,100,0
NUC.US,5,20131204,172000,13.9800,13.9800,13.9800,13.9800,100,0
NUC.US,5,20131204,172500,13.9800,13.9800,13.9800,13.9800,100,0
NUC.US,5,20131204,173000,14.0300,14.0300,13.9800,13.9800,4810,0
NUC.US,5,20131204,174500,14.0100,14.0100,13.9800,13.9800,454,0
NUC.US,5,20131204,180000,14.0000,14.0300,14.0000,14.0000,2304,0
NUC.US,5,20131204,181500,14.0000,14.0000,14.0000,14.0000,950,0
NUC.US,5,20131204,183000,14.0300,14.0500,14.0300,14.0500,500,0
NUC.US,5,20131204,183500,14.0500,14.0600,14.0500,14.0600,600,0
NUC.US,5,20131204,184500,14.0700,14.0700,14.0700,14.0700,1250,0
NUC.US,5,20131204,185500,14.0700,14.0700,14.0700,14.0700,100,0
NUC.US,5,20131204,190500,14.0800,14.0800,14.0100,14.0100,2714,0
NUC.US,5,20131204,191500,14.0600,14.1500,14.0600,14.1500,902,0
NUC.US,5,20131204,193000,14.0900,14.0900,14.0900,14.0900,300,0
NUC.US,5,20131204,194000,14.0800,14.0900,14.0700,14.0700,1000,0
NUC.US,5,20131204,200000,14.0800,14.0800,14.0700,14.0700,526,0
NUC.US,5,20131204,200500,14.0900,14.1200,14.0800,14.1200,850,0
NUC.US,5,20131204,201000,14.1200,14.1500,14.1200,14.1500,1400,0
NUC.US,5,20131204,203500,14.1200,14.1200,14.0900,14.0900,1100,0
NUC.US,5,20131204,205500,14.0800,14.1000,14.0800,14.1000,1900,0
NUC.US,5,20131204,211500,14.1200,14.1200,14.1200,14.1200,400,0
NUC.US,5,20131204,212000,14.1100,14.1100,14.1100,14.1100,367,0
NUC.US,5,20131204,213000,14.1300,14.1300,14.1200,14.1200,1135,0
NUC.US,5,20131204,213500,14.1200,14.1500,14.1200,14.1300,4200,0
NUC.US,5,20131204,214500,14.1300,14.1300,14.1000,14.1000,300,0
NUC.US,5,20131205,153500,14.0300,14.0300,14.0300,14.0300,100,0
NUC.US,5,20131205,154000,14.0300,14.0300,14.0300,14.0300,100,0
NUC.US,5,20131205,154500,14.0300,14.0300,14.0300,14.0300,200,0
NUC.US,5,20131205,155000,14.0300,14.0300,14.0300,14.0300,100,0
NUC.US,5,20131205,155500,14.0300,14.0300,14.0300,14.0300,297,0
NUC.US,5,20131205,161500,14.0100,14.0100,14.0100,14.0100,200,0
NUC.US,5,20131205,162000,14.0100,14.0100,14.0100,14.0100,100,0
NUC.US,5,20131205,163000,14.0100,14.0100,13.9800,13.9800,5225,0
NUC.US,5,20131205,163500,14.0000,14.0000,14.0000,14.0000,100,0
NUC.US,5,20131205,164000,14.0000,14.0000,14.0000,14.0000,200,0
NUC.US,5,20131205,165000,14.0100,14.0400,14.0100,14.0400,300,0
NUC.US,5,20131205,170000,13.9800,13.9800,13.9800,13.9800,200,0
NUC.US,5,20131205,171000,13.9800,13.9800,13.9800,13.9800,100,0
NUC.US,5,20131205,171500,13.9800,14.0200,13.9800,14.0200,676,0
NUC.US,5,20131205,172000,14.0200,14.0200,14.0200,14.0200,400,0
NUC.US,5,20131205,172500,13.9800,14.0200,13.9800,14.0200,300,0
NUC.US,5,20131205,173000,14.0000,14.0400,14.0000,14.0400,300,0
NUC.US,5,20131205,173500,13.9800,14.0400,13.9800,14.0400,850,0
NUC.US,5,20131205,175000,14.0300,14.0300,13.9700,13.9700,400,0
NUC.US,5,20131205,180500,13.9700,13.9700,13.9500,13.9500,597,0
NUC.US,5,20131205,181000,14.0000,14.0100,13.9500,14.0000,1600,0
NUC.US,5,20131205,181500,14.0100,14.0100,13.9600,13.9600,500,0
NUC.US,5,20131205,182000,13.9500,13.9500,13.9500,13.9500,200,0
NUC.US,5,20131205,183000,13.9900,13.9900,13.9900,13.9900,1000,0
NUC.US,5,20131205,185500,13.9500,13.9700,13.9500,13.9700,3000,0
NUC.US,5,20131205,190500,13.9700,14.0100,13.9700,14.0100,3900,0
NUC.US,5,20131205,191000,14.0100,14.0100,13.9300,13.9300,2363,0
NUC.US,5,20131205,191500,13.9900,13.9900,13.9900,13.9900,399,0
NUC.US,5,20131205,192500,13.9900,13.9900,13.9300,13.9300,600,0
NUC.US,5,20131205,193500,13.9800,13.9800,13.9800,13.9800,400,0
NUC.US,5,20131205,195500,13.9800,14.0100,13.9500,13.9500,850,0
NUC.US,5,20131205,204000,13.9800,14.0100,13.9500,13.9700,5840,0
NUC.US,5,20131205,204500,13.9300,13.9300,13.9300,13.9300,200,0
NUC.US,5,20131205,211000,13.9900,13.9900,13.9200,13.9700,5030,0
NUC.US,5,20131205,211500,13.9800,13.9800,13.9800,13.9800,300,0
NUC.US,5,20131205,212000,13.9800,13.9800,13.9700,13.9800,400,0
NUC.US,5,20131205,212500,13.9800,13.9800,13.9700,13.9700,5076,0
NUC.US,5,20131205,213000,14.0000,14.0000,13.9900,14.0000,300,0
NUC.US,5,20131205,213500,14.0000,14.0000,14.0000,14.0000,300,0
NUC.US,5,20131205,214000,13.9900,14.0100,13.9900,13.9900,400,0
NUC.US,5,20131205,214500,13.9900,14.0100,13.9900,13.9900,600,0
NUC.US,5,20131205,215000,13.9800,14.0200,13.9800,14.0200,500,0
NUC.US,5,20131205,215500,14.0200,14.0400,14.0200,14.0300,600,0
NUC.US,5,20131205,220000,14.0300,14.0400,14.0200,14.0200,1100,0
NUC.US,5,20131205,220500,14.0500,14.0500,14.0500,14.0500,301,0
NUC.US,5,20131206,173500,13.9900,13.9900,13.9900,13.9900,1100,0
NUC.US,5,20131206,174000,13.9900,14.0000,13.9900,13.9900,3800,0
NUC.US,5,20131206,174500,13.9500,13.9700,13.9500,13.9700,700,0
NUC.US,5,20131206,175000,13.9500,13.9700,13.9500,13.9500,544,0
NUC.US,5,20131206,181000,13.9600,13.9600,13.9600,13.9600,100,0
NUC.US,5,20131206,184000,13.9700,14.0000,13.9700,14.0000,300,0
NUC.US,5,20131206,184500,13.9800,13.9800,13.9500,13.9600,4357,0
NUC.US,5,20131206,185000,13.9700,13.9700,13.9700,13.9700,400,0
NUC.US,5,20131206,190500,13.9700,13.9700,13.9700,13.9700,200,0
NUC.US,5,20131206,191500,13.9700,13.9700,13.9700,13.9700,1050,0
NUC.US,5,20131206,192000,13.9700,13.9700,13.9700,13.9700,100,0
NUC.US,5,20131206,200000,13.9900,13.9900,13.9800,13.9800,600,0
NUC.US,5,20131206,200500,13.9800,13.9800,13.9800,13.9800,100,0
NUC.US,5,20131206,202000,14.0000,14.0000,14.0000,14.0000,400,0
NUC.US,5,20131206,202500,13.9800,13.9900,13.9800,13.9900,602,0
NUC.US,5,20131206,204000,13.9700,13.9700,13.9700,13.9700,198,0
NUC.US,5,20131206,205000,13.9800,14.0600,13.9800,14.0500,3099,0
NUC.US,5,20131206,205500,14.0600,14.0800,14.0000,14.0000,2300,0
NUC.US,5,20131206,210000,14.0000,14.0000,14.0000,14.0000,200,0
NUC.US,5,20131206,210500,14.0000,14.0000,14.0000,14.0000,100,0
NUC.US,5,20131206,214000,14.0700,14.0700,14.0700,14.0700,500,0
NUC.US,5,20131206,214500,14.0600,14.0600,14.0500,14.0500,1650,0
NUC.US,5,20131206,215000,14.0500,14.1000,14.0500,14.0700,3101,0
NUC.US,5,20131206,215500,14.0600,14.1000,14.0600,14.1000,1000,0
NUC.US,5,20131206,220000,14.1000,14.1100,14.0900,14.1100,1000,0
NUC.US,5,20131206,220500,14.1100,14.1100,14.1100,14.1100,926,0
NUC.US,5,20131209,153500,14.0800,14.0800,14.0800,14.0800,100,0
NUC.US,5,20131209,154000,14.0800,14.0800,14.0800,14.0800,100,0
NUC.US,5,20131209,154500,14.1000,14.1000,14.0800,14.0800,300,0
NUC.US,5,20131209,155000,14.0800,14.0900,14.0700,14.0700,4700,0
NUC.US,5,20131209,155500,14.0800,14.0800,14.0700,14.0700,1800,0
NUC.US,5,20131209,160000,14.0700,14.0700,14.0700,14.0700,100,0
NUC.US,5,20131209,160500,14.0800,14.0800,14.0800,14.0800,300,0
NUC.US,5,20131209,161000,14.0700,14.0700,14.0700,14.0700,1550,0
NUC.US,5,20131209,161500,14.0800,14.0800,14.0800,14.0800,400,0
NUC.US,5,20131209,162000,14.0800,14.0800,14.0800,14.0800,320,0
NUC.US,5,20131209,162500,14.0600,14.0700,14.0500,14.0700,1800,0
NUC.US,5,20131209,163000,14.0500,14.0500,14.0500,14.0500,1700,0
NUC.US,5,20131209,163500,14.0500,14.0500,14.0500,14.0500,482,0
NUC.US,5,20131209,164500,14.0600,14.1000,14.0600,14.0800,10100,0
NUC.US,5,20131209,165000,14.0900,14.0900,14.0900,14.0900,600,0
NUC.US,5,20131209,170500,14.0800,14.0800,14.0800,14.0800,200,0
NUC.US,5,20131209,171000,14.0500,14.0500,14.0500,14.0500,2061,0
NUC.US,5,20131209,171500,14.0500,14.0500,14.0500,14.0500,600,0
NUC.US,5,20131209,172000,14.0500,14.0500,14.0400,14.0400,300,0
NUC.US,5,20131209,173000,14.0400,14.0900,14.0400,14.0700,2100,0
NUC.US,5,20131209,174500,14.0800,14.0800,14.0500,14.0500,600,0
NUC.US,5,20131209,175500,14.0400,14.0500,14.0300,14.0300,900,0
NUC.US,5,20131209,182000,14.0400,14.0400,14.0200,14.0400,1800,0
NUC.US,5,20131209,183000,14.0100,14.0100,14.0000,14.0100,4330,0
NUC.US,5,20131209,185000,14.0000,14.0400,13.9600,13.9600,5275,0
NUC.US,5,20131209,185500,14.0000,14.0000,14.0000,14.0000,100,0
NUC.US,5,20131209,190000,14.0200,14.0200,14.0200,14.0200,300,0
NUC.US,5,20131209,190500,14.0200,14.0200,14.0000,14.0000,912,0
NUC.US,5,20131209,192000,14.0000,14.0000,14.0000,14.0000,2301,0
NUC.US,5,20131209,192500,14.0000,14.0000,14.0000,14.0000,200,0
NUC.US,5,20131209,194500,14.0100,14.0100,14.0000,14.0000,3000,0
NUC.US,5,20131209,200500,14.0100,14.0200,14.0000,14.0000,1300,0
NUC.US,5,20131209,201500,14.0000,14.0000,13.9800,13.9800,2801,0
NUC.US,5,20131209,203000,14.0000,14.0000,14.0000,14.0000,400,0
NUC.US,5,20131209,204000,14.0000,14.0000,14.0000,14.0000,100,0
NUC.US,5,20131209,213000,14.0300,14.0300,14.0200,14.0300,3600,0
NUC.US,5,20131209,213500,14.0200,14.0200,14.0100,14.0100,4800,0
NUC.US,5,20131209,214000,14.0100,14.0200,14.0100,14.0200,1500,0
NUC.US,5,20131209,214500,14.0000,14.0000,14.0000,14.0000,500,0
NUC.US,5,20131209,215000,14.0200,14.0200,14.0000,14.0200,2254,0
NUC.US,5,20131209,220000,14.0400,14.0400,14.0400,14.0400,2000,0
