<TICKER>,<PER>,<DTYYYYMMDD>,<TIME>,<OPEN>,<HIGH>,<LOW>,<CLOSE>,<VOL>,<OPENINT>
OCIR.US,5,20131112,162500,21.4700,21.4800,21.4700,21.4800,1500,0
OCIR.US,5,20131112,164000,21.4500,21.4500,21.4500,21.4500,100,0
OCIR.US,5,20131112,165000,21.4000,21.4000,21.3500,21.3700,300,0
OCIR.US,5,20131112,165500,21.3000,21.3000,21.2300,21.2300,200,0
OCIR.US,5,20131112,172500,21.2900,21.2900,21.2900,21.2900,1000,0
OCIR.US,5,20131112,173000,21.1100,21.1700,21.1000,21.1700,1847,0
OCIR.US,5,20131112,173500,21.1000,21.1000,21.1000,21.1000,100,0
OCIR.US,5,20131112,174500,21.1000,21.1000,20.7500,20.8400,3940,0
OCIR.US,5,20131112,175500,20.6600,20.6600,20.6600,20.6600,100,0
OCIR.US,5,20131112,180500,21.0000,21.0000,21.0000,21.0000,1500,0
OCIR.US,5,20131112,181500,20.9300,20.9300,20.9300,20.9300,100,0
OCIR.US,5,20131112,182000,20.9900,20.9900,20.9900,20.9900,990,0
OCIR.US,5,20131112,183500,20.9400,20.9400,20.9400,20.9400,100,0
OCIR.US,5,20131112,185500,20.9400,20.9400,20.9400,20.9400,100,0
OCIR.US,5,20131112,192000,21.0700,21.1200,21.0000,21.0100,2500,0
OCIR.US,5,20131112,200000,20.8600,20.8600,20.8600,20.8600,100,0
OCIR.US,5,20131112,211000,20.8400,20.8600,20.8400,20.8600,500,0
OCIR.US,5,20131112,213500,20.8200,20.8300,20.8000,20.8000,670,0
OCIR.US,5,20131112,214000,20.8000,20.8000,20.8000,20.8000,100,0
OCIR.US,5,20131112,215000,20.8100,20.8100,20.8100,20.8100,280,0
OCIR.US,5,20131112,215500,20.7500,20.7500,20.7500,20.7500,240,0
OCIR.US,5,20131112,220000,20.7600,20.8600,20.7600,20.8600,692,0
OCIR.US,5,20131112,220500,20.7800,20.7800,20.7800,20.7800,300,0
OCIR.US,5,20131113,154500,20.9300,20.9300,20.9300,20.9300,750,0
OCIR.US,5,20131113,160500,20.9800,21.0400,20.9800,21.0400,400,0
OCIR.US,5,20131113,164500,20.9000,20.9000,20.9000,20.9000,170,0
OCIR.US,5,20131113,172500,20.8000,20.8000,20.6300,20.7700,1211,0
OCIR.US,5,20131113,173000,20.9000,21.0700,20.7400,20.7400,2650,0
OCIR.US,5,20131113,175500,20.5300,20.5400,20.4100,20.4300,4200,0
OCIR.US,5,20131113,181000,20.4100,20.4100,20.4100,20.4100,100,0
OCIR.US,5,20131113,181500,20.4100,20.4100,20.4100,20.4100,1050,0
OCIR.US,5,20131113,182500,20.4200,20.4300,20.4200,20.4300,400,0
OCIR.US,5,20131113,183000,20.5600,20.5600,20.5600,20.5600,500,0
OCIR.US,5,20131113,184000,20.5500,20.7000,20.5500,20.7000,350,0
OCIR.US,5,20131113,193000,20.5600,20.5600,20.5600,20.5600,100,0
OCIR.US,5,20131113,202000,20.7100,20.7100,20.7100,20.7100,200,0
OCIR.US,5,20131113,202500,20.7100,20.7300,20.7100,20.7300,200,0
OCIR.US,5,20131113,203500,20.6900,20.6900,20.6900,20.6900,100,0
OCIR.US,5,20131113,204000,20.6800,20.6900,20.6800,20.6900,200,0
OCIR.US,5,20131113,213000,20.7100,20.7100,20.7000,20.7000,200,0
OCIR.US,5,20131113,213500,20.7500,20.7500,20.7500,20.7500,100,0
OCIR.US,5,20131113,215500,20.7100,20.7100,20.7100,20.7100,100,0
OCIR.US,5,20131113,220000,20.7100,20.7100,20.7100,20.7100,199,0
OCIR.US,5,20131113,221000,20.8500,20.8500,20.8500,20.8500,200,0
OCIR.US,5,20131114,161000,21.0000,21.0000,21.0000,21.0000,400,0
OCIR.US,5,20131114,162000,21.0000,21.0000,21.0000,21.0000,900,0
OCIR.US,5,20131114,162500,21.0500,21.0600,21.0000,21.0000,400,0
OCIR.US,5,20131114,163500,21.0700,21.0700,21.0700,21.0700,420,0
OCIR.US,5,20131114,164000,21.0700,21.0700,21.0700,21.0700,300,0
OCIR.US,5,20131114,164500,21.2500,21.2600,21.2500,21.2600,600,0
OCIR.US,5,20131114,165000,21.0600,21.0600,21.0600,21.0600,300,0
OCIR.US,5,20131114,175500,21.2300,21.2300,21.2000,21.2000,200,0
OCIR.US,5,20131114,182500,21.2500,21.2500,21.2100,21.2400,1300,0
OCIR.US,5,20131114,184000,21.3100,21.3300,21.3000,21.3300,400,0
OCIR.US,5,20131114,200500,21.2200,21.2200,21.2200,21.2200,200,0
OCIR.US,5,20131114,203500,21.1300,21.1600,21.1300,21.1600,200,0
OCIR.US,5,20131114,210000,21.3100,21.3200,21.3100,21.3100,1000,0
OCIR.US,5,20131114,211500,21.3100,21.4000,21.3100,21.4000,500,0
OCIR.US,5,20131114,212500,21.3300,21.3300,21.3300,21.3300,100,0
OCIR.US,5,20131114,213000,21.3300,21.4000,21.3300,21.4000,600,0
OCIR.US,5,20131114,215000,21.4500,21.5000,21.4500,21.5000,1170,0
OCIR.US,5,20131114,215500,21.4500,21.4500,21.4500,21.4500,100,0
OCIR.US,5,20131114,220000,21.5000,21.5000,21.4600,21.4600,1100,0
OCIR.US,5,20131114,221000,21.5000,21.5000,21.5000,21.5000,457,0
OCIR.US,5,20131115,155500,21.5000,21.5000,21.5000,21.5000,500,0
OCIR.US,5,20131115,170500,21.5300,21.5300,21.5000,21.5000,920,0
OCIR.US,5,20131115,175500,21.7100,21.7100,21.7100,21.7100,200,0
OCIR.US,5,20131115,180500,21.6100,21.6100,21.5200,21.5600,1500,0
OCIR.US,5,20131115,182000,21.5200,21.5200,21.5200,21.5200,100,0
OCIR.US,5,20131115,210000,21.7500,21.7500,21.7500,21.7500,200,0
OCIR.US,5,20131115,213000,21.7000,21.7000,21.7000,21.7000,100,0
OCIR.US,5,20131115,214500,21.7500,21.7500,21.7500,21.7500,500,0
OCIR.US,5,20131115,215000,21.7500,21.7500,21.7500,21.7500,400,0
OCIR.US,5,20131115,215500,21.7700,21.7700,21.7600,21.7600,200,0
OCIR.US,5,20131115,220000,21.7700,21.7700,21.7500,21.7500,377,0
OCIR.US,5,20131115,221000,21.7600,21.7600,21.7600,21.7600,100,0
OCIR.US,5,20131118,154000,21.9000,21.9000,21.9000,21.9000,1000,0
OCIR.US,5,20131118,154500,21.9000,21.9600,21.9000,21.9600,4100,0
OCIR.US,5,20131118,155500,22.0000,22.0300,22.0000,22.0300,4000,0
OCIR.US,5,20131118,162500,22.1600,22.1600,22.1500,22.1600,1900,0
OCIR.US,5,20131118,163000,22.1600,22.1600,22.1600,22.1600,400,0
OCIR.US,5,20131118,163500,22.2500,22.2500,22.1700,22.1700,200,0
OCIR.US,5,20131118,164000,22.1600,22.1600,22.1600,22.1600,100,0
OCIR.US,5,20131118,164500,22.1600,22.1600,22.1600,22.1600,2400,0
OCIR.US,5,20131118,165500,22.1600,22.1600,22.1600,22.1600,100,0
OCIR.US,5,20131118,170500,22.1600,22.1600,22.1600,22.1600,500,0
OCIR.US,5,20131118,171000,22.1200,22.2200,22.1000,22.2200,700,0
OCIR.US,5,20131118,172000,22.1600,22.1600,22.0500,22.0500,200,0
OCIR.US,5,20131118,173500,22.1100,22.1100,22.1100,22.1100,100,0
OCIR.US,5,20131118,175000,22.0400,22.0400,22.0400,22.0400,400,0
OCIR.US,5,20131118,181000,22.0400,22.0400,22.0400,22.0400,500,0
OCIR.US,5,20131118,182000,22.0400,22.0400,22.0400,22.0400,300,0
OCIR.US,5,20131118,184000,22.0400,22.0400,22.0400,22.0400,300,0
OCIR.US,5,20131118,190000,22.0000,22.0000,21.9800,21.9800,2000,0
OCIR.US,5,20131118,190500,21.9800,21.9800,21.9500,21.9500,1100,0
OCIR.US,5,20131118,191000,21.8200,21.8200,21.8200,21.8200,400,0
OCIR.US,5,20131118,191500,21.7900,21.7900,21.7900,21.7900,1000,0
OCIR.US,5,20131118,192000,21.7900,21.7900,21.6200,21.6200,1100,0
OCIR.US,5,20131118,193500,21.7500,21.7500,21.5900,21.5900,600,0
OCIR.US,5,20131118,195500,21.7000,21.7000,21.7000,21.7000,100,0
OCIR.US,5,20131118,200000,21.7000,21.7000,21.7000,21.7000,100,0
OCIR.US,5,20131118,202500,21.7000,21.7000,21.7000,21.7000,500,0
OCIR.US,5,20131118,211000,21.7000,21.7000,21.7000,21.7000,300,0
OCIR.US,5,20131118,212000,21.7000,21.7000,21.7000,21.7000,100,0
OCIR.US,5,20131118,214000,21.7200,21.7200,21.7000,21.7000,300,0
OCIR.US,5,20131118,220000,21.8100,21.8100,21.8000,21.8000,800,0
OCIR.US,5,20131118,221000,21.8000,21.8000,21.8000,21.8000,200,0
OCIR.US,5,20131119,173000,21.7500,21.7500,21.7500,21.7500,1331,0
OCIR.US,5,20131119,184000,21.7000,21.7000,21.7000,21.7000,500,0
OCIR.US,5,20131119,184500,21.6600,21.6600,21.6600,21.6600,800,0
OCIR.US,5,20131119,185500,21.6600,21.6600,21.6000,21.6000,2100,0
OCIR.US,5,20131119,192500,21.6000,21.6000,21.6000,21.6000,500,0
OCIR.US,5,20131119,193000,21.6500,21.6600,21.6500,21.6600,800,0
OCIR.US,5,20131119,193500,21.6500,21.6500,21.6000,21.6300,1400,0
OCIR.US,5,20131119,194000,21.6000,21.6000,21.6000,21.6000,1000,0
OCIR.US,5,20131119,195000,21.6000,21.6000,21.6000,21.6000,400,0
OCIR.US,5,20131119,200500,21.5600,21.5600,21.0600,21.0600,5750,0
OCIR.US,5,20131119,201500,21.2500,21.3000,21.2500,21.3000,700,0
OCIR.US,5,20131119,203000,21.3500,21.3500,21.3500,21.3500,600,0
OCIR.US,5,20131119,205000,21.4000,21.4000,21.4000,21.4000,100,0
OCIR.US,5,20131119,210000,21.4000,21.4000,21.4000,21.4000,100,0
OCIR.US,5,20131119,212000,21.4100,21.4100,21.4100,21.4100,100,0
OCIR.US,5,20131119,213500,21.4500,21.4500,21.4100,21.4100,300,0
OCIR.US,5,20131119,214500,21.4200,21.4200,21.4000,21.4000,200,0
OCIR.US,5,20131119,215000,21.4000,21.4000,21.4000,21.4000,100,0
OCIR.US,5,20131119,220000,21.4200,21.4200,21.4200,21.4200,300,0
OCIR.US,5,20131120,155000,21.4300,21.4300,21.4300,21.4300,400,0
OCIR.US,5,20131120,164000,21.3300,21.3300,21.3300,21.3300,100,0
OCIR.US,5,20131120,170500,21.3800,21.3800,21.3800,21.3800,100,0
OCIR.US,5,20131120,174000,21.3300,21.3800,21.3300,21.3800,205,0
OCIR.US,5,20131120,175500,21.3900,21.3900,21.3900,21.3900,496,0
OCIR.US,5,20131120,181000,21.3600,21.3600,21.3600,21.3600,300,0
OCIR.US,5,20131120,185000,21.2400,21.2400,21.2400,21.2400,100,0
OCIR.US,5,20131120,192000,21.3400,21.3400,21.3300,21.3300,300,0
OCIR.US,5,20131120,200500,21.2800,21.2800,21.2800,21.2800,500,0
OCIR.US,5,20131120,201000,21.3000,21.3000,21.3000,21.3000,400,0
OCIR.US,5,20131120,203000,21.3000,21.3000,21.1800,21.1800,600,0
OCIR.US,5,20131120,204000,21.2900,21.2900,21.2900,21.2900,200,0
OCIR.US,5,20131120,211000,21.3000,21.3000,21.3000,21.3000,250,0
OCIR.US,5,20131120,211500,21.1900,21.3000,21.1900,21.1900,2250,0
OCIR.US,5,20131120,212500,21.1700,21.1700,21.1700,21.1700,100,0
OCIR.US,5,20131120,213500,21.1700,21.2500,21.1700,21.2500,900,0
OCIR.US,5,20131120,214500,21.2500,21.2700,21.2500,21.2500,1645,0
OCIR.US,5,20131120,215500,21.1700,21.1700,21.1700,21.1700,100,0
OCIR.US,5,20131120,220000,21.1700,21.1700,21.1700,21.1700,100,0
OCIR.US,5,20131121,161500,21.1700,21.2100,21.1700,21.2100,2100,0
OCIR.US,5,20131121,164000,21.1500,21.1500,21.1500,21.1500,3000,0
OCIR.US,5,20131121,170000,21.0100,21.0100,21.0100,21.0100,100,0
OCIR.US,5,20131121,170500,21.0100,21.0100,20.8000,20.8000,2922,0
OCIR.US,5,20131121,172000,20.8000,20.9200,20.8000,20.9200,300,0
OCIR.US,5,20131121,173500,20.7800,20.9200,20.7800,20.9200,400,0
OCIR.US,5,20131121,174000,20.9300,20.9300,20.9300,20.9300,1000,0
OCIR.US,5,20131121,181000,20.9000,20.9300,20.7900,20.8200,1600,0
OCIR.US,5,20131121,181500,20.8800,20.8800,20.8800,20.8800,400,0
OCIR.US,5,20131121,184500,20.7900,20.7900,20.7900,20.7900,100,0
OCIR.US,5,20131121,194000,20.7900,20.7900,20.7900,20.7900,900,0
OCIR.US,5,20131121,194500,20.7900,20.7900,20.7900,20.7900,100,0
OCIR.US,5,20131121,195000,20.8200,20.8200,20.8200,20.8200,150,0
OCIR.US,5,20131121,201000,20.8200,20.8500,20.8200,20.8300,3200,0
OCIR.US,5,20131121,202000,20.8500,20.8500,20.8500,20.8500,440,0
OCIR.US,5,20131121,203500,20.8500,20.8500,20.8500,20.8500,300,0
OCIR.US,5,20131121,204000,20.9300,20.9300,20.9300,20.9300,300,0
OCIR.US,5,20131121,204500,20.8500,20.8500,20.8500,20.8500,1000,0
OCIR.US,5,20131121,205000,20.8500,20.8500,20.8500,20.8500,300,0
OCIR.US,5,20131121,211000,20.8700,20.8700,20.8700,20.8700,100,0
OCIR.US,5,20131121,212500,20.8700,20.8700,20.8700,20.8700,100,0
OCIR.US,5,20131121,213000,20.9200,21.0600,20.9000,20.9100,2400,0
OCIR.US,5,20131121,214500,20.9100,20.9100,20.9100,20.9100,100,0
OCIR.US,5,20131121,215000,21.0700,21.0700,21.0700,21.0700,100,0
OCIR.US,5,20131121,215500,21.1200,21.1300,21.1200,21.1300,200,0
OCIR.US,5,20131121,220000,21.0800,21.1700,21.0800,21.1700,1400,0
OCIR.US,5,20131122,192000,21.1900,21.1900,21.1900,21.1900,200,0
OCIR.US,5,20131122,195500,21.0500,21.0500,21.0500,21.0500,2000,0
OCIR.US,5,20131122,200500,21.0500,21.1000,21.0500,21.1000,400,0
OCIR.US,5,20131122,205000,21.1000,21.1000,21.1000,21.1000,100,0
OCIR.US,5,20131122,210000,21.0500,21.0500,21.0500,21.0500,100,0
OCIR.US,5,20131122,211500,21.2000,21.2000,21.2000,21.2000,100,0
OCIR.US,5,20131122,220000,21.2800,21.2800,21.2800,21.2800,100,0
OCIR.US,5,20131125,154000,21.0500,21.0500,21.0500,21.0500,500,0
OCIR.US,5,20131125,155000,20.9900,20.9900,20.9900,20.9900,400,0
OCIR.US,5,20131125,160000,20.8700,20.8700,20.8700,20.8700,100,0
OCIR.US,5,20131125,161500,20.9000,20.9000,20.9000,20.9000,100,0
OCIR.US,5,20131125,162500,21.0000,21.0000,20.9000,20.9000,300,0
OCIR.US,5,20131125,170000,20.9000,20.9000,20.9000,20.9000,100,0
OCIR.US,5,20131125,171000,20.9900,20.9900,20.9900,20.9900,1000,0
OCIR.US,5,20131125,174000,20.9100,20.9100,20.9100,20.9100,100,0
OCIR.US,5,20131125,183500,20.9000,20.9000,20.9000,20.9000,100,0
OCIR.US,5,20131125,184000,20.9000,20.9000,20.9000,20.9000,100,0
OCIR.US,5,20131125,184500,20.9400,20.9500,20.9400,20.9500,400,0
OCIR.US,5,20131125,193500,20.9400,20.9400,20.9400,20.9400,200,0
OCIR.US,5,20131125,195500,20.9700,20.9700,20.9700,20.9700,100,0
OCIR.US,5,20131125,200500,20.9800,20.9800,20.9800,20.9800,230,0
OCIR.US,5,20131125,202500,20.9200,20.9200,20.9200,20.9200,100,0
OCIR.US,5,20131125,210500,20.9300,20.9300,20.9300,20.9300,100,0
OCIR.US,5,20131125,211000,20.9000,20.9000,20.9000,20.9000,1100,0
OCIR.US,5,20131125,211500,20.9000,20.9000,20.9000,20.9000,500,0
OCIR.US,5,20131125,213500,20.9000,20.9000,20.9000,20.9000,100,0
OCIR.US,5,20131125,214000,20.9400,20.9400,20.9400,20.9400,1600,0
OCIR.US,5,20131125,214500,20.9000,20.9000,20.9000,20.9000,100,0
OCIR.US,5,20131125,215500,20.9000,20.9000,20.9000,20.9000,100,0
OCIR.US,5,20131125,220000,20.9100,21.0400,20.9100,21.0400,300,0
OCIR.US,5,20131126,201500,21.1300,21.1800,21.1300,21.1800,200,0
OCIR.US,5,20131126,202500,21.0000,21.0000,21.0000,21.0000,250,0
OCIR.US,5,20131126,205000,21.0300,21.0300,21.0300,21.0300,100,0
OCIR.US,5,20131126,214000,21.1600,21.1600,21.1000,21.1000,854,0
OCIR.US,5,20131126,215000,21.0600,21.0600,21.0500,21.0500,200,0
OCIR.US,5,20131126,215500,21.0500,21.0500,21.0500,21.0500,100,0
OCIR.US,5,20131126,221000,21.0000,21.0000,21.0000,21.0000,100,0
OCIR.US,5,20131127,170500,20.9500,20.9500,20.9500,20.9500,400,0
OCIR.US,5,20131127,174000,20.9900,20.9900,20.9900,20.9900,778,0
OCIR.US,5,20131127,183000,20.9900,20.9900,20.9900,20.9900,822,0
OCIR.US,5,20131127,201500,20.9900,20.9900,20.9900,20.9900,100,0
OCIR.US,5,20131127,205500,21.0300,21.0500,21.0300,21.0500,300,0
OCIR.US,5,20131127,212000,21.0500,21.0500,21.0500,21.0500,200,0
OCIR.US,5,20131129,160000,21.2500,21.2600,21.2500,21.2600,300,0
OCIR.US,5,20131129,185500,21.3800,21.4000,21.3800,21.4000,900,0
OCIR.US,5,20131202,154000,21.8000,21.8000,21.8000,21.8000,200,0
OCIR.US,5,20131202,160000,21.7900,21.7900,21.7900,21.7900,200,0
OCIR.US,5,20131202,160500,21.7500,21.7500,21.7500,21.7500,100,0
OCIR.US,5,20131202,162500,21.7500,21.7500,21.6000,21.6000,1200,0
OCIR.US,5,20131202,163000,21.6000,21.6000,21.4600,21.4600,2150,0
OCIR.US,5,20131202,164500,21.3000,21.3200,21.3000,21.3000,1000,0
OCIR.US,5,20131202,165000,21.2500,21.2500,21.2500,21.2500,100,0
OCIR.US,5,20131202,171000,21.1600,21.1600,21.1600,21.1600,100,0
OCIR.US,5,20131202,171500,21.2900,21.2900,21.2900,21.2900,100,0
OCIR.US,5,20131202,174500,21.2300,21.2300,21.2300,21.2300,271,0
OCIR.US,5,20131202,192000,21.2700,21.2700,21.1600,21.1600,1500,0
OCIR.US,5,20131202,192500,21.1000,21.1000,21.0000,21.0000,2341,0
OCIR.US,5,20131202,193500,21.0000,21.0900,21.0000,21.0900,200,0
OCIR.US,5,20131202,194500,20.9200,20.9200,20.9200,20.9200,100,0
OCIR.US,5,20131202,201500,21.0500,21.0500,20.8100,20.8100,500,0
OCIR.US,5,20131202,202500,20.8000,20.8000,20.8000,20.8000,100,0
OCIR.US,5,20131202,203500,20.7900,20.7900,20.7900,20.7900,100,0
OCIR.US,5,20131202,204000,20.8300,20.8300,20.8300,20.8300,100,0
OCIR.US,5,20131202,210000,20.8800,20.8800,20.8800,20.8800,100,0
OCIR.US,5,20131202,211000,20.9000,20.9400,20.9000,20.9400,600,0
OCIR.US,5,20131202,212000,20.9300,20.9300,20.9100,20.9100,350,0
OCIR.US,5,20131202,212500,20.9100,20.9100,20.9100,20.9100,100,0
OCIR.US,5,20131202,215000,20.8000,20.8000,20.7600,20.7600,200,0
OCIR.US,5,20131202,215500,20.8200,20.8200,20.8200,20.8200,250,0
OCIR.US,5,20131202,220000,20.7900,20.8100,20.7900,20.8000,800,0
OCIR.US,5,20131202,220500,20.7900,20.7900,20.7900,20.7900,790,0
OCIR.US,5,20131203,165000,20.7500,20.7500,20.7500,20.7500,500,0
OCIR.US,5,20131203,165500,20.7500,20.7500,20.7500,20.7500,300,0
OCIR.US,5,20131203,170000,20.7900,20.8000,20.7900,20.8000,600,0
OCIR.US,5,20131203,170500,20.7000,20.7000,20.7000,20.7000,100,0
OCIR.US,5,20131203,171500,20.7500,20.7500,20.7500,20.7500,200,0
OCIR.US,5,20131203,172000,20.8100,20.8100,20.8100,20.8100,400,0
OCIR.US,5,20131203,172500,20.8400,20.8400,20.8400,20.8400,300,0
OCIR.US,5,20131203,173500,20.7100,20.7100,20.7100,20.7100,100,0
OCIR.US,5,20131203,174000,20.7100,20.7100,20.7100,20.7100,100,0
OCIR.US,5,20131203,174500,20.7700,20.7700,20.7700,20.7700,400,0
OCIR.US,5,20131203,175500,20.6600,20.6600,20.6600,20.6600,100,0
OCIR.US,5,20131203,180500,20.6500,20.6500,20.6500,20.6500,100,0
OCIR.US,5,20131203,181000,20.6000,20.6000,20.6000,20.6000,200,0
OCIR.US,5,20131203,182000,20.6000,20.6000,20.6000,20.6000,200,0
OCIR.US,5,20131203,183000,20.6500,20.6500,20.6500,20.6500,100,0
OCIR.US,5,20131203,183500,20.6500,20.6500,20.6500,20.6500,100,0
OCIR.US,5,20131203,184000,20.6500,20.6500,20.6500,20.6500,400,0
OCIR.US,5,20131203,184500,20.6500,20.6500,20.6500,20.6500,100,0
OCIR.US,5,20131203,185000,20.6500,20.6500,20.6500,20.6500,100,0
OCIR.US,5,20131203,185500,20.6500,20.6600,20.6500,20.6500,500,0
OCIR.US,5,20131203,190000,20.7500,20.7500,20.7500,20.7500,300,0
OCIR.US,5,20131203,190500,20.6500,20.6500,20.6500,20.6500,100,0
OCIR.US,5,20131203,191500,20.6500,20.6500,20.6500,20.6500,100,0
OCIR.US,5,20131203,192500,20.6400,20.6400,20.6400,20.6400,200,0
OCIR.US,5,20131203,193500,20.6600,20.6600,20.6600,20.6600,200,0
OCIR.US,5,20131203,194500,20.6600,20.6600,20.6600,20.6600,200,0
OCIR.US,5,20131203,195000,20.6600,20.6600,20.6600,20.6600,300,0
OCIR.US,5,20131203,200000,20.6400,20.6400,20.6400,20.6400,340,0
OCIR.US,5,20131203,200500,20.6500,20.6700,20.6500,20.6500,400,0
OCIR.US,5,20131203,201500,20.6400,20.6400,20.6400,20.6400,100,0
OCIR.US,5,20131203,202500,20.6400,20.6400,20.6400,20.6400,160,0
OCIR.US,5,20131203,203500,20.6000,20.6200,20.6000,20.6200,500,0
OCIR.US,5,20131203,204000,20.6000,20.6000,20.6000,20.6000,160,0
OCIR.US,5,20131203,204500,20.6100,20.6100,20.5900,20.6100,3000,0
OCIR.US,5,20131203,205500,20.5000,20.5000,20.5000,20.5000,100,0
OCIR.US,5,20131203,210500,20.5000,20.5000,20.5000,20.5000,200,0
OCIR.US,5,20131203,211500,20.5000,20.5000,20.5000,20.5000,443,0
OCIR.US,5,20131203,212500,20.5000,20.5200,20.5000,20.5200,1089,0
OCIR.US,5,20131203,213000,20.5000,20.5000,20.3700,20.3700,1200,0
OCIR.US,5,20131203,213500,20.4400,20.4400,20.4400,20.4400,500,0
OCIR.US,5,20131203,214500,20.4500,20.4500,20.4400,20.4400,1200,0
OCIR.US,5,20131203,215500,20.4400,20.5000,20.4200,20.4200,1000,0
OCIR.US,5,20131203,220000,20.4500,20.4500,20.4100,20.4100,1613,0
OCIR.US,5,20131204,155000,20.6700,20.6700,20.6700,20.6700,400,0
OCIR.US,5,20131204,160500,20.6500,20.6800,20.6500,20.6800,1200,0
OCIR.US,5,20131204,173500,20.8600,20.8600,20.7900,20.7900,400,0
OCIR.US,5,20131204,174000,20.7900,20.7900,20.7000,20.7000,8800,0
OCIR.US,5,20131204,181500,20.7000,20.7000,20.7000,20.7000,100,0
OCIR.US,5,20131204,183500,20.8400,20.8400,20.8400,20.8400,100,0
OCIR.US,5,20131204,185500,20.7600,20.7600,20.7000,20.7000,200,0
OCIR.US,5,20131204,190000,20.7000,20.7000,20.7000,20.7000,100,0
OCIR.US,5,20131204,193500,20.7000,20.7000,20.6300,20.6800,6300,0
OCIR.US,5,20131204,194000,20.6600,20.6700,20.6600,20.6700,200,0
OCIR.US,5,20131204,195500,20.6600,20.6600,20.6600,20.6600,100,0
OCIR.US,5,20131204,201000,20.6600,20.6600,20.6600,20.6600,800,0
OCIR.US,5,20131204,204000,20.8400,20.8700,20.8400,20.8700,500,0
OCIR.US,5,20131204,211500,20.7100,20.7100,20.7100,20.7100,100,0
OCIR.US,5,20131204,212000,20.7100,20.7200,20.7100,20.7100,1043,0
OCIR.US,5,20131204,213500,20.7100,20.7100,20.7100,20.7100,100,0
OCIR.US,5,20131204,214000,20.7100,20.7100,20.7100,20.7100,700,0
OCIR.US,5,20131204,214500,20.7100,20.7400,20.7100,20.7200,300,0
OCIR.US,5,20131204,215500,20.7000,20.7000,20.7000,20.7000,100,0
OCIR.US,5,20131204,220000,20.6300,20.6300,20.6200,20.6200,200,0
OCIR.US,5,20131204,221000,20.6200,20.6200,20.6200,20.6200,100,0
OCIR.US,5,20131205,154000,20.9000,20.9000,20.9000,20.9000,100,0
OCIR.US,5,20131205,160500,20.9500,20.9500,20.9500,20.9500,200,0
OCIR.US,5,20131205,171000,20.9100,20.9100,20.9100,20.9100,1400,0
OCIR.US,5,20131205,174500,20.9400,20.9400,20.9300,20.9400,512,0
OCIR.US,5,20131205,182000,20.8100,20.8100,20.8100,20.8100,100,0
OCIR.US,5,20131205,203500,20.9000,20.9000,20.9000,20.9000,300,0
OCIR.US,5,20131205,204500,20.9000,20.9000,20.9000,20.9000,100,0
OCIR.US,5,20131205,211000,20.9000,20.9000,20.9000,20.9000,1375,0
OCIR.US,5,20131205,214500,20.9000,20.9000,20.9000,20.9000,200,0
OCIR.US,5,20131205,220000,20.9200,20.9400,20.9200,20.9400,200,0
OCIR.US,5,20131206,154000,21.1000,21.2000,21.1000,21.1300,1500,0
OCIR.US,5,20131206,155000,21.2500,21.2500,21.2500,21.2500,500,0
OCIR.US,5,20131206,155500,21.3800,21.3800,21.3800,21.3800,1100,0
OCIR.US,5,20131206,160000,21.3100,21.3100,21.3100,21.3100,600,0
OCIR.US,5,20131206,162500,21.0400,21.0400,21.0300,21.0300,500,0
OCIR.US,5,20131206,164500,21.0000,21.0000,21.0000,21.0000,100,0
OCIR.US,5,20131206,165500,21.0200,21.0200,21.0200,21.0200,100,0
OCIR.US,5,20131206,170000,21.0700,21.0700,21.0700,21.0700,108,0
OCIR.US,5,20131206,172500,21.0200,21.2100,21.0200,21.1500,2200,0
OCIR.US,5,20131206,173000,21.1400,21.1800,21.1400,21.1800,1000,0
OCIR.US,5,20131206,173500,21.2300,21.2800,21.1400,21.2300,500,0
OCIR.US,5,20131206,195000,21.0200,21.0200,21.0200,21.0200,100,0
OCIR.US,5,20131206,200000,21.0200,21.0200,21.0200,21.0200,100,0
OCIR.US,5,20131206,202000,21.2000,21.2000,21.2000,21.2000,100,0
OCIR.US,5,20131206,205500,21.2400,21.2500,21.2400,21.2500,600,0
OCIR.US,5,20131206,214500,21.2400,21.3500,21.2400,21.3500,2700,0
OCIR.US,5,20131206,215500,21.2300,21.2300,21.2300,21.2300,100,0
OCIR.US,5,20131206,220000,21.2100,21.2100,21.2100,21.2100,300,0
OCIR.US,5,20131209,153500,21.8000,21.8000,21.8000,21.8000,917,0
OCIR.US,5,20131209,160000,21.5900,21.5900,21.4300,21.4300,200,0
OCIR.US,5,20131209,162500,21.4100,21.4100,21.4100,21.4100,100,0
OCIR.US,5,20131209,163000,21.3900,21.3900,21.3100,21.3100,700,0
OCIR.US,5,20131209,163500,21.3200,21.3200,21.3200,21.3200,800,0
OCIR.US,5,20131209,164000,21.3300,21.3300,21.3000,21.3000,800,0
OCIR.US,5,20131209,164500,21.3000,21.3000,21.3000,21.3000,600,0
OCIR.US,5,20131209,171000,21.2900,21.2900,21.2700,21.2700,200,0
OCIR.US,5,20131209,173000,21.3900,21.3900,21.3900,21.3900,100,0
OCIR.US,5,20131209,173500,21.2600,21.2600,21.2600,21.2600,100,0
OCIR.US,5,20131209,174000,21.5200,21.5200,21.5200,21.5200,925,0
OCIR.US,5,20131209,181000,21.5200,21.5200,21.5200,21.5200,900,0
OCIR.US,5,20131209,183000,21.5300,21.5300,21.5300,21.5300,1350,0
OCIR.US,5,20131209,184000,21.7000,21.7000,21.6400,21.6600,1300,0
OCIR.US,5,20131209,184500,21.7300,21.7500,21.7300,21.7500,200,0
OCIR.US,5,20131209,200500,21.7700,21.7700,21.7200,21.7200,400,0
OCIR.US,5,20131209,203000,21.6600,21.6600,21.6600,21.6600,750,0
OCIR.US,5,20131209,203500,21.4700,21.4700,21.4700,21.4700,100,0
OCIR.US,5,20131209,210000,21.5400,21.5400,21.5400,21.5400,2000,0
OCIR.US,5,20131209,213500,21.4500,21.5000,21.4500,21.5000,300,0
OCIR.US,5,20131209,214000,21.4500,21.4500,21.4500,21.4500,200,0
OCIR.US,5,20131209,215000,21.4500,21.4500,21.4500,21.4500,1000,0
OCIR.US,5,20131209,215500,21.4600,21.5500,21.4600,21.5500,1200,0
OCIR.US,5,20131209,220000,21.6000,21.7100,21.4100,21.6000,5398,0
OCIR.US,5,20131209,220500,21.5500,21.5500,21.4000,21.4000,255,0
