<TICKER>,<PER>,<DTYYYYMMDD>,<TIME>,<OPEN>,<HIGH>,<LOW>,<CLOSE>,<VOL>,<OPENINT>
ORB.US,5,20131112,153500,22.4300,22.4300,22.3000,22.3100,1900,0
ORB.US,5,20131112,154000,22.4400,22.4500,22.4400,22.4500,400,0
ORB.US,5,20131112,154500,22.4200,22.4200,22.4000,22.4000,1400,0
ORB.US,5,20131112,155000,22.3800,22.4500,22.3800,22.4300,1922,0
ORB.US,5,20131112,155500,22.3700,22.3800,22.3700,22.3800,500,0
ORB.US,5,20131112,160000,22.3700,22.4200,22.3600,22.3600,600,0
ORB.US,5,20131112,160500,22.3500,22.3500,22.2700,22.3000,800,0
ORB.US,5,20131112,161000,22.3000,22.3000,22.2100,22.2500,3067,0
ORB.US,5,20131112,161500,22.3000,22.3200,22.3000,22.3100,1994,0
ORB.US,5,20131112,162000,22.3000,22.4100,22.3000,22.4100,2000,0
ORB.US,5,20131112,162500,22.4200,22.4200,22.3900,22.4000,1400,0
ORB.US,5,20131112,163000,22.3800,22.3800,22.3800,22.3800,100,0
ORB.US,5,20131112,163500,22.3900,22.3900,22.3600,22.3600,1200,0
ORB.US,5,20131112,164000,22.3500,22.3500,22.3400,22.3400,200,0
ORB.US,5,20131112,164500,22.3500,22.3900,22.3500,22.3900,1020,0
ORB.US,5,20131112,165000,22.3800,22.3800,22.3800,22.3800,400,0
ORB.US,5,20131112,165500,22.4000,22.4100,22.3700,22.3700,1900,0
ORB.US,5,20131112,170000,22.3800,22.3800,22.3200,22.3400,1600,0
ORB.US,5,20131112,170500,22.3400,22.3500,22.2900,22.3000,2100,0
ORB.US,5,20131112,171000,22.3100,22.3200,22.2800,22.3000,2000,0
ORB.US,5,20131112,171500,22.3000,22.3400,22.3000,22.3400,1000,0
ORB.US,5,20131112,172000,22.3500,22.3600,22.3300,22.3600,800,0
ORB.US,5,20131112,172500,22.3300,22.3300,22.2800,22.3000,6100,0
ORB.US,5,20131112,173000,22.2900,22.3000,22.2900,22.3000,300,0
ORB.US,5,20131112,173500,22.3100,22.3300,22.3100,22.3100,2700,0
ORB.US,5,20131112,174000,22.3400,22.3400,22.2600,22.2600,5038,0
ORB.US,5,20131112,174500,22.2600,22.2800,22.2400,22.2400,800,0
ORB.US,5,20131112,175000,22.2600,22.2600,22.2500,22.2500,700,0
ORB.US,5,20131112,175500,22.2300,22.2300,22.2300,22.2300,100,0
ORB.US,5,20131112,180000,22.2200,22.2300,22.2200,22.2200,600,0
ORB.US,5,20131112,180500,22.2200,22.2200,22.2000,22.2100,400,0
ORB.US,5,20131112,181000,22.1900,22.1900,22.0900,22.1100,5881,0
ORB.US,5,20131112,181500,22.1200,22.1500,22.1100,22.1500,1200,0
ORB.US,5,20131112,182000,22.1800,22.1800,22.1800,22.1800,200,0
ORB.US,5,20131112,182500,22.1900,22.1900,22.1600,22.1900,2600,0
ORB.US,5,20131112,183000,22.1900,22.2200,22.1800,22.2200,900,0
ORB.US,5,20131112,183500,22.1900,22.2000,22.1800,22.1800,800,0
ORB.US,5,20131112,184000,22.1900,22.1900,22.1900,22.1900,700,0
ORB.US,5,20131112,184500,22.2000,22.2200,22.2000,22.2200,903,0
ORB.US,5,20131112,185500,22.2600,22.2600,22.1800,22.1800,4000,0
ORB.US,5,20131112,190000,22.1700,22.1800,22.1000,22.1000,2400,0
ORB.US,5,20131112,190500,22.1100,22.1300,22.1100,22.1100,925,0
ORB.US,5,20131112,191000,22.1000,22.1400,22.1000,22.1100,500,0
ORB.US,5,20131112,191500,22.1300,22.1800,22.1300,22.1700,2700,0
ORB.US,5,20131112,192000,22.1900,22.2000,22.1900,22.2000,900,0
ORB.US,5,20131112,192500,22.2000,22.2100,22.1900,22.2100,4101,0
ORB.US,5,20131112,193000,22.1700,22.1900,22.1400,22.1600,2000,0
ORB.US,5,20131112,193500,22.1500,22.1500,22.0600,22.0600,863,0
ORB.US,5,20131112,194000,22.0900,22.1000,22.0700,22.0700,900,0
ORB.US,5,20131112,194500,22.1200,22.1200,22.0800,22.0800,500,0
ORB.US,5,20131112,195000,22.0800,22.1100,22.0800,22.1000,2172,0
ORB.US,5,20131112,195500,22.1000,22.1100,22.0900,22.0900,1100,0
ORB.US,5,20131112,200000,22.0900,22.0900,22.0600,22.0700,2400,0
ORB.US,5,20131112,200500,22.0600,22.0600,22.0300,22.0400,1700,0
ORB.US,5,20131112,201000,22.0500,22.0600,22.0500,22.0600,400,0
ORB.US,5,20131112,201500,22.0600,22.0800,22.0600,22.0800,1300,0
ORB.US,5,20131112,202000,22.0700,22.0700,22.0300,22.0400,1686,0
ORB.US,5,20131112,202500,22.0500,22.0700,22.0400,22.0600,1200,0
ORB.US,5,20131112,203000,22.0400,22.0600,22.0400,22.0500,430,0
ORB.US,5,20131112,203500,22.0500,22.0500,22.0200,22.0200,2600,0
ORB.US,5,20131112,204000,22.0200,22.0700,22.0200,22.0500,3060,0
ORB.US,5,20131112,204500,22.0500,22.0500,22.0400,22.0500,2555,0
ORB.US,5,20131112,205000,22.0400,22.0900,22.0400,22.0900,1100,0
ORB.US,5,20131112,205500,22.1100,22.1300,22.1000,22.1200,5737,0
ORB.US,5,20131112,210000,22.1300,22.1900,22.1300,22.1900,6213,0
ORB.US,5,20131112,210500,22.1900,22.1900,22.1700,22.1900,901,0
ORB.US,5,20131112,211000,22.1800,22.1900,22.1700,22.1900,2572,0
ORB.US,5,20131112,211500,22.1900,22.1900,22.1700,22.1700,800,0
ORB.US,5,20131112,212000,22.1800,22.2000,22.1700,22.2000,4200,0
ORB.US,5,20131112,212500,22.2200,22.2300,22.2100,22.2200,3100,0
ORB.US,5,20131112,213000,22.2200,22.2300,22.2100,22.2200,870,0
ORB.US,5,20131112,213500,22.2100,22.2600,22.2100,22.2400,10911,0
ORB.US,5,20131112,214000,22.2500,22.2700,22.2400,22.2400,5300,0
ORB.US,5,20131112,214500,22.2300,22.2400,22.2100,22.2100,3149,0
ORB.US,5,20131112,215000,22.2200,22.2400,22.2100,22.2200,3509,0
ORB.US,5,20131112,215500,22.2200,22.2300,22.2100,22.2200,2797,0
ORB.US,5,20131112,220000,22.2300,22.2400,22.2000,22.2400,6318,0
ORB.US,5,20131112,220500,22.2400,22.2400,22.2400,22.2400,15635,0
ORB.US,5,20131113,153500,22.1400,22.1400,22.1400,22.1400,100,0
ORB.US,5,20131113,154000,22.1600,22.1900,22.1400,22.1900,400,0
ORB.US,5,20131113,154500,22.1400,22.1600,22.0500,22.1300,4981,0
ORB.US,5,20131113,155000,22.1400,22.2000,22.0900,22.1700,4265,0
ORB.US,5,20131113,155500,22.1800,22.2100,22.1700,22.1800,2100,0
ORB.US,5,20131113,160000,22.2100,22.2700,22.2100,22.2700,2049,0
ORB.US,5,20131113,160500,22.2800,22.2900,22.2100,22.2500,1982,0
ORB.US,5,20131113,161000,22.2600,22.2600,22.2100,22.2200,1300,0
ORB.US,5,20131113,161500,22.1600,22.1600,22.1300,22.1300,1200,0
ORB.US,5,20131113,162000,22.1500,22.1900,22.0900,22.1900,4092,0
ORB.US,5,20131113,162500,22.1900,22.2200,22.1700,22.1700,3600,0
ORB.US,5,20131113,163000,22.1700,22.2200,22.1700,22.1800,3100,0
ORB.US,5,20131113,163500,22.1800,22.1800,22.1500,22.1500,1500,0
ORB.US,5,20131113,164000,22.1500,22.1500,22.1000,22.1000,1507,0
ORB.US,5,20131113,164500,22.1200,22.1300,22.0900,22.1300,1900,0
ORB.US,5,20131113,165000,22.1500,22.1500,22.1500,22.1500,5000,0
ORB.US,5,20131113,165500,22.1700,22.2000,22.1700,22.2000,5582,0
ORB.US,5,20131113,170000,22.2000,22.2000,22.1900,22.1900,700,0
ORB.US,5,20131113,170500,22.1900,22.1900,22.1900,22.1900,800,0
ORB.US,5,20131113,171000,22.1900,22.1900,22.1500,22.1700,2346,0
ORB.US,5,20131113,171500,22.1600,22.1600,22.1000,22.1200,1100,0
ORB.US,5,20131113,172000,22.1000,22.1200,22.1000,22.1200,400,0
ORB.US,5,20131113,172500,22.1100,22.1300,22.1100,22.1300,1700,0
ORB.US,5,20131113,173000,22.1300,22.1800,22.1300,22.1700,1900,0
ORB.US,5,20131113,173500,22.1700,22.3000,22.1700,22.3000,11660,0
ORB.US,5,20131113,174000,22.2800,22.3200,22.2700,22.3200,3945,0
ORB.US,5,20131113,174500,22.3200,22.3700,22.3200,22.3500,2400,0
ORB.US,5,20131113,175000,22.3300,22.3500,22.3100,22.3500,1300,0
ORB.US,5,20131113,175500,22.3500,22.3500,22.3200,22.3300,1700,0
ORB.US,5,20131113,180000,22.3600,22.4100,22.3600,22.4100,4146,0
ORB.US,5,20131113,180500,22.4200,22.4200,22.3700,22.3900,2400,0
ORB.US,5,20131113,181000,22.3800,22.3800,22.3800,22.3800,300,0
ORB.US,5,20131113,181500,22.3900,22.4300,22.3800,22.4300,2200,0
ORB.US,5,20131113,182000,22.4400,22.4700,22.4400,22.4700,900,0
ORB.US,5,20131113,182500,22.4500,22.4900,22.4500,22.4900,1400,0
ORB.US,5,20131113,183000,22.4900,22.5000,22.4000,22.4300,23960,0
ORB.US,5,20131113,183500,22.4300,22.4300,22.3700,22.4000,2640,0
ORB.US,5,20131113,184000,22.4000,22.4000,22.3900,22.4000,2500,0
ORB.US,5,20131113,184500,22.4000,22.4000,22.3700,22.3800,3309,0
ORB.US,5,20131113,185000,22.3800,22.4000,22.3800,22.4000,600,0
ORB.US,5,20131113,190000,22.4000,22.4200,22.4000,22.4200,4200,0
ORB.US,5,20131113,190500,22.4200,22.4600,22.4200,22.4600,6691,0
ORB.US,5,20131113,191000,22.4700,22.4700,22.4700,22.4700,1237,0
ORB.US,5,20131113,191500,22.4700,22.5000,22.4700,22.5000,2200,0
ORB.US,5,20131113,192000,22.5000,22.5000,22.4900,22.5000,1000,0
ORB.US,5,20131113,192500,22.5000,22.5600,22.5000,22.5500,6371,0
ORB.US,5,20131113,193000,22.5500,22.5500,22.5400,22.5500,2055,0
ORB.US,5,20131113,193500,22.5700,22.5900,22.5700,22.5900,1000,0
ORB.US,5,20131113,194000,22.5800,22.5800,22.5500,22.5500,2200,0
ORB.US,5,20131113,194500,22.5500,22.5700,22.5500,22.5700,3200,0
ORB.US,5,20131113,195000,22.5600,22.5600,22.5200,22.5200,3801,0
ORB.US,5,20131113,195500,22.5100,22.5200,22.5100,22.5200,500,0
ORB.US,5,20131113,200000,22.5100,22.5100,22.4700,22.4700,600,0
ORB.US,5,20131113,200500,22.4600,22.4800,22.4400,22.4800,3363,0
ORB.US,5,20131113,201000,22.4800,22.5000,22.4800,22.5000,1000,0
ORB.US,5,20131113,201500,22.5000,22.5000,22.4900,22.4900,200,0
ORB.US,5,20131113,202000,22.4900,22.4900,22.4800,22.4800,2259,0
ORB.US,5,20131113,203000,22.4800,22.4800,22.4700,22.4700,1100,0
ORB.US,5,20131113,203500,22.4700,22.4700,22.4200,22.4500,8176,0
ORB.US,5,20131113,204000,22.4400,22.4500,22.4400,22.4500,900,0
ORB.US,5,20131113,204500,22.4500,22.4500,22.4400,22.4400,2300,0
ORB.US,5,20131113,205000,22.4300,22.4300,22.3900,22.3900,1900,0
ORB.US,5,20131113,205500,22.3900,22.4000,22.3900,22.4000,4435,0
ORB.US,5,20131113,210000,22.4100,22.4100,22.4100,22.4100,2500,0
ORB.US,5,20131113,210500,22.4100,22.4100,22.4000,22.4100,3000,0
ORB.US,5,20131113,211000,22.4200,22.4200,22.4100,22.4100,400,0
ORB.US,5,20131113,211500,22.4200,22.4500,22.4200,22.4500,1834,0
ORB.US,5,20131113,212000,22.4400,22.4500,22.4400,22.4500,2524,0
ORB.US,5,20131113,212500,22.4400,22.4400,22.4300,22.4400,5419,0
ORB.US,5,20131113,213000,22.4400,22.4600,22.4400,22.4600,3863,0
ORB.US,5,20131113,213500,22.4500,22.4600,22.4500,22.4500,2368,0
ORB.US,5,20131113,214000,22.4600,22.5100,22.4600,22.5100,2842,0
ORB.US,5,20131113,214500,22.5200,22.5800,22.5200,22.5400,6138,0
ORB.US,5,20131113,215000,22.5500,22.5700,22.5400,22.5500,6975,0
ORB.US,5,20131113,215500,22.5500,22.5700,22.5300,22.5300,3957,0
ORB.US,5,20131113,220000,22.5600,22.6100,22.5600,22.6100,10664,0
ORB.US,5,20131113,220500,22.6100,22.6100,22.6100,22.6100,18403,0
ORB.US,5,20131114,153500,22.5200,22.5300,22.5200,22.5300,1150,0
ORB.US,5,20131114,154000,22.6200,22.6300,22.6100,22.6300,748,0
ORB.US,5,20131114,154500,22.6300,22.6300,22.5800,22.5800,200,0
ORB.US,5,20131114,155000,22.5300,22.5300,22.4300,22.4500,1200,0
ORB.US,5,20131114,155500,22.3800,22.6500,22.3600,22.6400,9514,0
ORB.US,5,20131114,160000,22.6600,22.6600,22.6600,22.6600,325,0
ORB.US,5,20131114,160500,22.6500,22.6900,22.5300,22.6100,9521,0
ORB.US,5,20131114,161000,22.6100,22.6700,22.6000,22.6200,6912,0
ORB.US,5,20131114,161500,22.6300,22.7600,22.6300,22.7600,3746,0
ORB.US,5,20131114,162000,22.7500,22.7500,22.7000,22.7200,1200,0
ORB.US,5,20131114,162500,22.7500,22.7900,22.7100,22.7700,5800,0
ORB.US,5,20131114,163000,22.8000,22.8000,22.7400,22.8000,1900,0
ORB.US,5,20131114,163500,22.7600,22.8000,22.7600,22.8000,700,0
ORB.US,5,20131114,164000,22.8100,22.8200,22.8000,22.8200,1693,0
ORB.US,5,20131114,164500,22.8500,22.8900,22.8500,22.8700,1676,0
ORB.US,5,20131114,165000,22.8600,22.9000,22.8300,22.8900,4017,0
ORB.US,5,20131114,165500,22.9000,22.9100,22.8100,22.8100,8888,0
ORB.US,5,20131114,170000,22.8000,22.8000,22.8000,22.8000,400,0
ORB.US,5,20131114,170500,22.8000,22.8000,22.7900,22.8000,1100,0
ORB.US,5,20131114,171000,22.8400,22.9000,22.8400,22.9000,1200,0
ORB.US,5,20131114,171500,22.9100,22.9100,22.9000,22.9100,5300,0
ORB.US,5,20131114,172000,22.9100,22.9300,22.8700,22.9000,8500,0
ORB.US,5,20131114,172500,22.9000,22.9000,22.8600,22.8900,2847,0
ORB.US,5,20131114,173000,22.9000,22.9000,22.9000,22.9000,900,0
ORB.US,5,20131114,173500,22.8400,22.8400,22.7900,22.7900,3179,0
ORB.US,5,20131114,174000,22.8000,22.8000,22.7900,22.7900,1000,0
ORB.US,5,20131114,174500,22.8200,22.8200,22.8000,22.8000,400,0
ORB.US,5,20131114,175000,22.8000,22.8400,22.8000,22.8200,1500,0
ORB.US,5,20131114,175500,22.8500,22.8500,22.8000,22.8000,200,0
ORB.US,5,20131114,180000,22.8000,22.8000,22.7700,22.7700,980,0
ORB.US,5,20131114,180500,22.7900,22.7900,22.7900,22.7900,100,0
ORB.US,5,20131114,181000,22.8300,22.8600,22.8300,22.8600,1000,0
ORB.US,5,20131114,181500,22.8000,22.8000,22.8000,22.8000,100,0
ORB.US,5,20131114,182000,22.7900,22.7900,22.6800,22.6800,4834,0
ORB.US,5,20131114,182500,22.7000,22.7100,22.7000,22.7100,300,0
ORB.US,5,20131114,183000,22.7100,22.7200,22.6700,22.6700,1300,0
ORB.US,5,20131114,183500,22.6800,22.7100,22.6800,22.7100,900,0
ORB.US,5,20131114,184500,22.7000,22.7400,22.7000,22.7400,2670,0
ORB.US,5,20131114,185000,22.7800,22.7800,22.7600,22.7600,600,0
ORB.US,5,20131114,185500,22.7500,22.7700,22.7500,22.7700,500,0
ORB.US,5,20131114,190000,22.7700,22.7700,22.7600,22.7600,500,0
ORB.US,5,20131114,191000,22.7400,22.7400,22.7200,22.7200,300,0
ORB.US,5,20131114,192500,22.7600,22.7800,22.7600,22.7700,1100,0
ORB.US,5,20131114,193000,22.7500,22.7500,22.7300,22.7400,700,0
ORB.US,5,20131114,194000,22.7500,22.7600,22.7500,22.7600,400,0
ORB.US,5,20131114,194500,22.7600,22.7600,22.7600,22.7600,800,0
ORB.US,5,20131114,195000,22.7400,22.7400,22.7400,22.7400,100,0
ORB.US,5,20131114,195500,22.7400,22.7600,22.7400,22.7600,300,0
ORB.US,5,20131114,200000,22.7400,22.7600,22.7400,22.7500,800,0
ORB.US,5,20131114,200500,22.7700,22.7800,22.7700,22.7800,1400,0
ORB.US,5,20131114,201000,22.7700,22.7700,22.7600,22.7600,200,0
ORB.US,5,20131114,201500,22.7700,22.7700,22.7700,22.7700,100,0
ORB.US,5,20131114,202000,22.7700,22.7700,22.7600,22.7700,600,0
ORB.US,5,20131114,202500,22.7700,22.8100,22.7700,22.8100,940,0
ORB.US,5,20131114,203000,22.7900,22.8400,22.7900,22.8300,12100,0
ORB.US,5,20131114,204000,22.8200,22.8500,22.8200,22.8400,700,0
ORB.US,5,20131114,205000,22.8500,22.8500,22.8400,22.8400,6539,0
ORB.US,5,20131114,205500,22.8300,22.8400,22.8100,22.8100,800,0
ORB.US,5,20131114,210000,22.8000,22.8100,22.8000,22.8000,400,0
ORB.US,5,20131114,210500,22.8300,22.8400,22.8300,22.8400,811,0
ORB.US,5,20131114,211000,22.8400,22.8700,22.8400,22.8700,2600,0
ORB.US,5,20131114,211500,22.8600,22.8900,22.8500,22.8700,2849,0
ORB.US,5,20131114,212000,22.8500,22.8500,22.8400,22.8400,1035,0
ORB.US,5,20131114,212500,22.8300,22.8400,22.8300,22.8400,2876,0
ORB.US,5,20131114,213000,22.8600,22.8800,22.8600,22.8800,2892,0
ORB.US,5,20131114,213500,22.8800,22.8900,22.8600,22.8700,4634,0
ORB.US,5,20131114,214000,22.8500,22.8900,22.8300,22.8900,2000,0
ORB.US,5,20131114,214500,22.8800,22.9000,22.8800,22.8800,3300,0
ORB.US,5,20131114,215000,22.8800,22.9000,22.8600,22.8600,6600,0
ORB.US,5,20131114,215500,22.8600,22.8800,22.8300,22.8700,7499,0
ORB.US,5,20131114,220000,22.8500,22.8900,22.8500,22.8600,9055,0
ORB.US,5,20131114,220500,22.8700,22.8700,22.8700,22.8700,12838,0
ORB.US,5,20131115,153500,22.7800,22.7800,22.7500,22.7500,500,0
ORB.US,5,20131115,154000,22.6500,22.6500,22.6200,22.6200,200,0
ORB.US,5,20131115,154500,22.6000,22.6300,22.4400,22.5100,5778,0
ORB.US,5,20131115,155000,22.5300,22.6400,22.5300,22.6100,3485,0
ORB.US,5,20131115,155500,22.6000,22.6100,22.5700,22.5900,6490,0
ORB.US,5,20131115,160000,22.6200,22.6200,22.5300,22.5700,1900,0
ORB.US,5,20131115,160500,22.5700,22.6000,22.5500,22.6000,1800,0
ORB.US,5,20131115,161000,22.6000,22.6100,22.6000,22.6100,700,0
ORB.US,5,20131115,161500,22.6300,22.7600,22.6300,22.7300,2500,0
ORB.US,5,20131115,162000,22.7700,22.8100,22.7400,22.7700,5450,0
ORB.US,5,20131115,162500,22.7900,22.7900,22.7400,22.7400,1000,0
ORB.US,5,20131115,163000,22.7500,22.8200,22.7500,22.8200,1100,0
ORB.US,5,20131115,163500,22.8000,22.8100,22.7600,22.7600,1700,0
ORB.US,5,20131115,164000,22.7700,22.8200,22.7700,22.8000,2100,0
ORB.US,5,20131115,165000,22.8200,22.8300,22.8000,22.8100,2800,0
ORB.US,5,20131115,165500,22.8000,22.8200,22.8000,22.8200,300,0
ORB.US,5,20131115,170000,22.8100,22.8100,22.8100,22.8100,100,0
ORB.US,5,20131115,170500,22.8200,22.9200,22.8200,22.9000,3800,0
ORB.US,5,20131115,171500,22.8600,22.8900,22.8600,22.8800,3300,0
ORB.US,5,20131115,172000,22.8700,22.8900,22.8600,22.8900,1300,0
ORB.US,5,20131115,172500,22.9000,23.0000,22.9000,23.0000,22454,0
ORB.US,5,20131115,173000,22.9600,22.9800,22.9400,22.9600,53400,0
ORB.US,5,20131115,173500,22.9500,22.9500,22.9300,22.9400,2700,0
ORB.US,5,20131115,174000,22.9400,22.9700,22.9400,22.9400,5028,0
ORB.US,5,20131115,174500,22.9400,22.9800,22.9300,22.9500,3500,0
ORB.US,5,20131115,175500,22.9400,22.9600,22.9400,22.9600,2000,0
ORB.US,5,20131115,180000,22.9400,23.0900,22.9400,23.0800,83811,0
ORB.US,5,20131115,180500,23.0600,23.0800,23.0600,23.0700,800,0
ORB.US,5,20131115,181000,23.0500,23.0500,23.0500,23.0500,200,0
ORB.US,5,20131115,181500,23.0800,23.0800,23.0500,23.0500,600,0
ORB.US,5,20131115,182000,23.0500,23.0800,23.0500,23.0800,1600,0
ORB.US,5,20131115,182500,23.0600,23.0800,23.0500,23.0600,1600,0
ORB.US,5,20131115,183000,23.0800,23.0800,23.0500,23.0500,700,0
ORB.US,5,20131115,183500,23.0700,23.0700,23.0200,23.0200,1300,0
ORB.US,5,20131115,184000,23.0000,23.0000,22.9800,22.9800,800,0
ORB.US,5,20131115,184500,22.9800,22.9800,22.9500,22.9500,2000,0
ORB.US,5,20131115,185000,22.9600,22.9900,22.9600,22.9900,2300,0
ORB.US,5,20131115,185500,22.9800,22.9800,22.9600,22.9600,200,0
ORB.US,5,20131115,190000,22.9600,22.9600,22.9600,22.9600,500,0
ORB.US,5,20131115,190500,22.9600,22.9600,22.9300,22.9300,800,0
ORB.US,5,20131115,191000,22.9300,22.9500,22.9300,22.9500,700,0
ORB.US,5,20131115,191500,22.9300,22.9300,22.9300,22.9300,400,0
ORB.US,5,20131115,192000,22.9400,22.9600,22.9400,22.9500,700,0
ORB.US,5,20131115,192500,22.9500,22.9700,22.9500,22.9500,1100,0
ORB.US,5,20131115,193000,22.9500,23.0100,22.9500,23.0000,3700,0
ORB.US,5,20131115,193500,22.9900,23.0000,22.9800,23.0000,2260,0
ORB.US,5,20131115,194000,22.9800,22.9800,22.9800,22.9800,100,0
ORB.US,5,20131115,194500,22.9800,22.9900,22.9700,22.9800,800,0
ORB.US,5,20131115,195000,22.9700,22.9700,22.9400,22.9500,1400,0
ORB.US,5,20131115,195500,22.9400,22.9600,22.9400,22.9600,1200,0
ORB.US,5,20131115,200000,22.9400,22.9700,22.9400,22.9600,1415,0
ORB.US,5,20131115,200500,22.9600,22.9700,22.9500,22.9500,500,0
ORB.US,5,20131115,201000,22.9500,22.9800,22.9500,22.9500,600,0
ORB.US,5,20131115,201500,22.9500,22.9700,22.9500,22.9600,1502,0
ORB.US,5,20131115,202000,22.9700,22.9700,22.9500,22.9500,700,0
ORB.US,5,20131115,202500,22.9500,22.9700,22.9500,22.9500,920,0
ORB.US,5,20131115,203000,22.9600,23.0200,22.9500,23.0200,5079,0
ORB.US,5,20131115,203500,23.0100,23.0300,22.9900,23.0300,2700,0
ORB.US,5,20131115,204000,23.0300,23.0600,23.0300,23.0600,2700,0
ORB.US,5,20131115,204500,23.0700,23.0700,23.0700,23.0700,531,0
ORB.US,5,20131115,205000,23.0400,23.0500,23.0300,23.0400,3900,0
ORB.US,5,20131115,205500,23.0300,23.0400,22.9900,23.0000,3300,0
ORB.US,5,20131115,210000,23.0000,23.0500,23.0000,23.0500,3700,0
ORB.US,5,20131115,210500,23.0600,23.1000,23.0600,23.0900,1100,0
ORB.US,5,20131115,211000,23.0800,23.0900,23.0500,23.0500,2351,0
ORB.US,5,20131115,211500,23.0500,23.0600,22.9900,23.0300,6985,0
ORB.US,5,20131115,212000,23.0400,23.0900,23.0400,23.0900,1515,0
ORB.US,5,20131115,212500,23.0800,23.0800,23.0500,23.0500,3100,0
ORB.US,5,20131115,213000,23.0600,23.0600,23.0300,23.0400,1700,0
ORB.US,5,20131115,213500,23.0300,23.0300,23.0200,23.0300,900,0
ORB.US,5,20131115,214000,23.0200,23.0400,23.0000,23.0400,8125,0
ORB.US,5,20131115,214500,23.0300,23.0500,23.0200,23.0400,164835,0
ORB.US,5,20131115,215000,23.0500,23.1700,23.0400,23.1100,28015,0
ORB.US,5,20131115,215500,23.1000,23.1100,23.0500,23.0700,8771,0
ORB.US,5,20131115,220000,23.0800,23.0800,23.0200,23.0400,23662,0
ORB.US,5,20131115,220500,23.0500,23.0500,23.0500,23.0500,20078,0
ORB.US,5,20131118,153500,23.1400,23.1700,23.0900,23.0900,300,0
ORB.US,5,20131118,154000,23.1200,23.3300,23.0900,23.1400,8050,0
ORB.US,5,20131118,154500,23.1200,23.2100,23.0700,23.1600,3992,0
ORB.US,5,20131118,155000,23.1400,23.2700,23.0700,23.0700,3520,0
ORB.US,5,20131118,155500,23.0600,23.0600,23.0000,23.0600,400,0
ORB.US,5,20131118,160000,23.0600,23.2300,23.0500,23.1000,3745,0
ORB.US,5,20131118,160500,23.1000,23.2000,23.1000,23.1100,1380,0
ORB.US,5,20131118,161000,23.1200,23.1600,23.1200,23.1600,1140,0
ORB.US,5,20131118,161500,23.1900,23.2000,23.1200,23.1200,1900,0
ORB.US,5,20131118,162000,23.1300,23.1600,23.1100,23.1600,3600,0
ORB.US,5,20131118,162500,23.2200,23.2200,23.1700,23.1900,900,0
ORB.US,5,20131118,163000,23.1700,23.2000,23.1600,23.1800,1400,0
ORB.US,5,20131118,163500,23.1800,23.1800,23.0500,23.0500,7100,0
ORB.US,5,20131118,164000,23.1000,23.1500,23.1000,23.1500,2201,0
ORB.US,5,20131118,164500,23.1200,23.1400,23.1000,23.1000,2100,0
ORB.US,5,20131118,165000,23.0700,23.1300,23.0700,23.1300,1400,0
ORB.US,5,20131118,165500,23.1300,23.1500,23.1100,23.1200,3218,0
ORB.US,5,20131118,170000,23.1200,23.1300,23.1200,23.1200,1600,0
ORB.US,5,20131118,170500,23.1200,23.1900,23.1200,23.1900,3656,0
ORB.US,5,20131118,171000,23.1900,23.1900,23.1300,23.1500,900,0
ORB.US,5,20131118,171500,23.1500,23.1700,23.1400,23.1700,1600,0
ORB.US,5,20131118,172000,23.1700,23.1700,23.1400,23.1500,1025,0
ORB.US,5,20131118,172500,23.1500,23.1700,23.1300,23.1300,2300,0
ORB.US,5,20131118,173000,23.1500,23.1500,23.0700,23.1300,3368,0
ORB.US,5,20131118,173500,23.1300,23.1600,23.1100,23.1100,2000,0
ORB.US,5,20131118,174000,23.0700,23.1200,23.0400,23.1000,1600,0
ORB.US,5,20131118,174500,23.1000,23.1000,23.0300,23.0600,1000,0
ORB.US,5,20131118,175000,23.0600,23.0600,23.0500,23.0500,1700,0
ORB.US,5,20131118,175500,23.0500,23.0700,23.0200,23.0400,800,0
ORB.US,5,20131118,180000,23.0200,23.0600,23.0000,23.0300,1785,0
ORB.US,5,20131118,180500,23.0300,23.0600,23.0300,23.0600,1300,0
ORB.US,5,20131118,181000,23.0300,23.0900,23.0300,23.0900,600,0
ORB.US,5,20131118,181500,23.0700,23.0900,23.0600,23.0900,1000,0
ORB.US,5,20131118,182000,23.0700,23.0900,23.0600,23.0600,1815,0
ORB.US,5,20131118,182500,23.0700,23.1100,23.0700,23.0800,2062,0
ORB.US,5,20131118,183000,23.0800,23.1000,23.0800,23.0800,1100,0
ORB.US,5,20131118,183500,23.0900,23.0900,23.0800,23.0900,1100,0
ORB.US,5,20131118,184000,23.0900,23.1000,23.0700,23.0700,1600,0
ORB.US,5,20131118,184500,23.0700,23.0800,23.0600,23.0600,800,0
ORB.US,5,20131118,185000,23.0600,23.1300,23.0400,23.1200,5607,0
ORB.US,5,20131118,185500,23.1000,23.1000,23.0600,23.0900,500,0
ORB.US,5,20131118,190000,23.0600,23.0900,23.0600,23.0700,1089,0
ORB.US,5,20131118,190500,23.0800,23.0800,23.0600,23.0600,500,0
ORB.US,5,20131118,191000,23.0600,23.0600,23.0300,23.0300,300,0
ORB.US,5,20131118,191500,23.0700,23.0700,23.0700,23.0700,500,0
ORB.US,5,20131118,192000,23.0700,23.0700,23.0300,23.0500,600,0
ORB.US,5,20131118,192500,23.0700,23.1000,23.0700,23.1000,1244,0
ORB.US,5,20131118,193000,23.0600,23.0900,23.0600,23.0600,400,0
ORB.US,5,20131118,193500,23.0700,23.0900,23.0600,23.0600,600,0
ORB.US,5,20131118,194000,23.0600,23.0600,23.0300,23.0300,400,0
ORB.US,5,20131118,194500,23.0300,23.0300,23.0100,23.0100,2100,0
ORB.US,5,20131118,195000,23.0100,23.0100,22.9900,22.9900,600,0
ORB.US,5,20131118,195500,23.0000,23.0000,22.9900,22.9900,700,0
ORB.US,5,20131118,200000,22.9800,23.0700,22.9800,23.0400,2870,0
ORB.US,5,20131118,200500,23.0600,23.0600,23.0100,23.0100,1100,0
ORB.US,5,20131118,201000,23.0300,23.0400,23.0300,23.0400,500,0
ORB.US,5,20131118,201500,23.0500,23.0600,23.0500,23.0600,300,0
ORB.US,5,20131118,202000,23.0500,23.0500,23.0400,23.0500,1017,0
ORB.US,5,20131118,203000,23.0300,23.0300,23.0300,23.0300,100,0
ORB.US,5,20131118,203500,23.0400,23.0500,23.0000,23.0100,2917,0
ORB.US,5,20131118,204000,23.0000,23.0100,22.9900,22.9900,700,0
ORB.US,5,20131118,204500,22.9900,22.9900,22.9900,22.9900,100,0
ORB.US,5,20131118,205000,22.9600,22.9600,22.9200,22.9200,800,0
ORB.US,5,20131118,205500,22.9300,23.0100,22.9300,23.0100,3511,0
ORB.US,5,20131118,210000,22.9800,22.9800,22.9300,22.9300,1100,0
ORB.US,5,20131118,210500,22.9300,22.9300,22.9000,22.9300,1800,0
ORB.US,5,20131118,211000,22.9600,22.9700,22.8700,22.9000,3824,0
ORB.US,5,20131118,211500,22.9500,23.0400,22.8600,22.9400,13000,0
ORB.US,5,20131118,212000,22.9300,22.9800,22.9300,22.9500,1500,0
ORB.US,5,20131118,212500,22.9300,22.9300,22.7800,22.7800,6800,0
ORB.US,5,20131118,213000,22.8000,22.8600,22.7700,22.8600,4100,0
ORB.US,5,20131118,213500,22.8600,22.8800,22.7600,22.8500,2400,0
ORB.US,5,20131118,214000,22.8500,22.9000,22.8500,22.8900,2700,0
ORB.US,5,20131118,214500,22.8700,22.9400,22.8700,22.9300,5666,0
ORB.US,5,20131118,215000,22.9300,23.0300,22.8900,22.9800,24201,0
ORB.US,5,20131118,215500,22.9800,22.9900,22.9400,22.9600,11559,0
ORB.US,5,20131118,220000,22.9500,23.0100,22.9500,22.9800,12213,0
ORB.US,5,20131118,220500,23.0000,23.0000,23.0000,23.0000,10465,0
ORB.US,5,20131119,153500,22.8600,22.8600,22.8600,22.8600,100,0
ORB.US,5,20131119,154000,22.9500,23.0900,22.9500,23.0900,906,0
ORB.US,5,20131119,154500,23.0800,23.0800,23.0600,23.0700,400,0
ORB.US,5,20131119,155000,22.9700,22.9700,22.9200,22.9400,500,0
ORB.US,5,20131119,155500,22.9500,23.0700,22.9300,23.0700,2225,0
ORB.US,5,20131119,160000,23.0400,23.0400,23.0100,23.0100,600,0
ORB.US,5,20131119,160500,23.0000,23.0800,22.9900,23.0500,1200,0
ORB.US,5,20131119,161000,23.0600,23.1200,23.0500,23.0500,3220,0
ORB.US,5,20131119,161500,23.0300,23.0300,23.0300,23.0300,400,0
ORB.US,5,20131119,162000,23.0300,23.0500,23.0300,23.0500,200,0
ORB.US,5,20131119,162500,23.0100,23.0100,23.0100,23.0100,320,0
ORB.US,5,20131119,163000,23.0000,23.0000,23.0000,23.0000,100,0
ORB.US,5,20131119,163500,22.9900,22.9900,22.9300,22.9300,800,0
ORB.US,5,20131119,164000,22.9600,23.0200,22.9600,22.9800,700,0
ORB.US,5,20131119,164500,22.9600,23.0100,22.9600,22.9800,1200,0
ORB.US,5,20131119,165000,22.9900,23.0000,22.9700,22.9800,2000,0
ORB.US,5,20131119,165500,22.9800,22.9900,22.9800,22.9900,500,0
ORB.US,5,20131119,170000,22.9900,23.0000,22.9900,23.0000,900,0
ORB.US,5,20131119,170500,23.0000,23.0000,22.9900,22.9900,900,0
ORB.US,5,20131119,171000,22.9900,23.0400,22.9900,23.0400,303,0
ORB.US,5,20131119,171500,23.0200,23.0400,23.0000,23.0000,924,0
ORB.US,5,20131119,172500,22.9800,22.9800,22.9800,22.9800,300,0
ORB.US,5,20131119,173000,22.9700,22.9700,22.9500,22.9500,400,0
ORB.US,5,20131119,173500,22.9500,22.9800,22.9500,22.9800,500,0
ORB.US,5,20131119,174000,22.9400,22.9400,22.9300,22.9300,1000,0
ORB.US,5,20131119,174500,22.9100,22.9100,22.8600,22.8600,400,0
ORB.US,5,20131119,175000,22.8800,22.9000,22.8700,22.9000,1100,0
ORB.US,5,20131119,175500,22.9000,22.9000,22.9000,22.9000,500,0
ORB.US,5,20131119,180000,22.9100,22.9400,22.9100,22.9400,300,0
ORB.US,5,20131119,180500,22.9500,22.9600,22.9300,22.9400,2600,0
ORB.US,5,20131119,181000,22.9400,22.9900,22.8900,22.8900,3155,0
ORB.US,5,20131119,181500,22.8800,22.8800,22.8600,22.8700,300,0
ORB.US,5,20131119,182000,22.8500,22.8500,22.8500,22.8500,100,0
ORB.US,5,20131119,182500,22.8400,22.8700,22.8400,22.8700,400,0
ORB.US,5,20131119,183000,22.8800,22.8800,22.8600,22.8600,500,0
ORB.US,5,20131119,183500,22.8800,22.8900,22.8700,22.8700,300,0
ORB.US,5,20131119,184000,22.9000,22.9000,22.8800,22.8800,300,0
ORB.US,5,20131119,184500,22.9000,22.9000,22.9000,22.9000,600,0
ORB.US,5,20131119,185000,22.9000,22.9000,22.8800,22.8800,200,0
ORB.US,5,20131119,185500,22.9000,22.9000,22.8700,22.8700,1400,0
ORB.US,5,20131119,190000,22.8600,22.8700,22.8100,22.8100,800,0
ORB.US,5,20131119,190500,22.7800,22.7800,22.7800,22.7800,300,0
ORB.US,5,20131119,191000,22.7500,22.7700,22.7500,22.7500,600,0
ORB.US,5,20131119,191500,22.7800,22.8100,22.7800,22.8000,850,0
ORB.US,5,20131119,192000,22.7900,22.7900,22.7700,22.7900,1300,0
ORB.US,5,20131119,192500,22.7800,22.7800,22.7700,22.7700,600,0
ORB.US,5,20131119,193000,22.7600,22.7600,22.6900,22.6900,900,0
ORB.US,5,20131119,193500,22.6800,22.6800,22.6500,22.6800,1100,0
ORB.US,5,20131119,194000,22.7000,22.7100,22.6900,22.7000,600,0
ORB.US,5,20131119,194500,22.7000,22.7300,22.7000,22.7300,800,0
ORB.US,5,20131119,195000,22.7500,22.7500,22.7000,22.7000,1500,0
ORB.US,5,20131119,195500,22.7200,22.7200,22.6600,22.6700,1700,0
ORB.US,5,20131119,200000,22.6900,22.6900,22.6700,22.6700,200,0
ORB.US,5,20131119,200500,22.7100,22.7300,22.6900,22.6900,1205,0
ORB.US,5,20131119,201000,22.7300,22.7300,22.7300,22.7300,200,0
ORB.US,5,20131119,201500,22.6800,22.6800,22.6700,22.6700,200,0
ORB.US,5,20131119,202000,22.6700,22.6700,22.6700,22.6700,300,0
ORB.US,5,20131119,202500,22.6700,22.6800,22.6000,22.6500,1300,0
ORB.US,5,20131119,203000,22.6400,22.6500,22.6100,22.6100,800,0
ORB.US,5,20131119,203500,22.6400,22.6400,22.6400,22.6400,381,0
ORB.US,5,20131119,204000,22.6900,22.7100,22.6900,22.7100,1800,0
ORB.US,5,20131119,204500,22.6800,22.6800,22.6800,22.6800,751,0
ORB.US,5,20131119,205000,22.7100,22.7100,22.7000,22.7000,551,0
ORB.US,5,20131119,205500,22.6900,22.6900,22.6900,22.6900,601,0
ORB.US,5,20131119,210000,22.7100,22.7100,22.7000,22.7000,200,0
ORB.US,5,20131119,210500,22.7300,22.7300,22.7200,22.7200,900,0
ORB.US,5,20131119,211000,22.7200,22.7300,22.7200,22.7200,500,0
ORB.US,5,20131119,211500,22.7400,22.7400,22.7400,22.7400,100,0
ORB.US,5,20131119,212000,22.7400,22.7800,22.7400,22.7800,1600,0
ORB.US,5,20131119,212500,22.7700,22.7900,22.7400,22.7400,1300,0
ORB.US,5,20131119,213000,22.7400,22.7600,22.7400,22.7400,2000,0
ORB.US,5,20131119,213500,22.7600,22.7600,22.6900,22.6900,2005,0
ORB.US,5,20131119,214000,22.6800,22.7100,22.6600,22.6600,4306,0
ORB.US,5,20131119,214500,22.6600,22.6800,22.6500,22.6700,4400,0
ORB.US,5,20131119,215000,22.6800,22.6800,22.6700,22.6700,3031,0
ORB.US,5,20131119,215500,22.6600,22.6800,22.6400,22.6800,5632,0
ORB.US,5,20131119,220000,22.6800,22.7100,22.6700,22.6700,8091,0
ORB.US,5,20131119,220500,22.6700,22.6700,22.6700,22.6700,12285,0
ORB.US,5,20131120,154000,22.7200,22.7200,22.6700,22.6700,300,0
ORB.US,5,20131120,154500,22.7000,22.7000,22.6100,22.6200,419,0
ORB.US,5,20131120,155000,22.6000,22.6500,22.6000,22.6100,800,0
ORB.US,5,20131120,155500,22.7100,22.7100,22.6500,22.6500,400,0
ORB.US,5,20131120,160000,22.6700,22.7500,22.6500,22.7200,500,0
ORB.US,5,20131120,160500,22.7100,22.7100,22.6700,22.6700,400,0
ORB.US,5,20131120,161000,22.7100,22.7300,22.6900,22.7000,600,0
ORB.US,5,20131120,161500,22.7300,22.7400,22.6900,22.6900,1000,0
ORB.US,5,20131120,162000,22.7500,22.7500,22.7400,22.7400,200,0
ORB.US,5,20131120,162500,22.7700,22.8400,22.7500,22.7500,3500,0
ORB.US,5,20131120,163000,22.7500,22.7900,22.7500,22.7600,2765,0
ORB.US,5,20131120,163500,22.7700,22.7700,22.7600,22.7600,400,0
ORB.US,5,20131120,164000,22.7500,22.8100,22.7500,22.8100,4700,0
ORB.US,5,20131120,164500,22.8200,22.8600,22.7900,22.8600,1100,0
ORB.US,5,20131120,165000,22.8600,22.8600,22.8100,22.8600,1551,0
ORB.US,5,20131120,165500,22.8400,22.8500,22.8100,22.8200,800,0
ORB.US,5,20131120,170000,22.8600,22.8600,22.8000,22.8400,1812,0
ORB.US,5,20131120,170500,22.8400,22.8400,22.7700,22.7700,2201,0
ORB.US,5,20131120,171000,22.7800,22.8400,22.7700,22.8400,1700,0
ORB.US,5,20131120,171500,22.8000,22.8100,22.8000,22.8100,400,0
ORB.US,5,20131120,172000,22.8200,22.8400,22.8200,22.8400,200,0
ORB.US,5,20131120,172500,22.8700,22.8800,22.8100,22.8800,1720,0
ORB.US,5,20131120,173000,22.8600,22.8600,22.8000,22.8000,6020,0
ORB.US,5,20131120,174000,22.7800,22.7900,22.7800,22.7900,400,0
ORB.US,5,20131120,174500,22.7800,22.7800,22.7800,22.7800,100,0
ORB.US,5,20131120,175000,22.7800,22.8100,22.7800,22.8100,800,0
ORB.US,5,20131120,175500,22.7900,22.8600,22.7900,22.8600,7600,0
ORB.US,5,20131120,180000,22.8600,22.8900,22.8500,22.8900,2600,0
ORB.US,5,20131120,180500,22.8900,22.8900,22.8900,22.8900,600,0
ORB.US,5,20131120,181000,22.8900,22.9100,22.8900,22.9100,1199,0
ORB.US,5,20131120,182000,22.9300,22.9300,22.9300,22.9300,300,0
ORB.US,5,20131120,182500,22.9100,22.9100,22.9100,22.9100,100,0
ORB.US,5,20131120,183000,22.9100,22.9200,22.9100,22.9200,488,0
ORB.US,5,20131120,183500,22.9400,22.9500,22.9200,22.9400,1000,0
ORB.US,5,20131120,184000,22.9400,22.9500,22.9400,22.9500,900,0
ORB.US,5,20131120,184500,22.9500,22.9800,22.9400,22.9800,3400,0
ORB.US,5,20131120,185000,22.9800,23.0000,22.9700,22.9800,3900,0
ORB.US,5,20131120,190000,22.9600,22.9900,22.9500,22.9500,10828,0
ORB.US,5,20131120,190500,22.9500,22.9700,22.9300,22.9500,9190,0
ORB.US,5,20131120,191000,22.9500,22.9700,22.9500,22.9600,1400,0
ORB.US,5,20131120,191500,22.9500,23.0500,22.9500,23.0100,9400,0
ORB.US,5,20131120,192000,23.0000,23.0100,23.0000,23.0000,16000,0
ORB.US,5,20131120,192500,23.0000,23.0100,22.9700,22.9800,2707,0
ORB.US,5,20131120,193000,22.9700,23.0500,22.9700,23.0500,4900,0
ORB.US,5,20131120,193500,23.0300,23.0300,22.9800,22.9900,6575,0
ORB.US,5,20131120,194000,23.0200,23.0200,22.9800,22.9800,1400,0
ORB.US,5,20131120,194500,22.9700,22.9900,22.9700,22.9900,1000,0
ORB.US,5,20131120,195000,23.0000,23.0100,22.9900,22.9900,2400,0
ORB.US,5,20131120,195500,23.0000,23.0100,23.0000,23.0000,2200,0
ORB.US,5,20131120,200000,23.0000,23.0000,22.9800,23.0000,1200,0
ORB.US,5,20131120,200500,22.9900,23.0000,22.9000,22.9400,4630,0
ORB.US,5,20131120,201000,22.9400,22.9900,22.9000,22.9900,3400,0
ORB.US,5,20131120,201500,22.9900,22.9900,22.9000,22.9100,1600,0
ORB.US,5,20131120,202000,22.9000,22.9700,22.9000,22.9200,2175,0
ORB.US,5,20131120,202500,22.9200,22.9400,22.8700,22.9000,8832,0
ORB.US,5,20131120,203000,22.9300,22.9300,22.9000,22.9100,700,0
ORB.US,5,20131120,203500,22.9000,22.9100,22.8900,22.8900,3185,0
ORB.US,5,20131120,204000,22.9000,22.9100,22.8600,22.9000,1700,0
ORB.US,5,20131120,204500,22.8600,22.9300,22.8600,22.8800,8807,0
ORB.US,5,20131120,205000,22.9000,22.9100,22.8600,22.9000,1900,0
ORB.US,5,20131120,205500,22.9300,22.9300,22.8900,22.8900,800,0
ORB.US,5,20131120,210000,22.8800,22.9100,22.8800,22.9100,1300,0
ORB.US,5,20131120,210500,22.9000,22.9300,22.8800,22.8900,4400,0
ORB.US,5,20131120,211000,22.9000,22.9000,22.7600,22.7600,5518,0
ORB.US,5,20131120,211500,22.7700,22.8600,22.7700,22.8500,3902,0
ORB.US,5,20131120,212000,22.8900,22.9100,22.8300,22.9100,4794,0
ORB.US,5,20131120,212500,22.9100,22.9100,22.8500,22.8800,3300,0
ORB.US,5,20131120,213000,22.8700,22.8900,22.8500,22.8600,5500,0
ORB.US,5,20131120,213500,22.8500,22.9000,22.8300,22.9000,4196,0
ORB.US,5,20131120,214000,22.9100,22.9600,22.9000,22.9600,4835,0
ORB.US,5,20131120,214500,22.9500,23.0100,22.9100,22.9100,7400,0
ORB.US,5,20131120,215000,22.9100,22.9200,22.8100,22.8300,9500,0
ORB.US,5,20131120,215500,22.8200,22.8400,22.8100,22.8300,5877,0
ORB.US,5,20131120,220000,22.8100,22.8700,22.8100,22.8700,11272,0
ORB.US,5,20131120,220500,22.8600,22.8600,22.8600,22.8600,34120,0
ORB.US,5,20131121,153500,22.9100,22.9100,22.9100,22.9100,100,0
ORB.US,5,20131121,154500,23.0100,23.0100,23.0100,23.0100,300,0
ORB.US,5,20131121,155000,23.0300,23.0400,22.9900,22.9900,700,0
ORB.US,5,20131121,155500,22.9900,23.0300,22.9900,23.0300,3394,0
ORB.US,5,20131121,160000,23.0100,23.0100,22.9900,22.9900,646,0
ORB.US,5,20131121,160500,23.0100,23.0600,23.0000,23.0000,3000,0
ORB.US,5,20131121,161000,23.0500,23.0500,22.9800,23.0200,2000,0
ORB.US,5,20131121,161500,23.0200,23.0300,22.9900,23.0000,5600,0
ORB.US,5,20131121,162000,23.0100,23.0100,23.0000,23.0100,800,0
ORB.US,5,20131121,162500,22.9900,23.0100,22.9900,22.9900,700,0
ORB.US,5,20131121,163000,22.9900,23.0100,22.9700,23.0000,1000,0
ORB.US,5,20131121,163500,23.0000,23.0100,22.9800,22.9900,4550,0
ORB.US,5,20131121,164000,22.9800,22.9800,22.9800,22.9800,400,0
ORB.US,5,20131121,164500,22.9800,23.0200,22.9800,23.0100,4702,0
ORB.US,5,20131121,165000,23.0100,23.0100,22.9800,22.9900,2300,0
ORB.US,5,20131121,165500,23.0000,23.0100,23.0000,23.0000,2619,0
ORB.US,5,20131121,170000,23.0000,23.0000,22.9900,22.9900,300,0
ORB.US,5,20131121,170500,23.0000,23.0000,22.9800,23.0000,2800,0
ORB.US,5,20131121,171000,22.9900,23.0000,22.9900,23.0000,200,0
ORB.US,5,20131121,171500,22.9900,22.9900,22.9800,22.9800,600,0
ORB.US,5,20131121,172000,22.9900,22.9900,22.9900,22.9900,100,0
ORB.US,5,20131121,172500,23.0000,23.0200,22.9700,22.9700,3000,0
ORB.US,5,20131121,173000,22.9800,23.0100,22.9600,22.9600,12730,0
ORB.US,5,20131121,173500,22.9500,23.0000,22.9500,22.9700,8020,0
ORB.US,5,20131121,174000,22.9800,22.9900,22.9500,22.9900,6400,0
ORB.US,5,20131121,174500,22.9700,23.0200,22.9500,23.0200,6800,0
ORB.US,5,20131121,175000,23.0500,23.0600,23.0000,23.0000,8885,0
ORB.US,5,20131121,175500,23.0200,23.0300,23.0200,23.0300,500,0
ORB.US,5,20131121,180000,23.0500,23.0800,23.0400,23.0800,1000,0
ORB.US,5,20131121,180500,23.0800,23.0800,23.0700,23.0700,600,0
ORB.US,5,20131121,181000,23.0700,23.0800,23.0500,23.0700,1200,0
ORB.US,5,20131121,181500,23.1000,23.1000,23.0400,23.0400,3000,0
ORB.US,5,20131121,182000,23.0600,23.0700,23.0400,23.0400,898,0
ORB.US,5,20131121,182500,23.0500,23.0500,23.0400,23.0400,300,0
ORB.US,5,20131121,183000,23.0300,23.1000,23.0300,23.0400,3200,0
ORB.US,5,20131121,183500,23.0500,23.0600,23.0500,23.0500,1400,0
ORB.US,5,20131121,184000,23.0500,23.0500,23.0300,23.0300,900,0
ORB.US,5,20131121,184500,23.0400,23.0400,23.0400,23.0400,200,0
ORB.US,5,20131121,185000,23.0300,23.0600,23.0000,23.0000,29758,0
ORB.US,5,20131121,185500,23.0000,23.0600,23.0000,23.0400,1780,0
ORB.US,5,20131121,190000,23.0400,23.0500,23.0000,23.0300,4400,0
ORB.US,5,20131121,190500,23.0500,23.0700,23.0500,23.0600,800,0
ORB.US,5,20131121,191000,23.0500,23.0600,23.0500,23.0500,700,0
ORB.US,5,20131121,191500,23.0500,23.0700,23.0500,23.0500,900,0
ORB.US,5,20131121,192000,23.0500,23.0500,23.0400,23.0400,1000,0
ORB.US,5,20131121,192500,23.0400,23.0800,23.0400,23.0700,400,0
ORB.US,5,20131121,193000,23.0600,23.0600,23.0500,23.0500,2000,0
ORB.US,5,20131121,193500,23.0500,23.0700,23.0500,23.0500,1000,0
ORB.US,5,20131121,194000,23.0700,23.0700,23.0700,23.0700,1000,0
ORB.US,5,20131121,194500,23.0500,23.0700,23.0200,23.0400,5200,0
ORB.US,5,20131121,195000,23.0400,23.0700,23.0400,23.0700,1800,0
ORB.US,5,20131121,195500,23.0500,23.0800,23.0400,23.0800,1500,0
ORB.US,5,20131121,200000,23.0500,23.0700,23.0500,23.0700,700,0
ORB.US,5,20131121,200500,23.0500,23.0700,23.0400,23.0700,1300,0
ORB.US,5,20131121,201000,23.0600,23.0800,23.0400,23.0600,10270,0
ORB.US,5,20131121,201500,23.0600,23.0800,23.0300,23.0500,8800,0
ORB.US,5,20131121,202000,23.0600,23.0800,23.0300,23.0500,3719,0
ORB.US,5,20131121,202500,23.0500,23.0500,23.0500,23.0500,100,0
ORB.US,5,20131121,203000,23.0200,23.0500,23.0200,23.0500,1500,0
ORB.US,5,20131121,204000,23.0700,23.0700,23.0700,23.0700,100,0
ORB.US,5,20131121,204500,23.0700,23.1000,23.0700,23.1000,1100,0
ORB.US,5,20131121,205000,23.0900,23.1100,23.0900,23.0900,1500,0
ORB.US,5,20131121,205500,23.0900,23.0900,23.0700,23.0700,300,0
ORB.US,5,20131121,210000,23.0700,23.1000,23.0200,23.0600,8618,0
ORB.US,5,20131121,210500,23.0800,23.1100,23.0800,23.1000,1800,0
ORB.US,5,20131121,211000,23.1000,23.1200,23.1000,23.1100,3983,0
ORB.US,5,20131121,211500,23.1100,23.1100,23.0900,23.1100,4441,0
ORB.US,5,20131121,212000,23.0900,23.1100,23.0900,23.0900,1941,0
ORB.US,5,20131121,212500,23.0800,23.0900,23.0800,23.0900,300,0
ORB.US,5,20131121,213000,23.0900,23.1000,23.0900,23.1000,500,0
ORB.US,5,20131121,213500,23.1100,23.1100,23.0900,23.0900,8786,0
ORB.US,5,20131121,214000,23.1000,23.1000,23.0800,23.0800,1223,0
ORB.US,5,20131121,214500,23.0800,23.0900,23.0600,23.0900,1100,0
ORB.US,5,20131121,215000,23.0800,23.0800,23.0500,23.0500,7517,0
ORB.US,5,20131121,215500,23.0500,23.0900,23.0500,23.0700,4053,0
ORB.US,5,20131121,220000,23.0600,23.0900,23.0400,23.0700,53629,0
ORB.US,5,20131121,220500,23.0500,23.0500,23.0500,23.0500,27843,0
ORB.US,5,20131122,153500,23.0400,23.0400,23.0000,23.0100,1155,0
ORB.US,5,20131122,154000,23.0500,23.1900,23.0500,23.1900,1700,0
ORB.US,5,20131122,154500,23.2000,23.2000,23.0500,23.0500,3100,0
ORB.US,5,20131122,155000,23.0900,23.2000,23.0900,23.2000,1500,0
ORB.US,5,20131122,155500,23.2000,23.2000,23.1400,23.1700,2599,0
ORB.US,5,20131122,160000,23.1000,23.1600,23.0600,23.0600,5634,0
ORB.US,5,20131122,160500,23.0600,23.2000,23.0300,23.0700,14283,0
ORB.US,5,20131122,161000,23.0700,23.0900,23.0700,23.0900,700,0
ORB.US,5,20131122,161500,23.1000,23.1400,23.1000,23.1400,200,0
ORB.US,5,20131122,162000,23.0900,23.1000,23.0900,23.1000,720,0
ORB.US,5,20131122,162500,23.0800,23.1000,23.0800,23.1000,1255,0
ORB.US,5,20131122,163000,23.1100,23.1200,23.1000,23.1100,10100,0
ORB.US,5,20131122,163500,23.1200,23.1400,23.1200,23.1300,1500,0
ORB.US,5,20131122,164000,23.1400,23.1900,23.1300,23.1900,4600,0
ORB.US,5,20131122,164500,23.2000,23.2200,23.2000,23.2100,1600,0
ORB.US,5,20131122,165000,23.2200,23.2700,23.1900,23.2000,5896,0
ORB.US,5,20131122,165500,23.2100,23.2400,23.2100,23.2400,2648,0
ORB.US,5,20131122,170000,23.2700,23.3500,23.2700,23.3500,5102,0
ORB.US,5,20131122,170500,23.3100,23.4300,23.3100,23.4300,1800,0
ORB.US,5,20131122,171000,23.4300,23.4300,23.4100,23.4300,1700,0
ORB.US,5,20131122,171500,23.4300,23.4300,23.3800,23.4200,2600,0
ORB.US,5,20131122,172000,23.4100,23.4100,23.3500,23.3700,4521,0
ORB.US,5,20131122,172500,23.3700,23.4100,23.3700,23.4100,6400,0
ORB.US,5,20131122,173000,23.3700,23.3700,23.3300,23.3300,1296,0
ORB.US,5,20131122,173500,23.3500,23.3500,23.3200,23.3400,800,0
ORB.US,5,20131122,174000,23.3200,23.3200,23.3200,23.3200,700,0
ORB.US,5,20131122,174500,23.3300,23.3300,23.3200,23.3300,1200,0
ORB.US,5,20131122,175000,23.3300,23.3500,23.3300,23.3300,900,0
ORB.US,5,20131122,175500,23.3500,23.3500,23.3300,23.3300,1602,0
ORB.US,5,20131122,180000,23.3500,23.3500,23.3100,23.3500,2198,0
ORB.US,5,20131122,180500,23.3500,23.3500,23.3100,23.3400,3000,0
ORB.US,5,20131122,181000,23.3500,23.4000,23.3500,23.4000,1500,0
ORB.US,5,20131122,181500,23.3400,23.4000,23.3400,23.4000,700,0
ORB.US,5,20131122,182000,23.4000,23.4000,23.3400,23.3700,1500,0
ORB.US,5,20131122,182500,23.3800,23.4100,23.3300,23.3300,2300,0
ORB.US,5,20131122,183000,23.3300,23.3400,23.3000,23.3400,900,0
ORB.US,5,20131122,183500,23.3100,23.3200,23.2900,23.3000,2559,0
ORB.US,5,20131122,184000,23.3100,23.3100,23.2900,23.3100,15100,0
ORB.US,5,20131122,184500,23.3000,23.3400,23.3000,23.3000,2900,0
ORB.US,5,20131122,185000,23.3000,23.3000,23.3000,23.3000,300,0
ORB.US,5,20131122,185500,23.2900,23.3000,23.2900,23.2900,1597,0
ORB.US,5,20131122,190000,23.3000,23.3000,23.2800,23.2800,2200,0
ORB.US,5,20131122,191000,23.2700,23.2700,23.2700,23.2700,413,0
ORB.US,5,20131122,192000,23.2600,23.2700,23.2600,23.2600,369,0
ORB.US,5,20131122,193000,23.2600,23.2600,23.2600,23.2600,500,0
ORB.US,5,20131122,193500,23.2800,23.3100,23.2800,23.3100,700,0
ORB.US,5,20131122,194000,23.3100,23.3100,23.2800,23.2900,800,0
ORB.US,5,20131122,194500,23.2400,23.2400,23.2300,23.2300,500,0
ORB.US,5,20131122,195000,23.2400,23.2500,23.2400,23.2500,600,0
ORB.US,5,20131122,195500,23.2400,23.2700,23.2000,23.2500,2843,0
ORB.US,5,20131122,200000,23.2400,23.2400,23.2400,23.2400,700,0
ORB.US,5,20131122,200500,23.2200,23.2400,23.2200,23.2200,1900,0
ORB.US,5,20131122,201000,23.2300,23.2400,23.2100,23.2300,1040,0
ORB.US,5,20131122,201500,23.2100,23.2400,23.2100,23.2400,1300,0
ORB.US,5,20131122,202000,23.2500,23.2600,23.2500,23.2600,1000,0
ORB.US,5,20131122,202500,23.2600,23.2600,23.2600,23.2600,200,0
ORB.US,5,20131122,203000,23.2600,23.3000,23.2600,23.3000,1575,0
ORB.US,5,20131122,203500,23.2600,23.2900,23.2600,23.2900,800,0
ORB.US,5,20131122,204000,23.3000,23.3000,23.2900,23.3000,557,0
ORB.US,5,20131122,204500,23.2300,23.2400,23.2200,23.2200,600,0
ORB.US,5,20131122,205000,23.2400,23.2900,23.2400,23.2700,1525,0
ORB.US,5,20131122,205500,23.2600,23.2700,23.2500,23.2500,1387,0
ORB.US,5,20131122,210000,23.2600,23.3200,23.2600,23.3200,1707,0
ORB.US,5,20131122,210500,23.3300,23.3300,23.2900,23.3100,1100,0
ORB.US,5,20131122,211000,23.2700,23.3000,23.2700,23.3000,1400,0
ORB.US,5,20131122,211500,23.3000,23.3000,23.2400,23.2800,6483,0
ORB.US,5,20131122,212000,23.2700,23.2700,23.2600,23.2600,500,0
ORB.US,5,20131122,212500,23.2500,23.2500,23.2400,23.2500,3114,0
ORB.US,5,20131122,213000,23.2500,23.2500,23.2400,23.2400,2882,0
ORB.US,5,20131122,213500,23.2300,23.2300,23.1600,23.1800,6809,0
ORB.US,5,20131122,214000,23.2100,23.2300,23.1800,23.1900,2800,0
ORB.US,5,20131122,214500,23.2000,23.2300,23.1800,23.2200,5007,0
ORB.US,5,20131122,215000,23.1800,23.2100,23.1600,23.1700,10597,0
ORB.US,5,20131122,215500,23.1600,23.1900,23.1300,23.1400,11597,0
ORB.US,5,20131122,220000,23.1400,23.1600,23.0900,23.1100,29991,0
ORB.US,5,20131122,220500,23.1000,23.1000,23.1000,23.1000,32572,0
ORB.US,5,20131125,153500,23.2800,23.2800,23.1300,23.1700,400,0
ORB.US,5,20131125,154000,23.2100,23.2200,23.1700,23.2000,700,0
ORB.US,5,20131125,154500,23.1900,23.2100,23.1100,23.1100,2349,0
ORB.US,5,20131125,155000,23.0900,23.1100,23.0400,23.0400,1000,0
ORB.US,5,20131125,155500,23.0600,23.1000,23.0600,23.0700,1600,0
ORB.US,5,20131125,160000,23.1000,23.1000,23.1000,23.1000,100,0
ORB.US,5,20131125,160500,23.1100,23.1100,23.0500,23.0500,2099,0
ORB.US,5,20131125,161000,23.0800,23.1500,23.0700,23.1300,10200,0
ORB.US,5,20131125,161500,23.1700,23.1700,23.1300,23.1300,600,0
ORB.US,5,20131125,162000,23.1700,23.2100,23.1700,23.2100,900,0
ORB.US,5,20131125,162500,23.2500,23.2500,23.1800,23.1800,800,0
ORB.US,5,20131125,163000,23.2000,23.2200,23.1600,23.1600,10107,0
ORB.US,5,20131125,163500,23.1700,23.2100,23.1700,23.2100,1510,0
ORB.US,5,20131125,164000,23.2000,23.2000,23.1700,23.2000,3500,0
ORB.US,5,20131125,164500,23.2100,23.2200,23.1600,23.1600,5165,0
ORB.US,5,20131125,165000,23.1500,23.1500,23.1500,23.1500,200,0
ORB.US,5,20131125,165500,23.1600,23.2100,23.1500,23.1900,1508,0
ORB.US,5,20131125,170000,23.2100,23.2100,23.1900,23.2000,800,0
ORB.US,5,20131125,170500,23.2100,23.2200,23.2100,23.2200,900,0
ORB.US,5,20131125,171000,23.2200,23.2600,23.2200,23.2200,2450,0
ORB.US,5,20131125,171500,23.2200,23.2200,23.1800,23.1800,5116,0
ORB.US,5,20131125,172000,23.1800,23.2300,23.1800,23.2200,2789,0
ORB.US,5,20131125,172500,23.2200,23.2300,23.1700,23.1900,3245,0
ORB.US,5,20131125,173000,23.1700,23.1700,23.1700,23.1700,500,0
ORB.US,5,20131125,173500,23.1700,23.1700,23.1700,23.1700,700,0
ORB.US,5,20131125,174000,23.1600,23.1600,23.1600,23.1600,300,0
ORB.US,5,20131125,174500,23.1400,23.1400,23.1300,23.1300,1000,0
ORB.US,5,20131125,175000,23.1200,23.1200,23.1200,23.1200,100,0
ORB.US,5,20131125,175500,23.1200,23.1700,23.1200,23.1500,2810,0
ORB.US,5,20131125,180500,23.1800,23.1800,23.1500,23.1800,500,0
ORB.US,5,20131125,181000,23.1500,23.1500,23.1300,23.1300,800,0
ORB.US,5,20131125,182000,23.1600,23.1700,23.1500,23.1700,1747,0
ORB.US,5,20131125,182500,23.1500,23.1700,23.1500,23.1700,600,0
ORB.US,5,20131125,183000,23.1600,23.1800,23.1600,23.1800,700,0
ORB.US,5,20131125,183500,23.1900,23.1900,23.1900,23.1900,200,0
ORB.US,5,20131125,184000,23.1900,23.1900,23.1900,23.1900,300,0
ORB.US,5,20131125,184500,23.1700,23.2800,23.1700,23.1900,2310,0
ORB.US,5,20131125,185000,23.2100,23.2100,23.1900,23.2000,1800,0
ORB.US,5,20131125,190000,23.2000,23.2200,23.2000,23.2200,800,0
ORB.US,5,20131125,190500,23.2300,23.2300,23.2300,23.2300,100,0
ORB.US,5,20131125,191000,23.2100,23.2100,23.1600,23.1600,1899,0
ORB.US,5,20131125,191500,23.1600,23.1600,23.1500,23.1600,900,0
ORB.US,5,20131125,192000,23.1500,23.1700,23.1500,23.1700,260,0
ORB.US,5,20131125,193000,23.1800,23.2000,23.1800,23.1900,1100,0
ORB.US,5,20131125,193500,23.2100,23.2200,23.2100,23.2200,200,0
ORB.US,5,20131125,194000,23.2200,23.2200,23.2000,23.2000,800,0
ORB.US,5,20131125,194500,23.2000,23.2100,23.1900,23.1900,1000,0
ORB.US,5,20131125,195000,23.2100,23.2200,23.2100,23.2200,1200,0
ORB.US,5,20131125,195500,23.2400,23.2400,23.2100,23.2100,1200,0
ORB.US,5,20131125,200000,23.2100,23.2100,23.2100,23.2100,300,0
ORB.US,5,20131125,200500,23.2000,23.2300,23.2000,23.2100,977,0
ORB.US,5,20131125,201000,23.2300,23.2300,23.1900,23.2000,1500,0
ORB.US,5,20131125,201500,23.2000,23.2100,23.2000,23.2000,3240,0
ORB.US,5,20131125,202000,23.2100,23.2100,23.1900,23.1900,2230,0
ORB.US,5,20131125,202500,23.2000,23.2100,23.2000,23.2000,600,0
ORB.US,5,20131125,203000,23.2000,23.2000,23.2000,23.2000,100,0
ORB.US,5,20131125,203500,23.2000,23.2000,23.2000,23.2000,200,0
ORB.US,5,20131125,204000,23.2000,23.2000,23.1800,23.1800,1320,0
ORB.US,5,20131125,204500,23.2000,23.2000,23.1900,23.1900,300,0
ORB.US,5,20131125,205000,23.1800,23.1800,23.1700,23.1700,700,0
ORB.US,5,20131125,205500,23.1800,23.2000,23.1800,23.2000,400,0
ORB.US,5,20131125,210000,23.1700,23.1800,23.1600,23.1800,3635,0
ORB.US,5,20131125,210500,23.1900,23.1900,23.1900,23.1900,100,0
ORB.US,5,20131125,211000,23.1900,23.2200,23.1800,23.1800,1150,0
ORB.US,5,20131125,211500,23.1900,23.1900,23.1700,23.1700,2816,0
ORB.US,5,20131125,212000,23.1900,23.1900,23.1800,23.1900,700,0
ORB.US,5,20131125,212500,23.1700,23.1700,23.1600,23.1600,300,0
ORB.US,5,20131125,213000,23.1600,23.1900,23.1600,23.1900,600,0
ORB.US,5,20131125,213500,23.1700,23.1900,23.1600,23.1700,2300,0
ORB.US,5,20131125,214000,23.1800,23.1800,23.1500,23.1700,3494,0
ORB.US,5,20131125,214500,23.1700,23.1800,23.1600,23.1700,1500,0
ORB.US,5,20131125,215000,23.1700,23.1800,23.1500,23.1800,4512,0
ORB.US,5,20131125,215500,23.1700,23.1700,23.1400,23.1500,2645,0
ORB.US,5,20131125,220000,23.1400,23.1900,23.1300,23.1500,9347,0
ORB.US,5,20131125,220500,23.1400,23.1400,23.1400,23.1400,15308,0
ORB.US,5,20131126,153500,23.0200,23.1600,23.0000,23.0000,2420,0
ORB.US,5,20131126,154000,22.9700,23.0300,22.9100,22.9300,3100,0
ORB.US,5,20131126,154500,23.0300,23.1300,22.9800,23.0700,4410,0
ORB.US,5,20131126,155000,23.1300,23.1300,23.0700,23.1100,1300,0
ORB.US,5,20131126,155500,23.1200,23.1800,23.1200,23.1800,1387,0
ORB.US,5,20131126,160000,23.1300,23.2200,23.1100,23.2000,3072,0
ORB.US,5,20131126,160500,23.2000,23.2300,23.1900,23.1900,980,0
ORB.US,5,20131126,161000,23.2200,23.2700,23.2200,23.2700,1150,0
ORB.US,5,20131126,161500,23.2900,23.3500,23.2700,23.3500,1900,0
ORB.US,5,20131126,162000,23.3200,23.3200,23.2600,23.3000,2199,0
ORB.US,5,20131126,162500,23.2600,23.3500,23.2600,23.3100,1400,0
ORB.US,5,20131126,163000,23.3100,23.3100,23.3100,23.3100,200,0
ORB.US,5,20131126,163500,23.3000,23.3200,23.2300,23.2300,2100,0
ORB.US,5,20131126,164000,23.2200,23.2400,23.1700,23.1900,4997,0
ORB.US,5,20131126,164500,23.2100,23.2400,23.2100,23.2400,2600,0
ORB.US,5,20131126,165000,23.2400,23.2400,23.2400,23.2400,400,0
ORB.US,5,20131126,165500,23.2900,23.3000,23.2900,23.3000,2800,0
ORB.US,5,20131126,170000,23.2900,23.2900,23.2400,23.2600,1200,0
ORB.US,5,20131126,170500,23.3000,23.3100,23.3000,23.3000,885,0
ORB.US,5,20131126,171000,23.3100,23.3100,23.3000,23.3000,1600,0
ORB.US,5,20131126,171500,23.3300,23.3300,23.3000,23.3100,1100,0
ORB.US,5,20131126,172000,23.3100,23.3300,23.2400,23.2800,4970,0
ORB.US,5,20131126,172500,23.2800,23.3200,23.2800,23.3200,2300,0
ORB.US,5,20131126,173000,23.3000,23.3000,23.3000,23.3000,100,0
ORB.US,5,20131126,173500,23.3000,23.3100,23.2800,23.2800,700,0
ORB.US,5,20131126,174000,23.3000,23.3000,23.2900,23.3000,1000,0
ORB.US,5,20131126,174500,23.2900,23.3200,23.2800,23.3000,4066,0
ORB.US,5,20131126,175000,23.3000,23.3200,23.3000,23.3000,817,0
ORB.US,5,20131126,175500,23.2900,23.3000,23.2900,23.3000,375,0
ORB.US,5,20131126,180500,23.3000,23.3200,23.3000,23.3000,4900,0
ORB.US,5,20131126,181000,23.2900,23.3000,23.2900,23.3000,200,0
ORB.US,5,20131126,181500,23.3000,23.3000,23.3000,23.3000,200,0
ORB.US,5,20131126,182000,23.3000,23.3100,23.2600,23.2700,4578,0
ORB.US,5,20131126,182500,23.2600,23.2800,23.2600,23.2800,300,0
ORB.US,5,20131126,183500,23.2700,23.2800,23.2500,23.2600,6600,0
ORB.US,5,20131126,184000,23.2500,23.2800,23.2500,23.2800,1200,0
ORB.US,5,20131126,184500,23.2800,23.2800,23.2600,23.2800,700,0
ORB.US,5,20131126,185000,23.2700,23.3000,23.2700,23.3000,300,0
ORB.US,5,20131126,185500,23.3000,23.3100,23.2600,23.2600,19935,0
ORB.US,5,20131126,190000,23.2600,23.2700,23.2500,23.2500,400,0
ORB.US,5,20131126,190500,23.2500,23.2700,23.2500,23.2700,700,0
ORB.US,5,20131126,191000,23.2500,23.2700,23.2500,23.2700,600,0
ORB.US,5,20131126,191500,23.2700,23.2800,23.2700,23.2800,800,0
ORB.US,5,20131126,192000,23.2800,23.3000,23.2600,23.2600,1300,0
ORB.US,5,20131126,192500,23.2900,23.3000,23.2600,23.2900,1600,0
ORB.US,5,20131126,193000,23.2800,23.3000,23.2400,23.2600,1970,0
ORB.US,5,20131126,193500,23.2400,23.2500,23.2300,23.2500,700,0
ORB.US,5,20131126,194000,23.2400,23.2400,23.2400,23.2400,200,0
ORB.US,5,20131126,194500,23.2500,23.2700,23.2400,23.2600,1229,0
ORB.US,5,20131126,195000,23.2800,23.2900,23.2700,23.2700,1100,0
ORB.US,5,20131126,195500,23.2600,23.2600,23.2200,23.2400,2200,0
ORB.US,5,20131126,200000,23.2600,23.2600,23.2600,23.2600,100,0
ORB.US,5,20131126,200500,23.2700,23.2800,23.2600,23.2700,1400,0
ORB.US,5,20131126,201000,23.2900,23.2900,23.2600,23.2600,950,0
ORB.US,5,20131126,201500,23.2700,23.2900,23.2300,23.2400,1800,0
ORB.US,5,20131126,202000,23.2400,23.2500,23.2300,23.2300,700,0
ORB.US,5,20131126,202500,23.2200,23.2400,23.2100,23.2200,3250,0
ORB.US,5,20131126,203000,23.2100,23.2400,23.2100,23.2200,1700,0
ORB.US,5,20131126,203500,23.2200,23.2300,23.2000,23.2100,3827,0
ORB.US,5,20131126,204500,23.2100,23.2300,23.2100,23.2300,1117,0
ORB.US,5,20131126,205000,23.2400,23.2600,23.2200,23.2200,1374,0
ORB.US,5,20131126,205500,23.2200,23.2300,23.2000,23.2200,1700,0
ORB.US,5,20131126,210000,23.2200,23.2300,23.2100,23.2100,1900,0
ORB.US,5,20131126,210500,23.2100,23.2200,23.2000,23.2100,1400,0
ORB.US,5,20131126,211000,23.2000,23.2200,23.2000,23.2000,4000,0
ORB.US,5,20131126,211500,23.2000,23.2000,23.1700,23.1700,4110,0
ORB.US,5,20131126,212000,23.1900,23.1900,23.1700,23.1900,400,0
ORB.US,5,20131126,212500,23.1900,23.2100,23.1900,23.2100,400,0
ORB.US,5,20131126,213000,23.2400,23.2700,23.2300,23.2400,3302,0
ORB.US,5,20131126,213500,23.2600,23.2700,23.2300,23.2300,4399,0
ORB.US,5,20131126,214000,23.2600,23.2600,23.2500,23.2500,200,0
ORB.US,5,20131126,214500,23.2800,23.2800,23.2500,23.2700,1900,0
ORB.US,5,20131126,215000,23.2500,23.2500,23.1600,23.1800,10705,0
ORB.US,5,20131126,215500,23.1700,23.1900,23.1300,23.1600,8398,0
ORB.US,5,20131126,220000,23.1600,23.2000,23.1400,23.2000,9289,0
ORB.US,5,20131126,220500,23.2000,23.2000,23.2000,23.2000,29195,0
ORB.US,5,20131127,153500,23.2000,23.3200,23.2000,23.2900,891,0
ORB.US,5,20131127,154000,23.3000,23.3100,23.1600,23.2800,1400,0
ORB.US,5,20131127,154500,23.3000,23.3000,23.1900,23.1900,1916,0
ORB.US,5,20131127,155000,23.2100,23.2900,23.2000,23.2000,3291,0
ORB.US,5,20131127,155500,23.2400,23.2500,23.2100,23.2300,700,0
ORB.US,5,20131127,160000,23.2500,23.2900,23.2500,23.2900,300,0
ORB.US,5,20131127,160500,23.2800,23.2800,23.2000,23.2400,3500,0
ORB.US,5,20131127,161000,23.2700,23.3900,23.2700,23.3500,1495,0
ORB.US,5,20131127,161500,23.3200,23.3300,23.3000,23.3000,1200,0
ORB.US,5,20131127,162000,23.3300,23.3900,23.3100,23.3600,1700,0
ORB.US,5,20131127,162500,23.3600,23.3700,23.3200,23.3700,9000,0
ORB.US,5,20131127,163000,23.3900,23.3900,23.3300,23.3700,1980,0
ORB.US,5,20131127,163500,23.4000,23.4100,23.3400,23.4100,1412,0
ORB.US,5,20131127,164000,23.4100,23.4300,23.3800,23.3800,3700,0
ORB.US,5,20131127,164500,23.4100,23.4200,23.3800,23.4200,1000,0
ORB.US,5,20131127,165000,23.4000,23.4100,23.3800,23.3800,1700,0
ORB.US,5,20131127,165500,23.4000,23.4100,23.3300,23.3300,2800,0
ORB.US,5,20131127,170000,23.3600,23.3900,23.3300,23.3400,1800,0
ORB.US,5,20131127,170500,23.3300,23.3700,23.3300,23.3700,800,0
ORB.US,5,20131127,171000,23.3800,23.3800,23.3400,23.3800,700,0
ORB.US,5,20131127,171500,23.3800,23.4300,23.3700,23.4100,2421,0
ORB.US,5,20131127,172000,23.4100,23.4500,23.4000,23.4200,1600,0
ORB.US,5,20131127,172500,23.4100,23.4700,23.4100,23.4700,1482,0
ORB.US,5,20131127,173000,23.4300,23.4700,23.4300,23.4400,1600,0
ORB.US,5,20131127,173500,23.4300,23.4500,23.3900,23.4500,3952,0
ORB.US,5,20131127,174000,23.4500,23.5300,23.4500,23.5300,5669,0
ORB.US,5,20131127,174500,23.5400,23.6000,23.5300,23.6000,3630,0
ORB.US,5,20131127,175000,23.5900,23.6400,23.5800,23.6200,2360,0
ORB.US,5,20131127,175500,23.6300,23.6700,23.6200,23.6200,2300,0
ORB.US,5,20131127,180000,23.6300,23.6500,23.6300,23.6400,3674,0
ORB.US,5,20131127,180500,23.6100,23.6200,23.6100,23.6200,700,0
ORB.US,5,20131127,181000,23.6200,23.6700,23.6200,23.6700,1550,0
ORB.US,5,20131127,181500,23.6600,23.6800,23.6600,23.6800,2700,0
ORB.US,5,20131127,182000,23.6800,23.6800,23.6100,23.6100,5009,0
ORB.US,5,20131127,182500,23.6200,23.6200,23.6200,23.6200,2118,0
ORB.US,5,20131127,183000,23.6300,23.7000,23.6300,23.7000,3800,0
ORB.US,5,20131127,183500,23.7100,23.7100,23.7100,23.7100,1700,0
ORB.US,5,20131127,184000,23.6900,23.7000,23.6700,23.6800,1900,0
ORB.US,5,20131127,184500,23.6600,23.7200,23.6600,23.6800,1400,0
ORB.US,5,20131127,185000,23.6900,23.7200,23.6900,23.7100,1645,0
ORB.US,5,20131127,185500,23.7000,23.7100,23.6900,23.7100,700,0
ORB.US,5,20131127,190000,23.7300,23.7300,23.6700,23.6700,1800,0
ORB.US,5,20131127,190500,23.6900,23.7000,23.6900,23.7000,400,0
ORB.US,5,20131127,191000,23.7200,23.7200,23.7000,23.7200,400,0
ORB.US,5,20131127,191500,23.7100,23.7300,23.6900,23.7200,1100,0
ORB.US,5,20131127,192000,23.7300,23.7300,23.7100,23.7100,4744,0
ORB.US,5,20131127,192500,23.7000,23.7100,23.6900,23.7000,800,0
ORB.US,5,20131127,193000,23.7300,23.7400,23.7300,23.7400,200,0
ORB.US,5,20131127,193500,23.7300,23.7700,23.7300,23.7700,3550,0
ORB.US,5,20131127,194000,23.7700,23.8000,23.7600,23.7900,3400,0
ORB.US,5,20131127,194500,23.8000,23.8000,23.7800,23.7800,403,0
ORB.US,5,20131127,195000,23.7900,23.7900,23.7900,23.7900,500,0
ORB.US,5,20131127,195500,23.8100,23.8100,23.7800,23.7900,900,0
ORB.US,5,20131127,200000,23.8000,23.8100,23.7900,23.8100,1095,0
ORB.US,5,20131127,200500,23.8300,23.8400,23.8200,23.8300,2752,0
ORB.US,5,20131127,201000,23.8300,23.8300,23.8000,23.8100,2891,0
ORB.US,5,20131127,201500,23.8000,23.8200,23.8000,23.8200,800,0
ORB.US,5,20131127,202000,23.8200,23.8300,23.8000,23.8200,1912,0
ORB.US,5,20131127,202500,23.8300,23.8400,23.8300,23.8400,1500,0
ORB.US,5,20131127,203000,23.8500,23.8800,23.8500,23.8800,5600,0
ORB.US,5,20131127,203500,23.9000,23.9100,23.8900,23.8900,1201,0
ORB.US,5,20131127,204000,23.9100,23.9200,23.8900,23.9200,5343,0
ORB.US,5,20131127,204500,23.9300,23.9300,23.9300,23.9300,400,0
ORB.US,5,20131127,205000,23.9300,23.9600,23.9300,23.9600,3340,0
ORB.US,5,20131127,205500,23.9600,23.9700,23.9600,23.9700,3920,0
ORB.US,5,20131127,210000,23.9600,24.0500,23.9600,23.9900,19652,0
ORB.US,5,20131127,210500,24.0100,24.0200,24.0000,24.0200,1800,0
ORB.US,5,20131127,211000,24.0200,24.0800,24.0200,24.0800,3102,0
ORB.US,5,20131127,211500,24.0700,24.0800,24.0400,24.0600,5232,0
ORB.US,5,20131127,212000,24.0600,24.0700,24.0300,24.0400,2870,0
ORB.US,5,20131127,212500,24.0400,24.0600,24.0100,24.0200,3999,0
ORB.US,5,20131127,213000,24.0200,24.0400,24.0000,24.0000,3850,0
ORB.US,5,20131127,213500,24.0000,24.0000,23.9900,24.0000,5634,0
ORB.US,5,20131127,214000,23.9900,24.0200,23.9800,24.0200,4749,0
ORB.US,5,20131127,214500,24.0200,24.0200,23.9900,24.0000,5500,0
ORB.US,5,20131127,215000,23.9900,24.0000,23.9700,23.9800,6466,0
ORB.US,5,20131127,215500,23.9800,24.0000,23.9800,24.0000,4997,0
ORB.US,5,20131127,220000,24.0000,24.0100,23.9600,23.9600,15882,0
ORB.US,5,20131127,220500,23.9700,23.9700,23.9700,23.9700,13597,0
ORB.US,5,20131129,153500,24.1500,24.1600,24.1500,24.1600,500,0
ORB.US,5,20131129,154000,24.1000,24.1300,23.9100,23.9500,5100,0
ORB.US,5,20131129,154500,23.9400,23.9600,23.9100,23.9600,1400,0
ORB.US,5,20131129,155000,23.9400,24.0100,23.9400,24.0100,1300,0
ORB.US,5,20131129,155500,24.0100,24.0300,24.0000,24.0300,900,0
ORB.US,5,20131129,160000,24.0400,24.0400,24.0400,24.0400,800,0
ORB.US,5,20131129,160500,23.9800,23.9800,23.8600,23.9100,2905,0
ORB.US,5,20131129,161000,23.8700,23.9500,23.8700,23.9500,3190,0
ORB.US,5,20131129,161500,23.9500,23.9800,23.9500,23.9500,900,0
ORB.US,5,20131129,162000,23.9600,24.0000,23.9600,23.9800,500,0
ORB.US,5,20131129,162500,23.9800,23.9800,23.9800,23.9800,205,0
ORB.US,5,20131129,163000,23.9500,24.0100,23.9100,23.9700,8805,0
ORB.US,5,20131129,163500,23.9200,23.9600,23.9100,23.9600,1247,0
ORB.US,5,20131129,164500,23.9100,23.9200,23.8600,23.8800,2068,0
ORB.US,5,20131129,165000,23.8800,23.8900,23.8600,23.8900,862,0
ORB.US,5,20131129,165500,23.8800,23.9000,23.8500,23.8500,700,0
ORB.US,5,20131129,170000,23.8500,23.8800,23.8400,23.8800,1300,0
ORB.US,5,20131129,170500,23.8500,23.8500,23.7300,23.7600,3300,0
ORB.US,5,20131129,171500,23.7800,23.8100,23.7600,23.8100,1800,0
ORB.US,5,20131129,172000,23.8100,23.8200,23.8100,23.8200,1500,0
ORB.US,5,20131129,172500,23.8100,23.8200,23.8000,23.8000,700,0
ORB.US,5,20131129,173000,23.8000,23.8000,23.7500,23.7500,1398,0
ORB.US,5,20131129,173500,23.7400,23.7400,23.7400,23.7400,100,0
ORB.US,5,20131129,174000,23.7600,23.8000,23.7500,23.7800,3100,0
ORB.US,5,20131129,174500,23.8100,23.8100,23.8100,23.8100,200,0
ORB.US,5,20131129,175000,23.7900,23.7900,23.7800,23.7800,1700,0
ORB.US,5,20131129,175500,23.7900,23.7900,23.7600,23.7600,2300,0
ORB.US,5,20131129,180000,23.7500,23.7700,23.7300,23.7600,1300,0
ORB.US,5,20131129,180500,23.7600,23.7600,23.7300,23.7600,2100,0
ORB.US,5,20131129,181000,23.7600,23.7600,23.7400,23.7400,400,0
ORB.US,5,20131129,181500,23.7400,23.7400,23.7400,23.7400,100,0
ORB.US,5,20131129,182000,23.7700,23.7700,23.7300,23.7300,1400,0
ORB.US,5,20131129,182500,23.7400,23.7400,23.6800,23.7100,4400,0
ORB.US,5,20131129,183000,23.7200,23.7200,23.6800,23.7100,1100,0
ORB.US,5,20131129,183500,23.7100,23.7100,23.6300,23.6300,5378,0
ORB.US,5,20131129,184000,23.6400,23.6700,23.5800,23.6100,5523,0
ORB.US,5,20131129,184500,23.6400,23.6800,23.6100,23.6100,9400,0
ORB.US,5,20131129,185000,23.6100,23.6500,23.5700,23.5800,5200,0
ORB.US,5,20131129,185500,23.5600,23.5700,23.4900,23.5700,6100,0
ORB.US,5,20131129,190000,23.5800,23.5800,23.4400,23.4500,15889,0
ORB.US,5,20131129,190500,23.4800,23.4800,23.4800,23.4800,16094,0
ORB.US,5,20131202,153500,23.4600,23.6600,23.3900,23.4000,2625,0
ORB.US,5,20131202,154000,23.4100,23.6800,23.4100,23.6700,3000,0
ORB.US,5,20131202,154500,23.5600,23.5600,23.3500,23.3500,1200,0
ORB.US,5,20131202,155000,23.3600,23.3600,23.1700,23.1700,3005,0
ORB.US,5,20131202,155500,23.1700,23.2200,23.1200,23.1200,7261,0
ORB.US,5,20131202,160000,23.1700,23.1900,23.1100,23.1300,4265,0
ORB.US,5,20131202,160500,23.1500,23.1500,23.0800,23.1300,4050,0
ORB.US,5,20131202,161000,23.1300,23.1500,23.1100,23.1100,3869,0
ORB.US,5,20131202,161500,23.1300,23.1300,23.0100,23.0600,4732,0
ORB.US,5,20131202,162000,23.0600,23.1700,23.0600,23.1400,1100,0
ORB.US,5,20131202,162500,23.1400,23.2100,23.1400,23.1800,2700,0
ORB.US,5,20131202,163000,23.2000,23.2000,23.1700,23.1700,1300,0
ORB.US,5,20131202,163500,23.1700,23.1700,23.1500,23.1500,1000,0
ORB.US,5,20131202,164000,23.1400,23.1400,23.1100,23.1100,1330,0
ORB.US,5,20131202,164500,23.0900,23.0900,23.0300,23.0300,1500,0
ORB.US,5,20131202,165000,23.0300,23.0500,22.9100,22.9100,15247,0
ORB.US,5,20131202,165500,22.9200,22.9800,22.8800,22.9600,4935,0
ORB.US,5,20131202,170000,22.9800,23.0100,22.9600,22.9600,1300,0
ORB.US,5,20131202,170500,22.9900,22.9900,22.9600,22.9900,1300,0
ORB.US,5,20131202,171000,22.9700,23.0300,22.9700,23.0300,5968,0
ORB.US,5,20131202,172000,23.0200,23.0200,22.9900,22.9900,1830,0
ORB.US,5,20131202,172500,22.9700,23.0300,22.9700,22.9900,1810,0
ORB.US,5,20131202,173000,22.9900,23.0100,22.9800,22.9800,2800,0
ORB.US,5,20131202,173500,22.9900,23.0100,22.9700,22.9800,2900,0
ORB.US,5,20131202,174000,22.9700,22.9800,22.8800,22.9000,6100,0
ORB.US,5,20131202,174500,22.9000,22.9000,22.9000,22.9000,1700,0
ORB.US,5,20131202,175000,22.9000,22.9100,22.8700,22.8700,4000,0
ORB.US,5,20131202,175500,22.8500,22.8700,22.8500,22.8500,800,0
ORB.US,5,20131202,180000,22.8600,22.9500,22.8500,22.9500,5780,0
ORB.US,5,20131202,180500,22.9400,22.9400,22.8400,22.8400,2143,0
ORB.US,5,20131202,181000,22.8500,22.8500,22.8200,22.8300,2200,0
ORB.US,5,20131202,181500,22.8300,22.8400,22.8200,22.8400,1100,0
ORB.US,5,20131202,182000,22.8300,22.8400,22.8300,22.8400,2593,0
ORB.US,5,20131202,182500,22.8400,22.8800,22.8400,22.8600,2000,0
ORB.US,5,20131202,183000,22.8700,22.9100,22.8700,22.9100,2925,0
ORB.US,5,20131202,183500,22.9300,22.9300,22.8900,22.8900,600,0
ORB.US,5,20131202,184000,22.9100,22.9200,22.9100,22.9200,200,0
ORB.US,5,20131202,184500,22.9200,22.9500,22.9000,22.9500,3448,0
ORB.US,5,20131202,185000,22.9500,22.9500,22.9200,22.9200,1200,0
ORB.US,5,20131202,185500,22.9000,22.9400,22.9000,22.9000,1500,0
ORB.US,5,20131202,190000,22.9200,22.9400,22.9000,22.9200,1600,0
ORB.US,5,20131202,190500,22.9200,22.9300,22.9000,22.9200,1124,0
ORB.US,5,20131202,191000,22.9000,22.9700,22.8900,22.9700,17500,0
ORB.US,5,20131202,191500,22.9600,22.9700,22.9400,22.9500,8700,0
ORB.US,5,20131202,192000,22.9500,23.0200,22.9300,22.9900,5000,0
ORB.US,5,20131202,192500,23.0100,23.0400,23.0100,23.0400,400,0
ORB.US,5,20131202,193000,23.0400,23.0800,23.0300,23.0400,4092,0
ORB.US,5,20131202,193500,23.0400,23.1300,22.8700,22.9100,62637,0
ORB.US,5,20131202,194000,22.9000,22.9000,22.8200,22.8300,2530,0
ORB.US,5,20131202,195000,22.8200,22.8200,22.7600,22.7600,1100,0
ORB.US,5,20131202,195500,22.7600,22.7600,22.6600,22.7400,5500,0
ORB.US,5,20131202,200000,22.7600,22.7800,22.7400,22.7500,15600,0
ORB.US,5,20131202,200500,22.7800,22.8300,22.7600,22.7900,3875,0
ORB.US,5,20131202,201000,22.7900,22.8100,22.7500,22.7500,1600,0
ORB.US,5,20131202,201500,22.7500,22.7500,22.7500,22.7500,100,0
ORB.US,5,20131202,202000,22.7300,22.7400,22.6800,22.6900,2300,0
ORB.US,5,20131202,202500,22.7200,22.7700,22.7000,22.7700,1600,0
ORB.US,5,20131202,203000,22.7800,22.8000,22.7600,22.7700,8600,0
ORB.US,5,20131202,203500,22.7900,22.7900,22.7300,22.7300,1100,0
ORB.US,5,20131202,204000,22.7400,22.7600,22.7100,22.7600,1200,0
ORB.US,5,20131202,204500,22.7800,22.7800,22.7200,22.7200,4400,0
ORB.US,5,20131202,205000,22.7200,22.7700,22.7200,22.7400,2800,0
ORB.US,5,20131202,205500,22.7800,22.8100,22.7800,22.8100,1427,0
ORB.US,5,20131202,210000,22.8400,22.8700,22.8300,22.8300,1200,0
ORB.US,5,20131202,210500,22.8700,22.9000,22.8500,22.8900,5200,0
ORB.US,5,20131202,211000,22.9200,22.9200,22.8500,22.8800,28020,0
ORB.US,5,20131202,211500,22.8900,23.0200,22.8700,23.0200,20092,0
ORB.US,5,20131202,212000,23.0200,23.1400,23.0200,23.1400,6500,0
ORB.US,5,20131202,212500,23.1400,23.2300,23.1400,23.2300,8107,0
ORB.US,5,20131202,213000,23.2400,23.2500,23.1900,23.2000,8100,0
ORB.US,5,20131202,213500,23.2000,23.2000,23.1400,23.1900,5900,0
ORB.US,5,20131202,214000,23.1900,23.2600,23.1900,23.2600,9528,0
ORB.US,5,20131202,214500,23.2600,23.2900,23.1800,23.1900,14580,0
ORB.US,5,20131202,215000,23.2000,23.2500,23.1500,23.2500,8910,0
ORB.US,5,20131202,215500,23.2500,23.2600,23.1300,23.2400,13191,0
ORB.US,5,20131202,220000,23.2400,23.2600,23.1700,23.2000,34154,0
ORB.US,5,20131202,220500,23.2000,23.2000,23.2000,23.2000,40240,0
ORB.US,5,20131203,153500,23.3400,23.3400,23.1700,23.2100,707,0
ORB.US,5,20131203,154000,23.3200,23.3200,23.3000,23.3000,307,0
ORB.US,5,20131203,154500,23.3300,23.3600,23.3300,23.3600,300,0
ORB.US,5,20131203,155000,23.3400,23.3400,23.3100,23.3100,300,0
ORB.US,5,20131203,155500,23.3600,23.3600,23.2800,23.2800,400,0
ORB.US,5,20131203,160000,23.3300,23.3300,23.3100,23.3100,610,0
ORB.US,5,20131203,160500,23.3700,23.4400,23.3600,23.3700,1900,0
ORB.US,5,20131203,161000,23.3600,23.4000,23.3500,23.3900,1600,0
ORB.US,5,20131203,161500,23.3600,23.3900,23.3200,23.3700,1415,0
ORB.US,5,20131203,162000,23.3500,23.3500,23.3100,23.3100,300,0
ORB.US,5,20131203,162500,23.3500,23.3500,23.2800,23.3200,2073,0
ORB.US,5,20131203,163500,23.3600,23.3700,23.3100,23.3700,1234,0
ORB.US,5,20131203,164000,23.3700,23.5000,23.3600,23.5000,9592,0
ORB.US,5,20131203,164500,23.4800,23.5000,23.4700,23.4700,2300,0
ORB.US,5,20131203,165000,23.4500,23.4500,23.4100,23.4200,300,0
ORB.US,5,20131203,165500,23.4300,23.4300,23.3700,23.3700,800,0
ORB.US,5,20131203,170000,23.3500,23.4000,23.3300,23.3600,900,0
ORB.US,5,20131203,170500,23.3300,23.3500,23.2500,23.3000,17561,0
ORB.US,5,20131203,171000,23.3000,23.3300,23.3000,23.3200,803,0
ORB.US,5,20131203,171500,23.3400,23.3400,23.3200,23.3300,600,0
ORB.US,5,20131203,172000,23.3300,23.3300,23.2400,23.2500,6400,0
ORB.US,5,20131203,172500,23.2300,23.2300,23.1900,23.1900,1200,0
ORB.US,5,20131203,173000,23.2000,23.2000,23.1300,23.1300,917,0
ORB.US,5,20131203,173500,23.1400,23.1400,23.1000,23.1000,1260,0
ORB.US,5,20131203,174000,23.0900,23.0900,23.0800,23.0800,1300,0
ORB.US,5,20131203,174500,23.1000,23.1000,23.0600,23.0600,851,0
ORB.US,5,20131203,175000,23.0300,23.0300,23.0000,23.0000,3100,0
ORB.US,5,20131203,180000,22.9900,23.0200,22.9900,23.0200,200,0
ORB.US,5,20131203,180500,23.0500,23.0500,23.0400,23.0400,200,0
ORB.US,5,20131203,181000,23.0600,23.0600,23.0400,23.0600,425,0
ORB.US,5,20131203,181500,23.0700,23.0700,23.0400,23.0400,500,0
ORB.US,5,20131203,182000,23.0100,23.0300,23.0000,23.0000,2572,0
ORB.US,5,20131203,182500,23.0000,23.0000,23.0000,23.0000,100,0
ORB.US,5,20131203,183000,23.0100,23.0100,23.0000,23.0000,700,0
ORB.US,5,20131203,183500,23.0000,23.0200,23.0000,23.0000,1100,0
ORB.US,5,20131203,184000,23.0100,23.0100,23.0000,23.0000,600,0
ORB.US,5,20131203,184500,23.0000,23.0200,23.0000,23.0200,1900,0
ORB.US,5,20131203,185000,23.0200,23.0200,23.0000,23.0000,900,0
ORB.US,5,20131203,185500,23.0100,23.0200,23.0100,23.0100,500,0
ORB.US,5,20131203,190000,23.0300,23.0300,23.0000,23.0000,1100,0
ORB.US,5,20131203,190500,23.0000,23.0200,23.0000,23.0000,7130,0
ORB.US,5,20131203,191000,23.0000,23.0000,22.9800,23.0000,1800,0
ORB.US,5,20131203,191500,23.0000,23.0300,23.0000,23.0000,5975,0
ORB.US,5,20131203,192000,23.0000,23.0200,23.0000,23.0200,3300,0
ORB.US,5,20131203,192500,23.0200,23.0200,22.9900,23.0000,2884,0
ORB.US,5,20131203,193000,22.9700,22.9700,22.9400,22.9500,2100,0
ORB.US,5,20131203,193500,22.9300,22.9500,22.9300,22.9400,1400,0
ORB.US,5,20131203,194500,22.9500,22.9900,22.9400,22.9400,2110,0
ORB.US,5,20131203,195000,22.9400,22.9600,22.9400,22.9600,800,0
ORB.US,5,20131203,195500,22.9400,22.9900,22.9400,22.9900,1696,0
ORB.US,5,20131203,200000,23.0000,23.0000,22.9700,22.9700,200,0
ORB.US,5,20131203,200500,22.9900,22.9900,22.9600,22.9800,400,0
ORB.US,5,20131203,201000,22.9600,22.9900,22.9500,22.9500,1264,0
ORB.US,5,20131203,201500,22.9600,22.9700,22.9600,22.9600,300,0
ORB.US,5,20131203,202000,22.9600,22.9700,22.9500,22.9500,4374,0
ORB.US,5,20131203,202500,22.9600,22.9600,22.9600,22.9600,400,0
ORB.US,5,20131203,203000,22.9500,23.0000,22.9500,22.9900,4423,0
ORB.US,5,20131203,203500,22.9900,23.0100,22.9800,22.9900,5600,0
ORB.US,5,20131203,204000,23.0000,23.0000,22.9700,22.9700,6719,0
ORB.US,5,20131203,204500,23.0000,23.0200,22.9700,22.9800,4600,0
ORB.US,5,20131203,205000,22.9800,23.0000,22.9800,23.0000,800,0
ORB.US,5,20131203,205500,23.0000,23.0000,22.9700,22.9700,800,0
ORB.US,5,20131203,210000,22.9900,23.0100,22.9800,23.0000,2731,0
ORB.US,5,20131203,210500,23.0000,23.0000,22.9700,22.9900,2200,0
ORB.US,5,20131203,211000,23.0000,23.0200,22.9500,22.9500,8813,0
ORB.US,5,20131203,211500,22.9600,22.9700,22.9600,22.9700,1900,0
ORB.US,5,20131203,212000,22.9700,23.0200,22.9600,23.0100,4663,0
ORB.US,5,20131203,212500,23.0100,23.0100,22.9000,22.9000,3509,0
ORB.US,5,20131203,213000,22.8800,22.9000,22.8400,22.8400,9602,0
ORB.US,5,20131203,213500,22.8500,22.9500,22.8500,22.9500,4400,0
ORB.US,5,20131203,214000,22.9400,22.9500,22.9100,22.9100,3450,0
ORB.US,5,20131203,214500,22.9100,22.9500,22.9100,22.9400,8821,0
ORB.US,5,20131203,215000,22.9400,23.0000,22.9400,22.9800,7897,0
ORB.US,5,20131203,215500,22.9800,23.0100,22.9700,22.9800,7835,0
ORB.US,5,20131203,220000,22.9800,23.0000,22.9800,23.0000,6189,0
ORB.US,5,20131203,220500,23.0000,23.0000,23.0000,23.0000,45634,0
ORB.US,5,20131204,153500,22.8700,23.0400,22.7300,23.0400,400,0
ORB.US,5,20131204,154500,22.9300,22.9700,22.9300,22.9600,1800,0
ORB.US,5,20131204,155000,22.9700,22.9700,22.9500,22.9700,800,0
ORB.US,5,20131204,155500,22.9500,22.9500,22.9400,22.9400,3500,0
ORB.US,5,20131204,160000,22.9000,22.9400,22.8800,22.9400,2257,0
ORB.US,5,20131204,160500,22.9100,22.9900,22.9000,22.9500,2752,0
ORB.US,5,20131204,161000,22.9200,22.9800,22.9200,22.9800,925,0
ORB.US,5,20131204,161500,22.9900,23.1300,22.9900,23.1200,2705,0
ORB.US,5,20131204,162000,23.1400,23.2300,23.1100,23.2300,10209,0
ORB.US,5,20131204,162500,23.2000,23.2800,23.2000,23.2800,8231,0
ORB.US,5,20131204,163000,23.2800,23.3200,23.2800,23.2800,2600,0
ORB.US,5,20131204,163500,23.3300,23.3300,23.2900,23.3300,2200,0
ORB.US,5,20131204,164000,23.3400,23.4000,23.3200,23.3400,1800,0
ORB.US,5,20131204,164500,23.3500,23.3800,23.3000,23.3000,3719,0
ORB.US,5,20131204,165000,23.2900,23.3300,23.2500,23.3000,4133,0
ORB.US,5,20131204,165500,23.2700,23.2800,23.2400,23.2400,3100,0
ORB.US,5,20131204,170000,23.2700,23.2800,23.2000,23.2400,1600,0
ORB.US,5,20131204,170500,23.2300,23.2300,23.2300,23.2300,100,0
ORB.US,5,20131204,171000,23.2400,23.2800,23.2400,23.2500,1052,0
ORB.US,5,20131204,171500,23.2900,23.2900,23.2500,23.2500,900,0
ORB.US,5,20131204,172000,23.2700,23.2700,23.2000,23.2200,4611,0
ORB.US,5,20131204,172500,23.2000,23.2000,23.2000,23.2000,500,0
ORB.US,5,20131204,173000,23.2300,23.2300,23.2100,23.2300,1300,0
ORB.US,5,20131204,173500,23.2200,23.2200,23.2200,23.2200,400,0
ORB.US,5,20131204,174000,23.2200,23.2300,23.2200,23.2300,1000,0
ORB.US,5,20131204,174500,23.2400,23.2800,23.2300,23.2600,2553,0
ORB.US,5,20131204,175000,23.2500,23.2500,23.2400,23.2500,1500,0
ORB.US,5,20131204,175500,23.2500,23.2800,23.2500,23.2600,2600,0
ORB.US,5,20131204,180000,23.2800,23.3000,23.2500,23.2600,1500,0
ORB.US,5,20131204,180500,23.2200,23.2500,23.2200,23.2300,2760,0
ORB.US,5,20131204,181000,23.2200,23.2400,23.2000,23.2000,3500,0
ORB.US,5,20131204,181500,23.1900,23.2000,23.1900,23.2000,325,0
ORB.US,5,20131204,182000,23.1800,23.1800,23.1500,23.1800,1100,0
ORB.US,5,20131204,182500,23.1700,23.1900,23.1400,23.1400,1300,0
ORB.US,5,20131204,183000,23.1300,23.1300,23.0500,23.0500,11200,0
ORB.US,5,20131204,183500,23.0700,23.0900,23.0300,23.0300,600,0
ORB.US,5,20131204,184000,23.0600,23.0600,23.0600,23.0600,400,0
ORB.US,5,20131204,184500,23.0500,23.1000,23.0400,23.0400,6987,0
ORB.US,5,20131204,185000,23.0700,23.0800,23.0600,23.0600,700,0
ORB.US,5,20131204,185500,23.0500,23.0700,23.0400,23.0700,2971,0
ORB.US,5,20131204,190000,23.0500,23.1100,23.0500,23.1000,3012,0
ORB.US,5,20131204,190500,23.1000,23.1300,23.0800,23.1300,19029,0
ORB.US,5,20131204,191000,23.1100,23.1200,23.0800,23.0800,1300,0
ORB.US,5,20131204,191500,23.0900,23.1000,23.0600,23.1000,3800,0
ORB.US,5,20131204,192000,23.0900,23.1000,23.0700,23.0900,6060,0
ORB.US,5,20131204,192500,23.0800,23.1000,23.0400,23.0500,4600,0
ORB.US,5,20131204,193000,23.0600,23.0900,23.0600,23.0800,8710,0
ORB.US,5,20131204,193500,23.0700,23.0800,22.9200,23.0600,12942,0
ORB.US,5,20131204,194000,23.0500,23.1000,23.0500,23.1000,2703,0
ORB.US,5,20131204,194500,23.1000,23.1100,23.0800,23.1100,8199,0
ORB.US,5,20131204,195000,23.1100,23.1200,23.1000,23.1100,1231,0
ORB.US,5,20131204,195500,23.1000,23.1500,23.1000,23.1500,1430,0
ORB.US,5,20131204,200000,23.1500,23.1500,23.1100,23.1400,2813,0
ORB.US,5,20131204,200500,23.1500,23.1800,23.1300,23.1400,1023,0
ORB.US,5,20131204,201000,23.1400,23.1500,23.1300,23.1500,900,0
ORB.US,5,20131204,201500,23.1500,23.1900,23.1400,23.1800,1900,0
ORB.US,5,20131204,202000,23.1900,23.1900,23.1500,23.1500,500,0
ORB.US,5,20131204,202500,23.1600,23.3000,23.1500,23.2600,19194,0
ORB.US,5,20131204,203000,23.2700,23.2800,23.2400,23.2600,2401,0
ORB.US,5,20131204,203500,23.2900,23.3200,23.2700,23.3100,1500,0
ORB.US,5,20131204,204000,23.3200,23.3300,23.3100,23.3300,1000,0
ORB.US,5,20131204,204500,23.3300,23.3500,23.2900,23.3000,19016,0
ORB.US,5,20131204,205000,23.2900,23.3100,23.2800,23.3000,4100,0
ORB.US,5,20131204,205500,23.3200,23.3900,23.3200,23.3700,2500,0
ORB.US,5,20131204,210000,23.3700,23.3900,23.3700,23.3900,6421,0
ORB.US,5,20131204,210500,23.4100,23.4100,23.3500,23.3500,5136,0
ORB.US,5,20131204,211000,23.3500,23.3500,23.3100,23.3400,4476,0
ORB.US,5,20131204,211500,23.3600,23.4100,23.3600,23.4000,3900,0
ORB.US,5,20131204,212000,23.4100,23.4700,23.4100,23.4700,2700,0
ORB.US,5,20131204,212500,23.4900,23.4900,23.3500,23.3600,5898,0
ORB.US,5,20131204,213000,23.3500,23.4200,23.3500,23.3800,2700,0
ORB.US,5,20131204,213500,23.4100,23.4100,23.3800,23.4000,2303,0
ORB.US,5,20131204,214000,23.4200,23.4600,23.4100,23.4600,5361,0
ORB.US,5,20131204,214500,23.4600,23.4800,23.4400,23.4500,8159,0
ORB.US,5,20131204,215000,23.4400,23.4500,23.4000,23.4000,7625,0
ORB.US,5,20131204,215500,23.4000,23.4200,23.3800,23.4200,8505,0
ORB.US,5,20131204,220000,23.4300,23.4300,23.3400,23.3400,11750,0
ORB.US,5,20131204,220500,23.3400,23.3400,23.3400,23.3400,26135,0
ORB.US,5,20131205,153500,23.1700,23.3200,23.0100,23.1300,1132,0
ORB.US,5,20131205,154000,23.1800,23.3100,23.1800,23.3100,2304,0
ORB.US,5,20131205,154500,23.3100,23.3200,23.2800,23.2800,14620,0
ORB.US,5,20131205,155000,23.2800,23.2900,23.2000,23.2100,12340,0
ORB.US,5,20131205,155500,23.2200,23.2200,23.0200,23.0800,61800,0
ORB.US,5,20131205,160000,23.0800,23.0900,23.0500,23.0500,2556,0
ORB.US,5,20131205,160500,23.0800,23.1600,23.0800,23.1600,500,0
ORB.US,5,20131205,161000,23.1500,23.1600,23.1200,23.1600,1200,0
ORB.US,5,20131205,161500,23.1700,23.1700,23.1200,23.1200,1000,0
ORB.US,5,20131205,162000,23.1300,23.2800,23.1100,23.2800,37840,0
ORB.US,5,20131205,162500,23.2100,23.2200,23.1100,23.1100,1300,0
ORB.US,5,20131205,163000,23.1000,23.1000,23.0900,23.1000,1500,0
ORB.US,5,20131205,163500,23.0900,23.0900,23.0700,23.0700,700,0
ORB.US,5,20131205,164000,23.0800,23.0800,23.0400,23.0500,1300,0
ORB.US,5,20131205,164500,23.0300,23.0300,23.0200,23.0200,900,0
ORB.US,5,20131205,165000,22.9800,22.9800,22.9000,22.9100,1368,0
ORB.US,5,20131205,165500,22.9300,22.9300,22.9200,22.9200,500,0
ORB.US,5,20131205,170000,22.9200,22.9900,22.9100,22.9600,1600,0
ORB.US,5,20131205,170500,22.9500,22.9500,22.8800,22.9000,2726,0
ORB.US,5,20131205,171000,22.9500,22.9500,22.8900,22.8900,1400,0
ORB.US,5,20131205,171500,22.8700,22.8900,22.8400,22.8400,1500,0
ORB.US,5,20131205,172000,22.8400,22.8600,22.8400,22.8400,1000,0
ORB.US,5,20131205,172500,22.8500,22.9000,22.8500,22.8900,2700,0
ORB.US,5,20131205,173000,22.9000,22.9300,22.8900,22.9300,700,0
ORB.US,5,20131205,173500,22.9300,22.9300,22.8900,22.9000,6150,0
ORB.US,5,20131205,174000,22.8800,22.9100,22.8800,22.9100,1900,0
ORB.US,5,20131205,174500,22.9100,22.9100,22.8900,22.8900,2600,0
ORB.US,5,20131205,175000,22.9000,22.9000,22.8800,22.9000,1400,0
ORB.US,5,20131205,175500,22.8800,22.9400,22.8800,22.9400,2824,0
ORB.US,5,20131205,180000,22.9400,22.9400,22.9000,22.9000,2977,0
ORB.US,5,20131205,180500,22.9300,23.0000,22.9300,22.9900,2700,0
ORB.US,5,20131205,181000,22.9900,23.0300,22.9900,23.0300,1200,0
ORB.US,5,20131205,181500,22.9900,22.9900,22.9800,22.9800,1000,0
ORB.US,5,20131205,182000,22.9800,22.9800,22.9700,22.9700,200,0
ORB.US,5,20131205,182500,22.9500,22.9500,22.8800,22.8800,1700,0
ORB.US,5,20131205,183000,22.8800,22.8900,22.8800,22.8800,1500,0
ORB.US,5,20131205,183500,22.8800,22.8800,22.8600,22.8600,2150,0
ORB.US,5,20131205,184000,22.8600,22.8700,22.8500,22.8500,1170,0
ORB.US,5,20131205,184500,22.8700,22.9400,22.8700,22.9400,2775,0
ORB.US,5,20131205,185000,22.9200,22.9200,22.8900,22.9000,1100,0
ORB.US,5,20131205,185500,22.8700,22.8700,22.8700,22.8700,300,0
ORB.US,5,20131205,190000,22.8700,22.9100,22.8700,22.9100,1134,0
ORB.US,5,20131205,190500,22.8900,22.9100,22.8700,22.8700,700,0
ORB.US,5,20131205,191000,22.8700,22.8700,22.8700,22.8700,200,0
ORB.US,5,20131205,191500,22.8700,22.8900,22.8700,22.8900,500,0
ORB.US,5,20131205,192000,22.8700,22.8700,22.8200,22.8300,1400,0
ORB.US,5,20131205,192500,22.8200,22.8200,22.7500,22.7500,5600,0
ORB.US,5,20131205,193000,22.7500,22.7600,22.6500,22.7600,9908,0
ORB.US,5,20131205,193500,22.7800,22.7900,22.7800,22.7900,400,0
ORB.US,5,20131205,194000,22.8000,22.8000,22.8000,22.8000,400,0
ORB.US,5,20131205,194500,22.8000,22.8000,22.7900,22.7900,500,0
ORB.US,5,20131205,195000,22.7900,22.7900,22.7500,22.7500,700,0
ORB.US,5,20131205,195500,22.7500,22.7900,22.7500,22.7900,1600,0
ORB.US,5,20131205,200000,22.7900,22.8100,22.7900,22.8000,3900,0
ORB.US,5,20131205,200500,22.8000,22.8600,22.7900,22.8600,5600,0
ORB.US,5,20131205,201000,22.8600,22.8600,22.8400,22.8400,2291,0
ORB.US,5,20131205,201500,22.8400,22.8400,22.8000,22.8000,1400,0
ORB.US,5,20131205,202000,22.8000,22.8000,22.7700,22.7700,877,0
ORB.US,5,20131205,202500,22.7800,22.7900,22.7600,22.7800,800,0
ORB.US,5,20131205,203000,22.7600,22.7600,22.7500,22.7500,400,0
ORB.US,5,20131205,203500,22.7600,22.7900,22.7600,22.7900,1200,0
ORB.US,5,20131205,204000,22.8000,22.8100,22.8000,22.8100,400,0
ORB.US,5,20131205,204500,22.8200,22.8300,22.8100,22.8200,1741,0
ORB.US,5,20131205,205000,22.8500,22.8500,22.8000,22.8000,500,0
ORB.US,5,20131205,205500,22.7900,22.7900,22.7600,22.7600,1098,0
ORB.US,5,20131205,210000,22.7300,22.7400,22.7000,22.7400,1432,0
ORB.US,5,20131205,210500,22.7600,22.7600,22.7400,22.7400,777,0
ORB.US,5,20131205,211000,22.7400,22.7600,22.7300,22.7600,2128,0
ORB.US,5,20131205,211500,22.7500,22.7700,22.7000,22.7000,1794,0
ORB.US,5,20131205,212000,22.7200,22.7200,22.6900,22.7000,712,0
ORB.US,5,20131205,212500,22.7000,22.7200,22.6800,22.7200,1320,0
ORB.US,5,20131205,213000,22.7200,22.8000,22.7200,22.7500,3100,0
ORB.US,5,20131205,213500,22.7500,22.7600,22.7100,22.7600,2800,0
ORB.US,5,20131205,214000,22.7800,22.8000,22.7400,22.7700,2900,0
ORB.US,5,20131205,214500,22.7700,22.7900,22.7300,22.7500,3500,0
ORB.US,5,20131205,215000,22.7600,22.7800,22.7300,22.7600,3471,0
ORB.US,5,20131205,215500,22.7700,22.8300,22.7600,22.8300,8084,0
ORB.US,5,20131205,220000,22.8300,22.8300,22.8000,22.8300,13390,0
ORB.US,5,20131205,220500,22.8300,22.8300,22.8300,22.8300,16417,0
ORB.US,5,20131206,153500,23.0900,23.0900,22.9000,22.9200,1020,0
ORB.US,5,20131206,154000,22.9100,22.9100,22.9100,22.9100,745,0
ORB.US,5,20131206,154500,22.9200,22.9500,22.8700,22.8800,1600,0
ORB.US,5,20131206,155000,22.8800,22.9000,22.8400,22.8400,400,0
ORB.US,5,20131206,155500,22.8600,22.9400,22.8300,22.9100,2400,0
ORB.US,5,20131206,160000,22.9200,23.1000,22.8600,22.8600,12852,0
ORB.US,5,20131206,160500,22.8900,22.9200,22.8700,22.9100,3199,0
ORB.US,5,20131206,161000,22.8900,22.9400,22.8800,22.9400,1500,0
ORB.US,5,20131206,161500,22.9300,22.9300,22.8800,22.8800,1700,0
ORB.US,5,20131206,162000,22.9300,23.0300,22.8900,23.0300,3000,0
ORB.US,5,20131206,162500,23.0200,23.0400,23.0000,23.0100,1000,0
ORB.US,5,20131206,163000,22.9700,22.9700,22.9100,22.9100,1700,0
ORB.US,5,20131206,163500,22.9000,22.9000,22.8700,22.8900,2000,0
ORB.US,5,20131206,164000,22.8900,22.9200,22.8900,22.9200,1000,0
ORB.US,5,20131206,164500,22.9300,22.9300,22.9100,22.9100,300,0
ORB.US,5,20131206,165500,22.8900,22.9500,22.8800,22.9200,1810,0
ORB.US,5,20131206,170000,22.9500,22.9900,22.9300,22.9800,5399,0
ORB.US,5,20131206,170500,22.9600,22.9600,22.8900,22.9500,1400,0
ORB.US,5,20131206,171000,22.9700,23.0800,22.9700,23.0800,3400,0
ORB.US,5,20131206,171500,23.0500,23.0500,23.0500,23.0500,2300,0
ORB.US,5,20131206,172000,23.0500,23.0800,23.0400,23.0700,4090,0
ORB.US,5,20131206,172500,23.0800,23.0900,23.0800,23.0800,823,0
ORB.US,5,20131206,173000,23.1200,23.1300,23.1200,23.1300,1234,0
ORB.US,5,20131206,173500,23.1600,23.2600,23.1600,23.2600,1400,0
ORB.US,5,20131206,174000,23.2100,23.2100,23.2000,23.2100,600,0
ORB.US,5,20131206,174500,23.2100,23.2300,23.2100,23.2300,2400,0
ORB.US,5,20131206,175000,23.2400,23.3000,23.2400,23.2800,800,0
ORB.US,5,20131206,175500,23.2500,23.2500,23.2500,23.2500,500,0
ORB.US,5,20131206,180000,23.2600,23.2700,23.2600,23.2700,200,0
ORB.US,5,20131206,180500,23.2700,23.2700,23.2600,23.2600,800,0
ORB.US,5,20131206,181000,23.2400,23.2600,23.2200,23.2200,5298,0
ORB.US,5,20131206,181500,23.2200,23.2400,23.2200,23.2400,1200,0
ORB.US,5,20131206,182000,23.2300,23.2600,23.2300,23.2300,600,0
ORB.US,5,20131206,182500,23.2300,23.2400,23.2300,23.2400,500,0
ORB.US,5,20131206,183000,23.2400,23.2400,23.2400,23.2400,300,0
ORB.US,5,20131206,184000,23.2300,23.3500,23.2300,23.3500,3400,0
ORB.US,5,20131206,184500,23.3400,23.5100,23.3200,23.5000,24097,0
ORB.US,5,20131206,185000,23.5000,23.5000,23.3600,23.3800,3248,0
ORB.US,5,20131206,185500,23.3700,23.4000,23.3700,23.4000,833,0
ORB.US,5,20131206,190000,23.4000,23.4100,23.3900,23.4000,2000,0
ORB.US,5,20131206,190500,23.4000,23.4000,23.4000,23.4000,600,0
ORB.US,5,20131206,191000,23.3900,23.3900,23.3300,23.3300,2200,0
ORB.US,5,20131206,192000,23.3300,23.3300,23.2900,23.3000,5222,0
ORB.US,5,20131206,192500,23.2800,23.2900,23.2800,23.2900,800,0
ORB.US,5,20131206,193000,23.2900,23.3000,23.2900,23.3000,454,0
ORB.US,5,20131206,193500,23.2900,23.3000,23.2900,23.3000,314,0
ORB.US,5,20131206,194000,23.3000,23.3300,23.2900,23.2900,500,0
ORB.US,5,20131206,194500,23.3200,23.3800,23.3200,23.3800,500,0
ORB.US,5,20131206,195000,23.3600,23.3600,23.3600,23.3600,300,0
ORB.US,5,20131206,195500,23.3700,23.3700,23.3500,23.3500,300,0
ORB.US,5,20131206,200000,23.3600,23.3600,23.3600,23.3600,200,0
ORB.US,5,20131206,200500,23.3700,23.3700,23.3000,23.3000,700,0
ORB.US,5,20131206,201000,23.2900,23.3000,23.2900,23.3000,1100,0
ORB.US,5,20131206,201500,23.3100,23.3100,23.2900,23.2900,630,0
ORB.US,5,20131206,202000,23.2700,23.3200,23.2400,23.3100,15700,0
ORB.US,5,20131206,202500,23.3200,23.3800,23.3100,23.3800,19613,0
ORB.US,5,20131206,203000,23.3900,23.4100,23.3600,23.4000,6731,0
ORB.US,5,20131206,203500,23.3900,23.3900,23.3200,23.3300,10741,0
ORB.US,5,20131206,204000,23.3000,23.3000,23.3000,23.3000,100,0
ORB.US,5,20131206,204500,23.3300,23.3500,23.3300,23.3500,1300,0
ORB.US,5,20131206,205000,23.3600,23.3600,23.3600,23.3600,400,0
ORB.US,5,20131206,205500,23.3600,23.3600,23.3400,23.3400,700,0
ORB.US,5,20131206,210000,23.3600,23.3600,23.3400,23.3600,1100,0
ORB.US,5,20131206,210500,23.3500,23.3700,23.3400,23.3400,500,0
ORB.US,5,20131206,211000,23.3400,23.3400,23.3100,23.3100,800,0
ORB.US,5,20131206,211500,23.3300,23.3300,23.2900,23.3000,800,0
ORB.US,5,20131206,212000,23.3000,23.3000,23.2900,23.3000,400,0
ORB.US,5,20131206,212500,23.2800,23.3100,23.2800,23.3100,1800,0
ORB.US,5,20131206,213000,23.3100,23.3200,23.2900,23.3100,600,0
ORB.US,5,20131206,213500,23.2800,23.3100,23.2800,23.3100,2100,0
ORB.US,5,20131206,214000,23.3200,23.3200,23.2500,23.2500,1600,0
ORB.US,5,20131206,214500,23.2600,23.3100,23.2600,23.3100,2200,0
ORB.US,5,20131206,215000,23.2700,23.3000,23.2700,23.2700,1949,0
ORB.US,5,20131206,215500,23.2900,23.3800,23.2900,23.3700,7088,0
ORB.US,5,20131206,220000,23.3600,23.3800,23.3500,23.3700,12454,0
ORB.US,5,20131206,220500,23.3700,23.3700,23.3700,23.3700,14153,0
ORB.US,5,20131209,153500,23.3600,23.5900,23.2400,23.2600,31215,0
ORB.US,5,20131209,154000,23.4000,23.4000,23.2800,23.2800,1884,0
ORB.US,5,20131209,155000,23.3300,23.3300,23.3300,23.3300,600,0
ORB.US,5,20131209,155500,23.3100,23.3500,23.2400,23.2600,2100,0
ORB.US,5,20131209,160000,23.2400,23.2800,23.2400,23.2400,1250,0
ORB.US,5,20131209,160500,23.2300,23.2300,23.2300,23.2300,100,0
ORB.US,5,20131209,161000,23.1900,23.1900,23.1100,23.1100,800,0
ORB.US,5,20131209,161500,23.1100,23.1100,23.0100,23.0500,4180,0
ORB.US,5,20131209,162000,23.0600,23.1300,23.0600,23.1300,1400,0
ORB.US,5,20131209,162500,23.0700,23.1500,23.0700,23.1500,700,0
ORB.US,5,20131209,163000,23.1200,23.1400,23.1200,23.1400,1000,0
ORB.US,5,20131209,163500,23.1300,23.1800,23.1300,23.1800,1400,0
ORB.US,5,20131209,164000,23.1800,23.2200,23.1600,23.2200,1900,0
ORB.US,5,20131209,164500,23.2000,23.2400,23.1900,23.2400,1305,0
ORB.US,5,20131209,165000,23.2200,23.2200,23.1800,23.1900,3000,0
ORB.US,5,20131209,165500,23.2100,23.2400,23.2100,23.2400,1100,0
ORB.US,5,20131209,170000,23.2600,23.2800,23.2600,23.2800,2470,0
ORB.US,5,20131209,170500,23.2800,23.2900,23.2800,23.2900,600,0
ORB.US,5,20131209,171000,23.2900,23.2900,23.2700,23.2800,1100,0
ORB.US,5,20131209,171500,23.3200,23.3300,23.3000,23.3200,3200,0
ORB.US,5,20131209,172000,23.3300,23.3300,23.3200,23.3200,500,0
ORB.US,5,20131209,172500,23.3100,23.3200,23.3000,23.3100,3300,0
ORB.US,5,20131209,173000,23.3100,23.3100,23.2800,23.2800,900,0
ORB.US,5,20131209,174000,23.2500,23.2800,23.2400,23.2800,4000,0
ORB.US,5,20131209,174500,23.2900,23.2900,23.2900,23.2900,300,0
ORB.US,5,20131209,175000,23.3100,23.3100,23.2900,23.2900,700,0
ORB.US,5,20131209,175500,23.2800,23.2800,23.2300,23.2300,1300,0
ORB.US,5,20131209,180000,23.2600,23.2600,23.2600,23.2600,700,0
ORB.US,5,20131209,180500,23.2600,23.2600,23.2600,23.2600,400,0
ORB.US,5,20131209,181000,23.2600,23.2600,23.2500,23.2500,400,0
ORB.US,5,20131209,181500,23.2500,23.2500,23.2500,23.2500,200,0
ORB.US,5,20131209,182000,23.2300,23.2300,23.2200,23.2200,220,0
ORB.US,5,20131209,182500,23.2200,23.2600,23.2000,23.2600,2700,0
ORB.US,5,20131209,183000,23.2200,23.2600,23.2100,23.2600,1700,0
ORB.US,5,20131209,183500,23.2300,23.2300,23.2300,23.2300,100,0
ORB.US,5,20131209,184000,23.2700,23.2700,23.2700,23.2700,500,0
ORB.US,5,20131209,184500,23.2500,23.2900,23.2300,23.2900,1200,0
ORB.US,5,20131209,185000,23.2900,23.3100,23.2800,23.2800,1200,0
ORB.US,5,20131209,190000,23.2800,23.3000,23.2800,23.3000,550,0
ORB.US,5,20131209,190500,23.2800,23.3200,23.2600,23.3000,6637,0
ORB.US,5,20131209,191000,23.2700,23.3200,23.2700,23.3200,2500,0
ORB.US,5,20131209,191500,23.3200,23.3300,23.3200,23.3300,600,0
ORB.US,5,20131209,192000,23.3300,23.3300,23.3300,23.3300,200,0
ORB.US,5,20131209,192500,23.3300,23.3300,23.3300,23.3300,200,0
ORB.US,5,20131209,193500,23.3400,23.3400,23.3300,23.3300,1500,0
ORB.US,5,20131209,194000,23.3200,23.3400,23.3200,23.3400,1900,0
ORB.US,5,20131209,194500,23.3100,23.3100,23.2800,23.2800,1300,0
ORB.US,5,20131209,195000,23.2700,23.2700,23.2700,23.2700,300,0
ORB.US,5,20131209,195500,23.2500,23.2500,23.2500,23.2500,400,0
ORB.US,5,20131209,200000,23.2400,23.2400,23.2400,23.2400,600,0
ORB.US,5,20131209,200500,23.2300,23.2300,23.2200,23.2200,1200,0
ORB.US,5,20131209,201000,23.2400,23.2700,23.2400,23.2500,450,0
ORB.US,5,20131209,201500,23.2700,23.2700,23.2500,23.2500,300,0
ORB.US,5,20131209,202000,23.2800,23.2800,23.2600,23.2600,1100,0
ORB.US,5,20131209,202500,23.2400,23.2400,23.1900,23.2000,1600,0
ORB.US,5,20131209,203500,23.2800,23.2800,23.2400,23.2800,900,0
ORB.US,5,20131209,204000,23.2700,23.2700,23.2600,23.2600,400,0
ORB.US,5,20131209,204500,23.2500,23.2500,23.2100,23.2100,500,0
ORB.US,5,20131209,205000,23.2600,23.2600,23.1900,23.1900,2174,0
ORB.US,5,20131209,205500,23.2000,23.2600,23.1900,23.2400,7500,0
ORB.US,5,20131209,210000,23.2300,23.2500,23.2000,23.2500,1000,0
ORB.US,5,20131209,211000,23.2100,23.2100,23.1500,23.1800,2500,0
ORB.US,5,20131209,211500,23.1800,23.1800,23.1700,23.1700,800,0
ORB.US,5,20131209,212000,23.1700,23.1700,23.1400,23.1400,1100,0
ORB.US,5,20131209,212500,23.1400,23.1700,23.1400,23.1700,600,0
ORB.US,5,20131209,213000,23.2000,23.2000,23.1400,23.1400,1100,0
ORB.US,5,20131209,213500,23.1700,23.2100,23.1700,23.1900,4100,0
ORB.US,5,20131209,214000,23.1900,23.2000,23.1900,23.2000,663,0
ORB.US,5,20131209,214500,23.2000,23.2100,23.1800,23.1900,3632,0
ORB.US,5,20131209,215000,23.1900,23.2600,23.1900,23.2600,5700,0
ORB.US,5,20131209,215500,23.2500,23.2700,23.2000,23.2700,7391,0
ORB.US,5,20131209,220000,23.2700,23.3000,23.2500,23.3000,13768,0
ORB.US,5,20131209,220500,23.2900,23.2900,23.2900,23.2900,43150,0
