<TICKER>,<PER>,<DTYYYYMMDD>,<TIME>,<OPEN>,<HIGH>,<LOW>,<CLOSE>,<VOL>,<OPENINT>
PFS.US,5,20131112,153500,18.7800,18.7800,18.7800,18.7800,100,0
PFS.US,5,20131112,154000,18.8000,18.8400,18.8000,18.8400,1200,0
PFS.US,5,20131112,154500,18.8300,18.8400,18.8300,18.8400,300,0
PFS.US,5,20131112,155000,18.8200,18.8800,18.8100,18.8800,2299,0
PFS.US,5,20131112,155500,18.9100,18.9100,18.7900,18.7900,1400,0
PFS.US,5,20131112,160000,18.8000,18.8300,18.8000,18.8300,700,0
PFS.US,5,20131112,160500,18.8200,18.8500,18.8100,18.8500,1100,0
PFS.US,5,20131112,161000,18.8500,18.8800,18.8500,18.8800,900,0
PFS.US,5,20131112,162000,18.8700,18.8700,18.8300,18.8300,1200,0
PFS.US,5,20131112,162500,18.8600,18.8700,18.8600,18.8700,1000,0
PFS.US,5,20131112,163500,18.8500,18.8900,18.8500,18.8700,1700,0
PFS.US,5,20131112,164000,18.8800,18.8800,18.8800,18.8800,100,0
PFS.US,5,20131112,164500,18.8700,18.8700,18.8700,18.8700,300,0
PFS.US,5,20131112,165500,18.8600,18.8600,18.8500,18.8600,1900,0
PFS.US,5,20131112,170000,18.8500,18.8500,18.8100,18.8200,1800,0
PFS.US,5,20131112,170500,18.8200,18.8500,18.8200,18.8400,1400,0
PFS.US,5,20131112,171000,18.8400,18.8400,18.8300,18.8300,700,0
PFS.US,5,20131112,171500,18.8300,18.8500,18.8300,18.8500,800,0
PFS.US,5,20131112,172000,18.8600,18.8700,18.8500,18.8700,2200,0
PFS.US,5,20131112,172500,18.8800,18.9100,18.8600,18.8600,1300,0
PFS.US,5,20131112,173000,18.8600,18.8700,18.8500,18.8700,1100,0
PFS.US,5,20131112,173500,18.8900,18.8900,18.8900,18.8900,100,0
PFS.US,5,20131112,174000,18.8800,18.8900,18.8500,18.8500,2101,0
PFS.US,5,20131112,174500,18.8300,18.8800,18.8300,18.8500,7400,0
PFS.US,5,20131112,175000,18.8700,18.8700,18.8300,18.8300,1825,0
PFS.US,5,20131112,175500,18.8400,18.8500,18.8400,18.8400,400,0
PFS.US,5,20131112,180000,18.8400,18.8400,18.8400,18.8400,100,0
PFS.US,5,20131112,180500,18.8300,18.8300,18.8000,18.8000,700,0
PFS.US,5,20131112,181000,18.8000,18.8000,18.7300,18.7300,1400,0
PFS.US,5,20131112,181500,18.7500,18.7500,18.7300,18.7300,400,0
PFS.US,5,20131112,182000,18.7400,18.7400,18.7400,18.7400,100,0
PFS.US,5,20131112,182500,18.7300,18.7300,18.7000,18.7000,1300,0
PFS.US,5,20131112,183000,18.7200,18.7200,18.7200,18.7200,200,0
PFS.US,5,20131112,183500,18.7100,18.7100,18.7000,18.7000,600,0
PFS.US,5,20131112,184000,18.6900,18.7200,18.6900,18.7200,900,0
PFS.US,5,20131112,184500,18.7300,18.7300,18.7100,18.7200,800,0
PFS.US,5,20131112,185000,18.7200,18.7200,18.6700,18.6700,2532,0
PFS.US,5,20131112,185500,18.6900,18.7000,18.6900,18.7000,500,0
PFS.US,5,20131112,190000,18.6900,18.7100,18.6900,18.7000,1200,0
PFS.US,5,20131112,190500,18.7000,18.7000,18.6800,18.6900,1200,0
PFS.US,5,20131112,191000,18.7000,18.7200,18.7000,18.7200,300,0
PFS.US,5,20131112,191500,18.7300,18.7300,18.7200,18.7200,600,0
PFS.US,5,20131112,192000,18.7300,18.7400,18.7200,18.7400,1025,0
PFS.US,5,20131112,192500,18.7400,18.7500,18.7100,18.7300,3030,0
PFS.US,5,20131112,193000,18.7400,18.7400,18.7300,18.7300,300,0
PFS.US,5,20131112,193500,18.7300,18.7300,18.7100,18.7100,400,0
PFS.US,5,20131112,194000,18.7100,18.7100,18.7000,18.7000,300,0
PFS.US,5,20131112,194500,18.7000,18.7000,18.6700,18.6800,1100,0
PFS.US,5,20131112,195000,18.7000,18.7000,18.7000,18.7000,100,0
PFS.US,5,20131112,195500,18.7100,18.7100,18.7100,18.7100,600,0
PFS.US,5,20131112,200000,18.7100,18.7200,18.6900,18.6900,1200,0
PFS.US,5,20131112,200500,18.7100,18.7100,18.7000,18.7000,200,0
PFS.US,5,20131112,201000,18.7100,18.7100,18.7000,18.7100,600,0
PFS.US,5,20131112,201500,18.7100,18.7100,18.7000,18.7000,300,0
PFS.US,5,20131112,202000,18.7000,18.7000,18.6900,18.6900,200,0
PFS.US,5,20131112,202500,18.7200,18.7200,18.6900,18.6900,700,0
PFS.US,5,20131112,203000,18.7000,18.7100,18.7000,18.7000,600,0
PFS.US,5,20131112,204000,18.6900,18.7200,18.6900,18.7100,300,0
PFS.US,5,20131112,204500,18.7100,18.7200,18.7000,18.7100,900,0
PFS.US,5,20131112,205500,18.7000,18.7200,18.7000,18.7000,1000,0
PFS.US,5,20131112,210000,18.7100,18.7300,18.7100,18.7300,200,0
PFS.US,5,20131112,210500,18.7400,18.7400,18.7400,18.7400,100,0
PFS.US,5,20131112,211000,18.7700,18.7700,18.7400,18.7400,800,0
PFS.US,5,20131112,211500,18.7400,18.7400,18.7400,18.7400,600,0
PFS.US,5,20131112,212000,18.7600,18.7600,18.7600,18.7600,200,0
PFS.US,5,20131112,212500,18.7500,18.7500,18.7500,18.7500,100,0
PFS.US,5,20131112,213000,18.7400,18.7400,18.7400,18.7400,700,0
PFS.US,5,20131112,213500,18.7400,18.7700,18.7400,18.7600,2700,0
PFS.US,5,20131112,214000,18.7600,18.7600,18.7300,18.7500,700,0
PFS.US,5,20131112,214500,18.7500,18.7500,18.7300,18.7300,1600,0
PFS.US,5,20131112,215000,18.7500,18.7500,18.7200,18.7200,3888,0
PFS.US,5,20131112,215500,18.7200,18.7300,18.7200,18.7200,1620,0
PFS.US,5,20131112,220000,18.7200,18.7500,18.7200,18.7400,9719,0
PFS.US,5,20131112,220500,18.7500,18.7500,18.7400,18.7400,13600,0
PFS.US,5,20131113,153500,18.5600,18.5600,18.5100,18.5100,781,0
PFS.US,5,20131113,154000,18.5500,18.5500,18.5500,18.5500,100,0
PFS.US,5,20131113,154500,18.5100,18.5100,18.4400,18.4400,400,0
PFS.US,5,20131113,155000,18.5100,18.5200,18.4900,18.4900,300,0
PFS.US,5,20131113,160000,18.4100,18.4200,18.3900,18.4200,1000,0
PFS.US,5,20131113,160500,18.4600,18.4600,18.4600,18.4600,200,0
PFS.US,5,20131113,161000,18.4500,18.4700,18.4400,18.4400,400,0
PFS.US,5,20131113,161500,18.4700,18.5500,18.4700,18.4700,1600,0
PFS.US,5,20131113,162000,18.5300,18.5300,18.5300,18.5300,100,0
PFS.US,5,20131113,162500,18.5000,18.5100,18.4700,18.4700,2400,0
PFS.US,5,20131113,163000,18.5100,18.5200,18.5100,18.5200,700,0
PFS.US,5,20131113,164000,18.4800,18.5400,18.4800,18.4900,700,0
PFS.US,5,20131113,164500,18.4600,18.5300,18.4600,18.5300,300,0
PFS.US,5,20131113,165000,18.5000,18.5100,18.5000,18.5100,400,0
PFS.US,5,20131113,165500,18.5100,18.5200,18.4700,18.4700,1100,0
PFS.US,5,20131113,170500,18.4700,18.4800,18.4500,18.4500,1100,0
PFS.US,5,20131113,171000,18.4500,18.4600,18.4500,18.4500,300,0
PFS.US,5,20131113,171500,18.4500,18.4800,18.4500,18.4700,700,0
PFS.US,5,20131113,172500,18.4600,18.4600,18.4200,18.4200,1000,0
PFS.US,5,20131113,173000,18.4400,18.4600,18.4400,18.4600,1200,0
PFS.US,5,20131113,174000,18.4600,18.4600,18.4500,18.4600,756,0
PFS.US,5,20131113,174500,18.4300,18.4500,18.4300,18.4400,1000,0
PFS.US,5,20131113,175000,18.4400,18.4600,18.4400,18.4600,300,0
PFS.US,5,20131113,175500,18.4700,18.4800,18.4600,18.4800,300,0
PFS.US,5,20131113,180000,18.4800,18.4800,18.4800,18.4800,100,0
PFS.US,5,20131113,180500,18.4600,18.4800,18.4600,18.4800,600,0
PFS.US,5,20131113,181000,18.4700,18.4800,18.4700,18.4800,400,0
PFS.US,5,20131113,181500,18.4900,18.5100,18.4900,18.5000,726,0
PFS.US,5,20131113,182000,18.4600,18.5200,18.4600,18.5000,700,0
PFS.US,5,20131113,182500,18.5200,18.5900,18.5100,18.5100,2000,0
PFS.US,5,20131113,183000,18.5300,18.5300,18.5300,18.5300,300,0
PFS.US,5,20131113,183500,18.5200,18.5300,18.5200,18.5300,300,0
PFS.US,5,20131113,184500,18.5300,18.5500,18.5200,18.5300,1610,0
PFS.US,5,20131113,185000,18.5400,18.5400,18.5400,18.5400,200,0
PFS.US,5,20131113,185500,18.5500,18.5600,18.5500,18.5500,2700,0
PFS.US,5,20131113,190000,18.5400,18.5400,18.5400,18.5400,200,0
PFS.US,5,20131113,190500,18.5300,18.5600,18.5300,18.5500,2301,0
PFS.US,5,20131113,191000,18.5700,18.5700,18.5500,18.5600,1800,0
PFS.US,5,20131113,191500,18.5600,18.5600,18.5500,18.5500,900,0
PFS.US,5,20131113,192000,18.5500,18.5700,18.5500,18.5700,4027,0
PFS.US,5,20131113,192500,18.5600,18.5600,18.5600,18.5600,100,0
PFS.US,5,20131113,193000,18.5700,18.5900,18.5600,18.5800,600,0
PFS.US,5,20131113,193500,18.5900,18.6200,18.5900,18.6200,1300,0
PFS.US,5,20131113,194000,18.6100,18.6500,18.6100,18.6400,1300,0
PFS.US,5,20131113,194500,18.6300,18.6300,18.5900,18.6100,700,0
PFS.US,5,20131113,195000,18.6200,18.6300,18.6200,18.6300,600,0
PFS.US,5,20131113,195500,18.6300,18.6300,18.6300,18.6300,100,0
PFS.US,5,20131113,200000,18.6300,18.6400,18.6300,18.6400,300,0
PFS.US,5,20131113,200500,18.6300,18.6500,18.6300,18.6500,1200,0
PFS.US,5,20131113,201000,18.6400,18.6400,18.6300,18.6300,900,0
PFS.US,5,20131113,201500,18.6400,18.6400,18.6300,18.6300,600,0
PFS.US,5,20131113,202000,18.6400,18.6500,18.6200,18.6300,900,0
PFS.US,5,20131113,202500,18.6400,18.6400,18.6200,18.6300,900,0
PFS.US,5,20131113,203000,18.6300,18.6300,18.6300,18.6300,200,0
PFS.US,5,20131113,203500,18.6400,18.6400,18.6300,18.6300,300,0
PFS.US,5,20131113,204000,18.6300,18.6300,18.6300,18.6300,671,0
PFS.US,5,20131113,204500,18.6100,18.6200,18.5800,18.5800,2000,0
PFS.US,5,20131113,205000,18.5900,18.6000,18.5800,18.5900,900,0
PFS.US,5,20131113,205500,18.5900,18.6000,18.5900,18.6000,500,0
PFS.US,5,20131113,210000,18.5900,18.5900,18.5800,18.5800,900,0
PFS.US,5,20131113,210500,18.5800,18.5800,18.5600,18.5600,1000,0
PFS.US,5,20131113,211000,18.5600,18.5600,18.5500,18.5600,300,0
PFS.US,5,20131113,211500,18.5600,18.5900,18.5600,18.5900,1920,0
PFS.US,5,20131113,212000,18.5900,18.6600,18.5900,18.6300,4019,0
PFS.US,5,20131113,212500,18.6300,18.6300,18.6200,18.6300,1100,0
PFS.US,5,20131113,213000,18.6300,18.6400,18.6100,18.6400,2300,0
PFS.US,5,20131113,213500,18.6400,18.6400,18.6300,18.6400,954,0
PFS.US,5,20131113,214000,18.6400,18.6500,18.6200,18.6400,2901,0
PFS.US,5,20131113,214500,18.6400,18.6800,18.6300,18.6700,2017,0
PFS.US,5,20131113,215000,18.6800,18.7000,18.6700,18.6900,2200,0
PFS.US,5,20131113,215500,18.7000,18.7000,18.6900,18.7000,1100,0
PFS.US,5,20131113,220000,18.7000,18.7400,18.6900,18.7200,9929,0
PFS.US,5,20131113,220500,18.7100,18.7100,18.7000,18.7000,10918,0
PFS.US,5,20131114,153500,18.6900,18.6900,18.6900,18.6900,314,0
PFS.US,5,20131114,154000,18.7000,18.7000,18.7000,18.7000,100,0
PFS.US,5,20131114,154500,18.7000,18.7300,18.7000,18.7100,700,0
PFS.US,5,20131114,160000,18.6600,18.6800,18.6600,18.6800,600,0
PFS.US,5,20131114,160500,18.6600,18.6600,18.6600,18.6600,200,0
PFS.US,5,20131114,161500,18.6100,18.6600,18.6000,18.6600,800,0
PFS.US,5,20131114,162000,18.6500,18.6500,18.6200,18.6400,1100,0
PFS.US,5,20131114,162500,18.6500,18.6900,18.6400,18.6500,1800,0
PFS.US,5,20131114,163000,18.6700,18.6800,18.6100,18.6400,2058,0
PFS.US,5,20131114,164000,18.6800,18.6800,18.6800,18.6800,200,0
PFS.US,5,20131114,165000,18.6900,18.7100,18.6900,18.7100,700,0
PFS.US,5,20131114,165500,18.7000,18.7000,18.7000,18.7000,100,0
PFS.US,5,20131114,170000,18.7000,18.7000,18.6600,18.6600,300,0
PFS.US,5,20131114,170500,18.6600,18.6600,18.6600,18.6600,200,0
PFS.US,5,20131114,171000,18.6800,18.6800,18.6700,18.6700,300,0
PFS.US,5,20131114,171500,18.7000,18.7000,18.6900,18.7000,700,0
PFS.US,5,20131114,172000,18.6900,18.6900,18.6700,18.6700,800,0
PFS.US,5,20131114,172500,18.6900,18.7200,18.6900,18.7200,900,0
PFS.US,5,20131114,173000,18.7000,18.7100,18.7000,18.7000,600,0
PFS.US,5,20131114,173500,18.7000,18.7100,18.6900,18.7000,2135,0
PFS.US,5,20131114,174000,18.6900,18.6900,18.6900,18.6900,100,0
PFS.US,5,20131114,174500,18.6700,18.6800,18.6700,18.6800,1400,0
PFS.US,5,20131114,175000,18.6900,18.7200,18.6900,18.7200,1789,0
PFS.US,5,20131114,175500,18.7200,18.7200,18.7200,18.7200,100,0
PFS.US,5,20131114,180000,18.7100,18.7200,18.7000,18.7100,1600,0
PFS.US,5,20131114,180500,18.7000,18.7000,18.6700,18.6700,200,0
PFS.US,5,20131114,181000,18.6700,18.6800,18.6600,18.6600,1200,0
PFS.US,5,20131114,181500,18.6400,18.6500,18.6400,18.6500,1035,0
PFS.US,5,20131114,182000,18.6300,18.6300,18.6100,18.6100,900,0
PFS.US,5,20131114,182500,18.6500,18.6600,18.6500,18.6500,764,0
PFS.US,5,20131114,183000,18.6500,18.6500,18.6500,18.6500,1100,0
PFS.US,5,20131114,183500,18.6300,18.6700,18.6300,18.6700,1800,0
PFS.US,5,20131114,184000,18.6400,18.6400,18.6400,18.6400,100,0
PFS.US,5,20131114,185000,18.6800,18.7000,18.6700,18.7000,800,0
PFS.US,5,20131114,185500,18.6800,18.6800,18.6800,18.6800,200,0
PFS.US,5,20131114,190000,18.6600,18.6600,18.6600,18.6600,200,0
PFS.US,5,20131114,190500,18.6600,18.7000,18.6600,18.7000,400,0
PFS.US,5,20131114,191500,18.7000,18.7000,18.7000,18.7000,100,0
PFS.US,5,20131114,192000,18.6900,18.7100,18.6900,18.7100,900,0
PFS.US,5,20131114,192500,18.7100,18.7100,18.7100,18.7100,100,0
PFS.US,5,20131114,193500,18.6800,18.7100,18.6800,18.7100,800,0
PFS.US,5,20131114,194000,18.7200,18.7200,18.7200,18.7200,100,0
PFS.US,5,20131114,194500,18.7100,18.7100,18.7100,18.7100,500,0
PFS.US,5,20131114,195000,18.7000,18.7000,18.6700,18.6900,650,0
PFS.US,5,20131114,200500,18.6900,18.7100,18.6900,18.7100,1800,0
PFS.US,5,20131114,201000,18.7100,18.7100,18.7100,18.7100,100,0
PFS.US,5,20131114,201500,18.7000,18.7100,18.6900,18.7100,500,0
PFS.US,5,20131114,202000,18.6800,18.6800,18.6800,18.6800,100,0
PFS.US,5,20131114,202500,18.6900,18.7000,18.6900,18.7000,200,0
PFS.US,5,20131114,203000,18.7100,18.7100,18.6900,18.7000,400,0
PFS.US,5,20131114,203500,18.7100,18.7300,18.7100,18.7300,600,0
PFS.US,5,20131114,204000,18.7300,18.7300,18.7300,18.7300,400,0
PFS.US,5,20131114,204500,18.7300,18.7300,18.7100,18.7100,1600,0
PFS.US,5,20131114,205000,18.7100,18.7300,18.7100,18.7200,1200,0
PFS.US,5,20131114,205500,18.7100,18.7100,18.7100,18.7100,200,0
PFS.US,5,20131114,210000,18.7000,18.7100,18.7000,18.7100,600,0
PFS.US,5,20131114,210500,18.6900,18.6900,18.6900,18.6900,200,0
PFS.US,5,20131114,211000,18.6900,18.7100,18.6900,18.7000,1100,0
PFS.US,5,20131114,211500,18.7100,18.7200,18.7100,18.7200,600,0
PFS.US,5,20131114,212000,18.7100,18.7200,18.7100,18.7200,400,0
PFS.US,5,20131114,212500,18.7100,18.7100,18.6900,18.6900,2700,0
PFS.US,5,20131114,213000,18.6900,18.6900,18.6800,18.6900,1700,0
PFS.US,5,20131114,213500,18.6900,18.7100,18.6900,18.7100,1200,0
PFS.US,5,20131114,214000,18.7100,18.7200,18.7100,18.7200,700,0
PFS.US,5,20131114,214500,18.7300,18.7300,18.7100,18.7100,1000,0
PFS.US,5,20131114,215000,18.7100,18.7100,18.6900,18.7000,1000,0
PFS.US,5,20131114,215500,18.6900,18.6900,18.6800,18.6800,500,0
PFS.US,5,20131114,220000,18.6800,18.6900,18.6700,18.6900,5005,0
PFS.US,5,20131114,220500,18.6800,18.6800,18.6800,18.6800,5548,0
PFS.US,5,20131115,153500,18.5700,18.5900,18.5300,18.5800,1400,0
PFS.US,5,20131115,154000,18.5700,18.6200,18.5600,18.5700,2300,0
PFS.US,5,20131115,154500,18.5800,18.6500,18.5400,18.6300,2200,0
PFS.US,5,20131115,155000,18.6200,18.6700,18.6100,18.6100,628,0
PFS.US,5,20131115,155500,18.6200,18.6600,18.6100,18.6600,1100,0
PFS.US,5,20131115,160000,18.6300,18.6700,18.6300,18.6600,1700,0
PFS.US,5,20131115,160500,18.6100,18.6100,18.6100,18.6100,100,0
PFS.US,5,20131115,161000,18.6100,18.6500,18.6100,18.6400,600,0
PFS.US,5,20131115,161500,18.5900,18.6200,18.5600,18.6200,1800,0
PFS.US,5,20131115,162000,18.6000,18.6100,18.5700,18.6000,6800,0
PFS.US,5,20131115,162500,18.6100,18.6100,18.5800,18.5900,2800,0
PFS.US,5,20131115,163000,18.6000,18.6000,18.5900,18.5900,1500,0
PFS.US,5,20131115,163500,18.6000,18.6000,18.5400,18.5900,1600,0
PFS.US,5,20131115,164000,18.6000,18.6000,18.5600,18.5800,3300,0
PFS.US,5,20131115,164500,18.6000,18.6100,18.5800,18.6000,1200,0
PFS.US,5,20131115,165000,18.6000,18.6000,18.6000,18.6000,100,0
PFS.US,5,20131115,165500,18.5800,18.5800,18.5800,18.5800,100,0
PFS.US,5,20131115,170000,18.5500,18.5500,18.5500,18.5500,100,0
PFS.US,5,20131115,170500,18.5700,18.5700,18.5600,18.5700,2300,0
PFS.US,5,20131115,171000,18.5700,18.5700,18.5600,18.5700,1200,0
PFS.US,5,20131115,171500,18.5800,18.6000,18.5800,18.5900,700,0
PFS.US,5,20131115,172000,18.5800,18.5800,18.5500,18.5800,2000,0
PFS.US,5,20131115,172500,18.5800,18.5900,18.5800,18.5900,400,0
PFS.US,5,20131115,173000,18.6100,18.6100,18.6100,18.6100,400,0
PFS.US,5,20131115,173500,18.6100,18.6200,18.6100,18.6100,2493,0
PFS.US,5,20131115,174000,18.6100,18.6100,18.6100,18.6100,500,0
PFS.US,5,20131115,174500,18.6100,18.6100,18.5500,18.5900,1400,0
PFS.US,5,20131115,175500,18.5900,18.6000,18.5700,18.5900,1721,0
PFS.US,5,20131115,180000,18.5900,18.5900,18.5400,18.5400,3150,0
PFS.US,5,20131115,180500,18.5400,18.5400,18.5200,18.5200,296,0
PFS.US,5,20131115,181000,18.5200,18.5500,18.5100,18.5500,1700,0
PFS.US,5,20131115,181500,18.5400,18.5600,18.5400,18.5600,200,0
PFS.US,5,20131115,182000,18.5500,18.5600,18.5400,18.5400,1100,0
PFS.US,5,20131115,182500,18.5400,18.5500,18.5300,18.5400,1100,0
PFS.US,5,20131115,183000,18.5400,18.5400,18.5400,18.5400,900,0
PFS.US,5,20131115,183500,18.5400,18.5400,18.5300,18.5300,794,0
PFS.US,5,20131115,184000,18.5300,18.5300,18.5200,18.5200,600,0
PFS.US,5,20131115,184500,18.5200,18.5300,18.5200,18.5300,1000,0
PFS.US,5,20131115,185000,18.5300,18.5300,18.5200,18.5300,1200,0
PFS.US,5,20131115,185500,18.5200,18.5300,18.5000,18.5100,1700,0
PFS.US,5,20131115,190000,18.5100,18.5200,18.5100,18.5200,700,0
PFS.US,5,20131115,191000,18.5200,18.5200,18.5200,18.5200,200,0
PFS.US,5,20131115,191500,18.5100,18.5200,18.5100,18.5100,400,0
PFS.US,5,20131115,192000,18.5100,18.5100,18.4900,18.4900,1499,0
PFS.US,5,20131115,192500,18.4900,18.5100,18.4900,18.5100,1500,0
PFS.US,5,20131115,193000,18.5100,18.5100,18.5100,18.5100,432,0
PFS.US,5,20131115,193500,18.5100,18.5100,18.5000,18.5100,1400,0
PFS.US,5,20131115,194000,18.5200,18.5200,18.5200,18.5200,200,0
PFS.US,5,20131115,194500,18.5200,18.5300,18.5200,18.5300,1000,0
PFS.US,5,20131115,195000,18.5300,18.5400,18.5300,18.5300,400,0
PFS.US,5,20131115,195500,18.5300,18.5400,18.5000,18.5200,8706,0
PFS.US,5,20131115,200000,18.5100,18.5200,18.5100,18.5200,500,0
PFS.US,5,20131115,200500,18.5200,18.5200,18.4900,18.5100,700,0
PFS.US,5,20131115,201500,18.5400,18.5600,18.5400,18.5400,1800,0
PFS.US,5,20131115,202000,18.5400,18.5400,18.5400,18.5400,100,0
PFS.US,5,20131115,202500,18.5400,18.5500,18.5400,18.5500,1400,0
PFS.US,5,20131115,203000,18.5500,18.5500,18.5500,18.5500,300,0
PFS.US,5,20131115,203500,18.5500,18.5600,18.5500,18.5500,300,0
PFS.US,5,20131115,204000,18.5500,18.5600,18.5400,18.5400,2400,0
PFS.US,5,20131115,204500,18.5400,18.5500,18.5400,18.5400,700,0
PFS.US,5,20131115,205000,18.5400,18.5500,18.5400,18.5500,1800,0
PFS.US,5,20131115,210000,18.5500,18.5500,18.5500,18.5500,200,0
PFS.US,5,20131115,210500,18.5600,18.5900,18.5600,18.5900,3100,0
PFS.US,5,20131115,211000,18.5800,18.5800,18.5600,18.5700,1238,0
PFS.US,5,20131115,211500,18.5700,18.5700,18.5700,18.5700,600,0
PFS.US,5,20131115,212000,18.5700,18.5900,18.5700,18.5900,2500,0
PFS.US,5,20131115,212500,18.5900,18.5900,18.5800,18.5800,802,0
PFS.US,5,20131115,213000,18.5800,18.5900,18.5700,18.5800,1100,0
PFS.US,5,20131115,213500,18.5800,18.5900,18.5800,18.5900,801,0
PFS.US,5,20131115,214000,18.5900,18.5900,18.5800,18.5800,1500,0
PFS.US,5,20131115,214500,18.5700,18.5700,18.5600,18.5600,1999,0
PFS.US,5,20131115,215000,18.5600,18.5800,18.5600,18.5800,1850,0
PFS.US,5,20131115,215500,18.5800,18.6000,18.5800,18.6000,3941,0
PFS.US,5,20131115,220000,18.6000,18.6000,18.5700,18.5800,8934,0
PFS.US,5,20131115,220500,18.5800,18.5800,18.5800,18.5800,25738,0
PFS.US,5,20131118,153500,18.5800,18.5800,18.5200,18.5400,500,0
PFS.US,5,20131118,154000,18.5600,18.6100,18.5400,18.6000,2400,0
PFS.US,5,20131118,154500,18.6000,18.6000,18.5900,18.6000,900,0
PFS.US,5,20131118,155000,18.6000,18.6000,18.5800,18.5900,1468,0
PFS.US,5,20131118,155500,18.6000,18.6000,18.5400,18.5500,500,0
PFS.US,5,20131118,160000,18.5700,18.5800,18.5700,18.5800,600,0
PFS.US,5,20131118,160500,18.5800,18.5900,18.5800,18.5900,1400,0
PFS.US,5,20131118,161000,18.5900,18.6600,18.5800,18.6600,1900,0
PFS.US,5,20131118,161500,18.6500,18.6500,18.6100,18.6400,2600,0
PFS.US,5,20131118,162000,18.6400,18.6500,18.6400,18.6400,1700,0
PFS.US,5,20131118,162500,18.6400,18.6900,18.6400,18.6800,1300,0
PFS.US,5,20131118,163000,18.7200,18.7200,18.6900,18.7000,600,0
PFS.US,5,20131118,163500,18.6900,18.7100,18.6900,18.7100,608,0
PFS.US,5,20131118,164000,18.7300,18.7300,18.7300,18.7300,400,0
PFS.US,5,20131118,164500,18.7400,18.7400,18.7400,18.7400,200,0
PFS.US,5,20131118,165000,18.7600,18.7600,18.7200,18.7200,2600,0
PFS.US,5,20131118,165500,18.7300,18.7300,18.7300,18.7300,100,0
PFS.US,5,20131118,170000,18.7300,18.7300,18.7200,18.7200,600,0
PFS.US,5,20131118,170500,18.7600,18.7800,18.7600,18.7800,600,0
PFS.US,5,20131118,171000,18.7800,18.7900,18.7800,18.7800,900,0
PFS.US,5,20131118,171500,18.7700,18.7900,18.7700,18.7900,800,0
PFS.US,5,20131118,172000,18.8000,18.8100,18.8000,18.8100,500,0
PFS.US,5,20131118,172500,18.8300,18.8500,18.8300,18.8500,800,0
PFS.US,5,20131118,173000,18.8700,18.8700,18.8500,18.8600,900,0
PFS.US,5,20131118,173500,18.8600,18.8800,18.8400,18.8400,1200,0
PFS.US,5,20131118,174000,18.8300,18.8300,18.8200,18.8300,400,0
PFS.US,5,20131118,174500,18.8100,18.8100,18.8100,18.8100,200,0
PFS.US,5,20131118,175000,18.8100,18.8100,18.8100,18.8100,100,0
PFS.US,5,20131118,175500,18.8100,18.8100,18.8100,18.8100,200,0
PFS.US,5,20131118,180000,18.8300,18.8400,18.8300,18.8400,400,0
PFS.US,5,20131118,180500,18.8500,18.8500,18.7900,18.8100,1500,0
PFS.US,5,20131118,181000,18.8100,18.8100,18.8100,18.8100,100,0
PFS.US,5,20131118,182000,18.8200,18.8400,18.8200,18.8400,2300,0
PFS.US,5,20131118,182500,18.8400,18.8400,18.8300,18.8300,600,0
PFS.US,5,20131118,183000,18.8400,18.8400,18.8400,18.8400,100,0
PFS.US,5,20131118,183500,18.8300,18.8300,18.8200,18.8200,1702,0
PFS.US,5,20131118,184000,18.7900,18.8100,18.7900,18.8000,700,0
PFS.US,5,20131118,185000,18.7800,18.7900,18.7800,18.7900,208,0
PFS.US,5,20131118,185500,18.7900,18.7900,18.7800,18.7800,800,0
PFS.US,5,20131118,190000,18.7800,18.7800,18.7800,18.7800,100,0
PFS.US,5,20131118,190500,18.7700,18.7700,18.7600,18.7700,800,0
PFS.US,5,20131118,191000,18.7700,18.7700,18.7600,18.7700,1000,0
PFS.US,5,20131118,193000,18.7800,18.7900,18.7800,18.7900,900,0
PFS.US,5,20131118,193500,18.7900,18.7900,18.7700,18.7700,972,0
PFS.US,5,20131118,194000,18.7700,18.7700,18.7700,18.7700,200,0
PFS.US,5,20131118,194500,18.7800,18.7800,18.7700,18.7700,400,0
PFS.US,5,20131118,195000,18.7600,18.7600,18.7500,18.7500,885,0
PFS.US,5,20131118,195500,18.7500,18.7500,18.7500,18.7500,700,0
PFS.US,5,20131118,200000,18.7400,18.7500,18.7400,18.7400,300,0
PFS.US,5,20131118,200500,18.7400,18.7400,18.7400,18.7400,200,0
PFS.US,5,20131118,201000,18.7400,18.7700,18.7400,18.7700,1951,0
PFS.US,5,20131118,201500,18.7600,18.7600,18.7600,18.7600,4097,0
PFS.US,5,20131118,202000,18.7500,18.7600,18.7500,18.7500,1200,0
PFS.US,5,20131118,202500,18.7600,18.7600,18.7600,18.7600,900,0
PFS.US,5,20131118,203000,18.7800,18.7800,18.7700,18.7800,400,0
PFS.US,5,20131118,203500,18.7700,18.7700,18.7400,18.7400,3100,0
PFS.US,5,20131118,204000,18.7300,18.7500,18.7200,18.7500,2461,0
PFS.US,5,20131118,204500,18.7400,18.7400,18.7300,18.7300,2119,0
PFS.US,5,20131118,205000,18.7200,18.7300,18.6700,18.6700,1100,0
PFS.US,5,20131118,205500,18.6800,18.6800,18.6700,18.6700,400,0
PFS.US,5,20131118,210000,18.6800,18.6800,18.6400,18.6600,1700,0
PFS.US,5,20131118,210500,18.6600,18.6600,18.6300,18.6300,2300,0
PFS.US,5,20131118,211000,18.6300,18.6900,18.6300,18.6500,4267,0
PFS.US,5,20131118,211500,18.6300,18.6300,18.6100,18.6200,2700,0
PFS.US,5,20131118,212000,18.6200,18.6300,18.5900,18.6100,2352,0
PFS.US,5,20131118,212500,18.6200,18.6200,18.5600,18.5600,4601,0
PFS.US,5,20131118,213000,18.5600,18.6000,18.5500,18.5900,2954,0
PFS.US,5,20131118,213500,18.5800,18.5800,18.5500,18.5700,1400,0
PFS.US,5,20131118,214000,18.5600,18.6100,18.5600,18.6100,1938,0
PFS.US,5,20131118,214500,18.6100,18.6200,18.6000,18.6200,1700,0
PFS.US,5,20131118,215000,18.6100,18.6100,18.5800,18.6100,2502,0
PFS.US,5,20131118,215500,18.6000,18.6100,18.5700,18.5800,4410,0
PFS.US,5,20131118,220000,18.5700,18.6100,18.5600,18.6100,5778,0
PFS.US,5,20131118,220500,18.6000,18.6000,18.6000,18.6000,13836,0
PFS.US,5,20131119,153500,18.5300,18.5900,18.5300,18.5600,1200,0
PFS.US,5,20131119,154000,18.5200,18.6400,18.5200,18.5400,1000,0
PFS.US,5,20131119,154500,18.5900,18.5900,18.5900,18.5900,100,0
PFS.US,5,20131119,155000,18.5500,18.5600,18.4400,18.5200,1900,0
PFS.US,5,20131119,155500,18.5400,18.5400,18.5400,18.5400,200,0
PFS.US,5,20131119,160000,18.6800,18.6800,18.6800,18.6800,200,0
PFS.US,5,20131119,160500,18.7100,18.7200,18.7100,18.7200,900,0
PFS.US,5,20131119,161000,18.7400,18.7700,18.7300,18.7300,1700,0
PFS.US,5,20131119,161500,18.7200,18.7200,18.7200,18.7200,100,0
PFS.US,5,20131119,162000,18.7000,18.7000,18.6900,18.7000,900,0
PFS.US,5,20131119,163000,18.6600,18.6600,18.6500,18.6500,1000,0
PFS.US,5,20131119,163500,18.6500,18.6500,18.6400,18.6400,200,0
PFS.US,5,20131119,164000,18.6300,18.7100,18.6300,18.7100,2100,0
PFS.US,5,20131119,164500,18.7000,18.7000,18.6700,18.6700,2851,0
PFS.US,5,20131119,165000,18.6700,18.7000,18.6700,18.7000,2360,0
PFS.US,5,20131119,165500,18.6900,18.6900,18.6800,18.6800,300,0
PFS.US,5,20131119,170000,18.6800,18.6800,18.6600,18.6700,2333,0
PFS.US,5,20131119,170500,18.6700,18.6700,18.6600,18.6600,5262,0
PFS.US,5,20131119,171000,18.6600,18.6600,18.6500,18.6600,800,0
PFS.US,5,20131119,171500,18.6500,18.6500,18.6000,18.6000,1800,0
PFS.US,5,20131119,172000,18.6000,18.6000,18.5900,18.6000,1400,0
PFS.US,5,20131119,172500,18.6000,18.6000,18.6000,18.6000,800,0
PFS.US,5,20131119,173000,18.5900,18.5900,18.5900,18.5900,1100,0
PFS.US,5,20131119,173500,18.5800,18.5800,18.5800,18.5800,200,0
PFS.US,5,20131119,174000,18.6000,18.6000,18.6000,18.6000,100,0
PFS.US,5,20131119,174500,18.5800,18.5800,18.5600,18.5800,1800,0
PFS.US,5,20131119,175500,18.5800,18.5900,18.5800,18.5800,800,0
PFS.US,5,20131119,180000,18.5900,18.5900,18.5900,18.5900,100,0
PFS.US,5,20131119,180500,18.5900,18.5900,18.5800,18.5800,300,0
PFS.US,5,20131119,181000,18.5800,18.5900,18.5800,18.5900,500,0
PFS.US,5,20131119,181500,18.5900,18.6200,18.5900,18.6200,2000,0
PFS.US,5,20131119,182000,18.6100,18.6100,18.5800,18.5900,1000,0
PFS.US,5,20131119,182500,18.5900,18.5900,18.5900,18.5900,100,0
PFS.US,5,20131119,183000,18.5900,18.6000,18.5900,18.6000,800,0
PFS.US,5,20131119,184000,18.6000,18.6000,18.5900,18.5900,600,0
PFS.US,5,20131119,184500,18.5800,18.6000,18.5800,18.5900,1300,0
PFS.US,5,20131119,185000,18.6000,18.6000,18.6000,18.6000,200,0
PFS.US,5,20131119,185500,18.6000,18.6000,18.6000,18.6000,200,0
PFS.US,5,20131119,190000,18.6000,18.6000,18.5800,18.5800,1700,0
PFS.US,5,20131119,190500,18.5800,18.6000,18.5100,18.5900,11614,0
PFS.US,5,20131119,191000,18.6000,18.6000,18.5900,18.6000,800,0
PFS.US,5,20131119,191500,18.6000,18.6000,18.5800,18.5800,1800,0
PFS.US,5,20131119,192000,18.6000,18.6000,18.5800,18.5900,1360,0
PFS.US,5,20131119,192500,18.5800,18.5900,18.5600,18.5600,2300,0
PFS.US,5,20131119,193000,18.5500,18.5700,18.5300,18.5600,2500,0
PFS.US,5,20131119,193500,18.5500,18.5700,18.5500,18.5500,1900,0
PFS.US,5,20131119,194000,18.5400,18.5600,18.5400,18.5500,400,0
PFS.US,5,20131119,194500,18.5500,18.5700,18.5500,18.5700,300,0
PFS.US,5,20131119,195000,18.5700,18.5800,18.5200,18.5500,1500,0
PFS.US,5,20131119,195500,18.5300,18.5500,18.5100,18.5400,3815,0
PFS.US,5,20131119,200500,18.5200,18.5400,18.4800,18.4800,5496,0
PFS.US,5,20131119,201000,18.5200,18.5200,18.5200,18.5200,400,0
PFS.US,5,20131119,201500,18.4800,18.5200,18.4800,18.5000,909,0
PFS.US,5,20131119,202000,18.5100,18.5100,18.5100,18.5100,300,0
PFS.US,5,20131119,202500,18.5300,18.5300,18.5200,18.5200,300,0
PFS.US,5,20131119,203000,18.5200,18.5200,18.4800,18.4800,800,0
PFS.US,5,20131119,203500,18.5200,18.5200,18.5100,18.5100,200,0
PFS.US,5,20131119,204000,18.5200,18.5400,18.5200,18.5400,500,0
PFS.US,5,20131119,204500,18.5500,18.5500,18.5500,18.5500,500,0
PFS.US,5,20131119,205000,18.5400,18.5400,18.5200,18.5300,500,0
PFS.US,5,20131119,205500,18.5300,18.5400,18.5200,18.5200,1200,0
PFS.US,5,20131119,210000,18.5200,18.5200,18.5200,18.5200,100,0
PFS.US,5,20131119,210500,18.5400,18.5400,18.5300,18.5300,400,0
PFS.US,5,20131119,211000,18.5400,18.5600,18.5400,18.5500,1201,0
PFS.US,5,20131119,211500,18.5600,18.5600,18.5500,18.5500,400,0
PFS.US,5,20131119,212000,18.5700,18.5900,18.5700,18.5900,500,0
PFS.US,5,20131119,212500,18.5800,18.5800,18.5400,18.5500,1500,0
PFS.US,5,20131119,213000,18.5500,18.5500,18.5400,18.5500,700,0
PFS.US,5,20131119,213500,18.5500,18.5500,18.5300,18.5300,1700,0
PFS.US,5,20131119,214000,18.5300,18.5400,18.5300,18.5400,1800,0
PFS.US,5,20131119,214500,18.5400,18.5400,18.5300,18.5400,900,0
PFS.US,5,20131119,215000,18.5300,18.5400,18.5300,18.5300,2500,0
PFS.US,5,20131119,215500,18.5400,18.5600,18.5400,18.5500,2868,0
PFS.US,5,20131119,220000,18.5500,18.5600,18.5400,18.5600,6380,0
PFS.US,5,20131119,220500,18.5500,18.5500,18.5500,18.5500,11783,0
PFS.US,5,20131120,153500,18.7000,18.7000,18.7000,18.7000,100,0
PFS.US,5,20131120,154000,18.4800,18.4800,18.4800,18.4800,300,0
PFS.US,5,20131120,155000,18.4400,18.4700,18.4400,18.4700,600,0
PFS.US,5,20131120,160000,18.4800,18.4800,18.4800,18.4800,200,0
PFS.US,5,20131120,161000,18.4600,18.5300,18.4600,18.5300,400,0
PFS.US,5,20131120,161500,18.5300,18.5400,18.5300,18.5300,400,0
PFS.US,5,20131120,162000,18.5500,18.5500,18.5400,18.5400,400,0
PFS.US,5,20131120,162500,18.5900,18.5900,18.5700,18.5700,600,0
PFS.US,5,20131120,163000,18.5600,18.5600,18.5400,18.5400,500,0
PFS.US,5,20131120,163500,18.5500,18.5500,18.5500,18.5500,300,0
PFS.US,5,20131120,164000,18.5400,18.5400,18.5300,18.5400,1000,0
PFS.US,5,20131120,164500,18.6000,18.6100,18.6000,18.6100,900,0
PFS.US,5,20131120,165000,18.6100,18.6700,18.6100,18.6500,2400,0
PFS.US,5,20131120,165500,18.6400,18.6400,18.6400,18.6400,100,0
PFS.US,5,20131120,170000,18.6400,18.6400,18.6300,18.6300,500,0
PFS.US,5,20131120,170500,18.6200,18.6200,18.6200,18.6200,200,0
PFS.US,5,20131120,171000,18.6500,18.6500,18.6500,18.6500,300,0
PFS.US,5,20131120,171500,18.6600,18.6600,18.6500,18.6500,300,0
PFS.US,5,20131120,172000,18.6400,18.6800,18.6400,18.6800,300,0
PFS.US,5,20131120,172500,18.6800,18.6800,18.6800,18.6800,102,0
PFS.US,5,20131120,173000,18.6900,18.7000,18.6900,18.6900,600,0
PFS.US,5,20131120,174000,18.6800,18.6800,18.6700,18.6700,900,0
PFS.US,5,20131120,175000,18.6800,18.6800,18.6800,18.6800,100,0
PFS.US,5,20131120,175500,18.6900,18.6900,18.6700,18.6900,1500,0
PFS.US,5,20131120,180000,18.6800,18.6800,18.6700,18.6700,700,0
PFS.US,5,20131120,180500,18.6800,18.6900,18.6800,18.6800,500,0
PFS.US,5,20131120,181000,18.6900,18.7000,18.6900,18.7000,500,0
PFS.US,5,20131120,181500,18.7000,18.7000,18.7000,18.7000,500,0
PFS.US,5,20131120,182000,18.7100,18.7100,18.7100,18.7100,400,0
PFS.US,5,20131120,182500,18.7200,18.7400,18.7200,18.7200,1294,0
PFS.US,5,20131120,183500,18.7100,18.7200,18.7000,18.7100,900,0
PFS.US,5,20131120,184000,18.7100,18.7300,18.7100,18.7100,1100,0
PFS.US,5,20131120,185000,18.7300,18.7300,18.7200,18.7300,1393,0
PFS.US,5,20131120,185500,18.7300,18.7300,18.7300,18.7300,100,0
PFS.US,5,20131120,190000,18.7300,18.7300,18.7300,18.7300,400,0
PFS.US,5,20131120,190500,18.7300,18.7600,18.7300,18.7500,3506,0
PFS.US,5,20131120,191000,18.7500,18.7500,18.7500,18.7500,100,0
PFS.US,5,20131120,191500,18.7300,18.7300,18.7300,18.7300,500,0
PFS.US,5,20131120,192000,18.7200,18.7200,18.7100,18.7200,600,0
PFS.US,5,20131120,192500,18.7000,18.7000,18.7000,18.7000,300,0
PFS.US,5,20131120,193000,18.7000,18.7100,18.7000,18.7100,1000,0
PFS.US,5,20131120,193500,18.7100,18.7100,18.7100,18.7100,1124,0
PFS.US,5,20131120,194500,18.7100,18.7300,18.7100,18.7300,800,0
PFS.US,5,20131120,195000,18.7300,18.7500,18.7300,18.7500,600,0
PFS.US,5,20131120,195500,18.7600,18.7600,18.7600,18.7600,1629,0
PFS.US,5,20131120,200000,18.7800,18.7800,18.7600,18.7600,900,0
PFS.US,5,20131120,200500,18.7700,18.7700,18.7200,18.7600,3200,0
PFS.US,5,20131120,201000,18.7400,18.7600,18.7400,18.7600,676,0
PFS.US,5,20131120,201500,18.7500,18.7500,18.7100,18.7200,1100,0
PFS.US,5,20131120,202000,18.7300,18.7300,18.6600,18.6700,5808,0
PFS.US,5,20131120,202500,18.6800,18.7400,18.6800,18.7400,1800,0
PFS.US,5,20131120,203000,18.7200,18.7400,18.7100,18.7300,1000,0
PFS.US,5,20131120,203500,18.7500,18.7500,18.7100,18.7100,1100,0
PFS.US,5,20131120,204000,18.7100,18.7200,18.7100,18.7200,1000,0
PFS.US,5,20131120,204500,18.7300,18.7400,18.6700,18.7400,3100,0
PFS.US,5,20131120,205000,18.7300,18.7400,18.6900,18.7200,1600,0
PFS.US,5,20131120,205500,18.7200,18.7600,18.7200,18.7600,4399,0
PFS.US,5,20131120,210000,18.7600,18.7700,18.7400,18.7500,1600,0
PFS.US,5,20131120,210500,18.7800,18.7800,18.7200,18.7200,800,0
PFS.US,5,20131120,211000,18.7300,18.7300,18.7000,18.7100,5345,0
PFS.US,5,20131120,211500,18.7100,18.7300,18.6900,18.7300,1900,0
PFS.US,5,20131120,212000,18.7200,18.7200,18.6800,18.6800,2400,0
PFS.US,5,20131120,212500,18.6700,18.6900,18.6700,18.6800,2200,0
PFS.US,5,20131120,213000,18.6800,18.6800,18.6700,18.6800,1900,0
PFS.US,5,20131120,213500,18.6800,18.6800,18.6400,18.6400,3500,0
PFS.US,5,20131120,214000,18.6400,18.6400,18.6300,18.6400,2000,0
PFS.US,5,20131120,214500,18.6400,18.6600,18.6400,18.6600,5500,0
PFS.US,5,20131120,215000,18.6500,18.6500,18.6300,18.6400,6346,0
PFS.US,5,20131120,215500,18.6400,18.6400,18.6200,18.6200,1412,0
PFS.US,5,20131120,220000,18.6300,18.6800,18.6300,18.6800,5158,0
PFS.US,5,20131120,220500,18.6700,18.6700,18.6700,18.6700,21308,0
PFS.US,5,20131121,155500,18.8000,18.8300,18.8000,18.8300,500,0
PFS.US,5,20131121,160500,18.8500,18.8800,18.8500,18.8600,1000,0
PFS.US,5,20131121,161000,18.8800,18.8800,18.8800,18.8800,300,0
PFS.US,5,20131121,161500,18.8900,18.9000,18.8500,18.9000,3178,0
PFS.US,5,20131121,162000,18.9000,18.9000,18.8800,18.8800,300,0
PFS.US,5,20131121,163500,18.9100,18.9300,18.8700,18.8700,400,0
PFS.US,5,20131121,164500,18.8900,18.9300,18.8900,18.9300,400,0
PFS.US,5,20131121,165000,18.9500,18.9700,18.9500,18.9700,200,0
PFS.US,5,20131121,165500,18.9400,18.9500,18.9400,18.9500,200,0
PFS.US,5,20131121,170000,18.9300,19.0000,18.9300,18.9600,1600,0
PFS.US,5,20131121,170500,18.9900,19.0300,18.9700,18.9800,1000,0
PFS.US,5,20131121,171000,18.9700,18.9700,18.9600,18.9700,1301,0
PFS.US,5,20131121,171500,18.9700,18.9700,18.9600,18.9600,400,0
PFS.US,5,20131121,172000,18.9600,18.9800,18.9600,18.9800,1201,0
PFS.US,5,20131121,172500,18.9700,18.9700,18.9700,18.9700,100,0
PFS.US,5,20131121,173000,18.9700,18.9700,18.9400,18.9700,3001,0
PFS.US,5,20131121,173500,18.9700,19.0000,18.9700,19.0000,700,0
PFS.US,5,20131121,174000,18.9800,18.9800,18.9800,18.9800,100,0
PFS.US,5,20131121,174500,18.9600,18.9600,18.9500,18.9600,1600,0
PFS.US,5,20131121,175000,18.9800,18.9800,18.9700,18.9800,1200,0
PFS.US,5,20131121,175500,18.9900,19.0000,18.9700,18.9700,300,0
PFS.US,5,20131121,180000,18.9700,19.0000,18.9700,19.0000,1300,0
PFS.US,5,20131121,180500,19.0000,19.0000,19.0000,19.0000,700,0
PFS.US,5,20131121,181000,19.0000,19.0000,18.9800,18.9800,2807,0
PFS.US,5,20131121,181500,18.9900,18.9900,18.9600,18.9600,1401,0
PFS.US,5,20131121,182000,18.9700,18.9700,18.9500,18.9500,701,0
PFS.US,5,20131121,182500,18.9500,18.9500,18.9300,18.9300,600,0
PFS.US,5,20131121,183500,18.9600,18.9600,18.9600,18.9600,200,0
PFS.US,5,20131121,184500,18.9600,18.9600,18.9500,18.9500,300,0
PFS.US,5,20131121,185000,18.9500,18.9600,18.9400,18.9400,3215,0
PFS.US,5,20131121,185500,18.9300,18.9300,18.9300,18.9300,501,0
PFS.US,5,20131121,190000,18.9300,18.9300,18.9100,18.9100,1200,0
PFS.US,5,20131121,190500,18.9100,18.9100,18.9100,18.9100,200,0
PFS.US,5,20131121,191000,18.9200,18.9300,18.9200,18.9300,900,0
PFS.US,5,20131121,191500,18.9300,18.9500,18.9300,18.9400,900,0
PFS.US,5,20131121,192000,18.9500,18.9500,18.9500,18.9500,1006,0
PFS.US,5,20131121,192500,18.9600,18.9600,18.9600,18.9600,100,0
PFS.US,5,20131121,193000,18.9600,18.9600,18.9300,18.9500,4101,0
PFS.US,5,20131121,193500,18.9500,18.9900,18.9400,18.9900,4000,0
PFS.US,5,20131121,194000,18.9800,18.9800,18.9800,18.9800,400,0
PFS.US,5,20131121,194500,18.9900,19.0100,18.9900,19.0100,2300,0
PFS.US,5,20131121,195000,19.0100,19.0300,19.0100,19.0300,1300,0
PFS.US,5,20131121,195500,19.0400,19.0400,19.0400,19.0400,1000,0
PFS.US,5,20131121,200000,19.0500,19.0500,19.0500,19.0500,900,0
PFS.US,5,20131121,200500,19.0500,19.0500,19.0500,19.0500,300,0
PFS.US,5,20131121,201000,19.0600,19.0600,19.0500,19.0500,600,0
PFS.US,5,20131121,201500,19.0500,19.0600,19.0500,19.0600,900,0
PFS.US,5,20131121,202500,19.0500,19.0500,19.0500,19.0500,100,0
PFS.US,5,20131121,203000,19.0500,19.0600,19.0400,19.0400,1300,0
PFS.US,5,20131121,204000,19.0400,19.0400,19.0400,19.0400,1000,0
PFS.US,5,20131121,204500,19.0300,19.0700,19.0300,19.0700,1300,0
PFS.US,5,20131121,205000,19.0800,19.0800,19.0700,19.0800,801,0
PFS.US,5,20131121,205500,19.0800,19.0800,19.0600,19.0600,1100,0
PFS.US,5,20131121,210000,19.0700,19.0700,19.0600,19.0600,700,0
PFS.US,5,20131121,210500,19.0600,19.0600,19.0400,19.0400,2100,0
PFS.US,5,20131121,211000,19.0500,19.0700,19.0500,19.0500,1214,0
PFS.US,5,20131121,211500,19.0500,19.0700,19.0400,19.0700,2037,0
PFS.US,5,20131121,212000,19.0600,19.0600,19.0400,19.0500,2658,0
PFS.US,5,20131121,212500,19.0700,19.0700,19.0600,19.0600,700,0
PFS.US,5,20131121,213000,19.0500,19.0700,19.0500,19.0600,1432,0
PFS.US,5,20131121,213500,19.0600,19.0600,18.9900,19.0300,3362,0
PFS.US,5,20131121,214000,19.0500,19.0500,19.0300,19.0300,2057,0
PFS.US,5,20131121,214500,19.0400,19.0400,19.0300,19.0400,1800,0
PFS.US,5,20131121,215000,19.0300,19.0300,19.0000,19.0100,3539,0
PFS.US,5,20131121,215500,19.0000,19.0100,18.9900,19.0100,2401,0
PFS.US,5,20131121,220000,19.0100,19.0600,19.0100,19.0500,8806,0
PFS.US,5,20131121,220500,19.0400,19.0400,19.0400,19.0400,23617,0
PFS.US,5,20131122,153500,19.0800,19.0800,19.0800,19.0800,3926,0
PFS.US,5,20131122,154000,18.9700,18.9700,18.9700,18.9700,200,0
PFS.US,5,20131122,160000,18.9900,18.9900,18.9600,18.9700,1527,0
PFS.US,5,20131122,160500,18.9700,18.9800,18.9600,18.9800,800,0
PFS.US,5,20131122,161000,18.9600,18.9600,18.9500,18.9600,600,0
PFS.US,5,20131122,161500,18.9900,18.9900,18.9700,18.9800,1500,0
PFS.US,5,20131122,162000,19.0100,19.0300,19.0100,19.0300,1100,0
PFS.US,5,20131122,162500,18.9900,18.9900,18.9800,18.9800,1179,0
PFS.US,5,20131122,163000,19.0100,19.0100,18.9900,18.9900,2900,0
PFS.US,5,20131122,163500,19.0000,19.0100,19.0000,19.0100,1000,0
PFS.US,5,20131122,164000,19.0400,19.1000,19.0300,19.1000,1900,0
PFS.US,5,20131122,164500,19.0700,19.0800,19.0600,19.0600,1900,0
PFS.US,5,20131122,165000,19.0800,19.0800,19.0800,19.0800,100,0
PFS.US,5,20131122,170500,19.0800,19.1000,19.0800,19.0900,1400,0
PFS.US,5,20131122,171000,19.0800,19.0900,19.0800,19.0800,600,0
PFS.US,5,20131122,171500,19.0700,19.0700,19.0500,19.0500,450,0
PFS.US,5,20131122,172500,19.0600,19.0600,19.0500,19.0500,400,0
PFS.US,5,20131122,173000,19.0800,19.0800,19.0700,19.0800,2100,0
PFS.US,5,20131122,173500,19.0700,19.0700,19.0500,19.0600,2600,0
PFS.US,5,20131122,174000,19.0700,19.0700,19.0700,19.0700,100,0
PFS.US,5,20131122,174500,19.0800,19.0800,19.0800,19.0800,300,0
PFS.US,5,20131122,175000,19.0900,19.1000,19.0900,19.0900,1107,0
PFS.US,5,20131122,175500,19.0800,19.0900,19.0800,19.0800,500,0
PFS.US,5,20131122,180000,19.1000,19.1400,19.1000,19.1400,1800,0
PFS.US,5,20131122,180500,19.1300,19.1300,19.0200,19.0200,7872,0
PFS.US,5,20131122,181000,19.0300,19.0300,19.0100,19.0100,15610,0
PFS.US,5,20131122,181500,19.0200,19.0300,19.0200,19.0300,1000,0
PFS.US,5,20131122,182000,19.0200,19.0300,19.0200,19.0200,652,0
PFS.US,5,20131122,182500,19.0300,19.0400,19.0200,19.0300,10564,0
PFS.US,5,20131122,183000,19.0400,19.0400,19.0400,19.0400,600,0
PFS.US,5,20131122,183500,19.0500,19.0500,19.0400,19.0400,200,0
PFS.US,5,20131122,184000,19.0500,19.0700,19.0400,19.0700,1700,0
PFS.US,5,20131122,185000,19.0600,19.0600,19.0600,19.0600,1887,0
PFS.US,5,20131122,185500,19.0600,19.0600,19.0600,19.0600,100,0
PFS.US,5,20131122,190000,19.0600,19.0700,19.0600,19.0700,1200,0
PFS.US,5,20131122,191000,19.0700,19.1000,19.0700,19.0900,1616,0
PFS.US,5,20131122,191500,19.1000,19.1200,19.1000,19.1200,1500,0
PFS.US,5,20131122,192000,19.1200,19.1200,19.1200,19.1200,1108,0
PFS.US,5,20131122,192500,19.1300,19.1300,19.1300,19.1300,265,0
PFS.US,5,20131122,193500,19.1300,19.1300,19.1200,19.1200,300,0
PFS.US,5,20131122,194000,19.1300,19.1400,19.1300,19.1400,500,0
PFS.US,5,20131122,195000,19.1100,19.1100,19.1100,19.1100,100,0
PFS.US,5,20131122,200000,19.1000,19.1000,19.1000,19.1000,100,0
PFS.US,5,20131122,200500,19.1200,19.1200,19.1000,19.1000,400,0
PFS.US,5,20131122,201000,19.1200,19.1400,19.1200,19.1400,1779,0
PFS.US,5,20131122,203000,19.1300,19.1500,19.1300,19.1500,2000,0
PFS.US,5,20131122,203500,19.1500,19.1600,19.1400,19.1500,1505,0
PFS.US,5,20131122,204000,19.1700,19.1700,19.1500,19.1500,400,0
PFS.US,5,20131122,205500,19.1500,19.1500,19.1500,19.1500,200,0
PFS.US,5,20131122,210000,19.1500,19.1600,19.1500,19.1600,600,0
PFS.US,5,20131122,210500,19.1700,19.1900,19.1600,19.1900,1444,0
PFS.US,5,20131122,211000,19.1800,19.1800,19.1700,19.1700,1100,0
PFS.US,5,20131122,211500,19.1800,19.1800,19.1800,19.1800,200,0
PFS.US,5,20131122,212000,19.1800,19.1800,19.1700,19.1700,732,0
PFS.US,5,20131122,212500,19.1700,19.1700,19.1600,19.1700,1121,0
PFS.US,5,20131122,213000,19.1800,19.1800,19.1700,19.1800,911,0
PFS.US,5,20131122,213500,19.1800,19.1800,19.1700,19.1700,300,0
PFS.US,5,20131122,214000,19.1800,19.1800,19.1800,19.1800,500,0
PFS.US,5,20131122,214500,19.1900,19.2100,19.1800,19.1800,2958,0
PFS.US,5,20131122,215000,19.1800,19.1800,19.1600,19.1700,1900,0
PFS.US,5,20131122,215500,19.1700,19.1700,19.1500,19.1500,2202,0
PFS.US,5,20131122,220000,19.1500,19.1600,19.0700,19.1400,16638,0
PFS.US,5,20131122,220500,19.1300,19.1300,19.1300,19.1300,16019,0
PFS.US,5,20131125,153500,18.9600,18.9600,18.9600,18.9600,100,0
PFS.US,5,20131125,154000,19.1800,19.2000,19.1700,19.2000,700,0
PFS.US,5,20131125,154500,19.2100,19.2500,19.2000,19.2500,600,0
PFS.US,5,20131125,155000,19.2400,19.2500,19.2400,19.2500,800,0
PFS.US,5,20131125,155500,19.2200,19.2400,19.1900,19.1900,600,0
PFS.US,5,20131125,160000,19.2400,19.2400,19.1900,19.2400,500,0
PFS.US,5,20131125,160500,19.2100,19.2500,19.2100,19.2500,400,0
PFS.US,5,20131125,161000,19.2500,19.2500,19.2200,19.2300,1300,0
PFS.US,5,20131125,161500,19.2500,19.2500,19.2500,19.2500,200,0
PFS.US,5,20131125,162000,19.2500,19.2900,19.2500,19.2900,8405,0
PFS.US,5,20131125,162500,19.2800,19.3300,19.2800,19.3200,300,0
PFS.US,5,20131125,163000,19.3000,19.3000,19.2800,19.2900,1010,0
PFS.US,5,20131125,163500,19.2900,19.2900,19.2900,19.2900,100,0
PFS.US,5,20131125,164000,19.3100,19.3200,19.3100,19.3200,600,0
PFS.US,5,20131125,164500,19.3500,19.3500,19.3200,19.3400,800,0
PFS.US,5,20131125,165000,19.3500,19.4000,19.3500,19.4000,2551,0
PFS.US,5,20131125,165500,19.4000,19.4000,19.4000,19.4000,100,0
PFS.US,5,20131125,170000,19.3800,19.3800,19.3600,19.3600,500,0
PFS.US,5,20131125,170500,19.3800,19.3800,19.3800,19.3800,100,0
PFS.US,5,20131125,171000,19.3800,19.3900,19.3800,19.3900,1100,0
PFS.US,5,20131125,171500,19.4000,19.4200,19.3900,19.4200,1300,0
PFS.US,5,20131125,172000,19.4300,19.4700,19.4300,19.4600,1400,0
PFS.US,5,20131125,172500,19.4700,19.4700,19.4700,19.4700,500,0
PFS.US,5,20131125,173000,19.4800,19.4800,19.4400,19.4400,2300,0
PFS.US,5,20131125,174000,19.4500,19.4500,19.4400,19.4500,1700,0
PFS.US,5,20131125,174500,19.4600,19.4600,19.4500,19.4600,1200,0
PFS.US,5,20131125,175000,19.4500,19.4600,19.4400,19.4400,1601,0
PFS.US,5,20131125,175500,19.4500,19.4500,19.4400,19.4400,700,0
PFS.US,5,20131125,180000,19.4400,19.4400,19.4300,19.4300,1000,0
PFS.US,5,20131125,180500,19.4200,19.4300,19.4100,19.4100,1100,0
PFS.US,5,20131125,181000,19.4400,19.4400,19.4100,19.4100,700,0
PFS.US,5,20131125,182000,19.4400,19.4400,19.4400,19.4400,100,0
PFS.US,5,20131125,182500,19.4500,19.4500,19.4300,19.4400,1322,0
PFS.US,5,20131125,183000,19.4400,19.4500,19.4400,19.4500,1000,0
PFS.US,5,20131125,183500,19.4400,19.4500,19.4400,19.4500,800,0
PFS.US,5,20131125,184000,19.4400,19.4500,19.4400,19.4500,300,0
PFS.US,5,20131125,184500,19.4500,19.4500,19.4500,19.4500,800,0
PFS.US,5,20131125,185000,19.4500,19.4500,19.4500,19.4500,700,0
PFS.US,5,20131125,185500,19.4400,19.4400,19.4400,19.4400,400,0
PFS.US,5,20131125,190000,19.4500,19.4500,19.4500,19.4500,100,0
PFS.US,5,20131125,190500,19.4400,19.4400,19.4400,19.4400,100,0
PFS.US,5,20131125,191000,19.4500,19.4500,19.4400,19.4400,200,0
PFS.US,5,20131125,191500,19.4500,19.4700,19.4500,19.4500,1400,0
PFS.US,5,20131125,192000,19.4500,19.4500,19.4500,19.4500,200,0
PFS.US,5,20131125,192500,19.4600,19.4600,19.4500,19.4600,500,0
PFS.US,5,20131125,193000,19.4600,19.4600,19.4600,19.4600,400,0
PFS.US,5,20131125,194000,19.4600,19.4700,19.4600,19.4600,1000,0
PFS.US,5,20131125,194500,19.4700,19.4700,19.4700,19.4700,1010,0
PFS.US,5,20131125,195000,19.4700,19.4700,19.4400,19.4400,3570,0
PFS.US,5,20131125,195500,19.4400,19.4400,19.4400,19.4400,300,0
PFS.US,5,20131125,200000,19.4400,19.4400,19.4400,19.4400,400,0
PFS.US,5,20131125,200500,19.4500,19.4500,19.4500,19.4500,400,0
PFS.US,5,20131125,201000,19.4500,19.4500,19.4400,19.4400,900,0
PFS.US,5,20131125,201500,19.4400,19.4400,19.4400,19.4400,100,0
PFS.US,5,20131125,202000,19.4500,19.4500,19.4300,19.4500,18724,0
PFS.US,5,20131125,202500,19.4500,19.4500,19.4400,19.4500,12399,0
PFS.US,5,20131125,203000,19.4400,19.4500,19.4200,19.4500,35224,0
PFS.US,5,20131125,203500,19.4500,19.4500,19.4100,19.4100,7500,0
PFS.US,5,20131125,204000,19.4200,19.4300,19.4200,19.4300,600,0
PFS.US,5,20131125,204500,19.4200,19.4200,19.3700,19.3700,2500,0
PFS.US,5,20131125,205000,19.3700,19.3700,19.3300,19.3600,4600,0
PFS.US,5,20131125,205500,19.3800,19.4000,19.3800,19.3900,1300,0
PFS.US,5,20131125,210000,19.4000,19.4000,19.4000,19.4000,200,0
PFS.US,5,20131125,210500,19.3900,19.3900,19.3500,19.3600,8600,0
PFS.US,5,20131125,211000,19.3700,19.3700,19.3300,19.3300,17700,0
PFS.US,5,20131125,211500,19.3200,19.3200,19.2900,19.3200,700,0
PFS.US,5,20131125,212000,19.3100,19.3100,19.3000,19.3100,2800,0
PFS.US,5,20131125,212500,19.3000,19.3000,19.2900,19.2900,1968,0
PFS.US,5,20131125,213000,19.2800,19.2900,19.2800,19.2900,900,0
PFS.US,5,20131125,213500,19.2900,19.2900,19.2800,19.2800,1400,0
PFS.US,5,20131125,214000,19.2800,19.3000,19.2800,19.3000,11500,0
PFS.US,5,20131125,214500,19.3000,19.3100,19.2900,19.3100,3000,0
PFS.US,5,20131125,215000,19.3200,19.3600,19.3100,19.3500,13556,0
PFS.US,5,20131125,215500,19.3500,19.3500,19.3300,19.3300,4025,0
PFS.US,5,20131125,220000,19.3300,19.3400,19.3000,19.3200,5888,0
PFS.US,5,20131125,220500,19.3200,19.3200,19.3200,19.3200,8270,0
PFS.US,5,20131126,154000,19.2900,19.3800,19.2900,19.3800,800,0
PFS.US,5,20131126,154500,19.3400,19.3400,19.3400,19.3400,100,0
PFS.US,5,20131126,155000,19.3400,19.3400,19.2800,19.2800,400,0
PFS.US,5,20131126,155500,19.2800,19.3400,19.2800,19.3200,1200,0
PFS.US,5,20131126,160000,19.3500,19.4000,19.3300,19.4000,1200,0
PFS.US,5,20131126,160500,19.3400,19.3400,19.3300,19.3300,200,0
PFS.US,5,20131126,161000,19.3600,19.3600,19.2900,19.3200,4800,0
PFS.US,5,20131126,161500,19.3600,19.3600,19.2800,19.3200,5069,0
PFS.US,5,20131126,162000,19.3700,19.3700,19.3700,19.3700,100,0
PFS.US,5,20131126,162500,19.3600,19.3900,19.3300,19.3400,5829,0
PFS.US,5,20131126,163000,19.3500,19.3700,19.3500,19.3700,1400,0
PFS.US,5,20131126,163500,19.3500,19.3500,19.3500,19.3500,100,0
PFS.US,5,20131126,164000,19.3500,19.3500,19.3200,19.3400,2900,0
PFS.US,5,20131126,165000,19.3300,19.3400,19.2800,19.3300,6894,0
PFS.US,5,20131126,165500,19.3200,19.3200,19.2900,19.3000,1430,0
PFS.US,5,20131126,170000,19.3100,19.3300,19.3100,19.3300,1300,0
PFS.US,5,20131126,170500,19.3500,19.3600,19.3500,19.3600,300,0
PFS.US,5,20131126,171000,19.3400,19.3500,19.3300,19.3300,900,0
PFS.US,5,20131126,171500,19.3600,19.3600,19.3500,19.3500,700,0
PFS.US,5,20131126,172000,19.3500,19.3700,19.3500,19.3600,2580,0
PFS.US,5,20131126,173000,19.3600,19.3600,19.3500,19.3500,1100,0
PFS.US,5,20131126,173500,19.3600,19.3900,19.3600,19.3900,1606,0
PFS.US,5,20131126,174500,19.3800,19.3800,19.3800,19.3800,200,0
PFS.US,5,20131126,175000,19.4100,19.4300,19.4100,19.4200,300,0
PFS.US,5,20131126,175500,19.4100,19.4100,19.3800,19.3800,1200,0
PFS.US,5,20131126,180000,19.3700,19.3700,19.3700,19.3700,200,0
PFS.US,5,20131126,180500,19.3800,19.3800,19.3800,19.3800,500,0
PFS.US,5,20131126,181000,19.3900,19.3900,19.3900,19.3900,500,0
PFS.US,5,20131126,182000,19.4300,19.4300,19.4100,19.4300,1300,0
PFS.US,5,20131126,182500,19.4500,19.4500,19.4300,19.4400,1400,0
PFS.US,5,20131126,183000,19.4400,19.4400,19.4000,19.4000,3500,0
PFS.US,5,20131126,183500,19.4000,19.4300,19.4000,19.4300,1018,0
PFS.US,5,20131126,184000,19.4300,19.4500,19.4300,19.4500,1600,0
PFS.US,5,20131126,184500,19.4400,19.4400,19.4100,19.4100,2070,0
PFS.US,5,20131126,185000,19.4300,19.4600,19.4300,19.4400,2115,0
PFS.US,5,20131126,185500,19.4700,19.4700,19.4700,19.4700,100,0
PFS.US,5,20131126,190000,19.4500,19.4600,19.4500,19.4600,800,0
PFS.US,5,20131126,190500,19.4500,19.4500,19.4400,19.4400,1100,0
PFS.US,5,20131126,191000,19.4400,19.4400,19.4300,19.4300,400,0
PFS.US,5,20131126,191500,19.4400,19.4500,19.4400,19.4500,700,0
PFS.US,5,20131126,192000,19.4400,19.4400,19.4400,19.4400,200,0
PFS.US,5,20131126,192500,19.4400,19.4500,19.4400,19.4500,700,0
PFS.US,5,20131126,193000,19.4600,19.4600,19.4600,19.4600,400,0
PFS.US,5,20131126,193500,19.4500,19.4600,19.4400,19.4500,5050,0
PFS.US,5,20131126,194000,19.4600,19.4600,19.4500,19.4500,600,0
PFS.US,5,20131126,194500,19.4500,19.4600,19.4500,19.4500,1300,0
PFS.US,5,20131126,195500,19.4600,19.4600,19.4500,19.4500,1402,0
PFS.US,5,20131126,200000,19.4500,19.4500,19.4500,19.4500,200,0
PFS.US,5,20131126,200500,19.4600,19.4600,19.4500,19.4500,900,0
PFS.US,5,20131126,201000,19.4500,19.4500,19.4400,19.4400,370,0
PFS.US,5,20131126,201500,19.4400,19.4400,19.4200,19.4200,721,0
PFS.US,5,20131126,202000,19.4200,19.4200,19.4200,19.4200,100,0
PFS.US,5,20131126,202500,19.4300,19.4300,19.4300,19.4300,400,0
PFS.US,5,20131126,203000,19.4400,19.4500,19.4400,19.4500,800,0
PFS.US,5,20131126,203500,19.4600,19.4600,19.4600,19.4600,100,0
PFS.US,5,20131126,204000,19.4600,19.4600,19.4600,19.4600,100,0
PFS.US,5,20131126,204500,19.4600,19.4600,19.4600,19.4600,100,0
PFS.US,5,20131126,205000,19.4500,19.4600,19.4500,19.4600,200,0
PFS.US,5,20131126,205500,19.4700,19.4800,19.4500,19.4600,13942,0
PFS.US,5,20131126,210000,19.4800,19.4900,19.4700,19.4800,2999,0
PFS.US,5,20131126,210500,19.4700,19.4700,19.4600,19.4600,862,0
PFS.US,5,20131126,211000,19.4500,19.4800,19.4500,19.4800,1312,0
PFS.US,5,20131126,211500,19.4800,19.4800,19.4800,19.4800,100,0
PFS.US,5,20131126,212000,19.4800,19.4800,19.4800,19.4800,200,0
PFS.US,5,20131126,212500,19.4900,19.5100,19.4900,19.5100,1805,0
PFS.US,5,20131126,213000,19.5200,19.5200,19.5100,19.5100,802,0
PFS.US,5,20131126,213500,19.5200,19.5200,19.5200,19.5200,700,0
PFS.US,5,20131126,214000,19.5000,19.5000,19.4700,19.4700,1400,0
PFS.US,5,20131126,214500,19.4700,19.4800,19.4700,19.4800,595,0
PFS.US,5,20131126,215000,19.4600,19.4700,19.4500,19.4600,4107,0
PFS.US,5,20131126,215500,19.4500,19.4700,19.4300,19.4700,7266,0
PFS.US,5,20131126,220000,19.4600,19.4700,19.4400,19.4600,8177,0
PFS.US,5,20131126,220500,19.4700,19.4700,19.4700,19.4700,30625,0
PFS.US,5,20131127,153500,19.4100,19.4700,19.4100,19.4500,400,0
PFS.US,5,20131127,154000,19.4400,19.4400,19.4400,19.4400,100,0
PFS.US,5,20131127,154500,19.3700,19.3700,19.3200,19.3200,1673,0
PFS.US,5,20131127,155000,19.3600,19.4000,19.3600,19.4000,1100,0
PFS.US,5,20131127,155500,19.4400,19.4700,19.4300,19.4400,1578,0
PFS.US,5,20131127,160000,19.4300,19.5000,19.4300,19.5000,500,0
PFS.US,5,20131127,160500,19.4900,19.5000,19.4400,19.4900,2100,0
PFS.US,5,20131127,161000,19.5300,19.5300,19.5100,19.5100,500,0
PFS.US,5,20131127,162000,19.5600,19.5600,19.5600,19.5600,100,0
PFS.US,5,20131127,162500,19.5600,19.5600,19.5200,19.5200,1100,0
PFS.US,5,20131127,163000,19.5500,19.5500,19.5500,19.5500,100,0
PFS.US,5,20131127,163500,19.5600,19.5600,19.5600,19.5600,100,0
PFS.US,5,20131127,164000,19.5700,19.5800,19.5600,19.5600,2300,0
PFS.US,5,20131127,164500,19.5700,19.5700,19.5300,19.5600,3139,0
PFS.US,5,20131127,165000,19.5800,19.6100,19.5800,19.6100,1900,0
PFS.US,5,20131127,165500,19.6100,19.6200,19.6100,19.6100,352,0
PFS.US,5,20131127,170000,19.6200,19.6300,19.6000,19.6200,3400,0
PFS.US,5,20131127,170500,19.6400,19.6400,19.6200,19.6200,2802,0
PFS.US,5,20131127,171000,19.6200,19.6400,19.5900,19.5900,3778,0
PFS.US,5,20131127,171500,19.6000,19.6000,19.6000,19.6000,100,0
PFS.US,5,20131127,172000,19.5900,19.5900,19.5500,19.5700,300,0
PFS.US,5,20131127,172500,19.5800,19.5800,19.5800,19.5800,1000,0
PFS.US,5,20131127,173500,19.5900,19.5900,19.5800,19.5900,1407,0
PFS.US,5,20131127,174000,19.6100,19.6100,19.6000,19.6000,2139,0
PFS.US,5,20131127,174500,19.6000,19.6000,19.5900,19.5900,200,0
PFS.US,5,20131127,175000,19.6000,19.6000,19.6000,19.6000,100,0
PFS.US,5,20131127,180000,19.6200,19.6200,19.6200,19.6200,800,0
PFS.US,5,20131127,180500,19.6100,19.6100,19.6000,19.6000,300,0
PFS.US,5,20131127,181000,19.6200,19.6200,19.6000,19.6000,600,0
PFS.US,5,20131127,182500,19.6000,19.6000,19.5900,19.5900,3900,0
PFS.US,5,20131127,183000,19.6000,19.6000,19.6000,19.6000,100,0
PFS.US,5,20131127,183500,19.6000,19.6000,19.6000,19.6000,200,0
PFS.US,5,20131127,184000,19.6000,19.6200,19.5900,19.6200,1100,0
PFS.US,5,20131127,184500,19.6200,19.6300,19.6200,19.6200,600,0
PFS.US,5,20131127,185000,19.6100,19.6100,19.6000,19.6100,400,0
PFS.US,5,20131127,185500,19.6200,19.6200,19.6100,19.6100,600,0
PFS.US,5,20131127,190000,19.6100,19.6100,19.6000,19.6000,200,0
PFS.US,5,20131127,190500,19.6000,19.6000,19.5500,19.5700,1801,0
PFS.US,5,20131127,191500,19.5800,19.5800,19.5700,19.5700,400,0
PFS.US,5,20131127,192000,19.5800,19.5800,19.5800,19.5800,100,0
PFS.US,5,20131127,192500,19.5700,19.5700,19.5500,19.5600,680,0
PFS.US,5,20131127,193000,19.5700,19.6100,19.5700,19.6100,500,0
PFS.US,5,20131127,194000,19.5900,19.6200,19.5900,19.5900,2000,0
PFS.US,5,20131127,194500,19.6200,19.6300,19.6100,19.6100,600,0
PFS.US,5,20131127,195000,19.6100,19.6500,19.6100,19.6300,500,0
PFS.US,5,20131127,195500,19.6200,19.6200,19.6100,19.6100,272,0
PFS.US,5,20131127,200000,19.5900,19.6000,19.5800,19.5900,794,0
PFS.US,5,20131127,200500,19.6000,19.6000,19.5900,19.6000,400,0
PFS.US,5,20131127,201000,19.6000,19.6000,19.6000,19.6000,200,0
PFS.US,5,20131127,201500,19.6000,19.6100,19.6000,19.6100,800,0
PFS.US,5,20131127,202000,19.6200,19.6400,19.6100,19.6200,1200,0
PFS.US,5,20131127,202500,19.6100,19.6100,19.6000,19.6100,750,0
PFS.US,5,20131127,203000,19.6000,19.6000,19.5900,19.5900,1000,0
PFS.US,5,20131127,203500,19.5900,19.6500,19.5900,19.6200,1000,0
PFS.US,5,20131127,204000,19.6100,19.6200,19.6100,19.6200,500,0
PFS.US,5,20131127,204500,19.6300,19.6300,19.6100,19.6100,1100,0
PFS.US,5,20131127,205000,19.6100,19.6200,19.6100,19.6200,600,0
PFS.US,5,20131127,205500,19.6300,19.6400,19.6200,19.6200,2900,0
PFS.US,5,20131127,210000,19.6200,19.6300,19.6200,19.6300,1001,0
PFS.US,5,20131127,210500,19.6300,19.6300,19.6300,19.6300,100,0
PFS.US,5,20131127,211000,19.6400,19.6400,19.6400,19.6400,500,0
PFS.US,5,20131127,211500,19.6400,19.6600,19.6400,19.6400,1013,0
PFS.US,5,20131127,212000,19.6400,19.6400,19.6300,19.6300,400,0
PFS.US,5,20131127,212500,19.6300,19.6300,19.6300,19.6300,400,0
PFS.US,5,20131127,213000,19.6400,19.6400,19.6400,19.6400,600,0
PFS.US,5,20131127,213500,19.6500,19.6500,19.6300,19.6300,1773,0
PFS.US,5,20131127,214000,19.6300,19.6300,19.6200,19.6200,2500,0
PFS.US,5,20131127,214500,19.6100,19.6100,19.6000,19.6100,2600,0
PFS.US,5,20131127,215000,19.6100,19.6200,19.6100,19.6100,1905,0
PFS.US,5,20131127,215500,19.6200,19.6500,19.6100,19.6500,3600,0
PFS.US,5,20131127,220000,19.6600,19.6600,19.6300,19.6400,6336,0
PFS.US,5,20131127,220500,19.6300,19.6300,19.6300,19.6300,5368,0
PFS.US,5,20131129,153500,19.5900,19.7800,19.4900,19.5000,1222,0
PFS.US,5,20131129,154000,19.5600,19.6200,19.5600,19.6200,700,0
PFS.US,5,20131129,154500,19.6600,19.6700,19.6400,19.6400,300,0
PFS.US,5,20131129,155000,19.6600,19.7400,19.6600,19.7400,700,0
PFS.US,5,20131129,155500,19.7700,19.8000,19.7400,19.7400,600,0
PFS.US,5,20131129,160000,19.6900,19.6900,19.6300,19.6900,2200,0
PFS.US,5,20131129,160500,19.7100,19.7100,19.7100,19.7100,156,0
PFS.US,5,20131129,161000,19.7100,19.7400,19.7100,19.7300,300,0
PFS.US,5,20131129,162000,19.7400,19.7900,19.7400,19.7600,318,0
PFS.US,5,20131129,162500,19.7500,19.8000,19.7400,19.7700,1105,0
PFS.US,5,20131129,163000,19.7700,19.7900,19.7700,19.7900,300,0
PFS.US,5,20131129,163500,19.8000,19.8000,19.7700,19.7700,1900,0
PFS.US,5,20131129,164500,19.7700,19.7700,19.7300,19.7500,1300,0
PFS.US,5,20131129,165000,19.7600,19.7600,19.7400,19.7400,900,0
PFS.US,5,20131129,165500,19.7500,19.7500,19.7300,19.7400,600,0
PFS.US,5,20131129,170000,19.7300,19.7500,19.7100,19.7500,400,0
PFS.US,5,20131129,170500,19.7300,19.7300,19.6600,19.7100,2597,0
PFS.US,5,20131129,171000,19.7100,19.7100,19.6700,19.6700,1600,0
PFS.US,5,20131129,171500,19.6700,19.6700,19.6600,19.6600,899,0
PFS.US,5,20131129,172000,19.6700,19.7000,19.6700,19.7000,810,0
PFS.US,5,20131129,172500,19.6800,19.6900,19.6700,19.6900,3000,0
PFS.US,5,20131129,173000,19.6800,19.6800,19.6800,19.6800,300,0
PFS.US,5,20131129,173500,19.6900,19.6900,19.6800,19.6900,1100,0
PFS.US,5,20131129,174000,19.6900,19.7100,19.6900,19.7100,1200,0
PFS.US,5,20131129,174500,19.7100,19.7100,19.7100,19.7100,400,0
PFS.US,5,20131129,175000,19.7000,19.7000,19.6900,19.6900,400,0
PFS.US,5,20131129,175500,19.6900,19.7600,19.6900,19.7300,5500,0
PFS.US,5,20131129,180500,19.7300,19.7300,19.7300,19.7300,300,0
PFS.US,5,20131129,181000,19.7300,19.7300,19.7100,19.7200,1300,0
PFS.US,5,20131129,181500,19.7400,19.7500,19.7400,19.7500,200,0
PFS.US,5,20131129,182000,19.7600,19.7600,19.7600,19.7600,100,0
PFS.US,5,20131129,182500,19.7700,19.7700,19.7600,19.7600,300,0
PFS.US,5,20131129,183000,19.7700,19.7700,19.7600,19.7600,700,0
PFS.US,5,20131129,183500,19.7800,19.8000,19.7800,19.8000,300,0
PFS.US,5,20131129,184000,19.7900,19.8000,19.7700,19.7700,1200,0
PFS.US,5,20131129,184500,19.7700,19.7700,19.7500,19.7500,700,0
PFS.US,5,20131129,185000,19.7600,19.7700,19.7500,19.7500,1000,0
PFS.US,5,20131129,185500,19.7300,19.7300,19.6300,19.6300,22098,0
PFS.US,5,20131129,190000,19.6300,19.6300,19.5500,19.5600,11072,0
PFS.US,5,20131129,190500,19.5500,19.5500,19.5500,19.5500,18041,0
PFS.US,5,20131202,154000,19.5000,19.5200,19.5000,19.5000,600,0
PFS.US,5,20131202,155000,19.5300,19.5300,19.5100,19.5100,1400,0
PFS.US,5,20131202,155500,19.4900,19.5200,19.4900,19.5100,1800,0
PFS.US,5,20131202,160000,19.5000,19.5200,19.4800,19.5000,1400,0
PFS.US,5,20131202,160500,19.4600,19.5100,19.4600,19.4600,2346,0
PFS.US,5,20131202,161000,19.4300,19.4500,19.4300,19.4500,300,0
PFS.US,5,20131202,161500,19.4600,19.4900,19.4300,19.4900,14100,0
PFS.US,5,20131202,162000,19.4600,19.4900,19.4500,19.4600,1500,0
PFS.US,5,20131202,162500,19.4300,19.4800,19.4300,19.4800,600,0
PFS.US,5,20131202,163000,19.4700,19.4700,19.4700,19.4700,500,0
PFS.US,5,20131202,163500,19.4700,19.4800,19.4500,19.4800,1900,0
PFS.US,5,20131202,164000,19.4700,19.4900,19.4700,19.4700,2248,0
PFS.US,5,20131202,164500,19.4700,19.4900,19.4700,19.4900,1029,0
PFS.US,5,20131202,165000,19.4700,19.4700,19.4600,19.4600,1700,0
PFS.US,5,20131202,165500,19.4900,19.4900,19.4800,19.4900,1400,0
PFS.US,5,20131202,170000,19.5200,19.5300,19.5200,19.5300,200,0
PFS.US,5,20131202,170500,19.5200,19.5200,19.5200,19.5200,300,0
PFS.US,5,20131202,171500,19.5100,19.5100,19.4900,19.4900,1400,0
PFS.US,5,20131202,172000,19.4800,19.4900,19.4300,19.4500,3339,0
PFS.US,5,20131202,172500,19.4500,19.4500,19.4500,19.4500,400,0
PFS.US,5,20131202,173000,19.4500,19.4500,19.4100,19.4100,2000,0
PFS.US,5,20131202,173500,19.4100,19.4100,19.4100,19.4100,1000,0
PFS.US,5,20131202,174000,19.4100,19.4100,19.4000,19.4000,3560,0
PFS.US,5,20131202,174500,19.3700,19.3900,19.3600,19.3900,4839,0
PFS.US,5,20131202,175000,19.4000,19.4000,19.3900,19.4000,1200,0
PFS.US,5,20131202,175500,19.3900,19.3900,19.3400,19.3400,2167,0
PFS.US,5,20131202,180000,19.3700,19.3800,19.3700,19.3800,400,0
PFS.US,5,20131202,180500,19.3900,19.3900,19.3900,19.3900,200,0
PFS.US,5,20131202,181500,19.3900,19.3900,19.3900,19.3900,500,0
PFS.US,5,20131202,182000,19.3900,19.3900,19.3900,19.3900,100,0
PFS.US,5,20131202,182500,19.3900,19.4000,19.3900,19.4000,600,0
PFS.US,5,20131202,183000,19.4000,19.4200,19.3900,19.4100,1600,0
PFS.US,5,20131202,183500,19.4100,19.4700,19.3800,19.3800,1406,0
PFS.US,5,20131202,184000,19.4100,19.4100,19.3900,19.3900,400,0
PFS.US,5,20131202,184500,19.4100,19.4100,19.4100,19.4100,100,0
PFS.US,5,20131202,185000,19.3900,19.4000,19.3900,19.3900,2900,0
PFS.US,5,20131202,190000,19.4000,19.4300,19.4000,19.4300,900,0
PFS.US,5,20131202,191000,19.4100,19.4100,19.3700,19.3700,1900,0
PFS.US,5,20131202,191500,19.3700,19.3700,19.3300,19.3400,2000,0
PFS.US,5,20131202,192000,19.3400,19.3400,19.3300,19.3300,800,0
PFS.US,5,20131202,192500,19.3400,19.3400,19.3200,19.3200,1100,0
PFS.US,5,20131202,193000,19.3300,19.3300,19.3100,19.3100,1640,0
PFS.US,5,20131202,193500,19.3000,19.3100,19.2900,19.3100,4501,0
PFS.US,5,20131202,194000,19.3100,19.3300,19.3100,19.3300,800,0
PFS.US,5,20131202,195000,19.3200,19.3200,19.3000,19.3100,1700,0
PFS.US,5,20131202,200000,19.3100,19.3100,19.3000,19.3000,12700,0
PFS.US,5,20131202,200500,19.3000,19.3100,19.3000,19.3100,333,0
PFS.US,5,20131202,201000,19.3000,19.3000,19.2700,19.2700,1000,0
PFS.US,5,20131202,201500,19.2700,19.3200,19.2700,19.3000,7100,0
PFS.US,5,20131202,202000,19.3000,19.3000,19.3000,19.3000,200,0
PFS.US,5,20131202,202500,19.3000,19.3000,19.3000,19.3000,100,0
PFS.US,5,20131202,203000,19.3000,19.3000,19.3000,19.3000,100,0
PFS.US,5,20131202,203500,19.3200,19.3200,19.3200,19.3200,100,0
PFS.US,5,20131202,204000,19.3200,19.3200,19.3100,19.3100,900,0
PFS.US,5,20131202,204500,19.3000,19.3100,19.2600,19.2600,3675,0
PFS.US,5,20131202,205000,19.2300,19.2600,19.2300,19.2600,1500,0
PFS.US,5,20131202,205500,19.2500,19.2900,19.2400,19.2800,1600,0
PFS.US,5,20131202,210000,19.2700,19.2700,19.2700,19.2700,200,0
PFS.US,5,20131202,210500,19.2800,19.2900,19.2800,19.2900,300,0
PFS.US,5,20131202,211000,19.2900,19.2900,19.2800,19.2800,2800,0
PFS.US,5,20131202,211500,19.2800,19.3000,19.2600,19.2700,4700,0
PFS.US,5,20131202,212000,19.2900,19.3000,19.2900,19.3000,300,0
PFS.US,5,20131202,212500,19.3000,19.3100,19.3000,19.3100,800,0
PFS.US,5,20131202,213000,19.3000,19.3000,19.2900,19.2900,2400,0
PFS.US,5,20131202,213500,19.2900,19.3000,19.2700,19.2700,7300,0
PFS.US,5,20131202,214000,19.2800,19.2800,19.2800,19.2800,100,0
PFS.US,5,20131202,214500,19.2800,19.3000,19.2800,19.3000,4000,0
PFS.US,5,20131202,215000,19.3000,19.3100,19.2900,19.3100,2100,0
PFS.US,5,20131202,215500,19.3000,19.3100,19.3000,19.3100,10920,0
PFS.US,5,20131202,220000,19.3100,19.3400,19.3000,19.3200,15392,0
PFS.US,5,20131202,220500,19.3100,19.3100,19.3100,19.3100,17834,0
PFS.US,5,20131203,153500,19.2900,19.3500,19.2900,19.3500,300,0
PFS.US,5,20131203,154000,19.3800,19.4100,19.3800,19.4100,300,0
PFS.US,5,20131203,154500,19.4000,19.4000,19.4000,19.4000,100,0
PFS.US,5,20131203,155500,19.3400,19.3400,19.3400,19.3400,400,0
PFS.US,5,20131203,160000,19.3900,19.4200,19.3900,19.4200,300,0
PFS.US,5,20131203,160500,19.4100,19.4100,19.4000,19.4100,1400,0
PFS.US,5,20131203,161000,19.3800,19.4000,19.3800,19.3900,2800,0
PFS.US,5,20131203,161500,19.3800,19.3800,19.3700,19.3800,400,0
PFS.US,5,20131203,162000,19.3800,19.4000,19.3800,19.4000,200,0
PFS.US,5,20131203,162500,19.4200,19.4200,19.3900,19.3900,1800,0
PFS.US,5,20131203,163000,19.4000,19.4000,19.4000,19.4000,7500,0
PFS.US,5,20131203,163500,19.3900,19.3900,19.3600,19.3800,600,0
PFS.US,5,20131203,164000,19.3800,19.4300,19.3800,19.4300,3544,0
PFS.US,5,20131203,164500,19.4000,19.4000,19.3500,19.3500,1300,0
PFS.US,5,20131203,165000,19.3700,19.3700,19.3400,19.3400,600,0
PFS.US,5,20131203,165500,19.3400,19.3400,19.3400,19.3400,100,0
PFS.US,5,20131203,170000,19.3000,19.3000,19.2900,19.2900,700,0
PFS.US,5,20131203,170500,19.2800,19.2900,19.2300,19.2400,1799,0
PFS.US,5,20131203,171000,19.2400,19.2600,19.2400,19.2600,1139,0
PFS.US,5,20131203,171500,19.2700,19.2700,19.2600,19.2600,400,0
PFS.US,5,20131203,172000,19.2800,19.2800,19.2700,19.2800,400,0
PFS.US,5,20131203,172500,19.2800,19.2800,19.2700,19.2700,500,0
PFS.US,5,20131203,173000,19.2600,19.2600,19.2100,19.2100,300,0
PFS.US,5,20131203,173500,19.2500,19.2500,19.2500,19.2500,100,0
PFS.US,5,20131203,174000,19.2800,19.2800,19.2500,19.2800,300,0
PFS.US,5,20131203,174500,19.2400,19.2400,19.2400,19.2400,100,0
PFS.US,5,20131203,175000,19.2600,19.2600,19.2600,19.2600,100,0
PFS.US,5,20131203,175500,19.2600,19.2600,19.2600,19.2600,100,0
PFS.US,5,20131203,180000,19.2600,19.2600,19.2500,19.2500,400,0
PFS.US,5,20131203,181000,19.3000,19.3000,19.3000,19.3000,100,0
PFS.US,5,20131203,181500,19.2800,19.2800,19.2600,19.2600,800,0
PFS.US,5,20131203,182000,19.2100,19.2100,19.2000,19.2000,200,0
PFS.US,5,20131203,182500,19.2400,19.2400,19.2000,19.2000,500,0
PFS.US,5,20131203,183000,19.1900,19.1900,19.1900,19.1900,100,0
PFS.US,5,20131203,183500,19.1900,19.1900,19.1500,19.1700,1300,0
PFS.US,5,20131203,184000,19.1700,19.1700,19.1300,19.1300,2100,0
PFS.US,5,20131203,184500,19.1300,19.1300,19.1300,19.1300,400,0
PFS.US,5,20131203,185000,19.0900,19.1200,19.0900,19.1000,400,0
PFS.US,5,20131203,185500,19.1200,19.1300,19.1200,19.1300,300,0
PFS.US,5,20131203,190000,19.1300,19.1300,19.1200,19.1200,701,0
PFS.US,5,20131203,190500,19.1200,19.1200,19.1100,19.1100,1200,0
PFS.US,5,20131203,191000,19.0800,19.0800,19.0600,19.0600,500,0
PFS.US,5,20131203,192000,19.0600,19.0600,19.0600,19.0600,425,0
PFS.US,5,20131203,192500,19.0600,19.0600,19.0400,19.0500,1700,0
PFS.US,5,20131203,193000,19.0400,19.0400,18.9600,18.9600,3500,0
PFS.US,5,20131203,193500,19.0000,19.0000,18.9900,18.9900,700,0
PFS.US,5,20131203,194000,18.9900,19.0100,18.9900,19.0000,500,0
PFS.US,5,20131203,194500,19.0200,19.0200,19.0200,19.0200,100,0
PFS.US,5,20131203,195000,19.0000,19.0300,19.0000,19.0100,987,0
PFS.US,5,20131203,195500,19.0100,19.0100,19.0100,19.0100,500,0
PFS.US,5,20131203,200000,19.0100,19.0100,19.0000,19.0000,400,0
PFS.US,5,20131203,200500,19.0000,19.0100,18.9600,18.9600,2200,0
PFS.US,5,20131203,201000,18.9900,18.9900,18.9700,18.9700,900,0
PFS.US,5,20131203,201500,18.9800,18.9800,18.9800,18.9800,500,0
PFS.US,5,20131203,202000,18.9800,18.9800,18.9600,18.9700,2300,0
PFS.US,5,20131203,202500,18.9900,18.9900,18.9900,18.9900,100,0
PFS.US,5,20131203,203000,18.9800,18.9800,18.9800,18.9800,300,0
PFS.US,5,20131203,203500,19.0000,19.0200,19.0000,19.0200,900,0
PFS.US,5,20131203,204000,19.0300,19.0300,19.0300,19.0300,100,0
PFS.US,5,20131203,204500,19.0400,19.0400,19.0400,19.0400,500,0
PFS.US,5,20131203,205000,19.0400,19.0500,19.0400,19.0400,700,0
PFS.US,5,20131203,205500,19.0400,19.0400,19.0400,19.0400,1000,0
PFS.US,5,20131203,210000,19.0400,19.0400,19.0400,19.0400,400,0
PFS.US,5,20131203,210500,19.0500,19.0500,19.0200,19.0200,1600,0
PFS.US,5,20131203,211000,19.0000,19.0300,19.0000,19.0200,600,0
PFS.US,5,20131203,211500,19.0300,19.0300,19.0200,19.0300,1200,0
PFS.US,5,20131203,212000,19.0400,19.0400,19.0400,19.0400,100,0
PFS.US,5,20131203,212500,19.0400,19.0400,19.0300,19.0300,600,0
PFS.US,5,20131203,213000,19.0200,19.0200,19.0200,19.0200,1555,0
PFS.US,5,20131203,213500,19.0200,19.0300,19.0200,19.0300,1400,0
PFS.US,5,20131203,214000,19.0500,19.0500,19.0500,19.0500,1239,0
PFS.US,5,20131203,214500,19.0400,19.0500,19.0300,19.0300,1700,0
PFS.US,5,20131203,215000,19.0400,19.0800,19.0400,19.0800,1000,0
PFS.US,5,20131203,215500,19.0800,19.1100,19.0800,19.1100,1800,0
PFS.US,5,20131203,220000,19.1100,19.1400,19.1100,19.1200,9416,0
PFS.US,5,20131203,220500,19.1100,19.1100,19.1100,19.1100,55654,0
PFS.US,5,20131204,155000,19.0600,19.0800,19.0200,19.0200,25000,0
PFS.US,5,20131204,155500,19.0400,19.0400,19.0200,19.0200,1100,0
PFS.US,5,20131204,160000,19.0200,19.0200,19.0000,19.0000,700,0
PFS.US,5,20131204,160500,19.0100,19.0700,19.0100,19.0300,3350,0
PFS.US,5,20131204,161000,19.0600,19.0800,19.0600,19.0800,400,0
PFS.US,5,20131204,161500,19.0900,19.1200,19.0900,19.0900,2016,0
PFS.US,5,20131204,162000,19.1000,19.1000,19.0900,19.1000,3400,0
PFS.US,5,20131204,162500,19.1000,19.1200,19.1000,19.1000,5798,0
PFS.US,5,20131204,163000,19.1000,19.1000,19.1000,19.1000,100,0
PFS.US,5,20131204,164000,19.1200,19.1600,19.1200,19.1600,2094,0
PFS.US,5,20131204,164500,19.1500,19.1500,19.1300,19.1400,2000,0
PFS.US,5,20131204,165000,19.1400,19.1500,19.1300,19.1400,1400,0
PFS.US,5,20131204,165500,19.1400,19.1400,19.1100,19.1100,700,0
PFS.US,5,20131204,170000,19.1300,19.1300,19.1200,19.1200,800,0
PFS.US,5,20131204,170500,19.1200,19.1300,19.1200,19.1300,200,0
PFS.US,5,20131204,171000,19.1200,19.1200,19.1200,19.1200,100,0
PFS.US,5,20131204,171500,19.1200,19.1200,19.1000,19.1000,1200,0
PFS.US,5,20131204,172000,19.1000,19.1000,19.1000,19.1000,406,0
PFS.US,5,20131204,172500,19.1000,19.1000,19.1000,19.1000,1400,0
PFS.US,5,20131204,173000,19.1000,19.1000,19.1000,19.1000,100,0
PFS.US,5,20131204,173500,19.1000,19.1000,19.1000,19.1000,300,0
PFS.US,5,20131204,174000,19.1000,19.1000,19.0700,19.0800,900,0
PFS.US,5,20131204,174500,19.0900,19.1000,19.0900,19.1000,1900,0
PFS.US,5,20131204,175000,19.0900,19.1100,19.0800,19.0800,1100,0
PFS.US,5,20131204,175500,19.0700,19.0800,19.0700,19.0800,200,0
PFS.US,5,20131204,180000,19.0800,19.1100,19.0800,19.1000,1599,0
PFS.US,5,20131204,180500,19.0800,19.0800,19.0600,19.0700,400,0
PFS.US,5,20131204,181000,19.0600,19.0600,19.0600,19.0600,200,0
PFS.US,5,20131204,181500,19.0300,19.0500,19.0300,19.0500,586,0
PFS.US,5,20131204,182000,19.0200,19.0200,18.9800,18.9900,1900,0
PFS.US,5,20131204,182500,18.9900,19.0000,18.9600,18.9800,1600,0
PFS.US,5,20131204,183000,18.9400,18.9500,18.9400,18.9500,400,0
PFS.US,5,20131204,183500,18.9300,18.9500,18.9300,18.9300,3700,0
PFS.US,5,20131204,184000,18.9200,18.9500,18.9100,18.9400,4700,0
PFS.US,5,20131204,184500,18.9400,18.9500,18.9200,18.9200,2400,0
PFS.US,5,20131204,185000,18.9300,18.9600,18.9200,18.9300,5615,0
PFS.US,5,20131204,185500,18.9200,18.9300,18.9200,18.9200,800,0
PFS.US,5,20131204,190000,18.9400,18.9400,18.9200,18.9200,1400,0
PFS.US,5,20131204,190500,18.9100,18.9400,18.9100,18.9100,2714,0
PFS.US,5,20131204,191000,18.9000,18.9000,18.8800,18.8900,1900,0
PFS.US,5,20131204,191500,18.8900,18.9000,18.8900,18.8900,14492,0
PFS.US,5,20131204,192000,18.8900,18.8900,18.8700,18.8900,2398,0
PFS.US,5,20131204,192500,18.9000,18.9100,18.8200,18.8200,4200,0
PFS.US,5,20131204,193000,18.8500,18.8500,18.8000,18.8000,2500,0
PFS.US,5,20131204,193500,18.7900,18.7900,18.7100,18.7500,7239,0
PFS.US,5,20131204,194000,18.7500,18.7800,18.7500,18.7800,900,0
PFS.US,5,20131204,194500,18.7800,18.8400,18.7800,18.8100,8300,0
PFS.US,5,20131204,195000,18.8000,18.8400,18.8000,18.8400,500,0
PFS.US,5,20131204,195500,18.8200,18.8300,18.8200,18.8300,500,0
PFS.US,5,20131204,200000,18.8300,18.8300,18.8000,18.8000,3800,0
PFS.US,5,20131204,200500,18.8100,18.8300,18.8100,18.8300,400,0
PFS.US,5,20131204,201000,18.8300,18.9000,18.8100,18.8300,12273,0
PFS.US,5,20131204,201500,18.8200,18.8800,18.8200,18.8800,1200,0
PFS.US,5,20131204,202000,18.8800,18.9300,18.8800,18.9100,2726,0
PFS.US,5,20131204,202500,18.9300,18.9500,18.9200,18.9200,4273,0
PFS.US,5,20131204,203000,18.9300,18.9400,18.9300,18.9400,3500,0
PFS.US,5,20131204,203500,18.9500,18.9900,18.9500,18.9600,2900,0
PFS.US,5,20131204,204000,18.9600,18.9900,18.9600,18.9900,400,0
PFS.US,5,20131204,204500,18.9900,18.9900,18.9400,18.9800,2900,0
PFS.US,5,20131204,205000,18.9900,19.0000,18.9900,19.0000,300,0
PFS.US,5,20131204,205500,19.0000,19.0200,18.9700,18.9700,5099,0
PFS.US,5,20131204,210000,18.9900,19.0000,18.9900,19.0000,600,0
PFS.US,5,20131204,210500,19.0000,19.0100,18.9700,18.9800,2902,0
PFS.US,5,20131204,211000,18.9900,19.0100,18.9900,19.0000,800,0
PFS.US,5,20131204,211500,19.0000,19.0000,19.0000,19.0000,536,0
PFS.US,5,20131204,212000,19.0100,19.0400,19.0100,19.0400,1800,0
PFS.US,5,20131204,212500,19.0400,19.0400,19.0200,19.0200,1600,0
PFS.US,5,20131204,213000,19.0300,19.0300,19.0100,19.0100,400,0
PFS.US,5,20131204,213500,19.0200,19.0400,19.0200,19.0400,2214,0
PFS.US,5,20131204,214000,19.0400,19.0500,19.0300,19.0500,1300,0
PFS.US,5,20131204,214500,19.0500,19.0600,19.0500,19.0500,3400,0
PFS.US,5,20131204,215000,19.0600,19.0700,19.0600,19.0600,4815,0
PFS.US,5,20131204,215500,19.0600,19.0700,19.0500,19.0700,2746,0
PFS.US,5,20131204,220000,19.0600,19.0700,18.9800,18.9800,16335,0
PFS.US,5,20131204,220500,18.9800,18.9800,18.9800,18.9800,37114,0
PFS.US,5,20131205,154000,18.8500,18.8500,18.8500,18.8500,180,0
PFS.US,5,20131205,154500,18.8300,18.8600,18.8300,18.8600,1080,0
PFS.US,5,20131205,155000,18.8600,18.8600,18.8600,18.8600,100,0
PFS.US,5,20131205,155500,18.8600,18.8800,18.8600,18.8800,836,0
PFS.US,5,20131205,160000,18.8800,18.8800,18.8600,18.8700,1813,0
PFS.US,5,20131205,160500,18.9200,18.9200,18.9100,18.9200,300,0
PFS.US,5,20131205,161000,18.9200,18.9500,18.9200,18.9500,1400,0
PFS.US,5,20131205,161500,18.9600,18.9800,18.9500,18.9800,800,0
PFS.US,5,20131205,162000,18.9400,18.9400,18.8800,18.9000,2081,0
PFS.US,5,20131205,162500,18.9100,18.9200,18.8800,18.8900,1431,0
PFS.US,5,20131205,163000,18.8900,18.9000,18.8900,18.9000,500,0
PFS.US,5,20131205,163500,18.8600,18.9100,18.8600,18.9000,1100,0
PFS.US,5,20131205,164000,18.8900,18.8900,18.8500,18.8600,2400,0
PFS.US,5,20131205,164500,18.8600,18.8600,18.8600,18.8600,400,0
PFS.US,5,20131205,165000,18.8500,18.8500,18.8000,18.8000,3911,0
PFS.US,5,20131205,165500,18.8100,18.8100,18.8100,18.8100,500,0
PFS.US,5,20131205,170000,18.8200,18.8300,18.8200,18.8300,300,0
PFS.US,5,20131205,170500,18.8300,18.8300,18.8100,18.8200,1900,0
PFS.US,5,20131205,171000,18.8200,18.8300,18.8200,18.8300,1200,0
PFS.US,5,20131205,171500,18.8300,18.8300,18.8100,18.8100,500,0
PFS.US,5,20131205,172000,18.8000,18.8200,18.8000,18.8200,2300,0
PFS.US,5,20131205,172500,18.8200,18.8300,18.8200,18.8200,903,0
PFS.US,5,20131205,173000,18.8300,18.8300,18.8200,18.8200,1400,0
PFS.US,5,20131205,173500,18.8200,18.8200,18.8100,18.8100,900,0
PFS.US,5,20131205,174000,18.7900,18.8000,18.7900,18.8000,1200,0
PFS.US,5,20131205,174500,18.7900,18.8000,18.7900,18.7900,600,0
PFS.US,5,20131205,175000,18.7900,18.7900,18.7800,18.7900,1900,0
PFS.US,5,20131205,175500,18.7800,18.8000,18.7800,18.8000,2300,0
PFS.US,5,20131205,180000,18.8000,18.8000,18.7900,18.7900,1800,0
PFS.US,5,20131205,180500,18.7900,18.8000,18.7900,18.8000,1200,0
PFS.US,5,20131205,181000,18.7900,18.8000,18.7900,18.8000,5900,0
PFS.US,5,20131205,181500,18.7900,18.7900,18.7900,18.7900,175,0
PFS.US,5,20131205,182000,18.8000,18.8000,18.8000,18.8000,1200,0
PFS.US,5,20131205,182500,18.7900,18.8100,18.7900,18.8100,1700,0
PFS.US,5,20131205,183000,18.8100,18.8100,18.7900,18.8000,1400,0
PFS.US,5,20131205,183500,18.8000,18.8000,18.7900,18.8000,800,0
PFS.US,5,20131205,184000,18.8100,18.8100,18.8100,18.8100,200,0
PFS.US,5,20131205,184500,18.8100,18.8300,18.8100,18.8300,3600,0
PFS.US,5,20131205,185000,18.8300,18.8800,18.8300,18.8600,4401,0
PFS.US,5,20131205,185500,18.8700,18.8700,18.8400,18.8600,800,0
PFS.US,5,20131205,190000,18.8500,18.8700,18.8500,18.8700,1600,0
PFS.US,5,20131205,190500,18.8700,18.8700,18.8700,18.8700,700,0
PFS.US,5,20131205,191000,18.8700,18.8700,18.8600,18.8700,1000,0
PFS.US,5,20131205,191500,18.8700,18.8700,18.8600,18.8600,800,0
PFS.US,5,20131205,192000,18.8600,18.8600,18.8400,18.8400,2300,0
PFS.US,5,20131205,192500,18.8400,18.8500,18.8400,18.8400,500,0
PFS.US,5,20131205,193000,18.8400,18.8400,18.8200,18.8400,2330,0
PFS.US,5,20131205,193500,18.8400,18.8400,18.8400,18.8400,100,0
PFS.US,5,20131205,194500,18.8400,18.8500,18.8400,18.8400,1568,0
PFS.US,5,20131205,195000,18.8400,18.8400,18.8400,18.8400,200,0
PFS.US,5,20131205,195500,18.8400,18.8400,18.8200,18.8400,5400,0
PFS.US,5,20131205,200000,18.8400,18.8500,18.8400,18.8500,1200,0
PFS.US,5,20131205,200500,18.8500,18.8600,18.8500,18.8500,2961,0
PFS.US,5,20131205,201000,18.8500,18.8500,18.8500,18.8500,1898,0
PFS.US,5,20131205,201500,18.8500,18.8500,18.8400,18.8400,1500,0
PFS.US,5,20131205,202000,18.8300,18.8300,18.8300,18.8300,300,0
PFS.US,5,20131205,202500,18.8500,18.8500,18.8300,18.8300,200,0
PFS.US,5,20131205,203000,18.8300,18.8400,18.8200,18.8300,4500,0
PFS.US,5,20131205,203500,18.8400,18.8400,18.8300,18.8300,3500,0
PFS.US,5,20131205,204000,18.8300,18.8300,18.8200,18.8300,2396,0
PFS.US,5,20131205,204500,18.8300,18.8400,18.8200,18.8300,1400,0
PFS.US,5,20131205,205000,18.8300,18.8300,18.8300,18.8300,5658,0
PFS.US,5,20131205,205500,18.8300,18.8400,18.8300,18.8400,800,0
PFS.US,5,20131205,210000,18.8300,18.8300,18.8000,18.8100,2048,0
PFS.US,5,20131205,210500,18.8200,18.8300,18.8000,18.8200,3472,0
PFS.US,5,20131205,211000,18.8200,18.8200,18.8100,18.8100,2600,0
PFS.US,5,20131205,211500,18.8000,18.8000,18.7800,18.8000,1900,0
PFS.US,5,20131205,212000,18.8000,18.8100,18.8000,18.8100,200,0
PFS.US,5,20131205,212500,18.8000,18.8100,18.7900,18.8000,3400,0
PFS.US,5,20131205,213000,18.8000,18.8100,18.8000,18.8000,1223,0
PFS.US,5,20131205,213500,18.7900,18.8200,18.7900,18.8100,2385,0
PFS.US,5,20131205,214000,18.8200,18.8400,18.8100,18.8300,2032,0
PFS.US,5,20131205,214500,18.8200,18.8300,18.8100,18.8200,2404,0
PFS.US,5,20131205,215000,18.8200,18.8200,18.7900,18.8000,2703,0
PFS.US,5,20131205,215500,18.8000,18.8400,18.8000,18.8400,2600,0
PFS.US,5,20131205,220000,18.8400,18.8600,18.8300,18.8500,14762,0
PFS.US,5,20131205,220500,18.8600,18.8600,18.8600,18.8600,15784,0
PFS.US,5,20131206,153500,19.1000,19.1300,19.0200,19.0200,5415,0
PFS.US,5,20131206,154000,19.0900,19.1000,19.0700,19.0700,1102,0
PFS.US,5,20131206,154500,19.0500,19.0800,19.0500,19.0800,900,0
PFS.US,5,20131206,155000,19.0900,19.1000,19.0900,19.1000,1200,0
PFS.US,5,20131206,155500,19.0900,19.1500,19.0900,19.1500,2825,0
PFS.US,5,20131206,160000,19.1500,19.2600,19.1500,19.1600,1618,0
PFS.US,5,20131206,160500,19.1900,19.2100,19.1900,19.1900,1199,0
PFS.US,5,20131206,161000,19.1300,19.1700,19.1300,19.1600,1700,0
PFS.US,5,20131206,162000,19.1900,19.2000,19.1900,19.2000,2200,0
PFS.US,5,20131206,162500,19.2100,19.2100,19.1900,19.1900,1300,0
PFS.US,5,20131206,163000,19.1600,19.1600,19.1500,19.1500,300,0
PFS.US,5,20131206,163500,19.1400,19.1400,19.1400,19.1400,1000,0
PFS.US,5,20131206,164000,19.1800,19.2100,19.1800,19.1800,700,0
PFS.US,5,20131206,164500,19.1700,19.1800,19.1500,19.1500,800,0
PFS.US,5,20131206,165000,19.1500,19.1600,19.1500,19.1600,700,0
PFS.US,5,20131206,165500,19.1600,19.1600,19.1500,19.1500,500,0
PFS.US,5,20131206,170000,19.1500,19.2200,19.1500,19.2200,1200,0
PFS.US,5,20131206,170500,19.2200,19.2500,19.2200,19.2500,1800,0
PFS.US,5,20131206,171000,19.2400,19.2400,19.1900,19.2100,2000,0
PFS.US,5,20131206,171500,19.2100,19.2200,19.2100,19.2200,1400,0
PFS.US,5,20131206,172000,19.2200,19.2200,19.2200,19.2200,300,0
PFS.US,5,20131206,172500,19.2200,19.2200,19.2200,19.2200,500,0
PFS.US,5,20131206,173000,19.2300,19.2300,19.2200,19.2200,1100,0
PFS.US,5,20131206,173500,19.2200,19.2500,19.2100,19.2400,2298,0
PFS.US,5,20131206,174000,19.2600,19.2600,19.2300,19.2300,2123,0
PFS.US,5,20131206,174500,19.2200,19.2200,19.2200,19.2200,700,0
PFS.US,5,20131206,175000,19.2100,19.2600,19.2100,19.2500,1900,0
PFS.US,5,20131206,175500,19.2500,19.2900,19.2500,19.2500,2500,0
PFS.US,5,20131206,180000,19.2500,19.2800,19.2500,19.2700,900,0
PFS.US,5,20131206,180500,19.2800,19.2800,19.2700,19.2800,1300,0
PFS.US,5,20131206,181000,19.2700,19.2800,19.2700,19.2800,200,0
PFS.US,5,20131206,181500,19.2800,19.2900,19.2800,19.2900,1100,0
PFS.US,5,20131206,182000,19.2800,19.2800,19.2700,19.2700,800,0
PFS.US,5,20131206,182500,19.2800,19.2800,19.2800,19.2800,1600,0
PFS.US,5,20131206,183000,19.2900,19.3000,19.2900,19.3000,1442,0
PFS.US,5,20131206,183500,19.2900,19.3000,19.2900,19.3000,3800,0
PFS.US,5,20131206,184000,19.3000,19.3300,19.2900,19.3300,3337,0
PFS.US,5,20131206,184500,19.3500,19.3600,19.3300,19.3600,2000,0
PFS.US,5,20131206,185000,19.3600,19.3600,19.3600,19.3600,1100,0
PFS.US,5,20131206,185500,19.3600,19.3600,19.3500,19.3500,1421,0
PFS.US,5,20131206,190000,19.3600,19.3800,19.3600,19.3800,1800,0
PFS.US,5,20131206,190500,19.4000,19.4000,19.3900,19.3900,1300,0
PFS.US,5,20131206,191000,19.3800,19.3800,19.3600,19.3600,1300,0
PFS.US,5,20131206,191500,19.3500,19.3500,19.3400,19.3400,1349,0
PFS.US,5,20131206,192000,19.3500,19.3700,19.3500,19.3700,1139,0
PFS.US,5,20131206,192500,19.3800,19.3800,19.3800,19.3800,1300,0
PFS.US,5,20131206,193000,19.3800,19.3900,19.3800,19.3900,2915,0
PFS.US,5,20131206,193500,19.3900,19.3900,19.3900,19.3900,200,0
PFS.US,5,20131206,194000,19.3900,19.4000,19.3600,19.3600,22080,0
PFS.US,5,20131206,194500,19.3600,19.3800,19.3600,19.3700,3800,0
PFS.US,5,20131206,195000,19.3800,19.3800,19.3600,19.3600,2300,0
PFS.US,5,20131206,195500,19.3600,19.3600,19.3500,19.3500,3100,0
PFS.US,5,20131206,200000,19.3500,19.3500,19.3400,19.3400,2900,0
PFS.US,5,20131206,200500,19.3400,19.3400,19.3300,19.3300,200,0
PFS.US,5,20131206,201000,19.3400,19.3700,19.3400,19.3700,900,0
PFS.US,5,20131206,201500,19.3800,19.3800,19.3700,19.3800,3438,0
PFS.US,5,20131206,202000,19.3700,19.3700,19.3600,19.3600,1400,0
PFS.US,5,20131206,202500,19.3500,19.3500,19.3400,19.3400,1100,0
PFS.US,5,20131206,203000,19.3300,19.3400,19.3300,19.3400,1625,0
PFS.US,5,20131206,203500,19.3500,19.3500,19.3500,19.3500,1199,0
PFS.US,5,20131206,204000,19.3500,19.3500,19.3400,19.3400,1100,0
PFS.US,5,20131206,204500,19.3400,19.3400,19.3400,19.3400,900,0
PFS.US,5,20131206,205000,19.3400,19.3500,19.3400,19.3500,800,0
PFS.US,5,20131206,205500,19.3500,19.3600,19.3400,19.3400,3000,0
PFS.US,5,20131206,210000,19.3200,19.3300,19.3200,19.3300,1400,0
PFS.US,5,20131206,210500,19.3300,19.3300,19.3300,19.3300,405,0
PFS.US,5,20131206,211000,19.3300,19.3300,19.3200,19.3200,200,0
PFS.US,5,20131206,211500,19.3200,19.3200,19.3000,19.3000,1500,0
PFS.US,5,20131206,212000,19.3000,19.3000,19.2800,19.2800,4700,0
PFS.US,5,20131206,212500,19.2800,19.2800,19.2800,19.2800,1400,0
PFS.US,5,20131206,213000,19.2900,19.3000,19.2900,19.2900,2404,0
PFS.US,5,20131206,213500,19.2900,19.3000,19.2900,19.3000,2699,0
PFS.US,5,20131206,214000,19.3100,19.3100,19.3100,19.3100,300,0
PFS.US,5,20131206,214500,19.3100,19.3200,19.3000,19.3200,1600,0
PFS.US,5,20131206,215000,19.3100,19.3200,19.3100,19.3200,1000,0
PFS.US,5,20131206,215500,19.3200,19.3400,19.3200,19.3400,3500,0
PFS.US,5,20131206,220000,19.3300,19.3300,19.2800,19.3000,12442,0
PFS.US,5,20131206,220500,19.3100,19.3100,19.3100,19.3100,5072,0
PFS.US,5,20131209,153500,19.3000,19.3000,19.2300,19.2300,1101,0
PFS.US,5,20131209,154000,19.2600,19.2600,19.2600,19.2600,100,0
PFS.US,5,20131209,154500,19.2600,19.2600,19.2200,19.2300,1600,0
PFS.US,5,20131209,155000,19.2400,19.2600,19.2400,19.2500,1000,0
PFS.US,5,20131209,155500,19.2500,19.2500,19.1500,19.1500,3100,0
PFS.US,5,20131209,160000,19.1300,19.1500,19.1300,19.1400,4600,0
PFS.US,5,20131209,160500,19.1500,19.1500,19.1100,19.1100,3666,0
PFS.US,5,20131209,161000,19.0700,19.0700,19.0300,19.0300,1700,0
PFS.US,5,20131209,161500,19.0100,19.1000,19.0100,19.0900,2096,0
PFS.US,5,20131209,162000,19.0300,19.0400,19.0200,19.0400,1200,0
PFS.US,5,20131209,162500,19.0400,19.0400,19.0200,19.0300,1000,0
PFS.US,5,20131209,163000,19.0300,19.0700,19.0000,19.0700,1300,0
PFS.US,5,20131209,163500,19.0600,19.0600,19.0200,19.0200,300,0
PFS.US,5,20131209,164000,19.0200,19.0400,19.0100,19.0200,1900,0
PFS.US,5,20131209,164500,19.0100,19.0100,19.0100,19.0100,100,0
PFS.US,5,20131209,165000,19.0100,19.0100,19.0100,19.0100,700,0
PFS.US,5,20131209,165500,19.0200,19.0200,19.0200,19.0200,600,0
PFS.US,5,20131209,170000,19.0200,19.0200,19.0200,19.0200,600,0
PFS.US,5,20131209,170500,19.0100,19.0100,19.0100,19.0100,100,0
PFS.US,5,20131209,171000,19.0200,19.0200,19.0100,19.0200,1200,0
PFS.US,5,20131209,171500,19.0200,19.0500,19.0200,19.0500,2500,0
PFS.US,5,20131209,172000,19.0500,19.0600,19.0500,19.0600,1400,0
PFS.US,5,20131209,172500,19.0700,19.0900,19.0200,19.0800,6870,0
PFS.US,5,20131209,173000,19.0700,19.0800,19.0700,19.0700,1400,0
PFS.US,5,20131209,173500,19.0900,19.0900,19.0700,19.0700,600,0
PFS.US,5,20131209,174000,19.0700,19.0700,19.0700,19.0700,900,0
PFS.US,5,20131209,174500,19.1000,19.1000,19.1000,19.1000,200,0
PFS.US,5,20131209,175000,19.1000,19.1200,19.0900,19.1200,1900,0
PFS.US,5,20131209,175500,19.1300,19.1400,19.1200,19.1400,600,0
PFS.US,5,20131209,180000,19.1400,19.1500,19.1400,19.1500,200,0
PFS.US,5,20131209,180500,19.1500,19.1500,19.1400,19.1400,900,0
PFS.US,5,20131209,181000,19.1300,19.1400,19.1300,19.1400,700,0
PFS.US,5,20131209,181500,19.1400,19.1400,19.1400,19.1400,700,0
PFS.US,5,20131209,182000,19.1300,19.1300,19.1100,19.1300,1800,0
PFS.US,5,20131209,182500,19.1300,19.1300,19.1300,19.1300,400,0
PFS.US,5,20131209,183000,19.1400,19.1500,19.1400,19.1400,1200,0
PFS.US,5,20131209,183500,19.1100,19.1200,19.1100,19.1200,400,0
PFS.US,5,20131209,184000,19.1300,19.1300,19.1300,19.1300,400,0
PFS.US,5,20131209,184500,19.1400,19.1400,19.1300,19.1300,300,0
PFS.US,5,20131209,185000,19.1500,19.1600,19.1400,19.1400,2800,0
PFS.US,5,20131209,185500,19.1300,19.1300,19.1300,19.1300,500,0
PFS.US,5,20131209,190000,19.1300,19.1300,19.1300,19.1300,100,0
PFS.US,5,20131209,190500,19.1300,19.1300,19.1200,19.1200,400,0
PFS.US,5,20131209,191000,19.1200,19.1200,19.1200,19.1200,200,0
PFS.US,5,20131209,192000,19.1100,19.1100,19.1100,19.1100,500,0
PFS.US,5,20131209,192500,19.1200,19.1500,19.1200,19.1500,3618,0
PFS.US,5,20131209,193000,19.1600,19.1600,19.1400,19.1400,1214,0
PFS.US,5,20131209,193500,19.1300,19.1400,19.1300,19.1400,200,0
PFS.US,5,20131209,194000,19.1400,19.1400,19.1300,19.1300,900,0
PFS.US,5,20131209,194500,19.1200,19.1200,19.1200,19.1200,900,0
PFS.US,5,20131209,195000,19.1200,19.1200,19.1200,19.1200,100,0
PFS.US,5,20131209,195500,19.1300,19.1300,19.1000,19.1000,1100,0
PFS.US,5,20131209,200000,19.0900,19.0900,19.0800,19.0800,500,0
PFS.US,5,20131209,200500,19.0800,19.0900,19.0800,19.0900,900,0
PFS.US,5,20131209,201000,19.0900,19.1000,19.0800,19.1000,4873,0
PFS.US,5,20131209,201500,19.1000,19.1100,19.1000,19.1000,1300,0
PFS.US,5,20131209,202500,19.1000,19.1000,19.1000,19.1000,1917,0
PFS.US,5,20131209,203000,19.1000,19.1100,19.0900,19.1100,1500,0
PFS.US,5,20131209,203500,19.1100,19.1300,19.1100,19.1300,700,0
PFS.US,5,20131209,204000,19.1300,19.1300,19.1100,19.1100,2200,0
PFS.US,5,20131209,204500,19.1100,19.1100,19.1100,19.1100,100,0
PFS.US,5,20131209,205000,19.1100,19.1100,19.0900,19.0900,2500,0
PFS.US,5,20131209,205500,19.0900,19.0900,19.0900,19.0900,400,0
PFS.US,5,20131209,210000,19.1000,19.1000,19.0900,19.0900,500,0
PFS.US,5,20131209,210500,19.0900,19.0900,19.0900,19.0900,400,0
PFS.US,5,20131209,211000,19.0900,19.0900,19.0700,19.0700,1800,0
PFS.US,5,20131209,211500,19.0700,19.0700,19.0700,19.0700,800,0
PFS.US,5,20131209,212000,19.0700,19.0800,19.0700,19.0800,700,0
PFS.US,5,20131209,212500,19.0700,19.0700,19.0600,19.0600,2100,0
PFS.US,5,20131209,213000,19.0600,19.0600,19.0400,19.0500,2400,0
PFS.US,5,20131209,213500,19.0500,19.0500,19.0300,19.0300,1600,0
PFS.US,5,20131209,214000,19.0300,19.0300,19.0300,19.0300,1200,0
PFS.US,5,20131209,214500,19.0300,19.0500,19.0300,19.0500,4200,0
PFS.US,5,20131209,215000,19.0600,19.1100,19.0600,19.1100,4200,0
PFS.US,5,20131209,215500,19.1200,19.1600,19.1200,19.1500,7300,0
PFS.US,5,20131209,220000,19.1600,19.1700,19.1300,19.1500,19572,0
PFS.US,5,20131209,220500,19.1400,19.1400,19.1400,19.1400,48258,0
