<TICKER>,<PER>,<DTYYYYMMDD>,<TIME>,<OPEN>,<HIGH>,<LOW>,<CLOSE>,<VOL>,<OPENINT>
PGI.US,5,20131112,154500,9.4100,9.4100,9.4000,9.4000,500,0
PGI.US,5,20131112,155000,9.4300,9.4800,9.4300,9.4600,1400,0
PGI.US,5,20131112,155500,9.4700,9.4700,9.4700,9.4700,300,0
PGI.US,5,20131112,160500,9.4800,9.4800,9.4500,9.4500,800,0
PGI.US,5,20131112,162000,9.4500,9.4600,9.4300,9.4300,1500,0
PGI.US,5,20131112,162500,9.4400,9.4400,9.4300,9.4300,1700,0
PGI.US,5,20131112,163000,9.4200,9.4400,9.4200,9.4300,300,0
PGI.US,5,20131112,163500,9.4400,9.4400,9.4000,9.4400,900,0
PGI.US,5,20131112,164000,9.4600,9.4600,9.4600,9.4600,100,0
PGI.US,5,20131112,164500,9.4400,9.4400,9.4200,9.4200,200,0
PGI.US,5,20131112,165000,9.4200,9.4400,9.4200,9.4200,300,0
PGI.US,5,20131112,165500,9.4500,9.4500,9.4300,9.4400,400,0
PGI.US,5,20131112,170000,9.4300,9.4300,9.4300,9.4300,100,0
PGI.US,5,20131112,170500,9.4000,9.4100,9.3900,9.4000,3700,0
PGI.US,5,20131112,171000,9.4000,9.4300,9.4000,9.4000,400,0
PGI.US,5,20131112,171500,9.3800,9.4100,9.3800,9.3900,500,0
PGI.US,5,20131112,172000,9.4000,9.4200,9.4000,9.4200,400,0
PGI.US,5,20131112,172500,9.4000,9.4200,9.4000,9.4000,1100,0
PGI.US,5,20131112,173000,9.4000,9.4000,9.3700,9.3700,300,0
PGI.US,5,20131112,173500,9.3800,9.3800,9.3800,9.3800,800,0
PGI.US,5,20131112,174000,9.3800,9.3800,9.3700,9.3700,1000,0
PGI.US,5,20131112,174500,9.3700,9.3700,9.3500,9.3500,800,0
PGI.US,5,20131112,175000,9.3500,9.3700,9.3500,9.3700,300,0
PGI.US,5,20131112,175500,9.3500,9.3700,9.3500,9.3600,600,0
PGI.US,5,20131112,180000,9.3600,9.3700,9.3600,9.3700,900,0
PGI.US,5,20131112,180500,9.3800,9.3800,9.3800,9.3800,100,0
PGI.US,5,20131112,181000,9.3500,9.3500,9.3200,9.3200,1200,0
PGI.US,5,20131112,181500,9.3100,9.3100,9.3100,9.3100,100,0
PGI.US,5,20131112,182000,9.3400,9.3500,9.3300,9.3500,1800,0
PGI.US,5,20131112,182500,9.3400,9.3600,9.3400,9.3600,200,0
PGI.US,5,20131112,183000,9.3500,9.3500,9.3500,9.3500,100,0
PGI.US,5,20131112,183500,9.3500,9.3600,9.3300,9.3300,2900,0
PGI.US,5,20131112,184500,9.3100,9.3300,9.3100,9.3300,400,0
PGI.US,5,20131112,185000,9.3300,9.3500,9.3200,9.3500,1700,0
PGI.US,5,20131112,185500,9.3600,9.3600,9.3500,9.3500,317,0
PGI.US,5,20131112,190000,9.3400,9.3400,9.3400,9.3400,100,0
PGI.US,5,20131112,190500,9.3400,9.3400,9.3200,9.3300,1300,0
PGI.US,5,20131112,191000,9.3000,9.3400,9.3000,9.3400,600,0
PGI.US,5,20131112,191500,9.3300,9.3400,9.3300,9.3400,400,0
PGI.US,5,20131112,192000,9.3400,9.3400,9.3400,9.3400,300,0
PGI.US,5,20131112,192500,9.3500,9.3500,9.3500,9.3500,100,0
PGI.US,5,20131112,193000,9.3500,9.3500,9.3500,9.3500,100,0
PGI.US,5,20131112,193500,9.3400,9.3400,9.3300,9.3300,1600,0
PGI.US,5,20131112,194000,9.3400,9.3400,9.3400,9.3400,100,0
PGI.US,5,20131112,194500,9.3400,9.3400,9.3300,9.3400,1300,0
PGI.US,5,20131112,195000,9.3400,9.3400,9.3400,9.3400,100,0
PGI.US,5,20131112,195500,9.3400,9.3400,9.3400,9.3400,100,0
PGI.US,5,20131112,200000,9.3500,9.3500,9.3400,9.3400,200,0
PGI.US,5,20131112,200500,9.3500,9.3500,9.3400,9.3500,300,0
PGI.US,5,20131112,201000,9.3400,9.3400,9.3300,9.3400,1000,0
PGI.US,5,20131112,201500,9.3400,9.3400,9.3400,9.3400,100,0
PGI.US,5,20131112,202000,9.3300,9.3300,9.3300,9.3300,100,0
PGI.US,5,20131112,202500,9.3400,9.3400,9.3400,9.3400,2400,0
PGI.US,5,20131112,203000,9.3300,9.3500,9.3300,9.3500,400,0
PGI.US,5,20131112,203500,9.3300,9.3500,9.3300,9.3300,500,0
PGI.US,5,20131112,204000,9.3400,9.3400,9.3300,9.3400,700,0
PGI.US,5,20131112,204500,9.3300,9.3400,9.3300,9.3400,400,0
PGI.US,5,20131112,205000,9.3400,9.3400,9.3300,9.3300,500,0
PGI.US,5,20131112,205500,9.3400,9.3400,9.3400,9.3400,400,0
PGI.US,5,20131112,210000,9.3400,9.3500,9.3400,9.3500,300,0
PGI.US,5,20131112,210500,9.3500,9.3600,9.3500,9.3600,1600,0
PGI.US,5,20131112,211000,9.3600,9.3600,9.3600,9.3600,300,0
PGI.US,5,20131112,211500,9.3600,9.3600,9.3500,9.3500,1200,0
PGI.US,5,20131112,212500,9.3600,9.3600,9.3500,9.3500,500,0
PGI.US,5,20131112,213000,9.3500,9.3600,9.3300,9.3400,2200,0
PGI.US,5,20131112,213500,9.3200,9.3200,9.3200,9.3200,100,0
PGI.US,5,20131112,214000,9.3500,9.3700,9.3500,9.3700,6400,0
PGI.US,5,20131112,214500,9.3700,9.3800,9.3600,9.3700,2000,0
PGI.US,5,20131112,215000,9.3800,9.3800,9.3600,9.3700,2800,0
PGI.US,5,20131112,215500,9.3700,9.3700,9.3600,9.3700,4000,0
PGI.US,5,20131112,220000,9.3600,9.3800,9.3500,9.3800,11948,0
PGI.US,5,20131112,220500,9.3800,9.3800,9.3800,9.3800,9169,0
PGI.US,5,20131113,153500,9.3400,9.3400,9.3400,9.3400,200,0
PGI.US,5,20131113,154000,9.3400,9.3400,9.3400,9.3400,200,0
PGI.US,5,20131113,154500,9.3300,9.3400,9.3300,9.3300,400,0
PGI.US,5,20131113,155000,9.3300,9.3300,9.3000,9.3000,500,0
PGI.US,5,20131113,155500,9.2800,9.2800,9.2800,9.2800,100,0
PGI.US,5,20131113,160000,9.2800,9.2800,9.2400,9.2600,2000,0
PGI.US,5,20131113,160500,9.2600,9.3100,9.2500,9.2600,5877,0
PGI.US,5,20131113,161000,9.2600,9.2600,9.2000,9.2000,3100,0
PGI.US,5,20131113,161500,9.2000,9.2200,9.2000,9.2200,3033,0
PGI.US,5,20131113,162000,9.2100,9.2700,9.2100,9.2500,7415,0
PGI.US,5,20131113,162500,9.2500,9.2500,9.1900,9.1900,1800,0
PGI.US,5,20131113,163000,9.2200,9.2300,9.2200,9.2300,1200,0
PGI.US,5,20131113,164000,9.2200,9.2200,9.2200,9.2200,500,0
PGI.US,5,20131113,165000,9.2300,9.2300,9.2200,9.2200,1800,0
PGI.US,5,20131113,165500,9.2200,9.2200,9.2100,9.2100,700,0
PGI.US,5,20131113,170000,9.2100,9.2300,9.2100,9.2200,1700,0
PGI.US,5,20131113,170500,9.2200,9.2200,9.1900,9.2200,2100,0
PGI.US,5,20131113,171000,9.2200,9.2200,9.2100,9.2200,500,0
PGI.US,5,20131113,171500,9.2100,9.2200,9.2000,9.2000,1300,0
PGI.US,5,20131113,172000,9.2000,9.2000,9.2000,9.2000,100,0
PGI.US,5,20131113,172500,9.2000,9.2100,9.2000,9.2000,800,0
PGI.US,5,20131113,173000,9.1800,9.2000,9.1800,9.2000,300,0
PGI.US,5,20131113,174000,9.1900,9.1900,9.1500,9.1600,600,0
PGI.US,5,20131113,174500,9.1600,9.1600,9.1600,9.1600,900,0
PGI.US,5,20131113,175500,9.1700,9.1700,9.1600,9.1700,1000,0
PGI.US,5,20131113,180000,9.1800,9.1800,9.1400,9.1400,12600,0
PGI.US,5,20131113,180500,9.1300,9.1300,9.1300,9.1300,500,0
PGI.US,5,20131113,181000,9.1200,9.1200,9.1200,9.1200,700,0
PGI.US,5,20131113,181500,9.1300,9.1300,9.1200,9.1300,600,0
PGI.US,5,20131113,182000,9.1600,9.1600,9.1500,9.1500,300,0
PGI.US,5,20131113,183000,9.1600,9.1600,9.1600,9.1600,100,0
PGI.US,5,20131113,184000,9.1700,9.1900,9.1600,9.1700,6600,0
PGI.US,5,20131113,184500,9.1600,9.1600,9.1500,9.1500,300,0
PGI.US,5,20131113,185000,9.1500,9.1500,9.1500,9.1500,400,0
PGI.US,5,20131113,185500,9.1400,9.1400,9.1400,9.1400,100,0
PGI.US,5,20131113,190000,9.1400,9.1500,9.1400,9.1500,200,0
PGI.US,5,20131113,190500,9.1600,9.1600,9.1500,9.1500,300,0
PGI.US,5,20131113,191000,9.1500,9.1500,9.1500,9.1500,500,0
PGI.US,5,20131113,191500,9.1500,9.1600,9.1500,9.1500,612,0
PGI.US,5,20131113,192000,9.1500,9.1700,9.1500,9.1700,1600,0
PGI.US,5,20131113,192500,9.1800,9.1900,9.1700,9.1800,500,0
PGI.US,5,20131113,193000,9.1800,9.1900,9.1800,9.1900,700,0
PGI.US,5,20131113,193500,9.2000,9.2000,9.1700,9.1700,1700,0
PGI.US,5,20131113,194500,9.2000,9.2000,9.2000,9.2000,1000,0
PGI.US,5,20131113,195000,9.2100,9.2100,9.1900,9.1900,568,0
PGI.US,5,20131113,200000,9.1900,9.1900,9.1800,9.1800,500,0
PGI.US,5,20131113,200500,9.1900,9.1900,9.1900,9.1900,800,0
PGI.US,5,20131113,201000,9.2000,9.2200,9.2000,9.2000,600,0
PGI.US,5,20131113,201500,9.1900,9.2000,9.1900,9.2000,200,0
PGI.US,5,20131113,202500,9.1900,9.1900,9.1900,9.1900,100,0
PGI.US,5,20131113,203000,9.1900,9.1900,9.1900,9.1900,300,0
PGI.US,5,20131113,204000,9.1900,9.1900,9.1900,9.1900,100,0
PGI.US,5,20131113,204500,9.1900,9.2000,9.1800,9.1800,2100,0
PGI.US,5,20131113,205000,9.1900,9.1900,9.1800,9.1800,500,0
PGI.US,5,20131113,205500,9.1800,9.1800,9.1600,9.1700,3401,0
PGI.US,5,20131113,210000,9.1700,9.2100,9.1600,9.2000,2000,0
PGI.US,5,20131113,210500,9.2100,9.2100,9.1800,9.1800,700,0
PGI.US,5,20131113,211000,9.1800,9.1900,9.1800,9.1900,300,0
PGI.US,5,20131113,211500,9.1900,9.1900,9.1900,9.1900,200,0
PGI.US,5,20131113,212000,9.1900,9.2000,9.1900,9.1900,600,0
PGI.US,5,20131113,212500,9.1900,9.1900,9.1900,9.1900,200,0
PGI.US,5,20131113,213000,9.2000,9.2200,9.1800,9.2200,1662,0
PGI.US,5,20131113,213500,9.2200,9.2400,9.2200,9.2300,1000,0
PGI.US,5,20131113,214000,9.2200,9.2300,9.2200,9.2300,900,0
PGI.US,5,20131113,214500,9.2200,9.2300,9.2200,9.2200,1700,0
PGI.US,5,20131113,215000,9.2200,9.2300,9.2200,9.2300,1410,0
PGI.US,5,20131113,215500,9.2200,9.2300,9.2100,9.2100,11148,0
PGI.US,5,20131113,220000,9.2100,9.2300,9.1800,9.2300,10423,0
PGI.US,5,20131113,220500,9.2200,9.2200,9.2200,9.2200,10989,0
PGI.US,5,20131114,153500,9.1700,9.1800,9.1700,9.1800,300,0
PGI.US,5,20131114,160000,9.1400,9.1500,9.1400,9.1500,1000,0
PGI.US,5,20131114,160500,9.1500,9.1500,9.1400,9.1500,3500,0
PGI.US,5,20131114,161500,9.1500,9.1500,9.1100,9.1100,200,0
PGI.US,5,20131114,162000,9.1500,9.1600,9.1000,9.1000,4400,0
PGI.US,5,20131114,162500,9.1200,9.1200,9.1100,9.1100,200,0
PGI.US,5,20131114,163000,9.1200,9.1200,9.1200,9.1200,400,0
PGI.US,5,20131114,163500,9.1000,9.1000,9.1000,9.1000,1100,0
PGI.US,5,20131114,164000,9.1000,9.1000,9.1000,9.1000,200,0
PGI.US,5,20131114,164500,9.1000,9.1000,9.1000,9.1000,200,0
PGI.US,5,20131114,165000,9.1000,9.1000,9.1000,9.1000,200,0
PGI.US,5,20131114,165500,9.1000,9.1000,9.1000,9.1000,300,0
PGI.US,5,20131114,170000,9.1000,9.1000,9.1000,9.1000,1800,0
PGI.US,5,20131114,170500,9.0900,9.1100,9.0900,9.1000,600,0
PGI.US,5,20131114,171000,9.0900,9.1000,9.0900,9.1000,800,0
PGI.US,5,20131114,171500,9.1100,9.1100,9.1000,9.1000,2000,0
PGI.US,5,20131114,172000,9.1100,9.1100,9.1000,9.1100,1200,0
PGI.US,5,20131114,172500,9.1000,9.1100,9.0700,9.0700,12401,0
PGI.US,5,20131114,173000,9.0600,9.0800,9.0500,9.0800,2600,0
PGI.US,5,20131114,173500,9.0800,9.0900,9.0800,9.0800,1000,0
PGI.US,5,20131114,174000,9.0800,9.0800,9.0500,9.0600,3329,0
PGI.US,5,20131114,174500,9.1000,9.1000,9.1000,9.1000,100,0
PGI.US,5,20131114,175000,9.0600,9.0700,9.0600,9.0700,200,0
PGI.US,5,20131114,175500,9.0900,9.1100,9.0900,9.1100,300,0
PGI.US,5,20131114,180000,9.1000,9.1000,9.1000,9.1000,100,0
PGI.US,5,20131114,180500,9.1000,9.1000,9.1000,9.1000,100,0
PGI.US,5,20131114,181000,9.1000,9.1000,9.0600,9.0800,1900,0
PGI.US,5,20131114,181500,9.0900,9.1000,9.0900,9.0900,1300,0
PGI.US,5,20131114,182000,9.0800,9.0800,9.0500,9.0500,300,0
PGI.US,5,20131114,182500,9.0500,9.0500,9.0500,9.0500,100,0
PGI.US,5,20131114,183000,9.0800,9.0800,9.0800,9.0800,700,0
PGI.US,5,20131114,183500,9.0800,9.0800,9.0500,9.0500,3500,0
PGI.US,5,20131114,184000,9.0800,9.1100,9.0700,9.1100,1200,0
PGI.US,5,20131114,185000,9.1100,9.1200,9.1000,9.1000,1500,0
PGI.US,5,20131114,185500,9.1000,9.1000,9.0700,9.0700,6394,0
PGI.US,5,20131114,190000,9.0700,9.0800,9.0600,9.0600,600,0
PGI.US,5,20131114,190500,9.0700,9.0700,9.0700,9.0700,100,0
PGI.US,5,20131114,191000,9.0800,9.0800,9.0800,9.0800,300,0
PGI.US,5,20131114,192000,9.0600,9.0700,9.0600,9.0600,1104,0
PGI.US,5,20131114,192500,9.0900,9.0900,9.0700,9.0700,500,0
PGI.US,5,20131114,194000,9.0800,9.0800,9.0800,9.0800,300,0
PGI.US,5,20131114,194500,9.0800,9.0800,9.0800,9.0800,400,0
PGI.US,5,20131114,195000,9.0900,9.0900,9.0800,9.0800,400,0
PGI.US,5,20131114,195500,9.0900,9.0900,9.0900,9.0900,100,0
PGI.US,5,20131114,200000,9.0800,9.0800,9.0800,9.0800,200,0
PGI.US,5,20131114,200500,9.0800,9.1000,9.0600,9.0600,800,0
PGI.US,5,20131114,201000,9.0700,9.1000,9.0700,9.0700,700,0
PGI.US,5,20131114,201500,9.0700,9.0800,9.0700,9.0700,1800,0
PGI.US,5,20131114,202000,9.0700,9.1000,9.0700,9.0700,1400,0
PGI.US,5,20131114,202500,9.0800,9.1000,9.0700,9.0900,3000,0
PGI.US,5,20131114,203000,9.1100,9.1100,9.1000,9.1000,600,0
PGI.US,5,20131114,203500,9.1000,9.1200,9.1000,9.1000,11600,0
PGI.US,5,20131114,204000,9.1000,9.1000,9.1000,9.1000,1450,0
PGI.US,5,20131114,204500,9.1000,9.1100,9.1000,9.1000,1200,0
PGI.US,5,20131114,205000,9.1000,9.1000,9.1000,9.1000,400,0
PGI.US,5,20131114,205500,9.1000,9.1000,9.1000,9.1000,1800,0
PGI.US,5,20131114,210000,9.1000,9.1100,9.1000,9.1000,800,0
PGI.US,5,20131114,210500,9.1000,9.1100,9.1000,9.1000,900,0
PGI.US,5,20131114,211000,9.1000,9.1100,9.1000,9.1000,1100,0
PGI.US,5,20131114,211500,9.1000,9.1200,9.1000,9.1200,2475,0
PGI.US,5,20131114,212000,9.1200,9.1300,9.1200,9.1200,1300,0
PGI.US,5,20131114,212500,9.1300,9.1600,9.1200,9.1600,9000,0
PGI.US,5,20131114,213000,9.1500,9.1600,9.1500,9.1600,1100,0
PGI.US,5,20131114,213500,9.1600,9.1600,9.1600,9.1600,300,0
PGI.US,5,20131114,214000,9.1600,9.1600,9.1500,9.1600,1600,0
PGI.US,5,20131114,214500,9.1600,9.1600,9.1500,9.1500,3500,0
PGI.US,5,20131114,215000,9.1600,9.1900,9.1600,9.1800,5700,0
PGI.US,5,20131114,215500,9.1900,9.1900,9.1800,9.1900,4600,0
PGI.US,5,20131114,220000,9.1900,9.2100,9.1900,9.2000,16453,0
PGI.US,5,20131114,220500,9.2000,9.2000,9.2000,9.2000,4305,0
PGI.US,5,20131115,154000,9.2000,9.2000,9.2000,9.2000,200,0
PGI.US,5,20131115,154500,9.1800,9.1800,9.1700,9.1800,600,0
PGI.US,5,20131115,155500,9.1800,9.1900,9.1800,9.1900,2730,0
PGI.US,5,20131115,160000,9.1900,9.2100,9.1800,9.2000,21400,0
PGI.US,5,20131115,160500,9.2000,9.2000,9.1900,9.2000,1900,0
PGI.US,5,20131115,161500,9.2000,9.2000,9.1900,9.2000,1200,0
PGI.US,5,20131115,162000,9.2000,9.2100,9.2000,9.2000,2500,0
PGI.US,5,20131115,162500,9.2000,9.2000,9.1600,9.1600,13224,0
PGI.US,5,20131115,163000,9.1600,9.1600,9.1500,9.1600,1100,0
PGI.US,5,20131115,163500,9.1600,9.1600,9.1600,9.1600,200,0
PGI.US,5,20131115,164000,9.1600,9.1600,9.1400,9.1500,700,0
PGI.US,5,20131115,164500,9.1500,9.1500,9.1500,9.1500,600,0
PGI.US,5,20131115,165000,9.1400,9.1400,9.1200,9.1200,19700,0
PGI.US,5,20131115,165500,9.1200,9.1300,9.1200,9.1300,1500,0
PGI.US,5,20131115,170000,9.1300,9.1400,9.1200,9.1400,2400,0
PGI.US,5,20131115,170500,9.1400,9.2100,9.1400,9.2100,800,0
PGI.US,5,20131115,171000,9.2100,9.2100,9.2100,9.2100,100,0
PGI.US,5,20131115,171500,9.2200,9.2200,9.1900,9.1900,900,0
PGI.US,5,20131115,172000,9.2000,9.2000,9.1700,9.1700,1100,0
PGI.US,5,20131115,172500,9.1700,9.1700,9.1700,9.1700,200,0
PGI.US,5,20131115,173000,9.1700,9.1800,9.1700,9.1800,400,0
PGI.US,5,20131115,173500,9.1700,9.1800,9.1700,9.1800,2000,0
PGI.US,5,20131115,174000,9.1800,9.1800,9.1800,9.1800,200,0
PGI.US,5,20131115,174500,9.1700,9.2000,9.1700,9.1900,5800,0
PGI.US,5,20131115,175000,9.1900,9.1900,9.1900,9.1900,100,0
PGI.US,5,20131115,175500,9.1900,9.2100,9.1900,9.2100,1300,0
PGI.US,5,20131115,180000,9.2200,9.2300,9.2200,9.2300,200,0
PGI.US,5,20131115,180500,9.2400,9.2400,9.2400,9.2400,100,0
PGI.US,5,20131115,181000,9.2100,9.2200,9.2100,9.2200,1300,0
PGI.US,5,20131115,181500,9.2400,9.2400,9.2100,9.2100,600,0
PGI.US,5,20131115,182000,9.2200,9.2200,9.2200,9.2200,600,0
PGI.US,5,20131115,182500,9.2100,9.2100,9.1900,9.1900,3770,0
PGI.US,5,20131115,183000,9.2000,9.2000,9.2000,9.2000,200,0
PGI.US,5,20131115,183500,9.2100,9.2100,9.2000,9.2000,400,0
PGI.US,5,20131115,184000,9.2000,9.2100,9.2000,9.2100,1500,0
PGI.US,5,20131115,184500,9.2200,9.2200,9.2100,9.2100,600,0
PGI.US,5,20131115,185000,9.2100,9.2100,9.2000,9.2100,1200,0
PGI.US,5,20131115,185500,9.2100,9.2100,9.2000,9.2100,1000,0
PGI.US,5,20131115,190000,9.2100,9.2100,9.2000,9.2000,1974,0
PGI.US,5,20131115,190500,9.2100,9.2100,9.2100,9.2100,200,0
PGI.US,5,20131115,191000,9.2100,9.2300,9.2100,9.2300,2700,0
PGI.US,5,20131115,191500,9.2300,9.2300,9.2100,9.2100,15926,0
PGI.US,5,20131115,192000,9.2000,9.2100,9.1900,9.2000,4300,0
PGI.US,5,20131115,193000,9.1900,9.2100,9.1900,9.2100,600,0
PGI.US,5,20131115,193500,9.2100,9.2100,9.1900,9.2100,600,0
PGI.US,5,20131115,194000,9.1900,9.2000,9.1900,9.2000,500,0
PGI.US,5,20131115,194500,9.2000,9.2100,9.1900,9.2100,1300,0
PGI.US,5,20131115,195000,9.2000,9.2100,9.2000,9.2000,400,0
PGI.US,5,20131115,195500,9.2000,9.2100,9.2000,9.2100,1100,0
PGI.US,5,20131115,200000,9.2000,9.2100,9.1900,9.1900,4800,0
PGI.US,5,20131115,200500,9.1900,9.2000,9.1900,9.2000,600,0
PGI.US,5,20131115,201000,9.2000,9.2100,9.2000,9.2100,2300,0
PGI.US,5,20131115,201500,9.2100,9.2100,9.1900,9.1900,1500,0
PGI.US,5,20131115,202000,9.2100,9.2300,9.2100,9.2100,10719,0
PGI.US,5,20131115,202500,9.2100,9.2100,9.2100,9.2100,100,0
PGI.US,5,20131115,203000,9.2200,9.2300,9.2100,9.2200,700,0
PGI.US,5,20131115,203500,9.2100,9.2100,9.2100,9.2100,100,0
PGI.US,5,20131115,204000,9.2300,9.2400,9.2200,9.2300,1100,0
PGI.US,5,20131115,205000,9.2300,9.2300,9.2300,9.2300,700,0
PGI.US,5,20131115,205500,9.2300,9.2300,9.2300,9.2300,900,0
PGI.US,5,20131115,210000,9.2400,9.2400,9.2300,9.2400,900,0
PGI.US,5,20131115,210500,9.2400,9.2400,9.2300,9.2400,1300,0
PGI.US,5,20131115,211000,9.2400,9.2400,9.2300,9.2400,800,0
PGI.US,5,20131115,211500,9.2500,9.2500,9.2400,9.2500,500,0
PGI.US,5,20131115,212000,9.2500,9.2600,9.2400,9.2500,2400,0
PGI.US,5,20131115,212500,9.2600,9.2600,9.2500,9.2500,800,0
PGI.US,5,20131115,213000,9.2600,9.2700,9.2600,9.2600,1300,0
PGI.US,5,20131115,213500,9.2700,9.2700,9.2500,9.2500,13500,0
PGI.US,5,20131115,214000,9.2500,9.2600,9.2500,9.2500,1300,0
PGI.US,5,20131115,214500,9.2600,9.2600,9.2500,9.2500,1631,0
PGI.US,5,20131115,215000,9.2500,9.2500,9.2300,9.2300,2100,0
PGI.US,5,20131115,215500,9.2300,9.2500,9.2300,9.2500,7328,0
PGI.US,5,20131115,220000,9.2500,9.2700,9.2500,9.2700,12342,0
PGI.US,5,20131115,220500,9.2700,9.2700,9.2700,9.2700,20955,0
PGI.US,5,20131118,154500,9.2600,9.2600,9.2300,9.2300,500,0
PGI.US,5,20131118,155000,9.2000,9.2000,9.2000,9.2000,937,0
PGI.US,5,20131118,155500,9.1800,9.1800,9.1800,9.1800,100,0
PGI.US,5,20131118,160000,9.1900,9.2100,9.1900,9.2100,27200,0
PGI.US,5,20131118,160500,9.2100,9.2100,9.2100,9.2100,600,0
PGI.US,5,20131118,161000,9.2100,9.2400,9.2100,9.2400,1700,0
PGI.US,5,20131118,161500,9.2400,9.2500,9.2100,9.2500,15420,0
PGI.US,5,20131118,162000,9.2400,9.2400,9.2400,9.2400,700,0
PGI.US,5,20131118,162500,9.2400,9.2800,9.2300,9.2400,1550,0
PGI.US,5,20131118,163000,9.2700,9.2700,9.2400,9.2400,300,0
PGI.US,5,20131118,163500,9.2600,9.2800,9.2500,9.2800,400,0
PGI.US,5,20131118,164000,9.2900,9.2900,9.2500,9.2500,500,0
PGI.US,5,20131118,164500,9.2700,9.2800,9.2700,9.2700,400,0
PGI.US,5,20131118,165000,9.2500,9.2500,9.2500,9.2500,700,0
PGI.US,5,20131118,165500,9.2500,9.2500,9.2500,9.2500,300,0
PGI.US,5,20131118,170000,9.2500,9.2500,9.2500,9.2500,400,0
PGI.US,5,20131118,170500,9.2500,9.2600,9.2500,9.2500,1000,0
PGI.US,5,20131118,171000,9.2600,9.2600,9.2500,9.2500,1109,0
PGI.US,5,20131118,171500,9.2500,9.2500,9.2500,9.2500,300,0
PGI.US,5,20131118,172000,9.2600,9.2700,9.2600,9.2600,2100,0
PGI.US,5,20131118,172500,9.2500,9.2500,9.2500,9.2500,100,0
PGI.US,5,20131118,173000,9.2800,9.2800,9.2400,9.2600,2000,0
PGI.US,5,20131118,173500,9.2600,9.2800,9.2600,9.2800,1600,0
PGI.US,5,20131118,174000,9.2700,9.2700,9.2700,9.2700,1000,0
PGI.US,5,20131118,174500,9.2500,9.2500,9.2400,9.2400,400,0
PGI.US,5,20131118,175000,9.2400,9.2400,9.2400,9.2400,400,0
PGI.US,5,20131118,175500,9.2700,9.2800,9.2700,9.2700,1100,0
PGI.US,5,20131118,180000,9.2600,9.2600,9.2600,9.2600,100,0
PGI.US,5,20131118,180500,9.2800,9.2800,9.2800,9.2800,100,0
PGI.US,5,20131118,181000,9.2600,9.2700,9.2600,9.2700,600,0
PGI.US,5,20131118,181500,9.2600,9.2600,9.2600,9.2600,100,0
PGI.US,5,20131118,182000,9.2600,9.2700,9.2600,9.2700,1700,0
PGI.US,5,20131118,183000,9.2600,9.2600,9.2600,9.2600,300,0
PGI.US,5,20131118,184000,9.2600,9.2600,9.2600,9.2600,100,0
PGI.US,5,20131118,184500,9.2600,9.2600,9.2600,9.2600,300,0
PGI.US,5,20131118,185000,9.2700,9.2700,9.2700,9.2700,200,0
PGI.US,5,20131118,185500,9.2700,9.2700,9.2600,9.2700,1600,0
PGI.US,5,20131118,190500,9.2600,9.2900,9.2600,9.2900,300,0
PGI.US,5,20131118,191000,9.2800,9.2800,9.2800,9.2800,400,0
PGI.US,5,20131118,191500,9.2900,9.3000,9.2900,9.3000,800,0
PGI.US,5,20131118,192000,9.3300,9.3300,9.3300,9.3300,300,0
PGI.US,5,20131118,192500,9.3000,9.3200,9.2900,9.2900,600,0
PGI.US,5,20131118,193000,9.2900,9.3100,9.2700,9.3100,20000,0
PGI.US,5,20131118,193500,9.3100,9.3100,9.2900,9.3100,1500,0
PGI.US,5,20131118,194000,9.3100,9.3100,9.2900,9.2900,2300,0
PGI.US,5,20131118,194500,9.2800,9.2900,9.2800,9.2900,1000,0
PGI.US,5,20131118,195000,9.2900,9.2900,9.2700,9.2800,1100,0
PGI.US,5,20131118,195500,9.2800,9.2800,9.2600,9.2700,400,0
PGI.US,5,20131118,200000,9.2800,9.2800,9.2700,9.2700,800,0
PGI.US,5,20131118,200500,9.2600,9.2900,9.2600,9.2900,200,0
PGI.US,5,20131118,201000,9.2600,9.2800,9.2600,9.2800,2750,0
PGI.US,5,20131118,201500,9.2600,9.2800,9.2600,9.2800,200,0
PGI.US,5,20131118,202000,9.2700,9.2700,9.2600,9.2600,700,0
PGI.US,5,20131118,202500,9.2800,9.2800,9.2600,9.2600,700,0
PGI.US,5,20131118,203000,9.2800,9.2800,9.2600,9.2700,600,0
PGI.US,5,20131118,203500,9.2800,9.2800,9.2700,9.2700,900,0
PGI.US,5,20131118,204000,9.2600,9.2600,9.2400,9.2500,1000,0
PGI.US,5,20131118,204500,9.2400,9.2400,9.2300,9.2300,700,0
PGI.US,5,20131118,205000,9.2300,9.2400,9.2300,9.2300,511,0
PGI.US,5,20131118,205500,9.2300,9.2400,9.2300,9.2400,800,0
PGI.US,5,20131118,210000,9.2400,9.2600,9.2400,9.2400,1400,0
PGI.US,5,20131118,210500,9.2400,9.2400,9.2300,9.2300,400,0
PGI.US,5,20131118,211000,9.2200,9.2200,9.2100,9.2100,600,0
PGI.US,5,20131118,211500,9.2100,9.2100,9.1800,9.1900,5898,0
PGI.US,5,20131118,212000,9.1900,9.2100,9.1600,9.2100,1900,0
PGI.US,5,20131118,212500,9.1900,9.2000,9.1700,9.1800,5200,0
PGI.US,5,20131118,213000,9.1900,9.2200,9.1900,9.2100,4400,0
PGI.US,5,20131118,213500,9.2300,9.2300,9.2100,9.2200,700,0
PGI.US,5,20131118,214000,9.2200,9.2400,9.2100,9.2400,1406,0
PGI.US,5,20131118,214500,9.2400,9.2400,9.2100,9.2100,1100,0
PGI.US,5,20131118,215000,9.2300,9.2300,9.2100,9.2100,900,0
PGI.US,5,20131118,215500,9.2100,9.2200,9.1900,9.2200,10963,0
PGI.US,5,20131118,220000,9.2200,9.2200,9.2100,9.2100,5368,0
PGI.US,5,20131118,220500,9.2100,9.2100,9.2100,9.2100,7236,0
PGI.US,5,20131119,153500,9.2300,9.2300,9.2300,9.2300,6548,0
PGI.US,5,20131119,154000,9.1900,9.1900,9.1900,9.1900,200,0
PGI.US,5,20131119,154500,9.1600,9.2100,9.1500,9.2100,500,0
PGI.US,5,20131119,155000,9.1600,9.1700,9.1600,9.1600,600,0
PGI.US,5,20131119,155500,9.1500,9.2000,9.1500,9.2000,2400,0
PGI.US,5,20131119,160000,9.2300,9.2600,9.2100,9.2600,800,0
PGI.US,5,20131119,160500,9.2600,9.2600,9.2400,9.2400,700,0
PGI.US,5,20131119,161000,9.2400,9.2600,9.2200,9.2400,1300,0
PGI.US,5,20131119,162000,9.2500,9.2900,9.2500,9.2700,1200,0
PGI.US,5,20131119,162500,9.2600,9.2600,9.2600,9.2600,100,0
PGI.US,5,20131119,163000,9.2400,9.2800,9.2400,9.2600,600,0
PGI.US,5,20131119,164000,9.2800,9.3100,9.2800,9.2900,1800,0
PGI.US,5,20131119,164500,9.2600,9.2700,9.2600,9.2700,500,0
PGI.US,5,20131119,165000,9.3000,9.3000,9.2700,9.2700,700,0
PGI.US,5,20131119,165500,9.2600,9.2600,9.2300,9.2300,900,0
PGI.US,5,20131119,170000,9.2300,9.2600,9.2300,9.2600,700,0
PGI.US,5,20131119,170500,9.2700,9.2700,9.2700,9.2700,600,0
PGI.US,5,20131119,171000,9.2700,9.2700,9.2700,9.2700,100,0
PGI.US,5,20131119,171500,9.2700,9.2700,9.2600,9.2600,1400,0
PGI.US,5,20131119,172000,9.2600,9.2700,9.2600,9.2700,600,0
PGI.US,5,20131119,172500,9.2800,9.2900,9.2800,9.2800,700,0
PGI.US,5,20131119,173000,9.2800,9.2800,9.2700,9.2700,500,0
PGI.US,5,20131119,173500,9.2700,9.2700,9.2400,9.2700,1700,0
PGI.US,5,20131119,174000,9.2700,9.2700,9.2400,9.2400,2600,0
PGI.US,5,20131119,174500,9.2500,9.2500,9.2400,9.2400,600,0
PGI.US,5,20131119,175000,9.2300,9.2400,9.2000,9.2000,1200,0
PGI.US,5,20131119,175500,9.2000,9.2100,9.2000,9.2000,1100,0
PGI.US,5,20131119,180000,9.2100,9.2200,9.2100,9.2200,500,0
PGI.US,5,20131119,180500,9.2200,9.2200,9.2100,9.2100,300,0
PGI.US,5,20131119,181000,9.2100,9.2100,9.2000,9.2100,1000,0
PGI.US,5,20131119,181500,9.2200,9.2200,9.2000,9.2000,700,0
PGI.US,5,20131119,182000,9.2000,9.2000,9.2000,9.2000,100,0
PGI.US,5,20131119,182500,9.2100,9.2200,9.2000,9.2200,500,0
PGI.US,5,20131119,183000,9.2200,9.2200,9.2200,9.2200,100,0
PGI.US,5,20131119,183500,9.2000,9.2100,9.2000,9.2000,400,0
PGI.US,5,20131119,184000,9.2000,9.2000,9.2000,9.2000,600,0
PGI.US,5,20131119,184500,9.1900,9.2000,9.1900,9.2000,600,0
PGI.US,5,20131119,185000,9.1900,9.2100,9.1900,9.2000,300,0
PGI.US,5,20131119,185500,9.1900,9.2000,9.1900,9.1900,400,0
PGI.US,5,20131119,190000,9.1900,9.2000,9.1900,9.1900,500,0
PGI.US,5,20131119,190500,9.1900,9.2000,9.1900,9.2000,2200,0
PGI.US,5,20131119,191000,9.2000,9.2000,9.1900,9.2000,2600,0
PGI.US,5,20131119,191500,9.1900,9.2100,9.1900,9.2000,400,0
PGI.US,5,20131119,192000,9.2000,9.2000,9.1600,9.1600,500,0
PGI.US,5,20131119,192500,9.1800,9.1800,9.1400,9.1500,800,0
PGI.US,5,20131119,193000,9.1500,9.1500,9.1300,9.1400,1200,0
PGI.US,5,20131119,193500,9.1500,9.1500,9.1300,9.1300,500,0
PGI.US,5,20131119,194000,9.1300,9.1300,9.1300,9.1300,200,0
PGI.US,5,20131119,194500,9.1400,9.1500,9.1400,9.1400,300,0
PGI.US,5,20131119,195000,9.1500,9.1500,9.1400,9.1400,200,0
PGI.US,5,20131119,195500,9.1300,9.1400,9.1300,9.1400,400,0
PGI.US,5,20131119,200000,9.1300,9.1300,9.1200,9.1200,500,0
PGI.US,5,20131119,200500,9.1200,9.1300,9.1100,9.1100,700,0
PGI.US,5,20131119,201000,9.1200,9.1200,9.1000,9.1000,2400,0
PGI.US,5,20131119,201500,9.1000,9.1000,9.1000,9.1000,100,0
PGI.US,5,20131119,202000,9.1000,9.1000,9.1000,9.1000,400,0
PGI.US,5,20131119,202500,9.1000,9.1200,9.1000,9.1000,1300,0
PGI.US,5,20131119,203000,9.1000,9.1000,9.0900,9.1000,1000,0
PGI.US,5,20131119,203500,9.0900,9.1000,9.0900,9.0900,1800,0
PGI.US,5,20131119,204000,9.1000,9.1200,9.0900,9.1000,6860,0
PGI.US,5,20131119,204500,9.1200,9.1200,9.1000,9.1200,2050,0
PGI.US,5,20131119,205000,9.1000,9.1400,9.1000,9.1400,1200,0
PGI.US,5,20131119,205500,9.1100,9.1100,9.1100,9.1100,600,0
PGI.US,5,20131119,210000,9.1400,9.1400,9.1100,9.1200,2749,0
PGI.US,5,20131119,210500,9.1300,9.1400,9.1300,9.1400,400,0
PGI.US,5,20131119,211000,9.1300,9.1300,9.1300,9.1300,500,0
PGI.US,5,20131119,211500,9.1400,9.1400,9.1300,9.1300,1000,0
PGI.US,5,20131119,212000,9.1400,9.1500,9.1400,9.1500,1500,0
PGI.US,5,20131119,212500,9.1400,9.1400,9.1300,9.1400,700,0
PGI.US,5,20131119,213000,9.1300,9.1400,9.1300,9.1400,300,0
PGI.US,5,20131119,213500,9.1500,9.1500,9.1400,9.1400,800,0
PGI.US,5,20131119,214000,9.1400,9.1500,9.1200,9.1300,1600,0
PGI.US,5,20131119,214500,9.1200,9.1600,9.1200,9.1500,1800,0
PGI.US,5,20131119,215000,9.1600,9.1600,9.1500,9.1500,1457,0
PGI.US,5,20131119,215500,9.1600,9.1700,9.1500,9.1700,2502,0
PGI.US,5,20131119,220000,9.1800,9.1800,9.1600,9.1800,1645,0
PGI.US,5,20131119,220500,9.1700,9.1700,9.1700,9.1700,8858,0
PGI.US,5,20131120,154000,9.1900,9.1900,9.1800,9.1800,700,0
PGI.US,5,20131120,154500,9.0800,9.1300,9.0800,9.1300,300,0
PGI.US,5,20131120,155000,9.1100,9.1100,9.1100,9.1100,100,0
PGI.US,5,20131120,161000,9.1100,9.1100,9.1100,9.1100,100,0
PGI.US,5,20131120,161500,9.1500,9.1900,9.1200,9.1900,1200,0
PGI.US,5,20131120,162000,9.1800,9.1900,9.1400,9.1400,900,0
PGI.US,5,20131120,162500,9.1500,9.2200,9.1500,9.1800,538,0
PGI.US,5,20131120,163000,9.1800,9.1800,9.1800,9.1800,100,0
PGI.US,5,20131120,164000,9.1600,9.1600,9.1300,9.1300,899,0
PGI.US,5,20131120,164500,9.1800,9.1900,9.1500,9.1900,300,0
PGI.US,5,20131120,165000,9.2000,9.2000,9.2000,9.2000,100,0
PGI.US,5,20131120,165500,9.1700,9.1700,9.1400,9.1400,200,0
PGI.US,5,20131120,170000,9.1800,9.1800,9.1800,9.1800,100,0
PGI.US,5,20131120,171000,9.1700,9.1700,9.1700,9.1700,100,0
PGI.US,5,20131120,171500,9.1800,9.1800,9.1800,9.1800,100,0
PGI.US,5,20131120,172000,9.1600,9.1600,9.1500,9.1500,300,0
PGI.US,5,20131120,172500,9.1900,9.1900,9.1700,9.1700,200,0
PGI.US,5,20131120,173000,9.2000,9.2000,9.1700,9.1700,200,0
PGI.US,5,20131120,174000,9.2100,9.2100,9.1900,9.1900,800,0
PGI.US,5,20131120,175000,9.1900,9.2000,9.1900,9.2000,300,0
PGI.US,5,20131120,182000,9.2100,9.2100,9.1900,9.1900,1300,0
PGI.US,5,20131120,183000,9.2000,9.2000,9.1900,9.1900,200,0
PGI.US,5,20131120,184000,9.2000,9.2000,9.2000,9.2000,200,0
PGI.US,5,20131120,184500,9.2000,9.2100,9.2000,9.2000,1200,0
PGI.US,5,20131120,185000,9.2100,9.2100,9.2100,9.2100,200,0
PGI.US,5,20131120,185500,9.1800,9.2000,9.1800,9.2000,300,0
PGI.US,5,20131120,190000,9.2000,9.2000,9.2000,9.2000,100,0
PGI.US,5,20131120,190500,9.1900,9.1900,9.1900,9.1900,100,0
PGI.US,5,20131120,191000,9.2000,9.2000,9.2000,9.2000,200,0
PGI.US,5,20131120,191500,9.2000,9.2000,9.2000,9.2000,200,0
PGI.US,5,20131120,192500,9.2000,9.2000,9.2000,9.2000,100,0
PGI.US,5,20131120,193000,9.1900,9.1900,9.1900,9.1900,100,0
PGI.US,5,20131120,193500,9.2000,9.2000,9.2000,9.2000,400,0
PGI.US,5,20131120,194000,9.2000,9.2000,9.2000,9.2000,100,0
PGI.US,5,20131120,194500,9.2000,9.2400,9.1700,9.2100,4300,0
PGI.US,5,20131120,195000,9.2100,9.2100,9.2100,9.2100,200,0
PGI.US,5,20131120,195500,9.2100,9.2100,9.2000,9.2000,1700,0
PGI.US,5,20131120,200000,9.2200,9.2200,9.1900,9.1900,200,0
PGI.US,5,20131120,200500,9.2000,9.2200,9.1900,9.2000,3300,0
PGI.US,5,20131120,201000,9.2100,9.2100,9.2000,9.2000,900,0
PGI.US,5,20131120,201500,9.2000,9.2000,9.1900,9.2000,3500,0
PGI.US,5,20131120,202000,9.2000,9.2000,9.1700,9.1900,600,0
PGI.US,5,20131120,202500,9.2000,9.2000,9.2000,9.2000,500,0
PGI.US,5,20131120,203000,9.2100,9.2100,9.2000,9.2100,300,0
PGI.US,5,20131120,204000,9.2000,9.2100,9.1900,9.2000,2547,0
PGI.US,5,20131120,204500,9.1800,9.2000,9.1600,9.2000,2198,0
PGI.US,5,20131120,205000,9.2000,9.2000,9.2000,9.2000,300,0
PGI.US,5,20131120,210000,9.2000,9.2000,9.2000,9.2000,200,0
PGI.US,5,20131120,210500,9.2100,9.2100,9.2000,9.2000,2900,0
PGI.US,5,20131120,211000,9.1800,9.2000,9.1700,9.1800,1800,0
PGI.US,5,20131120,211500,9.1500,9.1500,9.1400,9.1400,200,0
PGI.US,5,20131120,212000,9.1500,9.1500,9.1500,9.1500,100,0
PGI.US,5,20131120,212500,9.1600,9.2000,9.1600,9.2000,9000,0
PGI.US,5,20131120,213000,9.2000,9.2200,9.1900,9.2200,1200,0
PGI.US,5,20131120,213500,9.2000,9.2000,9.1900,9.2000,1100,0
PGI.US,5,20131120,214000,9.1900,9.2200,9.1600,9.2200,5222,0
PGI.US,5,20131120,214500,9.2000,9.2100,9.2000,9.2100,500,0
PGI.US,5,20131120,215000,9.1800,9.2100,9.1800,9.2100,735,0
PGI.US,5,20131120,215500,9.2100,9.2100,9.2000,9.2100,1400,0
PGI.US,5,20131120,220000,9.2100,9.2300,9.2000,9.2300,7797,0
PGI.US,5,20131120,220500,9.2200,9.2200,9.2200,9.2200,7870,0
PGI.US,5,20131121,153500,9.2400,9.2400,9.2400,9.2400,2106,0
PGI.US,5,20131121,154000,9.2700,9.2700,9.2700,9.2700,200,0
PGI.US,5,20131121,154500,9.2200,9.2200,9.2200,9.2200,100,0
PGI.US,5,20131121,155500,9.1900,9.2200,9.1900,9.2100,1500,0
PGI.US,5,20131121,160000,9.1900,9.2200,9.1900,9.1900,300,0
PGI.US,5,20131121,160500,9.2200,9.2200,9.2200,9.2200,200,0
PGI.US,5,20131121,161000,9.2300,9.2300,9.2100,9.2100,300,0
PGI.US,5,20131121,161500,9.2300,9.2400,9.2300,9.2400,200,0
PGI.US,5,20131121,162000,9.2400,9.2400,9.2400,9.2400,200,0
PGI.US,5,20131121,162500,9.2600,9.2600,9.2400,9.2400,400,0
PGI.US,5,20131121,163000,9.2600,9.2600,9.2600,9.2600,100,0
PGI.US,5,20131121,163500,9.2400,9.2800,9.2400,9.2700,1300,0
PGI.US,5,20131121,164500,9.2500,9.3100,9.2500,9.2900,1880,0
PGI.US,5,20131121,165000,9.3000,9.3200,9.2700,9.2900,800,0
PGI.US,5,20131121,170500,9.3000,9.3000,9.3000,9.3000,100,0
PGI.US,5,20131121,171000,9.2800,9.3100,9.2800,9.3100,404,0
PGI.US,5,20131121,171500,9.2800,9.2800,9.2800,9.2800,200,0
PGI.US,5,20131121,172000,9.2900,9.3000,9.2900,9.3000,700,0
PGI.US,5,20131121,172500,9.3100,9.3100,9.3000,9.3000,400,0
PGI.US,5,20131121,173000,9.3000,9.3500,9.2900,9.3500,1600,0
PGI.US,5,20131121,173500,9.3600,9.3900,9.3500,9.3700,2600,0
PGI.US,5,20131121,174000,9.3600,9.3600,9.3600,9.3600,500,0
PGI.US,5,20131121,174500,9.3100,9.3300,9.3100,9.3300,300,0
PGI.US,5,20131121,175000,9.3200,9.3300,9.3200,9.3300,600,0
PGI.US,5,20131121,180000,9.3200,9.3300,9.3100,9.3100,400,0
PGI.US,5,20131121,180500,9.2800,9.2800,9.2700,9.2700,400,0
PGI.US,5,20131121,181500,9.2500,9.2500,9.2400,9.2400,300,0
PGI.US,5,20131121,182000,9.2200,9.2200,9.2200,9.2200,200,0
PGI.US,5,20131121,182500,9.2200,9.2500,9.2200,9.2500,500,0
PGI.US,5,20131121,183000,9.2300,9.2300,9.2300,9.2300,605,0
PGI.US,5,20131121,183500,9.2600,9.2600,9.2500,9.2500,300,0
PGI.US,5,20131121,184000,9.2800,9.2800,9.2600,9.2600,200,0
PGI.US,5,20131121,184500,9.2500,9.2500,9.2500,9.2500,400,0
PGI.US,5,20131121,185000,9.2300,9.2300,9.2300,9.2300,100,0
PGI.US,5,20131121,185500,9.2200,9.2200,9.2200,9.2200,200,0
PGI.US,5,20131121,190000,9.1900,9.2100,9.1900,9.2100,300,0
PGI.US,5,20131121,190500,9.1900,9.1900,9.1900,9.1900,400,0
PGI.US,5,20131121,191000,9.1900,9.2200,9.1900,9.1900,1200,0
PGI.US,5,20131121,191500,9.1900,9.2000,9.1900,9.1900,1000,0
PGI.US,5,20131121,192000,9.1900,9.2000,9.1900,9.1900,500,0
PGI.US,5,20131121,192500,9.1900,9.2400,9.1900,9.2200,3500,0
PGI.US,5,20131121,193000,9.2400,9.2500,9.2400,9.2500,300,0
PGI.US,5,20131121,193500,9.2300,9.2400,9.2300,9.2400,200,0
PGI.US,5,20131121,194000,9.2300,9.2300,9.2300,9.2300,200,0
PGI.US,5,20131121,194500,9.2400,9.2400,9.2400,9.2400,226,0
PGI.US,5,20131121,195000,9.2400,9.2600,9.2400,9.2400,1100,0
PGI.US,5,20131121,195500,9.2400,9.2400,9.2400,9.2400,200,0
PGI.US,5,20131121,200500,9.2400,9.2400,9.2400,9.2400,200,0
PGI.US,5,20131121,201000,9.2400,9.2400,9.2400,9.2400,200,0
PGI.US,5,20131121,202000,9.2400,9.2400,9.2400,9.2400,200,0
PGI.US,5,20131121,202500,9.2400,9.2700,9.2400,9.2600,1300,0
PGI.US,5,20131121,203000,9.2400,9.2900,9.2400,9.2900,2200,0
PGI.US,5,20131121,203500,9.3000,9.3000,9.2800,9.2800,300,0
PGI.US,5,20131121,204000,9.2700,9.2700,9.2700,9.2700,100,0
PGI.US,5,20131121,204500,9.2700,9.2800,9.2600,9.2600,1700,0
PGI.US,5,20131121,205000,9.2600,9.2700,9.2500,9.2700,400,0
PGI.US,5,20131121,210000,9.2600,9.2600,9.2500,9.2500,300,0
PGI.US,5,20131121,210500,9.2700,9.2700,9.2700,9.2700,100,0
PGI.US,5,20131121,211000,9.2700,9.2700,9.2500,9.2700,800,0
PGI.US,5,20131121,211500,9.2500,9.2500,9.2500,9.2500,1500,0
PGI.US,5,20131121,212000,9.2500,9.2600,9.2500,9.2500,500,0
PGI.US,5,20131121,212500,9.2400,9.2400,9.2400,9.2400,200,0
PGI.US,5,20131121,213000,9.2400,9.2400,9.2400,9.2400,100,0
PGI.US,5,20131121,213500,9.2300,9.2500,9.2300,9.2500,300,0
PGI.US,5,20131121,214000,9.2500,9.2500,9.2500,9.2500,799,0
PGI.US,5,20131121,214500,9.2500,9.2600,9.2400,9.2400,700,0
PGI.US,5,20131121,215000,9.2500,9.2600,9.2400,9.2400,1087,0
PGI.US,5,20131121,215500,9.2600,9.2600,9.2500,9.2500,201,0
PGI.US,5,20131121,220000,9.2600,9.3000,9.2600,9.2700,10779,0
PGI.US,5,20131121,220500,9.2800,9.2800,9.2800,9.2800,16877,0
PGI.US,5,20131122,153500,9.1700,9.1700,9.1700,9.1700,111,0
PGI.US,5,20131122,155000,9.2100,9.3100,9.2100,9.2500,2952,0
PGI.US,5,20131122,155500,9.2200,9.2500,9.2200,9.2500,200,0
PGI.US,5,20131122,160000,9.2100,9.2300,9.1900,9.2300,400,0
PGI.US,5,20131122,160500,9.2200,9.2200,9.2200,9.2200,100,0
PGI.US,5,20131122,161000,9.2000,9.2300,9.1900,9.2300,1000,0
PGI.US,5,20131122,161500,9.2300,9.2300,9.2300,9.2300,100,0
PGI.US,5,20131122,162000,9.2500,9.2500,9.2500,9.2500,100,0
PGI.US,5,20131122,162500,9.2400,9.2400,9.2400,9.2400,300,0
PGI.US,5,20131122,163500,9.2400,9.2400,9.2400,9.2400,300,0
PGI.US,5,20131122,164000,9.2600,9.2600,9.2600,9.2600,100,0
PGI.US,5,20131122,164500,9.2500,9.2900,9.2500,9.2900,1100,0
PGI.US,5,20131122,165000,9.3000,9.3100,9.3000,9.3000,300,0
PGI.US,5,20131122,165500,9.3000,9.3000,9.3000,9.3000,800,0
PGI.US,5,20131122,170000,9.3200,9.3200,9.3200,9.3200,700,0
PGI.US,5,20131122,170500,9.3200,9.3200,9.3200,9.3200,1200,0
PGI.US,5,20131122,171000,9.3000,9.3100,9.3000,9.3100,1748,0
PGI.US,5,20131122,171500,9.2700,9.3100,9.2700,9.3100,300,0
PGI.US,5,20131122,172500,9.2700,9.3100,9.2700,9.3100,900,0
PGI.US,5,20131122,173000,9.3200,9.3200,9.3200,9.3200,100,0
PGI.US,5,20131122,173500,9.3200,9.3200,9.3200,9.3200,100,0
PGI.US,5,20131122,174000,9.3100,9.3100,9.3100,9.3100,200,0
PGI.US,5,20131122,174500,9.3100,9.3400,9.3100,9.3400,800,0
PGI.US,5,20131122,175000,9.3600,9.3600,9.3300,9.3300,300,0
PGI.US,5,20131122,180000,9.3600,9.3800,9.3600,9.3800,800,0
PGI.US,5,20131122,181000,9.3800,9.3800,9.3700,9.3700,500,0
PGI.US,5,20131122,181500,9.3900,9.4000,9.3900,9.4000,2129,0
PGI.US,5,20131122,182000,9.4000,9.4000,9.3900,9.3900,1900,0
PGI.US,5,20131122,182500,9.3900,9.3900,9.3900,9.3900,900,0
PGI.US,5,20131122,183000,9.4000,9.4000,9.4000,9.4000,100,0
PGI.US,5,20131122,183500,9.3800,9.3900,9.3800,9.3900,2155,0
PGI.US,5,20131122,185000,9.3700,9.3800,9.3700,9.3800,1600,0
PGI.US,5,20131122,185500,9.3900,9.3900,9.3900,9.3900,1060,0
PGI.US,5,20131122,190000,9.3900,9.3900,9.3900,9.3900,100,0
PGI.US,5,20131122,190500,9.3700,9.3800,9.3700,9.3800,400,0
PGI.US,5,20131122,191000,9.3800,9.3900,9.3800,9.3900,600,0
PGI.US,5,20131122,191500,9.3900,9.3900,9.3800,9.3900,600,0
PGI.US,5,20131122,192000,9.4000,9.4000,9.4000,9.4000,104,0
PGI.US,5,20131122,192500,9.3800,9.3800,9.3800,9.3800,100,0
PGI.US,5,20131122,193000,9.3800,9.3800,9.3800,9.3800,400,0
PGI.US,5,20131122,194000,9.3900,9.3900,9.3600,9.3700,800,0
PGI.US,5,20131122,194500,9.3600,9.3600,9.3600,9.3600,400,0
PGI.US,5,20131122,195000,9.3500,9.3500,9.3500,9.3500,200,0
PGI.US,5,20131122,195500,9.3600,9.3600,9.3600,9.3600,1400,0
PGI.US,5,20131122,200000,9.3500,9.3500,9.3500,9.3500,100,0
PGI.US,5,20131122,200500,9.3700,9.3700,9.3600,9.3600,700,0
PGI.US,5,20131122,201000,9.3800,9.3900,9.3700,9.3800,1500,0
PGI.US,5,20131122,202000,9.3800,9.3900,9.3700,9.3900,400,0
PGI.US,5,20131122,202500,9.3700,9.3700,9.3700,9.3700,1100,0
PGI.US,5,20131122,203000,9.3800,9.3800,9.3800,9.3800,209,0
PGI.US,5,20131122,203500,9.3600,9.3600,9.3500,9.3500,300,0
PGI.US,5,20131122,204000,9.3700,9.3700,9.3700,9.3700,200,0
PGI.US,5,20131122,205000,9.3400,9.3400,9.3400,9.3400,200,0
PGI.US,5,20131122,205500,9.3400,9.3400,9.3400,9.3400,100,0
PGI.US,5,20131122,210000,9.3600,9.3700,9.3500,9.3500,2200,0
PGI.US,5,20131122,210500,9.3600,9.3800,9.3600,9.3800,300,0
PGI.US,5,20131122,211000,9.3500,9.3700,9.3500,9.3600,1260,0
PGI.US,5,20131122,211500,9.3700,9.3700,9.3700,9.3700,400,0
PGI.US,5,20131122,212000,9.3600,9.3600,9.3400,9.3400,2860,0
PGI.US,5,20131122,212500,9.3400,9.3400,9.3300,9.3300,200,0
PGI.US,5,20131122,213000,9.3500,9.3700,9.3500,9.3500,900,0
PGI.US,5,20131122,213500,9.3500,9.3500,9.3500,9.3500,700,0
PGI.US,5,20131122,214000,9.3600,9.3600,9.3500,9.3500,400,0
PGI.US,5,20131122,214500,9.3400,9.3600,9.3400,9.3600,300,0
PGI.US,5,20131122,215000,9.3400,9.3700,9.3400,9.3700,2090,0
PGI.US,5,20131122,215500,9.3600,9.3700,9.3500,9.3500,600,0
PGI.US,5,20131122,220000,9.3400,9.3400,9.3000,9.3200,8554,0
PGI.US,5,20131122,220500,9.3100,9.3100,9.3100,9.3100,10430,0
PGI.US,5,20131125,153500,9.3300,9.3300,9.3300,9.3300,486,0
PGI.US,5,20131125,155000,9.2700,9.2800,9.2600,9.2700,800,0
PGI.US,5,20131125,155500,9.2800,9.3200,9.2600,9.2600,900,0
PGI.US,5,20131125,160000,9.2600,9.2600,9.2400,9.2400,1500,0
PGI.US,5,20131125,160500,9.2300,9.2300,9.2300,9.2300,100,0
PGI.US,5,20131125,162000,9.2500,9.2500,9.2400,9.2400,500,0
PGI.US,5,20131125,162500,9.2500,9.2500,9.2500,9.2500,200,0
PGI.US,5,20131125,163000,9.2700,9.2700,9.2400,9.2400,658,0
PGI.US,5,20131125,163500,9.2400,9.2500,9.2400,9.2400,700,0
PGI.US,5,20131125,164000,9.2500,9.2500,9.2500,9.2500,400,0
PGI.US,5,20131125,165500,9.2800,9.2800,9.2800,9.2800,600,0
PGI.US,5,20131125,170000,9.2700,9.2700,9.2700,9.2700,900,0
PGI.US,5,20131125,170500,9.2600,9.2600,9.2600,9.2600,200,0
PGI.US,5,20131125,172000,9.2700,9.2700,9.2700,9.2700,100,0
PGI.US,5,20131125,173000,9.2700,9.2700,9.2700,9.2700,100,0
PGI.US,5,20131125,173500,9.2900,9.2900,9.2900,9.2900,1000,0
PGI.US,5,20131125,174000,9.3200,9.3200,9.3200,9.3200,100,0
PGI.US,5,20131125,175000,9.3200,9.3200,9.3200,9.3200,200,0
PGI.US,5,20131125,180000,9.3400,9.3400,9.3300,9.3300,400,0
PGI.US,5,20131125,180500,9.3500,9.3500,9.3100,9.3200,1500,0
PGI.US,5,20131125,181000,9.3200,9.3200,9.3100,9.3100,700,0
PGI.US,5,20131125,182500,9.3000,9.3200,9.2500,9.2700,25300,0
PGI.US,5,20131125,183000,9.2700,9.2700,9.2700,9.2700,100,0
PGI.US,5,20131125,183500,9.2700,9.2700,9.2700,9.2700,200,0
PGI.US,5,20131125,184000,9.2600,9.2700,9.2600,9.2700,300,0
PGI.US,5,20131125,184500,9.3000,9.3000,9.2800,9.2800,300,0
PGI.US,5,20131125,185000,9.2600,9.2600,9.2600,9.2600,100,0
PGI.US,5,20131125,190000,9.2800,9.2900,9.2700,9.2700,900,0
PGI.US,5,20131125,190500,9.2800,9.2800,9.2800,9.2800,400,0
PGI.US,5,20131125,191000,9.3000,9.3000,9.2700,9.2700,200,0
PGI.US,5,20131125,192000,9.2800,9.2800,9.2700,9.2700,200,0
PGI.US,5,20131125,193500,9.2600,9.2600,9.2600,9.2600,200,0
PGI.US,5,20131125,194000,9.2700,9.2900,9.2700,9.2900,570,0
PGI.US,5,20131125,194500,9.2800,9.3000,9.2800,9.3000,468,0
PGI.US,5,20131125,195000,9.3100,9.3100,9.2900,9.2900,600,0
PGI.US,5,20131125,200000,9.3000,9.3100,9.3000,9.3100,700,0
PGI.US,5,20131125,200500,9.2800,9.2800,9.2800,9.2800,100,0
PGI.US,5,20131125,201000,9.2800,9.2800,9.2800,9.2800,100,0
PGI.US,5,20131125,201500,9.2800,9.2800,9.2800,9.2800,100,0
PGI.US,5,20131125,202000,9.2900,9.3000,9.2800,9.3000,488,0
PGI.US,5,20131125,202500,9.2800,9.2800,9.2800,9.2800,100,0
PGI.US,5,20131125,203500,9.2800,9.3000,9.2800,9.3000,300,0
PGI.US,5,20131125,204000,9.2800,9.2800,9.2800,9.2800,200,0
PGI.US,5,20131125,204500,9.3000,9.3000,9.2800,9.2800,200,0
PGI.US,5,20131125,205500,9.2800,9.3000,9.2800,9.3000,300,0
PGI.US,5,20131125,210000,9.2900,9.2900,9.2900,9.2900,100,0
PGI.US,5,20131125,210500,9.2800,9.2800,9.2800,9.2800,100,0
PGI.US,5,20131125,211000,9.2800,9.3000,9.2800,9.2800,500,0
PGI.US,5,20131125,211500,9.2800,9.2800,9.2500,9.2500,2001,0
PGI.US,5,20131125,212000,9.2500,9.2700,9.2500,9.2600,1796,0
PGI.US,5,20131125,212500,9.2500,9.2500,9.2500,9.2500,200,0
PGI.US,5,20131125,213000,9.2400,9.2500,9.2400,9.2500,700,0
PGI.US,5,20131125,213500,9.2500,9.2500,9.2500,9.2500,400,0
PGI.US,5,20131125,214000,9.2500,9.2500,9.2500,9.2500,2468,0
PGI.US,5,20131125,214500,9.2500,9.2600,9.2400,9.2400,700,0
PGI.US,5,20131125,215000,9.2500,9.2700,9.2500,9.2500,1400,0
PGI.US,5,20131125,215500,9.2500,9.2500,9.2500,9.2500,2500,0
PGI.US,5,20131125,220000,9.2500,9.2600,9.2300,9.2600,5246,0
PGI.US,5,20131125,220500,9.2500,9.2500,9.2500,9.2500,23632,0
PGI.US,5,20131126,153500,9.2400,9.2400,9.2400,9.2400,958,0
PGI.US,5,20131126,154000,9.2600,9.2600,9.2600,9.2600,100,0
PGI.US,5,20131126,154500,9.2200,9.2200,9.2200,9.2200,100,0
PGI.US,5,20131126,155500,9.2200,9.2200,9.2200,9.2200,100,0
PGI.US,5,20131126,160000,9.2200,9.2200,9.2000,9.2000,300,0
PGI.US,5,20131126,160500,9.2200,9.2200,9.1900,9.2000,2700,0
PGI.US,5,20131126,161500,9.2100,9.2100,9.2100,9.2100,900,0
PGI.US,5,20131126,162000,9.2000,9.2100,9.2000,9.2000,800,0
PGI.US,5,20131126,162500,9.2100,9.2100,9.2100,9.2100,1800,0
PGI.US,5,20131126,163500,9.2200,9.2200,9.2100,9.2100,200,0
PGI.US,5,20131126,164000,9.2300,9.2300,9.2200,9.2200,900,0
PGI.US,5,20131126,170000,9.2200,9.2200,9.2100,9.2100,1000,0
PGI.US,5,20131126,170500,9.2100,9.2400,9.2100,9.2400,2737,0
PGI.US,5,20131126,171000,9.2400,9.2400,9.2400,9.2400,200,0
PGI.US,5,20131126,171500,9.2400,9.2500,9.2400,9.2500,4587,0
PGI.US,5,20131126,173000,9.2500,9.2600,9.2500,9.2600,200,0
PGI.US,5,20131126,174500,9.2600,9.2600,9.2600,9.2600,300,0
PGI.US,5,20131126,175000,9.2600,9.2800,9.2600,9.2800,200,0
PGI.US,5,20131126,175500,9.2900,9.2900,9.2900,9.2900,100,0
PGI.US,5,20131126,180500,9.2900,9.2900,9.2700,9.2700,205,0
PGI.US,5,20131126,181500,9.2900,9.3000,9.2800,9.2800,400,0
PGI.US,5,20131126,182000,9.2900,9.3200,9.2900,9.3200,2266,0
PGI.US,5,20131126,182500,9.3200,9.3200,9.3200,9.3200,200,0
PGI.US,5,20131126,184000,9.3300,9.3500,9.3300,9.3500,300,0
PGI.US,5,20131126,184500,9.3500,9.4000,9.3500,9.4000,2393,0
PGI.US,5,20131126,185000,9.4100,9.4100,9.4000,9.4100,21700,0
PGI.US,5,20131126,185500,9.4000,9.4000,9.3700,9.3700,2200,0
PGI.US,5,20131126,190000,9.3800,9.3800,9.3600,9.3800,2800,0
PGI.US,5,20131126,190500,9.3700,9.3800,9.3700,9.3800,200,0
PGI.US,5,20131126,191000,9.3700,9.3700,9.3600,9.3600,767,0
PGI.US,5,20131126,191500,9.3300,9.3300,9.2700,9.2800,7895,0
PGI.US,5,20131126,192000,9.3000,9.3000,9.3000,9.3000,100,0
PGI.US,5,20131126,192500,9.2900,9.3000,9.2900,9.2900,500,0
PGI.US,5,20131126,193000,9.3000,9.3000,9.3000,9.3000,100,0
PGI.US,5,20131126,193500,9.3000,9.3000,9.2800,9.2800,400,0
PGI.US,5,20131126,194000,9.2800,9.2900,9.2700,9.2700,600,0
PGI.US,5,20131126,194500,9.3100,9.3100,9.3000,9.3000,300,0
PGI.US,5,20131126,200000,9.3000,9.3000,9.3000,9.3000,1200,0
PGI.US,5,20131126,200500,9.3000,9.3000,9.3000,9.3000,200,0
PGI.US,5,20131126,202000,9.2900,9.3000,9.2700,9.3000,1400,0
PGI.US,5,20131126,202500,9.3000,9.3000,9.2600,9.2600,1000,0
PGI.US,5,20131126,203000,9.2700,9.2800,9.2700,9.2800,200,0
PGI.US,5,20131126,204000,9.2700,9.2700,9.2700,9.2700,300,0
PGI.US,5,20131126,204500,9.3000,9.3000,9.3000,9.3000,100,0
PGI.US,5,20131126,205000,9.2900,9.3000,9.2900,9.3000,2800,0
PGI.US,5,20131126,205500,9.3000,9.3100,9.2900,9.3100,1184,0
PGI.US,5,20131126,210000,9.3100,9.3100,9.3000,9.3000,1206,0
PGI.US,5,20131126,210500,9.2900,9.2900,9.2900,9.2900,700,0
PGI.US,5,20131126,211000,9.2800,9.2900,9.2800,9.2900,900,0
PGI.US,5,20131126,212000,9.2900,9.2900,9.2900,9.2900,400,0
PGI.US,5,20131126,212500,9.3000,9.3100,9.3000,9.3100,901,0
PGI.US,5,20131126,213000,9.3000,9.3100,9.3000,9.3000,800,0
PGI.US,5,20131126,213500,9.3000,9.3100,9.3000,9.3100,300,0
PGI.US,5,20131126,214000,9.3000,9.3000,9.2800,9.2800,700,0
PGI.US,5,20131126,214500,9.2800,9.2800,9.2800,9.2800,300,0
PGI.US,5,20131126,215000,9.2600,9.2600,9.2500,9.2600,2707,0
PGI.US,5,20131126,215500,9.2600,9.2600,9.2400,9.2600,8012,0
PGI.US,5,20131126,220000,9.2500,9.2700,9.2500,9.2600,4779,0
PGI.US,5,20131126,220500,9.2500,9.2500,9.2500,9.2500,18989,0
PGI.US,5,20131127,155000,9.2700,9.2700,9.2500,9.2500,600,0
PGI.US,5,20131127,160000,9.1900,9.2600,9.1900,9.2600,732,0
PGI.US,5,20131127,161500,9.2600,9.2600,9.2600,9.2600,200,0
PGI.US,5,20131127,162000,9.2600,9.2700,9.2500,9.2500,500,0
PGI.US,5,20131127,162500,9.2600,9.2700,9.2600,9.2600,400,0
PGI.US,5,20131127,163000,9.2800,9.2800,9.2800,9.2800,300,0
PGI.US,5,20131127,164000,9.3000,9.3200,9.3000,9.3200,200,0
PGI.US,5,20131127,164500,9.2900,9.3200,9.2900,9.3200,200,0
PGI.US,5,20131127,165000,9.3100,9.3400,9.3100,9.3400,987,0
PGI.US,5,20131127,165500,9.3700,9.3700,9.3700,9.3700,100,0
PGI.US,5,20131127,170000,9.3600,9.4000,9.3600,9.4000,1500,0
PGI.US,5,20131127,171000,9.3800,9.3900,9.3800,9.3800,1800,0
PGI.US,5,20131127,171500,9.3900,9.3900,9.3900,9.3900,200,0
PGI.US,5,20131127,172000,9.3700,9.3700,9.3700,9.3700,100,0
PGI.US,5,20131127,172500,9.3900,9.3900,9.3900,9.3900,200,0
PGI.US,5,20131127,174000,9.3900,9.4000,9.3900,9.3900,5200,0
PGI.US,5,20131127,174500,9.3900,9.4000,9.3900,9.3900,2500,0
PGI.US,5,20131127,175000,9.4000,9.4100,9.3900,9.4000,1630,0
PGI.US,5,20131127,175500,9.4000,9.4000,9.3900,9.3900,1300,0
PGI.US,5,20131127,180000,9.3900,9.3900,9.3900,9.3900,100,0
PGI.US,5,20131127,180500,9.3900,9.3900,9.3900,9.3900,1000,0
PGI.US,5,20131127,181500,9.4000,9.4000,9.3900,9.3900,400,0
PGI.US,5,20131127,182000,9.4000,9.4000,9.4000,9.4000,500,0
PGI.US,5,20131127,182500,9.4000,9.4000,9.4000,9.4000,100,0
PGI.US,5,20131127,183000,9.4000,9.4000,9.4000,9.4000,100,0
PGI.US,5,20131127,183500,9.4000,9.4000,9.4000,9.4000,100,0
PGI.US,5,20131127,184500,9.4000,9.4100,9.4000,9.4100,400,0
PGI.US,5,20131127,185000,9.4000,9.4000,9.3900,9.4000,500,0
PGI.US,5,20131127,185500,9.3900,9.4000,9.3900,9.4000,800,0
PGI.US,5,20131127,190000,9.3900,9.3900,9.3900,9.3900,100,0
PGI.US,5,20131127,191500,9.4000,9.4000,9.4000,9.4000,100,0
PGI.US,5,20131127,192000,9.4100,9.4100,9.4000,9.4000,2273,0
PGI.US,5,20131127,192500,9.4000,9.4000,9.3900,9.3900,600,0
PGI.US,5,20131127,193500,9.4000,9.4000,9.4000,9.4000,400,0
PGI.US,5,20131127,194500,9.4000,9.4100,9.4000,9.4000,1487,0
PGI.US,5,20131127,195500,9.4000,9.4000,9.3900,9.3900,1900,0
PGI.US,5,20131127,200000,9.3900,9.4000,9.3800,9.4000,700,0
PGI.US,5,20131127,200500,9.3900,9.3900,9.3900,9.3900,500,0
PGI.US,5,20131127,201000,9.3900,9.3900,9.3900,9.3900,100,0
PGI.US,5,20131127,201500,9.4000,9.4000,9.4000,9.4000,900,0
PGI.US,5,20131127,202000,9.4000,9.4100,9.4000,9.4100,1630,0
PGI.US,5,20131127,202500,9.4100,9.4100,9.4100,9.4100,500,0
PGI.US,5,20131127,203000,9.4000,9.4000,9.4000,9.4000,2700,0
PGI.US,5,20131127,203500,9.4100,9.4100,9.4000,9.4100,1300,0
PGI.US,5,20131127,204000,9.4000,9.4000,9.4000,9.4000,200,0
PGI.US,5,20131127,205000,9.4000,9.4100,9.4000,9.4000,2704,0
PGI.US,5,20131127,205500,9.4000,9.4400,9.4000,9.4400,23100,0
PGI.US,5,20131127,210000,9.4300,9.4400,9.4200,9.4400,400,0
PGI.US,5,20131127,210500,9.4400,9.4400,9.4200,9.4300,700,0
PGI.US,5,20131127,211000,9.4300,9.4400,9.4300,9.4300,600,0
PGI.US,5,20131127,211500,9.4300,9.4300,9.4300,9.4300,902,0
PGI.US,5,20131127,212000,9.4300,9.4300,9.4300,9.4300,200,0
PGI.US,5,20131127,212500,9.4300,9.4300,9.4200,9.4300,500,0
PGI.US,5,20131127,213000,9.4300,9.4300,9.4200,9.4300,1100,0
PGI.US,5,20131127,213500,9.4300,9.4300,9.4300,9.4300,200,0
PGI.US,5,20131127,214000,9.4300,9.4300,9.4300,9.4300,402,0
PGI.US,5,20131127,214500,9.4400,9.4400,9.4300,9.4300,1200,0
PGI.US,5,20131127,215000,9.4300,9.4400,9.4300,9.4300,1442,0
PGI.US,5,20131127,215500,9.4400,9.4400,9.4100,9.4300,3200,0
PGI.US,5,20131127,220000,9.4300,9.4400,9.4300,9.4400,2358,0
PGI.US,5,20131127,220500,9.4300,9.4300,9.4300,9.4300,4715,0
PGI.US,5,20131129,153500,9.4100,9.4100,9.4100,9.4100,100,0
PGI.US,5,20131129,154000,9.3900,9.3900,9.3900,9.3900,100,0
PGI.US,5,20131129,154500,9.4000,9.4000,9.4000,9.4000,700,0
PGI.US,5,20131129,155000,9.3100,9.3400,9.3100,9.3400,800,0
PGI.US,5,20131129,160000,9.3500,9.3500,9.3500,9.3500,400,0
PGI.US,5,20131129,161000,9.3900,9.4100,9.3900,9.4000,900,0
PGI.US,5,20131129,161500,9.4000,9.4000,9.4000,9.4000,1300,0
PGI.US,5,20131129,162000,9.4100,9.4200,9.4000,9.4100,700,0
PGI.US,5,20131129,162500,9.4300,9.4300,9.4000,9.4000,1412,0
PGI.US,5,20131129,163000,9.4000,9.4000,9.4000,9.4000,900,0
PGI.US,5,20131129,163500,9.4300,9.4300,9.4000,9.4100,900,0
PGI.US,5,20131129,164000,9.4100,9.4100,9.4000,9.4000,500,0
PGI.US,5,20131129,164500,9.4000,9.4000,9.3900,9.3900,1875,0
PGI.US,5,20131129,165000,9.4000,9.4000,9.4000,9.4000,5100,0
PGI.US,5,20131129,165500,9.4100,9.4100,9.3900,9.3900,1700,0
PGI.US,5,20131129,170000,9.4000,9.4100,9.4000,9.4100,300,0
PGI.US,5,20131129,170500,9.4000,9.4200,9.4000,9.4000,1400,0
PGI.US,5,20131129,171000,9.4300,9.4300,9.3900,9.4000,700,0
PGI.US,5,20131129,171500,9.4000,9.4000,9.3900,9.3900,500,0
PGI.US,5,20131129,172000,9.4000,9.4100,9.4000,9.4000,700,0
PGI.US,5,20131129,172500,9.4000,9.4100,9.4000,9.4000,1100,0
PGI.US,5,20131129,173500,9.4100,9.4100,9.3900,9.3900,3278,0
PGI.US,5,20131129,174000,9.3800,9.4200,9.3800,9.4000,3100,0
PGI.US,5,20131129,174500,9.4000,9.4100,9.4000,9.4000,800,0
PGI.US,5,20131129,175000,9.4000,9.4000,9.4000,9.4000,5700,0
PGI.US,5,20131129,175500,9.4100,9.4100,9.4000,9.4000,1400,0
PGI.US,5,20131129,180000,9.3900,9.4000,9.3900,9.4000,300,0
PGI.US,5,20131129,180500,9.4000,9.4000,9.4000,9.4000,200,0
PGI.US,5,20131129,181000,9.4000,9.4100,9.4000,9.4000,1200,0
PGI.US,5,20131129,181500,9.3900,9.4000,9.3900,9.4000,1700,0
PGI.US,5,20131129,182000,9.4000,9.4000,9.4000,9.4000,100,0
PGI.US,5,20131129,182500,9.4000,9.4000,9.3900,9.3900,300,0
PGI.US,5,20131129,183000,9.4000,9.4000,9.4000,9.4000,400,0
PGI.US,5,20131129,183500,9.4100,9.4100,9.4000,9.4000,2545,0
PGI.US,5,20131129,184000,9.3900,9.4000,9.3900,9.4000,20400,0
PGI.US,5,20131129,184500,9.4000,9.4000,9.4000,9.4000,300,0
PGI.US,5,20131129,185000,9.3900,9.3900,9.3800,9.3800,2200,0
PGI.US,5,20131129,185500,9.3800,9.3800,9.3300,9.3500,3000,0
PGI.US,5,20131129,190000,9.4000,9.4200,9.3300,9.3300,3599,0
PGI.US,5,20131129,190500,9.3300,9.3300,9.3300,9.3300,13051,0
PGI.US,5,20131202,153500,9.2300,9.2300,9.2300,9.2300,100,0
PGI.US,5,20131202,154000,9.3100,9.3100,9.3100,9.3100,100,0
PGI.US,5,20131202,155000,9.3000,9.4200,9.2300,9.4200,18300,0
PGI.US,5,20131202,155500,9.4100,9.4100,9.4100,9.4100,200,0
PGI.US,5,20131202,160000,9.3900,9.4100,9.3600,9.3600,800,0
PGI.US,5,20131202,160500,9.3200,9.3200,9.3200,9.3200,100,0
PGI.US,5,20131202,161000,9.3100,9.3700,9.3100,9.3600,1600,0
PGI.US,5,20131202,161500,9.3600,9.3900,9.3600,9.3600,900,0
PGI.US,5,20131202,162000,9.3700,9.3700,9.3700,9.3700,200,0
PGI.US,5,20131202,162500,9.3700,9.3700,9.3700,9.3700,400,0
PGI.US,5,20131202,163000,9.4000,9.4000,9.4000,9.4000,300,0
PGI.US,5,20131202,163500,9.3800,9.4200,9.3800,9.4000,2172,0
PGI.US,5,20131202,164000,9.4000,9.4100,9.3800,9.3800,1500,0
PGI.US,5,20131202,164500,9.3800,9.3800,9.3500,9.3700,2200,0
PGI.US,5,20131202,165000,9.3700,9.3700,9.3700,9.3700,100,0
PGI.US,5,20131202,165500,9.3900,9.3900,9.3900,9.3900,100,0
PGI.US,5,20131202,170000,9.3900,9.4000,9.3900,9.4000,200,0
PGI.US,5,20131202,171500,9.3900,9.3900,9.3900,9.3900,100,0
PGI.US,5,20131202,172000,9.3700,9.3700,9.3700,9.3700,600,0
PGI.US,5,20131202,172500,9.3700,9.3900,9.3700,9.3900,285,0
PGI.US,5,20131202,173000,9.3800,9.3800,9.3800,9.3800,500,0
PGI.US,5,20131202,173500,9.3800,9.4000,9.3800,9.3900,700,0
PGI.US,5,20131202,174000,9.3900,9.3900,9.3900,9.3900,200,0
PGI.US,5,20131202,175000,9.4000,9.4000,9.4000,9.4000,100,0
PGI.US,5,20131202,175500,9.3900,9.4000,9.3900,9.4000,300,0
PGI.US,5,20131202,180000,9.3900,9.4200,9.3900,9.4200,1700,0
PGI.US,5,20131202,180500,9.4000,9.4000,9.3900,9.3900,200,0
PGI.US,5,20131202,181000,9.3900,9.3900,9.3800,9.3800,500,0
PGI.US,5,20131202,182000,9.3800,9.3800,9.3800,9.3800,200,0
PGI.US,5,20131202,183000,9.3800,9.3800,9.3800,9.3800,400,0
PGI.US,5,20131202,183500,9.3800,9.4000,9.3800,9.4000,200,0
PGI.US,5,20131202,184500,9.3800,9.3800,9.3800,9.3800,300,0
PGI.US,5,20131202,185000,9.3800,9.3800,9.3800,9.3800,100,0
PGI.US,5,20131202,190000,9.3900,9.3900,9.3900,9.3900,100,0
PGI.US,5,20131202,190500,9.3900,9.4000,9.3800,9.4000,700,0
PGI.US,5,20131202,191000,9.3900,9.3900,9.3800,9.3800,1200,0
PGI.US,5,20131202,191500,9.3700,9.3700,9.3100,9.3400,6100,0
PGI.US,5,20131202,193000,9.3300,9.3300,9.3300,9.3300,100,0
PGI.US,5,20131202,193500,9.3200,9.3400,9.3100,9.3200,2600,0
PGI.US,5,20131202,194000,9.3300,9.3300,9.3300,9.3300,100,0
PGI.US,5,20131202,195000,9.3200,9.3800,9.3100,9.3700,8241,0
PGI.US,5,20131202,195500,9.3700,9.3700,9.3700,9.3700,100,0
PGI.US,5,20131202,200000,9.3600,9.3900,9.3600,9.3900,300,0
PGI.US,5,20131202,200500,9.3900,9.3900,9.3800,9.3800,200,0
PGI.US,5,20131202,201000,9.3700,9.3700,9.3600,9.3600,609,0
PGI.US,5,20131202,201500,9.3500,9.3500,9.3500,9.3500,100,0
PGI.US,5,20131202,202000,9.3400,9.3400,9.3300,9.3300,300,0
PGI.US,5,20131202,202500,9.3200,9.3200,9.3100,9.3200,1050,0
PGI.US,5,20131202,203000,9.3200,9.3200,9.3100,9.3100,200,0
PGI.US,5,20131202,203500,9.3100,9.3100,9.3100,9.3100,100,0
PGI.US,5,20131202,204000,9.3300,9.3500,9.3200,9.3200,1900,0
PGI.US,5,20131202,204500,9.3100,9.3200,9.2800,9.2800,1900,0
PGI.US,5,20131202,205000,9.2700,9.2900,9.2700,9.2900,900,0
PGI.US,5,20131202,205500,9.3000,9.3000,9.3000,9.3000,400,0
PGI.US,5,20131202,210000,9.3000,9.3100,9.3000,9.3100,200,0
PGI.US,5,20131202,210500,9.3100,9.3100,9.3100,9.3100,200,0
PGI.US,5,20131202,211000,9.3000,9.3000,9.3000,9.3000,300,0
PGI.US,5,20131202,211500,9.2800,9.2800,9.2800,9.2800,400,0
PGI.US,5,20131202,212000,9.3000,9.3000,9.3000,9.3000,100,0
PGI.US,5,20131202,212500,9.3100,9.3100,9.2900,9.2900,200,0
PGI.US,5,20131202,213000,9.2900,9.2900,9.2900,9.2900,100,0
PGI.US,5,20131202,213500,9.3100,9.3200,9.2900,9.2900,1200,0
PGI.US,5,20131202,214000,9.3100,9.3100,9.2900,9.3000,500,0
PGI.US,5,20131202,214500,9.3000,9.3000,9.3000,9.3000,900,0
PGI.US,5,20131202,215000,9.2900,9.3100,9.2900,9.2900,1301,0
PGI.US,5,20131202,215500,9.3100,9.3100,9.2400,9.2600,2700,0
PGI.US,5,20131202,220000,9.2600,9.2900,9.2500,9.2600,14710,0
PGI.US,5,20131202,220500,9.2500,9.2500,9.2500,9.2500,9435,0
PGI.US,5,20131203,153500,9.2200,9.2700,9.2200,9.2700,675,0
PGI.US,5,20131203,155000,9.3100,9.3100,9.3100,9.3100,160,0
PGI.US,5,20131203,161500,9.3200,9.3200,9.3200,9.3200,100,0
PGI.US,5,20131203,162000,9.3200,9.3400,9.3200,9.3400,200,0
PGI.US,5,20131203,162500,9.3400,9.3400,9.3400,9.3400,387,0
PGI.US,5,20131203,163000,9.3700,9.3700,9.3200,9.3200,300,0
PGI.US,5,20131203,163500,9.3100,9.3100,9.3100,9.3100,100,0
PGI.US,5,20131203,164000,9.3300,9.3300,9.3300,9.3300,100,0
PGI.US,5,20131203,164500,9.3200,9.3200,9.3200,9.3200,100,0
PGI.US,5,20131203,165000,9.3300,9.3300,9.3200,9.3200,200,0
PGI.US,5,20131203,170500,9.3000,9.3000,9.2700,9.2700,800,0
PGI.US,5,20131203,171000,9.2300,9.2400,9.2300,9.2400,400,0
PGI.US,5,20131203,172000,9.2700,9.2700,9.2700,9.2700,100,0
PGI.US,5,20131203,172500,9.2600,9.2600,9.2600,9.2600,100,0
PGI.US,5,20131203,173000,9.2600,9.2600,9.2600,9.2600,200,0
PGI.US,5,20131203,173500,9.2600,9.2600,9.2600,9.2600,100,0
PGI.US,5,20131203,174000,9.2600,9.2600,9.2600,9.2600,100,0
PGI.US,5,20131203,174500,9.2800,9.3000,9.2700,9.3000,300,0
PGI.US,5,20131203,175000,9.3000,9.3000,9.2700,9.2700,500,0
PGI.US,5,20131203,175500,9.2700,9.2700,9.2700,9.2700,100,0
PGI.US,5,20131203,180000,9.2700,9.2700,9.2700,9.2700,100,0
PGI.US,5,20131203,181000,9.2700,9.2700,9.2700,9.2700,100,0
PGI.US,5,20131203,181500,9.2800,9.3100,9.2600,9.3100,9300,0
PGI.US,5,20131203,182000,9.3400,9.3400,9.3400,9.3400,100,0
PGI.US,5,20131203,182500,9.3400,9.3400,9.3200,9.3200,500,0
PGI.US,5,20131203,183000,9.3300,9.3300,9.3300,9.3300,200,0
PGI.US,5,20131203,183500,9.3300,9.3400,9.3300,9.3300,300,0
PGI.US,5,20131203,184000,9.3300,9.3400,9.3200,9.3300,800,0
PGI.US,5,20131203,184500,9.3200,9.3300,9.3200,9.3200,600,0
PGI.US,5,20131203,185500,9.3300,9.3300,9.3300,9.3300,200,0
PGI.US,5,20131203,190000,9.3300,9.3300,9.3300,9.3300,300,0
PGI.US,5,20131203,190500,9.3200,9.3300,9.3000,9.3100,1415,0
PGI.US,5,20131203,191000,9.3000,9.3000,9.3000,9.3000,200,0
PGI.US,5,20131203,192000,9.2800,9.2800,9.2800,9.2800,100,0
PGI.US,5,20131203,192500,9.2700,9.2700,9.2600,9.2600,700,0
PGI.US,5,20131203,193000,9.2500,9.2500,9.2400,9.2400,300,0
PGI.US,5,20131203,194000,9.2400,9.2400,9.2400,9.2400,100,0
PGI.US,5,20131203,194500,9.2600,9.2600,9.2400,9.2500,800,0
PGI.US,5,20131203,195000,9.2500,9.2600,9.2400,9.2600,9300,0
PGI.US,5,20131203,195500,9.2600,9.2600,9.2600,9.2600,100,0
PGI.US,5,20131203,200000,9.3000,9.3000,9.2700,9.2700,680,0
PGI.US,5,20131203,200500,9.3000,9.3000,9.2800,9.2800,580,0
PGI.US,5,20131203,201000,9.3000,9.3000,9.2800,9.3000,500,0
PGI.US,5,20131203,201500,9.3000,9.3000,9.3000,9.3000,100,0
PGI.US,5,20131203,202000,9.3000,9.3000,9.2700,9.2700,1600,0
PGI.US,5,20131203,202500,9.2500,9.2500,9.2500,9.2500,100,0
PGI.US,5,20131203,203000,9.2700,9.2700,9.2700,9.2700,1100,0
PGI.US,5,20131203,203500,9.2900,9.3000,9.2900,9.2900,400,0
PGI.US,5,20131203,204000,9.3000,9.3000,9.3000,9.3000,500,0
PGI.US,5,20131203,204500,9.3000,9.3200,9.3000,9.3200,500,0
PGI.US,5,20131203,205000,9.3300,9.3300,9.3200,9.3200,300,0
PGI.US,5,20131203,205500,9.3200,9.3200,9.3200,9.3200,700,0
PGI.US,5,20131203,210000,9.3200,9.3200,9.3000,9.3000,1100,0
PGI.US,5,20131203,210500,9.2900,9.3000,9.2900,9.3000,1100,0
PGI.US,5,20131203,211000,9.3000,9.3000,9.3000,9.3000,300,0
PGI.US,5,20131203,211500,9.3000,9.3000,9.2900,9.2900,400,0
PGI.US,5,20131203,212000,9.2900,9.3000,9.2700,9.3000,1700,0
PGI.US,5,20131203,212500,9.2900,9.2900,9.2900,9.2900,400,0
PGI.US,5,20131203,213000,9.2900,9.3000,9.2900,9.3000,1449,0
PGI.US,5,20131203,213500,9.3000,9.3000,9.3000,9.3000,600,0
PGI.US,5,20131203,214000,9.3000,9.3000,9.2900,9.3000,800,0
PGI.US,5,20131203,214500,9.3000,9.3000,9.3000,9.3000,1400,0
PGI.US,5,20131203,215000,9.3000,9.3100,9.2900,9.3000,3555,0
PGI.US,5,20131203,215500,9.3100,9.3200,9.2900,9.3000,5176,0
PGI.US,5,20131203,220000,9.3000,9.3100,9.2900,9.3100,8501,0
PGI.US,5,20131203,220500,9.3000,9.3000,9.3000,9.3000,23200,0
PGI.US,5,20131204,153500,10.2000,10.3600,10.0500,10.2800,17723,0
PGI.US,5,20131204,154000,10.3100,10.5800,10.3100,10.4900,17080,0
PGI.US,5,20131204,154500,10.5200,10.7800,10.5100,10.5700,36795,0
PGI.US,5,20131204,155000,10.5700,10.6800,10.5500,10.6600,71864,0
PGI.US,5,20131204,155500,10.6200,11.0000,10.6200,11.0000,22778,0
PGI.US,5,20131204,160000,11.0000,11.2300,10.9300,10.9600,33213,0
PGI.US,5,20131204,160500,11.0100,11.0100,10.9600,10.9800,8670,0
PGI.US,5,20131204,161000,10.9800,11.1200,10.9800,11.1100,19080,0
PGI.US,5,20131204,161500,11.1200,11.2600,11.1000,11.2000,30190,0
PGI.US,5,20131204,162000,11.2000,11.3400,11.2000,11.3400,18065,0
PGI.US,5,20131204,162500,11.3400,11.3800,11.1600,11.1700,24560,0
PGI.US,5,20131204,163000,11.2100,11.2300,11.1600,11.1700,6600,0
PGI.US,5,20131204,163500,11.1900,11.2500,11.1700,11.2500,8455,0
PGI.US,5,20131204,164000,11.2500,11.3300,11.2400,11.3300,5450,0
PGI.US,5,20131204,164500,11.3400,11.4900,11.3300,11.3800,20044,0
PGI.US,5,20131204,165000,11.3700,11.5300,11.3700,11.5300,16458,0
PGI.US,5,20131204,165500,11.5300,11.6800,11.5100,11.6200,34213,0
PGI.US,5,20131204,170000,11.6500,11.6800,11.5900,11.6300,9350,0
PGI.US,5,20131204,170500,11.6400,11.7500,11.6400,11.6800,18890,0
PGI.US,5,20131204,171000,11.6800,11.7500,11.6100,11.6200,36149,0
PGI.US,5,20131204,171500,11.6100,11.6800,11.6100,11.6500,8530,0
PGI.US,5,20131204,172000,11.6700,11.7000,11.5900,11.5900,18100,0
PGI.US,5,20131204,172500,11.5900,11.6200,11.5900,11.6000,15500,0
PGI.US,5,20131204,173000,11.6000,11.6000,11.4700,11.4700,23579,0
PGI.US,5,20131204,173500,11.4700,11.4900,11.4000,11.4100,13600,0
PGI.US,5,20131204,174000,11.4100,11.4300,11.3300,11.3900,20927,0
PGI.US,5,20131204,174500,11.4200,11.4200,11.2900,11.3100,15968,0
PGI.US,5,20131204,175000,11.3000,11.3400,11.1800,11.1800,22850,0
PGI.US,5,20131204,175500,11.1800,11.2300,11.0300,11.1000,17495,0
PGI.US,5,20131204,180000,11.1000,11.1100,10.9600,11.0000,36599,0
PGI.US,5,20131204,180500,11.0100,11.0100,10.9200,10.9300,8500,0
PGI.US,5,20131204,181000,10.9500,10.9500,10.8100,10.8400,18800,0
PGI.US,5,20131204,181500,10.8500,10.8800,10.7700,10.7700,37625,0
PGI.US,5,20131204,182000,10.7500,10.8400,10.7000,10.7900,10450,0
PGI.US,5,20131204,182500,10.7800,10.8000,10.6100,10.6600,19250,0
PGI.US,5,20131204,183000,10.6500,10.6800,10.5000,10.5200,26410,0
PGI.US,5,20131204,183500,10.5500,10.5700,10.4200,10.5400,14450,0
PGI.US,5,20131204,184000,10.5400,10.5800,10.3800,10.4300,25688,0
PGI.US,5,20131204,184500,10.4600,10.4700,10.4400,10.4700,15050,0
PGI.US,5,20131204,185000,10.4400,10.5100,10.4400,10.4700,29799,0
PGI.US,5,20131204,185500,10.5000,10.5200,10.4900,10.5100,9200,0
PGI.US,5,20131204,190000,10.5200,10.5200,10.4200,10.4400,10300,0
PGI.US,5,20131204,190500,10.4300,10.4400,10.4300,10.4300,2100,0
PGI.US,5,20131204,191000,10.4400,10.5200,10.4400,10.4600,22409,0
PGI.US,5,20131204,191500,10.4600,10.4600,10.1900,10.3000,22648,0
PGI.US,5,20131204,192000,10.3100,10.4100,10.3100,10.4100,7923,0
PGI.US,5,20131204,192500,10.4300,10.4800,10.3300,10.3300,17600,0
PGI.US,5,20131204,193000,10.3800,10.3900,10.3400,10.3600,8700,0
PGI.US,5,20131204,193500,10.3600,10.3700,10.2000,10.2400,18270,0
PGI.US,5,20131204,194000,10.2800,10.2800,10.1400,10.1400,14100,0
PGI.US,5,20131204,194500,10.1400,10.2300,10.1400,10.2300,3000,0
PGI.US,5,20131204,195000,10.2100,10.2300,10.1700,10.1700,8701,0
PGI.US,5,20131204,195500,10.1700,10.1800,10.1000,10.1000,8847,0
PGI.US,5,20131204,200000,10.1000,10.1500,10.1000,10.1100,2300,0
PGI.US,5,20131204,200500,10.1200,10.2100,10.1200,10.1900,5102,0
PGI.US,5,20131204,201000,10.1900,10.1900,10.1200,10.1200,11611,0
PGI.US,5,20131204,201500,10.1200,10.2200,10.1200,10.1600,3300,0
PGI.US,5,20131204,202000,10.1700,10.2400,10.1600,10.2000,8728,0
PGI.US,5,20131204,202500,10.2100,10.2100,10.1000,10.1600,7000,0
PGI.US,5,20131204,203000,10.1500,10.2100,10.1500,10.2000,3500,0
PGI.US,5,20131204,203500,10.2200,10.2500,10.1900,10.2300,1600,0
PGI.US,5,20131204,204000,10.2500,10.2800,10.1800,10.2000,8400,0
PGI.US,5,20131204,204500,10.1700,10.2000,10.1700,10.1800,11100,0
PGI.US,5,20131204,205000,10.1800,10.2200,10.1700,10.2100,4600,0
PGI.US,5,20131204,205500,10.2000,10.2500,10.1900,10.2100,8028,0
PGI.US,5,20131204,210000,10.2200,10.3400,10.2200,10.2500,8929,0
PGI.US,5,20131204,210500,10.2500,10.2900,10.2500,10.2500,4900,0
PGI.US,5,20131204,211000,10.2800,10.3000,10.2600,10.3000,4000,0
PGI.US,5,20131204,211500,10.2900,10.3700,10.2900,10.3300,8557,0
PGI.US,5,20131204,212000,10.3200,10.4100,10.3200,10.3500,6587,0
PGI.US,5,20131204,212500,10.3300,10.3400,10.2900,10.2900,5800,0
PGI.US,5,20131204,213000,10.3000,10.3400,10.2900,10.3300,3100,0
PGI.US,5,20131204,213500,10.3300,10.3800,10.3100,10.3100,7218,0
PGI.US,5,20131204,214000,10.3300,10.3300,10.3100,10.3100,6456,0
PGI.US,5,20131204,214500,10.3200,10.3300,10.3200,10.3200,6100,0
PGI.US,5,20131204,215000,10.3200,10.3700,10.3200,10.3600,7900,0
PGI.US,5,20131204,215500,10.3500,10.3800,10.3200,10.3700,15585,0
PGI.US,5,20131204,220000,10.3900,10.4800,10.3800,10.3800,58225,0
PGI.US,5,20131204,220500,10.3600,10.3600,10.3600,10.3600,23107,0
PGI.US,5,20131205,153500,10.3900,10.6100,10.3900,10.5800,16000,0
PGI.US,5,20131205,154000,10.5900,10.7900,10.5700,10.7500,19124,0
PGI.US,5,20131205,154500,10.7500,10.7700,10.6800,10.7500,3200,0
PGI.US,5,20131205,155000,10.7500,10.7500,10.6900,10.7100,3300,0
PGI.US,5,20131205,155500,10.7100,10.7400,10.5100,10.5400,16712,0
PGI.US,5,20131205,160000,10.5700,10.6600,10.5700,10.6600,1800,0
PGI.US,5,20131205,160500,10.6200,10.6600,10.5900,10.6300,4227,0
PGI.US,5,20131205,161000,10.6300,10.6300,10.5300,10.5800,7196,0
PGI.US,5,20131205,161500,10.5900,10.7000,10.5900,10.6600,4300,0
PGI.US,5,20131205,162000,10.7000,10.7000,10.6600,10.6900,4200,0
PGI.US,5,20131205,162500,10.7000,10.7000,10.6700,10.6900,2600,0
PGI.US,5,20131205,163000,10.6900,10.6900,10.6400,10.6900,500,0
PGI.US,5,20131205,163500,10.6900,10.7000,10.6500,10.6500,2503,0
PGI.US,5,20131205,164000,10.6800,10.6900,10.6600,10.6900,1700,0
PGI.US,5,20131205,164500,10.6800,10.6800,10.6500,10.6800,1900,0
PGI.US,5,20131205,165000,10.6700,10.6800,10.6500,10.6500,1200,0
PGI.US,5,20131205,165500,10.6400,10.6700,10.6200,10.6700,1000,0
PGI.US,5,20131205,170000,10.6800,10.6900,10.6700,10.6800,600,0
PGI.US,5,20131205,170500,10.6900,10.6900,10.6600,10.6800,2600,0
PGI.US,5,20131205,171000,10.6900,10.7000,10.6800,10.6800,2600,0
PGI.US,5,20131205,171500,10.6600,10.6800,10.6400,10.6400,3550,0
PGI.US,5,20131205,172000,10.6500,10.6900,10.6500,10.6900,900,0
PGI.US,5,20131205,172500,10.6900,10.6900,10.6800,10.6800,1000,0
PGI.US,5,20131205,173000,10.6700,10.6800,10.6600,10.6800,2299,0
PGI.US,5,20131205,173500,10.6700,10.6900,10.6700,10.6800,1000,0
PGI.US,5,20131205,174000,10.6700,10.6800,10.6700,10.6700,1700,0
PGI.US,5,20131205,174500,10.6600,10.6600,10.6600,10.6600,200,0
PGI.US,5,20131205,175000,10.6700,10.6700,10.6700,10.6700,900,0
PGI.US,5,20131205,175500,10.6700,10.6700,10.6600,10.6700,3000,0
PGI.US,5,20131205,180000,10.6700,10.6700,10.6500,10.6700,2201,0
PGI.US,5,20131205,180500,10.6700,10.6700,10.6100,10.6300,6866,0
PGI.US,5,20131205,181000,10.6300,10.6600,10.6300,10.6500,5001,0
PGI.US,5,20131205,181500,10.6300,10.6500,10.6300,10.6500,315,0
PGI.US,5,20131205,182000,10.6300,10.6600,10.6300,10.6600,530,0
PGI.US,5,20131205,182500,10.6400,10.6400,10.6400,10.6400,300,0
PGI.US,5,20131205,183000,10.6400,10.6400,10.6300,10.6300,1100,0
PGI.US,5,20131205,183500,10.6200,10.6400,10.6200,10.6400,2100,0
PGI.US,5,20131205,184000,10.6400,10.6400,10.6200,10.6200,1300,0
PGI.US,5,20131205,184500,10.6300,10.6400,10.6300,10.6400,700,0
PGI.US,5,20131205,185000,10.6600,10.6600,10.6300,10.6300,200,0
PGI.US,5,20131205,185500,10.6500,10.6500,10.6500,10.6500,800,0
PGI.US,5,20131205,190000,10.6400,10.6400,10.6300,10.6300,1552,0
PGI.US,5,20131205,191000,10.6500,10.6700,10.6500,10.6600,1400,0
PGI.US,5,20131205,191500,10.6500,10.6500,10.6500,10.6500,200,0
PGI.US,5,20131205,192000,10.6600,10.6600,10.6500,10.6500,350,0
PGI.US,5,20131205,192500,10.6500,10.6600,10.6400,10.6400,1206,0
PGI.US,5,20131205,193000,10.6500,10.6500,10.6100,10.6400,3300,0
PGI.US,5,20131205,193500,10.6300,10.6300,10.6300,10.6300,200,0
PGI.US,5,20131205,194000,10.6400,10.6400,10.6400,10.6400,1700,0
PGI.US,5,20131205,194500,10.6300,10.6300,10.6200,10.6200,300,0
PGI.US,5,20131205,195000,10.6000,10.6000,10.6000,10.6000,400,0
PGI.US,5,20131205,195500,10.6000,10.6100,10.6000,10.6000,1200,0
PGI.US,5,20131205,200000,10.6000,10.6200,10.6000,10.6000,2600,0
PGI.US,5,20131205,200500,10.6000,10.6100,10.6000,10.6000,1600,0
PGI.US,5,20131205,201000,10.6000,10.6100,10.6000,10.6000,1800,0
PGI.US,5,20131205,201500,10.6000,10.6000,10.6000,10.6000,100,0
PGI.US,5,20131205,202000,10.6000,10.6000,10.6000,10.6000,900,0
PGI.US,5,20131205,202500,10.6000,10.6100,10.5900,10.6000,600,0
PGI.US,5,20131205,203000,10.5900,10.6000,10.5800,10.5900,1800,0
PGI.US,5,20131205,203500,10.5900,10.6000,10.5900,10.6000,600,0
PGI.US,5,20131205,204000,10.6000,10.6000,10.5900,10.5900,500,0
PGI.US,5,20131205,204500,10.5800,10.5900,10.5800,10.5900,600,0
PGI.US,5,20131205,205000,10.5900,10.6000,10.5800,10.5900,1300,0
PGI.US,5,20131205,205500,10.5800,10.5900,10.5800,10.5900,1400,0
PGI.US,5,20131205,210000,10.5700,10.5900,10.5400,10.5900,2738,0
PGI.US,5,20131205,210500,10.5800,10.5800,10.5600,10.5600,500,0
PGI.US,5,20131205,211000,10.5500,10.5700,10.5500,10.5700,400,0
PGI.US,5,20131205,211500,10.5600,10.5600,10.5600,10.5600,100,0
PGI.US,5,20131205,212000,10.5600,10.6000,10.5600,10.6000,3701,0
PGI.US,5,20131205,212500,10.6000,10.6000,10.5900,10.6000,1753,0
PGI.US,5,20131205,213000,10.6000,10.6000,10.5900,10.5900,1900,0
PGI.US,5,20131205,213500,10.5900,10.6000,10.5700,10.6000,4096,0
PGI.US,5,20131205,214000,10.5900,10.6000,10.5900,10.6000,1100,0
PGI.US,5,20131205,214500,10.6000,10.6000,10.5800,10.5900,900,0
PGI.US,5,20131205,215000,10.5800,10.5900,10.5600,10.5800,3400,0
PGI.US,5,20131205,215500,10.5800,10.5900,10.5700,10.5900,3690,0
PGI.US,5,20131205,220000,10.5900,10.6000,10.5800,10.6000,11932,0
PGI.US,5,20131205,220500,10.5900,10.5900,10.5900,10.5900,11152,0
PGI.US,5,20131206,153500,10.8500,10.8800,10.7800,10.8400,1887,0
PGI.US,5,20131206,154000,10.8000,10.8200,10.7000,10.7000,13430,0
PGI.US,5,20131206,154500,10.7100,10.7600,10.6900,10.7500,3871,0
PGI.US,5,20131206,155000,10.7200,10.7300,10.6000,10.6200,14698,0
PGI.US,5,20131206,155500,10.6600,10.6600,10.6100,10.6200,1413,0
PGI.US,5,20131206,160000,10.6500,10.6500,10.5700,10.6000,18488,0
PGI.US,5,20131206,160500,10.5800,10.6200,10.5800,10.5900,5900,0
PGI.US,5,20131206,161000,10.5900,10.5900,10.5500,10.5500,10476,0
PGI.US,5,20131206,161500,10.5700,10.5700,10.5000,10.5300,4934,0
PGI.US,5,20131206,162000,10.5400,10.5400,10.4300,10.4300,16122,0
PGI.US,5,20131206,162500,10.4000,10.4500,10.3300,10.3700,9042,0
PGI.US,5,20131206,163000,10.3500,10.3500,10.2500,10.3000,11768,0
PGI.US,5,20131206,163500,10.2800,10.2800,10.1000,10.1600,22337,0
PGI.US,5,20131206,164000,10.1900,10.3200,10.1900,10.3200,9235,0
PGI.US,5,20131206,164500,10.3300,10.3400,10.3300,10.3400,4050,0
PGI.US,5,20131206,165000,10.3400,10.3400,10.2500,10.2500,1999,0
PGI.US,5,20131206,165500,10.2800,10.3300,10.2200,10.2200,5800,0
PGI.US,5,20131206,170000,10.2400,10.2600,10.2400,10.2500,3700,0
PGI.US,5,20131206,170500,10.2500,10.2500,10.1900,10.1900,1200,0
PGI.US,5,20131206,171000,10.2200,10.3000,10.2100,10.2600,7400,0
PGI.US,5,20131206,171500,10.3000,10.3000,10.2700,10.2700,200,0
PGI.US,5,20131206,172000,10.3000,10.3000,10.2500,10.2500,8400,0
PGI.US,5,20131206,172500,10.2500,10.2500,10.1900,10.1900,1123,0
PGI.US,5,20131206,173000,10.1900,10.1900,10.1100,10.1400,5300,0
PGI.US,5,20131206,173500,10.1400,10.3100,10.1400,10.2700,9801,0
PGI.US,5,20131206,174000,10.2500,10.2500,10.2400,10.2400,800,0
PGI.US,5,20131206,174500,10.2000,10.2400,10.2000,10.2300,1250,0
PGI.US,5,20131206,175000,10.2300,10.3000,10.2300,10.2600,1800,0
PGI.US,5,20131206,175500,10.3000,10.3000,10.1600,10.1700,18018,0
PGI.US,5,20131206,180000,10.1700,10.2000,10.1700,10.1700,1600,0
PGI.US,5,20131206,180500,10.2000,10.2100,10.1900,10.1900,2219,0
PGI.US,5,20131206,181000,10.2000,10.2400,10.2000,10.2400,1100,0
PGI.US,5,20131206,181500,10.2400,10.2400,10.2400,10.2400,200,0
PGI.US,5,20131206,182000,10.2400,10.2700,10.2400,10.2700,2750,0
PGI.US,5,20131206,182500,10.2800,10.3600,10.2500,10.3000,37600,0
PGI.US,5,20131206,183000,10.3000,10.3000,10.3000,10.3000,100,0
PGI.US,5,20131206,183500,10.3400,10.3400,10.3100,10.3400,1800,0
PGI.US,5,20131206,184000,10.3500,10.4000,10.3200,10.3300,11828,0
PGI.US,5,20131206,184500,10.3300,10.3900,10.3300,10.3700,2900,0
PGI.US,5,20131206,185000,10.3900,10.4000,10.3700,10.3900,1372,0
PGI.US,5,20131206,185500,10.3800,10.3900,10.3700,10.3900,500,0
PGI.US,5,20131206,190000,10.3900,10.4000,10.3900,10.4000,2184,0
PGI.US,5,20131206,190500,10.4000,10.4300,10.3900,10.4300,8368,0
PGI.US,5,20131206,191000,10.4200,10.4200,10.3900,10.3900,1700,0
PGI.US,5,20131206,191500,10.3900,10.4000,10.3900,10.4000,1100,0
PGI.US,5,20131206,192000,10.3900,10.4100,10.3900,10.4000,136750,0
PGI.US,5,20131206,192500,10.3900,10.4100,10.3900,10.4000,1900,0
PGI.US,5,20131206,193000,10.4000,10.4000,10.3900,10.4000,2700,0
PGI.US,5,20131206,193500,10.4000,10.4100,10.4000,10.4100,400,0
PGI.US,5,20131206,194000,10.4100,10.4300,10.4000,10.4300,2596,0
PGI.US,5,20131206,194500,10.4100,10.4300,10.4000,10.4000,4938,0
PGI.US,5,20131206,195000,10.4200,10.4200,10.4000,10.4200,6300,0
PGI.US,5,20131206,195500,10.4000,10.4200,10.3900,10.4100,2380,0
PGI.US,5,20131206,200000,10.4000,10.4000,10.3600,10.3700,1200,0
PGI.US,5,20131206,200500,10.3900,10.4000,10.3900,10.4000,700,0
PGI.US,5,20131206,201000,10.4000,10.4000,10.4000,10.4000,14356,0
PGI.US,5,20131206,201500,10.4000,10.4000,10.4000,10.4000,344,0
PGI.US,5,20131206,202000,10.4000,10.4100,10.4000,10.4000,3214,0
PGI.US,5,20131206,202500,10.3900,10.4100,10.3900,10.4000,5100,0
PGI.US,5,20131206,203000,10.4000,10.4100,10.4000,10.4100,300,0
PGI.US,5,20131206,203500,10.4000,10.4100,10.4000,10.4000,3000,0
PGI.US,5,20131206,204000,10.3900,10.4100,10.3900,10.4000,1962,0
PGI.US,5,20131206,204500,10.4000,10.4100,10.4000,10.4000,2100,0
PGI.US,5,20131206,205000,10.3900,10.4100,10.3900,10.4000,11000,0
PGI.US,5,20131206,205500,10.4100,10.4400,10.4000,10.4300,13619,0
PGI.US,5,20131206,210000,10.4300,10.4900,10.4300,10.4600,14061,0
PGI.US,5,20131206,210500,10.4600,10.5000,10.4600,10.5000,5359,0
PGI.US,5,20131206,211000,10.4900,10.5000,10.4800,10.5000,1200,0
PGI.US,5,20131206,211500,10.5000,10.5000,10.4800,10.5000,4470,0
PGI.US,5,20131206,212000,10.5000,10.5000,10.4900,10.4900,1600,0
PGI.US,5,20131206,212500,10.5000,10.5000,10.4900,10.5000,2200,0
PGI.US,5,20131206,213000,10.5000,10.5000,10.4500,10.4500,6200,0
PGI.US,5,20131206,213500,10.4500,10.4600,10.4500,10.4600,4000,0
PGI.US,5,20131206,214000,10.4600,10.4600,10.4500,10.4600,2100,0
PGI.US,5,20131206,214500,10.4600,10.4800,10.4500,10.4600,8151,0
PGI.US,5,20131206,215000,10.4800,10.4800,10.4400,10.4500,4390,0
PGI.US,5,20131206,215500,10.4400,10.4700,10.4400,10.4500,21805,0
PGI.US,5,20131206,220000,10.4500,10.5000,10.4400,10.4700,21007,0
PGI.US,5,20131206,220500,10.4700,10.4700,10.4700,10.4700,12287,0
PGI.US,5,20131209,153500,10.3500,10.5000,10.3500,10.3900,10702,0
PGI.US,5,20131209,154000,10.4100,10.4100,10.4100,10.4100,400,0
PGI.US,5,20131209,154500,10.4900,10.4900,10.4600,10.4600,1830,0
PGI.US,5,20131209,155000,10.4700,10.4700,10.4200,10.4200,1000,0
PGI.US,5,20131209,155500,10.4600,10.4600,10.4400,10.4500,2480,0
PGI.US,5,20131209,160000,10.4400,10.4700,10.4400,10.4700,1400,0
PGI.US,5,20131209,160500,10.4600,10.4600,10.4400,10.4400,1880,0
PGI.US,5,20131209,161000,10.4400,10.4400,10.3800,10.4000,3600,0
PGI.US,5,20131209,161500,10.3900,10.4000,10.3900,10.4000,900,0
PGI.US,5,20131209,162000,10.4000,10.4200,10.3900,10.3900,6565,0
PGI.US,5,20131209,162500,10.3400,10.3800,10.3400,10.3600,1100,0
PGI.US,5,20131209,163000,10.3800,10.4000,10.3800,10.4000,1398,0
PGI.US,5,20131209,163500,10.3900,10.4000,10.3800,10.4000,2800,0
PGI.US,5,20131209,164000,10.3900,10.4200,10.3900,10.4200,2283,0
PGI.US,5,20131209,164500,10.4200,10.4200,10.3800,10.3800,2100,0
PGI.US,5,20131209,165000,10.3800,10.3800,10.3800,10.3800,200,0
PGI.US,5,20131209,165500,10.3900,10.4000,10.3800,10.4000,5352,0
PGI.US,5,20131209,170000,10.3900,10.4000,10.3900,10.4000,1000,0
PGI.US,5,20131209,170500,10.3900,10.4000,10.3900,10.4000,1200,0
PGI.US,5,20131209,171000,10.4000,10.4100,10.3900,10.4000,4800,0
PGI.US,5,20131209,171500,10.4000,10.4000,10.4000,10.4000,500,0
PGI.US,5,20131209,172000,10.4000,10.4000,10.4000,10.4000,2988,0
PGI.US,5,20131209,172500,10.4000,10.4000,10.3900,10.4000,1000,0
PGI.US,5,20131209,173000,10.4000,10.4000,10.4000,10.4000,1682,0
PGI.US,5,20131209,173500,10.4000,10.4000,10.4000,10.4000,1300,0
PGI.US,5,20131209,174000,10.3900,10.4000,10.3900,10.4000,600,0
PGI.US,5,20131209,174500,10.4000,10.4000,10.4000,10.4000,400,0
PGI.US,5,20131209,175000,10.4000,10.4100,10.3900,10.3900,3300,0
PGI.US,5,20131209,175500,10.3900,10.3900,10.3900,10.3900,200,0
PGI.US,5,20131209,180000,10.4000,10.4000,10.4000,10.4000,1400,0
PGI.US,5,20131209,180500,10.4000,10.4000,10.4000,10.4000,1500,0
PGI.US,5,20131209,181000,10.4000,10.4000,10.4000,10.4000,200,0
PGI.US,5,20131209,181500,10.4000,10.4000,10.3900,10.3900,1300,0
PGI.US,5,20131209,182000,10.4000,10.4300,10.4000,10.4200,5928,0
PGI.US,5,20131209,182500,10.4200,10.4600,10.4200,10.4600,8819,0
PGI.US,5,20131209,183000,10.4500,10.4900,10.4500,10.4600,14098,0
PGI.US,5,20131209,183500,10.4600,10.4600,10.4100,10.4400,5530,0
PGI.US,5,20131209,184000,10.4300,10.4400,10.4300,10.4400,900,0
PGI.US,5,20131209,184500,10.4500,10.4600,10.4500,10.4600,1800,0
PGI.US,5,20131209,185000,10.4700,10.4800,10.4000,10.4300,7896,0
PGI.US,5,20131209,185500,10.4000,10.4300,10.4000,10.4000,1400,0
PGI.US,5,20131209,190000,10.4100,10.4200,10.4000,10.4200,900,0
PGI.US,5,20131209,190500,10.4200,10.4500,10.4200,10.4500,1500,0
PGI.US,5,20131209,191000,10.4200,10.4500,10.4200,10.4500,300,0
PGI.US,5,20131209,191500,10.4400,10.4500,10.4300,10.4500,1660,0
PGI.US,5,20131209,192000,10.4500,10.4500,10.4300,10.4300,1700,0
PGI.US,5,20131209,192500,10.4500,10.4500,10.4500,10.4500,200,0
PGI.US,5,20131209,193000,10.4500,10.4500,10.4400,10.4500,3100,0
PGI.US,5,20131209,193500,10.4500,10.4500,10.4400,10.4500,700,0
PGI.US,5,20131209,194000,10.4500,10.4500,10.4200,10.4200,4000,0
PGI.US,5,20131209,194500,10.4300,10.4300,10.4200,10.4200,666,0
PGI.US,5,20131209,195000,10.4200,10.4400,10.4000,10.4000,5331,0
PGI.US,5,20131209,195500,10.3800,10.4000,10.3800,10.4000,3006,0
PGI.US,5,20131209,200500,10.3900,10.4200,10.3900,10.4200,1300,0
PGI.US,5,20131209,201000,10.4200,10.4500,10.4200,10.4500,1200,0
PGI.US,5,20131209,201500,10.4500,10.4500,10.4400,10.4500,3381,0
PGI.US,5,20131209,202000,10.4500,10.4500,10.4500,10.4500,2100,0
PGI.US,5,20131209,202500,10.4500,10.4500,10.4300,10.4300,4106,0
PGI.US,5,20131209,203000,10.4400,10.4400,10.4300,10.4300,1200,0
PGI.US,5,20131209,203500,10.4400,10.4500,10.4400,10.4400,2300,0
PGI.US,5,20131209,204000,10.4500,10.4600,10.4400,10.4500,14150,0
PGI.US,5,20131209,204500,10.4500,10.4700,10.4500,10.4600,2100,0
PGI.US,5,20131209,205000,10.4700,10.4700,10.4700,10.4700,400,0
PGI.US,5,20131209,205500,10.4700,10.4700,10.4700,10.4700,700,0
PGI.US,5,20131209,210000,10.4600,10.4700,10.4400,10.4400,9414,0
PGI.US,5,20131209,210500,10.4400,10.4500,10.4300,10.4500,2800,0
PGI.US,5,20131209,211000,10.4300,10.4500,10.4300,10.4500,400,0
PGI.US,5,20131209,211500,10.4400,10.4600,10.4300,10.4600,15466,0
PGI.US,5,20131209,212000,10.4500,10.4600,10.4500,10.4500,4200,0
PGI.US,5,20131209,212500,10.4500,10.4500,10.4300,10.4300,8188,0
PGI.US,5,20131209,213000,10.4400,10.4500,10.4300,10.4500,7000,0
PGI.US,5,20131209,213500,10.4400,10.4500,10.4400,10.4500,4371,0
PGI.US,5,20131209,214000,10.4400,10.4500,10.4200,10.4200,6929,0
PGI.US,5,20131209,214500,10.4200,10.4300,10.4200,10.4200,2900,0
PGI.US,5,20131209,215000,10.4300,10.4400,10.4200,10.4200,9300,0
PGI.US,5,20131209,215500,10.4200,10.4400,10.4200,10.4300,8995,0
PGI.US,5,20131209,220000,10.4500,10.4900,10.4400,10.4800,48055,0
PGI.US,5,20131209,220500,10.4700,10.4800,10.4700,10.4800,52104,0
