<TICKER>,<PER>,<DTYYYYMMDD>,<TIME>,<OPEN>,<HIGH>,<LOW>,<CLOSE>,<VOL>,<OPENINT>
PRA.US,5,20131112,153500,46.2800,46.5700,46.2800,46.5700,298,0
PRA.US,5,20131112,154000,46.3000,46.3400,46.2900,46.3400,2054,0
PRA.US,5,20131112,154500,46.4000,46.4000,46.4000,46.4000,100,0
PRA.US,5,20131112,155000,46.4300,46.4300,46.4100,46.4100,726,0
PRA.US,5,20131112,155500,46.4200,46.4200,46.3800,46.3800,400,0
PRA.US,5,20131112,160000,46.3900,46.4000,46.3600,46.4000,1500,0
PRA.US,5,20131112,160500,46.3400,46.3700,46.3100,46.3300,5601,0
PRA.US,5,20131112,161000,46.3400,46.3400,46.2400,46.2800,3350,0
PRA.US,5,20131112,161500,46.2900,46.2900,46.2200,46.2600,700,0
PRA.US,5,20131112,162000,46.2500,46.3300,46.2500,46.3000,600,0
PRA.US,5,20131112,162500,46.2800,46.2800,46.2200,46.2500,1300,0
PRA.US,5,20131112,163000,46.2500,46.2900,46.2500,46.2900,1200,0
PRA.US,5,20131112,163500,46.2700,46.2700,46.2600,46.2600,200,0
PRA.US,5,20131112,164000,46.2700,46.2800,46.2700,46.2800,400,0
PRA.US,5,20131112,164500,46.3000,46.3000,46.2700,46.2700,200,0
PRA.US,5,20131112,165000,46.2700,46.2900,46.2400,46.2400,1900,0
PRA.US,5,20131112,165500,46.2300,46.2400,46.1800,46.1900,1800,0
PRA.US,5,20131112,170000,46.2000,46.2000,46.1700,46.1700,1000,0
PRA.US,5,20131112,170500,46.1800,46.1800,46.1700,46.1800,400,0
PRA.US,5,20131112,171000,46.1800,46.1800,46.1500,46.1500,800,0
PRA.US,5,20131112,171500,46.1500,46.1500,46.1500,46.1500,200,0
PRA.US,5,20131112,172000,46.1400,46.1400,46.1400,46.1400,100,0
PRA.US,5,20131112,172500,46.1400,46.1500,46.1300,46.1300,1000,0
PRA.US,5,20131112,173000,46.1500,46.1500,46.1000,46.1200,3247,0
PRA.US,5,20131112,173500,46.1100,46.1300,46.1100,46.1300,300,0
PRA.US,5,20131112,174000,46.1000,46.1200,46.0500,46.0500,1517,0
PRA.US,5,20131112,174500,46.0200,46.0600,46.0200,46.0500,415,0
PRA.US,5,20131112,175000,46.0700,46.0800,46.0100,46.0100,1200,0
PRA.US,5,20131112,175500,46.0200,46.0300,46.0100,46.0200,1400,0
PRA.US,5,20131112,180000,46.0300,46.0900,46.0300,46.0900,2000,0
PRA.US,5,20131112,180500,46.0800,46.1200,46.0800,46.1200,186567,0
PRA.US,5,20131112,181000,46.1300,46.1300,46.0500,46.0500,1700,0
PRA.US,5,20131112,181500,46.0700,46.1000,46.0700,46.1000,900,0
PRA.US,5,20131112,182500,46.0800,46.0800,46.0600,46.0700,1310,0
PRA.US,5,20131112,183000,46.0600,46.0800,46.0600,46.0800,200,0
PRA.US,5,20131112,183500,46.0900,46.0900,46.0400,46.0900,1500,0
PRA.US,5,20131112,184000,46.0700,46.1000,46.0600,46.1000,900,0
PRA.US,5,20131112,184500,46.0700,46.0700,46.0700,46.0700,195,0
PRA.US,5,20131112,185000,46.1100,46.1100,46.1100,46.1100,100,0
PRA.US,5,20131112,185500,46.1100,46.1400,46.0900,46.1300,1600,0
PRA.US,5,20131112,190000,46.1200,46.1400,46.1200,46.1300,1526,0
PRA.US,5,20131112,191000,46.0900,46.1000,46.0800,46.1000,1300,0
PRA.US,5,20131112,191500,46.1000,46.1000,46.1000,46.1000,100,0
PRA.US,5,20131112,192000,46.1000,46.1300,46.1000,46.1300,200,0
PRA.US,5,20131112,192500,46.1100,46.1100,46.1000,46.1100,300,0
PRA.US,5,20131112,193000,46.1000,46.1000,46.1000,46.1000,300,0
PRA.US,5,20131112,193500,46.0800,46.0800,46.0800,46.0800,100,0
PRA.US,5,20131112,194000,46.0600,46.0600,46.0500,46.0500,200,0
PRA.US,5,20131112,194500,46.0600,46.0600,46.0200,46.0200,1700,0
PRA.US,5,20131112,195000,46.0400,46.0400,46.0100,46.0400,398,0
PRA.US,5,20131112,195500,46.0300,46.0300,46.0100,46.0200,800,0
PRA.US,5,20131112,200000,46.0000,46.0200,46.0000,46.0200,200,0
PRA.US,5,20131112,200500,46.0100,46.0100,45.9600,45.9600,2762,0
PRA.US,5,20131112,201000,45.9500,45.9700,45.9500,45.9700,1200,0
PRA.US,5,20131112,201500,45.9800,45.9800,45.9700,45.9700,900,0
PRA.US,5,20131112,202000,45.9700,45.9800,45.9700,45.9800,2300,0
PRA.US,5,20131112,202500,45.9700,45.9900,45.9700,45.9900,950,0
PRA.US,5,20131112,203000,45.9800,45.9800,45.9500,45.9500,1100,0
PRA.US,5,20131112,203500,45.9600,45.9700,45.9500,45.9500,900,0
PRA.US,5,20131112,204000,45.9500,45.9700,45.9400,45.9600,600,0
PRA.US,5,20131112,204500,45.9600,45.9600,45.9400,45.9500,600,0
PRA.US,5,20131112,205000,45.9500,45.9500,45.9500,45.9500,685,0
PRA.US,5,20131112,205500,45.9500,45.9900,45.9500,45.9800,1500,0
PRA.US,5,20131112,210000,45.9800,46.0500,45.9800,46.0500,1110,0
PRA.US,5,20131112,210500,46.0500,46.0500,46.0200,46.0200,1039,0
PRA.US,5,20131112,211000,46.0200,46.0500,46.0000,46.0500,2478,0
PRA.US,5,20131112,211500,46.0500,46.0600,46.0500,46.0500,1700,0
PRA.US,5,20131112,212000,46.0500,46.0500,46.0300,46.0300,1700,0
PRA.US,5,20131112,212500,46.0400,46.0600,46.0300,46.0300,2000,0
PRA.US,5,20131112,213000,46.0300,46.0300,46.0000,46.0000,2600,0
PRA.US,5,20131112,213500,46.0100,46.0500,46.0100,46.0400,1900,0
PRA.US,5,20131112,214000,46.0400,46.0400,46.0000,46.0000,2800,0
PRA.US,5,20131112,214500,46.0000,46.0300,46.0000,46.0300,2812,0
PRA.US,5,20131112,215000,46.0100,46.0600,46.0100,46.0600,3811,0
PRA.US,5,20131112,215500,46.0400,46.0500,46.0200,46.0200,3755,0
PRA.US,5,20131112,220000,46.0100,46.0500,46.0100,46.0300,7172,0
PRA.US,5,20131112,220500,46.0300,46.0300,46.0300,46.0300,15425,0
PRA.US,5,20131113,153500,45.6900,45.6900,45.6900,45.6900,5698,0
PRA.US,5,20131113,154000,45.8700,45.8800,45.8400,45.8700,2022,0
PRA.US,5,20131113,154500,45.8700,45.8900,45.8600,45.8700,1900,0
PRA.US,5,20131113,155000,45.9700,45.9700,45.9600,45.9600,300,0
PRA.US,5,20131113,155500,45.9800,45.9800,45.8900,45.8900,2000,0
PRA.US,5,20131113,160000,45.9200,45.9900,45.9200,45.9900,1100,0
PRA.US,5,20131113,160500,45.9700,45.9700,45.9600,45.9600,200,0
PRA.US,5,20131113,161000,45.9400,45.9400,45.8300,45.8400,1800,0
PRA.US,5,20131113,161500,45.8400,45.8700,45.8200,45.8700,2867,0
PRA.US,5,20131113,162000,45.8900,45.8900,45.8000,45.8000,1600,0
PRA.US,5,20131113,162500,45.8200,45.8200,45.7900,45.8000,1379,0
PRA.US,5,20131113,163000,45.8000,45.8300,45.7700,45.7800,3100,0
PRA.US,5,20131113,163500,45.7800,45.7800,45.7800,45.7800,600,0
PRA.US,5,20131113,164000,45.7500,45.7600,45.7400,45.7400,2000,0
PRA.US,5,20131113,164500,45.7300,45.7600,45.7100,45.7500,3400,0
PRA.US,5,20131113,165000,45.7300,45.7600,45.7300,45.7600,1200,0
PRA.US,5,20131113,165500,45.7700,45.7700,45.7700,45.7700,200,0
PRA.US,5,20131113,170000,45.7700,45.7800,45.7300,45.7300,1700,0
PRA.US,5,20131113,170500,45.7300,45.7300,45.7000,45.7300,3800,0
PRA.US,5,20131113,171000,45.7200,45.7500,45.7100,45.7500,1500,0
PRA.US,5,20131113,171500,45.7300,45.7300,45.7300,45.7300,300,0
PRA.US,5,20131113,172000,45.7200,45.7200,45.7000,45.7100,4100,0
PRA.US,5,20131113,172500,45.7100,45.7200,45.7000,45.7100,4210,0
PRA.US,5,20131113,173000,45.7100,45.7400,45.7100,45.7400,500,0
PRA.US,5,20131113,173500,45.7400,45.8000,45.7400,45.8000,1713,0
PRA.US,5,20131113,174000,45.7800,45.8000,45.7800,45.7800,900,0
PRA.US,5,20131113,174500,45.8000,45.8300,45.7900,45.8200,1700,0
PRA.US,5,20131113,175000,45.8300,45.8300,45.7900,45.8000,1300,0
PRA.US,5,20131113,175500,45.7900,45.8400,45.7900,45.8400,1900,0
PRA.US,5,20131113,180000,45.8600,45.8700,45.8600,45.8600,600,0
PRA.US,5,20131113,180500,45.8700,45.8700,45.8500,45.8600,800,0
PRA.US,5,20131113,181000,45.8600,45.8700,45.8300,45.8400,2350,0
PRA.US,5,20131113,181500,45.8100,45.8200,45.7900,45.8000,1700,0
PRA.US,5,20131113,182000,45.7900,45.7900,45.7600,45.7600,800,0
PRA.US,5,20131113,182500,45.7700,45.8000,45.7700,45.8000,1600,0
PRA.US,5,20131113,183000,45.8500,45.8600,45.8300,45.8500,600,0
PRA.US,5,20131113,183500,45.8300,45.8300,45.7800,45.8200,1200,0
PRA.US,5,20131113,184000,45.8600,45.8600,45.8300,45.8300,1300,0
PRA.US,5,20131113,184500,45.8400,45.8400,45.8200,45.8400,1600,0
PRA.US,5,20131113,185000,45.8400,45.8400,45.8400,45.8400,200,0
PRA.US,5,20131113,185500,45.8500,45.8500,45.8100,45.8100,1000,0
PRA.US,5,20131113,190000,45.8400,45.8700,45.8400,45.8500,1499,0
PRA.US,5,20131113,190500,45.8600,45.8900,45.8600,45.8800,500,0
PRA.US,5,20131113,191000,45.8800,45.8900,45.8600,45.8600,2300,0
PRA.US,5,20131113,191500,45.8600,45.8600,45.8600,45.8600,200,0
PRA.US,5,20131113,192000,45.8500,45.8800,45.8500,45.8800,1592,0
PRA.US,5,20131113,192500,45.9100,45.9100,45.8900,45.8900,300,0
PRA.US,5,20131113,193000,45.8700,45.9500,45.8700,45.9400,1900,0
PRA.US,5,20131113,193500,45.9500,45.9600,45.9400,45.9600,1900,0
PRA.US,5,20131113,194000,46.0000,46.0200,45.9900,46.0200,1200,0
PRA.US,5,20131113,194500,46.0100,46.0200,46.0000,46.0200,1000,0
PRA.US,5,20131113,195000,46.0100,46.0500,46.0100,46.0500,900,0
PRA.US,5,20131113,195500,46.0600,46.0600,46.0600,46.0600,200,0
PRA.US,5,20131113,200000,46.0400,46.0400,45.9900,46.0200,3314,0
PRA.US,5,20131113,200500,46.0100,46.0200,45.9900,45.9900,1600,0
PRA.US,5,20131113,201000,46.0100,46.0100,46.0100,46.0100,600,0
PRA.US,5,20131113,201500,46.0100,46.0200,46.0000,46.0000,400,0
PRA.US,5,20131113,202000,46.0100,46.0200,45.9900,45.9900,1800,0
PRA.US,5,20131113,202500,46.0000,46.0100,45.9800,45.9800,1200,0
PRA.US,5,20131113,203000,46.0000,46.0300,45.9900,45.9900,1100,0
PRA.US,5,20131113,203500,46.0000,46.0000,45.9700,45.9700,1800,0
PRA.US,5,20131113,204000,46.0100,46.0100,45.9400,45.9500,2600,0
PRA.US,5,20131113,204500,45.9400,45.9400,45.9200,45.9300,1796,0
PRA.US,5,20131113,205000,45.9200,45.9300,45.8900,45.9300,3200,0
PRA.US,5,20131113,205500,45.9300,45.9300,45.9000,45.9000,2100,0
PRA.US,5,20131113,210000,45.9000,45.9100,45.8800,45.8800,2700,0
PRA.US,5,20131113,210500,45.8700,45.8700,45.8600,45.8600,2929,0
PRA.US,5,20131113,211000,45.8700,45.8800,45.8700,45.8700,600,0
PRA.US,5,20131113,211500,45.8700,45.9000,45.8600,45.9000,3915,0
PRA.US,5,20131113,212000,45.9000,45.9100,45.8900,45.9000,3081,0
PRA.US,5,20131113,212500,45.9100,45.9400,45.9100,45.9400,2911,0
PRA.US,5,20131113,213000,45.9300,45.9300,45.9200,45.9300,3297,0
PRA.US,5,20131113,213500,45.9300,45.9400,45.9200,45.9400,2190,0
PRA.US,5,20131113,214000,45.9300,45.9400,45.9200,45.9300,3979,0
PRA.US,5,20131113,214500,45.9400,46.0000,45.9300,46.0000,9970,0
PRA.US,5,20131113,215000,45.9900,46.0300,45.9900,46.0300,3566,0
PRA.US,5,20131113,215500,46.0300,46.0300,46.0000,46.0000,8636,0
PRA.US,5,20131113,220000,46.0000,46.0400,46.0000,46.0400,11453,0
PRA.US,5,20131113,220500,46.0100,46.0100,46.0100,46.0100,12663,0
PRA.US,5,20131114,154000,46.0100,46.0100,45.9300,45.9500,1660,0
PRA.US,5,20131114,154500,45.8700,45.9500,45.8200,45.8400,1826,0
PRA.US,5,20131114,155000,45.8600,45.8600,45.8600,45.8600,100,0
PRA.US,5,20131114,155500,45.8800,45.8800,45.8500,45.8600,400,0
PRA.US,5,20131114,160000,45.9300,45.9300,45.8400,45.9100,500,0
PRA.US,5,20131114,160500,45.9200,45.9200,45.8400,45.8400,400,0
PRA.US,5,20131114,161000,45.8400,45.9100,45.8400,45.9100,300,0
PRA.US,5,20131114,161500,45.8800,45.9400,45.8500,45.9400,500,0
PRA.US,5,20131114,162000,45.9800,45.9800,45.9700,45.9700,200,0
PRA.US,5,20131114,162500,45.9500,45.9700,45.9500,45.9700,200,0
PRA.US,5,20131114,163000,45.9600,45.9600,45.9400,45.9400,200,0
PRA.US,5,20131114,163500,45.9400,46.0000,45.9400,46.0000,200,0
PRA.US,5,20131114,164000,45.9400,45.9900,45.9400,45.9400,500,0
PRA.US,5,20131114,164500,46.0000,46.0000,45.9500,45.9500,400,0
PRA.US,5,20131114,165000,45.9800,46.0400,45.9700,45.9700,1100,0
PRA.US,5,20131114,165500,45.9600,45.9800,45.9500,45.9800,300,0
PRA.US,5,20131114,170000,45.9900,45.9900,45.9600,45.9600,1754,0
PRA.US,5,20131114,170500,45.9600,46.0000,45.9600,45.9600,500,0
PRA.US,5,20131114,171000,46.0000,46.0100,45.9900,45.9900,1800,0
PRA.US,5,20131114,171500,45.9800,45.9900,45.9800,45.9900,1248,0
PRA.US,5,20131114,172000,45.9700,46.0100,45.9700,46.0100,1500,0
PRA.US,5,20131114,172500,46.0000,46.0000,45.9900,46.0000,2500,0
PRA.US,5,20131114,173000,45.9900,46.0300,45.9800,45.9900,2200,0
PRA.US,5,20131114,173500,45.9900,45.9900,45.9900,45.9900,100,0
PRA.US,5,20131114,174000,46.0000,46.0000,46.0000,46.0000,100,0
PRA.US,5,20131114,175000,45.9800,45.9800,45.9800,45.9800,100,0
PRA.US,5,20131114,180000,46.0000,46.0000,45.9800,45.9900,1200,0
PRA.US,5,20131114,180500,45.9900,46.0000,45.9800,45.9900,1100,0
PRA.US,5,20131114,181000,45.9600,46.0200,45.9600,46.0200,1200,0
PRA.US,5,20131114,181500,46.0500,46.0500,46.0500,46.0500,300,0
PRA.US,5,20131114,182000,46.0200,46.0400,46.0000,46.0200,2132,0
PRA.US,5,20131114,182500,46.0200,46.0600,45.9900,46.0100,5200,0
PRA.US,5,20131114,183000,46.0000,46.0200,46.0000,46.0000,1300,0
PRA.US,5,20131114,183500,46.0000,46.0000,46.0000,46.0000,100,0
PRA.US,5,20131114,184000,46.0500,46.0500,46.0500,46.0500,100,0
PRA.US,5,20131114,184500,46.0700,46.0700,46.0700,46.0700,100,0
PRA.US,5,20131114,185000,46.0400,46.0700,46.0400,46.0600,1000,0
PRA.US,5,20131114,185500,46.0500,46.0900,46.0500,46.0800,300,0
PRA.US,5,20131114,190500,46.0800,46.1000,46.0800,46.1000,300,0
PRA.US,5,20131114,191000,46.1300,46.1600,46.1300,46.1600,200,0
PRA.US,5,20131114,191500,46.1400,46.1400,46.1400,46.1400,100,0
PRA.US,5,20131114,192500,46.1600,46.1600,46.1000,46.1200,1094,0
PRA.US,5,20131114,193000,46.1500,46.1500,46.1200,46.1200,700,0
PRA.US,5,20131114,193500,46.1000,46.1200,46.0400,46.0400,1600,0
PRA.US,5,20131114,194000,46.0900,46.1000,46.0900,46.1000,400,0
PRA.US,5,20131114,194500,46.1200,46.1200,46.0800,46.0900,1600,0
PRA.US,5,20131114,195000,46.0900,46.0900,46.0400,46.0700,604,0
PRA.US,5,20131114,195500,46.0900,46.1000,46.0900,46.1000,200,0
PRA.US,5,20131114,200000,46.0800,46.1000,46.0800,46.1000,400,0
PRA.US,5,20131114,200500,46.0900,46.1200,46.0900,46.1200,600,0
PRA.US,5,20131114,201000,46.1000,46.1200,46.1000,46.1100,500,0
PRA.US,5,20131114,201500,46.1200,46.1200,46.1100,46.1100,300,0
PRA.US,5,20131114,202000,46.1400,46.1400,46.1000,46.1200,1300,0
PRA.US,5,20131114,202500,46.1000,46.1100,46.0800,46.0800,2710,0
PRA.US,5,20131114,203000,46.0800,46.1000,46.0800,46.1000,1214,0
PRA.US,5,20131114,203500,46.1000,46.1100,46.0500,46.0600,1930,0
PRA.US,5,20131114,204000,46.0500,46.0800,46.0500,46.0800,500,0
PRA.US,5,20131114,204500,46.1000,46.1100,46.1000,46.1100,300,0
PRA.US,5,20131114,205000,46.0900,46.1000,46.0900,46.0900,950,0
PRA.US,5,20131114,205500,46.1000,46.1000,46.0700,46.0900,1173,0
PRA.US,5,20131114,210000,46.0800,46.0900,46.0800,46.0900,794,0
PRA.US,5,20131114,210500,46.1100,46.1200,46.1100,46.1200,1014,0
PRA.US,5,20131114,211000,46.1200,46.1600,46.1200,46.1600,1500,0
PRA.US,5,20131114,211500,46.1700,46.2100,46.1700,46.1700,3696,0
PRA.US,5,20131114,212000,46.1700,46.1900,46.1700,46.1800,968,0
PRA.US,5,20131114,212500,46.1800,46.1900,46.1700,46.1700,1396,0
PRA.US,5,20131114,213000,46.1600,46.1900,46.1600,46.1900,1756,0
PRA.US,5,20131114,213500,46.1900,46.2400,46.1900,46.2300,2510,0
PRA.US,5,20131114,214000,46.2300,46.2400,46.2300,46.2400,2081,0
PRA.US,5,20131114,214500,46.2400,46.2600,46.2400,46.2500,1838,0
PRA.US,5,20131114,215000,46.2500,46.2500,46.2000,46.2100,3600,0
PRA.US,5,20131114,215500,46.2100,46.2200,46.2000,46.2000,2608,0
PRA.US,5,20131114,220000,46.1900,46.2700,46.1300,46.2100,21134,0
PRA.US,5,20131114,220500,46.1800,46.1800,46.1800,46.1800,8501,0
PRA.US,5,20131115,153500,46.1000,46.1000,46.1000,46.1000,100,0
PRA.US,5,20131115,154000,46.1400,46.1400,46.0500,46.0500,3800,0
PRA.US,5,20131115,154500,46.0700,46.1100,46.0700,46.1100,1741,0
PRA.US,5,20131115,155000,46.1300,46.1300,46.1200,46.1300,2109,0
PRA.US,5,20131115,155500,46.1400,46.1500,46.0900,46.1000,900,0
PRA.US,5,20131115,160000,46.1000,46.1500,46.1000,46.1500,700,0
PRA.US,5,20131115,160500,46.1200,46.1200,46.1000,46.1000,200,0
PRA.US,5,20131115,161000,46.1300,46.1300,46.1000,46.1000,900,0
PRA.US,5,20131115,161500,46.0600,46.0700,46.0600,46.0700,300,0
PRA.US,5,20131115,162000,46.0900,46.1000,46.0500,46.0500,1900,0
PRA.US,5,20131115,162500,46.0500,46.0500,46.0500,46.0500,100,0
PRA.US,5,20131115,163000,46.0500,46.0500,46.0300,46.0300,300,0
PRA.US,5,20131115,163500,46.0100,46.0200,46.0100,46.0200,200,0
PRA.US,5,20131115,164000,46.0200,46.0200,46.0000,46.0000,600,0
PRA.US,5,20131115,164500,45.9900,45.9900,45.9900,45.9900,100,0
PRA.US,5,20131115,165500,45.9800,45.9900,45.9800,45.9900,470,0
PRA.US,5,20131115,170000,45.9900,46.0100,45.9900,46.0100,800,0
PRA.US,5,20131115,170500,46.0400,46.0400,46.0400,46.0400,555,0
PRA.US,5,20131115,171000,46.0400,46.0400,46.0400,46.0400,103,0
PRA.US,5,20131115,171500,46.0300,46.0600,46.0300,46.0600,900,0
PRA.US,5,20131115,172000,46.0500,46.0600,46.0500,46.0600,5500,0
PRA.US,5,20131115,173000,46.0700,46.0700,46.0700,46.0700,100,0
PRA.US,5,20131115,173500,46.0600,46.0900,46.0600,46.0900,500,0
PRA.US,5,20131115,174000,46.1000,46.1000,46.1000,46.1000,500,0
PRA.US,5,20131115,174500,46.1100,46.1200,46.0900,46.1200,6295,0
PRA.US,5,20131115,175000,46.1300,46.1400,46.1200,46.1200,900,0
PRA.US,5,20131115,175500,46.1300,46.1300,46.1300,46.1300,100,0
PRA.US,5,20131115,180000,46.1300,46.1300,46.1200,46.1200,800,0
PRA.US,5,20131115,180500,46.1200,46.1500,46.1100,46.1500,1700,0
PRA.US,5,20131115,181000,46.1600,46.1700,46.1400,46.1700,1500,0
PRA.US,5,20131115,181500,46.1700,46.1800,46.1700,46.1800,336,0
PRA.US,5,20131115,182000,46.1700,46.1700,46.1700,46.1700,500,0
PRA.US,5,20131115,182500,46.1700,46.1900,46.1700,46.1900,834,0
PRA.US,5,20131115,183000,46.1800,46.2200,46.1800,46.2200,150955,0
PRA.US,5,20131115,183500,46.2000,46.2300,46.2000,46.2300,700,0
PRA.US,5,20131115,184000,46.2400,46.2400,46.2300,46.2300,400,0
PRA.US,5,20131115,184500,46.2400,46.2800,46.2400,46.2800,2934,0
PRA.US,5,20131115,185000,46.2700,46.3000,46.2700,46.3000,1100,0
PRA.US,5,20131115,185500,46.3000,46.3900,46.3000,46.3100,6244,0
PRA.US,5,20131115,190000,46.3500,46.3500,46.3500,46.3500,100,0
PRA.US,5,20131115,190500,46.3600,46.3600,46.3600,46.3600,100,0
PRA.US,5,20131115,191000,46.3600,46.3900,46.3600,46.3900,1728,0
PRA.US,5,20131115,191500,46.4000,46.4500,46.4000,46.4500,2200,0
PRA.US,5,20131115,192000,46.4500,46.4600,46.4500,46.4500,603,0
PRA.US,5,20131115,192500,46.4600,46.4600,46.4600,46.4600,100,0
PRA.US,5,20131115,193000,46.4700,46.4900,46.4700,46.4900,500,0
PRA.US,5,20131115,193500,46.4800,46.4800,46.4400,46.4500,800,0
PRA.US,5,20131115,194000,46.4900,46.5200,46.4900,46.5200,666,0
PRA.US,5,20131115,194500,46.5200,46.5200,46.5200,46.5200,1100,0
PRA.US,5,20131115,195000,46.4900,46.5400,46.4800,46.5300,1191,0
PRA.US,5,20131115,195500,46.5300,46.5500,46.5300,46.5500,600,0
PRA.US,5,20131115,200000,46.5500,46.5600,46.5500,46.5600,305,0
PRA.US,5,20131115,200500,46.5600,46.5600,46.5400,46.5500,1099,0
PRA.US,5,20131115,201000,46.5500,46.5800,46.5500,46.5600,700,0
PRA.US,5,20131115,201500,46.5500,46.5700,46.5500,46.5700,321,0
PRA.US,5,20131115,202000,46.5700,46.5700,46.5500,46.5700,1800,0
PRA.US,5,20131115,202500,46.5700,46.5700,46.5600,46.5700,940,0
PRA.US,5,20131115,203000,46.5700,46.5700,46.5700,46.5700,300,0
PRA.US,5,20131115,203500,46.5700,46.5800,46.5600,46.5800,1697,0
PRA.US,5,20131115,204000,46.5800,46.6300,46.5800,46.6200,3449,0
PRA.US,5,20131115,204500,46.5900,46.6000,46.5600,46.5600,700,0
PRA.US,5,20131115,205000,46.5800,46.6100,46.5700,46.6000,1300,0
PRA.US,5,20131115,205500,46.6000,46.6100,46.6000,46.6000,1400,0
PRA.US,5,20131115,210000,46.6000,46.6100,46.6000,46.6100,800,0
PRA.US,5,20131115,210500,46.6300,46.6400,46.6300,46.6300,700,0
PRA.US,5,20131115,211000,46.6300,46.6500,46.6300,46.6400,1990,0
PRA.US,5,20131115,211500,46.6600,46.6600,46.6300,46.6300,2418,0
PRA.US,5,20131115,212000,46.6300,46.6400,46.6100,46.6200,1574,0
PRA.US,5,20131115,212500,46.6100,46.6800,46.5800,46.6100,15800,0
PRA.US,5,20131115,213000,46.6200,46.6200,46.5900,46.6000,1300,0
PRA.US,5,20131115,213500,46.6200,46.6200,46.5900,46.6000,1839,0
PRA.US,5,20131115,214000,46.6200,46.6400,46.6200,46.6300,1175,0
PRA.US,5,20131115,214500,46.6200,46.6500,46.6200,46.6400,4162,0
PRA.US,5,20131115,215000,46.6300,46.6300,46.6000,46.6300,1432,0
PRA.US,5,20131115,215500,46.6100,46.6300,46.5900,46.6000,4200,0
PRA.US,5,20131115,220000,46.6200,46.6200,46.6000,46.6200,3202,0
PRA.US,5,20131115,220500,46.6000,46.6000,46.6000,46.6000,12368,0
PRA.US,5,20131118,153500,46.3600,46.7600,46.3600,46.5700,500,0
PRA.US,5,20131118,154000,46.6600,46.6600,46.4800,46.5200,570,0
PRA.US,5,20131118,154500,46.6200,46.6500,46.5900,46.6500,5300,0
PRA.US,5,20131118,155000,46.6000,46.6600,46.5800,46.5800,5850,0
PRA.US,5,20131118,155500,46.6000,46.7400,46.6000,46.7200,1184,0
PRA.US,5,20131118,160000,46.7000,46.7000,46.6800,46.6900,1100,0
PRA.US,5,20131118,160500,46.6600,46.6600,46.6600,46.6600,500,0
PRA.US,5,20131118,161000,46.6500,46.7100,46.6300,46.7100,1300,0
PRA.US,5,20131118,161500,46.6900,46.7400,46.6900,46.7400,10800,0
PRA.US,5,20131118,162000,46.7500,46.8000,46.7500,46.7900,1000,0
PRA.US,5,20131118,162500,46.7800,46.7900,46.7000,46.7100,2700,0
PRA.US,5,20131118,163000,46.7600,46.7800,46.7600,46.7800,478,0
PRA.US,5,20131118,163500,46.7600,46.7900,46.7500,46.7900,700,0
PRA.US,5,20131118,164000,46.8000,46.8500,46.8000,46.8500,1300,0
PRA.US,5,20131118,165000,46.8500,46.8500,46.8300,46.8300,200,0
PRA.US,5,20131118,165500,46.8400,46.9200,46.8400,46.8900,3100,0
PRA.US,5,20131118,170000,46.8700,46.8700,46.8400,46.8400,200,0
PRA.US,5,20131118,170500,46.8400,46.8900,46.8300,46.8900,1003,0
PRA.US,5,20131118,171000,46.8900,46.9100,46.8100,46.8100,1000,0
PRA.US,5,20131118,171500,46.8400,46.8600,46.8400,46.8600,900,0
PRA.US,5,20131118,172000,46.8500,46.8600,46.8300,46.8600,400,0
PRA.US,5,20131118,172500,46.8700,46.8700,46.8500,46.8600,500,0
PRA.US,5,20131118,173000,46.8200,46.8300,46.7400,46.8300,11998,0
PRA.US,5,20131118,173500,46.8200,46.8300,46.8200,46.8300,200,0
PRA.US,5,20131118,174000,46.7800,46.7900,46.7800,46.7800,300,0
PRA.US,5,20131118,174500,46.7700,46.7700,46.7500,46.7600,600,0
PRA.US,5,20131118,175000,46.7600,46.7600,46.7600,46.7600,300,0
PRA.US,5,20131118,175500,46.7600,46.7600,46.7600,46.7600,200,0
PRA.US,5,20131118,180000,46.7600,46.7800,46.7500,46.7800,1827,0
PRA.US,5,20131118,180500,46.7900,46.7900,46.7900,46.7900,100,0
PRA.US,5,20131118,181000,46.7900,46.7900,46.7900,46.7900,100,0
PRA.US,5,20131118,181500,46.8000,46.8100,46.8000,46.8100,1200,0
PRA.US,5,20131118,182000,46.8100,46.8100,46.8000,46.8100,600,0
PRA.US,5,20131118,182500,46.8100,46.8100,46.8000,46.8000,600,0
PRA.US,5,20131118,183000,46.7900,46.7900,46.7200,46.7700,1800,0
PRA.US,5,20131118,184000,46.7700,46.7900,46.7700,46.7700,1265,0
PRA.US,5,20131118,184500,46.7700,46.7700,46.7700,46.7700,100,0
PRA.US,5,20131118,185000,46.7600,46.7900,46.7600,46.7600,1000,0
PRA.US,5,20131118,185500,46.7600,46.7900,46.7600,46.7900,400,0
PRA.US,5,20131118,190000,46.8000,46.8000,46.8000,46.8000,100,0
PRA.US,5,20131118,190500,46.7900,46.7900,46.7900,46.7900,100,0
PRA.US,5,20131118,191000,46.7900,46.8000,46.7900,46.8000,600,0
PRA.US,5,20131118,191500,46.7900,46.8300,46.7900,46.8300,1314,0
PRA.US,5,20131118,192000,46.8200,46.8600,46.8000,46.8600,12500,0
PRA.US,5,20131118,192500,46.8600,46.9400,46.8600,46.9400,2300,0
PRA.US,5,20131118,193000,46.8900,46.9000,46.8900,46.9000,600,0
PRA.US,5,20131118,193500,46.9200,46.9400,46.9200,46.9200,1000,0
PRA.US,5,20131118,194000,46.9200,46.9400,46.9200,46.9400,700,0
PRA.US,5,20131118,194500,46.9300,46.9400,46.9100,46.9200,900,0
PRA.US,5,20131118,195000,46.8900,46.9600,46.8900,46.9600,1500,0
PRA.US,5,20131118,195500,46.9400,46.9600,46.9300,46.9300,1900,0
PRA.US,5,20131118,200000,46.9400,46.9400,46.9200,46.9200,300,0
PRA.US,5,20131118,200500,46.9300,46.9400,46.9200,46.9200,800,0
PRA.US,5,20131118,201000,46.9200,46.9200,46.9000,46.9200,1005,0
PRA.US,5,20131118,201500,46.9200,46.9700,46.9200,46.9500,2708,0
PRA.US,5,20131118,202000,46.9400,46.9700,46.9300,46.9700,2001,0
PRA.US,5,20131118,202500,46.9600,46.9700,46.9400,46.9700,1300,0
PRA.US,5,20131118,203000,46.9600,46.9900,46.9600,46.9900,1100,0
PRA.US,5,20131118,203500,46.9900,46.9900,46.9700,46.9700,900,0
PRA.US,5,20131118,204000,46.9600,46.9600,46.9600,46.9600,100,0
PRA.US,5,20131118,204500,46.9500,46.9600,46.9400,46.9400,1500,0
PRA.US,5,20131118,205000,46.9400,46.9600,46.9200,46.9300,2101,0
PRA.US,5,20131118,205500,46.9300,46.9700,46.9300,46.9600,1400,0
PRA.US,5,20131118,210000,46.9600,46.9700,46.9500,46.9600,1300,0
PRA.US,5,20131118,210500,46.9500,46.9600,46.9300,46.9400,1900,0
PRA.US,5,20131118,211000,46.9500,46.9900,46.9500,46.9500,13400,0
PRA.US,5,20131118,211500,46.9600,46.9800,46.8600,46.8800,4292,0
PRA.US,5,20131118,212000,46.8900,46.9000,46.7900,46.8200,13429,0
PRA.US,5,20131118,212500,46.8100,46.8200,46.7800,46.7800,2800,0
PRA.US,5,20131118,213000,46.7600,46.8000,46.7400,46.8000,3688,0
PRA.US,5,20131118,213500,46.8000,46.8100,46.7500,46.7700,9880,0
PRA.US,5,20131118,214000,46.7800,46.8100,46.7700,46.8100,2199,0
PRA.US,5,20131118,214500,46.8100,46.8300,46.7900,46.8200,3000,0
PRA.US,5,20131118,215000,46.8100,46.8100,46.7400,46.8000,5602,0
PRA.US,5,20131118,215500,46.8000,46.8200,46.7800,46.7900,7199,0
PRA.US,5,20131118,220000,46.7800,46.7900,46.7400,46.7500,12128,0
PRA.US,5,20131118,220500,46.7500,46.7500,46.7500,46.7500,10049,0
PRA.US,5,20131119,153500,46.3100,46.6000,46.2900,46.5900,1200,0
PRA.US,5,20131119,154000,46.6800,46.8300,46.6600,46.8300,1040,0
PRA.US,5,20131119,154500,46.7700,46.7700,46.7600,46.7600,400,0
PRA.US,5,20131119,155000,46.6400,46.6400,46.6400,46.6400,200,0
PRA.US,5,20131119,155500,46.7400,46.8000,46.7400,46.8000,701,0
PRA.US,5,20131119,160000,46.8000,46.8100,46.7700,46.7700,700,0
PRA.US,5,20131119,160500,46.6800,46.7900,46.6800,46.7600,6973,0
PRA.US,5,20131119,161000,46.8000,46.8100,46.8000,46.8000,510,0
PRA.US,5,20131119,161500,46.7300,46.7300,46.6300,46.7100,910,0
PRA.US,5,20131119,162000,46.6800,46.6900,46.6800,46.6900,200,0
PRA.US,5,20131119,162500,46.6300,46.6700,46.6300,46.6500,400,0
PRA.US,5,20131119,163000,46.6300,46.6500,46.6300,46.6500,300,0
PRA.US,5,20131119,163500,46.6300,46.6500,46.6300,46.6500,400,0
PRA.US,5,20131119,164000,46.6000,46.6500,46.6000,46.6500,600,0
PRA.US,5,20131119,164500,46.6400,46.6800,46.6000,46.6300,1407,0
PRA.US,5,20131119,165000,46.6400,46.6500,46.6000,46.6500,1700,0
PRA.US,5,20131119,165500,46.6000,46.6100,46.5800,46.6000,400,0
PRA.US,5,20131119,170000,46.6000,46.6500,46.5800,46.6000,1300,0
PRA.US,5,20131119,170500,46.6500,46.6500,46.5900,46.6000,1400,0
PRA.US,5,20131119,171500,46.5800,46.6100,46.5700,46.5700,1500,0
PRA.US,5,20131119,172000,46.6000,46.6600,46.6000,46.6200,600,0
PRA.US,5,20131119,172500,46.6000,46.6100,46.5500,46.5600,2100,0
PRA.US,5,20131119,173000,46.5900,46.6900,46.5800,46.6900,900,0
PRA.US,5,20131119,173500,46.6900,46.7100,46.6500,46.6500,1600,0
PRA.US,5,20131119,174000,46.6100,46.6500,46.5800,46.6200,1700,0
PRA.US,5,20131119,174500,46.5900,46.6300,46.5400,46.6100,2517,0
PRA.US,5,20131119,175000,46.6100,46.6800,46.6100,46.6400,1701,0
PRA.US,5,20131119,175500,46.6800,46.6900,46.6300,46.6300,1700,0
PRA.US,5,20131119,180000,46.6400,46.6600,46.5800,46.6600,500,0
PRA.US,5,20131119,180500,46.5900,46.6000,46.5600,46.6000,2100,0
PRA.US,5,20131119,181000,46.6200,46.6800,46.6200,46.6800,200,0
PRA.US,5,20131119,181500,46.6400,46.6900,46.6400,46.6900,600,0
PRA.US,5,20131119,182000,46.6700,46.6700,46.6300,46.6500,1000,0
PRA.US,5,20131119,182500,46.6000,46.6100,46.5800,46.6100,1434,0
PRA.US,5,20131119,183000,46.5700,46.6400,46.5700,46.6300,841,0
PRA.US,5,20131119,183500,46.6300,46.6300,46.5900,46.6100,2100,0
PRA.US,5,20131119,184000,46.6100,46.6200,46.5900,46.6100,4800,0
PRA.US,5,20131119,184500,46.6000,46.6200,46.5900,46.6000,3100,0
PRA.US,5,20131119,185000,46.6000,46.6100,46.6000,46.6100,2500,0
PRA.US,5,20131119,185500,46.5900,46.6000,46.5900,46.6000,500,0
PRA.US,5,20131119,190000,46.6000,46.6200,46.5800,46.6200,3200,0
PRA.US,5,20131119,190500,46.6000,46.6200,46.6000,46.6000,600,0
PRA.US,5,20131119,191000,46.6000,46.6200,46.5800,46.6000,2300,0
PRA.US,5,20131119,191500,46.6000,46.6000,46.5800,46.6000,1100,0
PRA.US,5,20131119,192000,46.6100,46.6200,46.6000,46.6100,1000,0
PRA.US,5,20131119,192500,46.6100,46.6100,46.5700,46.6000,2600,0
PRA.US,5,20131119,193000,46.6100,46.6100,46.6000,46.6000,400,0
PRA.US,5,20131119,193500,46.6000,46.6100,46.6000,46.6100,607,0
PRA.US,5,20131119,194000,46.6000,46.6600,46.5900,46.6300,1705,0
PRA.US,5,20131119,194500,46.6200,46.6600,46.6200,46.6600,999,0
PRA.US,5,20131119,195000,46.6500,46.6800,46.6300,46.6700,132666,0
PRA.US,5,20131119,195500,46.6800,46.6800,46.6400,46.6600,3499,0
PRA.US,5,20131119,200000,46.6700,46.6900,46.6700,46.6800,1625,0
PRA.US,5,20131119,200500,46.6700,46.7900,46.6700,46.7200,2700,0
PRA.US,5,20131119,201000,46.6900,46.6900,46.6600,46.6700,600,0
PRA.US,5,20131119,201500,46.6600,46.6800,46.6600,46.6800,900,0
PRA.US,5,20131119,202000,46.6700,46.7500,46.6700,46.7500,1036,0
PRA.US,5,20131119,202500,46.7200,46.7300,46.7100,46.7200,1200,0
PRA.US,5,20131119,203000,46.7000,46.7000,46.7000,46.7000,400,0
PRA.US,5,20131119,203500,46.6800,46.7000,46.6800,46.7000,207,0
PRA.US,5,20131119,204000,46.7000,46.7800,46.7000,46.7800,1202,0
PRA.US,5,20131119,204500,46.7800,46.7800,46.7300,46.7300,700,0
PRA.US,5,20131119,205000,46.7000,46.7300,46.7000,46.7200,700,0
PRA.US,5,20131119,205500,46.7100,46.7100,46.6400,46.6600,1400,0
PRA.US,5,20131119,210000,46.6900,46.6900,46.6900,46.6900,208,0
PRA.US,5,20131119,210500,46.6700,46.7200,46.6700,46.7200,1701,0
PRA.US,5,20131119,211000,46.7400,46.7600,46.7400,46.7600,900,0
PRA.US,5,20131119,211500,46.7500,46.7900,46.7500,46.7800,1751,0
PRA.US,5,20131119,212000,46.8200,46.8300,46.8200,46.8300,2000,0
PRA.US,5,20131119,212500,46.8400,46.8400,46.7600,46.7600,2000,0
PRA.US,5,20131119,213000,46.7400,46.7500,46.7100,46.7100,1400,0
PRA.US,5,20131119,213500,46.7000,46.7300,46.6700,46.7000,4005,0
PRA.US,5,20131119,214000,46.6600,46.6700,46.6600,46.6600,600,0
PRA.US,5,20131119,214500,46.6500,46.6500,46.6100,46.6200,2960,0
PRA.US,5,20131119,215000,46.6100,46.6400,46.5800,46.6300,8349,0
PRA.US,5,20131119,215500,46.6200,46.6300,46.6000,46.6100,3175,0
PRA.US,5,20131119,220000,46.6000,46.6500,46.5900,46.6300,7610,0
PRA.US,5,20131119,220500,46.6200,46.6200,46.6200,46.6200,12056,0
PRA.US,5,20131120,153500,46.7500,46.9000,46.7000,46.8100,4267,0
PRA.US,5,20131120,154000,46.5500,46.5500,46.5500,46.5500,300,0
PRA.US,5,20131120,154500,46.6000,46.6600,46.5400,46.6600,1476,0
PRA.US,5,20131120,155000,46.6600,46.6700,46.6600,46.6700,300,0
PRA.US,5,20131120,155500,46.6400,46.6800,46.6200,46.6300,1600,0
PRA.US,5,20131120,160500,46.6700,46.7100,46.5900,46.6600,4645,0
PRA.US,5,20131120,161000,46.7100,46.7600,46.7100,46.7300,400,0
PRA.US,5,20131120,161500,46.7900,46.7900,46.7900,46.7900,100,0
PRA.US,5,20131120,162000,46.7400,46.7500,46.7100,46.7200,600,0
PRA.US,5,20131120,162500,46.7200,46.8100,46.7200,46.8100,1105,0
PRA.US,5,20131120,163000,46.7800,46.8000,46.7300,46.7500,1600,0
PRA.US,5,20131120,163500,46.7400,46.7400,46.6700,46.6800,987,0
PRA.US,5,20131120,164500,46.7100,46.7100,46.7100,46.7100,200,0
PRA.US,5,20131120,165000,46.7400,46.7700,46.7200,46.7600,900,0
PRA.US,5,20131120,165500,46.7700,46.7900,46.7700,46.7900,800,0
PRA.US,5,20131120,170000,46.7700,46.7800,46.6600,46.6600,1500,0
PRA.US,5,20131120,170500,46.6600,46.6600,46.5900,46.6000,700,0
PRA.US,5,20131120,171000,46.6300,46.6300,46.6000,46.6200,995,0
PRA.US,5,20131120,171500,46.6800,46.6800,46.6300,46.6600,1600,0
PRA.US,5,20131120,172000,46.6400,46.6400,46.6400,46.6400,100,0
PRA.US,5,20131120,172500,46.6800,46.7000,46.6800,46.7000,300,0
PRA.US,5,20131120,173000,46.6700,46.7000,46.6700,46.6900,500,0
PRA.US,5,20131120,173500,46.6900,46.7800,46.6900,46.7500,2300,0
PRA.US,5,20131120,174000,46.8100,46.8100,46.7400,46.7400,1000,0
PRA.US,5,20131120,174500,46.7100,46.7100,46.6200,46.6200,2400,0
PRA.US,5,20131120,175000,46.6200,46.6200,46.6100,46.6200,600,0
PRA.US,5,20131120,175500,46.5800,46.6500,46.5800,46.6200,1015,0
PRA.US,5,20131120,180500,46.6400,46.6600,46.6400,46.6600,1507,0
PRA.US,5,20131120,181000,46.7000,46.7100,46.6800,46.6900,1300,0
PRA.US,5,20131120,181500,46.6800,46.7000,46.6800,46.7000,300,0
PRA.US,5,20131120,182000,46.7400,46.7400,46.7400,46.7400,100,0
PRA.US,5,20131120,182500,46.7300,46.7300,46.7300,46.7300,100,0
PRA.US,5,20131120,183000,46.7500,46.7600,46.7100,46.7100,3108,0
PRA.US,5,20131120,183500,46.7200,46.7600,46.7200,46.7400,2700,0
PRA.US,5,20131120,184000,46.7200,46.7300,46.6800,46.7000,1700,0
PRA.US,5,20131120,184500,46.7100,46.7200,46.7000,46.7200,2069,0
PRA.US,5,20131120,185000,46.7100,46.7100,46.6700,46.6800,371,0
PRA.US,5,20131120,185500,46.6700,46.6700,46.6700,46.6700,800,0
PRA.US,5,20131120,190000,46.6800,46.6800,46.6400,46.6400,707,0
PRA.US,5,20131120,190500,46.6000,46.7200,46.6000,46.7200,4700,0
PRA.US,5,20131120,191000,46.7600,46.7700,46.7500,46.7500,300,0
PRA.US,5,20131120,191500,46.7200,46.7900,46.7200,46.7600,1071,0
PRA.US,5,20131120,192000,46.7800,46.7900,46.7600,46.7900,1800,0
PRA.US,5,20131120,192500,46.8200,46.8200,46.8200,46.8200,200,0
PRA.US,5,20131120,193000,46.7800,46.7800,46.7300,46.7300,400,0
PRA.US,5,20131120,193500,46.7300,46.7300,46.7300,46.7300,200,0
PRA.US,5,20131120,194000,46.7200,46.7200,46.7200,46.7200,100,0
PRA.US,5,20131120,194500,46.7200,46.7200,46.7200,46.7200,100,0
PRA.US,5,20131120,195000,46.7300,46.7900,46.7300,46.7900,1400,0
PRA.US,5,20131120,195500,46.8000,46.8300,46.8000,46.8300,1100,0
PRA.US,5,20131120,200000,46.8500,46.8500,46.8300,46.8500,1300,0
PRA.US,5,20131120,200500,46.8500,46.9000,46.8000,46.9000,8562,0
PRA.US,5,20131120,201000,46.9000,46.9300,46.8900,46.9100,1874,0
PRA.US,5,20131120,201500,46.9100,46.9100,46.8500,46.9100,2600,0
PRA.US,5,20131120,202000,46.9000,46.9500,46.8600,46.9500,3300,0
PRA.US,5,20131120,202500,46.9100,46.9100,46.8700,46.9100,3300,0
PRA.US,5,20131120,203000,46.9000,46.9700,46.8900,46.9600,1700,0
PRA.US,5,20131120,203500,46.9500,46.9500,46.8700,46.9300,2400,0
PRA.US,5,20131120,204000,46.9100,46.9300,46.9000,46.9000,2900,0
PRA.US,5,20131120,204500,46.8900,46.9100,46.8800,46.9100,1300,0
PRA.US,5,20131120,205000,46.9100,46.9100,46.9100,46.9100,106,0
PRA.US,5,20131120,205500,46.8800,46.9000,46.8700,46.9000,3400,0
PRA.US,5,20131120,210000,46.9000,46.9200,46.8900,46.8900,4100,0
PRA.US,5,20131120,210500,46.9000,46.9100,46.8800,46.9000,7016,0
PRA.US,5,20131120,211000,46.8900,46.9000,46.8800,46.8900,7300,0
PRA.US,5,20131120,211500,46.9000,46.9100,46.9000,46.9000,700,0
PRA.US,5,20131120,212000,46.9000,46.9200,46.9000,46.9200,1619,0
PRA.US,5,20131120,212500,46.9100,46.9100,46.8800,46.9000,2500,0
PRA.US,5,20131120,213000,46.9000,46.9100,46.8900,46.9100,2900,0
PRA.US,5,20131120,213500,46.9000,46.9000,46.8800,46.8900,7449,0
PRA.US,5,20131120,214000,46.9000,46.9300,46.9000,46.9100,3908,0
PRA.US,5,20131120,214500,46.9200,46.9300,46.9000,46.9000,2900,0
PRA.US,5,20131120,215000,46.9000,46.9200,46.9000,46.9100,5949,0
PRA.US,5,20131120,215500,46.9100,46.9100,46.9000,46.9000,6200,0
PRA.US,5,20131120,220000,46.8900,46.9500,46.8900,46.9000,12516,0
PRA.US,5,20131120,220500,46.9000,46.9000,46.9000,46.9000,13169,0
PRA.US,5,20131121,153500,47.0400,47.1800,47.0000,47.1800,1500,0
PRA.US,5,20131121,154000,47.1400,47.1400,47.0800,47.0800,200,0
PRA.US,5,20131121,154500,47.0500,47.0500,47.0000,47.0000,200,0
PRA.US,5,20131121,155000,47.0000,47.0100,46.9100,46.9700,2400,0
PRA.US,5,20131121,155500,46.9800,46.9800,46.9200,46.9200,200,0
PRA.US,5,20131121,160000,46.9300,47.0300,46.9300,47.0300,2400,0
PRA.US,5,20131121,160500,47.0600,47.0700,46.9500,47.0300,2700,0
PRA.US,5,20131121,161000,47.0300,47.0500,47.0300,47.0500,500,0
PRA.US,5,20131121,161500,47.0500,47.0900,47.0400,47.0900,2000,0
PRA.US,5,20131121,162000,47.1000,47.1000,47.0800,47.0800,200,0
PRA.US,5,20131121,162500,47.0200,47.0700,46.9800,47.0700,2500,0
PRA.US,5,20131121,163000,47.0000,47.0900,47.0000,47.0900,1400,0
PRA.US,5,20131121,163500,47.1100,47.1600,47.1100,47.1400,900,0
PRA.US,5,20131121,164000,47.1100,47.1100,47.0600,47.0600,300,0
PRA.US,5,20131121,164500,47.0500,47.0900,47.0500,47.0600,600,0
PRA.US,5,20131121,165000,47.0800,47.0900,47.0800,47.0900,200,0
PRA.US,5,20131121,165500,47.0900,47.0900,47.0600,47.0700,1800,0
PRA.US,5,20131121,170000,47.0500,47.1200,47.0500,47.1100,1300,0
PRA.US,5,20131121,170500,47.1500,47.1500,47.1500,47.1500,200,0
PRA.US,5,20131121,171000,47.1400,47.2200,47.0700,47.1200,4800,0
PRA.US,5,20131121,171500,47.0600,47.0800,47.0600,47.0800,400,0
PRA.US,5,20131121,172000,47.1300,47.1300,47.1300,47.1300,100,0
PRA.US,5,20131121,172500,47.1100,47.1100,47.1100,47.1100,200,0
PRA.US,5,20131121,173000,47.0900,47.1000,47.0900,47.1000,300,0
PRA.US,5,20131121,173500,47.0900,47.1400,47.0900,47.1400,2148,0
PRA.US,5,20131121,174000,47.1500,47.1900,47.1300,47.1600,2800,0
PRA.US,5,20131121,174500,47.1600,47.1600,47.1600,47.1600,100,0
PRA.US,5,20131121,175000,47.1800,47.1800,47.1800,47.1800,100,0
PRA.US,5,20131121,175500,47.1600,47.1600,47.1600,47.1600,100,0
PRA.US,5,20131121,180000,47.1700,47.1700,47.1700,47.1700,400,0
PRA.US,5,20131121,180500,47.1800,47.2200,47.1700,47.1700,1301,0
PRA.US,5,20131121,181000,47.1600,47.1700,47.1400,47.1400,400,0
PRA.US,5,20131121,181500,47.1400,47.1500,47.1400,47.1500,2400,0
PRA.US,5,20131121,182500,47.1500,47.1800,47.1500,47.1800,1100,0
PRA.US,5,20131121,183000,47.2000,47.3100,47.2000,47.3100,2800,0
PRA.US,5,20131121,183500,47.3300,47.3500,47.3200,47.3500,2300,0
PRA.US,5,20131121,184000,47.3500,47.3500,47.3100,47.3500,3325,0
PRA.US,5,20131121,184500,47.3100,47.3400,47.3100,47.3400,400,0
PRA.US,5,20131121,185000,47.3400,47.3700,47.3000,47.3200,1200,0
PRA.US,5,20131121,185500,47.3100,47.3300,47.3100,47.3100,801,0
PRA.US,5,20131121,190000,47.3200,47.3200,47.3200,47.3200,100,0
PRA.US,5,20131121,190500,47.3000,47.3000,47.3000,47.3000,2500,0
PRA.US,5,20131121,191000,47.2800,47.2800,47.2500,47.2600,300,0
PRA.US,5,20131121,191500,47.2700,47.2800,47.2600,47.2800,784,0
PRA.US,5,20131121,192000,47.2700,47.3200,47.2700,47.3200,527,0
PRA.US,5,20131121,192500,47.3000,47.3300,47.3000,47.3000,600,0
PRA.US,5,20131121,193000,47.3000,47.3000,47.2800,47.2800,200,0
PRA.US,5,20131121,193500,47.2800,47.2800,47.2500,47.2600,800,0
PRA.US,5,20131121,194000,47.2600,47.3000,47.2500,47.2900,5200,0
PRA.US,5,20131121,194500,47.2600,47.3200,47.2600,47.3000,9400,0
PRA.US,5,20131121,195000,47.2800,47.3700,47.2600,47.3600,7000,0
PRA.US,5,20131121,195500,47.3600,47.4000,47.2700,47.4000,8000,0
PRA.US,5,20131121,200000,47.4000,47.4000,47.3600,47.3700,377,0
PRA.US,5,20131121,200500,47.3200,47.3400,47.2900,47.3400,3699,0
PRA.US,5,20131121,201000,47.3700,47.5600,47.3400,47.4900,13300,0
PRA.US,5,20131121,201500,47.4700,47.4700,47.4100,47.4100,2081,0
PRA.US,5,20131121,202000,47.4200,47.4500,47.4000,47.4500,1890,0
PRA.US,5,20131121,202500,47.4200,47.4500,47.4200,47.4500,1504,0
PRA.US,5,20131121,203000,47.4500,47.4500,47.4400,47.4500,2900,0
PRA.US,5,20131121,203500,47.4500,47.4600,47.4200,47.4400,2220,0
PRA.US,5,20131121,204000,47.4500,47.4600,47.3700,47.3700,3820,0
PRA.US,5,20131121,204500,47.3800,47.4900,47.3800,47.4800,2900,0
PRA.US,5,20131121,205000,47.4500,47.4800,47.4500,47.4800,1000,0
PRA.US,5,20131121,205500,47.4900,47.4900,47.4400,47.4700,2032,0
PRA.US,5,20131121,210000,47.4700,47.4700,47.4700,47.4700,400,0
PRA.US,5,20131121,210500,47.4700,47.4800,47.4500,47.4700,4900,0
PRA.US,5,20131121,211000,47.4700,47.4800,47.4500,47.4600,2200,0
PRA.US,5,20131121,211500,47.4600,47.4700,47.4600,47.4600,1900,0
PRA.US,5,20131121,212000,47.4600,47.4900,47.4500,47.4800,3602,0
PRA.US,5,20131121,212500,47.4700,47.4700,47.4700,47.4700,700,0
PRA.US,5,20131121,213000,47.4700,47.5100,47.4700,47.5000,4559,0
PRA.US,5,20131121,213500,47.5000,47.5000,47.4700,47.4800,1701,0
PRA.US,5,20131121,214000,47.4600,47.4700,47.4600,47.4700,3392,0
PRA.US,5,20131121,214500,47.4700,47.4700,47.4600,47.4600,2500,0
PRA.US,5,20131121,215000,47.4600,47.4700,47.4000,47.4200,14085,0
PRA.US,5,20131121,215500,47.4100,47.4200,47.3400,47.3500,12979,0
PRA.US,5,20131121,220000,47.3600,47.4300,47.3300,47.4300,13396,0
PRA.US,5,20131121,220500,47.4400,47.4400,47.4400,47.4400,26013,0
PRA.US,5,20131122,153500,47.4400,47.4400,47.4400,47.4400,100,0
PRA.US,5,20131122,154000,47.3900,47.4300,47.3500,47.4100,2743,0
PRA.US,5,20131122,154500,47.4100,47.4200,47.4100,47.4200,1100,0
PRA.US,5,20131122,155000,47.4100,47.5000,47.4100,47.4400,1100,0
PRA.US,5,20131122,155500,47.4600,47.5000,47.4600,47.4600,1200,0
PRA.US,5,20131122,160000,47.4800,47.4800,47.4600,47.4600,700,0
PRA.US,5,20131122,160500,47.4000,47.4500,47.4000,47.4500,1200,0
PRA.US,5,20131122,161000,47.4500,47.4800,47.4300,47.4800,1300,0
PRA.US,5,20131122,161500,47.4500,47.5400,47.4500,47.5400,1100,0
PRA.US,5,20131122,162000,47.5100,47.5600,47.5100,47.5600,600,0
PRA.US,5,20131122,162500,47.5400,47.5400,47.4500,47.4500,700,0
PRA.US,5,20131122,163000,47.4600,47.4600,47.4500,47.4500,400,0
PRA.US,5,20131122,163500,47.4500,47.4700,47.4500,47.4700,1000,0
PRA.US,5,20131122,164000,47.4600,47.5100,47.4600,47.5100,1100,0
PRA.US,5,20131122,164500,47.5000,47.5000,47.5000,47.5000,300,0
PRA.US,5,20131122,165000,47.5200,47.5500,47.5200,47.5300,1470,0
PRA.US,5,20131122,165500,47.5200,47.5200,47.5100,47.5100,300,0
PRA.US,5,20131122,170000,47.4900,47.4900,47.4800,47.4800,400,0
PRA.US,5,20131122,170500,47.4900,47.5000,47.4900,47.5000,600,0
PRA.US,5,20131122,171000,47.5200,47.5200,47.4500,47.4600,1300,0
PRA.US,5,20131122,171500,47.4600,47.4800,47.4500,47.4800,3500,0
PRA.US,5,20131122,172000,47.4900,47.5200,47.4900,47.5200,500,0
PRA.US,5,20131122,172500,47.5000,47.5000,47.4500,47.4600,2500,0
PRA.US,5,20131122,173000,47.4800,47.5500,47.4700,47.5500,5550,0
PRA.US,5,20131122,173500,47.5500,47.5700,47.5500,47.5700,500,0
PRA.US,5,20131122,175000,47.5300,47.5400,47.5000,47.5000,800,0
PRA.US,5,20131122,175500,47.5100,47.5700,47.5000,47.5700,1600,0
PRA.US,5,20131122,180000,47.5800,47.6900,47.5800,47.6900,1900,0
PRA.US,5,20131122,180500,47.6500,47.6500,47.6300,47.6400,800,0
PRA.US,5,20131122,181000,47.6500,47.6500,47.6300,47.6300,1000,0
PRA.US,5,20131122,181500,47.6600,47.6600,47.6400,47.6500,1100,0
PRA.US,5,20131122,182500,47.6400,47.6500,47.6100,47.6500,600,0
PRA.US,5,20131122,183000,47.6500,47.6500,47.6500,47.6500,200,0
PRA.US,5,20131122,183500,47.6500,47.6700,47.6500,47.6600,900,0
PRA.US,5,20131122,184000,47.6200,47.6600,47.6200,47.6400,303,0
PRA.US,5,20131122,184500,47.6500,47.6700,47.6500,47.6700,400,0
PRA.US,5,20131122,185000,47.6600,47.6700,47.6300,47.6700,700,0
PRA.US,5,20131122,185500,47.6500,47.6700,47.6500,47.6700,900,0
PRA.US,5,20131122,190000,47.6700,47.6700,47.6600,47.6700,600,0
PRA.US,5,20131122,190500,47.6400,47.6700,47.6400,47.6700,700,0
PRA.US,5,20131122,191000,47.6700,47.6800,47.6500,47.6600,700,0
PRA.US,5,20131122,191500,47.6900,47.7100,47.6900,47.7000,300,0
PRA.US,5,20131122,192000,47.6900,47.7000,47.6900,47.7000,500,0
PRA.US,5,20131122,192500,47.6900,47.6900,47.6800,47.6800,500,0
PRA.US,5,20131122,193000,47.6400,47.6400,47.6400,47.6400,100,0
PRA.US,5,20131122,193500,47.6500,47.6500,47.6500,47.6500,100,0
PRA.US,5,20131122,194000,47.6500,47.7300,47.6400,47.7300,1900,0
PRA.US,5,20131122,194500,47.7300,47.7300,47.6600,47.6800,600,0
PRA.US,5,20131122,195000,47.6800,47.7000,47.6600,47.7000,1600,0
PRA.US,5,20131122,195500,47.6900,47.7100,47.6900,47.7100,300,0
PRA.US,5,20131122,200000,47.7100,47.7500,47.7100,47.7500,2004,0
PRA.US,5,20131122,200500,47.7300,47.7300,47.7300,47.7300,1116,0
PRA.US,5,20131122,201000,47.7300,47.8100,47.7200,47.7700,2800,0
PRA.US,5,20131122,201500,47.7200,47.7400,47.7100,47.7200,2800,0
PRA.US,5,20131122,202000,47.7200,47.7500,47.7200,47.7500,900,0
PRA.US,5,20131122,202500,47.7500,47.7800,47.7300,47.7800,3800,0
PRA.US,5,20131122,203000,47.7500,47.7600,47.7300,47.7600,1500,0
PRA.US,5,20131122,203500,47.7600,47.7700,47.7300,47.7700,2100,0
PRA.US,5,20131122,204000,47.7500,47.7700,47.7300,47.7300,300,0
PRA.US,5,20131122,204500,47.7400,47.7500,47.7200,47.7500,2000,0
PRA.US,5,20131122,205000,47.7500,47.7500,47.7500,47.7500,220,0
PRA.US,5,20131122,205500,47.7600,47.7600,47.7500,47.7600,2660,0
PRA.US,5,20131122,210000,47.7600,47.7600,47.7600,47.7600,100,0
PRA.US,5,20131122,210500,47.7500,47.7800,47.7500,47.7800,2000,0
PRA.US,5,20131122,211000,47.7800,47.7800,47.7500,47.7700,500,0
PRA.US,5,20131122,211500,47.7500,47.7700,47.7500,47.7500,911,0
PRA.US,5,20131122,212000,47.7600,47.8000,47.7600,47.7800,2889,0
PRA.US,5,20131122,212500,47.7900,47.8000,47.7800,47.7900,1600,0
PRA.US,5,20131122,213000,47.7800,47.8100,47.7800,47.8100,2100,0
PRA.US,5,20131122,213500,47.7900,47.8000,47.7600,47.7600,3830,0
PRA.US,5,20131122,214000,47.7600,47.7700,47.7400,47.7500,2300,0
PRA.US,5,20131122,214500,47.7500,47.7600,47.7400,47.7500,1800,0
PRA.US,5,20131122,215000,47.7900,47.7900,47.7500,47.7500,4525,0
PRA.US,5,20131122,215500,47.7700,47.7800,47.7600,47.7700,3107,0
PRA.US,5,20131122,220000,47.7700,47.8100,47.7600,47.8000,9362,0
PRA.US,5,20131122,220500,47.8100,47.8100,47.8100,47.8100,59732,0
PRA.US,5,20131125,153500,47.9100,48.0000,47.9100,48.0000,500,0
PRA.US,5,20131125,154000,48.0100,48.0100,47.9000,47.9800,2425,0
PRA.US,5,20131125,154500,48.0600,48.1000,48.0300,48.0700,1200,0
PRA.US,5,20131125,155000,48.0500,48.0800,48.0300,48.0300,800,0
PRA.US,5,20131125,155500,48.0200,48.1700,48.0200,48.1700,1800,0
PRA.US,5,20131125,160000,48.1500,48.1500,48.0700,48.0700,1400,0
PRA.US,5,20131125,160500,48.0500,48.0500,48.0200,48.0300,1000,0
PRA.US,5,20131125,161000,48.0300,48.1500,48.0300,48.1500,1400,0
PRA.US,5,20131125,161500,48.1500,48.1500,48.0800,48.0900,2100,0
PRA.US,5,20131125,162000,48.0900,48.0900,48.0700,48.0900,1104,0
PRA.US,5,20131125,162500,48.0700,48.1300,48.0700,48.1000,4116,0
PRA.US,5,20131125,163000,48.1300,48.2000,48.0700,48.1300,6780,0
PRA.US,5,20131125,163500,48.1300,48.1800,48.1300,48.1800,300,0
PRA.US,5,20131125,164000,48.1800,48.2100,48.1800,48.1900,1013,0
PRA.US,5,20131125,164500,48.1700,48.1700,48.1500,48.1500,600,0
PRA.US,5,20131125,165000,48.1500,48.1800,48.1200,48.1800,2615,0
PRA.US,5,20131125,165500,48.2100,48.2300,48.2100,48.2300,600,0
PRA.US,5,20131125,170000,48.2200,48.2400,48.2200,48.2400,900,0
PRA.US,5,20131125,171000,48.2400,48.3000,48.2400,48.2800,4106,0
PRA.US,5,20131125,171500,48.2700,48.2700,48.2700,48.2700,301,0
PRA.US,5,20131125,172000,48.2800,48.3800,48.2800,48.3800,2500,0
PRA.US,5,20131125,172500,48.4000,48.4100,48.3900,48.3900,1310,0
PRA.US,5,20131125,173000,48.3900,48.4500,48.3900,48.4500,2800,0
PRA.US,5,20131125,173500,48.4500,48.4600,48.4500,48.4500,900,0
PRA.US,5,20131125,174000,48.4600,48.4600,48.4500,48.4500,500,0
PRA.US,5,20131125,174500,48.4500,48.4500,48.4200,48.4200,1700,0
PRA.US,5,20131125,175000,48.4100,48.4200,48.4000,48.4200,1400,0
PRA.US,5,20131125,175500,48.4300,48.4300,48.4200,48.4300,1200,0
PRA.US,5,20131125,180000,48.4200,48.4200,48.4100,48.4100,900,0
PRA.US,5,20131125,180500,48.4000,48.4100,48.3900,48.3900,1000,0
PRA.US,5,20131125,181000,48.3900,48.3900,48.3800,48.3800,1550,0
PRA.US,5,20131125,181500,48.3600,48.4200,48.3600,48.4100,3705,0
PRA.US,5,20131125,182000,48.4100,48.4600,48.4000,48.4500,3622,0
PRA.US,5,20131125,182500,48.4600,48.4600,48.4400,48.4400,247,0
PRA.US,5,20131125,183000,48.4500,48.4500,48.4500,48.4500,300,0
PRA.US,5,20131125,183500,48.4500,48.4500,48.4100,48.4200,1600,0
PRA.US,5,20131125,184000,48.4200,48.4200,48.4000,48.4100,1004,0
PRA.US,5,20131125,184500,48.4000,48.4700,48.3900,48.4200,2000,0
PRA.US,5,20131125,185000,48.4100,48.4100,48.3900,48.3900,300,0
PRA.US,5,20131125,185500,48.3800,48.3800,48.3800,48.3800,200,0
PRA.US,5,20131125,190000,48.3800,48.3800,48.3700,48.3700,300,0
PRA.US,5,20131125,190500,48.3700,48.3700,48.3600,48.3700,505,0
PRA.US,5,20131125,191000,48.3600,48.3600,48.3500,48.3500,200,0
PRA.US,5,20131125,191500,48.3500,48.3700,48.3500,48.3700,1710,0
PRA.US,5,20131125,192000,48.3700,48.3700,48.3400,48.3400,700,0
PRA.US,5,20131125,192500,48.3400,48.3400,48.3400,48.3400,1000,0
PRA.US,5,20131125,193000,48.3400,48.3500,48.3300,48.3300,800,0
PRA.US,5,20131125,193500,48.3200,48.3300,48.3200,48.3300,1293,0
PRA.US,5,20131125,194000,48.3200,48.3200,48.3100,48.3100,872,0
PRA.US,5,20131125,194500,48.3100,48.3300,48.2900,48.3300,1918,0
PRA.US,5,20131125,195000,48.3300,48.3700,48.3300,48.3500,1400,0
PRA.US,5,20131125,195500,48.3500,48.3500,48.3300,48.3300,700,0
PRA.US,5,20131125,200000,48.3000,48.3000,48.3000,48.3000,300,0
PRA.US,5,20131125,200500,48.2900,48.2900,48.2900,48.2900,100,0
PRA.US,5,20131125,201000,48.3000,48.3300,48.2900,48.3300,1894,0
PRA.US,5,20131125,202000,48.3300,48.3300,48.3100,48.3300,3200,0
PRA.US,5,20131125,202500,48.3200,48.3500,48.3200,48.3500,2100,0
PRA.US,5,20131125,203000,48.3500,48.3800,48.3400,48.3800,1904,0
PRA.US,5,20131125,203500,48.3800,48.4200,48.3700,48.3700,1700,0
PRA.US,5,20131125,204000,48.3800,48.3800,48.3800,48.3800,100,0
PRA.US,5,20131125,204500,48.3800,48.3800,48.3500,48.3500,1400,0
PRA.US,5,20131125,205000,48.3500,48.3500,48.3200,48.3200,2194,0
PRA.US,5,20131125,205500,48.2900,48.2900,48.2700,48.2800,300,0
PRA.US,5,20131125,210000,48.2800,48.3300,48.2800,48.3200,5465,0
PRA.US,5,20131125,210500,48.3000,48.3500,48.3000,48.3300,4100,0
PRA.US,5,20131125,211000,48.3300,48.3400,48.3200,48.3200,2978,0
PRA.US,5,20131125,211500,48.3300,48.3300,48.3200,48.3200,300,0
PRA.US,5,20131125,212000,48.3200,48.3300,48.3200,48.3200,1342,0
PRA.US,5,20131125,212500,48.3300,48.3400,48.3100,48.3300,6991,0
PRA.US,5,20131125,213000,48.3200,48.3500,48.3100,48.3400,3929,0
PRA.US,5,20131125,213500,48.3500,48.3600,48.3400,48.3400,5104,0
PRA.US,5,20131125,214000,48.3400,48.3500,48.3300,48.3300,2239,0
PRA.US,5,20131125,214500,48.3400,48.3600,48.3400,48.3500,3773,0
PRA.US,5,20131125,215000,48.3500,48.3800,48.3500,48.3600,9951,0
PRA.US,5,20131125,215500,48.3700,48.3900,48.3500,48.3900,10383,0
PRA.US,5,20131125,220000,48.3800,48.4400,48.3600,48.4200,16708,0
PRA.US,5,20131125,220500,48.4000,48.4000,48.4000,48.4000,30153,0
PRA.US,5,20131126,153500,48.5800,48.5800,48.5800,48.5800,200,0
PRA.US,5,20131126,154500,48.3800,48.3800,48.3500,48.3500,415,0
PRA.US,5,20131126,155000,48.3700,48.4600,48.3200,48.4600,800,0
PRA.US,5,20131126,155500,48.4500,48.4600,48.4100,48.4600,2600,0
PRA.US,5,20131126,160000,48.4300,48.4400,48.4300,48.4400,200,0
PRA.US,5,20131126,160500,48.4500,48.4700,48.3900,48.4600,2000,0
PRA.US,5,20131126,161000,48.4700,48.4700,48.4600,48.4600,200,0
PRA.US,5,20131126,161500,48.4600,48.5100,48.4300,48.4800,2600,0
PRA.US,5,20131126,162000,48.4500,48.4500,48.4000,48.4000,2900,0
PRA.US,5,20131126,162500,48.4000,48.4700,48.3700,48.4700,2400,0
PRA.US,5,20131126,163000,48.4500,48.4500,48.4500,48.4500,100,0
PRA.US,5,20131126,163500,48.4100,48.4400,48.4100,48.4300,1700,0
PRA.US,5,20131126,164000,48.4400,48.4700,48.4200,48.4400,3241,0
PRA.US,5,20131126,164500,48.4100,48.4500,48.3900,48.3900,1070,0
PRA.US,5,20131126,165000,48.3700,48.3700,48.3200,48.3300,600,0
PRA.US,5,20131126,165500,48.3100,48.3100,48.2600,48.2600,1000,0
PRA.US,5,20131126,170000,48.2900,48.2900,48.1900,48.2600,2000,0
PRA.US,5,20131126,171000,48.2500,48.2500,48.2100,48.2400,615,0
PRA.US,5,20131126,171500,48.2500,48.2500,48.1900,48.1900,800,0
PRA.US,5,20131126,172000,48.1900,48.2100,48.1900,48.2100,400,0
PRA.US,5,20131126,172500,48.2000,48.2300,48.1900,48.2300,1300,0
PRA.US,5,20131126,173000,48.2200,48.2200,48.1600,48.2000,4000,0
PRA.US,5,20131126,173500,48.2000,48.2100,48.1600,48.1900,2400,0
PRA.US,5,20131126,174000,48.1800,48.1900,48.1600,48.1600,1009,0
PRA.US,5,20131126,174500,48.1800,48.2200,48.1800,48.2100,1102,0
PRA.US,5,20131126,175000,48.2000,48.2300,48.2000,48.2300,1000,0
PRA.US,5,20131126,175500,48.2300,48.2500,48.2300,48.2500,1000,0
PRA.US,5,20131126,180000,48.2000,48.2200,48.2000,48.2200,1487,0
PRA.US,5,20131126,180500,48.2000,48.2400,48.2000,48.2400,1700,0
PRA.US,5,20131126,181000,48.2200,48.2300,48.2000,48.2300,1100,0
PRA.US,5,20131126,181500,48.2200,48.2500,48.2200,48.2400,2104,0
PRA.US,5,20131126,182000,48.2300,48.2400,48.2300,48.2400,300,0
PRA.US,5,20131126,182500,48.2300,48.2300,48.2300,48.2300,200,0
PRA.US,5,20131126,183000,48.2300,48.2300,48.2200,48.2300,500,0
PRA.US,5,20131126,183500,48.2400,48.2400,48.2300,48.2400,500,0
PRA.US,5,20131126,184500,48.2400,48.2400,48.2400,48.2400,437,0
PRA.US,5,20131126,185000,48.2300,48.2300,48.2200,48.2200,1700,0
PRA.US,5,20131126,185500,48.2000,48.2300,48.1900,48.1900,2500,0
PRA.US,5,20131126,190000,48.1800,48.1800,48.1800,48.1800,1200,0
PRA.US,5,20131126,190500,48.1700,48.1700,48.1700,48.1700,500,0
PRA.US,5,20131126,191000,48.1600,48.1900,48.1500,48.1900,1200,0
PRA.US,5,20131126,191500,48.1500,48.1800,48.1500,48.1800,200,0
PRA.US,5,20131126,192000,48.1800,48.1800,48.1800,48.1800,100,0
PRA.US,5,20131126,193000,48.1900,48.2500,48.1900,48.2500,2300,0
PRA.US,5,20131126,193500,48.2200,48.2200,48.2000,48.2100,2400,0
PRA.US,5,20131126,194000,48.2000,48.2100,48.2000,48.2000,1900,0
PRA.US,5,20131126,194500,48.2000,48.2300,48.2000,48.2300,800,0
PRA.US,5,20131126,195000,48.2400,48.2600,48.2200,48.2600,600,0
PRA.US,5,20131126,195500,48.2400,48.2400,48.2300,48.2300,200,0
PRA.US,5,20131126,200000,48.2300,48.2500,48.2300,48.2500,800,0
PRA.US,5,20131126,200500,48.2300,48.3100,48.2100,48.2700,3900,0
PRA.US,5,20131126,201000,48.2800,48.3500,48.2800,48.3300,3627,0
PRA.US,5,20131126,201500,48.3400,48.3900,48.3400,48.3600,2200,0
PRA.US,5,20131126,202000,48.3400,48.4600,48.3400,48.4600,5669,0
PRA.US,5,20131126,202500,48.4600,48.4700,48.4100,48.4500,4700,0
PRA.US,5,20131126,203000,48.4900,48.4900,48.4400,48.4700,1900,0
PRA.US,5,20131126,203500,48.4700,48.4700,48.4700,48.4700,500,0
PRA.US,5,20131126,204000,48.5100,48.5200,48.4900,48.5200,1200,0
PRA.US,5,20131126,204500,48.5000,48.5100,48.4900,48.5100,1013,0
PRA.US,5,20131126,205000,48.5000,48.5100,48.4900,48.4900,1300,0
PRA.US,5,20131126,205500,48.4800,48.4900,48.4600,48.4900,1000,0
PRA.US,5,20131126,210000,48.4900,48.5000,48.4900,48.4900,1800,0
PRA.US,5,20131126,210500,48.4300,48.4300,48.4100,48.4200,1400,0
PRA.US,5,20131126,211000,48.4000,48.4000,48.3500,48.3500,1025,0
PRA.US,5,20131126,211500,48.3500,48.4100,48.3500,48.3700,5300,0
PRA.US,5,20131126,212000,48.3800,48.3800,48.3700,48.3700,900,0
PRA.US,5,20131126,212500,48.3700,48.4300,48.3700,48.4300,2900,0
PRA.US,5,20131126,213000,48.4100,48.4200,48.3600,48.3700,4200,0
PRA.US,5,20131126,213500,48.3600,48.3600,48.3400,48.3500,3500,0
PRA.US,5,20131126,214000,48.3500,48.3500,48.3100,48.3100,1400,0
PRA.US,5,20131126,214500,48.3100,48.3400,48.3000,48.3400,4400,0
PRA.US,5,20131126,215000,48.3500,48.3700,48.3000,48.3000,9180,0
PRA.US,5,20131126,215500,48.2800,48.2900,48.2500,48.2500,6712,0
PRA.US,5,20131126,220000,48.2500,48.3100,48.2000,48.2600,9304,0
PRA.US,5,20131126,221000,48.2800,48.2800,48.2800,48.2800,32389,0
PRA.US,5,20131127,153500,48.2500,48.3100,48.0500,48.1000,1444,0
PRA.US,5,20131127,154000,48.1700,48.1700,48.1700,48.1700,100,0
PRA.US,5,20131127,154500,48.1900,48.3400,48.1800,48.1800,1325,0
PRA.US,5,20131127,155000,48.1900,48.2400,48.1600,48.1600,1000,0
PRA.US,5,20131127,155500,48.2200,48.2200,48.2000,48.2000,348,0
PRA.US,5,20131127,160500,48.1600,48.2200,48.1400,48.1800,1207,0
PRA.US,5,20131127,161000,48.2000,48.2100,48.1400,48.1400,1500,0
PRA.US,5,20131127,161500,48.2100,48.2500,48.1500,48.2000,916,0
PRA.US,5,20131127,162000,48.1200,48.2000,48.0600,48.1800,1100,0
PRA.US,5,20131127,162500,48.1900,48.2300,48.1500,48.2200,1340,0
PRA.US,5,20131127,163000,48.2300,48.2300,48.2300,48.2300,100,0
PRA.US,5,20131127,163500,48.1400,48.1500,48.1400,48.1500,740,0
PRA.US,5,20131127,164000,48.1500,48.1500,48.1400,48.1400,200,0
PRA.US,5,20131127,164500,48.1600,48.1600,48.0900,48.0900,905,0
PRA.US,5,20131127,165000,48.1600,48.1900,48.1100,48.1400,400,0
PRA.US,5,20131127,165500,48.1800,48.1800,48.1800,48.1800,200,0
PRA.US,5,20131127,170000,48.1900,48.2100,48.1500,48.1500,2500,0
PRA.US,5,20131127,170500,48.1300,48.1300,48.0200,48.0200,1500,0
PRA.US,5,20131127,171000,48.0700,48.1000,48.0700,48.1000,500,0
PRA.US,5,20131127,171500,48.0800,48.0800,48.0400,48.0700,1070,0
PRA.US,5,20131127,172000,48.0900,48.0900,48.0800,48.0800,300,0
PRA.US,5,20131127,172500,48.0200,48.0200,48.0200,48.0200,100,0
PRA.US,5,20131127,173000,48.0600,48.0900,48.0300,48.0900,1900,0
PRA.US,5,20131127,173500,48.1000,48.1700,48.0800,48.1500,1326,0
PRA.US,5,20131127,174000,48.1000,48.1900,48.1000,48.1900,705,0
PRA.US,5,20131127,174500,48.1900,48.2400,48.1100,48.2200,4229,0
PRA.US,5,20131127,175000,48.2300,48.2300,48.1500,48.2100,1500,0
PRA.US,5,20131127,175500,48.2300,48.2500,48.1700,48.1700,1500,0
PRA.US,5,20131127,180000,48.2400,48.2700,48.2100,48.2300,2100,0
PRA.US,5,20131127,180500,48.1800,48.2700,48.1800,48.2600,1600,0
PRA.US,5,20131127,181000,48.2500,48.2700,48.2300,48.2400,800,0
PRA.US,5,20131127,181500,48.2500,48.2600,48.1700,48.2300,2120,0
PRA.US,5,20131127,182000,48.2000,48.2600,48.1000,48.2100,7400,0
PRA.US,5,20131127,182500,48.2000,48.2700,48.1600,48.2700,1400,0
PRA.US,5,20131127,183000,48.2600,48.2700,48.2500,48.2600,900,0
PRA.US,5,20131127,183500,48.2300,48.2700,48.2000,48.2600,1800,0
PRA.US,5,20131127,184000,48.2300,48.2500,48.2300,48.2500,500,0
PRA.US,5,20131127,184500,48.2500,48.2700,48.2500,48.2500,800,0
PRA.US,5,20131127,185000,48.2600,48.2800,48.2500,48.2600,800,0
PRA.US,5,20131127,185500,48.2300,48.2300,48.1700,48.1700,1400,0
PRA.US,5,20131127,190000,48.2200,48.2500,48.1700,48.1700,1309,0
PRA.US,5,20131127,190500,48.2300,48.2300,48.1900,48.2200,800,0
PRA.US,5,20131127,191000,48.2000,48.2500,48.2000,48.2500,400,0
PRA.US,5,20131127,191500,48.2400,48.2600,48.2000,48.2500,1500,0
PRA.US,5,20131127,192000,48.2400,48.2600,48.2400,48.2500,700,0
PRA.US,5,20131127,192500,48.2400,48.2500,48.1900,48.2200,1645,0
PRA.US,5,20131127,193000,48.2300,48.2700,48.2200,48.2400,1166,0
PRA.US,5,20131127,193500,48.2500,48.2500,48.2200,48.2500,1100,0
PRA.US,5,20131127,194000,48.2600,48.2700,48.1600,48.2300,1300,0
PRA.US,5,20131127,194500,48.2100,48.2700,48.2100,48.2700,600,0
PRA.US,5,20131127,195000,48.2300,48.2400,48.2300,48.2400,900,0
PRA.US,5,20131127,195500,48.2100,48.2400,48.1800,48.2100,1800,0
PRA.US,5,20131127,200000,48.2100,48.2100,48.1800,48.2100,809,0
PRA.US,5,20131127,200500,48.2100,48.2200,48.1600,48.2100,1500,0
PRA.US,5,20131127,201000,48.2000,48.2100,48.1600,48.1600,900,0
PRA.US,5,20131127,201500,48.1500,48.1600,48.1400,48.1500,2700,0
PRA.US,5,20131127,202000,48.1400,48.2600,48.1400,48.2600,2624,0
PRA.US,5,20131127,202500,48.2500,48.2700,48.1400,48.2100,3100,0
PRA.US,5,20131127,203000,48.2200,48.2400,48.2200,48.2300,1370,0
PRA.US,5,20131127,203500,48.2200,48.2400,48.1900,48.2400,2500,0
PRA.US,5,20131127,204000,48.2500,48.2600,48.2400,48.2500,1100,0
PRA.US,5,20131127,204500,48.2400,48.2500,48.2100,48.2100,1500,0
PRA.US,5,20131127,205000,48.2400,48.2600,48.2100,48.2100,2000,0
PRA.US,5,20131127,205500,48.2200,48.2500,48.2100,48.2100,2080,0
PRA.US,5,20131127,210000,48.2400,48.2500,48.2200,48.2400,600,0
PRA.US,5,20131127,210500,48.2100,48.2400,48.2000,48.2300,1600,0
PRA.US,5,20131127,211000,48.2200,48.2400,48.1900,48.2200,2800,0
PRA.US,5,20131127,211500,48.2000,48.2100,48.1900,48.1900,700,0
PRA.US,5,20131127,212000,48.1900,48.2500,48.1900,48.2200,7156,0
PRA.US,5,20131127,212500,48.2100,48.2200,48.1700,48.2000,3000,0
PRA.US,5,20131127,213000,48.2100,48.2500,48.1900,48.2500,1100,0
PRA.US,5,20131127,213500,48.2300,48.2500,48.2100,48.2100,2875,0
PRA.US,5,20131127,214000,48.2000,48.2100,48.1400,48.1900,2500,0
PRA.US,5,20131127,214500,48.1800,48.2400,48.1800,48.2200,2700,0
PRA.US,5,20131127,215000,48.2000,48.2300,48.1800,48.2000,4742,0
PRA.US,5,20131127,215500,48.1800,48.2000,48.1700,48.1800,2710,0
PRA.US,5,20131127,220000,48.1800,48.2200,48.1800,48.2000,5294,0
PRA.US,5,20131127,221000,48.1900,48.1900,48.1900,48.1900,4492,0
PRA.US,5,20131129,153500,48.1700,48.2400,48.1400,48.2200,600,0
PRA.US,5,20131129,154000,48.2400,48.2400,48.2000,48.2400,300,0
PRA.US,5,20131129,154500,48.2000,48.2500,48.2000,48.2000,6015,0
PRA.US,5,20131129,155000,48.2400,48.2500,48.1700,48.2000,1832,0
PRA.US,5,20131129,155500,48.2000,48.2300,48.1300,48.2300,700,0
PRA.US,5,20131129,160000,48.2100,48.2700,48.1900,48.2700,4000,0
PRA.US,5,20131129,160500,48.2400,48.2500,48.2200,48.2400,1100,0
PRA.US,5,20131129,161000,48.1900,48.2000,48.1700,48.1700,600,0
PRA.US,5,20131129,161500,48.1600,48.1800,48.1500,48.1800,400,0
PRA.US,5,20131129,162000,48.1700,48.1700,48.1300,48.1600,1500,0
PRA.US,5,20131129,162500,48.1400,48.1700,48.0900,48.0900,1700,0
PRA.US,5,20131129,163000,48.1000,48.1500,48.1000,48.1500,2000,0
PRA.US,5,20131129,163500,48.1000,48.1300,48.1000,48.1300,200,0
PRA.US,5,20131129,164000,48.1200,48.1400,48.1100,48.1300,3520,0
PRA.US,5,20131129,164500,48.1400,48.1400,48.1400,48.1400,446,0
PRA.US,5,20131129,165000,48.1600,48.2000,48.1300,48.1700,2590,0
PRA.US,5,20131129,165500,48.1600,48.1600,48.0800,48.1100,3123,0
PRA.US,5,20131129,170000,48.0600,48.0900,48.0600,48.0800,300,0
PRA.US,5,20131129,170500,48.0700,48.0700,48.0500,48.0500,1300,0
PRA.US,5,20131129,171000,48.0500,48.1200,48.0200,48.0200,4200,0
PRA.US,5,20131129,171500,48.0500,48.1100,48.0400,48.1100,3600,0
PRA.US,5,20131129,172000,48.1200,48.1900,48.0800,48.1700,12054,0
PRA.US,5,20131129,172500,48.1800,48.1800,48.1800,48.1800,200,0
PRA.US,5,20131129,173500,48.1000,48.1000,48.0900,48.0900,412,0
PRA.US,5,20131129,174000,48.0900,48.1400,48.0900,48.1400,400,0
PRA.US,5,20131129,174500,48.1500,48.1500,48.1300,48.1500,700,0
PRA.US,5,20131129,175000,48.1100,48.1200,48.0800,48.1200,800,0
PRA.US,5,20131129,175500,48.0800,48.0800,48.0700,48.0700,500,0
PRA.US,5,20131129,180000,48.0800,48.0900,48.0700,48.0700,300,0
PRA.US,5,20131129,181000,48.0500,48.0500,48.0300,48.0300,200,0
PRA.US,5,20131129,181500,48.0500,48.0500,48.0000,48.0100,1814,0
PRA.US,5,20131129,182000,48.0400,48.0600,48.0000,48.0400,1000,0
PRA.US,5,20131129,182500,48.0200,48.0200,48.0200,48.0200,100,0
PRA.US,5,20131129,183000,48.0100,48.0100,48.0100,48.0100,405,0
PRA.US,5,20131129,183500,48.0000,48.0500,48.0000,48.0300,888,0
PRA.US,5,20131129,184000,48.0100,48.0700,48.0100,48.0700,2100,0
PRA.US,5,20131129,184500,48.1200,48.1200,48.1000,48.1000,5002,0
PRA.US,5,20131129,185000,48.0400,48.2000,48.0400,48.1500,6035,0
PRA.US,5,20131129,185500,48.1000,48.1900,48.0500,48.1900,5597,0
PRA.US,5,20131129,190000,48.1900,48.1900,48.0300,48.0600,4173,0
PRA.US,5,20131129,190500,48.0800,48.0800,48.0800,48.0800,6940,0
PRA.US,5,20131202,153500,48.0500,48.1700,48.0500,48.1700,1590,0
PRA.US,5,20131202,154000,48.1000,48.1500,48.0500,48.0500,5100,0
PRA.US,5,20131202,154500,48.0700,48.0900,48.0500,48.0900,2700,0
PRA.US,5,20131202,155000,48.0000,48.0900,48.0000,48.0700,8414,0
PRA.US,5,20131202,155500,48.0800,48.1100,48.0400,48.0900,3100,0
PRA.US,5,20131202,160000,48.0900,48.1500,48.0900,48.1200,2700,0
PRA.US,5,20131202,160500,48.0900,48.2000,48.0900,48.1700,2600,0
PRA.US,5,20131202,161000,48.1500,48.1900,48.1300,48.1300,1100,0
PRA.US,5,20131202,161500,48.1400,48.1400,48.1100,48.1100,1109,0
PRA.US,5,20131202,162000,48.1100,48.1800,48.0400,48.0400,3310,0
PRA.US,5,20131202,162500,48.1000,48.1200,48.1000,48.1200,700,0
PRA.US,5,20131202,163000,48.1300,48.1300,48.1100,48.1100,1800,0
PRA.US,5,20131202,163500,48.0800,48.1600,48.0800,48.1600,1754,0
PRA.US,5,20131202,164000,48.1300,48.1400,48.1300,48.1400,900,0
PRA.US,5,20131202,164500,48.1200,48.2300,48.1000,48.2300,5098,0
PRA.US,5,20131202,165000,48.2200,48.2500,48.1800,48.2000,700,0
PRA.US,5,20131202,165500,48.2200,48.2500,48.2200,48.2300,1101,0
PRA.US,5,20131202,170000,48.2400,48.2600,48.2400,48.2600,1200,0
PRA.US,5,20131202,170500,48.2500,48.2800,48.2500,48.2700,1139,0
PRA.US,5,20131202,171000,48.2700,48.2800,48.2500,48.2700,1700,0
PRA.US,5,20131202,171500,48.2500,48.2700,48.2500,48.2700,300,0
PRA.US,5,20131202,172000,48.2700,48.2700,48.2700,48.2700,400,0
PRA.US,5,20131202,172500,48.2500,48.2600,48.2300,48.2600,1116,0
PRA.US,5,20131202,173000,48.2400,48.2400,48.2000,48.2000,2000,0
PRA.US,5,20131202,173500,48.2000,48.2100,48.1600,48.2100,2200,0
PRA.US,5,20131202,174000,48.1900,48.2200,48.1900,48.2000,500,0
PRA.US,5,20131202,174500,48.1800,48.1900,48.1600,48.1900,800,0
PRA.US,5,20131202,175000,48.2100,48.2200,48.2000,48.2000,1747,0
PRA.US,5,20131202,175500,48.2100,48.2100,48.1800,48.1800,800,0
PRA.US,5,20131202,180000,48.2100,48.2200,48.1800,48.2200,800,0
PRA.US,5,20131202,180500,48.1900,48.2000,48.1900,48.1900,1100,0
PRA.US,5,20131202,181000,48.1700,48.1900,48.1500,48.1700,841,0
PRA.US,5,20131202,181500,48.1600,48.2000,48.1500,48.1700,1500,0
PRA.US,5,20131202,182000,48.1500,48.1700,48.1500,48.1700,200,0
PRA.US,5,20131202,182500,48.1900,48.2100,48.1900,48.1900,1000,0
PRA.US,5,20131202,183000,48.1900,48.2100,48.1900,48.2100,300,0
PRA.US,5,20131202,183500,48.2000,48.2000,48.1800,48.1900,1000,0
PRA.US,5,20131202,184000,48.1500,48.1800,48.1300,48.1800,1611,0
PRA.US,5,20131202,184500,48.1800,48.2400,48.1800,48.2300,4500,0
PRA.US,5,20131202,185000,48.2200,48.2800,48.2100,48.2800,7989,0
PRA.US,5,20131202,185500,48.2200,48.2500,48.1800,48.2300,5700,0
PRA.US,5,20131202,190000,48.2600,48.2600,48.2100,48.2600,1102,0
PRA.US,5,20131202,190500,48.2600,48.2600,48.2500,48.2500,1527,0
PRA.US,5,20131202,191000,48.2600,48.2700,48.2500,48.2500,2200,0
PRA.US,5,20131202,191500,48.2100,48.2600,48.2000,48.2300,3300,0
PRA.US,5,20131202,192000,48.2300,48.2300,48.2000,48.2100,2400,0
PRA.US,5,20131202,192500,48.2200,48.2500,48.2200,48.2500,1900,0
PRA.US,5,20131202,193000,48.2400,48.2400,48.2100,48.2100,1600,0
PRA.US,5,20131202,193500,48.2100,48.2300,48.2000,48.2000,1100,0
PRA.US,5,20131202,194000,48.2300,48.2300,48.1800,48.1900,2000,0
PRA.US,5,20131202,194500,48.1900,48.2400,48.1900,48.2100,2700,0
PRA.US,5,20131202,195000,48.2100,48.2300,48.1400,48.1700,1800,0
PRA.US,5,20131202,195500,48.1400,48.1800,48.1400,48.1600,1000,0
PRA.US,5,20131202,200000,48.1800,48.1800,48.1600,48.1700,1300,0
PRA.US,5,20131202,200500,48.1600,48.1700,48.1600,48.1600,500,0
PRA.US,5,20131202,201000,48.1600,48.1600,48.1300,48.1400,2000,0
PRA.US,5,20131202,201500,48.1200,48.1300,48.0400,48.0400,3100,0
PRA.US,5,20131202,202000,48.0400,48.0400,47.9500,47.9500,2300,0
PRA.US,5,20131202,202500,47.9600,48.0200,47.9500,47.9900,6700,0
PRA.US,5,20131202,203000,47.9900,48.0000,47.9900,48.0000,2102,0
PRA.US,5,20131202,203500,48.0000,48.0100,48.0000,48.0100,3000,0
PRA.US,5,20131202,204000,48.0000,48.0500,48.0000,48.0100,5044,0
PRA.US,5,20131202,204500,48.0000,48.0100,48.0000,48.0000,2444,0
PRA.US,5,20131202,205000,48.0000,48.0100,48.0000,48.0100,3297,0
PRA.US,5,20131202,205500,48.0000,48.0000,48.0000,48.0000,1455,0
PRA.US,5,20131202,210000,48.0000,48.0000,47.9000,47.9000,1461,0
PRA.US,5,20131202,210500,47.8800,47.8800,47.8500,47.8700,2800,0
PRA.US,5,20131202,211000,47.8800,47.8800,47.8400,47.8400,3701,0
PRA.US,5,20131202,211500,47.8500,47.8900,47.8100,47.8800,11829,0
PRA.US,5,20131202,212000,47.8900,47.8900,47.8400,47.8500,3200,0
PRA.US,5,20131202,212500,47.8700,47.8800,47.8400,47.8700,5962,0
PRA.US,5,20131202,213000,47.8800,47.8800,47.8400,47.8800,4000,0
PRA.US,5,20131202,213500,47.8600,47.8800,47.8300,47.8700,7393,0
PRA.US,5,20131202,214000,47.8700,47.8700,47.8600,47.8700,2010,0
PRA.US,5,20131202,214500,47.8700,47.8800,47.8600,47.8600,5706,0
PRA.US,5,20131202,215000,47.8600,47.8700,47.8400,47.8500,4689,0
PRA.US,5,20131202,215500,47.8600,47.8600,47.8400,47.8500,12567,0
PRA.US,5,20131202,220000,47.8500,47.9200,47.8400,47.9100,21643,0
PRA.US,5,20131202,220500,47.8700,47.8700,47.8700,47.8700,8212,0
PRA.US,5,20131203,153500,47.8000,47.9100,47.7900,47.9100,1503,0
PRA.US,5,20131203,154000,47.8400,47.8600,47.8100,47.8500,3900,0
PRA.US,5,20131203,154500,47.8700,47.8700,47.8700,47.8700,100,0
PRA.US,5,20131203,155000,47.8500,47.8500,47.8200,47.8200,1300,0
PRA.US,5,20131203,155500,47.8300,47.8700,47.8300,47.8500,3115,0
PRA.US,5,20131203,160000,47.8700,47.9000,47.8700,47.9000,900,0
PRA.US,5,20131203,160500,47.9000,47.9900,47.8500,47.8500,4798,0
PRA.US,5,20131203,161000,47.8600,47.8700,47.8500,47.8600,800,0
PRA.US,5,20131203,161500,47.8700,47.8700,47.8500,47.8500,3000,0
PRA.US,5,20131203,162000,47.8500,47.8800,47.8500,47.8700,4850,0
PRA.US,5,20131203,162500,47.8700,47.9000,47.8600,47.8800,4500,0
PRA.US,5,20131203,163000,47.8800,47.8900,47.8500,47.8800,1300,0
PRA.US,5,20131203,163500,47.8800,47.9200,47.8800,47.9200,783,0
PRA.US,5,20131203,164000,47.9200,48.0400,47.9200,48.0300,2108,0
PRA.US,5,20131203,165000,48.0500,48.0500,48.0500,48.0500,500,0
PRA.US,5,20131203,170000,48.0400,48.0400,48.0300,48.0300,300,0
PRA.US,5,20131203,170500,48.0200,48.0800,47.9900,48.0600,3835,0
PRA.US,5,20131203,171000,48.0800,48.0800,48.0800,48.0800,100,0
PRA.US,5,20131203,171500,48.0500,48.0600,48.0500,48.0600,1500,0
PRA.US,5,20131203,172000,48.0800,48.0800,48.0600,48.0600,600,0
PRA.US,5,20131203,172500,48.0400,48.0600,48.0300,48.0300,3610,0
PRA.US,5,20131203,173000,48.0400,48.0400,47.9400,47.9600,17100,0
PRA.US,5,20131203,173500,47.9400,47.9600,47.9000,47.9000,1200,0
PRA.US,5,20131203,174000,47.8900,47.8900,47.8500,47.8500,6101,0
PRA.US,5,20131203,174500,47.8900,47.9000,47.8700,47.8900,1900,0
PRA.US,5,20131203,175000,47.8900,47.8900,47.8500,47.8700,1234,0
PRA.US,5,20131203,175500,47.8700,47.8800,47.8600,47.8700,4700,0
PRA.US,5,20131203,180000,47.8800,47.8800,47.8500,47.8500,2200,0
PRA.US,5,20131203,180500,47.8500,47.8700,47.8500,47.8500,2100,0
PRA.US,5,20131203,181000,47.8800,47.9400,47.8800,47.9300,4010,0
PRA.US,5,20131203,181500,47.9400,47.9600,47.9400,47.9600,600,0
PRA.US,5,20131203,182000,47.9300,47.9600,47.9300,47.9400,937,0
PRA.US,5,20131203,182500,47.9300,47.9500,47.8900,47.9100,6777,0
PRA.US,5,20131203,183000,47.8900,47.9100,47.8600,47.8800,1681,0
PRA.US,5,20131203,183500,47.8900,47.9000,47.8900,47.9000,700,0
PRA.US,5,20131203,184000,47.9100,47.9700,47.9000,47.9100,2312,0
PRA.US,5,20131203,184500,47.9600,47.9600,47.9500,47.9500,700,0
PRA.US,5,20131203,185000,47.9500,48.0200,47.9300,47.9300,1900,0
PRA.US,5,20131203,190000,47.9000,47.9800,47.9000,47.9400,2327,0
PRA.US,5,20131203,190500,47.9200,47.9200,47.8600,47.8600,2135,0
PRA.US,5,20131203,191000,47.8500,47.8700,47.8500,47.8700,4436,0
PRA.US,5,20131203,191500,47.8800,47.8900,47.8600,47.8600,1365,0
PRA.US,5,20131203,192000,47.8600,47.8600,47.8600,47.8600,500,0
PRA.US,5,20131203,192500,47.8700,47.8700,47.8500,47.8500,5617,0
PRA.US,5,20131203,193000,47.8500,47.8800,47.8400,47.8800,9601,0
PRA.US,5,20131203,193500,47.9000,47.9000,47.9000,47.9000,716,0
PRA.US,5,20131203,194000,47.8900,47.9000,47.8900,47.9000,1400,0
PRA.US,5,20131203,194500,47.9000,47.9000,47.8700,47.8700,2700,0
PRA.US,5,20131203,195000,47.8700,47.8900,47.8700,47.8900,1400,0
PRA.US,5,20131203,195500,47.8900,47.8900,47.8900,47.8900,300,0
PRA.US,5,20131203,200000,47.8800,47.8900,47.8700,47.8700,2549,0
PRA.US,5,20131203,200500,47.8700,47.9000,47.8700,47.9000,2800,0
PRA.US,5,20131203,201000,47.9000,47.9000,47.8800,47.8800,3498,0
PRA.US,5,20131203,201500,47.8800,47.9200,47.8800,47.9100,2751,0
PRA.US,5,20131203,202000,47.9000,47.9000,47.8800,47.8900,3082,0
PRA.US,5,20131203,202500,47.9000,47.9000,47.9000,47.9000,400,0
PRA.US,5,20131203,203000,47.9000,47.9000,47.9000,47.9000,480,0
PRA.US,5,20131203,203500,47.9000,47.9300,47.8700,47.9300,3855,0
PRA.US,5,20131203,204000,47.9200,47.9200,47.9000,47.9200,900,0
PRA.US,5,20131203,204500,47.9300,47.9300,47.9200,47.9300,2812,0
PRA.US,5,20131203,205000,47.9400,47.9400,47.9300,47.9300,2690,0
PRA.US,5,20131203,205500,47.9400,47.9500,47.9400,47.9400,963,0
PRA.US,5,20131203,210000,47.9500,47.9700,47.9500,47.9700,1600,0
PRA.US,5,20131203,210500,47.9700,47.9700,47.9500,47.9600,900,0
PRA.US,5,20131203,211000,47.9600,47.9800,47.9600,47.9800,2237,0
PRA.US,5,20131203,211500,47.9900,48.0100,47.9600,47.9600,2800,0
PRA.US,5,20131203,212000,47.9600,47.9900,47.9600,47.9900,1900,0
PRA.US,5,20131203,212500,48.0000,48.0200,47.9900,48.0100,5279,0
PRA.US,5,20131203,213000,48.0000,48.0100,48.0000,48.0100,1500,0
PRA.US,5,20131203,213500,48.0100,48.0100,47.9900,47.9900,9176,0
PRA.US,5,20131203,214000,47.9900,48.0100,47.9900,47.9900,2170,0
PRA.US,5,20131203,214500,47.9900,48.0000,47.9800,47.9800,1513,0
PRA.US,5,20131203,215000,47.9900,48.0200,47.9900,48.0200,9360,0
PRA.US,5,20131203,215500,48.0200,48.0600,48.0100,48.0600,6343,0
PRA.US,5,20131203,220000,48.0600,48.0800,48.0300,48.0600,7145,0
PRA.US,5,20131203,220500,48.0700,48.0700,48.0700,48.0700,16018,0
PRA.US,5,20131204,153500,47.9300,47.9300,47.9000,47.9000,300,0
PRA.US,5,20131204,154000,48.0000,48.0300,47.9700,47.9700,1200,0
PRA.US,5,20131204,154500,47.9600,47.9600,47.9200,47.9200,400,0
PRA.US,5,20131204,155000,47.9200,47.9300,47.9000,47.9300,1900,0
PRA.US,5,20131204,155500,47.9000,47.9000,47.9000,47.9000,300,0
PRA.US,5,20131204,160000,47.9100,47.9600,47.9100,47.9300,600,0
PRA.US,5,20131204,160500,47.9600,47.9700,47.9200,47.9200,2200,0
PRA.US,5,20131204,161000,47.9400,47.9400,47.9100,47.9100,500,0
PRA.US,5,20131204,161500,47.9600,47.9800,47.9300,47.9300,1000,0
PRA.US,5,20131204,162000,47.9900,47.9900,47.9300,47.9400,1504,0
PRA.US,5,20131204,162500,47.9900,47.9900,47.9400,47.9900,600,0
PRA.US,5,20131204,163000,47.9400,47.9500,47.9400,47.9500,300,0
PRA.US,5,20131204,163500,47.9700,47.9900,47.9700,47.9900,400,0
PRA.US,5,20131204,164000,48.0400,48.0400,48.0400,48.0400,100,0
PRA.US,5,20131204,164500,48.1400,48.1400,48.1000,48.1000,500,0
PRA.US,5,20131204,165000,48.0200,48.0300,48.0200,48.0300,500,0
PRA.US,5,20131204,165500,48.0600,48.0700,48.0200,48.0700,588,0
PRA.US,5,20131204,170000,48.0400,48.0600,48.0400,48.0400,600,0
PRA.US,5,20131204,170500,48.0500,48.0500,48.0500,48.0500,100,0
PRA.US,5,20131204,171000,48.0100,48.0100,47.9000,47.9000,13135,0
PRA.US,5,20131204,171500,47.9300,48.0400,47.9000,48.0100,10990,0
PRA.US,5,20131204,172000,48.0200,48.0700,48.0200,48.0500,16654,0
PRA.US,5,20131204,172500,48.0200,48.0200,48.0000,48.0000,600,0
PRA.US,5,20131204,173000,48.0000,48.0000,48.0000,48.0000,100,0
PRA.US,5,20131204,173500,47.9800,47.9800,47.9500,47.9600,1100,0
PRA.US,5,20131204,174000,47.9000,47.9200,47.9000,47.9000,3000,0
PRA.US,5,20131204,174500,47.9000,47.9100,47.9000,47.9000,3700,0
PRA.US,5,20131204,175000,47.9000,47.9000,47.9000,47.9000,2500,0
PRA.US,5,20131204,175500,47.9000,47.9000,47.9000,47.9000,250,0
PRA.US,5,20131204,180000,47.9000,47.9200,47.9000,47.9000,2000,0
PRA.US,5,20131204,180500,47.9000,47.9000,47.9000,47.9000,7310,0
PRA.US,5,20131204,181000,47.9000,47.9000,47.8800,47.8800,1700,0
PRA.US,5,20131204,181500,47.9000,47.9000,47.8600,47.8600,1499,0
PRA.US,5,20131204,182000,47.8500,47.8900,47.8500,47.8800,3400,0
PRA.US,5,20131204,182500,47.8800,47.9000,47.8800,47.8900,4500,0
PRA.US,5,20131204,183000,47.8900,47.8900,47.8800,47.8900,5690,0
PRA.US,5,20131204,183500,47.8800,47.9000,47.8800,47.8800,7543,0
PRA.US,5,20131204,184000,47.9000,47.9200,47.8800,47.9000,2400,0
PRA.US,5,20131204,184500,47.8800,47.8800,47.8800,47.8800,100,0
PRA.US,5,20131204,185000,47.9000,47.9300,47.8600,47.8600,2100,0
PRA.US,5,20131204,185500,47.8500,47.8500,47.8500,47.8500,300,0
PRA.US,5,20131204,190000,47.8500,47.8500,47.8400,47.8500,700,0
PRA.US,5,20131204,190500,47.8400,47.9000,47.8400,47.9000,3900,0
PRA.US,5,20131204,191000,47.8900,47.8900,47.8900,47.8900,5368,0
PRA.US,5,20131204,191500,47.8900,47.9400,47.8900,47.9000,8086,0
PRA.US,5,20131204,192000,47.8900,47.9000,47.8900,47.9000,3100,0
PRA.US,5,20131204,192500,47.8900,47.8900,47.8400,47.8600,9783,0
PRA.US,5,20131204,193000,47.8600,47.8700,47.8600,47.8700,4200,0
PRA.US,5,20131204,193500,47.8600,47.8900,47.8400,47.8700,14146,0
PRA.US,5,20131204,194000,47.8800,47.8800,47.8400,47.8400,900,0
PRA.US,5,20131204,194500,47.8600,47.8900,47.8400,47.8500,2203,0
PRA.US,5,20131204,195000,47.8600,47.8600,47.8600,47.8600,300,0
PRA.US,5,20131204,195500,47.8500,47.8500,47.8500,47.8500,600,0
PRA.US,5,20131204,200000,47.8500,47.8800,47.8500,47.8600,5519,0
PRA.US,5,20131204,200500,47.8600,47.8800,47.8500,47.8700,1700,0
PRA.US,5,20131204,201000,47.8500,47.8800,47.8500,47.8700,1400,0
PRA.US,5,20131204,201500,47.8600,47.9400,47.8500,47.9400,3484,0
PRA.US,5,20131204,202000,47.9400,48.0100,47.9300,48.0100,2650,0
PRA.US,5,20131204,202500,47.9900,47.9900,47.9500,47.9500,2200,0
PRA.US,5,20131204,203000,47.9500,48.0000,47.9500,47.9500,2387,0
PRA.US,5,20131204,203500,47.9400,47.9600,47.9400,47.9600,1600,0
PRA.US,5,20131204,204000,47.9700,47.9800,47.9500,47.9500,3040,0
PRA.US,5,20131204,204500,47.9700,47.9800,47.9600,47.9800,1023,0
PRA.US,5,20131204,205000,47.9800,47.9800,47.9700,47.9700,200,0
PRA.US,5,20131204,205500,47.9700,47.9800,47.9600,47.9800,1700,0
PRA.US,5,20131204,210000,47.9800,48.0400,47.9800,48.0200,4300,0
PRA.US,5,20131204,210500,48.0100,48.0200,48.0100,48.0200,1600,0
PRA.US,5,20131204,211000,48.0200,48.0500,48.0200,48.0400,1759,0
PRA.US,5,20131204,211500,48.0500,48.0500,48.0400,48.0400,400,0
PRA.US,5,20131204,212000,48.0500,48.1700,48.0500,48.1700,3708,0
PRA.US,5,20131204,212500,48.1700,48.1800,48.1500,48.1700,1700,0
PRA.US,5,20131204,213000,48.1700,48.1800,48.1700,48.1700,2776,0
PRA.US,5,20131204,213500,48.1700,48.1700,48.1200,48.1400,5212,0
PRA.US,5,20131204,214000,48.1600,48.2000,48.1500,48.1500,3149,0
PRA.US,5,20131204,214500,48.1500,48.1800,48.1500,48.1800,5343,0
PRA.US,5,20131204,215000,48.2000,48.2200,48.1200,48.1500,6415,0
PRA.US,5,20131204,215500,48.1500,48.2000,48.1500,48.2000,7124,0
PRA.US,5,20131204,220000,48.2000,48.2200,48.1700,48.2200,12048,0
PRA.US,5,20131204,220500,48.2200,48.2200,48.2200,48.2200,13611,0
PRA.US,5,20131205,153500,48.9900,48.9900,48.6800,48.6800,3900,0
PRA.US,5,20131205,154000,48.6800,48.7000,48.6800,48.6800,3900,0
PRA.US,5,20131205,154500,48.6800,48.8400,48.6800,48.8200,9140,0
PRA.US,5,20131205,155000,48.8400,48.8500,48.7500,48.7900,3796,0
PRA.US,5,20131205,155500,48.8400,48.8400,48.7400,48.7400,3102,0
PRA.US,5,20131205,160000,48.8000,48.8000,48.7300,48.7300,2900,0
PRA.US,5,20131205,160500,48.7600,48.8000,48.7600,48.8000,2201,0
PRA.US,5,20131205,161000,48.8000,48.8600,48.8000,48.8400,3200,0
PRA.US,5,20131205,161500,48.8800,48.8900,48.8800,48.8800,1400,0
PRA.US,5,20131205,162000,48.8600,48.8600,48.8200,48.8300,2824,0
PRA.US,5,20131205,162500,48.8400,48.8800,48.8300,48.8500,2000,0
PRA.US,5,20131205,163000,48.8300,48.8300,48.7900,48.7900,1000,0
PRA.US,5,20131205,163500,48.8000,48.8100,48.7500,48.7500,2646,0
PRA.US,5,20131205,164000,48.7300,48.7300,48.6200,48.6300,3500,0
PRA.US,5,20131205,164500,48.6400,48.7400,48.6400,48.6800,19903,0
PRA.US,5,20131205,165000,48.6900,48.6900,48.5900,48.5900,1200,0
PRA.US,5,20131205,165500,48.6200,48.6200,48.5900,48.6000,1700,0
PRA.US,5,20131205,170000,48.5700,48.5700,48.5700,48.5700,200,0
PRA.US,5,20131205,170500,48.5600,48.5700,48.5200,48.5500,3599,0
PRA.US,5,20131205,171000,48.5700,48.5900,48.5600,48.5900,1100,0
PRA.US,5,20131205,171500,48.5600,48.5900,48.5000,48.5500,2600,0
PRA.US,5,20131205,172000,48.5200,48.6100,48.4900,48.6000,2811,0
PRA.US,5,20131205,172500,48.5800,48.5800,48.4400,48.4500,8966,0
PRA.US,5,20131205,173000,48.4200,48.4900,48.4000,48.4600,14800,0
PRA.US,5,20131205,173500,48.4600,48.5100,48.4400,48.4500,18833,0
PRA.US,5,20131205,174000,48.4600,48.4900,48.3700,48.3700,25600,0
PRA.US,5,20131205,174500,48.3700,48.4200,48.3100,48.3200,11881,0
PRA.US,5,20131205,175000,48.3300,48.3600,48.3100,48.3600,7900,0
PRA.US,5,20131205,175500,48.3400,48.3700,48.3400,48.3700,700,0
PRA.US,5,20131205,180000,48.3600,48.3600,48.3000,48.3200,1475,0
PRA.US,5,20131205,180500,48.3000,48.3300,48.3000,48.3300,2312,0
PRA.US,5,20131205,181000,48.3300,48.3600,48.3300,48.3500,1600,0
PRA.US,5,20131205,181500,48.2800,48.3000,48.2400,48.2400,1300,0
PRA.US,5,20131205,182000,48.2300,48.2400,48.2000,48.2000,2707,0
PRA.US,5,20131205,182500,48.1900,48.2100,48.1500,48.1500,2300,0
PRA.US,5,20131205,183000,48.1700,48.2100,48.1200,48.1200,3100,0
PRA.US,5,20131205,183500,48.1400,48.1400,48.1100,48.1400,700,0
PRA.US,5,20131205,184000,48.1500,48.1700,48.1400,48.1700,1100,0
PRA.US,5,20131205,184500,48.1900,48.2300,48.1900,48.2300,300,0
PRA.US,5,20131205,185000,48.2300,48.2700,48.2300,48.2700,500,0
PRA.US,5,20131205,185500,48.2700,48.2700,48.2700,48.2700,100,0
PRA.US,5,20131205,190000,48.2500,48.2500,48.2000,48.2000,2900,0
PRA.US,5,20131205,190500,48.2200,48.2300,48.2000,48.2300,400,0
PRA.US,5,20131205,191000,48.2300,48.2400,48.2300,48.2400,600,0
PRA.US,5,20131205,191500,48.2400,48.2500,48.2200,48.2200,2400,0
PRA.US,5,20131205,192000,48.2000,48.2000,48.1300,48.1300,3000,0
PRA.US,5,20131205,192500,48.1400,48.1400,48.1400,48.1400,100,0
PRA.US,5,20131205,193000,48.1200,48.1800,48.1200,48.1600,2356,0
PRA.US,5,20131205,193500,48.1600,48.1600,48.1400,48.1600,1000,0
PRA.US,5,20131205,194000,48.1600,48.1600,48.1600,48.1600,100,0
PRA.US,5,20131205,194500,48.1800,48.2000,48.1300,48.1300,2900,0
PRA.US,5,20131205,195000,48.1500,48.2000,48.1300,48.2000,10600,0
PRA.US,5,20131205,195500,48.1900,48.2500,48.1900,48.2100,2300,0
PRA.US,5,20131205,200000,48.2100,48.2300,48.2000,48.2300,1200,0
PRA.US,5,20131205,200500,48.2100,48.2500,48.2100,48.2400,3150,0
PRA.US,5,20131205,201000,48.2500,48.2700,48.2500,48.2500,4500,0
PRA.US,5,20131205,201500,48.2500,48.3100,48.2200,48.2400,7324,0
PRA.US,5,20131205,202000,48.2600,48.2700,48.2600,48.2700,1200,0
PRA.US,5,20131205,202500,48.2800,48.2900,48.2100,48.2300,7461,0
PRA.US,5,20131205,203000,48.2300,48.2500,48.2000,48.2200,8219,0
PRA.US,5,20131205,203500,48.2500,48.2600,48.2500,48.2500,2644,0
PRA.US,5,20131205,204000,48.2500,48.2600,48.2500,48.2600,2500,0
PRA.US,5,20131205,204500,48.2600,48.2700,48.2500,48.2500,1500,0
PRA.US,5,20131205,205000,48.2500,48.2600,48.2500,48.2600,8900,0
PRA.US,5,20131205,205500,48.2700,48.2700,48.2500,48.2500,6030,0
PRA.US,5,20131205,210000,48.2500,48.2700,48.2500,48.2600,4550,0
PRA.US,5,20131205,210500,48.2500,48.2700,48.2500,48.2600,4500,0
PRA.US,5,20131205,211000,48.2600,48.2700,48.2500,48.2500,1500,0
PRA.US,5,20131205,211500,48.2500,48.2700,48.2500,48.2600,2930,0
PRA.US,5,20131205,212000,48.2600,48.2600,48.2300,48.2300,6825,0
PRA.US,5,20131205,212500,48.2100,48.2500,48.1800,48.2300,7500,0
PRA.US,5,20131205,213000,48.2300,48.2500,48.2000,48.2100,9700,0
PRA.US,5,20131205,213500,48.2000,48.2200,48.1900,48.2100,3900,0
PRA.US,5,20131205,214000,48.2000,48.2100,48.1900,48.2100,10400,0
PRA.US,5,20131205,214500,48.2100,48.2100,48.1900,48.2000,12500,0
PRA.US,5,20131205,215000,48.2100,48.2100,48.1900,48.2000,21707,0
PRA.US,5,20131205,215500,48.2100,48.2400,48.1900,48.2400,16382,0
PRA.US,5,20131205,220000,48.2400,48.2500,48.1900,48.2000,12821,0
PRA.US,5,20131205,220500,48.2400,48.2400,48.2400,48.2400,16618,0
PRA.US,5,20131206,153500,48.4300,48.4300,48.4300,48.4300,2466,0
PRA.US,5,20131206,154000,48.6100,48.6200,48.5900,48.5900,800,0
PRA.US,5,20131206,154500,48.6300,48.6500,48.5800,48.6400,9500,0
PRA.US,5,20131206,155000,48.6300,48.6600,48.6300,48.6600,1510,0
PRA.US,5,20131206,155500,48.7200,48.8100,48.6700,48.8000,2418,0
PRA.US,5,20131206,160000,48.7900,48.8400,48.7800,48.8000,1673,0
PRA.US,5,20131206,160500,48.7900,48.7900,48.7600,48.7600,799,0
PRA.US,5,20131206,161000,48.7500,48.8100,48.7500,48.7600,900,0
PRA.US,5,20131206,161500,48.8700,48.9000,48.8600,48.9000,400,0
PRA.US,5,20131206,162000,48.9400,48.9500,48.9000,48.9100,3400,0
PRA.US,5,20131206,162500,48.8800,48.8800,48.8800,48.8800,700,0
PRA.US,5,20131206,163000,48.8600,48.8700,48.8400,48.8700,1700,0
PRA.US,5,20131206,163500,48.8400,48.8600,48.8400,48.8600,1100,0
PRA.US,5,20131206,164000,48.8500,48.8600,48.8500,48.8500,1100,0
PRA.US,5,20131206,164500,48.8500,48.8600,48.8400,48.8600,1200,0
PRA.US,5,20131206,165000,48.8400,48.8400,48.8200,48.8300,800,0
PRA.US,5,20131206,165500,48.8200,48.8200,48.7600,48.7600,1300,0
PRA.US,5,20131206,170000,48.7800,48.8000,48.7700,48.8000,1100,0
PRA.US,5,20131206,170500,48.8000,48.8300,48.8000,48.8000,400,0
PRA.US,5,20131206,171500,48.8000,48.8000,48.7800,48.8000,2800,0
PRA.US,5,20131206,172000,48.8200,48.8200,48.7900,48.7900,1200,0
PRA.US,5,20131206,172500,48.7500,48.7900,48.7500,48.7900,3617,0
PRA.US,5,20131206,173000,48.8000,48.8000,48.7800,48.7900,1987,0
PRA.US,5,20131206,173500,48.8000,48.8100,48.7800,48.8100,2000,0
PRA.US,5,20131206,174000,48.8100,48.8100,48.8100,48.8100,947,0
PRA.US,5,20131206,174500,48.8200,48.8200,48.7900,48.7900,2000,0
PRA.US,5,20131206,175000,48.7900,48.8200,48.7800,48.8100,1500,0
PRA.US,5,20131206,175500,48.8200,48.8200,48.8000,48.8100,2255,0
PRA.US,5,20131206,180000,48.8100,48.8100,48.8100,48.8100,100,0
PRA.US,5,20131206,180500,48.8000,48.8300,48.8000,48.8300,1200,0
PRA.US,5,20131206,181000,48.8100,48.8100,48.8100,48.8100,200,0
PRA.US,5,20131206,181500,48.8200,48.8200,48.8100,48.8100,1000,0
PRA.US,5,20131206,182000,48.8200,48.8300,48.8100,48.8300,1100,0
PRA.US,5,20131206,182500,48.8200,48.8300,48.8100,48.8300,1600,0
PRA.US,5,20131206,183000,48.8300,48.8600,48.8200,48.8500,2700,0
PRA.US,5,20131206,183500,48.8400,48.8900,48.8400,48.8900,2100,0
PRA.US,5,20131206,184000,48.8900,48.9300,48.8900,48.9300,3400,0
PRA.US,5,20131206,184500,48.9600,49.1000,48.9600,49.1000,5760,0
PRA.US,5,20131206,185000,49.1000,49.1400,49.0700,49.0700,3700,0
PRA.US,5,20131206,185500,49.0600,49.0800,49.0300,49.0400,1100,0
PRA.US,5,20131206,190000,49.0300,49.0700,49.0100,49.0700,1594,0
PRA.US,5,20131206,190500,49.0700,49.0700,49.0700,49.0700,500,0
PRA.US,5,20131206,191000,49.0600,49.0700,49.0600,49.0700,200,0
PRA.US,5,20131206,191500,49.0400,49.0500,49.0400,49.0500,200,0
PRA.US,5,20131206,192000,49.0700,49.0700,49.0700,49.0700,200,0
PRA.US,5,20131206,192500,49.0700,49.0900,49.0700,49.0800,800,0
PRA.US,5,20131206,193000,49.0800,49.0800,49.0800,49.0800,100,0
PRA.US,5,20131206,193500,49.0600,49.0800,49.0600,49.0700,4900,0
PRA.US,5,20131206,194000,49.0700,49.0800,49.0700,49.0700,3200,0
PRA.US,5,20131206,194500,49.0700,49.1200,49.0700,49.1100,2900,0
PRA.US,5,20131206,195000,49.1100,49.1700,49.1100,49.1600,2900,0
PRA.US,5,20131206,195500,49.1600,49.1600,49.0800,49.0900,2800,0
PRA.US,5,20131206,200000,49.0800,49.0900,49.0300,49.0400,2600,0
PRA.US,5,20131206,200500,49.0300,49.0400,49.0300,49.0400,500,0
PRA.US,5,20131206,201000,49.0400,49.0600,49.0200,49.0200,4900,0
PRA.US,5,20131206,201500,49.0400,49.0400,48.9900,49.0400,10987,0
PRA.US,5,20131206,202000,49.0400,49.0400,48.9900,49.0300,9900,0
PRA.US,5,20131206,202500,49.0400,49.1100,49.0400,49.1000,1100,0
PRA.US,5,20131206,203000,49.0900,49.1400,49.0900,49.1200,1500,0
PRA.US,5,20131206,203500,49.1200,49.1200,49.1000,49.1000,1000,0
PRA.US,5,20131206,204000,49.1000,49.1200,49.0900,49.1000,1800,0
PRA.US,5,20131206,204500,49.1100,49.1100,49.1000,49.1000,1000,0
PRA.US,5,20131206,205000,49.1100,49.1100,49.1100,49.1100,1200,0
PRA.US,5,20131206,205500,49.1100,49.1300,49.1000,49.1300,3000,0
PRA.US,5,20131206,210000,49.1300,49.1300,49.0900,49.1000,5100,0
PRA.US,5,20131206,210500,49.1200,49.1200,49.0600,49.0600,3000,0
PRA.US,5,20131206,211000,49.0500,49.0500,49.0200,49.0200,600,0
PRA.US,5,20131206,211500,49.0300,49.0300,49.0000,49.0100,1600,0
PRA.US,5,20131206,212000,49.0100,49.0100,48.9800,48.9800,6050,0
PRA.US,5,20131206,212500,48.9800,49.0400,48.9800,49.0300,3334,0
PRA.US,5,20131206,213000,49.0300,49.0300,49.0100,49.0100,2100,0
PRA.US,5,20131206,213500,49.0100,49.0200,49.0000,49.0100,4026,0
PRA.US,5,20131206,214000,49.0200,49.0300,49.0000,49.0200,8939,0
PRA.US,5,20131206,214500,49.0200,49.0900,49.0200,49.0500,6000,0
PRA.US,5,20131206,215000,49.0600,49.1100,49.0600,49.1100,2318,0
PRA.US,5,20131206,215500,49.1100,49.1500,49.1100,49.1500,5200,0
PRA.US,5,20131206,220000,49.1500,49.1700,49.1300,49.1600,9852,0
PRA.US,5,20131206,220500,49.1700,49.1700,49.1700,49.1700,12171,0
PRA.US,5,20131209,153500,49.3600,49.5200,49.3600,49.4700,3635,0
PRA.US,5,20131209,154000,49.4200,49.5100,49.4200,49.4800,5631,0
PRA.US,5,20131209,154500,49.4600,49.4800,49.3500,49.3500,4800,0
PRA.US,5,20131209,155000,49.3300,49.3300,49.2300,49.2300,2200,0
PRA.US,5,20131209,155500,49.2400,49.3400,49.2200,49.2900,3000,0
PRA.US,5,20131209,160000,49.2900,49.3000,49.2500,49.2600,2865,0
PRA.US,5,20131209,160500,49.2600,49.2700,49.1300,49.1700,6419,0
PRA.US,5,20131209,161000,49.2700,49.2800,49.2300,49.2600,900,0
PRA.US,5,20131209,161500,49.2500,49.2500,49.1900,49.2000,4800,0
PRA.US,5,20131209,162000,49.1900,49.2500,49.1600,49.2500,4500,0
PRA.US,5,20131209,162500,49.2300,49.2600,49.2000,49.2400,2200,0
PRA.US,5,20131209,163000,49.2300,49.3000,49.2300,49.2700,2900,0
PRA.US,5,20131209,163500,49.2700,49.2900,49.2600,49.2700,4198,0
PRA.US,5,20131209,164000,49.2700,49.2700,49.2500,49.2500,1600,0
PRA.US,5,20131209,164500,49.2600,49.2600,49.2000,49.2200,2944,0
PRA.US,5,20131209,165000,49.2200,49.2600,49.2100,49.2600,3000,0
PRA.US,5,20131209,165500,49.2700,49.3600,49.2600,49.3400,2600,0
PRA.US,5,20131209,170000,49.3400,49.3600,49.3300,49.3300,2500,0
PRA.US,5,20131209,170500,49.3400,49.3500,49.3300,49.3300,1100,0
PRA.US,5,20131209,171000,49.3100,49.3500,49.3100,49.3400,2282,0
PRA.US,5,20131209,171500,49.3300,49.3300,49.3000,49.3000,900,0
PRA.US,5,20131209,172000,49.3000,49.3100,49.2800,49.2800,2700,0
PRA.US,5,20131209,172500,49.2700,49.2800,49.2500,49.2800,1000,0
PRA.US,5,20131209,173000,49.2500,49.2700,49.2500,49.2600,1316,0
PRA.US,5,20131209,173500,49.2500,49.2600,49.2400,49.2400,1400,0
PRA.US,5,20131209,174000,49.2200,49.2400,49.2200,49.2400,400,0
PRA.US,5,20131209,174500,49.2300,49.2400,49.2200,49.2200,1500,0
PRA.US,5,20131209,175000,49.2300,49.3100,49.2300,49.3000,4500,0
PRA.US,5,20131209,175500,49.2900,49.3000,49.2900,49.3000,900,0
PRA.US,5,20131209,180000,49.3600,49.3600,49.3100,49.3100,1200,0
PRA.US,5,20131209,180500,49.3000,49.3000,49.3000,49.3000,200,0
PRA.US,5,20131209,181000,49.3000,49.3000,49.2700,49.2700,1200,0
PRA.US,5,20131209,181500,49.2800,49.3200,49.2800,49.3200,1500,0
PRA.US,5,20131209,182000,49.3200,49.3400,49.3100,49.3200,1200,0
PRA.US,5,20131209,182500,49.3200,49.3300,49.3200,49.3300,2092,0
PRA.US,5,20131209,183000,49.3300,49.3300,49.3300,49.3300,700,0
PRA.US,5,20131209,183500,49.3100,49.3300,49.3100,49.3200,600,0
PRA.US,5,20131209,184000,49.3100,49.3200,49.3000,49.3200,2100,0
PRA.US,5,20131209,184500,49.3100,49.3200,49.3100,49.3200,900,0
PRA.US,5,20131209,185000,49.3200,49.3200,49.3000,49.3100,800,0
PRA.US,5,20131209,185500,49.3200,49.3200,49.2800,49.3000,1900,0
PRA.US,5,20131209,190000,49.2900,49.2900,49.2800,49.2800,900,0
PRA.US,5,20131209,190500,49.2800,49.2900,49.2500,49.2500,3031,0
PRA.US,5,20131209,191000,49.2400,49.2400,49.2400,49.2400,400,0
PRA.US,5,20131209,191500,49.2400,49.2700,49.2200,49.2600,10904,0
PRA.US,5,20131209,192000,49.2700,49.2700,49.2400,49.2500,2486,0
PRA.US,5,20131209,192500,49.2700,49.3000,49.2600,49.2600,1720,0
PRA.US,5,20131209,193000,49.2600,49.2700,49.2600,49.2600,900,0
PRA.US,5,20131209,193500,49.2600,49.2700,49.2400,49.2400,2800,0
PRA.US,5,20131209,194000,49.2300,49.2400,49.2300,49.2400,1488,0
PRA.US,5,20131209,194500,49.2600,49.2800,49.2600,49.2700,1500,0
PRA.US,5,20131209,195000,49.2600,49.2600,49.2500,49.2500,600,0
PRA.US,5,20131209,195500,49.2400,49.2400,49.2300,49.2400,2700,0
PRA.US,5,20131209,200000,49.2300,49.2300,49.2200,49.2200,700,0
PRA.US,5,20131209,200500,49.2200,49.2200,49.2100,49.2100,1280,0
PRA.US,5,20131209,201000,49.2200,49.2300,49.2200,49.2200,1100,0
PRA.US,5,20131209,201500,49.2200,49.2200,49.1500,49.1900,4446,0
PRA.US,5,20131209,202000,49.2200,49.2300,49.2000,49.2100,1900,0
PRA.US,5,20131209,202500,49.1800,49.1900,49.1600,49.1900,6051,0
PRA.US,5,20131209,203000,49.1900,49.2000,49.1900,49.2000,2500,0
PRA.US,5,20131209,203500,49.1900,49.2000,49.1900,49.1900,2100,0
PRA.US,5,20131209,204000,49.1900,49.2100,49.1800,49.2100,3600,0
PRA.US,5,20131209,204500,49.2200,49.2400,49.2000,49.2400,5400,0
PRA.US,5,20131209,205000,49.2300,49.2400,49.2200,49.2300,2500,0
PRA.US,5,20131209,205500,49.2300,49.2800,49.2300,49.2500,3900,0
PRA.US,5,20131209,210000,49.2500,49.2500,49.2400,49.2400,2965,0
PRA.US,5,20131209,210500,49.2400,49.2600,49.2400,49.2500,6600,0
PRA.US,5,20131209,211000,49.2600,49.2600,49.2500,49.2500,2044,0
PRA.US,5,20131209,211500,49.2600,49.2800,49.2600,49.2800,1828,0
PRA.US,5,20131209,212000,49.2700,49.3000,49.2700,49.2800,5200,0
PRA.US,5,20131209,212500,49.2600,49.2700,49.2500,49.2600,1800,0
PRA.US,5,20131209,213000,49.2600,49.2600,49.2500,49.2500,2701,0
PRA.US,5,20131209,213500,49.2600,49.2600,49.2500,49.2600,2100,0
PRA.US,5,20131209,214000,49.2500,49.2700,49.2500,49.2500,8684,0
PRA.US,5,20131209,214500,49.2500,49.2500,49.2400,49.2500,5342,0
PRA.US,5,20131209,215000,49.2500,49.3000,49.2500,49.3000,5590,0
PRA.US,5,20131209,215500,49.3100,49.3200,49.3100,49.3200,5512,0
PRA.US,5,20131209,220000,49.3400,49.3800,49.3200,49.3600,15045,0
PRA.US,5,20131209,220500,49.3800,49.3800,49.3800,49.3800,34990,0
