<TICKER>,<PER>,<DTYYYYMMDD>,<TIME>,<OPEN>,<HIGH>,<LOW>,<CLOSE>,<VOL>,<OPENINT>
PWE.US,5,20131112,153500,8.6800,8.6800,8.6400,8.6500,14070,0
PWE.US,5,20131112,154000,8.6400,8.6400,8.6000,8.6100,49774,0
PWE.US,5,20131112,154500,8.6100,8.6100,8.5800,8.5900,50854,0
PWE.US,5,20131112,155000,8.6000,8.6100,8.5800,8.6000,38021,0
PWE.US,5,20131112,155500,8.6000,8.6000,8.5700,8.5800,52542,0
PWE.US,5,20131112,160000,8.5900,8.5900,8.5800,8.5900,12967,0
PWE.US,5,20131112,160500,8.5900,8.5900,8.5500,8.5500,41574,0
PWE.US,5,20131112,161000,8.5500,8.5600,8.5000,8.5200,204069,0
PWE.US,5,20131112,161500,8.5200,8.5300,8.5200,8.5300,27713,0
PWE.US,5,20131112,162000,8.5300,8.5700,8.5200,8.5700,69000,0
PWE.US,5,20131112,162500,8.5700,8.5700,8.5400,8.5400,23100,0
PWE.US,5,20131112,163000,8.5400,8.5500,8.5300,8.5400,10812,0
PWE.US,5,20131112,163500,8.5400,8.5500,8.5200,8.5200,41766,0
PWE.US,5,20131112,164000,8.5200,8.5400,8.5100,8.5300,52248,0
PWE.US,5,20131112,164500,8.5300,8.5400,8.5200,8.5300,29979,0
PWE.US,5,20131112,165000,8.5300,8.5500,8.5200,8.5200,29421,0
PWE.US,5,20131112,165500,8.5200,8.5300,8.5000,8.5100,40712,0
PWE.US,5,20131112,170000,8.5000,8.5200,8.5000,8.5000,63514,0
PWE.US,5,20131112,170500,8.5000,8.5100,8.4700,8.5000,104926,0
PWE.US,5,20131112,171000,8.4900,8.5000,8.4800,8.4900,104625,0
PWE.US,5,20131112,171500,8.4900,8.5400,8.4900,8.5400,37392,0
PWE.US,5,20131112,172000,8.5300,8.5400,8.5300,8.5300,18675,0
PWE.US,5,20131112,172500,8.5300,8.5300,8.5200,8.5300,16946,0
PWE.US,5,20131112,173000,8.5200,8.5400,8.5200,8.5300,34934,0
PWE.US,5,20131112,173500,8.5300,8.5400,8.4900,8.4900,148815,0
PWE.US,5,20131112,174000,8.4900,8.5000,8.4900,8.4900,29832,0
PWE.US,5,20131112,174500,8.5000,8.5000,8.4800,8.4900,71835,0
PWE.US,5,20131112,175000,8.4800,8.4900,8.4700,8.4800,58382,0
PWE.US,5,20131112,175500,8.4800,8.4900,8.4700,8.4800,106516,0
PWE.US,5,20131112,180000,8.4800,8.4800,8.4300,8.4300,79859,0
PWE.US,5,20131112,180500,8.4400,8.4800,8.4400,8.4700,172229,0
PWE.US,5,20131112,181000,8.4700,8.4700,8.4400,8.4500,21592,0
PWE.US,5,20131112,181500,8.4500,8.4800,8.4400,8.4700,136304,0
PWE.US,5,20131112,182000,8.4700,8.4800,8.4600,8.4700,72306,0
PWE.US,5,20131112,182500,8.4800,8.4800,8.4700,8.4800,10636,0
PWE.US,5,20131112,183000,8.4800,8.5000,8.4700,8.4700,70850,0
PWE.US,5,20131112,183500,8.4600,8.4800,8.4600,8.4800,18379,0
PWE.US,5,20131112,184000,8.4800,8.4900,8.4700,8.4800,28800,0
PWE.US,5,20131112,184500,8.4800,8.4900,8.4700,8.4800,30240,0
PWE.US,5,20131112,185000,8.4700,8.4800,8.4700,8.4800,17388,0
PWE.US,5,20131112,185500,8.4800,8.4900,8.4700,8.4800,37137,0
PWE.US,5,20131112,190000,8.4800,8.4800,8.4700,8.4700,11119,0
PWE.US,5,20131112,190500,8.4800,8.4800,8.4600,8.4600,26025,0
PWE.US,5,20131112,191000,8.4600,8.4600,8.4500,8.4500,15701,0
PWE.US,5,20131112,191500,8.4600,8.4600,8.4500,8.4500,4619,0
PWE.US,5,20131112,192000,8.4500,8.4600,8.4500,8.4500,18200,0
PWE.US,5,20131112,192500,8.4600,8.4600,8.4500,8.4500,11796,0
PWE.US,5,20131112,193000,8.4500,8.4600,8.4400,8.4400,16977,0
PWE.US,5,20131112,193500,8.4400,8.4500,8.4300,8.4300,24502,0
PWE.US,5,20131112,194000,8.4300,8.4400,8.4200,8.4200,41287,0
PWE.US,5,20131112,194500,8.4200,8.4300,8.4100,8.4300,21730,0
PWE.US,5,20131112,195000,8.4300,8.4400,8.4200,8.4300,13527,0
PWE.US,5,20131112,195500,8.4400,8.4500,8.4400,8.4500,7700,0
PWE.US,5,20131112,200000,8.4500,8.4500,8.4400,8.4500,5270,0
PWE.US,5,20131112,200500,8.4500,8.4600,8.4300,8.4300,21359,0
PWE.US,5,20131112,201000,8.4400,8.4400,8.4200,8.4200,8910,0
PWE.US,5,20131112,201500,8.4200,8.4300,8.4100,8.4200,32078,0
PWE.US,5,20131112,202000,8.4200,8.4200,8.4000,8.4200,41992,0
PWE.US,5,20131112,202500,8.4200,8.4200,8.4100,8.4200,9208,0
PWE.US,5,20131112,203000,8.4100,8.4200,8.4000,8.4100,21654,0
PWE.US,5,20131112,203500,8.4100,8.4100,8.3800,8.3800,103927,0
PWE.US,5,20131112,204000,8.3800,8.4000,8.3800,8.3900,36239,0
PWE.US,5,20131112,204500,8.4000,8.4000,8.3700,8.3900,71674,0
PWE.US,5,20131112,205000,8.3900,8.3900,8.3500,8.3500,60935,0
PWE.US,5,20131112,205500,8.3600,8.3900,8.3500,8.3900,73525,0
PWE.US,5,20131112,210000,8.3900,8.4100,8.3800,8.4000,39868,0
PWE.US,5,20131112,210500,8.4100,8.4100,8.3800,8.3900,39895,0
PWE.US,5,20131112,211000,8.3900,8.3900,8.3800,8.3900,23223,0
PWE.US,5,20131112,211500,8.3900,8.3900,8.3700,8.3800,34621,0
PWE.US,5,20131112,212000,8.3800,8.3800,8.3600,8.3800,34269,0
PWE.US,5,20131112,212500,8.3800,8.3800,8.3200,8.3500,114341,0
PWE.US,5,20131112,213000,8.3400,8.3600,8.3400,8.3500,48670,0
PWE.US,5,20131112,213500,8.3500,8.3700,8.3500,8.3600,74849,0
PWE.US,5,20131112,214000,8.3600,8.3700,8.3500,8.3600,47271,0
PWE.US,5,20131112,214500,8.3600,8.3700,8.3500,8.3600,31186,0
PWE.US,5,20131112,215000,8.3600,8.3800,8.3600,8.3800,45786,0
PWE.US,5,20131112,215500,8.3800,8.3800,8.3700,8.3800,50635,0
PWE.US,5,20131112,220000,8.3800,8.3800,8.3700,8.3800,135654,0
PWE.US,5,20131112,220500,8.3800,8.3800,8.3800,8.3800,59105,0
PWE.US,5,20131113,153500,8.3500,8.3700,8.3000,8.3000,60004,0
PWE.US,5,20131113,154000,8.3000,8.3000,8.0200,8.2700,507174,0
PWE.US,5,20131113,154500,8.2500,8.2600,8.1900,8.2100,53672,0
PWE.US,5,20131113,155000,8.2100,8.2400,8.2000,8.2100,49149,0
PWE.US,5,20131113,155500,8.2200,8.3100,8.2200,8.3000,27659,0
PWE.US,5,20131113,160000,8.3000,8.3000,8.2500,8.2800,38200,0
PWE.US,5,20131113,160500,8.2900,8.3300,8.2800,8.3300,26474,0
PWE.US,5,20131113,161000,8.3300,8.3500,8.3300,8.3400,22001,0
PWE.US,5,20131113,161500,8.3500,8.3800,8.3400,8.3800,24577,0
PWE.US,5,20131113,162000,8.3700,8.4100,8.3500,8.3900,62512,0
PWE.US,5,20131113,162500,8.4000,8.4200,8.3900,8.4000,36591,0
PWE.US,5,20131113,163000,8.3900,8.4200,8.3800,8.3900,62330,0
PWE.US,5,20131113,163500,8.3900,8.3900,8.3700,8.3800,30489,0
PWE.US,5,20131113,164000,8.3700,8.3900,8.3600,8.3900,21081,0
PWE.US,5,20131113,164500,8.3800,8.4000,8.3700,8.3900,18400,0
PWE.US,5,20131113,165000,8.3900,8.4100,8.3900,8.4000,14708,0
PWE.US,5,20131113,165500,8.4100,8.4400,8.3900,8.4000,46608,0
PWE.US,5,20131113,170000,8.3900,8.4000,8.3700,8.3700,37926,0
PWE.US,5,20131113,170500,8.3600,8.3700,8.3300,8.3400,49672,0
PWE.US,5,20131113,171000,8.3500,8.3500,8.3400,8.3400,5004,0
PWE.US,5,20131113,171500,8.3400,8.3400,8.3100,8.3300,18414,0
PWE.US,5,20131113,172000,8.3300,8.3500,8.3300,8.3400,18938,0
PWE.US,5,20131113,172500,8.3400,8.3800,8.3400,8.3400,27045,0
PWE.US,5,20131113,173000,8.3500,8.3500,8.3300,8.3300,11500,0
PWE.US,5,20131113,173500,8.3400,8.3600,8.3400,8.3600,9000,0
PWE.US,5,20131113,174000,8.3500,8.3600,8.3300,8.3300,13692,0
PWE.US,5,20131113,174500,8.3300,8.3600,8.3300,8.3500,10982,0
PWE.US,5,20131113,175000,8.3600,8.3600,8.3400,8.3400,7787,0
PWE.US,5,20131113,175500,8.3400,8.3500,8.3400,8.3400,4645,0
PWE.US,5,20131113,180000,8.3400,8.3600,8.3400,8.3400,12306,0
PWE.US,5,20131113,180500,8.3500,8.3500,8.3400,8.3400,9257,0
PWE.US,5,20131113,181000,8.3400,8.3500,8.3300,8.3300,18336,0
PWE.US,5,20131113,181500,8.3300,8.3400,8.3100,8.3100,34089,0
PWE.US,5,20131113,182000,8.3100,8.3100,8.3000,8.3000,14319,0
PWE.US,5,20131113,182500,8.3000,8.3200,8.3000,8.3000,43291,0
PWE.US,5,20131113,183000,8.3000,8.3100,8.2900,8.3100,9198,0
PWE.US,5,20131113,183500,8.3100,8.3300,8.3100,8.3200,27219,0
PWE.US,5,20131113,184000,8.3300,8.3300,8.3200,8.3300,6135,0
PWE.US,5,20131113,184500,8.3300,8.3400,8.3200,8.3400,9308,0
PWE.US,5,20131113,185000,8.3300,8.3400,8.3300,8.3300,20641,0
PWE.US,5,20131113,185500,8.3300,8.3700,8.3300,8.3600,30838,0
PWE.US,5,20131113,190000,8.3600,8.3700,8.3400,8.3600,30416,0
PWE.US,5,20131113,190500,8.3600,8.3900,8.3600,8.3900,13696,0
PWE.US,5,20131113,191000,8.3900,8.4000,8.3700,8.3900,37671,0
PWE.US,5,20131113,191500,8.3900,8.4000,8.3600,8.3700,23973,0
PWE.US,5,20131113,192000,8.3700,8.3700,8.3600,8.3700,7649,0
PWE.US,5,20131113,192500,8.3700,8.3700,8.3500,8.3500,19774,0
PWE.US,5,20131113,193000,8.3600,8.3600,8.3300,8.3600,37392,0
PWE.US,5,20131113,193500,8.3600,8.4000,8.3500,8.4000,119360,0
PWE.US,5,20131113,194000,8.4000,8.4000,8.3700,8.3800,28909,0
PWE.US,5,20131113,194500,8.3700,8.3700,8.3500,8.3500,8279,0
PWE.US,5,20131113,195000,8.3600,8.3600,8.3400,8.3500,5077,0
PWE.US,5,20131113,195500,8.3500,8.3600,8.3500,8.3600,2150,0
PWE.US,5,20131113,200000,8.3500,8.3600,8.3400,8.3600,18360,0
PWE.US,5,20131113,200500,8.3600,8.3800,8.3600,8.3700,9571,0
PWE.US,5,20131113,201000,8.3800,8.4000,8.3300,8.3300,47516,0
PWE.US,5,20131113,201500,8.3300,8.3500,8.3300,8.3500,10500,0
PWE.US,5,20131113,202000,8.3500,8.3500,8.3300,8.3400,17929,0
PWE.US,5,20131113,202500,8.3300,8.3500,8.3300,8.3400,10480,0
PWE.US,5,20131113,203000,8.3400,8.3400,8.3300,8.3400,7281,0
PWE.US,5,20131113,203500,8.3400,8.3500,8.3300,8.3400,13415,0
PWE.US,5,20131113,204000,8.3400,8.3500,8.3300,8.3400,19921,0
PWE.US,5,20131113,204500,8.3400,8.3400,8.3300,8.3300,18890,0
PWE.US,5,20131113,205000,8.3300,8.3400,8.3300,8.3300,16283,0
PWE.US,5,20131113,205500,8.3300,8.3400,8.3200,8.3300,17675,0
PWE.US,5,20131113,210000,8.3300,8.3300,8.3200,8.3200,16020,0
PWE.US,5,20131113,210500,8.3200,8.3300,8.3100,8.3200,21096,0
PWE.US,5,20131113,211000,8.3200,8.3300,8.3100,8.3200,42908,0
PWE.US,5,20131113,211500,8.3200,8.3300,8.3000,8.3100,38351,0
PWE.US,5,20131113,212000,8.3200,8.3200,8.3100,8.3200,14074,0
PWE.US,5,20131113,212500,8.3200,8.3300,8.3100,8.3200,21198,0
PWE.US,5,20131113,213000,8.3300,8.3300,8.3100,8.3200,52184,0
PWE.US,5,20131113,213500,8.3100,8.3300,8.3100,8.3200,37852,0
PWE.US,5,20131113,214000,8.3200,8.3300,8.3100,8.3300,26596,0
PWE.US,5,20131113,214500,8.3300,8.3500,8.3200,8.3400,26272,0
PWE.US,5,20131113,215000,8.3500,8.3600,8.3400,8.3600,28000,0
PWE.US,5,20131113,215500,8.3600,8.3600,8.3500,8.3600,84255,0
PWE.US,5,20131113,220000,8.3600,8.3700,8.3500,8.3700,208080,0
PWE.US,5,20131113,220500,8.3600,8.3700,8.3600,8.3700,79522,0
PWE.US,5,20131114,153500,8.1300,8.2700,8.1300,8.2500,79322,0
PWE.US,5,20131114,154000,8.2500,8.2500,8.1900,8.2000,35300,0
PWE.US,5,20131114,154500,8.2100,8.2500,8.1700,8.2500,102479,0
PWE.US,5,20131114,155000,8.2500,8.2700,8.2200,8.2600,26822,0
PWE.US,5,20131114,155500,8.2600,8.2800,8.2400,8.2600,25365,0
PWE.US,5,20131114,160000,8.2600,8.2700,8.2500,8.2700,18031,0
PWE.US,5,20131114,160500,8.2600,8.2700,8.2400,8.2500,83848,0
PWE.US,5,20131114,161000,8.2400,8.2400,8.1600,8.1600,128404,0
PWE.US,5,20131114,161500,8.1700,8.1900,8.1700,8.1900,32085,0
PWE.US,5,20131114,162000,8.1900,8.1900,8.1700,8.1800,33319,0
PWE.US,5,20131114,162500,8.1700,8.1900,8.1700,8.1900,21546,0
PWE.US,5,20131114,163000,8.1800,8.1900,8.1300,8.1500,88438,0
PWE.US,5,20131114,163500,8.1400,8.1500,8.1100,8.1200,104752,0
PWE.US,5,20131114,164000,8.1300,8.1500,8.1200,8.1500,55453,0
PWE.US,5,20131114,164500,8.1500,8.1700,8.1400,8.1600,31173,0
PWE.US,5,20131114,165000,8.1700,8.1900,8.1600,8.1600,24998,0
PWE.US,5,20131114,165500,8.1700,8.1800,8.1500,8.1600,32264,0
PWE.US,5,20131114,170000,8.1600,8.1700,8.1500,8.1700,48089,0
PWE.US,5,20131114,170500,8.1600,8.1700,8.1500,8.1600,42030,0
PWE.US,5,20131114,171000,8.1600,8.1900,8.1600,8.1800,40396,0
PWE.US,5,20131114,171500,8.1800,8.2000,8.1800,8.1900,15071,0
PWE.US,5,20131114,172000,8.1900,8.2300,8.1900,8.2300,74852,0
PWE.US,5,20131114,172500,8.2300,8.2400,8.2100,8.2300,21022,0
PWE.US,5,20131114,173000,8.2200,8.2300,8.1900,8.1900,36060,0
PWE.US,5,20131114,173500,8.1800,8.1900,8.1800,8.1900,16433,0
PWE.US,5,20131114,174000,8.1900,8.2000,8.1700,8.1800,15115,0
PWE.US,5,20131114,174500,8.1800,8.1900,8.1700,8.1800,44312,0
PWE.US,5,20131114,175000,8.1800,8.1900,8.1700,8.1800,27077,0
PWE.US,5,20131114,175500,8.1800,8.1900,8.1700,8.1800,14910,0
PWE.US,5,20131114,180000,8.1900,8.1900,8.1700,8.1700,11590,0
PWE.US,5,20131114,180500,8.1800,8.1800,8.1600,8.1600,19790,0
PWE.US,5,20131114,181000,8.1600,8.1700,8.1600,8.1700,22182,0
PWE.US,5,20131114,181500,8.1600,8.1900,8.1600,8.1800,33311,0
PWE.US,5,20131114,182000,8.1700,8.1800,8.1600,8.1700,57695,0
PWE.US,5,20131114,182500,8.1800,8.1800,8.1600,8.1700,6400,0
PWE.US,5,20131114,183000,8.1600,8.1900,8.1600,8.1700,27605,0
PWE.US,5,20131114,183500,8.1700,8.2100,8.1700,8.2000,29150,0
PWE.US,5,20131114,184000,8.2100,8.2400,8.2100,8.2300,13283,0
PWE.US,5,20131114,184500,8.2300,8.2500,8.2300,8.2400,14045,0
PWE.US,5,20131114,185000,8.2400,8.2400,8.2200,8.2300,9699,0
PWE.US,5,20131114,185500,8.2300,8.2500,8.2200,8.2300,26604,0
PWE.US,5,20131114,190000,8.2400,8.2400,8.2000,8.2000,20863,0
PWE.US,5,20131114,190500,8.2100,8.2400,8.2000,8.2300,15698,0
PWE.US,5,20131114,191000,8.2300,8.2400,8.2100,8.2200,26665,0
PWE.US,5,20131114,191500,8.2200,8.2300,8.2200,8.2200,15241,0
PWE.US,5,20131114,192000,8.2200,8.2400,8.2200,8.2300,29996,0
PWE.US,5,20131114,192500,8.2300,8.2300,8.2100,8.2100,18750,0
PWE.US,5,20131114,193000,8.2000,8.2100,8.2000,8.2000,10075,0
PWE.US,5,20131114,193500,8.2100,8.2100,8.2000,8.2000,6850,0
PWE.US,5,20131114,194000,8.2000,8.2100,8.1900,8.1900,26080,0
PWE.US,5,20131114,194500,8.2000,8.2000,8.1800,8.1900,40699,0
PWE.US,5,20131114,195000,8.1800,8.1900,8.1800,8.1800,5458,0
PWE.US,5,20131114,195500,8.1800,8.1900,8.1700,8.1700,30064,0
PWE.US,5,20131114,200000,8.1700,8.1700,8.1600,8.1700,13550,0
PWE.US,5,20131114,200500,8.1700,8.1700,8.1600,8.1700,39575,0
PWE.US,5,20131114,201000,8.1600,8.1700,8.1600,8.1700,5673,0
PWE.US,5,20131114,201500,8.1600,8.1700,8.1600,8.1600,10092,0
PWE.US,5,20131114,202000,8.1600,8.1700,8.1600,8.1700,11169,0
PWE.US,5,20131114,202500,8.1600,8.1700,8.1600,8.1600,17183,0
PWE.US,5,20131114,203000,8.1600,8.1700,8.1600,8.1700,4740,0
PWE.US,5,20131114,203500,8.1600,8.1700,8.1500,8.1700,166332,0
PWE.US,5,20131114,204000,8.1800,8.2000,8.1700,8.2000,32508,0
PWE.US,5,20131114,204500,8.1900,8.2000,8.1900,8.1900,12354,0
PWE.US,5,20131114,205000,8.2000,8.2100,8.1900,8.2100,84062,0
PWE.US,5,20131114,205500,8.2100,8.2100,8.2000,8.2100,36418,0
PWE.US,5,20131114,210000,8.2100,8.2100,8.2000,8.2000,9904,0
PWE.US,5,20131114,210500,8.2000,8.2100,8.2000,8.2100,6124,0
PWE.US,5,20131114,211000,8.2000,8.2200,8.2000,8.2200,29389,0
PWE.US,5,20131114,211500,8.2100,8.2300,8.2100,8.2300,25251,0
PWE.US,5,20131114,212000,8.2300,8.2300,8.2200,8.2200,17482,0
PWE.US,5,20131114,212500,8.2200,8.2300,8.2200,8.2200,16018,0
PWE.US,5,20131114,213000,8.2200,8.2300,8.2200,8.2200,26105,0
PWE.US,5,20131114,213500,8.2200,8.2300,8.2200,8.2300,29787,0
PWE.US,5,20131114,214000,8.2300,8.2300,8.2200,8.2300,20942,0
PWE.US,5,20131114,214500,8.2200,8.2300,8.2200,8.2300,28016,0
PWE.US,5,20131114,215000,8.2300,8.2300,8.2200,8.2300,24348,0
PWE.US,5,20131114,215500,8.2300,8.2300,8.2200,8.2200,22622,0
PWE.US,5,20131114,220000,8.2200,8.2300,8.2100,8.2100,188120,0
PWE.US,5,20131114,220500,8.2100,8.2200,8.2100,8.2200,65047,0
PWE.US,5,20131115,153500,8.1800,8.1900,8.1600,8.1700,19746,0
PWE.US,5,20131115,154000,8.1800,8.1800,8.1400,8.1600,62840,0
PWE.US,5,20131115,154500,8.1700,8.1900,8.1600,8.1700,47864,0
PWE.US,5,20131115,155000,8.1700,8.1700,8.1200,8.1300,56263,0
PWE.US,5,20131115,155500,8.1300,8.1500,8.1200,8.1400,43225,0
PWE.US,5,20131115,160000,8.1400,8.1400,8.1300,8.1400,33816,0
PWE.US,5,20131115,160500,8.1300,8.1400,8.1000,8.1000,54722,0
PWE.US,5,20131115,161000,8.1100,8.1300,8.1000,8.1300,40349,0
PWE.US,5,20131115,161500,8.1200,8.1400,8.1200,8.1300,19697,0
PWE.US,5,20131115,162000,8.1400,8.1400,8.1300,8.1400,13081,0
PWE.US,5,20131115,162500,8.1400,8.1500,8.1300,8.1500,36500,0
PWE.US,5,20131115,163000,8.1500,8.1700,8.1400,8.1700,36200,0
PWE.US,5,20131115,163500,8.1700,8.1700,8.1600,8.1600,7705,0
PWE.US,5,20131115,164000,8.1600,8.1700,8.1600,8.1600,15782,0
PWE.US,5,20131115,164500,8.1600,8.1700,8.1600,8.1600,13518,0
PWE.US,5,20131115,165000,8.1600,8.1700,8.1600,8.1600,36571,0
PWE.US,5,20131115,165500,8.1600,8.1800,8.1500,8.1700,75217,0
PWE.US,5,20131115,170000,8.1600,8.1800,8.1600,8.1800,28292,0
PWE.US,5,20131115,170500,8.1700,8.1900,8.1700,8.1700,62184,0
PWE.US,5,20131115,171000,8.1600,8.1700,8.1600,8.1700,21792,0
PWE.US,5,20131115,171500,8.1800,8.1800,8.1600,8.1600,35169,0
PWE.US,5,20131115,172000,8.1700,8.2000,8.1600,8.1700,41681,0
PWE.US,5,20131115,172500,8.1600,8.1800,8.1600,8.1700,53549,0
PWE.US,5,20131115,173000,8.1700,8.1800,8.1700,8.1700,22021,0
PWE.US,5,20131115,173500,8.1700,8.1800,8.1700,8.1800,31443,0
PWE.US,5,20131115,174000,8.1800,8.1800,8.1700,8.1800,19560,0
PWE.US,5,20131115,174500,8.1800,8.1800,8.1700,8.1800,12680,0
PWE.US,5,20131115,175000,8.1800,8.1900,8.1700,8.1800,54775,0
PWE.US,5,20131115,175500,8.1800,8.1800,8.1700,8.1700,23113,0
PWE.US,5,20131115,180000,8.1700,8.1800,8.1700,8.1800,28845,0
PWE.US,5,20131115,180500,8.1800,8.1800,8.1700,8.1800,26321,0
PWE.US,5,20131115,181000,8.1800,8.1800,8.1700,8.1800,11882,0
PWE.US,5,20131115,181500,8.1700,8.1800,8.1700,8.1800,18706,0
PWE.US,5,20131115,182000,8.1700,8.1800,8.1700,8.1700,25073,0
PWE.US,5,20131115,182500,8.1800,8.1900,8.1600,8.1800,56737,0
PWE.US,5,20131115,183000,8.1700,8.1800,8.1700,8.1800,24942,0
PWE.US,5,20131115,183500,8.1700,8.1800,8.1700,8.1700,9334,0
PWE.US,5,20131115,184000,8.1700,8.1800,8.1700,8.1700,5600,0
PWE.US,5,20131115,184500,8.1800,8.1900,8.1700,8.1800,27089,0
PWE.US,5,20131115,185000,8.1800,8.1900,8.1700,8.1800,171047,0
PWE.US,5,20131115,185500,8.1800,8.1900,8.1700,8.1800,44008,0
PWE.US,5,20131115,190000,8.1800,8.1900,8.1700,8.1800,49272,0
PWE.US,5,20131115,190500,8.1800,8.1900,8.1700,8.1800,25043,0
PWE.US,5,20131115,191000,8.1800,8.2100,8.1800,8.2100,31754,0
PWE.US,5,20131115,191500,8.2100,8.2300,8.2000,8.2200,35886,0
PWE.US,5,20131115,192000,8.2200,8.2300,8.2100,8.2300,12760,0
PWE.US,5,20131115,192500,8.2400,8.2400,8.2300,8.2400,12468,0
PWE.US,5,20131115,193000,8.2300,8.2500,8.2300,8.2400,63760,0
PWE.US,5,20131115,193500,8.2300,8.2900,8.2300,8.2900,77082,0
PWE.US,5,20131115,194000,8.2900,8.3600,8.2800,8.3600,187399,0
PWE.US,5,20131115,194500,8.3500,8.4000,8.3500,8.3900,170034,0
PWE.US,5,20131115,195000,8.3900,8.4000,8.3100,8.3100,79096,0
PWE.US,5,20131115,195500,8.3100,8.3200,8.3100,8.3100,18128,0
PWE.US,5,20131115,200000,8.3200,8.3200,8.3000,8.3100,35026,0
PWE.US,5,20131115,200500,8.3000,8.3100,8.3000,8.3100,32500,0
PWE.US,5,20131115,201000,8.3100,8.3600,8.3000,8.3600,34230,0
PWE.US,5,20131115,201500,8.3600,8.3800,8.3400,8.3800,35700,0
PWE.US,5,20131115,202000,8.3800,8.3900,8.3600,8.3700,151686,0
PWE.US,5,20131115,202500,8.3600,8.3800,8.3600,8.3800,44533,0
PWE.US,5,20131115,203000,8.3700,8.4100,8.3700,8.4100,73111,0
PWE.US,5,20131115,203500,8.4100,8.4100,8.3900,8.4000,82139,0
PWE.US,5,20131115,204000,8.4100,8.4100,8.4000,8.4100,22230,0
PWE.US,5,20131115,204500,8.4000,8.4200,8.3900,8.4200,48973,0
PWE.US,5,20131115,205000,8.4100,8.4200,8.4100,8.4100,19909,0
PWE.US,5,20131115,205500,8.4100,8.4300,8.4100,8.4300,22263,0
PWE.US,5,20131115,210000,8.4300,8.4400,8.4200,8.4300,29436,0
PWE.US,5,20131115,210500,8.4400,8.4400,8.4200,8.4200,81872,0
PWE.US,5,20131115,211000,8.4300,8.4300,8.4100,8.4200,29087,0
PWE.US,5,20131115,211500,8.4100,8.4200,8.4100,8.4200,50240,0
PWE.US,5,20131115,212000,8.4100,8.4200,8.4100,8.4100,21416,0
PWE.US,5,20131115,212500,8.4100,8.4200,8.4000,8.4000,23063,0
PWE.US,5,20131115,213000,8.4000,8.4100,8.3900,8.4100,76172,0
PWE.US,5,20131115,213500,8.4000,8.4100,8.4000,8.4000,36810,0
PWE.US,5,20131115,214000,8.4000,8.4200,8.4000,8.4200,41947,0
PWE.US,5,20131115,214500,8.4200,8.4400,8.4200,8.4300,95794,0
PWE.US,5,20131115,215000,8.4400,8.4400,8.4000,8.4100,68043,0
PWE.US,5,20131115,215500,8.4100,8.4200,8.4000,8.4200,68367,0
PWE.US,5,20131115,220000,8.4200,8.4300,8.4100,8.4200,83342,0
PWE.US,5,20131115,220500,8.4200,8.4200,8.4200,8.4200,40451,0
PWE.US,5,20131118,153500,8.4900,8.5000,8.4700,8.4800,36919,0
PWE.US,5,20131118,154000,8.4800,8.4800,8.3800,8.4000,87620,0
PWE.US,5,20131118,154500,8.3900,8.4000,8.3100,8.3100,45263,0
PWE.US,5,20131118,155000,8.3100,8.3600,8.3100,8.3500,24191,0
PWE.US,5,20131118,155500,8.3500,8.3600,8.3500,8.3500,31372,0
PWE.US,5,20131118,160000,8.3500,8.3700,8.3300,8.3700,40650,0
PWE.US,5,20131118,160500,8.3600,8.3700,8.3600,8.3700,14575,0
PWE.US,5,20131118,161000,8.3600,8.3800,8.3500,8.3700,47210,0
PWE.US,5,20131118,161500,8.3700,8.3800,8.3500,8.3500,13018,0
PWE.US,5,20131118,162000,8.3500,8.4100,8.3500,8.4000,96312,0
PWE.US,5,20131118,162500,8.4000,8.4100,8.4000,8.4000,23687,0
PWE.US,5,20131118,163000,8.4000,8.4100,8.4000,8.4100,33520,0
PWE.US,5,20131118,163500,8.4000,8.4100,8.3900,8.4000,34252,0
PWE.US,5,20131118,164000,8.4000,8.4000,8.3600,8.3700,45993,0
PWE.US,5,20131118,164500,8.3600,8.3700,8.3500,8.3500,22014,0
PWE.US,5,20131118,165000,8.3500,8.3600,8.3400,8.3500,18413,0
PWE.US,5,20131118,165500,8.3500,8.3500,8.3400,8.3400,6700,0
PWE.US,5,20131118,170000,8.3500,8.3500,8.3100,8.3300,65545,0
PWE.US,5,20131118,170500,8.3300,8.3400,8.2900,8.2900,176519,0
PWE.US,5,20131118,171000,8.2900,8.3000,8.2600,8.2600,29303,0
PWE.US,5,20131118,171500,8.2600,8.2800,8.2600,8.2700,34525,0
PWE.US,5,20131118,172000,8.2600,8.2700,8.2600,8.2700,9613,0
PWE.US,5,20131118,172500,8.2700,8.3000,8.2600,8.3000,37616,0
PWE.US,5,20131118,173000,8.2900,8.3100,8.2900,8.3000,24457,0
PWE.US,5,20131118,173500,8.2900,8.3000,8.2600,8.2600,20739,0
PWE.US,5,20131118,174000,8.2600,8.2700,8.2600,8.2600,9230,0
PWE.US,5,20131118,174500,8.2600,8.2700,8.2500,8.2600,34046,0
PWE.US,5,20131118,175000,8.2600,8.2600,8.2500,8.2500,11480,0
PWE.US,5,20131118,175500,8.2600,8.2600,8.2400,8.2400,27104,0
PWE.US,5,20131118,180000,8.2300,8.2400,8.2100,8.2200,32732,0
PWE.US,5,20131118,180500,8.2200,8.2200,8.2100,8.2200,5950,0
PWE.US,5,20131118,181000,8.2200,8.2700,8.2200,8.2700,16141,0
PWE.US,5,20131118,181500,8.2700,8.2700,8.2500,8.2600,37891,0
PWE.US,5,20131118,182000,8.2600,8.2600,8.2200,8.2200,28513,0
PWE.US,5,20131118,182500,8.2300,8.2400,8.2200,8.2300,27494,0
PWE.US,5,20131118,183000,8.2200,8.2200,8.2100,8.2100,18510,0
PWE.US,5,20131118,183500,8.2100,8.2200,8.2000,8.2100,20353,0
PWE.US,5,20131118,184000,8.2100,8.2200,8.2000,8.2000,27510,0
PWE.US,5,20131118,184500,8.2000,8.2100,8.1900,8.2000,35581,0
PWE.US,5,20131118,185000,8.2000,8.2200,8.1900,8.2000,17319,0
PWE.US,5,20131118,185500,8.2100,8.2200,8.2100,8.2100,7907,0
PWE.US,5,20131118,190000,8.2200,8.2300,8.2100,8.2200,9671,0
PWE.US,5,20131118,190500,8.2200,8.2200,8.2000,8.2100,12643,0
PWE.US,5,20131118,191000,8.2100,8.2100,8.1900,8.1900,7117,0
PWE.US,5,20131118,191500,8.1900,8.2000,8.1900,8.2000,13634,0
PWE.US,5,20131118,192000,8.1900,8.2000,8.1900,8.1900,11697,0
PWE.US,5,20131118,192500,8.1900,8.1900,8.1600,8.1700,52129,0
PWE.US,5,20131118,193000,8.1700,8.1900,8.1600,8.1800,38302,0
PWE.US,5,20131118,193500,8.1800,8.1900,8.1700,8.1800,24820,0
PWE.US,5,20131118,194000,8.1800,8.1800,8.1700,8.1800,10048,0
PWE.US,5,20131118,194500,8.1700,8.1900,8.1700,8.1800,31524,0
PWE.US,5,20131118,195000,8.1900,8.1900,8.1800,8.1900,14300,0
PWE.US,5,20131118,195500,8.1900,8.1900,8.1800,8.1800,23705,0
PWE.US,5,20131118,200000,8.1800,8.1900,8.1700,8.1800,35299,0
PWE.US,5,20131118,200500,8.1900,8.1900,8.1600,8.1700,55071,0
PWE.US,5,20131118,201000,8.1700,8.2000,8.1700,8.2000,23627,0
PWE.US,5,20131118,201500,8.2000,8.2200,8.2000,8.2100,30655,0
PWE.US,5,20131118,202000,8.2100,8.2100,8.1800,8.1800,16378,0
PWE.US,5,20131118,202500,8.1900,8.1900,8.1800,8.1800,5897,0
PWE.US,5,20131118,203000,8.1800,8.1900,8.1700,8.1700,20511,0
PWE.US,5,20131118,203500,8.1700,8.1700,8.1600,8.1600,17587,0
PWE.US,5,20131118,204000,8.1600,8.1700,8.1600,8.1600,7360,0
PWE.US,5,20131118,204500,8.1600,8.1700,8.1600,8.1600,17165,0
PWE.US,5,20131118,205000,8.1600,8.1700,8.1600,8.1600,41609,0
PWE.US,5,20131118,205500,8.1600,8.1700,8.1500,8.1500,39133,0
PWE.US,5,20131118,210000,8.1500,8.1600,8.1500,8.1600,51760,0
PWE.US,5,20131118,210500,8.1500,8.1600,8.1300,8.1400,56071,0
PWE.US,5,20131118,211000,8.1300,8.1700,8.1300,8.1700,52536,0
PWE.US,5,20131118,211500,8.1600,8.1700,8.1400,8.1400,17542,0
PWE.US,5,20131118,212000,8.1400,8.1600,8.1300,8.1600,29681,0
PWE.US,5,20131118,212500,8.1600,8.1600,8.1500,8.1600,19685,0
PWE.US,5,20131118,213000,8.1500,8.1700,8.1400,8.1600,58994,0
PWE.US,5,20131118,213500,8.1600,8.1600,8.1400,8.1600,33602,0
PWE.US,5,20131118,214000,8.1600,8.1600,8.1500,8.1600,15250,0
PWE.US,5,20131118,214500,8.1600,8.1600,8.1400,8.1400,21024,0
PWE.US,5,20131118,215000,8.1500,8.1500,8.1400,8.1400,47277,0
PWE.US,5,20131118,215500,8.1400,8.1500,8.1400,8.1400,34972,0
PWE.US,5,20131118,220000,8.1400,8.1600,8.1300,8.1500,56942,0
PWE.US,5,20131118,220500,8.1600,8.1600,8.1600,8.1600,30059,0
PWE.US,5,20131119,153500,8.1300,8.1300,8.0700,8.0900,32975,0
PWE.US,5,20131119,154000,8.0900,8.1500,8.0800,8.1300,26749,0
PWE.US,5,20131119,154500,8.1200,8.1200,8.0900,8.0900,20517,0
PWE.US,5,20131119,155000,8.1000,8.1000,8.0600,8.0600,30992,0
PWE.US,5,20131119,155500,8.0600,8.0700,8.0500,8.0700,28142,0
PWE.US,5,20131119,160000,8.0600,8.0700,8.0600,8.0700,15481,0
PWE.US,5,20131119,160500,8.0600,8.1200,8.0600,8.1200,19159,0
PWE.US,5,20131119,161000,8.1200,8.1600,8.1100,8.1400,42185,0
PWE.US,5,20131119,161500,8.1500,8.1600,8.1400,8.1600,18043,0
PWE.US,5,20131119,162000,8.1600,8.1600,8.1300,8.1500,80366,0
PWE.US,5,20131119,162500,8.1500,8.1600,8.1500,8.1600,16771,0
PWE.US,5,20131119,163000,8.1600,8.1800,8.1600,8.1600,18915,0
PWE.US,5,20131119,163500,8.1500,8.1600,8.1500,8.1500,5000,0
PWE.US,5,20131119,164000,8.1600,8.2200,8.1500,8.2100,16653,0
PWE.US,5,20131119,164500,8.2000,8.2100,8.1900,8.1900,26116,0
PWE.US,5,20131119,165000,8.2000,8.2200,8.2000,8.2100,20740,0
PWE.US,5,20131119,165500,8.2100,8.2100,8.1800,8.1900,10172,0
PWE.US,5,20131119,170000,8.2000,8.2000,8.1900,8.1900,6700,0
PWE.US,5,20131119,170500,8.2000,8.2000,8.1900,8.2000,11647,0
PWE.US,5,20131119,171000,8.2000,8.2300,8.1900,8.2100,20833,0
PWE.US,5,20131119,171500,8.2100,8.2300,8.2000,8.2100,50984,0
PWE.US,5,20131119,172000,8.2100,8.2200,8.2000,8.2200,32771,0
PWE.US,5,20131119,172500,8.2200,8.2200,8.2100,8.2200,17310,0
PWE.US,5,20131119,173000,8.2100,8.2200,8.1900,8.2000,28566,0
PWE.US,5,20131119,173500,8.2000,8.2000,8.1900,8.2000,2199,0
PWE.US,5,20131119,174000,8.2000,8.2000,8.1900,8.2000,5354,0
PWE.US,5,20131119,174500,8.1900,8.2000,8.1600,8.1700,15768,0
PWE.US,5,20131119,175000,8.1800,8.1900,8.1700,8.1800,17642,0
PWE.US,5,20131119,175500,8.1800,8.2100,8.1800,8.2100,19284,0
PWE.US,5,20131119,180000,8.2000,8.2100,8.1900,8.1900,13674,0
PWE.US,5,20131119,180500,8.1900,8.2100,8.1800,8.2100,14533,0
PWE.US,5,20131119,181000,8.2100,8.2300,8.2100,8.2100,49037,0
PWE.US,5,20131119,181500,8.2100,8.2300,8.2100,8.2300,20044,0
PWE.US,5,20131119,182000,8.2300,8.2400,8.2300,8.2400,4826,0
PWE.US,5,20131119,182500,8.2400,8.2700,8.2300,8.2600,40991,0
PWE.US,5,20131119,183000,8.2600,8.2800,8.2600,8.2600,20512,0
PWE.US,5,20131119,183500,8.2600,8.2800,8.2500,8.2500,33546,0
PWE.US,5,20131119,184000,8.2500,8.2600,8.2500,8.2500,29057,0
PWE.US,5,20131119,184500,8.2500,8.2600,8.2500,8.2500,29751,0
PWE.US,5,20131119,185000,8.2500,8.2600,8.2400,8.2500,25512,0
PWE.US,5,20131119,185500,8.2400,8.2500,8.2400,8.2500,4870,0
PWE.US,5,20131119,190000,8.2400,8.2500,8.2100,8.2500,50462,0
PWE.US,5,20131119,190500,8.2500,8.2700,8.2500,8.2500,44292,0
PWE.US,5,20131119,191000,8.2600,8.2600,8.2400,8.2500,15425,0
PWE.US,5,20131119,191500,8.2600,8.2700,8.2600,8.2700,26689,0
PWE.US,5,20131119,192000,8.2700,8.2700,8.2500,8.2600,8431,0
PWE.US,5,20131119,192500,8.2600,8.2700,8.2600,8.2700,6800,0
PWE.US,5,20131119,193000,8.2700,8.2700,8.2300,8.2400,71396,0
PWE.US,5,20131119,193500,8.2300,8.2300,8.2100,8.2300,29935,0
PWE.US,5,20131119,194000,8.2200,8.2400,8.2100,8.2300,15963,0
PWE.US,5,20131119,194500,8.2200,8.2700,8.2200,8.2500,44103,0
PWE.US,5,20131119,195000,8.2500,8.2600,8.2300,8.2400,12419,0
PWE.US,5,20131119,195500,8.2300,8.2400,8.2100,8.2200,9934,0
PWE.US,5,20131119,200000,8.2200,8.2300,8.2100,8.2200,7077,0
PWE.US,5,20131119,200500,8.2200,8.2400,8.2000,8.2000,15280,0
PWE.US,5,20131119,201000,8.2000,8.2100,8.1800,8.1900,3953,0
PWE.US,5,20131119,201500,8.1900,8.2200,8.1800,8.2000,18156,0
PWE.US,5,20131119,202000,8.2000,8.2100,8.2000,8.2100,4300,0
PWE.US,5,20131119,202500,8.2100,8.2100,8.2000,8.2000,8406,0
PWE.US,5,20131119,203000,8.2000,8.2000,8.1900,8.2000,4675,0
PWE.US,5,20131119,203500,8.2000,8.2200,8.1900,8.2200,119874,0
PWE.US,5,20131119,204000,8.2200,8.2600,8.2000,8.2600,77085,0
PWE.US,5,20131119,204500,8.2500,8.2600,8.2400,8.2400,52323,0
PWE.US,5,20131119,205000,8.2400,8.2600,8.2400,8.2400,59376,0
PWE.US,5,20131119,205500,8.2500,8.2600,8.2200,8.2200,102335,0
PWE.US,5,20131119,210000,8.2300,8.2300,8.2200,8.2200,12766,0
PWE.US,5,20131119,210500,8.2300,8.2500,8.2300,8.2300,52809,0
PWE.US,5,20131119,211000,8.2200,8.2500,8.2200,8.2500,159436,0
PWE.US,5,20131119,211500,8.2600,8.2600,8.2300,8.2400,66055,0
PWE.US,5,20131119,212000,8.2500,8.2500,8.2400,8.2400,21759,0
PWE.US,5,20131119,212500,8.2500,8.2500,8.2000,8.2000,33083,0
PWE.US,5,20131119,213000,8.2100,8.2100,8.1900,8.1900,11505,0
PWE.US,5,20131119,213500,8.1900,8.2000,8.1900,8.2000,13190,0
PWE.US,5,20131119,214000,8.1900,8.2100,8.1900,8.2000,56058,0
PWE.US,5,20131119,214500,8.2000,8.2100,8.1800,8.2000,30461,0
PWE.US,5,20131119,215000,8.2100,8.2100,8.2000,8.2100,14564,0
PWE.US,5,20131119,215500,8.2000,8.2200,8.2000,8.2100,21439,0
PWE.US,5,20131119,220000,8.2200,8.2300,8.2100,8.2300,59030,0
PWE.US,5,20131119,220500,8.2300,8.2300,8.2300,8.2300,32393,0
PWE.US,5,20131120,153500,8.2800,8.3000,8.2500,8.3000,33160,0
PWE.US,5,20131120,154000,8.3000,8.3400,8.3000,8.3300,39914,0
PWE.US,5,20131120,154500,8.3400,8.3700,8.3200,8.3300,166009,0
PWE.US,5,20131120,155000,8.3300,8.3300,8.2300,8.2500,39500,0
PWE.US,5,20131120,155500,8.2500,8.2600,8.1800,8.1800,47450,0
PWE.US,5,20131120,160000,8.1800,8.2300,8.1800,8.2200,24817,0
PWE.US,5,20131120,160500,8.2200,8.2300,8.2000,8.2300,11931,0
PWE.US,5,20131120,161000,8.2400,8.2400,8.2300,8.2400,2376,0
PWE.US,5,20131120,161500,8.2400,8.2500,8.2300,8.2500,22849,0
PWE.US,5,20131120,162000,8.2500,8.2500,8.2400,8.2400,3400,0
PWE.US,5,20131120,162500,8.2400,8.2700,8.2400,8.2500,17302,0
PWE.US,5,20131120,163000,8.2600,8.2600,8.2400,8.2400,7408,0
PWE.US,5,20131120,163500,8.2300,8.2400,8.2200,8.2200,3300,0
PWE.US,5,20131120,164000,8.2200,8.2200,8.1900,8.2000,24496,0
PWE.US,5,20131120,164500,8.2000,8.2100,8.1800,8.2000,22344,0
PWE.US,5,20131120,165000,8.2000,8.2100,8.1900,8.2100,18977,0
PWE.US,5,20131120,165500,8.2100,8.2100,8.1900,8.2100,15631,0
PWE.US,5,20131120,170000,8.2100,8.2100,8.2000,8.2000,5450,0
PWE.US,5,20131120,170500,8.2000,8.2000,8.1900,8.2000,17980,0
PWE.US,5,20131120,171000,8.2000,8.2100,8.1900,8.2000,15050,0
PWE.US,5,20131120,171500,8.2000,8.2000,8.1900,8.1900,21716,0
PWE.US,5,20131120,172000,8.1900,8.1900,8.1600,8.1600,26101,0
PWE.US,5,20131120,172500,8.1700,8.1700,8.1600,8.1700,13621,0
PWE.US,5,20131120,173000,8.1600,8.1700,8.1600,8.1700,13565,0
PWE.US,5,20131120,173500,8.1600,8.1700,8.1600,8.1600,8290,0
PWE.US,5,20131120,174000,8.1700,8.1700,8.1200,8.1200,70842,0
PWE.US,5,20131120,174500,8.1300,8.1400,8.1200,8.1300,23525,0
PWE.US,5,20131120,175000,8.1300,8.1400,8.1300,8.1300,7483,0
PWE.US,5,20131120,175500,8.1400,8.1500,8.1300,8.1500,13164,0
PWE.US,5,20131120,180000,8.1500,8.1500,8.1300,8.1400,6614,0
PWE.US,5,20131120,180500,8.1500,8.1600,8.1400,8.1400,26246,0
PWE.US,5,20131120,181000,8.1500,8.1600,8.1500,8.1600,10805,0
PWE.US,5,20131120,181500,8.1600,8.1600,8.1500,8.1600,1800,0
PWE.US,5,20131120,182000,8.1600,8.1600,8.1500,8.1600,6625,0
PWE.US,5,20131120,182500,8.1500,8.1700,8.1500,8.1600,16968,0
PWE.US,5,20131120,183000,8.1600,8.1700,8.1600,8.1600,25209,0
PWE.US,5,20131120,183500,8.1600,8.1700,8.1600,8.1600,7350,0
PWE.US,5,20131120,184000,8.1600,8.1700,8.1600,8.1700,6253,0
PWE.US,5,20131120,184500,8.1700,8.1700,8.1600,8.1600,4903,0
PWE.US,5,20131120,185000,8.1600,8.1700,8.1600,8.1600,4500,0
PWE.US,5,20131120,185500,8.1700,8.1700,8.1600,8.1600,2245,0
PWE.US,5,20131120,190000,8.1600,8.1600,8.1500,8.1500,16182,0
PWE.US,5,20131120,190500,8.1500,8.1600,8.1500,8.1600,32737,0
PWE.US,5,20131120,191000,8.1600,8.1600,8.1500,8.1500,4544,0
PWE.US,5,20131120,191500,8.1500,8.1600,8.1500,8.1500,3800,0
PWE.US,5,20131120,192000,8.1500,8.1500,8.1500,8.1500,1000,0
PWE.US,5,20131120,192500,8.1500,8.1600,8.1500,8.1600,1600,0
PWE.US,5,20131120,193000,8.1500,8.1600,8.1500,8.1600,9189,0
PWE.US,5,20131120,193500,8.1600,8.1700,8.1600,8.1600,2500,0
PWE.US,5,20131120,194000,8.1600,8.1700,8.1600,8.1600,8453,0
PWE.US,5,20131120,194500,8.1700,8.1800,8.1600,8.1700,18361,0
PWE.US,5,20131120,195000,8.1800,8.1900,8.1600,8.1800,22202,0
PWE.US,5,20131120,195500,8.1800,8.2000,8.1800,8.1800,52261,0
PWE.US,5,20131120,200000,8.1900,8.1900,8.1800,8.1900,6461,0
PWE.US,5,20131120,200500,8.1800,8.1900,8.1600,8.1900,55038,0
PWE.US,5,20131120,201000,8.1900,8.1900,8.1600,8.1700,5025,0
PWE.US,5,20131120,201500,8.1700,8.1700,8.1500,8.1500,45238,0
PWE.US,5,20131120,202000,8.1500,8.2000,8.1500,8.2000,43827,0
PWE.US,5,20131120,202500,8.2000,8.2000,8.1800,8.1800,12049,0
PWE.US,5,20131120,203000,8.1800,8.1900,8.1700,8.1800,6350,0
PWE.US,5,20131120,203500,8.1700,8.1800,8.1500,8.1500,10280,0
PWE.US,5,20131120,204000,8.1600,8.1600,8.1500,8.1600,11889,0
PWE.US,5,20131120,204500,8.1500,8.1500,8.1400,8.1400,14744,0
PWE.US,5,20131120,205000,8.1400,8.1500,8.1400,8.1400,25125,0
PWE.US,5,20131120,205500,8.1400,8.1600,8.1400,8.1500,34706,0
PWE.US,5,20131120,210000,8.1600,8.1600,8.1400,8.1600,27263,0
PWE.US,5,20131120,210500,8.1500,8.1600,8.1400,8.1400,37925,0
PWE.US,5,20131120,211000,8.1400,8.1500,8.1300,8.1400,26439,0
PWE.US,5,20131120,211500,8.1300,8.1600,8.1300,8.1600,42007,0
PWE.US,5,20131120,212000,8.1600,8.1600,8.1400,8.1400,11360,0
PWE.US,5,20131120,212500,8.1500,8.1600,8.1400,8.1500,22570,0
PWE.US,5,20131120,213000,8.1500,8.1600,8.1500,8.1500,4900,0
PWE.US,5,20131120,213500,8.1600,8.1600,8.1400,8.1400,17072,0
PWE.US,5,20131120,214000,8.1500,8.1500,8.1400,8.1500,25558,0
PWE.US,5,20131120,214500,8.1500,8.1700,8.1500,8.1700,9587,0
PWE.US,5,20131120,215000,8.1700,8.1700,8.1500,8.1500,36310,0
PWE.US,5,20131120,215500,8.1500,8.1700,8.1500,8.1600,32964,0
PWE.US,5,20131120,220000,8.1700,8.1700,8.1600,8.1700,38790,0
PWE.US,5,20131120,220500,8.1700,8.1700,8.1700,8.1700,17440,0
PWE.US,5,20131121,153500,8.1500,8.1800,8.1300,8.1500,10525,0
PWE.US,5,20131121,154000,8.1400,8.1700,8.1300,8.1300,5200,0
PWE.US,5,20131121,154500,8.1500,8.1800,8.1500,8.1800,16460,0
PWE.US,5,20131121,155000,8.1700,8.1800,8.1300,8.1400,18652,0
PWE.US,5,20131121,155500,8.1500,8.1500,8.1400,8.1500,4744,0
PWE.US,5,20131121,160000,8.1500,8.1900,8.1500,8.1800,22329,0
PWE.US,5,20131121,160500,8.1900,8.1900,8.1500,8.1700,9650,0
PWE.US,5,20131121,161000,8.1600,8.1800,8.1600,8.1800,8500,0
PWE.US,5,20131121,161500,8.1800,8.1800,8.1600,8.1600,13040,0
PWE.US,5,20131121,162000,8.1600,8.1700,8.1600,8.1700,8500,0
PWE.US,5,20131121,162500,8.1600,8.1700,8.1500,8.1600,26013,0
PWE.US,5,20131121,163000,8.1500,8.1600,8.1500,8.1500,13605,0
PWE.US,5,20131121,163500,8.1600,8.1800,8.1600,8.1700,27879,0
PWE.US,5,20131121,164000,8.1800,8.2000,8.1800,8.2000,21836,0
PWE.US,5,20131121,164500,8.2000,8.2200,8.2000,8.2100,11778,0
PWE.US,5,20131121,165000,8.2200,8.2500,8.2200,8.2400,22220,0
PWE.US,5,20131121,165500,8.2400,8.2500,8.2300,8.2500,15599,0
PWE.US,5,20131121,170000,8.2500,8.2600,8.2300,8.2400,16984,0
PWE.US,5,20131121,170500,8.2400,8.2500,8.2300,8.2400,21100,0
PWE.US,5,20131121,171000,8.2300,8.2300,8.2100,8.2100,17609,0
PWE.US,5,20131121,171500,8.2200,8.2300,8.2100,8.2200,7911,0
PWE.US,5,20131121,172000,8.2200,8.2500,8.2200,8.2500,7063,0
PWE.US,5,20131121,172500,8.2500,8.2800,8.2500,8.2700,15867,0
PWE.US,5,20131121,173000,8.2700,8.2900,8.2700,8.2900,13200,0
PWE.US,5,20131121,173500,8.2900,8.2900,8.2800,8.2800,39126,0
PWE.US,5,20131121,174000,8.2800,8.2800,8.2500,8.2500,15704,0
PWE.US,5,20131121,174500,8.2500,8.2600,8.2500,8.2600,4825,0
PWE.US,5,20131121,175000,8.2500,8.2700,8.2400,8.2600,16151,0
PWE.US,5,20131121,175500,8.2600,8.2700,8.2500,8.2600,11540,0
PWE.US,5,20131121,180000,8.2600,8.2600,8.2500,8.2600,7037,0
PWE.US,5,20131121,180500,8.2500,8.2700,8.2500,8.2600,27918,0
PWE.US,5,20131121,181000,8.2600,8.2600,8.2500,8.2600,45775,0
PWE.US,5,20131121,181500,8.2500,8.2700,8.2500,8.2600,13613,0
PWE.US,5,20131121,182000,8.2700,8.2700,8.2600,8.2700,4000,0
PWE.US,5,20131121,182500,8.2700,8.2800,8.2600,8.2700,11150,0
PWE.US,5,20131121,183000,8.2700,8.2800,8.2700,8.2800,7899,0
PWE.US,5,20131121,183500,8.2800,8.2800,8.2500,8.2500,16885,0
PWE.US,5,20131121,184000,8.2500,8.2500,8.2400,8.2500,1800,0
PWE.US,5,20131121,184500,8.2500,8.2600,8.2400,8.2600,9378,0
PWE.US,5,20131121,185000,8.2500,8.2600,8.2500,8.2600,11386,0
PWE.US,5,20131121,185500,8.2500,8.2600,8.2400,8.2600,7200,0
PWE.US,5,20131121,190000,8.2500,8.2600,8.2100,8.2100,22887,0
PWE.US,5,20131121,190500,8.2200,8.2300,8.2200,8.2300,4791,0
PWE.US,5,20131121,191000,8.2200,8.2400,8.2200,8.2400,6314,0
PWE.US,5,20131121,191500,8.2400,8.2600,8.2400,8.2400,14896,0
PWE.US,5,20131121,192000,8.2500,8.2700,8.2400,8.2400,28908,0
PWE.US,5,20131121,192500,8.2400,8.2700,8.2400,8.2700,4911,0
PWE.US,5,20131121,193000,8.2600,8.2600,8.2400,8.2400,11749,0
PWE.US,5,20131121,193500,8.2400,8.2500,8.2200,8.2300,15120,0
PWE.US,5,20131121,194000,8.2300,8.2300,8.2200,8.2200,2000,0
PWE.US,5,20131121,194500,8.2200,8.2400,8.2200,8.2400,7210,0
PWE.US,5,20131121,195000,8.2400,8.2600,8.2400,8.2600,19271,0
PWE.US,5,20131121,195500,8.2600,8.2700,8.2600,8.2700,12400,0
PWE.US,5,20131121,200000,8.2600,8.2800,8.2600,8.2600,19421,0
PWE.US,5,20131121,200500,8.2700,8.2800,8.2600,8.2800,12011,0
PWE.US,5,20131121,201000,8.2800,8.2900,8.2700,8.2700,33847,0
PWE.US,5,20131121,201500,8.2700,8.2700,8.2700,8.2700,2700,0
PWE.US,5,20131121,202000,8.2700,8.2800,8.2600,8.2700,25797,0
PWE.US,5,20131121,202500,8.2700,8.2700,8.2600,8.2700,6628,0
PWE.US,5,20131121,203000,8.2600,8.2700,8.2600,8.2700,5600,0
PWE.US,5,20131121,203500,8.2600,8.2700,8.2600,8.2600,18474,0
PWE.US,5,20131121,204000,8.2600,8.2700,8.2600,8.2600,9809,0
PWE.US,5,20131121,204500,8.2700,8.2800,8.2700,8.2800,11610,0
PWE.US,5,20131121,205000,8.2700,8.2800,8.2700,8.2700,2800,0
PWE.US,5,20131121,205500,8.2700,8.2800,8.2700,8.2800,11575,0
PWE.US,5,20131121,210000,8.2800,8.2800,8.2700,8.2700,30068,0
PWE.US,5,20131121,210500,8.2700,8.2800,8.2700,8.2800,6700,0
PWE.US,5,20131121,211000,8.2800,8.2800,8.2700,8.2800,4864,0
PWE.US,5,20131121,211500,8.2800,8.2800,8.2700,8.2800,28392,0
PWE.US,5,20131121,212000,8.2700,8.2800,8.2300,8.2400,99244,0
PWE.US,5,20131121,212500,8.2500,8.2500,8.2400,8.2500,11318,0
PWE.US,5,20131121,213000,8.2400,8.2500,8.2300,8.2400,27688,0
PWE.US,5,20131121,213500,8.2400,8.2400,8.2100,8.2400,46359,0
PWE.US,5,20131121,214000,8.2400,8.2500,8.2300,8.2500,44815,0
PWE.US,5,20131121,214500,8.2500,8.2800,8.2400,8.2700,83641,0
PWE.US,5,20131121,215000,8.2800,8.2800,8.2700,8.2700,88358,0
PWE.US,5,20131121,215500,8.2700,8.2800,8.2700,8.2700,65532,0
PWE.US,5,20131121,220000,8.2800,8.2800,8.2700,8.2700,79871,0
PWE.US,5,20131121,220500,8.2600,8.2600,8.2600,8.2600,31286,0
PWE.US,5,20131122,153500,8.2600,8.3100,8.2400,8.3100,75458,0
PWE.US,5,20131122,154000,8.3000,8.3100,8.2800,8.3100,21474,0
PWE.US,5,20131122,154500,8.3000,8.3100,8.2500,8.2600,28926,0
PWE.US,5,20131122,155000,8.2500,8.2600,8.2200,8.2300,12813,0
PWE.US,5,20131122,155500,8.2400,8.2600,8.2400,8.2500,18767,0
PWE.US,5,20131122,160000,8.2500,8.2600,8.2300,8.2300,32315,0
PWE.US,5,20131122,160500,8.2300,8.2500,8.2200,8.2400,25159,0
PWE.US,5,20131122,161000,8.2400,8.2700,8.2400,8.2500,7838,0
PWE.US,5,20131122,161500,8.2500,8.2600,8.2500,8.2500,13358,0
PWE.US,5,20131122,162000,8.2500,8.2800,8.2500,8.2800,7122,0
PWE.US,5,20131122,162500,8.2800,8.3000,8.2800,8.2900,22875,0
PWE.US,5,20131122,163000,8.2900,8.3000,8.2800,8.2800,21979,0
PWE.US,5,20131122,163500,8.2900,8.2900,8.2800,8.2800,12173,0
PWE.US,5,20131122,164000,8.2700,8.2700,8.2600,8.2700,5499,0
PWE.US,5,20131122,164500,8.2600,8.2700,8.2500,8.2600,17311,0
PWE.US,5,20131122,165000,8.2600,8.2600,8.2400,8.2600,53609,0
PWE.US,5,20131122,165500,8.2600,8.2700,8.2500,8.2500,10612,0
PWE.US,5,20131122,170000,8.2500,8.2700,8.2500,8.2600,17271,0
PWE.US,5,20131122,170500,8.2600,8.2700,8.2600,8.2600,4900,0
PWE.US,5,20131122,171000,8.2700,8.2700,8.2600,8.2700,4800,0
PWE.US,5,20131122,171500,8.2600,8.2900,8.2600,8.2900,19900,0
PWE.US,5,20131122,172000,8.2900,8.2900,8.2800,8.2900,40628,0
PWE.US,5,20131122,172500,8.2900,8.2900,8.2800,8.2800,5500,0
PWE.US,5,20131122,173000,8.2900,8.2900,8.2800,8.2900,8095,0
PWE.US,5,20131122,173500,8.2800,8.2900,8.2600,8.2600,21400,0
PWE.US,5,20131122,174000,8.2600,8.2700,8.2500,8.2500,23600,0
PWE.US,5,20131122,174500,8.2500,8.2600,8.2500,8.2500,12102,0
PWE.US,5,20131122,175000,8.2500,8.2800,8.2500,8.2800,51456,0
PWE.US,5,20131122,175500,8.2800,8.2800,8.2700,8.2700,4975,0
PWE.US,5,20131122,180000,8.2800,8.3000,8.2700,8.3000,11716,0
PWE.US,5,20131122,180500,8.3100,8.3300,8.3000,8.3100,27229,0
PWE.US,5,20131122,181000,8.3200,8.3200,8.2900,8.2900,39248,0
PWE.US,5,20131122,181500,8.3000,8.3100,8.2900,8.3000,12843,0
PWE.US,5,20131122,182000,8.3100,8.3400,8.3000,8.3400,12747,0
PWE.US,5,20131122,182500,8.3400,8.3500,8.3300,8.3400,9312,0
PWE.US,5,20131122,183000,8.3400,8.3400,8.3200,8.3300,28557,0
PWE.US,5,20131122,183500,8.3300,8.3300,8.3200,8.3300,7575,0
PWE.US,5,20131122,184000,8.3300,8.3300,8.3200,8.3300,5704,0
PWE.US,5,20131122,184500,8.3200,8.3400,8.3200,8.3400,3620,0
PWE.US,5,20131122,185000,8.3300,8.3500,8.3300,8.3500,11510,0
PWE.US,5,20131122,185500,8.3500,8.3500,8.3400,8.3500,4509,0
PWE.US,5,20131122,190000,8.3400,8.3700,8.3400,8.3500,26867,0
PWE.US,5,20131122,190500,8.3500,8.3500,8.3400,8.3500,7433,0
PWE.US,5,20131122,191000,8.3400,8.3500,8.3400,8.3400,5028,0
PWE.US,5,20131122,191500,8.3400,8.3500,8.3300,8.3400,14260,0
PWE.US,5,20131122,192000,8.3400,8.3400,8.3300,8.3400,8874,0
PWE.US,5,20131122,192500,8.3400,8.3500,8.3400,8.3500,18225,0
PWE.US,5,20131122,193000,8.3400,8.3400,8.3000,8.3000,33329,0
PWE.US,5,20131122,193500,8.3000,8.3100,8.3000,8.3000,3200,0
PWE.US,5,20131122,194000,8.3100,8.3200,8.3000,8.3100,27299,0
PWE.US,5,20131122,194500,8.3100,8.3200,8.3100,8.3100,8021,0
PWE.US,5,20131122,195000,8.3100,8.3200,8.3100,8.3100,11177,0
PWE.US,5,20131122,195500,8.3100,8.3100,8.3000,8.3000,17781,0
PWE.US,5,20131122,200000,8.3100,8.3100,8.3000,8.3000,16872,0
PWE.US,5,20131122,200500,8.3000,8.3300,8.3000,8.3200,19097,0
PWE.US,5,20131122,201000,8.3300,8.3300,8.3200,8.3300,19700,0
PWE.US,5,20131122,201500,8.3200,8.3300,8.3200,8.3200,9681,0
PWE.US,5,20131122,202000,8.3200,8.3300,8.3200,8.3200,127389,0
PWE.US,5,20131122,202500,8.3300,8.3300,8.3200,8.3200,21657,0
PWE.US,5,20131122,203000,8.3200,8.3300,8.3200,8.3300,11802,0
PWE.US,5,20131122,203500,8.3300,8.3600,8.3200,8.3600,46739,0
PWE.US,5,20131122,204000,8.3600,8.3700,8.3500,8.3600,12236,0
PWE.US,5,20131122,204500,8.3600,8.3700,8.3600,8.3700,6689,0
PWE.US,5,20131122,205000,8.3600,8.3700,8.3600,8.3700,17867,0
PWE.US,5,20131122,205500,8.3600,8.3700,8.3400,8.3400,40674,0
PWE.US,5,20131122,210000,8.3500,8.3500,8.3200,8.3400,24546,0
PWE.US,5,20131122,210500,8.3400,8.3500,8.3300,8.3500,23598,0
PWE.US,5,20131122,211000,8.3400,8.3600,8.3400,8.3600,13697,0
PWE.US,5,20131122,211500,8.3600,8.3600,8.3500,8.3600,11920,0
PWE.US,5,20131122,212000,8.3500,8.3700,8.3500,8.3600,42540,0
PWE.US,5,20131122,212500,8.3600,8.3600,8.3400,8.3400,16609,0
PWE.US,5,20131122,213000,8.3300,8.3400,8.3300,8.3400,3700,0
PWE.US,5,20131122,213500,8.3400,8.3400,8.3300,8.3400,5700,0
PWE.US,5,20131122,214000,8.3400,8.3500,8.3300,8.3500,28999,0
PWE.US,5,20131122,214500,8.3500,8.3500,8.3200,8.3400,43190,0
PWE.US,5,20131122,215000,8.3400,8.3500,8.3400,8.3500,26602,0
PWE.US,5,20131122,215500,8.3500,8.3700,8.3300,8.3300,149344,0
PWE.US,5,20131122,220000,8.3300,8.3400,8.3200,8.3200,116669,0
PWE.US,5,20131122,220500,8.3200,8.3200,8.3200,8.3200,22305,0
PWE.US,5,20131125,153500,8.3000,8.3300,8.3000,8.3300,30639,0
PWE.US,5,20131125,154000,8.3300,8.3400,8.3200,8.3300,78587,0
PWE.US,5,20131125,154500,8.3300,8.3500,8.3200,8.3300,28775,0
PWE.US,5,20131125,155000,8.3200,8.3900,8.3200,8.3800,61597,0
PWE.US,5,20131125,155500,8.3800,8.4300,8.3800,8.4200,83349,0
PWE.US,5,20131125,160000,8.4200,8.4300,8.4100,8.4300,34185,0
PWE.US,5,20131125,160500,8.4300,8.4300,8.4100,8.4200,30198,0
PWE.US,5,20131125,161000,8.4200,8.4500,8.4200,8.4400,21322,0
PWE.US,5,20131125,161500,8.4300,8.4600,8.4300,8.4600,15824,0
PWE.US,5,20131125,162000,8.4500,8.4500,8.4100,8.4100,31077,0
PWE.US,5,20131125,162500,8.4200,8.4400,8.4100,8.4200,20846,0
PWE.US,5,20131125,163000,8.4200,8.4300,8.4100,8.4200,12506,0
PWE.US,5,20131125,163500,8.4200,8.4400,8.4100,8.4300,32294,0
PWE.US,5,20131125,164000,8.4300,8.4700,8.4100,8.4600,43765,0
PWE.US,5,20131125,164500,8.4600,8.4700,8.4600,8.4700,19668,0
PWE.US,5,20131125,165000,8.4700,8.5000,8.4600,8.4800,56399,0
PWE.US,5,20131125,165500,8.4700,8.5000,8.4700,8.5000,54959,0
PWE.US,5,20131125,170000,8.4900,8.5100,8.4900,8.5100,127305,0
PWE.US,5,20131125,170500,8.5100,8.5200,8.5000,8.5100,75141,0
PWE.US,5,20131125,171000,8.5100,8.5300,8.5000,8.5200,55840,0
PWE.US,5,20131125,171500,8.5100,8.5300,8.5000,8.5000,58286,0
PWE.US,5,20131125,172000,8.5000,8.5200,8.5000,8.5200,33431,0
PWE.US,5,20131125,172500,8.5300,8.5300,8.4900,8.5000,61673,0
PWE.US,5,20131125,173000,8.5000,8.5100,8.4900,8.5000,67312,0
PWE.US,5,20131125,173500,8.5100,8.5200,8.5000,8.5100,29956,0
PWE.US,5,20131125,174000,8.5100,8.5300,8.5100,8.5200,44719,0
PWE.US,5,20131125,174500,8.5200,8.5200,8.4900,8.5000,44178,0
PWE.US,5,20131125,175000,8.5000,8.5500,8.4900,8.5300,46893,0
PWE.US,5,20131125,175500,8.5400,8.5400,8.5300,8.5300,10700,0
PWE.US,5,20131125,180000,8.5300,8.5500,8.5300,8.5500,34633,0
PWE.US,5,20131125,180500,8.5500,8.5500,8.5300,8.5300,53517,0
PWE.US,5,20131125,181000,8.5300,8.5500,8.5300,8.5500,23752,0
PWE.US,5,20131125,181500,8.5400,8.5600,8.5400,8.5400,43422,0
PWE.US,5,20131125,182000,8.5500,8.5600,8.5400,8.5600,15953,0
PWE.US,5,20131125,182500,8.5500,8.5600,8.5300,8.5400,19608,0
PWE.US,5,20131125,183000,8.5400,8.5700,8.5400,8.5600,32037,0
PWE.US,5,20131125,183500,8.5600,8.5700,8.5300,8.5400,69473,0
PWE.US,5,20131125,184000,8.5300,8.5400,8.5300,8.5400,11180,0
PWE.US,5,20131125,184500,8.5400,8.5600,8.5300,8.5300,31445,0
PWE.US,5,20131125,185000,8.5300,8.5500,8.5300,8.5400,13819,0
PWE.US,5,20131125,185500,8.5400,8.5500,8.5400,8.5400,10829,0
PWE.US,5,20131125,190000,8.5400,8.6300,8.5300,8.5900,393301,0
PWE.US,5,20131125,190500,8.5900,8.6200,8.5700,8.6000,302417,0
PWE.US,5,20131125,191000,8.6000,8.6400,8.6000,8.6400,143956,0
PWE.US,5,20131125,191500,8.6400,8.6600,8.6300,8.6500,90537,0
PWE.US,5,20131125,192000,8.6600,8.7000,8.6600,8.6700,83112,0
PWE.US,5,20131125,192500,8.6600,8.7100,8.6600,8.6800,53718,0
PWE.US,5,20131125,193000,8.6800,8.6800,8.6400,8.6500,58362,0
PWE.US,5,20131125,193500,8.6500,8.6500,8.6200,8.6300,60726,0
PWE.US,5,20131125,194000,8.6300,8.6600,8.6300,8.6600,54960,0
PWE.US,5,20131125,194500,8.6600,8.6800,8.6600,8.6700,40399,0
PWE.US,5,20131125,195000,8.6700,8.6700,8.6500,8.6600,33542,0
PWE.US,5,20131125,195500,8.6600,8.6600,8.6400,8.6400,57864,0
PWE.US,5,20131125,200000,8.6400,8.6500,8.6000,8.6000,47215,0
PWE.US,5,20131125,200500,8.6000,8.6300,8.6000,8.6300,57027,0
PWE.US,5,20131125,201000,8.6300,8.6500,8.6200,8.6300,87157,0
PWE.US,5,20131125,201500,8.6300,8.6700,8.6300,8.6700,93140,0
PWE.US,5,20131125,202000,8.6700,8.6700,8.6600,8.6700,48777,0
PWE.US,5,20131125,202500,8.6700,8.6800,8.6600,8.6800,38463,0
PWE.US,5,20131125,203000,8.6800,8.6800,8.6700,8.6700,56576,0
PWE.US,5,20131125,203500,8.6700,8.6900,8.6700,8.6800,36417,0
PWE.US,5,20131125,204000,8.6800,8.7000,8.6700,8.6900,95565,0
PWE.US,5,20131125,204500,8.6900,8.7000,8.6800,8.6900,58615,0
PWE.US,5,20131125,205000,8.6900,8.6900,8.6800,8.6900,24241,0
PWE.US,5,20131125,205500,8.6800,8.7200,8.6800,8.7100,122144,0
PWE.US,5,20131125,210000,8.7100,8.7400,8.7100,8.7300,93250,0
PWE.US,5,20131125,210500,8.7300,8.7400,8.7200,8.7200,84209,0
PWE.US,5,20131125,211000,8.7200,8.7600,8.7200,8.7400,60758,0
PWE.US,5,20131125,211500,8.7400,8.7400,8.7300,8.7300,40688,0
PWE.US,5,20131125,212000,8.7200,8.7300,8.6900,8.6900,95677,0
PWE.US,5,20131125,212500,8.6900,8.7000,8.6800,8.6900,56250,0
PWE.US,5,20131125,213000,8.6900,8.7100,8.6900,8.7100,54451,0
PWE.US,5,20131125,213500,8.7100,8.7100,8.7000,8.7000,32645,0
PWE.US,5,20131125,214000,8.7000,8.7100,8.6600,8.6700,48979,0
PWE.US,5,20131125,214500,8.6600,8.6700,8.6500,8.6500,61574,0
PWE.US,5,20131125,215000,8.6500,8.6800,8.6500,8.6800,149732,0
PWE.US,5,20131125,215500,8.6900,8.6900,8.6800,8.6800,59110,0
PWE.US,5,20131125,220000,8.6900,8.7000,8.6800,8.7000,204294,0
PWE.US,5,20131125,220500,8.6900,8.6900,8.6900,8.6900,53692,0
PWE.US,5,20131126,153500,8.6400,8.6700,8.6000,8.6500,81020,0
PWE.US,5,20131126,154000,8.6400,8.6700,8.6200,8.6200,63151,0
PWE.US,5,20131126,154500,8.6100,8.6300,8.5600,8.6100,88836,0
PWE.US,5,20131126,155000,8.6200,8.6300,8.5500,8.5600,67564,0
PWE.US,5,20131126,155500,8.5600,8.5800,8.5500,8.5600,21405,0
PWE.US,5,20131126,160000,8.5500,8.5900,8.5300,8.5300,93049,0
PWE.US,5,20131126,160500,8.5300,8.5300,8.4900,8.4900,70850,0
PWE.US,5,20131126,161000,8.5000,8.5000,8.4600,8.4800,27545,0
PWE.US,5,20131126,161500,8.4800,8.5300,8.4800,8.5200,27047,0
PWE.US,5,20131126,162000,8.5200,8.5500,8.5100,8.5400,24002,0
PWE.US,5,20131126,162500,8.5300,8.5800,8.5200,8.5600,20891,0
PWE.US,5,20131126,163000,8.5600,8.6200,8.5600,8.6000,55777,0
PWE.US,5,20131126,163500,8.6000,8.6000,8.5600,8.5700,20386,0
PWE.US,5,20131126,164000,8.5800,8.5900,8.5600,8.5900,8810,0
PWE.US,5,20131126,164500,8.5900,8.5900,8.5500,8.5800,31299,0
PWE.US,5,20131126,165000,8.5800,8.5900,8.5600,8.5900,18246,0
PWE.US,5,20131126,165500,8.5900,8.5900,8.5800,8.5900,6586,0
PWE.US,5,20131126,170000,8.6000,8.6000,8.5500,8.5500,76821,0
PWE.US,5,20131126,170500,8.5600,8.5900,8.5600,8.5800,20146,0
PWE.US,5,20131126,171000,8.5700,8.5800,8.5300,8.5400,20304,0
PWE.US,5,20131126,171500,8.5300,8.5400,8.5000,8.5000,41583,0
PWE.US,5,20131126,172000,8.5100,8.5100,8.5000,8.5100,11500,0
PWE.US,5,20131126,172500,8.5100,8.5500,8.5000,8.5400,50912,0
PWE.US,5,20131126,173000,8.5400,8.5700,8.5300,8.5300,55970,0
PWE.US,5,20131126,173500,8.5200,8.5400,8.5100,8.5400,28479,0
PWE.US,5,20131126,174000,8.5400,8.5800,8.5300,8.5700,32704,0
PWE.US,5,20131126,174500,8.5700,8.5900,8.5600,8.5600,45919,0
PWE.US,5,20131126,175000,8.5600,8.5700,8.5500,8.5600,17440,0
PWE.US,5,20131126,175500,8.5600,8.5800,8.5500,8.5500,24178,0
PWE.US,5,20131126,180000,8.5600,8.5600,8.5300,8.5300,16125,0
PWE.US,5,20131126,180500,8.5300,8.5500,8.5200,8.5500,13952,0
PWE.US,5,20131126,181000,8.5500,8.5700,8.5500,8.5600,22020,0
PWE.US,5,20131126,181500,8.5500,8.5700,8.5500,8.5700,8198,0
PWE.US,5,20131126,182000,8.5700,8.5800,8.5600,8.5800,14372,0
PWE.US,5,20131126,182500,8.5800,8.5800,8.5700,8.5800,13234,0
PWE.US,5,20131126,183000,8.5700,8.5800,8.5600,8.5700,50332,0
PWE.US,5,20131126,183500,8.5800,8.5800,8.5600,8.5600,24387,0
PWE.US,5,20131126,184000,8.5700,8.5800,8.5600,8.5700,14500,0
PWE.US,5,20131126,184500,8.5700,8.5900,8.5700,8.5800,16402,0
PWE.US,5,20131126,185000,8.5900,8.6000,8.5800,8.6000,31300,0
PWE.US,5,20131126,185500,8.5900,8.6500,8.5900,8.6400,79047,0
PWE.US,5,20131126,190000,8.6400,8.6800,8.6300,8.6800,61246,0
PWE.US,5,20131126,190500,8.6800,8.6800,8.6000,8.6200,75039,0
PWE.US,5,20131126,191000,8.6200,8.6500,8.6200,8.6500,66482,0
PWE.US,5,20131126,191500,8.6400,8.6800,8.6400,8.6800,74037,0
PWE.US,5,20131126,192000,8.6700,8.6800,8.6700,8.6700,17888,0
PWE.US,5,20131126,192500,8.6700,8.7000,8.6700,8.7000,14902,0
PWE.US,5,20131126,193000,8.6900,8.7000,8.6900,8.7000,14220,0
PWE.US,5,20131126,193500,8.6900,8.7100,8.6800,8.6800,63036,0
PWE.US,5,20131126,194000,8.6800,8.6900,8.6500,8.6600,29827,0
PWE.US,5,20131126,194500,8.6600,8.7000,8.6500,8.6900,29182,0
PWE.US,5,20131126,195000,8.7000,8.7000,8.6900,8.7000,8748,0
PWE.US,5,20131126,195500,8.7000,8.7000,8.6800,8.6900,34362,0
PWE.US,5,20131126,200000,8.6900,8.6900,8.6500,8.6600,26946,0
PWE.US,5,20131126,200500,8.6600,8.6700,8.6400,8.6500,65483,0
PWE.US,5,20131126,201000,8.6500,8.6500,8.6400,8.6400,23700,0
PWE.US,5,20131126,201500,8.6500,8.6500,8.6400,8.6500,11418,0
PWE.US,5,20131126,202000,8.6500,8.6500,8.6400,8.6500,27950,0
PWE.US,5,20131126,202500,8.6400,8.6600,8.6400,8.6500,63140,0
PWE.US,5,20131126,203000,8.6400,8.6500,8.6400,8.6500,11660,0
PWE.US,5,20131126,203500,8.6500,8.6700,8.6400,8.6600,79741,0
PWE.US,5,20131126,204000,8.6600,8.6700,8.6500,8.6600,17931,0
PWE.US,5,20131126,204500,8.6500,8.6600,8.6500,8.6500,16922,0
PWE.US,5,20131126,205000,8.6600,8.6600,8.6500,8.6600,46421,0
PWE.US,5,20131126,205500,8.6600,8.6600,8.6100,8.6200,85404,0
PWE.US,5,20131126,210000,8.6100,8.6200,8.5900,8.6000,38116,0
PWE.US,5,20131126,210500,8.5900,8.6300,8.5800,8.6300,58979,0
PWE.US,5,20131126,211000,8.6300,8.6400,8.6100,8.6100,46913,0
PWE.US,5,20131126,211500,8.6200,8.6300,8.6100,8.6200,34292,0
PWE.US,5,20131126,212000,8.6200,8.6300,8.6200,8.6300,16998,0
PWE.US,5,20131126,212500,8.6200,8.6300,8.6200,8.6300,15700,0
PWE.US,5,20131126,213000,8.6300,8.6600,8.6200,8.6500,61615,0
PWE.US,5,20131126,213500,8.6500,8.6500,8.6400,8.6500,32431,0
PWE.US,5,20131126,214000,8.6500,8.6500,8.6200,8.6200,32765,0
PWE.US,5,20131126,214500,8.6200,8.6500,8.6200,8.6400,42915,0
PWE.US,5,20131126,215000,8.6300,8.6400,8.6200,8.6300,18899,0
PWE.US,5,20131126,215500,8.6200,8.6300,8.6200,8.6300,40424,0
PWE.US,5,20131126,220000,8.6200,8.6300,8.6100,8.6200,101169,0
PWE.US,5,20131126,221000,8.6100,8.6100,8.6100,8.6100,42612,0
PWE.US,5,20131127,153500,8.6000,8.6000,8.5100,8.5300,28954,0
PWE.US,5,20131127,154000,8.5400,8.5700,8.5200,8.5700,22423,0
PWE.US,5,20131127,154500,8.5500,8.5800,8.5300,8.5300,16644,0
PWE.US,5,20131127,155000,8.5400,8.5400,8.5000,8.5100,15148,0
PWE.US,5,20131127,155500,8.5100,8.5100,8.4400,8.4900,69603,0
PWE.US,5,20131127,160000,8.4800,8.4900,8.4500,8.4600,25582,0
PWE.US,5,20131127,160500,8.4500,8.4600,8.4300,8.4400,36319,0
PWE.US,5,20131127,161000,8.4300,8.4600,8.4200,8.4300,63714,0
PWE.US,5,20131127,161500,8.4300,8.4700,8.4200,8.4500,48155,0
PWE.US,5,20131127,162000,8.4500,8.5100,8.4500,8.5000,18850,0
PWE.US,5,20131127,162500,8.4900,8.5000,8.4800,8.4900,13572,0
PWE.US,5,20131127,163000,8.4800,8.5200,8.4800,8.4900,25205,0
PWE.US,5,20131127,163500,8.5000,8.5200,8.4900,8.5100,6979,0
PWE.US,5,20131127,164000,8.5100,8.5200,8.5000,8.5100,12134,0
PWE.US,5,20131127,164500,8.5200,8.5200,8.4900,8.5000,21427,0
PWE.US,5,20131127,165000,8.5000,8.5200,8.5000,8.5200,19098,0
PWE.US,5,20131127,165500,8.5200,8.5200,8.5100,8.5200,1760,0
PWE.US,5,20131127,170000,8.5100,8.5300,8.4900,8.5000,28294,0
PWE.US,5,20131127,170500,8.5100,8.5200,8.5100,8.5200,25045,0
PWE.US,5,20131127,171000,8.5100,8.5200,8.5100,8.5200,7600,0
PWE.US,5,20131127,171500,8.5200,8.5300,8.5200,8.5300,15033,0
PWE.US,5,20131127,172000,8.5300,8.5300,8.5000,8.5000,17843,0
PWE.US,5,20131127,172500,8.5000,8.5100,8.4900,8.4900,5957,0
PWE.US,5,20131127,173000,8.4900,8.4900,8.4700,8.4800,13858,0
PWE.US,5,20131127,173500,8.4800,8.4800,8.4600,8.4700,22915,0
PWE.US,5,20131127,174000,8.4700,8.4800,8.4600,8.4700,5369,0
PWE.US,5,20131127,174500,8.4800,8.4800,8.4600,8.4700,26077,0
PWE.US,5,20131127,175000,8.4700,8.5000,8.4700,8.5000,13254,0
PWE.US,5,20131127,175500,8.4900,8.4900,8.4700,8.4700,29492,0
PWE.US,5,20131127,180000,8.4700,8.4800,8.4600,8.4700,16450,0
PWE.US,5,20131127,180500,8.4600,8.4800,8.4600,8.4700,6264,0
PWE.US,5,20131127,181000,8.4800,8.4900,8.4700,8.4800,9314,0
PWE.US,5,20131127,181500,8.4700,8.4800,8.4600,8.4600,36226,0
PWE.US,5,20131127,182000,8.4600,8.4700,8.4600,8.4700,6465,0
PWE.US,5,20131127,182500,8.4600,8.4700,8.4600,8.4700,8891,0
PWE.US,5,20131127,183000,8.4600,8.4600,8.4400,8.4400,33125,0
PWE.US,5,20131127,183500,8.4500,8.4500,8.4200,8.4200,25969,0
PWE.US,5,20131127,184000,8.4200,8.4200,8.4000,8.4200,81384,0
PWE.US,5,20131127,184500,8.4100,8.4300,8.4100,8.4200,72800,0
PWE.US,5,20131127,185000,8.4200,8.4300,8.4100,8.4200,117726,0
PWE.US,5,20131127,185500,8.4200,8.4200,8.4100,8.4200,9075,0
PWE.US,5,20131127,190000,8.4200,8.4300,8.4100,8.4200,37486,0
PWE.US,5,20131127,190500,8.4200,8.4300,8.4100,8.4200,19078,0
PWE.US,5,20131127,191000,8.4200,8.4500,8.4200,8.4400,26840,0
PWE.US,5,20131127,191500,8.4500,8.4700,8.4400,8.4700,6612,0
PWE.US,5,20131127,192000,8.4700,8.4700,8.4500,8.4600,7847,0
PWE.US,5,20131127,192500,8.4500,8.4700,8.4400,8.4700,7040,0
PWE.US,5,20131127,193000,8.4700,8.4900,8.4700,8.4900,19540,0
PWE.US,5,20131127,193500,8.4900,8.5000,8.4500,8.4500,36414,0
PWE.US,5,20131127,194000,8.4500,8.4600,8.4400,8.4400,17903,0
PWE.US,5,20131127,194500,8.4300,8.4400,8.4300,8.4300,15588,0
PWE.US,5,20131127,195000,8.4300,8.4500,8.4300,8.4500,11900,0
PWE.US,5,20131127,195500,8.4500,8.4500,8.4300,8.4400,19298,0
PWE.US,5,20131127,200000,8.4300,8.4400,8.4300,8.4300,22700,0
PWE.US,5,20131127,200500,8.4400,8.4500,8.4300,8.4500,44434,0
PWE.US,5,20131127,201000,8.4500,8.4500,8.4200,8.4300,42030,0
PWE.US,5,20131127,201500,8.4300,8.4300,8.4200,8.4300,9943,0
PWE.US,5,20131127,202000,8.4300,8.4500,8.4200,8.4400,17525,0
PWE.US,5,20131127,202500,8.4500,8.4500,8.4300,8.4400,7700,0
PWE.US,5,20131127,203000,8.4400,8.4500,8.4300,8.4400,41917,0
PWE.US,5,20131127,203500,8.4400,8.4400,8.4200,8.4400,29382,0
PWE.US,5,20131127,204000,8.4400,8.4400,8.4300,8.4400,21774,0
PWE.US,5,20131127,204500,8.4400,8.4400,8.4300,8.4400,11091,0
PWE.US,5,20131127,205000,8.4400,8.4600,8.4300,8.4400,81705,0
PWE.US,5,20131127,205500,8.4500,8.4500,8.4400,8.4500,10214,0
PWE.US,5,20131127,210000,8.4400,8.4500,8.4400,8.4500,11336,0
PWE.US,5,20131127,210500,8.4500,8.4500,8.4400,8.4500,11461,0
PWE.US,5,20131127,211000,8.4500,8.4600,8.4400,8.4600,18804,0
PWE.US,5,20131127,211500,8.4600,8.4700,8.4500,8.4600,17200,0
PWE.US,5,20131127,212000,8.4600,8.4700,8.4500,8.4700,29025,0
PWE.US,5,20131127,212500,8.4600,8.4700,8.4600,8.4700,9676,0
PWE.US,5,20131127,213000,8.4700,8.4700,8.4600,8.4700,19380,0
PWE.US,5,20131127,213500,8.4700,8.4800,8.4600,8.4800,17384,0
PWE.US,5,20131127,214000,8.4800,8.4800,8.4700,8.4800,19301,0
PWE.US,5,20131127,214500,8.4800,8.4800,8.4600,8.4600,54076,0
PWE.US,5,20131127,215000,8.4700,8.4800,8.4600,8.4800,62715,0
PWE.US,5,20131127,215500,8.4800,8.4800,8.4600,8.4800,43147,0
PWE.US,5,20131127,220000,8.4800,8.4900,8.4700,8.4800,112087,0
PWE.US,5,20131127,220500,8.4700,8.4700,8.4700,8.4700,35475,0
PWE.US,5,20131129,153500,8.4700,8.5400,8.4600,8.4800,36500,0
PWE.US,5,20131129,154000,8.4800,8.5600,8.4700,8.5600,67759,0
PWE.US,5,20131129,154500,8.5500,8.5600,8.4700,8.4900,45965,0
PWE.US,5,20131129,155000,8.4800,8.5600,8.4800,8.5600,32568,0
PWE.US,5,20131129,155500,8.5600,8.5900,8.5500,8.5900,27798,0
PWE.US,5,20131129,160000,8.5900,8.6300,8.5900,8.6100,33139,0
PWE.US,5,20131129,160500,8.6000,8.6100,8.5500,8.5600,39771,0
PWE.US,5,20131129,161000,8.5500,8.6300,8.5500,8.6300,36549,0
PWE.US,5,20131129,161500,8.6300,8.6600,8.6300,8.6500,41994,0
PWE.US,5,20131129,162000,8.6500,8.6700,8.6400,8.6600,53617,0
PWE.US,5,20131129,162500,8.6600,8.6600,8.6100,8.6200,18425,0
PWE.US,5,20131129,163000,8.6100,8.6400,8.6100,8.6400,60199,0
PWE.US,5,20131129,163500,8.6400,8.6600,8.6100,8.6100,99971,0
PWE.US,5,20131129,164000,8.6100,8.6200,8.6100,8.6100,22561,0
PWE.US,5,20131129,164500,8.6000,8.6300,8.6000,8.6300,37149,0
PWE.US,5,20131129,165000,8.6200,8.6500,8.6200,8.6400,34791,0
PWE.US,5,20131129,165500,8.6500,8.6600,8.6500,8.6600,20550,0
PWE.US,5,20131129,170000,8.6600,8.6700,8.6500,8.6600,69058,0
PWE.US,5,20131129,170500,8.6600,8.6600,8.6200,8.6300,16985,0
PWE.US,5,20131129,171000,8.6200,8.6300,8.6200,8.6300,27840,0
PWE.US,5,20131129,171500,8.6200,8.6500,8.6200,8.6400,35373,0
PWE.US,5,20131129,172000,8.6500,8.6500,8.6300,8.6300,12185,0
PWE.US,5,20131129,172500,8.6300,8.6500,8.6300,8.6500,16634,0
PWE.US,5,20131129,173000,8.6500,8.6500,8.6200,8.6200,67443,0
PWE.US,5,20131129,173500,8.6200,8.6600,8.6100,8.6200,165003,0
PWE.US,5,20131129,174000,8.6200,8.6600,8.6200,8.6500,40068,0
PWE.US,5,20131129,174500,8.6500,8.6800,8.6500,8.6800,40365,0
PWE.US,5,20131129,175000,8.6800,8.6800,8.6700,8.6700,25000,0
PWE.US,5,20131129,175500,8.6700,8.6700,8.6200,8.6200,46903,0
PWE.US,5,20131129,180000,8.6200,8.6500,8.6200,8.6500,37265,0
PWE.US,5,20131129,180500,8.6400,8.6500,8.6200,8.6200,81289,0
PWE.US,5,20131129,181000,8.6300,8.6700,8.6200,8.6600,202911,0
PWE.US,5,20131129,181500,8.6500,8.6500,8.6200,8.6200,28193,0
PWE.US,5,20131129,182000,8.6300,8.6300,8.5700,8.5900,72668,0
PWE.US,5,20131129,182500,8.5800,8.5900,8.5800,8.5900,26739,0
PWE.US,5,20131129,183000,8.5900,8.5900,8.5500,8.5500,29296,0
PWE.US,5,20131129,183500,8.5500,8.5600,8.5500,8.5600,27108,0
PWE.US,5,20131129,184000,8.5600,8.5600,8.5000,8.5100,73848,0
PWE.US,5,20131129,184500,8.5100,8.5100,8.5000,8.5100,144704,0
PWE.US,5,20131129,185000,8.5000,8.5100,8.4900,8.5000,73229,0
PWE.US,5,20131129,185500,8.5000,8.5200,8.4900,8.5200,56512,0
PWE.US,5,20131129,190000,8.5300,8.5300,8.4900,8.5100,94166,0
PWE.US,5,20131129,190500,8.5000,8.5000,8.5000,8.5000,22621,0
PWE.US,5,20131202,153500,8.4600,8.4800,8.4100,8.4600,138053,0
PWE.US,5,20131202,154000,8.4600,8.4700,8.4500,8.4500,62902,0
PWE.US,5,20131202,154500,8.4500,8.4600,8.3800,8.3800,241809,0
PWE.US,5,20131202,155000,8.3800,8.4400,8.3600,8.4300,57637,0
PWE.US,5,20131202,155500,8.4400,8.4700,8.4200,8.4300,59578,0
PWE.US,5,20131202,160000,8.4200,8.4400,8.4200,8.4400,16172,0
PWE.US,5,20131202,160500,8.4300,8.4800,8.4300,8.4700,24433,0
PWE.US,5,20131202,161000,8.4800,8.5000,8.4700,8.5000,29661,0
PWE.US,5,20131202,161500,8.4900,8.5300,8.4900,8.5300,149137,0
PWE.US,5,20131202,162000,8.5300,8.5400,8.5200,8.5300,29008,0
PWE.US,5,20131202,162500,8.5200,8.5600,8.5200,8.5400,32363,0
PWE.US,5,20131202,163000,8.5300,8.5600,8.5300,8.5600,31611,0
PWE.US,5,20131202,163500,8.5500,8.5600,8.5500,8.5600,28693,0
PWE.US,5,20131202,164000,8.5500,8.5600,8.5500,8.5600,14648,0
PWE.US,5,20131202,164500,8.5500,8.5600,8.5300,8.5300,44107,0
PWE.US,5,20131202,165000,8.5400,8.5700,8.5300,8.5600,21723,0
PWE.US,5,20131202,165500,8.5600,8.5700,8.5500,8.5600,18516,0
PWE.US,5,20131202,170000,8.5600,8.5600,8.5300,8.5500,31679,0
PWE.US,5,20131202,170500,8.5600,8.5600,8.5400,8.5400,17200,0
PWE.US,5,20131202,171000,8.5300,8.5400,8.5300,8.5300,31229,0
PWE.US,5,20131202,171500,8.5300,8.5400,8.5300,8.5400,7315,0
PWE.US,5,20131202,172000,8.5400,8.5500,8.5200,8.5500,63072,0
PWE.US,5,20131202,172500,8.5500,8.5500,8.5200,8.5300,55708,0
PWE.US,5,20131202,173000,8.5400,8.5400,8.5300,8.5300,11299,0
PWE.US,5,20131202,173500,8.5300,8.5400,8.5000,8.5000,35791,0
PWE.US,5,20131202,174000,8.5000,8.5100,8.4600,8.4600,57238,0
PWE.US,5,20131202,174500,8.4700,8.4700,8.4600,8.4600,28030,0
PWE.US,5,20131202,175000,8.4700,8.4700,8.4600,8.4600,26925,0
PWE.US,5,20131202,175500,8.4700,8.4700,8.4600,8.4700,14739,0
PWE.US,5,20131202,180000,8.4700,8.4700,8.4400,8.4500,46492,0
PWE.US,5,20131202,180500,8.4400,8.5000,8.4300,8.4800,73977,0
PWE.US,5,20131202,181000,8.4900,8.5000,8.4800,8.5000,36239,0
PWE.US,5,20131202,181500,8.5000,8.5000,8.4900,8.5000,9855,0
PWE.US,5,20131202,182000,8.5000,8.5200,8.4900,8.5000,64889,0
PWE.US,5,20131202,182500,8.4900,8.5000,8.4900,8.4900,22775,0
PWE.US,5,20131202,183000,8.5000,8.5100,8.4800,8.5100,47569,0
PWE.US,5,20131202,183500,8.5000,8.5100,8.4900,8.5100,25232,0
PWE.US,5,20131202,184000,8.5100,8.5300,8.5100,8.5300,16968,0
PWE.US,5,20131202,184500,8.5300,8.5300,8.5200,8.5300,6283,0
PWE.US,5,20131202,185000,8.5300,8.5300,8.5200,8.5300,5377,0
PWE.US,5,20131202,185500,8.5300,8.5500,8.5300,8.5400,25696,0
PWE.US,5,20131202,190000,8.5500,8.5600,8.5400,8.5500,172844,0
PWE.US,5,20131202,190500,8.5500,8.5500,8.5300,8.5400,60093,0
PWE.US,5,20131202,191000,8.5400,8.5500,8.5300,8.5300,12678,0
PWE.US,5,20131202,191500,8.5400,8.5400,8.5300,8.5400,13918,0
PWE.US,5,20131202,192000,8.5400,8.5500,8.5400,8.5400,12300,0
PWE.US,5,20131202,192500,8.5400,8.5500,8.5300,8.5300,8258,0
PWE.US,5,20131202,193000,8.5400,8.5400,8.5300,8.5400,24899,0
PWE.US,5,20131202,193500,8.5400,8.5500,8.5300,8.5400,17145,0
PWE.US,5,20131202,194000,8.5400,8.5400,8.5300,8.5400,4436,0
PWE.US,5,20131202,194500,8.5400,8.5500,8.5300,8.5500,22341,0
PWE.US,5,20131202,195000,8.5400,8.5600,8.5400,8.5600,19218,0
PWE.US,5,20131202,195500,8.5600,8.5600,8.5500,8.5600,6795,0
PWE.US,5,20131202,200000,8.5600,8.5600,8.5500,8.5600,10870,0
PWE.US,5,20131202,200500,8.5600,8.5800,8.5500,8.5700,51446,0
PWE.US,5,20131202,201000,8.5700,8.5900,8.5600,8.5800,48871,0
PWE.US,5,20131202,201500,8.5900,8.5900,8.5700,8.5800,17188,0
PWE.US,5,20131202,202000,8.5900,8.6000,8.5800,8.6000,18598,0
PWE.US,5,20131202,202500,8.6000,8.6000,8.5800,8.5800,25815,0
PWE.US,5,20131202,203000,8.5800,8.5900,8.5600,8.5700,25438,0
PWE.US,5,20131202,203500,8.5700,8.5700,8.5500,8.5500,43200,0
PWE.US,5,20131202,204000,8.5600,8.5600,8.5300,8.5400,20900,0
PWE.US,5,20131202,204500,8.5400,8.5400,8.5300,8.5400,20757,0
PWE.US,5,20131202,205000,8.5400,8.5500,8.5400,8.5500,11400,0
PWE.US,5,20131202,205500,8.5500,8.5500,8.5400,8.5400,17961,0
PWE.US,5,20131202,210000,8.5500,8.5500,8.5400,8.5400,15144,0
PWE.US,5,20131202,210500,8.5500,8.5800,8.5400,8.5700,46157,0
PWE.US,5,20131202,211000,8.5700,8.5800,8.5300,8.5300,47352,0
PWE.US,5,20131202,211500,8.5300,8.5700,8.5300,8.5700,30277,0
PWE.US,5,20131202,212000,8.5700,8.5900,8.5600,8.5900,30484,0
PWE.US,5,20131202,212500,8.5900,8.6100,8.5700,8.5800,58717,0
PWE.US,5,20131202,213000,8.5800,8.5800,8.5500,8.5700,39162,0
PWE.US,5,20131202,213500,8.5700,8.5700,8.5600,8.5700,33545,0
PWE.US,5,20131202,214000,8.5600,8.5800,8.5600,8.5800,41383,0
PWE.US,5,20131202,214500,8.5800,8.6000,8.5800,8.5900,76097,0
PWE.US,5,20131202,215000,8.5900,8.6200,8.5800,8.6200,69067,0
PWE.US,5,20131202,215500,8.6200,8.6200,8.5900,8.6000,116140,0
PWE.US,5,20131202,220000,8.6000,8.6100,8.5900,8.5900,110486,0
PWE.US,5,20131202,220500,8.5900,8.5900,8.5900,8.5900,28929,0
PWE.US,5,20131203,153500,8.5900,8.6200,8.5600,8.6100,39354,0
PWE.US,5,20131203,154000,8.6000,8.6300,8.5800,8.5900,32844,0
PWE.US,5,20131203,154500,8.5700,8.6300,8.5600,8.6300,26172,0
PWE.US,5,20131203,155000,8.6300,8.6300,8.5700,8.5800,37984,0
PWE.US,5,20131203,155500,8.5800,8.6300,8.5800,8.6100,57688,0
PWE.US,5,20131203,160000,8.6000,8.6200,8.5800,8.6200,104667,0
PWE.US,5,20131203,160500,8.6200,8.6400,8.6200,8.6300,69625,0
PWE.US,5,20131203,161000,8.6400,8.6600,8.6200,8.6200,44193,0
PWE.US,5,20131203,161500,8.6200,8.6200,8.5900,8.5900,40397,0
PWE.US,5,20131203,162000,8.6000,8.6500,8.5800,8.6400,42234,0
PWE.US,5,20131203,162500,8.6400,8.6800,8.6400,8.6800,33878,0
PWE.US,5,20131203,163000,8.6700,8.6900,8.6600,8.6900,30550,0
PWE.US,5,20131203,163500,8.6900,8.6900,8.6600,8.6600,38382,0
PWE.US,5,20131203,164000,8.6600,8.6700,8.6500,8.6600,34122,0
PWE.US,5,20131203,164500,8.6600,8.6700,8.6600,8.6700,20770,0
PWE.US,5,20131203,165000,8.6800,8.7000,8.6700,8.6900,25553,0
PWE.US,5,20131203,165500,8.6900,8.6900,8.6700,8.6800,29848,0
PWE.US,5,20131203,170000,8.6800,8.7300,8.6800,8.7300,102042,0
PWE.US,5,20131203,170500,8.7300,8.7300,8.6900,8.6900,47899,0
PWE.US,5,20131203,171000,8.6800,8.7000,8.6800,8.6900,30130,0
PWE.US,5,20131203,171500,8.6900,8.7100,8.6700,8.7100,120223,0
PWE.US,5,20131203,172000,8.7000,8.7100,8.6800,8.7000,63449,0
PWE.US,5,20131203,172500,8.7000,8.7100,8.6600,8.6600,181804,0
PWE.US,5,20131203,173000,8.6600,8.6600,8.6300,8.6500,34856,0
PWE.US,5,20131203,173500,8.6500,8.6600,8.6300,8.6500,23631,0
PWE.US,5,20131203,174000,8.6400,8.6500,8.6400,8.6400,12850,0
PWE.US,5,20131203,174500,8.6400,8.6500,8.5900,8.6000,38597,0
PWE.US,5,20131203,175000,8.6000,8.6000,8.5800,8.5900,31841,0
PWE.US,5,20131203,175500,8.6000,8.6000,8.5800,8.5800,32600,0
PWE.US,5,20131203,180000,8.5900,8.6100,8.5800,8.6000,26985,0
PWE.US,5,20131203,180500,8.6100,8.6100,8.5800,8.5800,19450,0
PWE.US,5,20131203,181000,8.5900,8.5900,8.5800,8.5800,7400,0
PWE.US,5,20131203,181500,8.5800,8.5900,8.5800,8.5900,1900,0
PWE.US,5,20131203,182000,8.5900,8.5900,8.5400,8.5400,30045,0
PWE.US,5,20131203,182500,8.5400,8.5600,8.5400,8.5600,30948,0
PWE.US,5,20131203,183000,8.5600,8.5600,8.5600,8.5600,4883,0
PWE.US,5,20131203,183500,8.5600,8.5600,8.5400,8.5400,46772,0
PWE.US,5,20131203,184000,8.5400,8.5500,8.5400,8.5400,9577,0
PWE.US,5,20131203,184500,8.5400,8.5500,8.5400,8.5400,5480,0
PWE.US,5,20131203,185000,8.5400,8.5500,8.4800,8.4800,56456,0
PWE.US,5,20131203,185500,8.4900,8.4900,8.4800,8.4900,26047,0
PWE.US,5,20131203,190000,8.4900,8.4900,8.4800,8.4800,37075,0
PWE.US,5,20131203,190500,8.4900,8.5000,8.4800,8.5000,50284,0
PWE.US,5,20131203,191000,8.5000,8.5400,8.5000,8.5400,21425,0
PWE.US,5,20131203,191500,8.5400,8.5400,8.5300,8.5400,6446,0
PWE.US,5,20131203,192000,8.5400,8.5500,8.5400,8.5500,10415,0
PWE.US,5,20131203,192500,8.5500,8.5500,8.5400,8.5400,17478,0
PWE.US,5,20131203,193000,8.5400,8.5500,8.5300,8.5500,42610,0
PWE.US,5,20131203,193500,8.5500,8.5500,8.5400,8.5400,3197,0
PWE.US,5,20131203,194000,8.5500,8.5500,8.5400,8.5400,2076,0
PWE.US,5,20131203,194500,8.5500,8.5500,8.5400,8.5400,3000,0
PWE.US,5,20131203,195000,8.5400,8.5500,8.5400,8.5500,19300,0
PWE.US,5,20131203,195500,8.5500,8.5500,8.5400,8.5400,14676,0
PWE.US,5,20131203,200000,8.5400,8.5500,8.5400,8.5400,16434,0
PWE.US,5,20131203,200500,8.5500,8.5500,8.5000,8.5100,65400,0
PWE.US,5,20131203,201000,8.5100,8.5200,8.5100,8.5200,19087,0
PWE.US,5,20131203,201500,8.5200,8.5200,8.5100,8.5200,7600,0
PWE.US,5,20131203,202000,8.5200,8.5200,8.5100,8.5100,16700,0
PWE.US,5,20131203,202500,8.5100,8.5200,8.5100,8.5200,5160,0
PWE.US,5,20131203,203000,8.5200,8.5200,8.5100,8.5200,6900,0
PWE.US,5,20131203,203500,8.5100,8.5200,8.5100,8.5200,27230,0
PWE.US,5,20131203,204000,8.5100,8.5300,8.5100,8.5200,30083,0
PWE.US,5,20131203,204500,8.5300,8.5500,8.5300,8.5500,15500,0
PWE.US,5,20131203,205000,8.5400,8.5500,8.5400,8.5500,9440,0
PWE.US,5,20131203,205500,8.5500,8.5500,8.5400,8.5500,26283,0
PWE.US,5,20131203,210000,8.5500,8.5500,8.5200,8.5200,33280,0
PWE.US,5,20131203,210500,8.5300,8.5300,8.5100,8.5100,28000,0
PWE.US,5,20131203,211000,8.5200,8.5200,8.5100,8.5100,6610,0
PWE.US,5,20131203,211500,8.5200,8.5200,8.5100,8.5100,16293,0
PWE.US,5,20131203,212000,8.5100,8.5200,8.5100,8.5100,19906,0
PWE.US,5,20131203,212500,8.5100,8.5200,8.4700,8.4700,82576,0
PWE.US,5,20131203,213000,8.4700,8.4800,8.4600,8.4600,52495,0
PWE.US,5,20131203,213500,8.4600,8.4700,8.4600,8.4700,11359,0
PWE.US,5,20131203,214000,8.4600,8.4900,8.4600,8.4900,55164,0
PWE.US,5,20131203,214500,8.4900,8.4900,8.4800,8.4900,19281,0
PWE.US,5,20131203,215000,8.4900,8.5200,8.4900,8.5200,70097,0
PWE.US,5,20131203,215500,8.5200,8.5200,8.5100,8.5100,46615,0
PWE.US,5,20131203,220000,8.5200,8.5400,8.5100,8.5300,282851,0
PWE.US,5,20131203,220500,8.5400,8.5400,8.5400,8.5400,369300,0
PWE.US,5,20131204,153500,8.5300,8.5900,8.5200,8.5300,33445,0
PWE.US,5,20131204,154000,8.5200,8.6000,8.5100,8.6000,38586,0
PWE.US,5,20131204,154500,8.6000,8.6400,8.5700,8.5700,32689,0
PWE.US,5,20131204,155000,8.5700,8.6000,8.5700,8.5900,27671,0
PWE.US,5,20131204,155500,8.5900,8.6000,8.5400,8.5600,23449,0
PWE.US,5,20131204,160000,8.5600,8.5800,8.5500,8.5800,26081,0
PWE.US,5,20131204,160500,8.6000,8.6000,8.5500,8.5800,34408,0
PWE.US,5,20131204,161000,8.5800,8.6200,8.5800,8.6200,46641,0
PWE.US,5,20131204,161500,8.6200,8.6500,8.6100,8.6500,16050,0
PWE.US,5,20131204,162000,8.6500,8.6600,8.6200,8.6200,56562,0
PWE.US,5,20131204,162500,8.6200,8.6400,8.6200,8.6200,46221,0
PWE.US,5,20131204,163000,8.6200,8.6200,8.6000,8.6000,10400,0
PWE.US,5,20131204,163500,8.6100,8.6100,8.5700,8.5700,22770,0
PWE.US,5,20131204,164000,8.5700,8.6000,8.5700,8.6000,14759,0
PWE.US,5,20131204,164500,8.5900,8.6000,8.5700,8.5800,24700,0
PWE.US,5,20131204,165000,8.5800,8.5900,8.5700,8.5700,14062,0
PWE.US,5,20131204,165500,8.5800,8.5900,8.5800,8.5800,10033,0
PWE.US,5,20131204,170000,8.5800,8.6000,8.5800,8.6000,26420,0
PWE.US,5,20131204,170500,8.6000,8.6000,8.5800,8.5800,19478,0
PWE.US,5,20131204,171000,8.5800,8.5900,8.5700,8.5900,17490,0
PWE.US,5,20131204,171500,8.5900,8.5900,8.5700,8.5700,25639,0
PWE.US,5,20131204,172000,8.5700,8.5800,8.5700,8.5800,15344,0
PWE.US,5,20131204,172500,8.5700,8.5700,8.5300,8.5300,44232,0
PWE.US,5,20131204,173000,8.5400,8.5600,8.5200,8.5400,32903,0
PWE.US,5,20131204,173500,8.5400,8.5500,8.5400,8.5500,14948,0
PWE.US,5,20131204,174000,8.5500,8.5500,8.5400,8.5500,8260,0
PWE.US,5,20131204,174500,8.5500,8.5600,8.5400,8.5600,16131,0
PWE.US,5,20131204,175000,8.5600,8.5600,8.5500,8.5500,12420,0
PWE.US,5,20131204,175500,8.5600,8.5700,8.5400,8.5500,60425,0
PWE.US,5,20131204,180000,8.5500,8.5500,8.5400,8.5500,6700,0
PWE.US,5,20131204,180500,8.5400,8.5500,8.5200,8.5300,40158,0
PWE.US,5,20131204,181000,8.5400,8.5500,8.5300,8.5300,40361,0
PWE.US,5,20131204,181500,8.5400,8.5400,8.5200,8.5400,11901,0
PWE.US,5,20131204,182000,8.5400,8.5600,8.5300,8.5600,20278,0
PWE.US,5,20131204,182500,8.5500,8.5600,8.5300,8.5500,23681,0
PWE.US,5,20131204,183000,8.5600,8.5600,8.5300,8.5400,20080,0
PWE.US,5,20131204,183500,8.5400,8.5500,8.5300,8.5400,49120,0
PWE.US,5,20131204,184000,8.5400,8.5400,8.5300,8.5400,7450,0
PWE.US,5,20131204,184500,8.5400,8.5500,8.5400,8.5500,7400,0
PWE.US,5,20131204,185000,8.5500,8.5700,8.5400,8.5400,42923,0
PWE.US,5,20131204,185500,8.5400,8.5400,8.5300,8.5300,6410,0
PWE.US,5,20131204,190000,8.5300,8.5600,8.5300,8.5400,24346,0
PWE.US,5,20131204,190500,8.5400,8.5400,8.5300,8.5300,6803,0
PWE.US,5,20131204,191000,8.5400,8.5400,8.5300,8.5300,8031,0
PWE.US,5,20131204,191500,8.5400,8.5400,8.5300,8.5400,7480,0
PWE.US,5,20131204,192000,8.5300,8.5300,8.5200,8.5300,15978,0
PWE.US,5,20131204,192500,8.5300,8.5300,8.5200,8.5300,3650,0
PWE.US,5,20131204,193000,8.5300,8.5300,8.5200,8.5300,17818,0
PWE.US,5,20131204,193500,8.5300,8.5300,8.5000,8.5200,62618,0
PWE.US,5,20131204,194000,8.5200,8.5200,8.4400,8.4700,214253,0
PWE.US,5,20131204,194500,8.4800,8.4800,8.4400,8.4500,27781,0
PWE.US,5,20131204,195000,8.4500,8.4700,8.4500,8.4700,26227,0
PWE.US,5,20131204,195500,8.4600,8.4700,8.4500,8.4500,30654,0
PWE.US,5,20131204,200000,8.4500,8.4600,8.4300,8.4400,19703,0
PWE.US,5,20131204,200500,8.4400,8.4700,8.4400,8.4700,31763,0
PWE.US,5,20131204,201000,8.4600,8.4700,8.4600,8.4700,5257,0
PWE.US,5,20131204,201500,8.4700,8.4900,8.4600,8.4800,33021,0
PWE.US,5,20131204,202000,8.4900,8.4900,8.4600,8.4600,36884,0
PWE.US,5,20131204,202500,8.4600,8.4700,8.4600,8.4700,15589,0
PWE.US,5,20131204,203000,8.4700,8.4900,8.4600,8.4900,26010,0
PWE.US,5,20131204,203500,8.4900,8.5000,8.4800,8.5000,33835,0
PWE.US,5,20131204,204000,8.4900,8.5000,8.4900,8.5000,20387,0
PWE.US,5,20131204,204500,8.5000,8.5000,8.4800,8.4900,48652,0
PWE.US,5,20131204,205000,8.4800,8.4900,8.4800,8.4900,24053,0
PWE.US,5,20131204,205500,8.4800,8.4900,8.4500,8.4600,39840,0
PWE.US,5,20131204,210000,8.4500,8.4700,8.4500,8.4700,32438,0
PWE.US,5,20131204,210500,8.4700,8.4700,8.4600,8.4700,12105,0
PWE.US,5,20131204,211000,8.4600,8.4700,8.4500,8.4500,35650,0
PWE.US,5,20131204,211500,8.4500,8.4600,8.4500,8.4500,12851,0
PWE.US,5,20131204,212000,8.4600,8.4800,8.4500,8.4800,61316,0
PWE.US,5,20131204,212500,8.4800,8.5000,8.4700,8.5000,52578,0
PWE.US,5,20131204,213000,8.5000,8.5000,8.4900,8.5000,10235,0
PWE.US,5,20131204,213500,8.5000,8.5100,8.4900,8.5100,33017,0
PWE.US,5,20131204,214000,8.5100,8.5200,8.5100,8.5200,31885,0
PWE.US,5,20131204,214500,8.5200,8.5500,8.5200,8.5500,64320,0
PWE.US,5,20131204,215000,8.5500,8.5500,8.5400,8.5500,34610,0
PWE.US,5,20131204,215500,8.5500,8.5500,8.5400,8.5500,56717,0
PWE.US,5,20131204,220000,8.5500,8.5500,8.5400,8.5400,133816,0
PWE.US,5,20131204,220500,8.5500,8.5500,8.5500,8.5500,40563,0
PWE.US,5,20131205,153500,8.5500,8.5600,8.4600,8.4800,30097,0
PWE.US,5,20131205,154000,8.4800,8.5200,8.4600,8.4600,22314,0
PWE.US,5,20131205,154500,8.4600,8.5200,8.4600,8.5100,24500,0
PWE.US,5,20131205,155000,8.5200,8.5200,8.5100,8.5100,8150,0
PWE.US,5,20131205,155500,8.5100,8.5200,8.4700,8.4800,50050,0
PWE.US,5,20131205,160000,8.4800,8.5000,8.4800,8.5000,10337,0
PWE.US,5,20131205,160500,8.5000,8.5200,8.5000,8.5000,48350,0
PWE.US,5,20131205,161000,8.5000,8.5000,8.4800,8.4800,38300,0
PWE.US,5,20131205,161500,8.4700,8.4700,8.4300,8.4700,41364,0
PWE.US,5,20131205,162000,8.4700,8.4700,8.4400,8.4400,17299,0
PWE.US,5,20131205,162500,8.4400,8.4700,8.4300,8.4500,36350,0
PWE.US,5,20131205,163000,8.4500,8.4700,8.4300,8.4400,42715,0
PWE.US,5,20131205,163500,8.4300,8.5100,8.4300,8.5100,57051,0
PWE.US,5,20131205,164000,8.5000,8.5000,8.4800,8.4900,18126,0
PWE.US,5,20131205,164500,8.5000,8.5000,8.4500,8.4700,42006,0
PWE.US,5,20131205,165000,8.4800,8.5000,8.4700,8.5000,9027,0
PWE.US,5,20131205,165500,8.5100,8.5200,8.5000,8.5100,20500,0
PWE.US,5,20131205,170000,8.5100,8.5100,8.4700,8.4800,16121,0
PWE.US,5,20131205,170500,8.4800,8.5100,8.4700,8.5000,15271,0
PWE.US,5,20131205,171000,8.5100,8.5200,8.5000,8.5100,6998,0
PWE.US,5,20131205,171500,8.5100,8.5300,8.4900,8.4900,100920,0
PWE.US,5,20131205,172000,8.4900,8.5100,8.4800,8.5100,127324,0
PWE.US,5,20131205,172500,8.5100,8.5100,8.4800,8.4800,18871,0
PWE.US,5,20131205,173000,8.4800,8.5100,8.4800,8.5000,16322,0
PWE.US,5,20131205,173500,8.5000,8.5200,8.5000,8.5200,24217,0
PWE.US,5,20131205,174000,8.5200,8.5200,8.5100,8.5200,8364,0
PWE.US,5,20131205,174500,8.5200,8.5600,8.5100,8.5500,46545,0
PWE.US,5,20131205,175000,8.5500,8.5500,8.5400,8.5500,9248,0
PWE.US,5,20131205,175500,8.5500,8.5600,8.5400,8.5600,8980,0
PWE.US,5,20131205,180000,8.5600,8.5600,8.5400,8.5400,24055,0
PWE.US,5,20131205,180500,8.5400,8.5500,8.5400,8.5500,15618,0
PWE.US,5,20131205,181000,8.5500,8.5600,8.5400,8.5600,17162,0
PWE.US,5,20131205,181500,8.5600,8.5600,8.5500,8.5600,22607,0
PWE.US,5,20131205,182000,8.5500,8.5600,8.5300,8.5600,21041,0
PWE.US,5,20131205,182500,8.5600,8.5600,8.5400,8.5400,13197,0
PWE.US,5,20131205,183000,8.5300,8.5400,8.5300,8.5300,14050,0
PWE.US,5,20131205,183500,8.5300,8.5400,8.5200,8.5200,15071,0
PWE.US,5,20131205,184000,8.5200,8.5300,8.5200,8.5300,3790,0
PWE.US,5,20131205,184500,8.5300,8.5400,8.5200,8.5300,16802,0
PWE.US,5,20131205,185000,8.5300,8.5400,8.5100,8.5100,19383,0
PWE.US,5,20131205,185500,8.5200,8.5200,8.5100,8.5200,6282,0
PWE.US,5,20131205,190000,8.5200,8.5200,8.5100,8.5200,5282,0
PWE.US,5,20131205,190500,8.5200,8.5400,8.5100,8.5300,45482,0
PWE.US,5,20131205,191000,8.5400,8.5400,8.5300,8.5400,7700,0
PWE.US,5,20131205,191500,8.5400,8.5400,8.5300,8.5400,6700,0
PWE.US,5,20131205,192000,8.5400,8.5400,8.5300,8.5400,9900,0
PWE.US,5,20131205,192500,8.5400,8.5500,8.5400,8.5500,12879,0
PWE.US,5,20131205,193000,8.5500,8.5600,8.5400,8.5400,24607,0
PWE.US,5,20131205,193500,8.5500,8.5600,8.5500,8.5600,13100,0
PWE.US,5,20131205,194000,8.5600,8.5600,8.5400,8.5500,58401,0
PWE.US,5,20131205,194500,8.5400,8.5500,8.5300,8.5300,32110,0
PWE.US,5,20131205,195000,8.5400,8.5600,8.5300,8.5600,49412,0
PWE.US,5,20131205,195500,8.5600,8.5600,8.5500,8.5600,15787,0
PWE.US,5,20131205,200000,8.5600,8.5600,8.5400,8.5500,21059,0
PWE.US,5,20131205,200500,8.5500,8.5500,8.5400,8.5500,11290,0
PWE.US,5,20131205,201000,8.5500,8.5500,8.5200,8.5200,39703,0
PWE.US,5,20131205,201500,8.5200,8.5200,8.5100,8.5200,19717,0
PWE.US,5,20131205,202000,8.5200,8.5200,8.5100,8.5200,4952,0
PWE.US,5,20131205,202500,8.5200,8.5200,8.5100,8.5200,8092,0
PWE.US,5,20131205,203000,8.5200,8.5200,8.5100,8.5100,17454,0
PWE.US,5,20131205,203500,8.5100,8.5200,8.5100,8.5200,42984,0
PWE.US,5,20131205,204000,8.5200,8.5300,8.5100,8.5300,20828,0
PWE.US,5,20131205,204500,8.5300,8.5300,8.5000,8.5100,35895,0
PWE.US,5,20131205,205000,8.5100,8.5100,8.5000,8.5100,6963,0
PWE.US,5,20131205,205500,8.5100,8.5100,8.5000,8.5100,10898,0
PWE.US,5,20131205,210000,8.5100,8.5200,8.5000,8.5200,35605,0
PWE.US,5,20131205,210500,8.5200,8.5200,8.5100,8.5200,17577,0
PWE.US,5,20131205,211000,8.5200,8.5200,8.5100,8.5200,13267,0
PWE.US,5,20131205,211500,8.5200,8.5200,8.5100,8.5200,18636,0
PWE.US,5,20131205,212000,8.5200,8.5200,8.5100,8.5200,24548,0
PWE.US,5,20131205,212500,8.5200,8.5200,8.5100,8.5200,11990,0
PWE.US,5,20131205,213000,8.5200,8.5200,8.5100,8.5200,16301,0
PWE.US,5,20131205,213500,8.5200,8.5200,8.5100,8.5200,19753,0
PWE.US,5,20131205,214000,8.5200,8.5400,8.5100,8.5300,25807,0
PWE.US,5,20131205,214500,8.5300,8.5300,8.5200,8.5200,14900,0
PWE.US,5,20131205,215000,8.5200,8.5300,8.5200,8.5300,31303,0
PWE.US,5,20131205,215500,8.5300,8.5400,8.5200,8.5400,90412,0
PWE.US,5,20131205,220000,8.5400,8.5400,8.5100,8.5200,140670,0
PWE.US,5,20131205,220500,8.5100,8.5100,8.5100,8.5100,18291,0
PWE.US,5,20131206,153500,8.5500,8.5700,8.5400,8.5700,20400,0
PWE.US,5,20131206,154000,8.5600,8.5700,8.5200,8.5300,26632,0
PWE.US,5,20131206,154500,8.5200,8.5500,8.5200,8.5400,12832,0
PWE.US,5,20131206,155000,8.5400,8.5600,8.5300,8.5500,7696,0
PWE.US,5,20131206,155500,8.5500,8.5800,8.5400,8.5800,14534,0
PWE.US,5,20131206,160000,8.5800,8.5800,8.5300,8.5300,29324,0
PWE.US,5,20131206,160500,8.5400,8.5400,8.5300,8.5400,25051,0
PWE.US,5,20131206,161000,8.5400,8.5500,8.5200,8.5500,51347,0
PWE.US,5,20131206,161500,8.5400,8.5800,8.5400,8.5800,87047,0
PWE.US,5,20131206,162000,8.5800,8.6100,8.5800,8.6000,130637,0
PWE.US,5,20131206,162500,8.6000,8.6200,8.5900,8.6000,96233,0
PWE.US,5,20131206,163000,8.6000,8.6200,8.6000,8.6100,49885,0
PWE.US,5,20131206,163500,8.6100,8.6100,8.6000,8.6100,91991,0
PWE.US,5,20131206,164000,8.6100,8.6400,8.6000,8.6200,77031,0
PWE.US,5,20131206,164500,8.6200,8.6500,8.6200,8.6200,21551,0
PWE.US,5,20131206,165000,8.6200,8.6300,8.6200,8.6200,24051,0
PWE.US,5,20131206,165500,8.6300,8.6300,8.6200,8.6200,46472,0
PWE.US,5,20131206,170000,8.6200,8.6300,8.6100,8.6300,103405,0
PWE.US,5,20131206,170500,8.6200,8.6300,8.6000,8.6100,30590,0
PWE.US,5,20131206,171000,8.6100,8.6200,8.5900,8.5900,6799,0
PWE.US,5,20131206,171500,8.5900,8.5900,8.5800,8.5800,9274,0
PWE.US,5,20131206,172000,8.5900,8.6400,8.5900,8.6400,30505,0
PWE.US,5,20131206,172500,8.6300,8.6600,8.6300,8.6500,83013,0
PWE.US,5,20131206,173000,8.6600,8.6600,8.6500,8.6500,3633,0
PWE.US,5,20131206,173500,8.6600,8.6800,8.6600,8.6600,34362,0
PWE.US,5,20131206,174000,8.6600,8.6700,8.6300,8.6500,48344,0
PWE.US,5,20131206,174500,8.6400,8.6400,8.6100,8.6200,16064,0
PWE.US,5,20131206,175000,8.6200,8.6200,8.6000,8.6100,4608,0
PWE.US,5,20131206,175500,8.6000,8.6000,8.5600,8.5600,23642,0
PWE.US,5,20131206,180000,8.5600,8.5800,8.5600,8.5700,12156,0
PWE.US,5,20131206,180500,8.5600,8.5700,8.5400,8.5400,17539,0
PWE.US,5,20131206,181000,8.5500,8.5500,8.5200,8.5200,24250,0
PWE.US,5,20131206,181500,8.5300,8.5600,8.5100,8.5500,83276,0
PWE.US,5,20131206,182000,8.5500,8.6100,8.5400,8.6100,66838,0
PWE.US,5,20131206,182500,8.6100,8.6100,8.5800,8.5800,14055,0
PWE.US,5,20131206,183000,8.5900,8.5900,8.5700,8.5700,9778,0
PWE.US,5,20131206,183500,8.5700,8.5800,8.5500,8.5500,9862,0
PWE.US,5,20131206,184000,8.5600,8.5700,8.5500,8.5700,10454,0
PWE.US,5,20131206,184500,8.5700,8.5900,8.5700,8.5800,14426,0
PWE.US,5,20131206,185000,8.5700,8.5800,8.5600,8.5600,6078,0
PWE.US,5,20131206,185500,8.5700,8.5700,8.5600,8.5600,4675,0
PWE.US,5,20131206,190000,8.5700,8.5800,8.5500,8.5500,18921,0
PWE.US,5,20131206,190500,8.5500,8.5600,8.5500,8.5600,10170,0
PWE.US,5,20131206,191000,8.5500,8.5600,8.5400,8.5500,10922,0
PWE.US,5,20131206,191500,8.5400,8.5400,8.5300,8.5300,3934,0
PWE.US,5,20131206,192000,8.5400,8.6100,8.5200,8.6100,834604,0
PWE.US,5,20131206,192500,8.6100,8.6100,8.6000,8.6100,7200,0
PWE.US,5,20131206,193000,8.6100,8.6100,8.6000,8.6000,14674,0
PWE.US,5,20131206,193500,8.6100,8.6100,8.6000,8.6000,9386,0
PWE.US,5,20131206,194000,8.6100,8.6100,8.6000,8.6000,17891,0
PWE.US,5,20131206,194500,8.6000,8.6300,8.6000,8.6300,46587,0
PWE.US,5,20131206,195000,8.6400,8.6600,8.6300,8.6400,74525,0
PWE.US,5,20131206,195500,8.6400,8.6500,8.6300,8.6400,18690,0
PWE.US,5,20131206,200000,8.6400,8.6400,8.6300,8.6300,18648,0
PWE.US,5,20131206,200500,8.6300,8.6300,8.6200,8.6200,14043,0
PWE.US,5,20131206,201000,8.6200,8.6300,8.6100,8.6200,16700,0
PWE.US,5,20131206,201500,8.6200,8.6200,8.6100,8.6100,5205,0
PWE.US,5,20131206,202000,8.6100,8.6200,8.6000,8.6000,48356,0
PWE.US,5,20131206,202500,8.6000,8.6100,8.6000,8.6100,5775,0
PWE.US,5,20131206,203000,8.6000,8.6100,8.6000,8.6100,12233,0
PWE.US,5,20131206,203500,8.6000,8.6100,8.6000,8.6100,12489,0
PWE.US,5,20131206,204000,8.6100,8.6300,8.6000,8.6200,46520,0
PWE.US,5,20131206,204500,8.6200,8.6300,8.6200,8.6300,31937,0
PWE.US,5,20131206,205000,8.6200,8.6300,8.6100,8.6100,23498,0
PWE.US,5,20131206,205500,8.6100,8.6200,8.6000,8.6000,10960,0
PWE.US,5,20131206,210000,8.6000,8.6300,8.6000,8.6100,103552,0
PWE.US,5,20131206,210500,8.6100,8.6200,8.6000,8.6000,32450,0
PWE.US,5,20131206,211000,8.6000,8.6100,8.6000,8.6000,23540,0
PWE.US,5,20131206,211500,8.6100,8.6100,8.6000,8.6100,14232,0
PWE.US,5,20131206,212000,8.6000,8.6100,8.6000,8.6000,9408,0
PWE.US,5,20131206,212500,8.6100,8.6100,8.6000,8.6000,19110,0
PWE.US,5,20131206,213000,8.6000,8.6100,8.6000,8.6100,21160,0
PWE.US,5,20131206,213500,8.6000,8.6100,8.6000,8.6000,44759,0
PWE.US,5,20131206,214000,8.6100,8.6100,8.6000,8.6000,32996,0
PWE.US,5,20131206,214500,8.6000,8.6100,8.6000,8.6000,59199,0
PWE.US,5,20131206,215000,8.6000,8.6100,8.6000,8.6100,36362,0
PWE.US,5,20131206,215500,8.6000,8.6100,8.6000,8.6000,47008,0
PWE.US,5,20131206,220000,8.6000,8.6100,8.6000,8.6100,135941,0
PWE.US,5,20131206,220500,8.6100,8.6100,8.6100,8.6100,61893,0
PWE.US,5,20131209,153500,8.5600,8.5900,8.5500,8.5600,21660,0
PWE.US,5,20131209,154000,8.5700,8.5700,8.5300,8.5300,20810,0
PWE.US,5,20131209,154500,8.5300,8.5400,8.5200,8.5200,26865,0
PWE.US,5,20131209,155000,8.5200,8.5400,8.4800,8.5400,117704,0
PWE.US,5,20131209,155500,8.5400,8.5600,8.5300,8.5600,18110,0
PWE.US,5,20131209,160000,8.5600,8.6000,8.5500,8.5900,51622,0
PWE.US,5,20131209,160500,8.5900,8.6200,8.5800,8.6200,59444,0
PWE.US,5,20131209,161000,8.6100,8.6400,8.6100,8.6400,30799,0
PWE.US,5,20131209,161500,8.6300,8.6400,8.6000,8.6100,32100,0
PWE.US,5,20131209,162000,8.6000,8.6100,8.5800,8.5800,63914,0
PWE.US,5,20131209,162500,8.5800,8.6200,8.5700,8.6200,55589,0
PWE.US,5,20131209,163000,8.6100,8.6300,8.6100,8.6200,58471,0
PWE.US,5,20131209,163500,8.6300,8.6500,8.6200,8.6500,55380,0
PWE.US,5,20131209,164000,8.6500,8.6600,8.6100,8.6600,72420,0
PWE.US,5,20131209,164500,8.6600,8.7000,8.6500,8.6900,54389,0
PWE.US,5,20131209,165000,8.6900,8.6900,8.6700,8.6900,27949,0
PWE.US,5,20131209,165500,8.6800,8.7100,8.6800,8.7100,40142,0
PWE.US,5,20131209,170000,8.7100,8.7500,8.7000,8.7500,128610,0
PWE.US,5,20131209,170500,8.7400,8.7700,8.7400,8.7700,95472,0
PWE.US,5,20131209,171000,8.7600,8.7900,8.7600,8.7800,101291,0
PWE.US,5,20131209,171500,8.7800,8.8200,8.7800,8.8100,111674,0
PWE.US,5,20131209,172000,8.8100,8.8100,8.7900,8.7900,34221,0
PWE.US,5,20131209,172500,8.7900,8.8400,8.7800,8.8300,65372,0
PWE.US,5,20131209,173000,8.8300,8.8300,8.7700,8.7800,43967,0
PWE.US,5,20131209,173500,8.7700,8.8200,8.7600,8.7600,66757,0
PWE.US,5,20131209,174000,8.7500,8.7600,8.7400,8.7400,31809,0
PWE.US,5,20131209,174500,8.7400,8.7600,8.7400,8.7600,33243,0
PWE.US,5,20131209,175000,8.7500,8.7600,8.7300,8.7300,43236,0
PWE.US,5,20131209,175500,8.7300,8.7400,8.7300,8.7300,7808,0
PWE.US,5,20131209,180000,8.7300,8.7400,8.7300,8.7300,22385,0
PWE.US,5,20131209,180500,8.7300,8.7400,8.7300,8.7400,11752,0
PWE.US,5,20131209,181000,8.7400,8.7700,8.7300,8.7700,36642,0
PWE.US,5,20131209,181500,8.7600,8.7900,8.7600,8.7900,27010,0
PWE.US,5,20131209,182000,8.7900,8.8000,8.7700,8.7700,29259,0
PWE.US,5,20131209,182500,8.7700,8.7700,8.7600,8.7700,23444,0
PWE.US,5,20131209,183000,8.7700,8.7800,8.7600,8.7700,10313,0
PWE.US,5,20131209,183500,8.7600,8.7700,8.7400,8.7400,11005,0
PWE.US,5,20131209,184000,8.7400,8.7700,8.7300,8.7700,32908,0
PWE.US,5,20131209,184500,8.7700,8.7900,8.7700,8.7900,16026,0
PWE.US,5,20131209,185000,8.7900,8.7900,8.7800,8.7900,11005,0
PWE.US,5,20131209,185500,8.7800,8.8000,8.7700,8.7700,38787,0
PWE.US,5,20131209,190000,8.7800,8.7800,8.7700,8.7800,32041,0
PWE.US,5,20131209,190500,8.7700,8.7900,8.7700,8.7900,16215,0
PWE.US,5,20131209,191000,8.7900,8.8100,8.7800,8.8000,30395,0
PWE.US,5,20131209,191500,8.8100,8.8100,8.7800,8.7800,49196,0
PWE.US,5,20131209,192000,8.7800,8.7900,8.7700,8.7800,16020,0
PWE.US,5,20131209,192500,8.7800,8.7800,8.7500,8.7600,33661,0
PWE.US,5,20131209,193000,8.7600,8.7600,8.7500,8.7600,7416,0
PWE.US,5,20131209,193500,8.7500,8.7600,8.7400,8.7500,33107,0
PWE.US,5,20131209,194000,8.7400,8.7800,8.7400,8.7700,30058,0
PWE.US,5,20131209,194500,8.7700,8.7800,8.7300,8.7300,40855,0
PWE.US,5,20131209,195000,8.7400,8.7500,8.7300,8.7400,13870,0
PWE.US,5,20131209,195500,8.7400,8.7500,8.7400,8.7500,10300,0
PWE.US,5,20131209,200000,8.7500,8.7600,8.7500,8.7600,20834,0
PWE.US,5,20131209,200500,8.7600,8.7600,8.7300,8.7300,21862,0
PWE.US,5,20131209,201000,8.7400,8.7500,8.7400,8.7400,11342,0
PWE.US,5,20131209,201500,8.7400,8.7700,8.7400,8.7700,30381,0
PWE.US,5,20131209,202000,8.7600,8.7700,8.7500,8.7600,19433,0
PWE.US,5,20131209,202500,8.7600,8.7700,8.7500,8.7600,19900,0
PWE.US,5,20131209,203000,8.7500,8.7600,8.7500,8.7500,12900,0
PWE.US,5,20131209,203500,8.7500,8.7800,8.7500,8.7600,51169,0
PWE.US,5,20131209,204000,8.7600,8.7700,8.7600,8.7600,18825,0
PWE.US,5,20131209,204500,8.7700,8.7700,8.7500,8.7500,22836,0
PWE.US,5,20131209,205000,8.7500,8.7500,8.7400,8.7500,9112,0
PWE.US,5,20131209,205500,8.7400,8.7500,8.7300,8.7300,36165,0
PWE.US,5,20131209,210000,8.7400,8.7400,8.7300,8.7400,16090,0
PWE.US,5,20131209,210500,8.7400,8.7400,8.7200,8.7200,48766,0
PWE.US,5,20131209,211000,8.7200,8.7500,8.7100,8.7400,79644,0
PWE.US,5,20131209,211500,8.7400,8.7500,8.7300,8.7400,47307,0
PWE.US,5,20131209,212000,8.7400,8.7500,8.7300,8.7400,28575,0
PWE.US,5,20131209,212500,8.7400,8.7500,8.7300,8.7300,70322,0
PWE.US,5,20131209,213000,8.7400,8.7400,8.7300,8.7300,32720,0
PWE.US,5,20131209,213500,8.7300,8.7400,8.7300,8.7300,49608,0
PWE.US,5,20131209,214000,8.7400,8.7700,8.7300,8.7700,120764,0
PWE.US,5,20131209,214500,8.7700,8.7700,8.7500,8.7600,74319,0
PWE.US,5,20131209,215000,8.7500,8.7600,8.7400,8.7400,83114,0
PWE.US,5,20131209,215500,8.7400,8.7500,8.7400,8.7500,133764,0
PWE.US,5,20131209,220000,8.7400,8.7500,8.7400,8.7500,214147,0
PWE.US,5,20131209,220500,8.7400,8.7400,8.7400,8.7400,48213,0
