<TICKER>,<PER>,<DTYYYYMMDD>,<TIME>,<OPEN>,<HIGH>,<LOW>,<CLOSE>,<VOL>,<OPENINT>
PWR.US,5,20131112,153500,29.7900,29.8000,29.6000,29.6400,11598,0
PWR.US,5,20131112,154000,29.6800,29.8400,29.6800,29.8400,4450,0
PWR.US,5,20131112,154500,29.8200,29.8300,29.7700,29.7800,13975,0
PWR.US,5,20131112,155000,29.7900,29.8100,29.7800,29.8000,7600,0
PWR.US,5,20131112,155500,29.8100,29.8100,29.7500,29.7500,13410,0
PWR.US,5,20131112,160000,29.7500,29.7600,29.7000,29.7000,25059,0
PWR.US,5,20131112,160500,29.7100,29.7200,29.6500,29.6500,47836,0
PWR.US,5,20131112,161000,29.6500,29.6600,29.6300,29.6300,20193,0
PWR.US,5,20131112,161500,29.6400,29.6400,29.6100,29.6300,16655,0
PWR.US,5,20131112,162000,29.6400,29.6800,29.6300,29.6800,29500,0
PWR.US,5,20131112,162500,29.6800,29.7100,29.6300,29.6500,31868,0
PWR.US,5,20131112,163000,29.6500,29.6600,29.6100,29.6500,16360,0
PWR.US,5,20131112,163500,29.6600,29.6600,29.6100,29.6400,24715,0
PWR.US,5,20131112,164000,29.6500,29.6700,29.6400,29.6700,64483,0
PWR.US,5,20131112,164500,29.6600,29.7500,29.6600,29.7300,45739,0
PWR.US,5,20131112,165000,29.7400,29.8000,29.7400,29.8000,24076,0
PWR.US,5,20131112,165500,29.7900,29.8300,29.7700,29.8200,30627,0
PWR.US,5,20131112,170000,29.8200,29.8200,29.7500,29.7700,37434,0
PWR.US,5,20131112,170500,29.7800,29.7900,29.7600,29.7800,19674,0
PWR.US,5,20131112,171000,29.8000,29.8000,29.7500,29.7900,22193,0
PWR.US,5,20131112,171500,29.7900,29.8400,29.7900,29.8300,39778,0
PWR.US,5,20131112,172000,29.8400,29.9100,29.8400,29.8800,35383,0
PWR.US,5,20131112,172500,29.8700,29.8800,29.8200,29.8200,31449,0
PWR.US,5,20131112,173000,29.8200,29.8300,29.7600,29.7900,29963,0
PWR.US,5,20131112,173500,29.7900,29.8000,29.7500,29.7900,12499,0
PWR.US,5,20131112,174000,29.7800,29.7800,29.7000,29.7000,15735,0
PWR.US,5,20131112,174500,29.7100,29.7500,29.7000,29.7500,12100,0
PWR.US,5,20131112,175000,29.7500,29.7600,29.6900,29.7300,36500,0
PWR.US,5,20131112,175500,29.7300,29.7400,29.7200,29.7400,3398,0
PWR.US,5,20131112,180000,29.7400,29.7700,29.7400,29.7500,12619,0
PWR.US,5,20131112,180500,29.7600,29.7700,29.7200,29.7200,51200,0
PWR.US,5,20131112,181000,29.7100,29.7200,29.6600,29.6800,47700,0
PWR.US,5,20131112,181500,29.6800,29.7300,29.6700,29.7200,11261,0
PWR.US,5,20131112,182000,29.7200,29.7200,29.6900,29.7100,19728,0
PWR.US,5,20131112,182500,29.7100,29.7100,29.6300,29.6600,30944,0
PWR.US,5,20131112,183000,29.6600,29.6700,29.6200,29.6400,10016,0
PWR.US,5,20131112,183500,29.6400,29.6600,29.6000,29.6300,13294,0
PWR.US,5,20131112,184000,29.6300,29.6800,29.6200,29.6700,8306,0
PWR.US,5,20131112,184500,29.6700,29.6700,29.5900,29.6000,129918,0
PWR.US,5,20131112,185000,29.6000,29.6100,29.6000,29.6000,15801,0
PWR.US,5,20131112,185500,29.6000,29.6200,29.6000,29.6100,23100,0
PWR.US,5,20131112,190000,29.6000,29.6100,29.6000,29.6000,13015,0
PWR.US,5,20131112,190500,29.6000,29.6200,29.6000,29.6200,19212,0
PWR.US,5,20131112,191000,29.6200,29.6300,29.6100,29.6300,6500,0
PWR.US,5,20131112,191500,29.6400,29.6900,29.6400,29.6900,28510,0
PWR.US,5,20131112,192000,29.7000,29.8000,29.7000,29.8000,14472,0
PWR.US,5,20131112,192500,29.8000,29.8300,29.8000,29.8200,12834,0
PWR.US,5,20131112,193000,29.8200,29.8200,29.7100,29.7100,14404,0
PWR.US,5,20131112,193500,29.7200,29.7500,29.7100,29.7100,9900,0
PWR.US,5,20131112,194000,29.7100,29.7100,29.6600,29.6900,15418,0
PWR.US,5,20131112,194500,29.7000,29.7100,29.6800,29.7000,8692,0
PWR.US,5,20131112,195000,29.6900,29.7400,29.6900,29.7400,6916,0
PWR.US,5,20131112,195500,29.7400,29.7800,29.7300,29.7400,12166,0
PWR.US,5,20131112,200000,29.7500,29.7700,29.7200,29.7200,10699,0
PWR.US,5,20131112,200500,29.7300,29.7500,29.7300,29.7300,13134,0
PWR.US,5,20131112,201000,29.7300,29.7300,29.6800,29.6800,15864,0
PWR.US,5,20131112,201500,29.6800,29.7100,29.6800,29.6900,17268,0
PWR.US,5,20131112,202000,29.7000,29.7000,29.6600,29.6900,28030,0
PWR.US,5,20131112,202500,29.6800,29.7100,29.6800,29.7000,11370,0
PWR.US,5,20131112,203000,29.7000,29.7000,29.6300,29.6300,29721,0
PWR.US,5,20131112,203500,29.6300,29.6400,29.6200,29.6200,27198,0
PWR.US,5,20131112,204000,29.6300,29.6600,29.6300,29.6600,12190,0
PWR.US,5,20131112,204500,29.6500,29.7000,29.6500,29.7000,13067,0
PWR.US,5,20131112,205000,29.7000,29.7200,29.6900,29.7200,12070,0
PWR.US,5,20131112,205500,29.7200,29.7200,29.7100,29.7200,5392,0
PWR.US,5,20131112,210000,29.7100,29.7800,29.7100,29.7600,16199,0
PWR.US,5,20131112,210500,29.7600,29.7700,29.7500,29.7700,8769,0
PWR.US,5,20131112,211000,29.7600,29.7700,29.7200,29.7300,20364,0
PWR.US,5,20131112,211500,29.7400,29.7600,29.7300,29.7300,25833,0
PWR.US,5,20131112,212000,29.7300,29.7500,29.7300,29.7500,11748,0
PWR.US,5,20131112,212500,29.7500,29.7800,29.7400,29.7700,22441,0
PWR.US,5,20131112,213000,29.7700,29.7900,29.7600,29.7800,29571,0
PWR.US,5,20131112,213500,29.7800,29.7900,29.7700,29.7900,14649,0
PWR.US,5,20131112,214000,29.7800,29.8100,29.7800,29.7900,32446,0
PWR.US,5,20131112,214500,29.7900,29.8200,29.7800,29.8200,22407,0
PWR.US,5,20131112,215000,29.8100,29.8200,29.7700,29.7900,53238,0
PWR.US,5,20131112,215500,29.7800,29.8000,29.7800,29.8000,48426,0
PWR.US,5,20131112,220000,29.8000,29.8400,29.7900,29.8300,101894,0
PWR.US,5,20131112,220500,29.8400,29.8400,29.8400,29.8400,59264,0
PWR.US,5,20131113,153500,29.6000,29.6800,29.5700,29.6500,21723,0
PWR.US,5,20131113,154000,29.6500,29.7400,29.6400,29.6900,25467,0
PWR.US,5,20131113,154500,29.6800,29.8000,29.6800,29.8000,61563,0
PWR.US,5,20131113,155000,29.7800,29.8300,29.7700,29.8200,3700,0
PWR.US,5,20131113,155500,29.8100,29.8600,29.8000,29.8200,32176,0
PWR.US,5,20131113,160000,29.8100,29.9100,29.8000,29.8800,5765,0
PWR.US,5,20131113,160500,29.8900,29.9100,29.8600,29.8800,18604,0
PWR.US,5,20131113,161000,29.8900,29.8900,29.8000,29.8500,14768,0
PWR.US,5,20131113,161500,29.8500,29.8700,29.8400,29.8700,18884,0
PWR.US,5,20131113,162000,29.8700,29.8900,29.8700,29.8700,2800,0
PWR.US,5,20131113,162500,29.8600,29.8600,29.8200,29.8500,62200,0
PWR.US,5,20131113,163000,29.8600,29.8900,29.8600,29.8800,6700,0
PWR.US,5,20131113,163500,29.8900,29.9000,29.8600,29.8800,12000,0
PWR.US,5,20131113,164000,29.8900,29.9100,29.8900,29.9000,2082,0
PWR.US,5,20131113,164500,29.9000,29.9400,29.9000,29.9400,4332,0
PWR.US,5,20131113,165000,29.9400,29.9400,29.9000,29.9100,7501,0
PWR.US,5,20131113,165500,29.9000,29.9100,29.8900,29.8900,12715,0
PWR.US,5,20131113,170000,29.8900,29.9000,29.8300,29.8400,32997,0
PWR.US,5,20131113,170500,29.8400,29.8400,29.8200,29.8400,11242,0
PWR.US,5,20131113,171000,29.8500,29.8500,29.8300,29.8300,2400,0
PWR.US,5,20131113,171500,29.8200,29.8400,29.8200,29.8300,57942,0
PWR.US,5,20131113,172000,29.8300,29.8300,29.8000,29.8200,8571,0
PWR.US,5,20131113,172500,29.8100,29.8500,29.8100,29.8300,9129,0
PWR.US,5,20131113,173000,29.8300,29.8400,29.8000,29.8100,7592,0
PWR.US,5,20131113,173500,29.8100,29.8200,29.8000,29.8200,4410,0
PWR.US,5,20131113,174000,29.8100,29.8200,29.8000,29.8100,5100,0
PWR.US,5,20131113,174500,29.8000,29.8000,29.7700,29.7700,3830,0
PWR.US,5,20131113,175000,29.7700,29.8400,29.7700,29.8400,20068,0
PWR.US,5,20131113,175500,29.8400,29.8500,29.8400,29.8500,5800,0
PWR.US,5,20131113,180000,29.8500,29.9000,29.8500,29.9000,9400,0
PWR.US,5,20131113,180500,29.9000,29.9400,29.9000,29.9300,17501,0
PWR.US,5,20131113,181000,29.9300,29.9500,29.9200,29.9500,6799,0
PWR.US,5,20131113,181500,29.9500,29.9600,29.9400,29.9400,13532,0
PWR.US,5,20131113,182000,29.9400,29.9500,29.9100,29.9100,11200,0
PWR.US,5,20131113,182500,29.9100,29.9500,29.9100,29.9500,8647,0
PWR.US,5,20131113,183000,29.9500,29.9700,29.9400,29.9600,8082,0
PWR.US,5,20131113,183500,29.9700,29.9800,29.9600,29.9700,6922,0
PWR.US,5,20131113,184000,29.9600,29.9700,29.9500,29.9500,13175,0
PWR.US,5,20131113,184500,29.9600,29.9900,29.9600,29.9900,4380,0
PWR.US,5,20131113,185000,29.9900,29.9900,29.9800,29.9800,5267,0
PWR.US,5,20131113,185500,29.9800,30.0000,29.9800,30.0000,9780,0
PWR.US,5,20131113,190000,30.0100,30.0200,29.9900,29.9900,11840,0
PWR.US,5,20131113,190500,29.9900,30.0100,29.9800,29.9800,5787,0
PWR.US,5,20131113,191000,29.9800,29.9800,29.9600,29.9800,6133,0
PWR.US,5,20131113,191500,29.9800,30.0200,29.9600,29.9700,14926,0
PWR.US,5,20131113,192000,29.9700,29.9800,29.9600,29.9800,9218,0
PWR.US,5,20131113,192500,29.9800,29.9800,29.9800,29.9800,1600,0
PWR.US,5,20131113,193000,29.9800,30.0200,29.9600,30.0200,6198,0
PWR.US,5,20131113,193500,30.0100,30.0500,30.0100,30.0500,7400,0
PWR.US,5,20131113,194000,30.0600,30.0600,30.0300,30.0300,18645,0
PWR.US,5,20131113,194500,30.0300,30.0400,30.0300,30.0300,3100,0
PWR.US,5,20131113,195000,30.0200,30.0600,30.0200,30.0600,9600,0
PWR.US,5,20131113,195500,30.0600,30.0800,30.0600,30.0700,29622,0
PWR.US,5,20131113,200000,30.0700,30.0800,30.0500,30.0500,9700,0
PWR.US,5,20131113,200500,30.0500,30.0500,30.0300,30.0400,10065,0
PWR.US,5,20131113,201000,30.0400,30.0600,30.0400,30.0500,6600,0
PWR.US,5,20131113,201500,30.0400,30.0500,30.0100,30.0200,12046,0
PWR.US,5,20131113,202000,30.0200,30.0300,30.0100,30.0300,17134,0
PWR.US,5,20131113,202500,30.0300,30.0700,30.0300,30.0700,7558,0
PWR.US,5,20131113,203000,30.0600,30.0700,30.0300,30.0300,14553,0
PWR.US,5,20131113,203500,30.0300,30.0300,30.0200,30.0300,10270,0
PWR.US,5,20131113,204000,30.0200,30.0300,30.0000,30.0000,31360,0
PWR.US,5,20131113,204500,30.0000,30.0000,29.9800,29.9800,9731,0
PWR.US,5,20131113,205000,29.9800,30.0000,29.9800,30.0000,6100,0
PWR.US,5,20131113,205500,29.9900,30.0100,29.9900,30.0000,10780,0
PWR.US,5,20131113,210000,30.0100,30.0100,29.9800,29.9800,11513,0
PWR.US,5,20131113,210500,29.9900,29.9900,29.9800,29.9800,4309,0
PWR.US,5,20131113,211000,29.9900,29.9900,29.9700,29.9700,17636,0
PWR.US,5,20131113,211500,29.9700,29.9700,29.9700,29.9700,6205,0
PWR.US,5,20131113,212000,29.9700,29.9900,29.9600,29.9900,13277,0
PWR.US,5,20131113,212500,29.9800,29.9900,29.9600,29.9600,35009,0
PWR.US,5,20131113,213000,29.9700,29.9700,29.9000,29.9200,56160,0
PWR.US,5,20131113,213500,29.9200,29.9200,29.8900,29.9000,46358,0
PWR.US,5,20131113,214000,29.8900,29.9500,29.8900,29.9500,23227,0
PWR.US,5,20131113,214500,29.9400,29.9600,29.9100,29.9100,29132,0
PWR.US,5,20131113,215000,29.9200,29.9800,29.9200,29.9800,36016,0
PWR.US,5,20131113,215500,29.9800,29.9800,29.9100,29.9300,67000,0
PWR.US,5,20131113,220000,29.9300,29.9600,29.9300,29.9500,80032,0
PWR.US,5,20131113,220500,29.9600,29.9600,29.9600,29.9600,60743,0
PWR.US,5,20131114,153500,30.0400,30.0900,30.0200,30.0700,3975,0
PWR.US,5,20131114,154000,30.0800,30.2400,30.0700,30.1800,22293,0
PWR.US,5,20131114,154500,30.1800,30.1800,30.0500,30.0500,14356,0
PWR.US,5,20131114,155000,30.0200,30.0200,29.9000,29.9300,14202,0
PWR.US,5,20131114,155500,29.9300,30.0000,29.9300,29.9400,7012,0
PWR.US,5,20131114,160000,29.9400,29.9900,29.9300,29.9900,14455,0
PWR.US,5,20131114,160500,29.9800,29.9800,29.8800,29.9400,12451,0
PWR.US,5,20131114,161000,29.9300,29.9400,29.9100,29.9200,5393,0
PWR.US,5,20131114,161500,29.9300,29.9900,29.9300,29.9900,12195,0
PWR.US,5,20131114,162000,29.9900,30.0100,29.9700,30.0100,27798,0
PWR.US,5,20131114,162500,30.0000,30.0600,30.0000,30.0300,6500,0
PWR.US,5,20131114,163000,30.0200,30.0700,30.0000,30.0200,17268,0
PWR.US,5,20131114,163500,30.0200,30.1100,30.0200,30.1100,14696,0
PWR.US,5,20131114,164000,30.1100,30.1600,30.0800,30.1400,12569,0
PWR.US,5,20131114,164500,30.1300,30.1400,30.1200,30.1200,8798,0
PWR.US,5,20131114,165000,30.1100,30.1200,30.1000,30.1000,12788,0
PWR.US,5,20131114,165500,30.0800,30.0900,30.0300,30.0400,8711,0
PWR.US,5,20131114,170000,30.0500,30.1100,30.0500,30.1100,11995,0
PWR.US,5,20131114,170500,30.1100,30.1100,30.0900,30.1100,11363,0
PWR.US,5,20131114,171000,30.1300,30.1300,30.0900,30.1000,24625,0
PWR.US,5,20131114,171500,30.1000,30.1200,30.0900,30.1100,5731,0
PWR.US,5,20131114,172000,30.1200,30.2100,30.1200,30.2100,12881,0
PWR.US,5,20131114,172500,30.2100,30.2300,30.2100,30.2300,10580,0
PWR.US,5,20131114,173000,30.2300,30.2500,30.2000,30.2200,24237,0
PWR.US,5,20131114,173500,30.2200,30.2200,30.2000,30.2000,15510,0
PWR.US,5,20131114,174000,30.2000,30.2100,30.2000,30.2100,11216,0
PWR.US,5,20131114,174500,30.2100,30.2100,30.2000,30.2100,8348,0
PWR.US,5,20131114,175000,30.2000,30.2200,30.1700,30.1700,72987,0
PWR.US,5,20131114,175500,30.1800,30.1900,30.1500,30.1700,14690,0
PWR.US,5,20131114,180000,30.1600,30.1700,30.1100,30.1100,8478,0
PWR.US,5,20131114,180500,30.1200,30.1200,30.1000,30.1100,10515,0
PWR.US,5,20131114,181000,30.1000,30.1100,30.0800,30.0800,8587,0
PWR.US,5,20131114,181500,30.0800,30.1200,30.0800,30.1200,7416,0
PWR.US,5,20131114,182000,30.1200,30.1300,30.1100,30.1300,11717,0
PWR.US,5,20131114,182500,30.1300,30.1400,30.1200,30.1400,2100,0
PWR.US,5,20131114,183000,30.1300,30.1500,30.1300,30.1400,10934,0
PWR.US,5,20131114,183500,30.1500,30.1900,30.1400,30.1700,5122,0
PWR.US,5,20131114,184000,30.1800,30.1800,30.1700,30.1700,6380,0
PWR.US,5,20131114,184500,30.1800,30.1800,30.1600,30.1700,7482,0
PWR.US,5,20131114,185000,30.1700,30.1700,30.1200,30.1200,6870,0
PWR.US,5,20131114,185500,30.1100,30.1100,30.1000,30.1000,8571,0
PWR.US,5,20131114,190000,30.1100,30.1100,30.0600,30.0700,11225,0
PWR.US,5,20131114,190500,30.0800,30.1000,30.0800,30.1000,4700,0
PWR.US,5,20131114,191000,30.1100,30.1100,30.0900,30.1100,8929,0
PWR.US,5,20131114,191500,30.1000,30.1000,30.0800,30.0900,6900,0
PWR.US,5,20131114,192000,30.0900,30.1300,30.0900,30.1100,4785,0
PWR.US,5,20131114,192500,30.1200,30.1700,30.1200,30.1700,10426,0
PWR.US,5,20131114,193000,30.1600,30.1700,30.1600,30.1700,1848,0
PWR.US,5,20131114,193500,30.1700,30.1700,30.1600,30.1600,3199,0
PWR.US,5,20131114,194000,30.1700,30.1700,30.1600,30.1700,11185,0
PWR.US,5,20131114,194500,30.1800,30.1800,30.1700,30.1700,5300,0
PWR.US,5,20131114,195000,30.1700,30.1900,30.1600,30.1800,4822,0
PWR.US,5,20131114,195500,30.1700,30.1700,30.1500,30.1500,4653,0
PWR.US,5,20131114,200000,30.1500,30.1500,30.1200,30.1200,6114,0
PWR.US,5,20131114,200500,30.1300,30.1300,30.1200,30.1200,3950,0
PWR.US,5,20131114,201000,30.1200,30.1300,30.1100,30.1200,5700,0
PWR.US,5,20131114,201500,30.1100,30.1200,30.1100,30.1200,5323,0
PWR.US,5,20131114,202000,30.1200,30.1200,30.1100,30.1200,5401,0
PWR.US,5,20131114,202500,30.1200,30.1300,30.1200,30.1200,8031,0
PWR.US,5,20131114,203000,30.1200,30.1300,30.1200,30.1200,3589,0
PWR.US,5,20131114,203500,30.1300,30.1500,30.1200,30.1200,12010,0
PWR.US,5,20131114,204000,30.1100,30.1300,30.1100,30.1200,2482,0
PWR.US,5,20131114,204500,30.1200,30.1400,30.1100,30.1400,5677,0
PWR.US,5,20131114,205000,30.1400,30.1400,30.1300,30.1400,3769,0
PWR.US,5,20131114,205500,30.1300,30.1400,30.1100,30.1100,11841,0
PWR.US,5,20131114,210000,30.1100,30.1200,30.0900,30.0900,28666,0
PWR.US,5,20131114,210500,30.0900,30.1000,30.0800,30.0900,9909,0
PWR.US,5,20131114,211000,30.0900,30.1200,30.0800,30.1200,16247,0
PWR.US,5,20131114,211500,30.1100,30.1300,30.1000,30.1100,29259,0
PWR.US,5,20131114,212000,30.1100,30.1200,30.1000,30.1200,16062,0
PWR.US,5,20131114,212500,30.1200,30.1200,30.1000,30.1000,30340,0
PWR.US,5,20131114,213000,30.1100,30.1100,30.0700,30.0900,22744,0
PWR.US,5,20131114,213500,30.0900,30.1000,30.0700,30.0900,25501,0
PWR.US,5,20131114,214000,30.0900,30.1000,30.0700,30.0900,21849,0
PWR.US,5,20131114,214500,30.0900,30.1100,30.0800,30.1000,45228,0
PWR.US,5,20131114,215000,30.1000,30.1100,30.0600,30.0600,35202,0
PWR.US,5,20131114,215500,30.0600,30.0700,30.0300,30.0400,80118,0
PWR.US,5,20131114,220000,30.0400,30.0800,30.0300,30.0600,122046,0
PWR.US,5,20131114,220500,30.0700,30.0700,30.0700,30.0700,58135,0
PWR.US,5,20131115,153500,30.1500,30.3500,30.1400,30.3500,10076,0
PWR.US,5,20131115,154000,30.3500,30.3800,30.2000,30.3700,43901,0
PWR.US,5,20131115,154500,30.3700,30.3700,30.3000,30.3500,11648,0
PWR.US,5,20131115,155000,30.3500,30.3700,30.3000,30.3100,7900,0
PWR.US,5,20131115,155500,30.3100,30.3100,30.2000,30.2700,17901,0
PWR.US,5,20131115,160000,30.2700,30.3000,30.2500,30.2500,8488,0
PWR.US,5,20131115,160500,30.2600,30.2900,30.2300,30.2500,5588,0
PWR.US,5,20131115,161000,30.2500,30.2800,30.2300,30.2700,71784,0
PWR.US,5,20131115,161500,30.2700,30.2700,30.2400,30.2600,11528,0
PWR.US,5,20131115,162000,30.2500,30.2600,30.2000,30.2400,14066,0
PWR.US,5,20131115,162500,30.2400,30.2500,30.2300,30.2400,5033,0
PWR.US,5,20131115,163000,30.2400,30.2500,30.2200,30.2300,12082,0
PWR.US,5,20131115,163500,30.2200,30.2200,30.1700,30.1800,20795,0
PWR.US,5,20131115,164000,30.2000,30.2000,30.1700,30.1800,3601,0
PWR.US,5,20131115,164500,30.1800,30.1900,30.1700,30.1800,18175,0
PWR.US,5,20131115,165000,30.1800,30.2000,30.1600,30.2000,19650,0
PWR.US,5,20131115,165500,30.2000,30.2000,30.1800,30.1900,7058,0
PWR.US,5,20131115,170000,30.1900,30.2000,30.1700,30.1800,14339,0
PWR.US,5,20131115,170500,30.1900,30.2000,30.1800,30.1900,10960,0
PWR.US,5,20131115,171000,30.1900,30.2000,30.1700,30.2000,17634,0
PWR.US,5,20131115,171500,30.1900,30.1900,30.1400,30.1800,22380,0
PWR.US,5,20131115,172000,30.1800,30.2000,30.1700,30.2000,8303,0
PWR.US,5,20131115,172500,30.2000,30.2000,30.1400,30.1400,24420,0
PWR.US,5,20131115,173000,30.1400,30.1900,30.1300,30.1500,34199,0
PWR.US,5,20131115,173500,30.1600,30.1700,30.1600,30.1600,7366,0
PWR.US,5,20131115,174000,30.1700,30.1700,30.1200,30.1300,10457,0
PWR.US,5,20131115,174500,30.1300,30.1300,30.1100,30.1200,3196,0
PWR.US,5,20131115,175000,30.1200,30.1300,30.0700,30.0700,48182,0
PWR.US,5,20131115,175500,30.0700,30.0800,30.0500,30.0500,5216,0
PWR.US,5,20131115,180000,30.0600,30.0600,30.0500,30.0600,2880,0
PWR.US,5,20131115,180500,30.0600,30.0600,30.0500,30.0500,5346,0
PWR.US,5,20131115,181000,30.0400,30.0600,30.0200,30.0600,12496,0
PWR.US,5,20131115,181500,30.0500,30.0600,30.0000,30.0000,13183,0
PWR.US,5,20131115,182000,30.0200,30.0400,30.0200,30.0300,3900,0
PWR.US,5,20131115,182500,30.0300,30.0400,30.0300,30.0300,2600,0
PWR.US,5,20131115,183000,30.0300,30.0500,30.0300,30.0300,7304,0
PWR.US,5,20131115,183500,30.0300,30.0400,30.0200,30.0300,12965,0
PWR.US,5,20131115,184000,30.0300,30.0300,30.0200,30.0200,7300,0
PWR.US,5,20131115,184500,30.0200,30.0300,30.0200,30.0200,10850,0
PWR.US,5,20131115,185000,30.0300,30.0300,29.9900,30.0000,10632,0
PWR.US,5,20131115,185500,30.0000,30.0100,29.9800,29.9800,25846,0
PWR.US,5,20131115,190000,29.9900,30.0000,29.9900,30.0000,7990,0
PWR.US,5,20131115,190500,30.0100,30.0100,29.9900,29.9900,4509,0
PWR.US,5,20131115,191000,29.9900,30.0100,29.9900,29.9900,23076,0
PWR.US,5,20131115,191500,29.9900,30.0000,29.9800,29.9800,7535,0
PWR.US,5,20131115,192000,29.9800,30.0000,29.9800,30.0000,5328,0
PWR.US,5,20131115,192500,29.9900,30.0000,29.9900,29.9900,6983,0
PWR.US,5,20131115,193000,29.9900,30.0000,29.9900,29.9900,35169,0
PWR.US,5,20131115,193500,30.0000,30.0000,29.9900,29.9900,7030,0
PWR.US,5,20131115,194000,29.9900,30.0100,29.9900,30.0100,26032,0
PWR.US,5,20131115,194500,30.0100,30.0100,30.0000,30.0100,15226,0
PWR.US,5,20131115,195000,30.0100,30.0100,29.9900,29.9900,70873,0
PWR.US,5,20131115,195500,29.9900,30.0000,29.9800,29.9900,17576,0
PWR.US,5,20131115,200000,30.0000,30.0000,29.9800,29.9800,12268,0
PWR.US,5,20131115,200500,29.9900,30.0200,29.9900,30.0100,23211,0
PWR.US,5,20131115,201000,30.0100,30.0300,30.0100,30.0300,16408,0
PWR.US,5,20131115,201500,30.0400,30.0400,30.0300,30.0300,3032,0
PWR.US,5,20131115,202000,30.0400,30.0500,30.0300,30.0500,20854,0
PWR.US,5,20131115,202500,30.0500,30.0500,30.0400,30.0500,2998,0
PWR.US,5,20131115,203000,30.0400,30.0500,30.0400,30.0500,6492,0
PWR.US,5,20131115,203500,30.0400,30.0500,30.0400,30.0500,11941,0
PWR.US,5,20131115,204000,30.0500,30.0500,30.0400,30.0500,12152,0
PWR.US,5,20131115,204500,30.0500,30.0500,30.0400,30.0500,6336,0
PWR.US,5,20131115,205000,30.0500,30.0500,30.0400,30.0400,5843,0
PWR.US,5,20131115,205500,30.0500,30.0500,30.0300,30.0300,22917,0
PWR.US,5,20131115,210000,30.0300,30.0500,30.0300,30.0500,4300,0
PWR.US,5,20131115,210500,30.0500,30.0700,30.0500,30.0700,56560,0
PWR.US,5,20131115,211000,30.0700,30.0900,30.0500,30.0600,40915,0
PWR.US,5,20131115,211500,30.0600,30.0800,30.0600,30.0800,9030,0
PWR.US,5,20131115,212000,30.0700,30.0800,30.0700,30.0800,26780,0
PWR.US,5,20131115,212500,30.0800,30.0800,30.0700,30.0700,3400,0
PWR.US,5,20131115,213000,30.0800,30.0800,30.0500,30.0600,24395,0
PWR.US,5,20131115,213500,30.0600,30.0600,30.0500,30.0500,22363,0
PWR.US,5,20131115,214000,30.0500,30.0500,30.0400,30.0500,13450,0
PWR.US,5,20131115,214500,30.0500,30.0500,30.0200,30.0300,23490,0
PWR.US,5,20131115,215000,30.0300,30.0300,29.9900,30.0200,59700,0
PWR.US,5,20131115,215500,30.0300,30.0300,30.0100,30.0200,41914,0
PWR.US,5,20131115,220000,30.0200,30.0300,30.0100,30.0200,123161,0
PWR.US,5,20131115,220500,30.0200,30.0200,30.0200,30.0200,127838,0
PWR.US,5,20131118,153500,30.0700,30.0800,30.0400,30.0600,26592,0
PWR.US,5,20131118,154000,30.0600,30.2200,30.0600,30.1900,17774,0
PWR.US,5,20131118,154500,30.1800,30.2000,30.1100,30.1700,18185,0
PWR.US,5,20131118,155000,30.1400,30.1600,30.1000,30.1200,20971,0
PWR.US,5,20131118,155500,30.1200,30.1900,30.1000,30.1000,34740,0
PWR.US,5,20131118,160000,30.1000,30.1000,30.0300,30.0300,24102,0
PWR.US,5,20131118,160500,30.0300,30.0800,29.9600,30.0700,84755,0
PWR.US,5,20131118,161000,30.0700,30.0700,30.0200,30.0500,23120,0
PWR.US,5,20131118,161500,30.0500,30.0600,30.0000,30.0200,40005,0
PWR.US,5,20131118,162000,30.0300,30.0600,30.0200,30.0600,16785,0
PWR.US,5,20131118,162500,30.0600,30.0900,30.0500,30.0500,40530,0
PWR.US,5,20131118,163000,30.0400,30.0600,29.9600,29.9800,37540,0
PWR.US,5,20131118,163500,29.9900,30.0100,29.9500,30.0000,10318,0
PWR.US,5,20131118,164000,30.0000,30.0300,30.0000,30.0300,7727,0
PWR.US,5,20131118,164500,30.0300,30.0300,30.0000,30.0000,5866,0
PWR.US,5,20131118,165000,30.0100,30.0400,30.0000,30.0300,10402,0
PWR.US,5,20131118,165500,30.0300,30.0400,30.0100,30.0100,9301,0
PWR.US,5,20131118,170000,30.0100,30.0200,29.9700,30.0000,34466,0
PWR.US,5,20131118,170500,30.0100,30.0400,30.0000,30.0200,12120,0
PWR.US,5,20131118,171000,30.0200,30.0300,30.0100,30.0100,8295,0
PWR.US,5,20131118,171500,30.0100,30.0600,30.0100,30.0500,11179,0
PWR.US,5,20131118,172000,30.0500,30.0600,30.0300,30.0600,7715,0
PWR.US,5,20131118,172500,30.0600,30.0600,30.0300,30.0500,17339,0
PWR.US,5,20131118,173000,30.0500,30.0600,30.0500,30.0500,3300,0
PWR.US,5,20131118,173500,30.0500,30.0600,30.0300,30.0300,11971,0
PWR.US,5,20131118,174000,30.0300,30.0400,30.0200,30.0300,4474,0
PWR.US,5,20131118,174500,30.0200,30.0400,30.0100,30.0200,18409,0
PWR.US,5,20131118,175000,30.0200,30.0200,30.0000,30.0100,14563,0
PWR.US,5,20131118,175500,30.0300,30.0300,30.0000,30.0100,7986,0
PWR.US,5,20131118,180000,30.0100,30.0100,30.0000,30.0000,9727,0
PWR.US,5,20131118,180500,30.0000,30.0000,29.9800,30.0000,16032,0
PWR.US,5,20131118,181000,30.0000,30.0200,30.0000,30.0100,10648,0
PWR.US,5,20131118,181500,30.0200,30.0200,29.9900,29.9900,10495,0
PWR.US,5,20131118,182000,29.9900,29.9900,29.9700,29.9700,3700,0
PWR.US,5,20131118,182500,29.9700,30.0100,29.9700,30.0000,3500,0
PWR.US,5,20131118,183000,30.0000,30.0100,29.9900,30.0000,5800,0
PWR.US,5,20131118,183500,30.0000,30.0100,29.9900,30.0000,4945,0
PWR.US,5,20131118,184000,30.0100,30.0100,29.9500,29.9500,12693,0
PWR.US,5,20131118,184500,29.9500,29.9700,29.9200,29.9500,48608,0
PWR.US,5,20131118,185000,29.9600,29.9900,29.9600,29.9800,2300,0
PWR.US,5,20131118,185500,29.9800,29.9800,29.9400,29.9400,8350,0
PWR.US,5,20131118,190000,29.9600,29.9700,29.9500,29.9600,4000,0
PWR.US,5,20131118,190500,29.9600,29.9600,29.9200,29.9400,13621,0
PWR.US,5,20131118,191000,29.9200,29.9200,29.8500,29.8600,64384,0
PWR.US,5,20131118,191500,29.8700,29.9000,29.8700,29.8800,13131,0
PWR.US,5,20131118,192000,29.8900,29.9000,29.8800,29.8900,7151,0
PWR.US,5,20131118,192500,29.8900,29.8900,29.8700,29.8900,7619,0
PWR.US,5,20131118,193000,29.8900,29.9000,29.8800,29.8900,21093,0
PWR.US,5,20131118,193500,29.8900,29.9000,29.8900,29.9000,3400,0
PWR.US,5,20131118,194000,29.8900,29.9100,29.8900,29.9100,12067,0
PWR.US,5,20131118,194500,29.9100,29.9100,29.8700,29.8700,14249,0
PWR.US,5,20131118,195000,29.8700,29.8700,29.8600,29.8600,3900,0
PWR.US,5,20131118,195500,29.8600,29.8600,29.8400,29.8400,18751,0
PWR.US,5,20131118,200000,29.8400,29.8500,29.8400,29.8500,7160,0
PWR.US,5,20131118,200500,29.8600,29.8600,29.8500,29.8500,13810,0
PWR.US,5,20131118,201000,29.8500,29.8600,29.8400,29.8500,16976,0
PWR.US,5,20131118,201500,29.8600,29.8600,29.8500,29.8500,3380,0
PWR.US,5,20131118,202000,29.8500,29.8600,29.8400,29.8400,17203,0
PWR.US,5,20131118,202500,29.8400,29.8500,29.8400,29.8500,7400,0
PWR.US,5,20131118,203000,29.8500,29.8600,29.8400,29.8500,24607,0
PWR.US,5,20131118,203500,29.8600,29.8600,29.8300,29.8400,12045,0
PWR.US,5,20131118,204000,29.8400,29.8500,29.8400,29.8400,1200,0
PWR.US,5,20131118,204500,29.8400,29.8400,29.8200,29.8300,7414,0
PWR.US,5,20131118,205000,29.8200,29.8300,29.7800,29.7800,13765,0
PWR.US,5,20131118,205500,29.7700,29.8100,29.7700,29.8000,10010,0
PWR.US,5,20131118,210000,29.8000,29.8100,29.7500,29.7500,11122,0
PWR.US,5,20131118,210500,29.7500,29.7500,29.7400,29.7500,10300,0
PWR.US,5,20131118,211000,29.7400,29.7600,29.7200,29.7200,24740,0
PWR.US,5,20131118,211500,29.7200,29.7200,29.6200,29.6400,26950,0
PWR.US,5,20131118,212000,29.6500,29.7000,29.6400,29.6900,19223,0
PWR.US,5,20131118,212500,29.6900,29.7000,29.6600,29.6600,9531,0
PWR.US,5,20131118,213000,29.6600,29.6700,29.6000,29.6700,30740,0
PWR.US,5,20131118,213500,29.6700,29.6700,29.6200,29.6200,47699,0
PWR.US,5,20131118,214000,29.6200,29.7000,29.6200,29.7000,20543,0
PWR.US,5,20131118,214500,29.7000,29.7300,29.6700,29.7300,21526,0
PWR.US,5,20131118,215000,29.7300,29.7300,29.6800,29.6900,31581,0
PWR.US,5,20131118,215500,29.6900,29.7200,29.6700,29.6800,39571,0
PWR.US,5,20131118,220000,29.6900,29.7400,29.6800,29.7400,31602,0
PWR.US,5,20131118,220500,29.7400,29.7400,29.7400,29.7400,32697,0
PWR.US,5,20131119,153500,29.7700,29.8000,29.5600,29.6600,33840,0
PWR.US,5,20131119,154000,29.6500,29.6600,29.5800,29.6000,11585,0
PWR.US,5,20131119,154500,29.6100,29.6100,29.4500,29.4700,31053,0
PWR.US,5,20131119,155000,29.4900,29.5000,29.4400,29.4800,30544,0
PWR.US,5,20131119,155500,29.4900,29.6100,29.4900,29.6100,11800,0
PWR.US,5,20131119,160000,29.6100,29.6100,29.5500,29.5700,14302,0
PWR.US,5,20131119,160500,29.5800,29.6500,29.5600,29.6400,15276,0
PWR.US,5,20131119,161000,29.6400,29.7100,29.6400,29.6600,22236,0
PWR.US,5,20131119,161500,29.6700,29.6800,29.5800,29.6000,33264,0
PWR.US,5,20131119,162000,29.6000,29.6300,29.5600,29.5700,33468,0
PWR.US,5,20131119,162500,29.5800,29.5800,29.5500,29.5800,7893,0
PWR.US,5,20131119,163000,29.5800,29.5800,29.4900,29.4900,18209,0
PWR.US,5,20131119,163500,29.4800,29.5000,29.4500,29.4700,14294,0
PWR.US,5,20131119,164000,29.4600,29.5500,29.4500,29.5100,69767,0
PWR.US,5,20131119,164500,29.5200,29.5300,29.5000,29.5000,12295,0
PWR.US,5,20131119,165000,29.5000,29.5400,29.4800,29.4800,14961,0
PWR.US,5,20131119,165500,29.4700,29.4700,29.4500,29.4600,14279,0
PWR.US,5,20131119,170000,29.4700,29.4800,29.4500,29.4600,25595,0
PWR.US,5,20131119,170500,29.4600,29.4600,29.3900,29.3900,14703,0
PWR.US,5,20131119,171000,29.3900,29.3900,29.3300,29.3500,49571,0
PWR.US,5,20131119,171500,29.3500,29.4100,29.3500,29.4100,17968,0
PWR.US,5,20131119,172000,29.4100,29.5100,29.4100,29.5000,19447,0
PWR.US,5,20131119,172500,29.5100,29.5100,29.4500,29.4500,13543,0
PWR.US,5,20131119,173000,29.4500,29.4800,29.4300,29.4800,6900,0
PWR.US,5,20131119,173500,29.4700,29.5100,29.4500,29.4900,38928,0
PWR.US,5,20131119,174000,29.4900,29.5100,29.4400,29.4700,29650,0
PWR.US,5,20131119,174500,29.4600,29.4600,29.4000,29.4200,7865,0
PWR.US,5,20131119,175000,29.4200,29.4400,29.3500,29.3700,33099,0
PWR.US,5,20131119,175500,29.3700,29.4100,29.3600,29.4100,16499,0
PWR.US,5,20131119,180000,29.4100,29.5100,29.4000,29.4700,31076,0
PWR.US,5,20131119,180500,29.4600,29.4800,29.4200,29.4500,32742,0
PWR.US,5,20131119,181000,29.4600,29.5000,29.4600,29.4900,11648,0
PWR.US,5,20131119,181500,29.5000,29.5000,29.4900,29.5000,8833,0
PWR.US,5,20131119,182000,29.5000,29.5100,29.5000,29.5000,2925,0
PWR.US,5,20131119,182500,29.4900,29.5100,29.4900,29.5100,10756,0
PWR.US,5,20131119,183000,29.5100,29.5200,29.4600,29.4700,23185,0
PWR.US,5,20131119,183500,29.4600,29.4900,29.4500,29.4900,10100,0
PWR.US,5,20131119,184000,29.4900,29.5000,29.4900,29.4900,3602,0
PWR.US,5,20131119,184500,29.4900,29.4900,29.4700,29.4800,6751,0
PWR.US,5,20131119,185000,29.4800,29.5000,29.4800,29.5000,5300,0
PWR.US,5,20131119,185500,29.5000,29.5000,29.4700,29.4800,10057,0
PWR.US,5,20131119,190000,29.4800,29.4800,29.4400,29.4400,10200,0
PWR.US,5,20131119,190500,29.4400,29.4600,29.4300,29.4600,6651,0
PWR.US,5,20131119,191000,29.4600,29.4600,29.4300,29.4400,8100,0
PWR.US,5,20131119,191500,29.4500,29.4600,29.4400,29.4400,6461,0
PWR.US,5,20131119,192000,29.4300,29.4600,29.4300,29.4600,4151,0
PWR.US,5,20131119,192500,29.4600,29.4600,29.4100,29.4300,12776,0
PWR.US,5,20131119,193000,29.4200,29.4200,29.3800,29.3800,19940,0
PWR.US,5,20131119,193500,29.3900,29.4000,29.3300,29.4000,19881,0
PWR.US,5,20131119,194000,29.4000,29.4100,29.3700,29.3700,11674,0
PWR.US,5,20131119,194500,29.3700,29.4100,29.3700,29.4100,9532,0
PWR.US,5,20131119,195000,29.4000,29.4100,29.3500,29.3600,13076,0
PWR.US,5,20131119,195500,29.3600,29.3900,29.3300,29.3900,12695,0
PWR.US,5,20131119,200000,29.3900,29.4100,29.3400,29.3500,15707,0
PWR.US,5,20131119,200500,29.3600,29.4200,29.3500,29.3900,11000,0
PWR.US,5,20131119,201000,29.3900,29.4200,29.3600,29.3700,13024,0
PWR.US,5,20131119,201500,29.3600,29.4100,29.3600,29.4000,11993,0
PWR.US,5,20131119,202000,29.3900,29.4200,29.3900,29.4000,15580,0
PWR.US,5,20131119,202500,29.3900,29.4000,29.3800,29.4000,10939,0
PWR.US,5,20131119,203000,29.3900,29.3900,29.3000,29.3200,21314,0
PWR.US,5,20131119,203500,29.3100,29.4000,29.3100,29.4000,18619,0
PWR.US,5,20131119,204000,29.3800,29.4500,29.3800,29.4500,11918,0
PWR.US,5,20131119,204500,29.4700,29.4800,29.4200,29.4300,11339,0
PWR.US,5,20131119,205000,29.4200,29.4500,29.4100,29.4100,42386,0
PWR.US,5,20131119,205500,29.4200,29.4200,29.3900,29.4100,6255,0
PWR.US,5,20131119,210000,29.4100,29.4500,29.4100,29.4500,7711,0
PWR.US,5,20131119,210500,29.4500,29.4500,29.4300,29.4300,16490,0
PWR.US,5,20131119,211000,29.4200,29.4500,29.4200,29.4500,15287,0
PWR.US,5,20131119,211500,29.4400,29.4500,29.4400,29.4500,6352,0
PWR.US,5,20131119,212000,29.4500,29.4500,29.4400,29.4500,14225,0
PWR.US,5,20131119,212500,29.4500,29.4500,29.4000,29.4000,22198,0
PWR.US,5,20131119,213000,29.4000,29.4100,29.3600,29.3700,37960,0
PWR.US,5,20131119,213500,29.3700,29.3900,29.3300,29.3300,22662,0
PWR.US,5,20131119,214000,29.3300,29.3700,29.3300,29.3600,28617,0
PWR.US,5,20131119,214500,29.3700,29.4000,29.3500,29.3800,42336,0
PWR.US,5,20131119,215000,29.3900,29.4200,29.3600,29.4200,60816,0
PWR.US,5,20131119,215500,29.4100,29.4600,29.4100,29.4400,79028,0
PWR.US,5,20131119,220000,29.4300,29.4700,29.4200,29.4500,113984,0
PWR.US,5,20131119,220500,29.4500,29.4600,29.4400,29.4600,40157,0
PWR.US,5,20131120,153500,29.5200,29.7200,29.5000,29.7200,12201,0
PWR.US,5,20131120,154000,29.7200,29.8000,29.7000,29.7100,9700,0
PWR.US,5,20131120,154500,29.7300,29.7400,29.7000,29.7000,7719,0
PWR.US,5,20131120,155000,29.7100,29.7100,29.6500,29.6700,29189,0
PWR.US,5,20131120,155500,29.6900,29.7000,29.6400,29.6400,16356,0
PWR.US,5,20131120,160000,29.6500,29.7000,29.6500,29.7000,21863,0
PWR.US,5,20131120,160500,29.7000,29.7000,29.6000,29.6400,10943,0
PWR.US,5,20131120,161000,29.6500,29.7000,29.6500,29.7000,7769,0
PWR.US,5,20131120,161500,29.7000,29.8000,29.6800,29.7400,46881,0
PWR.US,5,20131120,162000,29.7400,29.7400,29.7300,29.7400,15487,0
PWR.US,5,20131120,162500,29.7400,29.8600,29.7400,29.8200,17027,0
PWR.US,5,20131120,163000,29.8300,29.8600,29.7700,29.7900,17944,0
PWR.US,5,20131120,163500,29.7900,29.8400,29.7300,29.7300,14880,0
PWR.US,5,20131120,164000,29.7200,29.7200,29.6700,29.7000,6762,0
PWR.US,5,20131120,164500,29.6800,29.7000,29.6600,29.6900,4429,0
PWR.US,5,20131120,165000,29.7000,29.7100,29.6700,29.7000,14294,0
PWR.US,5,20131120,165500,29.7100,29.7100,29.6700,29.7000,10198,0
PWR.US,5,20131120,170000,29.6900,29.6900,29.6700,29.6700,2500,0
PWR.US,5,20131120,170500,29.6900,29.6900,29.6500,29.6500,2700,0
PWR.US,5,20131120,171000,29.6500,29.6800,29.6500,29.6800,12502,0
PWR.US,5,20131120,171500,29.6900,29.6900,29.6500,29.6600,3300,0
PWR.US,5,20131120,172000,29.6700,29.6700,29.6300,29.6400,5265,0
PWR.US,5,20131120,172500,29.6600,29.6600,29.6500,29.6500,3200,0
PWR.US,5,20131120,173000,29.6500,29.6700,29.6300,29.6500,29138,0
PWR.US,5,20131120,173500,29.6500,29.6500,29.6100,29.6200,8104,0
PWR.US,5,20131120,174000,29.6200,29.6300,29.6000,29.6000,13511,0
PWR.US,5,20131120,174500,29.6000,29.6200,29.5900,29.6000,18272,0
PWR.US,5,20131120,175000,29.6000,29.6300,29.6000,29.6100,9655,0
PWR.US,5,20131120,175500,29.6100,29.6200,29.6000,29.6100,5907,0
PWR.US,5,20131120,180000,29.6100,29.6200,29.6000,29.6100,4556,0
PWR.US,5,20131120,180500,29.6100,29.6400,29.6000,29.6000,18589,0
PWR.US,5,20131120,181000,29.5900,29.6100,29.5700,29.5800,25959,0
PWR.US,5,20131120,181500,29.5800,29.6000,29.5800,29.6000,19200,0
PWR.US,5,20131120,182000,29.6000,29.6000,29.6000,29.6000,4800,0
PWR.US,5,20131120,182500,29.6000,29.6100,29.5900,29.6100,600,0
PWR.US,5,20131120,183000,29.6000,29.6000,29.5600,29.5600,5296,0
PWR.US,5,20131120,183500,29.5700,29.5700,29.5100,29.5200,33659,0
PWR.US,5,20131120,184000,29.5100,29.5200,29.4900,29.5000,9709,0
PWR.US,5,20131120,184500,29.5000,29.5000,29.4400,29.4400,45129,0
PWR.US,5,20131120,185000,29.4500,29.4600,29.4300,29.4300,9040,0
PWR.US,5,20131120,185500,29.4400,29.4400,29.3900,29.4100,15161,0
PWR.US,5,20131120,190000,29.4100,29.4200,29.3900,29.3900,5891,0
PWR.US,5,20131120,190500,29.3900,29.4000,29.3500,29.3700,20919,0
PWR.US,5,20131120,191000,29.3700,29.3800,29.3400,29.3500,17004,0
PWR.US,5,20131120,191500,29.3400,29.3800,29.3300,29.3700,9644,0
PWR.US,5,20131120,192000,29.3800,29.3800,29.3800,29.3800,1600,0
PWR.US,5,20131120,192500,29.3900,29.3900,29.3800,29.3800,1536,0
PWR.US,5,20131120,193000,29.3800,29.4000,29.3800,29.4000,2630,0
PWR.US,5,20131120,193500,29.4000,29.4600,29.4000,29.4500,13348,0
PWR.US,5,20131120,194000,29.4500,29.4600,29.4500,29.4600,6300,0
PWR.US,5,20131120,194500,29.4500,29.4900,29.4500,29.4900,16400,0
PWR.US,5,20131120,195000,29.4900,29.5000,29.4800,29.4800,10382,0
PWR.US,5,20131120,195500,29.4800,29.4800,29.4700,29.4700,2785,0
PWR.US,5,20131120,200000,29.4800,29.4800,29.4700,29.4800,3115,0
PWR.US,5,20131120,200500,29.4700,29.4800,29.4000,29.4500,18949,0
PWR.US,5,20131120,201000,29.4500,29.4500,29.3900,29.3900,12344,0
PWR.US,5,20131120,201500,29.3800,29.3800,29.3200,29.3400,12426,0
PWR.US,5,20131120,202000,29.3300,29.4100,29.3300,29.4100,17600,0
PWR.US,5,20131120,202500,29.4000,29.4000,29.3400,29.3700,10942,0
PWR.US,5,20131120,203000,29.3800,29.3800,29.3500,29.3700,22730,0
PWR.US,5,20131120,203500,29.3700,29.3700,29.3200,29.3300,16062,0
PWR.US,5,20131120,204000,29.3300,29.3500,29.3000,29.3000,7656,0
PWR.US,5,20131120,204500,29.2900,29.2900,29.2500,29.2900,5916,0
PWR.US,5,20131120,205000,29.3000,29.3300,29.3000,29.3300,6833,0
PWR.US,5,20131120,205500,29.3400,29.3400,29.2700,29.2900,7717,0
PWR.US,5,20131120,210000,29.3000,29.3200,29.2900,29.3000,3413,0
PWR.US,5,20131120,210500,29.3000,29.3000,29.2300,29.2300,8147,0
PWR.US,5,20131120,211000,29.2200,29.2500,29.1600,29.1800,19977,0
PWR.US,5,20131120,211500,29.1800,29.2500,29.1700,29.2500,7967,0
PWR.US,5,20131120,212000,29.2500,29.2700,29.2400,29.2500,5622,0
PWR.US,5,20131120,212500,29.2500,29.3000,29.2400,29.2900,6586,0
PWR.US,5,20131120,213000,29.2900,29.3000,29.2700,29.2900,10167,0
PWR.US,5,20131120,213500,29.2900,29.2900,29.2500,29.2700,14687,0
PWR.US,5,20131120,214000,29.2600,29.3000,29.2500,29.3000,10462,0
PWR.US,5,20131120,214500,29.3000,29.3400,29.2900,29.2900,20205,0
PWR.US,5,20131120,215000,29.2800,29.3000,29.2400,29.3000,37104,0
PWR.US,5,20131120,215500,29.2900,29.3000,29.2400,29.2400,33002,0
PWR.US,5,20131120,220000,29.2500,29.2800,29.2400,29.2800,43710,0
PWR.US,5,20131120,220500,29.2700,29.2700,29.2700,29.2700,64842,0
PWR.US,5,20131121,153500,29.4200,29.4300,29.3100,29.3400,15120,0
PWR.US,5,20131121,154000,29.3400,29.4100,29.2800,29.3000,7400,0
PWR.US,5,20131121,154500,29.3000,29.3200,29.2700,29.2900,24601,0
PWR.US,5,20131121,155000,29.2800,29.2800,29.2300,29.2500,9770,0
PWR.US,5,20131121,155500,29.2500,29.2500,29.1800,29.2000,23703,0
PWR.US,5,20131121,160000,29.1900,29.2700,29.1200,29.2700,17009,0
PWR.US,5,20131121,160500,29.2800,29.4000,29.2600,29.3300,9522,0
PWR.US,5,20131121,161000,29.3600,29.4400,29.3600,29.4400,3768,0
PWR.US,5,20131121,161500,29.4200,29.4600,29.4000,29.4100,3201,0
PWR.US,5,20131121,162000,29.4200,29.4300,29.3700,29.3800,17602,0
PWR.US,5,20131121,162500,29.3900,29.4000,29.3200,29.3500,14659,0
PWR.US,5,20131121,163000,29.3500,29.3700,29.2700,29.2800,30098,0
PWR.US,5,20131121,163500,29.2800,29.3300,29.2800,29.2900,12800,0
PWR.US,5,20131121,164000,29.3000,29.3400,29.2900,29.3300,6002,0
PWR.US,5,20131121,164500,29.3400,29.4000,29.3400,29.3800,4109,0
PWR.US,5,20131121,165000,29.3800,29.4000,29.3700,29.3900,3682,0
PWR.US,5,20131121,165500,29.3800,29.4500,29.3800,29.4200,20359,0
PWR.US,5,20131121,170000,29.4000,29.4500,29.4000,29.4400,6852,0
PWR.US,5,20131121,170500,29.4500,29.4900,29.4500,29.4600,7211,0
PWR.US,5,20131121,171000,29.4600,29.4600,29.4100,29.4100,2100,0
PWR.US,5,20131121,171500,29.4100,29.4300,29.3800,29.4300,4100,0
PWR.US,5,20131121,172000,29.4300,29.4400,29.3700,29.3800,23407,0
PWR.US,5,20131121,172500,29.3800,29.4200,29.3700,29.4000,9229,0
PWR.US,5,20131121,173000,29.3900,29.4100,29.3900,29.4000,3186,0
PWR.US,5,20131121,173500,29.4100,29.4400,29.4000,29.4000,12866,0
PWR.US,5,20131121,174000,29.3800,29.3800,29.3500,29.3500,4509,0
PWR.US,5,20131121,174500,29.3500,29.4000,29.3000,29.3100,21135,0
PWR.US,5,20131121,175000,29.3100,29.3200,29.2900,29.3200,11090,0
PWR.US,5,20131121,175500,29.3200,29.3300,29.3100,29.3200,3320,0
PWR.US,5,20131121,180000,29.3300,29.3600,29.3300,29.3500,17034,0
PWR.US,5,20131121,180500,29.3400,29.3500,29.2900,29.2900,9962,0
PWR.US,5,20131121,181000,29.2700,29.3000,29.2600,29.2800,6115,0
PWR.US,5,20131121,181500,29.2800,29.2800,29.2300,29.2500,12700,0
PWR.US,5,20131121,182000,29.2500,29.2600,29.2200,29.2300,20980,0
PWR.US,5,20131121,182500,29.2400,29.2700,29.2400,29.2500,3180,0
PWR.US,5,20131121,183000,29.2500,29.2700,29.2400,29.2600,24685,0
PWR.US,5,20131121,183500,29.2600,29.2600,29.2300,29.2400,22388,0
PWR.US,5,20131121,184000,29.2400,29.2400,29.2100,29.2300,4110,0
PWR.US,5,20131121,184500,29.2300,29.2600,29.2300,29.2500,45445,0
PWR.US,5,20131121,185000,29.2500,29.2500,29.2300,29.2400,3339,0
PWR.US,5,20131121,185500,29.2400,29.2500,29.2200,29.2500,10999,0
PWR.US,5,20131121,190000,29.2500,29.2500,29.2100,29.2300,17310,0
PWR.US,5,20131121,190500,29.2400,29.2700,29.2400,29.2500,21502,0
PWR.US,5,20131121,191000,29.2500,29.2600,29.2300,29.2600,13890,0
PWR.US,5,20131121,191500,29.2500,29.2700,29.2500,29.2700,11403,0
PWR.US,5,20131121,192000,29.2600,29.3000,29.2600,29.3000,6300,0
PWR.US,5,20131121,192500,29.3000,29.3100,29.2800,29.2800,5646,0
PWR.US,5,20131121,193000,29.2800,29.2900,29.2500,29.2500,18500,0
PWR.US,5,20131121,193500,29.2600,29.2900,29.2500,29.2600,28485,0
PWR.US,5,20131121,194000,29.2600,29.2800,29.2500,29.2600,12894,0
PWR.US,5,20131121,194500,29.2600,29.3200,29.2600,29.3100,18096,0
PWR.US,5,20131121,195000,29.3300,29.3400,29.3000,29.3000,4900,0
PWR.US,5,20131121,195500,29.3000,29.3200,29.3000,29.3100,39846,0
PWR.US,5,20131121,200000,29.3000,29.3100,29.2800,29.2800,5057,0
PWR.US,5,20131121,200500,29.2900,29.3100,29.2800,29.3100,16314,0
PWR.US,5,20131121,201000,29.3100,29.3200,29.2900,29.2900,3407,0
PWR.US,5,20131121,201500,29.2900,29.3300,29.2900,29.3100,4850,0
PWR.US,5,20131121,202000,29.3200,29.3700,29.3200,29.3600,8868,0
PWR.US,5,20131121,202500,29.3500,29.3800,29.3500,29.3800,3675,0
PWR.US,5,20131121,203000,29.3700,29.3700,29.3500,29.3600,5701,0
PWR.US,5,20131121,203500,29.3600,29.3600,29.3400,29.3400,13024,0
PWR.US,5,20131121,204000,29.3400,29.3500,29.3400,29.3400,19712,0
PWR.US,5,20131121,204500,29.3400,29.4100,29.3400,29.4000,19194,0
PWR.US,5,20131121,205000,29.4000,29.4000,29.3500,29.3500,10039,0
PWR.US,5,20131121,205500,29.3600,29.3800,29.3600,29.3700,7382,0
PWR.US,5,20131121,210000,29.3800,29.3800,29.3800,29.3800,5860,0
PWR.US,5,20131121,210500,29.3700,29.3900,29.3700,29.3800,13539,0
PWR.US,5,20131121,211000,29.3900,29.4200,29.3800,29.3900,15034,0
PWR.US,5,20131121,211500,29.4000,29.4000,29.3900,29.4000,2895,0
PWR.US,5,20131121,212000,29.4000,29.4000,29.3700,29.3900,11394,0
PWR.US,5,20131121,212500,29.3900,29.4000,29.3900,29.4000,6718,0
PWR.US,5,20131121,213000,29.4000,29.4100,29.3900,29.4100,11888,0
PWR.US,5,20131121,213500,29.4000,29.4100,29.3900,29.4000,33129,0
PWR.US,5,20131121,214000,29.3900,29.4000,29.3800,29.3800,5727,0
PWR.US,5,20131121,214500,29.3800,29.3800,29.3500,29.3500,15445,0
PWR.US,5,20131121,215000,29.3500,29.3500,29.3200,29.3400,40085,0
PWR.US,5,20131121,215500,29.3300,29.3500,29.3100,29.3500,82741,0
PWR.US,5,20131121,220000,29.3500,29.3900,29.3400,29.3700,105689,0
PWR.US,5,20131121,220500,29.3600,29.3600,29.3600,29.3600,190122,0
PWR.US,5,20131122,153500,29.3200,29.4500,29.3200,29.4300,1100,0
PWR.US,5,20131122,154000,29.4100,29.4100,29.3100,29.3500,3854,0
PWR.US,5,20131122,154500,29.3100,29.3300,29.3000,29.3300,687,0
PWR.US,5,20131122,155000,29.3100,29.3400,29.2700,29.3300,8711,0
PWR.US,5,20131122,155500,29.3300,29.3500,29.3100,29.3500,2455,0
PWR.US,5,20131122,160000,29.3300,29.3600,29.3200,29.3500,18930,0
PWR.US,5,20131122,160500,29.3500,29.3500,29.2600,29.2700,6976,0
PWR.US,5,20131122,161000,29.2900,29.3000,29.2400,29.2400,21442,0
PWR.US,5,20131122,161500,29.2400,29.3300,29.2400,29.3000,10500,0
PWR.US,5,20131122,162000,29.2900,29.3500,29.2700,29.3500,17789,0
PWR.US,5,20131122,162500,29.3500,29.3500,29.2800,29.3100,23528,0
PWR.US,5,20131122,163000,29.3200,29.3400,29.2600,29.2700,21000,0
PWR.US,5,20131122,163500,29.2800,29.3200,29.2800,29.2800,8007,0
PWR.US,5,20131122,164000,29.3000,29.3100,29.2800,29.3000,15600,0
PWR.US,5,20131122,164500,29.3000,29.3000,29.2500,29.2600,12984,0
PWR.US,5,20131122,165000,29.2600,29.3000,29.2600,29.2700,19386,0
PWR.US,5,20131122,165500,29.2700,29.2900,29.2200,29.2800,42773,0
PWR.US,5,20131122,170000,29.2800,29.2900,29.2600,29.2700,4000,0
PWR.US,5,20131122,170500,29.2700,29.2900,29.2600,29.2800,19011,0
PWR.US,5,20131122,171000,29.2900,29.3000,29.2600,29.2700,3307,0
PWR.US,5,20131122,171500,29.2700,29.2700,29.2300,29.2600,11842,0
PWR.US,5,20131122,172000,29.2500,29.2700,29.2500,29.2600,5631,0
PWR.US,5,20131122,172500,29.2600,29.2700,29.2600,29.2700,13231,0
PWR.US,5,20131122,173000,29.2700,29.2700,29.2500,29.2700,18099,0
PWR.US,5,20131122,173500,29.2600,29.2700,29.2400,29.2600,4200,0
PWR.US,5,20131122,174000,29.2700,29.2700,29.2300,29.2300,800,0
PWR.US,5,20131122,174500,29.2300,29.2500,29.2200,29.2500,3350,0
PWR.US,5,20131122,175000,29.2500,29.2700,29.2400,29.2500,9000,0
PWR.US,5,20131122,175500,29.2700,29.2700,29.2500,29.2500,2375,0
PWR.US,5,20131122,180000,29.2700,29.2700,29.2600,29.2700,18200,0
PWR.US,5,20131122,180500,29.2700,29.2800,29.2600,29.2700,33622,0
PWR.US,5,20131122,181000,29.2600,29.2700,29.2500,29.2600,6004,0
PWR.US,5,20131122,181500,29.2700,29.2800,29.2500,29.2500,5600,0
PWR.US,5,20131122,182000,29.2500,29.2600,29.2400,29.2400,5687,0
PWR.US,5,20131122,182500,29.2500,29.2500,29.2400,29.2400,6000,0
PWR.US,5,20131122,183000,29.2400,29.2500,29.2200,29.2300,20416,0
PWR.US,5,20131122,183500,29.2400,29.2400,29.2100,29.2400,20404,0
PWR.US,5,20131122,184000,29.2400,29.2400,29.2300,29.2400,6118,0
PWR.US,5,20131122,184500,29.2400,29.2400,29.2400,29.2400,4400,0
PWR.US,5,20131122,185000,29.2400,29.2400,29.2300,29.2400,3300,0
PWR.US,5,20131122,185500,29.2400,29.2400,29.2400,29.2400,6391,0
PWR.US,5,20131122,190000,29.2400,29.2400,29.2300,29.2400,2816,0
PWR.US,5,20131122,190500,29.2400,29.2500,29.2300,29.2400,3600,0
PWR.US,5,20131122,191000,29.2400,29.2500,29.2300,29.2400,8700,0
PWR.US,5,20131122,191500,29.2400,29.2500,29.2300,29.2400,4100,0
PWR.US,5,20131122,192000,29.2400,29.2400,29.2400,29.2400,1685,0
PWR.US,5,20131122,192500,29.2300,29.2500,29.2300,29.2400,8500,0
PWR.US,5,20131122,193000,29.2400,29.2400,29.2300,29.2300,1800,0
PWR.US,5,20131122,193500,29.2300,29.2400,29.2100,29.2100,35269,0
PWR.US,5,20131122,194000,29.2100,29.2300,29.2100,29.2100,6016,0
PWR.US,5,20131122,194500,29.2100,29.2100,29.1400,29.1500,12905,0
PWR.US,5,20131122,195000,29.1500,29.1600,29.1400,29.1500,3601,0
PWR.US,5,20131122,195500,29.1500,29.1700,29.1500,29.1700,4900,0
PWR.US,5,20131122,200000,29.1800,29.1800,29.1700,29.1700,1600,0
PWR.US,5,20131122,200500,29.1700,29.1900,29.1600,29.1800,8111,0
PWR.US,5,20131122,201000,29.1900,29.1900,29.1600,29.1900,4914,0
PWR.US,5,20131122,201500,29.1900,29.2100,29.1900,29.1900,4555,0
PWR.US,5,20131122,202000,29.1900,29.2100,29.1900,29.2000,10560,0
PWR.US,5,20131122,202500,29.2100,29.2100,29.1800,29.1900,10382,0
PWR.US,5,20131122,203000,29.1800,29.2000,29.1800,29.2000,20406,0
PWR.US,5,20131122,203500,29.2000,29.2000,29.1900,29.1900,7195,0
PWR.US,5,20131122,204000,29.1800,29.2000,29.1800,29.1800,7956,0
PWR.US,5,20131122,204500,29.1900,29.1900,29.1700,29.1800,5666,0
PWR.US,5,20131122,205000,29.1700,29.1900,29.1700,29.1900,4139,0
PWR.US,5,20131122,205500,29.1900,29.1900,29.1700,29.1800,12869,0
PWR.US,5,20131122,210000,29.1700,29.1900,29.1700,29.1800,12360,0
PWR.US,5,20131122,210500,29.1800,29.2000,29.1700,29.2000,16324,0
PWR.US,5,20131122,211000,29.2000,29.2000,29.1700,29.1900,17147,0
PWR.US,5,20131122,211500,29.1900,29.1900,29.1500,29.1600,43518,0
PWR.US,5,20131122,212000,29.1500,29.1700,29.1400,29.1700,14897,0
PWR.US,5,20131122,212500,29.1700,29.1700,29.1400,29.1400,16802,0
PWR.US,5,20131122,213000,29.1300,29.1600,29.1100,29.1200,291027,0
PWR.US,5,20131122,213500,29.1200,29.1600,29.1000,29.1600,30032,0
PWR.US,5,20131122,214000,29.1600,29.1800,29.1400,29.1600,35373,0
PWR.US,5,20131122,214500,29.1600,29.1600,29.1300,29.1500,35603,0
PWR.US,5,20131122,215000,29.1500,29.1600,29.1200,29.1400,74312,0
PWR.US,5,20131122,215500,29.1400,29.1500,29.1200,29.1300,59460,0
PWR.US,5,20131122,220000,29.1300,29.1400,29.1000,29.1300,115332,0
PWR.US,5,20131122,220500,29.1200,29.1200,29.1200,29.1200,73988,0
PWR.US,5,20131125,153500,29.1200,29.2800,29.0500,29.2400,27241,0
PWR.US,5,20131125,154000,29.2400,29.2400,29.1200,29.1400,22885,0
PWR.US,5,20131125,154500,29.1400,29.2100,29.1400,29.2100,8140,0
PWR.US,5,20131125,155000,29.2300,29.2400,29.1300,29.1400,10778,0
PWR.US,5,20131125,155500,29.1500,29.1700,29.1300,29.1700,14050,0
PWR.US,5,20131125,160000,29.1700,29.2700,29.1600,29.2600,9966,0
PWR.US,5,20131125,160500,29.2600,29.2600,29.1700,29.1700,19665,0
PWR.US,5,20131125,161000,29.1600,29.2000,29.1500,29.1700,18613,0
PWR.US,5,20131125,161500,29.1700,29.1700,29.1100,29.1500,26387,0
PWR.US,5,20131125,162000,29.1500,29.1800,29.1000,29.1400,74275,0
PWR.US,5,20131125,162500,29.1400,29.2300,29.1300,29.2300,47609,0
PWR.US,5,20131125,163000,29.2300,29.2600,29.2300,29.2500,28352,0
PWR.US,5,20131125,163500,29.2400,29.2900,29.2400,29.2900,10237,0
PWR.US,5,20131125,164000,29.2900,29.3100,29.2500,29.2600,25577,0
PWR.US,5,20131125,164500,29.2600,29.2600,29.2300,29.2500,14061,0
PWR.US,5,20131125,165000,29.2500,29.2600,29.2200,29.2600,20677,0
PWR.US,5,20131125,165500,29.2700,29.2700,29.2200,29.2500,17559,0
PWR.US,5,20131125,170000,29.2400,29.2600,29.2300,29.2400,8502,0
PWR.US,5,20131125,170500,29.2500,29.2800,29.2500,29.2600,8712,0
PWR.US,5,20131125,171000,29.2600,29.3200,29.2600,29.3200,15343,0
PWR.US,5,20131125,171500,29.3200,29.3400,29.3000,29.3100,17436,0
PWR.US,5,20131125,172000,29.3200,29.3700,29.3200,29.3600,16292,0
PWR.US,5,20131125,172500,29.3600,29.4000,29.3600,29.3900,6402,0
PWR.US,5,20131125,173000,29.4000,29.4600,29.4000,29.4600,9305,0
PWR.US,5,20131125,173500,29.4500,29.4500,29.4100,29.4400,8387,0
PWR.US,5,20131125,174000,29.4400,29.4500,29.4300,29.4500,4500,0
PWR.US,5,20131125,174500,29.4400,29.4500,29.4300,29.4300,7920,0
PWR.US,5,20131125,175000,29.4300,29.4300,29.3900,29.4100,12276,0
PWR.US,5,20131125,175500,29.4100,29.4400,29.4100,29.4400,4800,0
PWR.US,5,20131125,180000,29.4400,29.4500,29.4200,29.4200,4743,0
PWR.US,5,20131125,180500,29.4400,29.4700,29.4200,29.4700,20507,0
PWR.US,5,20131125,181000,29.4600,29.4700,29.4600,29.4700,2280,0
PWR.US,5,20131125,181500,29.4700,29.4700,29.4500,29.4700,3800,0
PWR.US,5,20131125,182000,29.4800,29.5100,29.4700,29.5000,4333,0
PWR.US,5,20131125,182500,29.5000,29.5200,29.4800,29.5100,26768,0
PWR.US,5,20131125,183000,29.5100,29.5100,29.4500,29.4500,8896,0
PWR.US,5,20131125,183500,29.4400,29.4700,29.4100,29.4200,28744,0
PWR.US,5,20131125,184000,29.4100,29.4700,29.4100,29.4600,4301,0
PWR.US,5,20131125,184500,29.4600,29.4600,29.4300,29.4400,5571,0
PWR.US,5,20131125,185000,29.4300,29.4400,29.4300,29.4400,4100,0
PWR.US,5,20131125,185500,29.4500,29.4600,29.4400,29.4400,3383,0
PWR.US,5,20131125,190000,29.4500,29.4700,29.4500,29.4700,3600,0
PWR.US,5,20131125,190500,29.4600,29.4800,29.4400,29.4400,6083,0
PWR.US,5,20131125,191000,29.4400,29.4600,29.4300,29.4600,9413,0
PWR.US,5,20131125,191500,29.4600,29.4700,29.4600,29.4700,3276,0
PWR.US,5,20131125,192000,29.4700,29.4700,29.4600,29.4600,3566,0
PWR.US,5,20131125,192500,29.4600,29.4800,29.4500,29.4800,11275,0
PWR.US,5,20131125,193000,29.4700,29.4700,29.4400,29.4400,7952,0
PWR.US,5,20131125,193500,29.4500,29.4800,29.4500,29.4800,7045,0
PWR.US,5,20131125,194000,29.4700,29.4700,29.4600,29.4700,3710,0
PWR.US,5,20131125,194500,29.4700,29.5000,29.4700,29.4900,10116,0
PWR.US,5,20131125,195000,29.4900,29.5000,29.4700,29.4900,11035,0
PWR.US,5,20131125,195500,29.4900,29.4900,29.4800,29.4800,4100,0
PWR.US,5,20131125,200000,29.4700,29.4800,29.4700,29.4800,2200,0
PWR.US,5,20131125,200500,29.4800,29.4900,29.4800,29.4900,5843,0
PWR.US,5,20131125,201000,29.4900,29.4900,29.4800,29.4800,11300,0
PWR.US,5,20131125,201500,29.4800,29.5100,29.4800,29.5100,6502,0
PWR.US,5,20131125,202000,29.5100,29.5400,29.5100,29.5200,18538,0
PWR.US,5,20131125,202500,29.5300,29.5600,29.5300,29.5500,21600,0
PWR.US,5,20131125,203000,29.5400,29.5500,29.5400,29.5500,9729,0
PWR.US,5,20131125,203500,29.5600,29.5600,29.5500,29.5500,8539,0
PWR.US,5,20131125,204000,29.5500,29.5500,29.5300,29.5500,13708,0
PWR.US,5,20131125,204500,29.5500,29.5500,29.5400,29.5500,8150,0
PWR.US,5,20131125,205000,29.5400,29.5500,29.5300,29.5400,14733,0
PWR.US,5,20131125,205500,29.5400,29.5500,29.5300,29.5400,12051,0
PWR.US,5,20131125,210000,29.5500,29.5500,29.5400,29.5400,4100,0
PWR.US,5,20131125,210500,29.5400,29.5500,29.5200,29.5300,9400,0
PWR.US,5,20131125,211000,29.5200,29.5200,29.4700,29.4700,34206,0
PWR.US,5,20131125,211500,29.4700,29.4700,29.4600,29.4600,3400,0
PWR.US,5,20131125,212000,29.4600,29.4700,29.4200,29.4300,53006,0
PWR.US,5,20131125,212500,29.4300,29.4400,29.4100,29.4200,19765,0
PWR.US,5,20131125,213000,29.4100,29.4200,29.4000,29.4100,22551,0
PWR.US,5,20131125,213500,29.4200,29.4200,29.4000,29.4100,12526,0
PWR.US,5,20131125,214000,29.4100,29.4200,29.3700,29.3700,23186,0
PWR.US,5,20131125,214500,29.3800,29.4200,29.3700,29.4200,37814,0
PWR.US,5,20131125,215000,29.4200,29.4600,29.4200,29.4600,40777,0
PWR.US,5,20131125,215500,29.4600,29.4600,29.4100,29.4200,129236,0
PWR.US,5,20131125,220000,29.4200,29.4300,29.3700,29.4100,149569,0
PWR.US,5,20131125,220500,29.4000,29.4000,29.4000,29.4000,139004,0
PWR.US,5,20131126,153500,29.4100,29.5300,29.4100,29.4500,4700,0
PWR.US,5,20131126,154000,29.4800,29.4800,29.3500,29.3500,12900,0
PWR.US,5,20131126,154500,29.3200,29.4500,29.3200,29.4500,17430,0
PWR.US,5,20131126,155000,29.4600,29.4600,29.4300,29.4300,4505,0
PWR.US,5,20131126,155500,29.4600,29.5200,29.4200,29.4800,24107,0
PWR.US,5,20131126,160000,29.4600,29.5300,29.4600,29.4900,4520,0
PWR.US,5,20131126,160500,29.4900,29.5500,29.4900,29.5100,2764,0
PWR.US,5,20131126,161000,29.5100,29.6500,29.5000,29.6300,23279,0
PWR.US,5,20131126,161500,29.6200,29.6400,29.6000,29.6000,4900,0
PWR.US,5,20131126,162000,29.6100,29.6300,29.6000,29.6100,3901,0
PWR.US,5,20131126,162500,29.6300,29.6500,29.6300,29.6300,2800,0
PWR.US,5,20131126,163000,29.6300,29.6500,29.6300,29.6500,4000,0
PWR.US,5,20131126,163500,29.6500,29.6500,29.6200,29.6200,2400,0
PWR.US,5,20131126,164000,29.6200,29.6400,29.6200,29.6400,4400,0
PWR.US,5,20131126,164500,29.6400,29.6500,29.5900,29.5900,12007,0
PWR.US,5,20131126,165000,29.5900,29.6200,29.5900,29.6100,6600,0
PWR.US,5,20131126,165500,29.6100,29.6100,29.6100,29.6100,3308,0
PWR.US,5,20131126,170000,29.6000,29.6000,29.5500,29.5500,3900,0
PWR.US,5,20131126,170500,29.5500,29.5800,29.5400,29.5800,1500,0
PWR.US,5,20131126,171000,29.5800,29.5800,29.5400,29.5500,2987,0
PWR.US,5,20131126,171500,29.5500,29.5700,29.5500,29.5600,2200,0
PWR.US,5,20131126,172000,29.5700,29.5900,29.5300,29.5500,17990,0
PWR.US,5,20131126,172500,29.5600,29.6100,29.5600,29.6100,27967,0
PWR.US,5,20131126,173000,29.6100,29.6100,29.5600,29.5600,11494,0
PWR.US,5,20131126,173500,29.5500,29.5500,29.5300,29.5300,3722,0
PWR.US,5,20131126,174000,29.5300,29.5400,29.5200,29.5200,4300,0
PWR.US,5,20131126,174500,29.5300,29.5600,29.5300,29.5400,6300,0
PWR.US,5,20131126,175000,29.5400,29.5900,29.5400,29.5500,11766,0
PWR.US,5,20131126,175500,29.5500,29.5500,29.5300,29.5300,3338,0
PWR.US,5,20131126,180000,29.5400,29.5400,29.5400,29.5400,140,0
PWR.US,5,20131126,180500,29.5400,29.5600,29.5400,29.5500,4579,0
PWR.US,5,20131126,181000,29.5600,29.5700,29.5200,29.5300,3550,0
PWR.US,5,20131126,181500,29.5300,29.5600,29.5300,29.5600,1600,0
PWR.US,5,20131126,182000,29.5600,29.5900,29.5600,29.5700,3239,0
PWR.US,5,20131126,182500,29.5700,29.5900,29.5600,29.5800,2730,0
PWR.US,5,20131126,183000,29.5900,29.6000,29.5900,29.6000,1200,0
PWR.US,5,20131126,183500,29.5900,29.6000,29.5500,29.5700,32075,0
PWR.US,5,20131126,184000,29.5700,29.5800,29.5600,29.5800,1400,0
PWR.US,5,20131126,184500,29.5900,29.5900,29.5800,29.5800,3800,0
PWR.US,5,20131126,185000,29.5800,29.5900,29.5800,29.5900,6095,0
PWR.US,5,20131126,185500,29.6000,29.6000,29.5800,29.5800,1500,0
PWR.US,5,20131126,190000,29.5900,29.5900,29.5600,29.5600,4304,0
PWR.US,5,20131126,190500,29.5500,29.5600,29.5300,29.5600,4752,0
PWR.US,5,20131126,191000,29.5600,29.5600,29.5500,29.5500,200,0
PWR.US,5,20131126,191500,29.5600,29.5600,29.5600,29.5600,2611,0
PWR.US,5,20131126,192000,29.5500,29.5600,29.5400,29.5500,5400,0
PWR.US,5,20131126,192500,29.5400,29.5600,29.5400,29.5500,5257,0
PWR.US,5,20131126,193000,29.5600,29.5600,29.5300,29.5300,3300,0
PWR.US,5,20131126,193500,29.5300,29.5700,29.5300,29.5500,3955,0
PWR.US,5,20131126,194000,29.5600,29.5600,29.5400,29.5400,4600,0
PWR.US,5,20131126,194500,29.5500,29.5800,29.5500,29.5700,3600,0
PWR.US,5,20131126,195000,29.5600,29.5800,29.5600,29.5800,4765,0
PWR.US,5,20131126,195500,29.5800,29.5900,29.5700,29.5900,1694,0
PWR.US,5,20131126,200000,29.6000,29.6000,29.5900,29.6000,3972,0
PWR.US,5,20131126,200500,29.6000,29.6000,29.5800,29.5800,8219,0
PWR.US,5,20131126,201000,29.5800,29.5800,29.5700,29.5700,2938,0
PWR.US,5,20131126,201500,29.5700,29.5800,29.5700,29.5800,1075,0
PWR.US,5,20131126,202000,29.5700,29.5800,29.5600,29.5700,8303,0
PWR.US,5,20131126,202500,29.5700,29.5900,29.5700,29.5900,7323,0
PWR.US,5,20131126,203000,29.5800,29.5900,29.5700,29.5900,9033,0
PWR.US,5,20131126,203500,29.5900,29.6000,29.5900,29.5900,11115,0
PWR.US,5,20131126,204000,29.5800,29.5800,29.5500,29.5500,5322,0
PWR.US,5,20131126,204500,29.5500,29.5600,29.5400,29.5400,4242,0
PWR.US,5,20131126,205000,29.5300,29.5400,29.5300,29.5300,1100,0
PWR.US,5,20131126,205500,29.5300,29.5600,29.5300,29.5500,8827,0
PWR.US,5,20131126,210000,29.5500,29.5700,29.5400,29.5700,6185,0
PWR.US,5,20131126,210500,29.5600,29.5600,29.5300,29.5400,10780,0
PWR.US,5,20131126,211000,29.5400,29.5400,29.5300,29.5300,8873,0
PWR.US,5,20131126,211500,29.5500,29.5500,29.5400,29.5400,2534,0
PWR.US,5,20131126,212000,29.5400,29.5400,29.5100,29.5200,8522,0
PWR.US,5,20131126,212500,29.5200,29.5500,29.5100,29.5200,17343,0
PWR.US,5,20131126,213000,29.5200,29.5300,29.5200,29.5200,6642,0
PWR.US,5,20131126,213500,29.5100,29.5400,29.5100,29.5200,10269,0
PWR.US,5,20131126,214000,29.5200,29.5300,29.5200,29.5300,8852,0
PWR.US,5,20131126,214500,29.5300,29.5400,29.5300,29.5400,5592,0
PWR.US,5,20131126,215000,29.5300,29.5300,29.4500,29.4500,25430,0
PWR.US,5,20131126,215500,29.4500,29.4600,29.4300,29.4400,36398,0
PWR.US,5,20131126,220000,29.4500,29.4900,29.4400,29.4800,67764,0
PWR.US,5,20131126,220500,29.4900,29.4900,29.4900,29.4900,105707,0
PWR.US,5,20131127,153500,29.6300,29.6600,29.5800,29.6300,3900,0
PWR.US,5,20131127,154000,29.6300,29.7000,29.6300,29.6700,8212,0
PWR.US,5,20131127,154500,29.6600,29.7200,29.6300,29.7100,5700,0
PWR.US,5,20131127,155000,29.7200,29.7200,29.6900,29.7100,3572,0
PWR.US,5,20131127,155500,29.7400,29.7900,29.7300,29.7700,11100,0
PWR.US,5,20131127,160000,29.7700,29.8100,29.7000,29.7200,6751,0
PWR.US,5,20131127,160500,29.7200,29.7300,29.6600,29.7100,8701,0
PWR.US,5,20131127,161000,29.7100,29.7100,29.6900,29.7000,4269,0
PWR.US,5,20131127,161500,29.7000,29.7600,29.6900,29.7000,6900,0
PWR.US,5,20131127,162000,29.7000,29.7300,29.6900,29.7300,12993,0
PWR.US,5,20131127,162500,29.7300,29.7600,29.6500,29.7000,27496,0
PWR.US,5,20131127,163000,29.7000,29.7400,29.6900,29.7000,16437,0
PWR.US,5,20131127,163500,29.7000,29.7500,29.6700,29.7400,24999,0
PWR.US,5,20131127,164000,29.7400,29.7500,29.7300,29.7400,3764,0
PWR.US,5,20131127,164500,29.7500,29.7500,29.7300,29.7400,6452,0
PWR.US,5,20131127,165000,29.7300,29.7700,29.7200,29.7700,5000,0
PWR.US,5,20131127,165500,29.7700,29.7900,29.7600,29.7900,7293,0
PWR.US,5,20131127,170000,29.8100,29.8200,29.7700,29.8200,25687,0
PWR.US,5,20131127,170500,29.8200,29.8400,29.8100,29.8300,13832,0
PWR.US,5,20131127,171000,29.8300,29.8700,29.8300,29.8600,5020,0
PWR.US,5,20131127,171500,29.8500,29.8500,29.7600,29.7600,9828,0
PWR.US,5,20131127,172000,29.7700,29.7800,29.7600,29.7700,8186,0
PWR.US,5,20131127,172500,29.7600,29.7900,29.7600,29.7900,9459,0
PWR.US,5,20131127,173000,29.7900,29.8400,29.7800,29.8300,26500,0
PWR.US,5,20131127,173500,29.8400,29.8500,29.8100,29.8400,21660,0
PWR.US,5,20131127,174000,29.8400,29.8400,29.8200,29.8200,10234,0
PWR.US,5,20131127,174500,29.8100,29.8200,29.8000,29.8100,5607,0
PWR.US,5,20131127,175000,29.8200,29.8300,29.7800,29.7900,4500,0
PWR.US,5,20131127,175500,29.8000,29.8000,29.7700,29.7700,4105,0
PWR.US,5,20131127,180000,29.7800,29.7800,29.7500,29.7600,2570,0
PWR.US,5,20131127,180500,29.7600,29.7700,29.7300,29.7400,9629,0
PWR.US,5,20131127,181000,29.7400,29.7600,29.7300,29.7500,6900,0
PWR.US,5,20131127,181500,29.7600,29.7700,29.7600,29.7700,1901,0
PWR.US,5,20131127,182000,29.7600,29.7700,29.7500,29.7500,3300,0
PWR.US,5,20131127,182500,29.7500,29.7500,29.7200,29.7200,16171,0
PWR.US,5,20131127,183000,29.7200,29.7300,29.7100,29.7300,7300,0
PWR.US,5,20131127,183500,29.7300,29.7600,29.7300,29.7500,6760,0
PWR.US,5,20131127,184000,29.7500,29.7600,29.7400,29.7500,2805,0
PWR.US,5,20131127,184500,29.7600,29.7600,29.7500,29.7600,1006,0
PWR.US,5,20131127,185000,29.7500,29.7700,29.7500,29.7700,6517,0
PWR.US,5,20131127,185500,29.7700,29.7700,29.7300,29.7400,7405,0
PWR.US,5,20131127,190000,29.7500,29.7500,29.7100,29.7100,12861,0
PWR.US,5,20131127,190500,29.7100,29.7400,29.7100,29.7200,8584,0
PWR.US,5,20131127,191000,29.7200,29.7300,29.7200,29.7300,1200,0
PWR.US,5,20131127,191500,29.7200,29.7200,29.7100,29.7200,7214,0
PWR.US,5,20131127,192000,29.7100,29.7200,29.7000,29.7000,10900,0
PWR.US,5,20131127,192500,29.7000,29.7100,29.7000,29.7000,4147,0
PWR.US,5,20131127,193000,29.7000,29.7000,29.6900,29.6900,6845,0
PWR.US,5,20131127,193500,29.7000,29.7000,29.6800,29.6800,8700,0
PWR.US,5,20131127,194000,29.6800,29.7000,29.6800,29.7000,9005,0
PWR.US,5,20131127,194500,29.7100,29.7200,29.7000,29.7200,6896,0
PWR.US,5,20131127,195000,29.7200,29.7200,29.6700,29.7100,25028,0
PWR.US,5,20131127,195500,29.7100,29.7300,29.7100,29.7200,24706,0
PWR.US,5,20131127,200000,29.7200,29.7300,29.7000,29.7100,3400,0
PWR.US,5,20131127,200500,29.7100,29.7100,29.6800,29.6800,3851,0
PWR.US,5,20131127,201000,29.6800,29.6800,29.6500,29.6600,1300,0
PWR.US,5,20131127,201500,29.6600,29.6600,29.6300,29.6300,6313,0
PWR.US,5,20131127,202000,29.6300,29.6300,29.6200,29.6200,2175,0
PWR.US,5,20131127,202500,29.6200,29.6300,29.6200,29.6300,2317,0
PWR.US,5,20131127,203000,29.6200,29.6200,29.6100,29.6200,3100,0
PWR.US,5,20131127,203500,29.6100,29.6400,29.6100,29.6200,16590,0
PWR.US,5,20131127,204000,29.6300,29.6300,29.6100,29.6200,2600,0
PWR.US,5,20131127,204500,29.6100,29.6300,29.6000,29.6100,7737,0
PWR.US,5,20131127,205000,29.6200,29.6300,29.6200,29.6300,3100,0
PWR.US,5,20131127,205500,29.6300,29.6600,29.6300,29.6500,6072,0
PWR.US,5,20131127,210000,29.6600,29.6600,29.6500,29.6600,4570,0
PWR.US,5,20131127,210500,29.6500,29.6500,29.6100,29.6100,7003,0
PWR.US,5,20131127,211000,29.6200,29.6400,29.6200,29.6400,4893,0
PWR.US,5,20131127,211500,29.6400,29.6400,29.6200,29.6300,8096,0
PWR.US,5,20131127,212000,29.6300,29.6300,29.6000,29.6000,9554,0
PWR.US,5,20131127,212500,29.6100,29.6200,29.6000,29.6000,7793,0
PWR.US,5,20131127,213000,29.6100,29.6200,29.6000,29.6100,8636,0
PWR.US,5,20131127,213500,29.6100,29.6100,29.6000,29.6100,5585,0
PWR.US,5,20131127,214000,29.6100,29.6100,29.6000,29.6100,7600,0
PWR.US,5,20131127,214500,29.6100,29.6100,29.6000,29.6100,9463,0
PWR.US,5,20131127,215000,29.6100,29.6100,29.6000,29.6100,8300,0
PWR.US,5,20131127,215500,29.6100,29.6100,29.5800,29.6000,25580,0
PWR.US,5,20131127,220000,29.6100,29.6300,29.6000,29.6000,36276,0
PWR.US,5,20131127,220500,29.6200,29.6200,29.6200,29.6200,38265,0
PWR.US,5,20131129,153500,29.7100,29.7300,29.5300,29.5500,8340,0
PWR.US,5,20131129,154000,29.5500,29.7000,29.5500,29.6800,5650,0
PWR.US,5,20131129,154500,29.6900,29.6900,29.6100,29.6300,4870,0
PWR.US,5,20131129,155000,29.5700,29.6300,29.5100,29.6300,15801,0
PWR.US,5,20131129,155500,29.6400,29.6400,29.5500,29.5600,2600,0
PWR.US,5,20131129,160000,29.5600,29.5900,29.5200,29.5700,15432,0
PWR.US,5,20131129,160500,29.5700,29.5900,29.5400,29.5800,12236,0
PWR.US,5,20131129,161000,29.5700,29.5700,29.5300,29.5300,2965,0
PWR.US,5,20131129,161500,29.5300,29.5800,29.5300,29.5500,6380,0
PWR.US,5,20131129,162000,29.5300,29.6300,29.5300,29.6000,24566,0
PWR.US,5,20131129,162500,29.6200,29.6600,29.6000,29.6600,20246,0
PWR.US,5,20131129,163000,29.6600,29.6700,29.6600,29.6700,800,0
PWR.US,5,20131129,163500,29.6700,29.6800,29.6500,29.6600,6054,0
PWR.US,5,20131129,164000,29.6600,29.6700,29.6600,29.6600,3600,0
PWR.US,5,20131129,164500,29.6500,29.6600,29.6100,29.6100,5399,0
PWR.US,5,20131129,165000,29.6200,29.6800,29.6200,29.6800,9073,0
PWR.US,5,20131129,165500,29.6900,29.7200,29.6800,29.7100,2661,0
PWR.US,5,20131129,170000,29.7100,29.7200,29.6700,29.7000,12125,0
PWR.US,5,20131129,170500,29.7000,29.7400,29.6900,29.7400,13705,0
PWR.US,5,20131129,171000,29.7300,29.7400,29.7000,29.7000,6203,0
PWR.US,5,20131129,171500,29.7000,29.7400,29.7000,29.7000,9756,0
PWR.US,5,20131129,172000,29.7100,29.7500,29.7000,29.7400,11717,0
PWR.US,5,20131129,172500,29.7400,29.7400,29.7100,29.7100,4403,0
PWR.US,5,20131129,173000,29.7100,29.7100,29.6900,29.6900,4900,0
PWR.US,5,20131129,173500,29.6900,29.7100,29.6900,29.7100,10165,0
PWR.US,5,20131129,174000,29.7100,29.7100,29.6800,29.6800,47366,0
PWR.US,5,20131129,174500,29.6700,29.6700,29.6500,29.6600,12617,0
PWR.US,5,20131129,175000,29.6500,29.6900,29.6500,29.6900,17235,0
PWR.US,5,20131129,175500,29.6900,29.7000,29.6700,29.6700,12495,0
PWR.US,5,20131129,180000,29.6700,29.6900,29.6700,29.6900,14261,0
PWR.US,5,20131129,180500,29.6800,29.7000,29.6800,29.6900,16719,0
PWR.US,5,20131129,181000,29.6900,29.6900,29.6500,29.6500,6067,0
PWR.US,5,20131129,181500,29.6600,29.7000,29.6600,29.7000,38319,0
PWR.US,5,20131129,182000,29.6900,29.7000,29.6700,29.6900,20032,0
PWR.US,5,20131129,182500,29.6900,29.6900,29.6600,29.6600,10512,0
PWR.US,5,20131129,183000,29.6600,29.6800,29.6500,29.6700,8450,0
PWR.US,5,20131129,183500,29.6800,29.6900,29.6700,29.6700,4668,0
PWR.US,5,20131129,184000,29.6700,29.6700,29.6400,29.6500,7005,0
PWR.US,5,20131129,184500,29.6600,29.6600,29.6100,29.6200,11455,0
PWR.US,5,20131129,185000,29.6200,29.6400,29.5600,29.5700,18346,0
PWR.US,5,20131129,185500,29.5700,29.6300,29.5300,29.6300,23927,0
PWR.US,5,20131129,190000,29.6200,29.6300,29.5600,29.6000,42140,0
PWR.US,5,20131129,190500,29.6100,29.6100,29.6100,29.6100,87334,0
PWR.US,5,20131202,153500,29.6400,29.6400,29.5800,29.6200,1300,0
PWR.US,5,20131202,154000,29.5900,29.6000,29.4500,29.4600,6900,0
PWR.US,5,20131202,154500,29.4500,29.4600,29.3700,29.3800,5000,0
PWR.US,5,20131202,155000,29.3800,29.3800,29.2300,29.3300,18909,0
PWR.US,5,20131202,155500,29.3400,29.4300,29.3200,29.3600,9787,0
PWR.US,5,20131202,160000,29.3500,29.4600,29.3400,29.4500,17375,0
PWR.US,5,20131202,160500,29.4400,29.5100,29.3800,29.5000,17032,0
PWR.US,5,20131202,161000,29.4900,29.5600,29.4900,29.5500,9312,0
PWR.US,5,20131202,161500,29.5500,29.6200,29.5500,29.5600,11763,0
PWR.US,5,20131202,162000,29.5800,29.6300,29.5800,29.6100,13850,0
PWR.US,5,20131202,162500,29.6300,29.6500,29.5800,29.5800,7293,0
PWR.US,5,20131202,163000,29.5800,29.6000,29.5600,29.5800,6903,0
PWR.US,5,20131202,163500,29.5900,29.6200,29.5900,29.6200,3723,0
PWR.US,5,20131202,164000,29.6200,29.6200,29.6000,29.6100,3102,0
PWR.US,5,20131202,164500,29.6200,29.6400,29.5900,29.6000,14695,0
PWR.US,5,20131202,165000,29.6000,29.6300,29.5900,29.6100,5508,0
PWR.US,5,20131202,165500,29.6100,29.6800,29.6100,29.6800,7000,0
PWR.US,5,20131202,170000,29.6800,29.7100,29.6800,29.7000,4184,0
PWR.US,5,20131202,170500,29.6900,29.6900,29.6400,29.6400,7314,0
PWR.US,5,20131202,171000,29.6400,29.6500,29.6300,29.6300,7012,0
PWR.US,5,20131202,171500,29.6500,29.6600,29.6300,29.6600,15895,0
PWR.US,5,20131202,172000,29.6400,29.6800,29.6300,29.6700,18770,0
PWR.US,5,20131202,172500,29.6700,29.7000,29.6700,29.7000,7497,0
PWR.US,5,20131202,173000,29.7000,29.7300,29.6900,29.7100,19466,0
PWR.US,5,20131202,173500,29.6900,29.7300,29.6900,29.7300,5127,0
PWR.US,5,20131202,174000,29.7100,29.7300,29.7000,29.7200,3278,0
PWR.US,5,20131202,174500,29.7300,29.7500,29.6900,29.7000,15728,0
PWR.US,5,20131202,175000,29.7000,29.7200,29.6900,29.7000,6698,0
PWR.US,5,20131202,175500,29.6900,29.7000,29.6800,29.6900,5581,0
PWR.US,5,20131202,180000,29.6900,29.7300,29.6900,29.7200,3148,0
PWR.US,5,20131202,180500,29.7000,29.7000,29.6800,29.6900,913,0
PWR.US,5,20131202,181000,29.6800,29.7000,29.6700,29.6900,19646,0
PWR.US,5,20131202,181500,29.6900,29.7000,29.6900,29.6900,1450,0
PWR.US,5,20131202,182000,29.7000,29.7100,29.6800,29.6800,4800,0
PWR.US,5,20131202,182500,29.6900,29.7000,29.6900,29.7000,2710,0
PWR.US,5,20131202,183000,29.7100,29.7100,29.6900,29.7000,1687,0
PWR.US,5,20131202,183500,29.6900,29.7100,29.6900,29.6900,1400,0
PWR.US,5,20131202,184000,29.6800,29.6900,29.6400,29.6400,2970,0
PWR.US,5,20131202,184500,29.6500,29.6500,29.6400,29.6500,1400,0
PWR.US,5,20131202,185000,29.6500,29.6800,29.6300,29.6700,13222,0
PWR.US,5,20131202,185500,29.6600,29.6600,29.6400,29.6400,2225,0
PWR.US,5,20131202,190000,29.6400,29.6600,29.6400,29.6600,4655,0
PWR.US,5,20131202,190500,29.6600,29.6800,29.6400,29.6500,17850,0
PWR.US,5,20131202,191000,29.6600,29.6700,29.6600,29.6600,3890,0
PWR.US,5,20131202,191500,29.6500,29.6600,29.5900,29.5900,11446,0
PWR.US,5,20131202,192000,29.5900,29.6000,29.5500,29.5700,6681,0
PWR.US,5,20131202,192500,29.5600,29.6100,29.5600,29.5900,8012,0
PWR.US,5,20131202,193000,29.5800,29.5800,29.5400,29.5400,2855,0
PWR.US,5,20131202,193500,29.5400,29.5400,29.4900,29.4900,6194,0
PWR.US,5,20131202,194000,29.4900,29.4900,29.4700,29.4800,4500,0
PWR.US,5,20131202,194500,29.4800,29.4900,29.4800,29.4800,3470,0
PWR.US,5,20131202,195000,29.4700,29.5100,29.4600,29.5000,10863,0
PWR.US,5,20131202,195500,29.5000,29.5100,29.4900,29.5000,3151,0
PWR.US,5,20131202,200000,29.5100,29.5100,29.4900,29.5000,5180,0
PWR.US,5,20131202,200500,29.5100,29.5100,29.4900,29.5000,2718,0
PWR.US,5,20131202,201000,29.4900,29.4900,29.4700,29.4700,4909,0
PWR.US,5,20131202,201500,29.4600,29.4700,29.4400,29.4700,10467,0
PWR.US,5,20131202,202000,29.4700,29.4700,29.4600,29.4700,3914,0
PWR.US,5,20131202,202500,29.4500,29.4500,29.4100,29.4300,19003,0
PWR.US,5,20131202,203000,29.4400,29.4400,29.4100,29.4200,2700,0
PWR.US,5,20131202,203500,29.4300,29.4400,29.4200,29.4200,7362,0
PWR.US,5,20131202,204000,29.4200,29.4300,29.4000,29.4200,7415,0
PWR.US,5,20131202,204500,29.4200,29.4300,29.4000,29.4000,6700,0
PWR.US,5,20131202,205000,29.4000,29.4500,29.3800,29.4500,6889,0
PWR.US,5,20131202,205500,29.4400,29.4500,29.4200,29.4500,7195,0
PWR.US,5,20131202,210000,29.4500,29.4700,29.4400,29.4500,5791,0
PWR.US,5,20131202,210500,29.4500,29.4500,29.4200,29.4200,5600,0
PWR.US,5,20131202,211000,29.4200,29.4300,29.3900,29.3900,13802,0
PWR.US,5,20131202,211500,29.3900,29.4000,29.3800,29.3900,4899,0
PWR.US,5,20131202,212000,29.3800,29.4100,29.3800,29.4000,11915,0
PWR.US,5,20131202,212500,29.4000,29.4200,29.4000,29.4000,10927,0
PWR.US,5,20131202,213000,29.4100,29.4100,29.3200,29.3200,7522,0
PWR.US,5,20131202,213500,29.3200,29.3400,29.2900,29.3400,23320,0
PWR.US,5,20131202,214000,29.3400,29.3600,29.3400,29.3400,14795,0
PWR.US,5,20131202,214500,29.3400,29.3500,29.3300,29.3400,19478,0
PWR.US,5,20131202,215000,29.3400,29.3600,29.3300,29.3500,27181,0
PWR.US,5,20131202,215500,29.3500,29.3600,29.3100,29.3400,23005,0
PWR.US,5,20131202,220000,29.3400,29.3900,29.3300,29.3700,60408,0
PWR.US,5,20131202,220500,29.3700,29.3700,29.3700,29.3700,291072,0
PWR.US,5,20131203,153500,29.2200,29.2700,29.1700,29.2000,8769,0
PWR.US,5,20131203,154000,29.1900,29.2300,29.1700,29.1700,9047,0
PWR.US,5,20131203,154500,29.1700,29.1800,29.1400,29.1500,13283,0
PWR.US,5,20131203,155000,29.1600,29.1600,29.1300,29.1600,5430,0
PWR.US,5,20131203,155500,29.1600,29.2900,29.1600,29.2800,8607,0
PWR.US,5,20131203,160000,29.2800,29.3200,29.2700,29.3100,13426,0
PWR.US,5,20131203,160500,29.3200,29.3600,29.3200,29.3200,12740,0
PWR.US,5,20131203,161000,29.3300,29.3400,29.2900,29.3000,15879,0
PWR.US,5,20131203,161500,29.3000,29.3300,29.3000,29.3300,11296,0
PWR.US,5,20131203,162000,29.3200,29.3300,29.2800,29.3300,35260,0
PWR.US,5,20131203,162500,29.3300,29.3700,29.3300,29.3600,9039,0
PWR.US,5,20131203,163000,29.3500,29.3600,29.3200,29.3200,10061,0
PWR.US,5,20131203,163500,29.3200,29.3600,29.3200,29.3400,10364,0
PWR.US,5,20131203,164000,29.3400,29.3900,29.3300,29.3900,6885,0
PWR.US,5,20131203,164500,29.3900,29.4500,29.3900,29.4500,5423,0
PWR.US,5,20131203,165000,29.4500,29.4700,29.4400,29.4600,11510,0
PWR.US,5,20131203,165500,29.4500,29.4500,29.3900,29.4000,8300,0
PWR.US,5,20131203,170000,29.3900,29.4200,29.3900,29.4200,4285,0
PWR.US,5,20131203,170500,29.4200,29.4400,29.3700,29.3700,12210,0
PWR.US,5,20131203,171000,29.3700,29.4000,29.3600,29.3700,6996,0
PWR.US,5,20131203,171500,29.3800,29.4000,29.3800,29.4000,7100,0
PWR.US,5,20131203,172000,29.3900,29.3900,29.3400,29.3400,9953,0
PWR.US,5,20131203,172500,29.3300,29.3400,29.3200,29.3300,6700,0
PWR.US,5,20131203,173000,29.3300,29.3300,29.2900,29.3200,5457,0
PWR.US,5,20131203,173500,29.3100,29.4000,29.3100,29.3800,16692,0
PWR.US,5,20131203,174000,29.3900,29.4300,29.3800,29.4300,14541,0
PWR.US,5,20131203,174500,29.4200,29.4200,29.3800,29.4000,14598,0
PWR.US,5,20131203,175000,29.3900,29.3900,29.3300,29.3400,12933,0
PWR.US,5,20131203,175500,29.3400,29.3500,29.3100,29.3500,5678,0
PWR.US,5,20131203,180000,29.3400,29.3500,29.3300,29.3400,4765,0
PWR.US,5,20131203,180500,29.3300,29.3900,29.3300,29.3900,14602,0
PWR.US,5,20131203,181000,29.3900,29.4400,29.3900,29.4300,6233,0
PWR.US,5,20131203,181500,29.4200,29.4600,29.4200,29.4500,16272,0
PWR.US,5,20131203,182000,29.4500,29.4600,29.4300,29.4400,11457,0
PWR.US,5,20131203,182500,29.4300,29.4600,29.4300,29.4400,10200,0
PWR.US,5,20131203,183000,29.4400,29.4500,29.4100,29.4100,9119,0
PWR.US,5,20131203,183500,29.4200,29.4200,29.4000,29.4100,3169,0
PWR.US,5,20131203,184000,29.4000,29.4600,29.4000,29.4600,5604,0
PWR.US,5,20131203,184500,29.4600,29.4600,29.4400,29.4500,6022,0
PWR.US,5,20131203,185000,29.4500,29.4500,29.4300,29.4400,7860,0
PWR.US,5,20131203,185500,29.4500,29.4800,29.4500,29.4800,5383,0
PWR.US,5,20131203,190000,29.4800,29.4800,29.4600,29.4600,5353,0
PWR.US,5,20131203,190500,29.4700,29.4700,29.4300,29.4400,9245,0
PWR.US,5,20131203,191000,29.4400,29.4600,29.4300,29.4600,12516,0
PWR.US,5,20131203,191500,29.4600,29.4600,29.4500,29.4600,7379,0
PWR.US,5,20131203,192000,29.4500,29.4700,29.4500,29.4700,6888,0
PWR.US,5,20131203,192500,29.4700,29.4800,29.4400,29.4400,7855,0
PWR.US,5,20131203,193000,29.4400,29.4600,29.4300,29.4600,7221,0
PWR.US,5,20131203,193500,29.4600,29.4600,29.4400,29.4400,4100,0
PWR.US,5,20131203,194000,29.4400,29.4500,29.4400,29.4400,9963,0
PWR.US,5,20131203,194500,29.4400,29.4500,29.4300,29.4300,8169,0
PWR.US,5,20131203,195000,29.4300,29.4500,29.4300,29.4400,9633,0
PWR.US,5,20131203,195500,29.4400,29.4400,29.4100,29.4200,2900,0
PWR.US,5,20131203,200000,29.4200,29.4200,29.4000,29.4100,6184,0
PWR.US,5,20131203,200500,29.4000,29.4000,29.3500,29.3500,3905,0
PWR.US,5,20131203,201000,29.3600,29.3700,29.3400,29.3500,11563,0
PWR.US,5,20131203,201500,29.3600,29.3900,29.3500,29.3900,6894,0
PWR.US,5,20131203,202000,29.3900,29.4000,29.3400,29.3500,10575,0
PWR.US,5,20131203,202500,29.3500,29.4100,29.3500,29.4000,10502,0
PWR.US,5,20131203,203000,29.3900,29.3900,29.3700,29.3800,5538,0
PWR.US,5,20131203,203500,29.3800,29.4500,29.3800,29.4300,8986,0
PWR.US,5,20131203,204000,29.4400,29.4500,29.4200,29.4500,24708,0
PWR.US,5,20131203,204500,29.4400,29.4400,29.4100,29.4100,9000,0
PWR.US,5,20131203,205000,29.4000,29.4200,29.4000,29.4200,9000,0
PWR.US,5,20131203,205500,29.4200,29.4300,29.4100,29.4300,12970,0
PWR.US,5,20131203,210000,29.4200,29.4400,29.4000,29.4400,26580,0
PWR.US,5,20131203,210500,29.4400,29.4400,29.4200,29.4300,13130,0
PWR.US,5,20131203,211000,29.4300,29.4300,29.4000,29.4100,10609,0
PWR.US,5,20131203,211500,29.4100,29.4100,29.3900,29.4000,7658,0
PWR.US,5,20131203,212000,29.3900,29.4000,29.3900,29.4000,9718,0
PWR.US,5,20131203,212500,29.4000,29.4000,29.3300,29.3300,34961,0
PWR.US,5,20131203,213000,29.3300,29.3600,29.3300,29.3600,12423,0
PWR.US,5,20131203,213500,29.3500,29.4000,29.3300,29.4000,26632,0
PWR.US,5,20131203,214000,29.4000,29.4100,29.3900,29.3900,11470,0
PWR.US,5,20131203,214500,29.3900,29.4100,29.3700,29.4100,18256,0
PWR.US,5,20131203,215000,29.4100,29.4600,29.4000,29.4600,37666,0
PWR.US,5,20131203,215500,29.4600,29.4700,29.4300,29.4600,31299,0
PWR.US,5,20131203,220000,29.4600,29.4900,29.4600,29.4700,57373,0
PWR.US,5,20131203,220500,29.4900,29.4900,29.4900,29.4900,85686,0
PWR.US,5,20131204,153500,29.3100,29.3600,29.2800,29.3300,6842,0
PWR.US,5,20131204,154000,29.3300,29.3800,29.3100,29.3700,13888,0
PWR.US,5,20131204,154500,29.3800,29.4400,29.3400,29.3400,9400,0
PWR.US,5,20131204,155000,29.3500,29.3700,29.3300,29.3400,12487,0
PWR.US,5,20131204,155500,29.3300,29.3400,29.2300,29.2400,19297,0
PWR.US,5,20131204,160000,29.2400,29.2500,29.2300,29.2400,2400,0
PWR.US,5,20131204,160500,29.2400,29.3800,29.2100,29.3800,26777,0
PWR.US,5,20131204,161000,29.3900,29.5200,29.3800,29.4600,87896,0
PWR.US,5,20131204,161500,29.4600,29.5500,29.4600,29.5500,16308,0
PWR.US,5,20131204,162000,29.5600,29.6000,29.5600,29.5900,12500,0
PWR.US,5,20131204,162500,29.5900,29.6300,29.5800,29.5800,17120,0
PWR.US,5,20131204,163000,29.5800,29.5900,29.4900,29.5200,32658,0
PWR.US,5,20131204,163500,29.5200,29.5900,29.5000,29.5100,15100,0
PWR.US,5,20131204,164000,29.5100,29.5500,29.5000,29.5000,47195,0
PWR.US,5,20131204,164500,29.4900,29.5800,29.4900,29.5200,12359,0
PWR.US,5,20131204,165000,29.5100,29.5200,29.4700,29.5200,8200,0
PWR.US,5,20131204,165500,29.5400,29.5400,29.5100,29.5300,7578,0
PWR.US,5,20131204,170000,29.5300,29.5400,29.5100,29.5200,8293,0
PWR.US,5,20131204,170500,29.5300,29.5600,29.5100,29.5600,23915,0
PWR.US,5,20131204,171000,29.5600,29.6000,29.5500,29.5600,8200,0
PWR.US,5,20131204,171500,29.5700,29.5700,29.5400,29.5400,4606,0
PWR.US,5,20131204,172000,29.5400,29.5400,29.4800,29.4800,12500,0
PWR.US,5,20131204,172500,29.4900,29.5200,29.4900,29.4900,8100,0
PWR.US,5,20131204,173000,29.5000,29.5000,29.4500,29.4900,28235,0
PWR.US,5,20131204,173500,29.5000,29.5100,29.4700,29.5100,6091,0
PWR.US,5,20131204,174000,29.5000,29.5200,29.4900,29.4900,5799,0
PWR.US,5,20131204,174500,29.4800,29.5200,29.4700,29.5200,4400,0
PWR.US,5,20131204,175000,29.5200,29.5300,29.4900,29.4900,8900,0
PWR.US,5,20131204,175500,29.4800,29.4900,29.4700,29.4900,3200,0
PWR.US,5,20131204,180000,29.4900,29.5000,29.4900,29.5000,1000,0
PWR.US,5,20131204,180500,29.4900,29.5000,29.3800,29.4400,24499,0
PWR.US,5,20131204,181000,29.4400,29.4500,29.4300,29.4500,3360,0
PWR.US,5,20131204,181500,29.4500,29.4600,29.3900,29.3900,10200,0
PWR.US,5,20131204,182000,29.3900,29.3900,29.3700,29.3700,7081,0
PWR.US,5,20131204,182500,29.3600,29.3800,29.3600,29.3600,6900,0
PWR.US,5,20131204,183000,29.3600,29.3600,29.3300,29.3500,6252,0
PWR.US,5,20131204,183500,29.3600,29.4000,29.3500,29.4000,5100,0
PWR.US,5,20131204,184000,29.4000,29.4100,29.3600,29.3900,9743,0
PWR.US,5,20131204,184500,29.3800,29.4000,29.3700,29.4000,16245,0
PWR.US,5,20131204,185000,29.4000,29.4200,29.3500,29.3500,8148,0
PWR.US,5,20131204,185500,29.3500,29.3700,29.3500,29.3600,1946,0
PWR.US,5,20131204,190000,29.3600,29.3700,29.3600,29.3600,4800,0
PWR.US,5,20131204,190500,29.3500,29.3600,29.3300,29.3500,12200,0
PWR.US,5,20131204,191000,29.3500,29.3600,29.3100,29.3200,12290,0
PWR.US,5,20131204,191500,29.3200,29.3200,29.2700,29.2800,6700,0
PWR.US,5,20131204,192000,29.2700,29.2700,29.2300,29.2400,12039,0
PWR.US,5,20131204,192500,29.2400,29.2500,29.1600,29.1900,16938,0
PWR.US,5,20131204,193000,29.1900,29.2100,29.1700,29.1900,17141,0
PWR.US,5,20131204,193500,29.1700,29.1700,29.0900,29.1700,19204,0
PWR.US,5,20131204,194000,29.1600,29.1900,29.1600,29.1900,6267,0
PWR.US,5,20131204,194500,29.1900,29.2000,29.1400,29.1400,4779,0
PWR.US,5,20131204,195000,29.1500,29.2000,29.1500,29.1800,11400,0
PWR.US,5,20131204,195500,29.1700,29.2200,29.1600,29.2200,8100,0
PWR.US,5,20131204,200000,29.2300,29.2300,29.1900,29.2000,4700,0
PWR.US,5,20131204,200500,29.2000,29.2400,29.2000,29.2400,4800,0
PWR.US,5,20131204,201000,29.2300,29.2400,29.2200,29.2200,9100,0
PWR.US,5,20131204,201500,29.2200,29.3400,29.2200,29.3300,14342,0
PWR.US,5,20131204,202000,29.3200,29.3500,29.3000,29.3400,11190,0
PWR.US,5,20131204,202500,29.3300,29.3400,29.2800,29.2900,9799,0
PWR.US,5,20131204,203000,29.2800,29.3200,29.2700,29.2700,7478,0
PWR.US,5,20131204,203500,29.2800,29.3100,29.2700,29.3000,8216,0
PWR.US,5,20131204,204000,29.3000,29.3300,29.2900,29.3100,6688,0
PWR.US,5,20131204,204500,29.3000,29.3200,29.3000,29.3200,4200,0
PWR.US,5,20131204,205000,29.3200,29.3300,29.3100,29.3100,10370,0
PWR.US,5,20131204,205500,29.3200,29.3300,29.3200,29.3200,3800,0
PWR.US,5,20131204,210000,29.3200,29.3200,29.2800,29.3000,13612,0
PWR.US,5,20131204,210500,29.3000,29.3200,29.2800,29.2800,18603,0
PWR.US,5,20131204,211000,29.2900,29.3100,29.2800,29.3100,12358,0
PWR.US,5,20131204,211500,29.3000,29.3100,29.3000,29.3100,7619,0
PWR.US,5,20131204,212000,29.3100,29.3900,29.3100,29.3900,17058,0
PWR.US,5,20131204,212500,29.3900,29.3900,29.3500,29.3500,10962,0
PWR.US,5,20131204,213000,29.3600,29.3900,29.3500,29.3900,10499,0
PWR.US,5,20131204,213500,29.3900,29.4200,29.3300,29.4000,34055,0
PWR.US,5,20131204,214000,29.4100,29.4300,29.4000,29.4000,12503,0
PWR.US,5,20131204,214500,29.4100,29.4400,29.4000,29.4200,18253,0
PWR.US,5,20131204,215000,29.4200,29.4400,29.3900,29.3900,16488,0
PWR.US,5,20131204,215500,29.3900,29.4000,29.3700,29.3700,17600,0
PWR.US,5,20131204,220000,29.3700,29.3800,29.3500,29.3600,38872,0
PWR.US,5,20131204,220500,29.3600,29.3600,29.3600,29.3600,40434,0
PWR.US,5,20131205,153500,29.4100,29.4100,29.2300,29.2400,2800,0
PWR.US,5,20131205,154000,29.2400,29.4000,29.2400,29.3600,7200,0
PWR.US,5,20131205,154500,29.3700,29.3700,29.2300,29.2900,8554,0
PWR.US,5,20131205,155000,29.2800,29.3300,29.2800,29.2900,8469,0
PWR.US,5,20131205,155500,29.2800,29.3400,29.2700,29.3100,8317,0
PWR.US,5,20131205,160000,29.3300,29.3500,29.3000,29.3500,8000,0
PWR.US,5,20131205,160500,29.3400,29.4000,29.3400,29.3700,9231,0
PWR.US,5,20131205,161000,29.3700,29.4100,29.3600,29.3600,8691,0
PWR.US,5,20131205,161500,29.3700,29.3900,29.3600,29.3600,7715,0
PWR.US,5,20131205,162000,29.3700,29.3700,29.3400,29.3600,9030,0
PWR.US,5,20131205,162500,29.3700,29.3700,29.3200,29.3200,9907,0
PWR.US,5,20131205,163000,29.3100,29.3600,29.2700,29.3500,14589,0
PWR.US,5,20131205,163500,29.3500,29.4000,29.3300,29.3300,17743,0
PWR.US,5,20131205,164000,29.3200,29.3300,29.2900,29.3200,10320,0
PWR.US,5,20131205,164500,29.3300,29.3400,29.2400,29.2400,9499,0
PWR.US,5,20131205,165000,29.2300,29.2600,29.2200,29.2600,10419,0
PWR.US,5,20131205,165500,29.2700,29.2900,29.2400,29.2700,13504,0
PWR.US,5,20131205,170000,29.2900,29.2900,29.2500,29.2500,4304,0
PWR.US,5,20131205,170500,29.2500,29.3000,29.2300,29.3000,5978,0
PWR.US,5,20131205,171000,29.3000,29.3200,29.2800,29.2800,4650,0
PWR.US,5,20131205,171500,29.2900,29.3100,29.2800,29.2900,21408,0
PWR.US,5,20131205,172000,29.2900,29.3100,29.2800,29.3000,15684,0
PWR.US,5,20131205,172500,29.2900,29.3100,29.2800,29.3000,9222,0
PWR.US,5,20131205,173000,29.3000,29.3000,29.2800,29.2900,5569,0
PWR.US,5,20131205,173500,29.2800,29.3000,29.2800,29.2900,2568,0
PWR.US,5,20131205,174000,29.2900,29.3000,29.2700,29.3000,8523,0
PWR.US,5,20131205,174500,29.3000,29.3000,29.2700,29.2900,5895,0
PWR.US,5,20131205,175000,29.3000,29.3100,29.3000,29.3100,5300,0
PWR.US,5,20131205,175500,29.3100,29.4100,29.3100,29.3800,21900,0
PWR.US,5,20131205,180000,29.3700,29.3700,29.3300,29.3400,8500,0
PWR.US,5,20131205,180500,29.3400,29.3900,29.3300,29.3900,16860,0
PWR.US,5,20131205,181000,29.3900,29.4100,29.3800,29.4000,5564,0
PWR.US,5,20131205,181500,29.4100,29.4300,29.4100,29.4300,5400,0
PWR.US,5,20131205,182000,29.4200,29.4200,29.4000,29.4000,2800,0
PWR.US,5,20131205,182500,29.4000,29.4100,29.4000,29.4100,4800,0
PWR.US,5,20131205,183000,29.4100,29.4100,29.3900,29.4000,10457,0
PWR.US,5,20131205,183500,29.4000,29.4000,29.3400,29.3400,10675,0
PWR.US,5,20131205,184000,29.3400,29.3400,29.3200,29.3400,10713,0
PWR.US,5,20131205,184500,29.3300,29.3600,29.3300,29.3500,7560,0
PWR.US,5,20131205,185000,29.3400,29.3500,29.3300,29.3300,2800,0
PWR.US,5,20131205,185500,29.3300,29.3400,29.3300,29.3300,800,0
PWR.US,5,20131205,190000,29.3400,29.3400,29.3200,29.3200,9000,0
PWR.US,5,20131205,190500,29.3300,29.3300,29.3000,29.3100,8563,0
PWR.US,5,20131205,191000,29.3100,29.3200,29.3000,29.3200,7612,0
PWR.US,5,20131205,191500,29.3200,29.3200,29.3100,29.3200,2800,0
PWR.US,5,20131205,192000,29.3100,29.3200,29.2600,29.2600,7206,0
PWR.US,5,20131205,192500,29.2600,29.2700,29.2500,29.2600,9866,0
PWR.US,5,20131205,193000,29.2700,29.2700,29.2200,29.2400,9013,0
PWR.US,5,20131205,193500,29.2300,29.2300,29.2000,29.2100,6600,0
PWR.US,5,20131205,194000,29.2100,29.2300,29.2000,29.2300,7800,0
PWR.US,5,20131205,194500,29.2300,29.2300,29.1800,29.1900,6212,0
PWR.US,5,20131205,195000,29.1900,29.2000,29.1800,29.1900,4597,0
PWR.US,5,20131205,195500,29.1900,29.2100,29.1800,29.2000,8816,0
PWR.US,5,20131205,200000,29.2100,29.2200,29.1700,29.1700,15740,0
PWR.US,5,20131205,200500,29.1800,29.2000,29.1800,29.2000,13564,0
PWR.US,5,20131205,201000,29.2000,29.2000,29.1800,29.1800,13225,0
PWR.US,5,20131205,201500,29.1700,29.1800,29.1400,29.1400,13310,0
PWR.US,5,20131205,202000,29.1400,29.1400,29.1300,29.1400,18937,0
PWR.US,5,20131205,202500,29.1400,29.1600,29.1300,29.1500,17353,0
PWR.US,5,20131205,203000,29.1400,29.1600,29.1200,29.1600,10546,0
PWR.US,5,20131205,203500,29.1700,29.1800,29.1500,29.1500,5077,0
PWR.US,5,20131205,204000,29.1500,29.1800,29.1500,29.1800,12685,0
PWR.US,5,20131205,204500,29.1700,29.1800,29.1600,29.1700,10978,0
PWR.US,5,20131205,205000,29.1600,29.1700,29.1400,29.1400,12800,0
PWR.US,5,20131205,205500,29.1400,29.1500,29.1100,29.1100,14543,0
PWR.US,5,20131205,210000,29.1100,29.1100,29.0800,29.0900,11400,0
PWR.US,5,20131205,210500,29.0800,29.1000,29.0700,29.1000,33931,0
PWR.US,5,20131205,211000,29.1000,29.1000,29.0700,29.0800,8675,0
PWR.US,5,20131205,211500,29.0900,29.0900,29.0600,29.0900,18837,0
PWR.US,5,20131205,212000,29.0800,29.1000,29.0800,29.0900,11770,0
PWR.US,5,20131205,212500,29.0900,29.1100,29.0700,29.1100,12031,0
PWR.US,5,20131205,213000,29.1100,29.1400,29.1000,29.1200,11600,0
PWR.US,5,20131205,213500,29.1200,29.1800,29.1100,29.1700,22854,0
PWR.US,5,20131205,214000,29.1700,29.1900,29.1700,29.1900,15655,0
PWR.US,5,20131205,214500,29.1900,29.1900,29.1600,29.1600,13925,0
PWR.US,5,20131205,215000,29.1500,29.1500,29.1000,29.1100,27339,0
PWR.US,5,20131205,215500,29.1000,29.1500,29.1000,29.1500,44804,0
PWR.US,5,20131205,220000,29.1400,29.1500,29.0900,29.1200,64340,0
PWR.US,5,20131205,220500,29.1200,29.1200,29.1200,29.1200,137103,0
PWR.US,5,20131206,153500,30.0300,31.0000,30.0000,30.3500,46736,0
PWR.US,5,20131206,154000,30.3300,30.3500,29.9500,30.0000,30132,0
PWR.US,5,20131206,154500,30.0100,30.0800,29.7200,29.7200,88423,0
PWR.US,5,20131206,155000,29.7300,29.8700,29.7200,29.8700,60738,0
PWR.US,5,20131206,155500,29.8600,30.0400,29.8300,30.0200,54564,0
PWR.US,5,20131206,160000,30.0200,30.0700,29.9500,29.9900,94631,0
PWR.US,5,20131206,160500,29.9900,30.1300,29.9900,30.0900,47817,0
PWR.US,5,20131206,161000,30.0700,30.2900,30.0700,30.2700,78027,0
PWR.US,5,20131206,161500,30.2600,30.2700,30.1700,30.2200,39466,0
PWR.US,5,20131206,162000,30.2200,30.3300,30.2000,30.2400,68089,0
PWR.US,5,20131206,162500,30.2300,30.3300,30.2200,30.2800,57411,0
PWR.US,5,20131206,163000,30.2800,30.2900,30.1900,30.1900,16897,0
PWR.US,5,20131206,163500,30.1900,30.2200,30.1500,30.1800,8824,0
PWR.US,5,20131206,164000,30.1800,30.2000,30.0400,30.0400,119508,0
PWR.US,5,20131206,164500,30.0500,30.0500,29.9700,30.0400,37970,0
PWR.US,5,20131206,165000,30.0400,30.1300,30.0200,30.0200,22815,0
PWR.US,5,20131206,165500,30.0100,30.0200,29.9100,29.9100,21368,0
PWR.US,5,20131206,170000,29.9100,29.9700,29.9000,29.9000,10502,0
PWR.US,5,20131206,170500,29.9100,29.9400,29.8600,29.9200,33443,0
PWR.US,5,20131206,171000,29.9300,29.9400,29.9200,29.9400,6399,0
PWR.US,5,20131206,171500,29.9300,29.9300,29.8500,29.8600,19424,0
PWR.US,5,20131206,172000,29.8800,29.9000,29.7400,29.7400,39926,0
PWR.US,5,20131206,172500,29.7500,29.7600,29.7400,29.7600,14773,0
PWR.US,5,20131206,173000,29.7500,29.8400,29.7500,29.8400,23172,0
PWR.US,5,20131206,173500,29.8400,29.9500,29.8400,29.9300,20167,0
PWR.US,5,20131206,174000,29.9400,29.9400,29.8600,29.8900,33188,0
PWR.US,5,20131206,174500,29.9000,29.9000,29.7900,29.8200,37135,0
PWR.US,5,20131206,175000,29.8300,29.8500,29.8300,29.8400,7171,0
PWR.US,5,20131206,175500,29.8500,29.8800,29.7600,29.7900,35912,0
PWR.US,5,20131206,180000,29.8000,29.8400,29.7900,29.8400,8300,0
PWR.US,5,20131206,180500,29.8400,29.8400,29.8000,29.8200,4844,0
PWR.US,5,20131206,181000,29.8200,29.8200,29.7400,29.7500,15397,0
PWR.US,5,20131206,181500,29.7500,29.7500,29.7300,29.7300,7462,0
PWR.US,5,20131206,182000,29.7200,29.7200,29.6600,29.6600,23724,0
PWR.US,5,20131206,182500,29.6600,29.6700,29.6400,29.6400,14213,0
PWR.US,5,20131206,183000,29.6300,29.7500,29.6300,29.7400,15026,0
PWR.US,5,20131206,183500,29.7400,29.7700,29.7300,29.7400,6100,0
PWR.US,5,20131206,184000,29.7500,29.7800,29.7400,29.7800,7850,0
PWR.US,5,20131206,184500,29.7800,29.8000,29.7800,29.8000,5707,0
PWR.US,5,20131206,185000,29.8000,29.8000,29.7700,29.7700,7585,0
PWR.US,5,20131206,185500,29.7800,29.7900,29.7700,29.7800,3100,0
PWR.US,5,20131206,190000,29.7900,29.7900,29.7600,29.7700,14382,0
PWR.US,5,20131206,190500,29.7700,29.7800,29.7600,29.7600,3100,0
PWR.US,5,20131206,191000,29.7600,29.7600,29.6800,29.6800,19911,0
PWR.US,5,20131206,191500,29.6900,29.7000,29.6700,29.6900,9642,0
PWR.US,5,20131206,192000,29.6900,29.7200,29.6900,29.7200,5600,0
PWR.US,5,20131206,192500,29.7200,29.7600,29.7200,29.7300,11810,0
PWR.US,5,20131206,193000,29.7300,29.7300,29.7200,29.7200,3509,0
PWR.US,5,20131206,193500,29.7200,29.7300,29.7200,29.7200,6910,0
PWR.US,5,20131206,194000,29.7200,29.7800,29.7200,29.7500,16403,0
PWR.US,5,20131206,194500,29.7500,29.7800,29.7500,29.7800,3900,0
PWR.US,5,20131206,195000,29.7800,29.8200,29.7800,29.8000,9807,0
PWR.US,5,20131206,195500,29.8100,29.8200,29.7500,29.7500,9800,0
PWR.US,5,20131206,200000,29.7600,29.7800,29.7500,29.7500,10000,0
PWR.US,5,20131206,200500,29.7500,29.7700,29.7500,29.7700,4895,0
PWR.US,5,20131206,201000,29.7700,29.7800,29.7700,29.7800,8300,0
PWR.US,5,20131206,201500,29.7800,29.7900,29.7700,29.7800,8211,0
PWR.US,5,20131206,202000,29.7800,29.7900,29.7600,29.7600,5496,0
PWR.US,5,20131206,202500,29.7500,29.7600,29.7200,29.7200,6200,0
PWR.US,5,20131206,203000,29.7200,29.7300,29.6800,29.6800,12250,0
PWR.US,5,20131206,203500,29.6800,29.6800,29.6500,29.6600,16860,0
PWR.US,5,20131206,204000,29.6600,29.6600,29.6500,29.6500,7800,0
PWR.US,5,20131206,204500,29.6500,29.6600,29.6200,29.6600,20674,0
PWR.US,5,20131206,205000,29.6600,29.6800,29.6400,29.6500,15574,0
PWR.US,5,20131206,205500,29.6500,29.6500,29.6100,29.6100,10454,0
PWR.US,5,20131206,210000,29.6000,29.6100,29.5900,29.6000,14895,0
PWR.US,5,20131206,210500,29.6000,29.6100,29.5900,29.6000,13869,0
PWR.US,5,20131206,211000,29.6100,29.6100,29.6000,29.6100,9900,0
PWR.US,5,20131206,211500,29.6100,29.6100,29.5600,29.6100,33747,0
PWR.US,5,20131206,212000,29.6000,29.6100,29.5500,29.5600,34029,0
PWR.US,5,20131206,212500,29.5500,29.6100,29.5500,29.6000,38851,0
PWR.US,5,20131206,213000,29.6000,29.6200,29.5900,29.6200,17985,0
PWR.US,5,20131206,213500,29.6100,29.6200,29.6100,29.6200,25530,0
PWR.US,5,20131206,214000,29.6200,29.6200,29.5500,29.5500,31743,0
PWR.US,5,20131206,214500,29.5500,29.5900,29.5500,29.5800,59630,0
PWR.US,5,20131206,215000,29.5700,29.5700,29.5200,29.5300,70520,0
PWR.US,5,20131206,215500,29.5300,29.5900,29.5300,29.5800,52967,0
PWR.US,5,20131206,220000,29.5900,29.5900,29.5400,29.5500,103133,0
PWR.US,5,20131206,220500,29.5400,29.5400,29.5400,29.5400,160228,0
PWR.US,5,20131209,153500,29.5200,29.5500,29.2200,29.5400,42552,0
PWR.US,5,20131209,154000,29.5400,29.6600,29.5400,29.6000,31473,0
PWR.US,5,20131209,154500,29.6100,29.7000,29.6100,29.6800,11136,0
PWR.US,5,20131209,155000,29.6800,29.8200,29.6800,29.8000,23296,0
PWR.US,5,20131209,155500,29.8000,29.8400,29.7900,29.8400,16300,0
PWR.US,5,20131209,160000,29.8400,29.9200,29.8300,29.9200,26650,0
PWR.US,5,20131209,160500,29.9200,29.9300,29.8300,29.8300,36057,0
PWR.US,5,20131209,161000,29.8400,29.8900,29.8300,29.8700,20296,0
PWR.US,5,20131209,161500,29.8800,29.9200,29.8500,29.8600,27471,0
PWR.US,5,20131209,162000,29.8700,29.8700,29.8300,29.8400,16144,0
PWR.US,5,20131209,162500,29.8500,29.8500,29.7600,29.7600,18479,0
PWR.US,5,20131209,163000,29.7700,29.7700,29.7500,29.7700,12335,0
PWR.US,5,20131209,163500,29.7600,29.7700,29.7400,29.7500,9031,0
PWR.US,5,20131209,164000,29.7400,29.7800,29.7400,29.7800,13940,0
PWR.US,5,20131209,164500,29.7700,29.7800,29.7300,29.7500,12959,0
PWR.US,5,20131209,165000,29.7500,29.7500,29.7100,29.7100,6096,0
PWR.US,5,20131209,165500,29.7200,29.7800,29.7200,29.7800,19316,0
PWR.US,5,20131209,170000,29.7900,29.8400,29.7900,29.8400,24100,0
PWR.US,5,20131209,170500,29.8400,29.8400,29.7600,29.8000,19012,0
PWR.US,5,20131209,171000,29.8100,29.8400,29.8000,29.8200,11242,0
PWR.US,5,20131209,171500,29.8200,29.8300,29.7900,29.8200,16612,0
PWR.US,5,20131209,172000,29.8200,29.8400,29.8100,29.8400,9480,0
PWR.US,5,20131209,172500,29.8400,29.8500,29.8200,29.8500,13800,0
PWR.US,5,20131209,173000,29.8500,29.8600,29.8400,29.8400,9172,0
PWR.US,5,20131209,173500,29.8300,29.8600,29.8300,29.8600,6700,0
PWR.US,5,20131209,174000,29.8600,29.9200,29.8600,29.9100,19275,0
PWR.US,5,20131209,174500,29.9100,29.9200,29.9100,29.9200,6500,0
PWR.US,5,20131209,175000,29.9200,29.9300,29.8800,29.8900,21760,0
PWR.US,5,20131209,175500,29.8900,29.9000,29.8800,29.8900,6100,0
PWR.US,5,20131209,180000,29.8800,29.9000,29.8700,29.8800,13510,0
PWR.US,5,20131209,180500,29.8700,29.8700,29.8100,29.8200,18232,0
PWR.US,5,20131209,181000,29.8200,29.8300,29.7500,29.7600,17373,0
PWR.US,5,20131209,181500,29.7600,29.7700,29.7600,29.7700,5225,0
PWR.US,5,20131209,182000,29.7800,29.8000,29.7700,29.8000,7400,0
PWR.US,5,20131209,182500,29.8000,29.8200,29.7800,29.7900,10343,0
PWR.US,5,20131209,183000,29.7900,29.7900,29.7400,29.7500,9711,0
PWR.US,5,20131209,183500,29.7400,29.7500,29.7100,29.7300,11241,0
PWR.US,5,20131209,184000,29.7300,29.7800,29.7300,29.7800,7930,0
PWR.US,5,20131209,184500,29.7700,29.8200,29.7700,29.8200,4700,0
PWR.US,5,20131209,185000,29.8100,29.8300,29.8100,29.8300,5000,0
PWR.US,5,20131209,185500,29.8300,29.8300,29.8200,29.8300,2700,0
PWR.US,5,20131209,190000,29.8300,29.8600,29.8200,29.8200,22824,0
PWR.US,5,20131209,190500,29.8200,29.8300,29.8100,29.8200,3948,0
PWR.US,5,20131209,191000,29.8100,29.8100,29.7800,29.8000,8812,0
PWR.US,5,20131209,191500,29.8000,29.8100,29.8000,29.8100,3100,0
PWR.US,5,20131209,192000,29.8100,29.8300,29.8000,29.8300,7250,0
PWR.US,5,20131209,192500,29.8300,29.8500,29.7800,29.7900,43070,0
PWR.US,5,20131209,193000,29.7800,29.8100,29.7800,29.7800,12756,0
PWR.US,5,20131209,193500,29.7800,29.7900,29.6800,29.6800,39577,0
PWR.US,5,20131209,194000,29.6900,29.7100,29.6800,29.7000,15180,0
PWR.US,5,20131209,194500,29.6900,29.7000,29.6500,29.6500,11500,0
PWR.US,5,20131209,195000,29.6600,29.6600,29.6200,29.6300,12700,0
PWR.US,5,20131209,195500,29.6400,29.6400,29.5900,29.5900,16732,0
PWR.US,5,20131209,200000,29.5900,29.6000,29.5900,29.6000,7700,0
PWR.US,5,20131209,200500,29.6000,29.6000,29.5900,29.6000,4638,0
PWR.US,5,20131209,201000,29.6000,29.6200,29.6000,29.6200,12994,0
PWR.US,5,20131209,201500,29.6200,29.6400,29.6200,29.6400,9718,0
PWR.US,5,20131209,202000,29.6400,29.6600,29.6000,29.6000,27348,0
PWR.US,5,20131209,202500,29.6100,29.6200,29.6000,29.6200,5050,0
PWR.US,5,20131209,203000,29.6200,29.6400,29.6100,29.6300,8861,0
PWR.US,5,20131209,203500,29.6400,29.6500,29.6100,29.6400,37914,0
PWR.US,5,20131209,204000,29.6400,29.6500,29.6300,29.6400,5464,0
PWR.US,5,20131209,204500,29.6400,29.6500,29.6400,29.6500,6370,0
PWR.US,5,20131209,205000,29.6500,29.6500,29.5900,29.6300,23546,0
PWR.US,5,20131209,205500,29.6300,29.6400,29.6200,29.6400,7922,0
PWR.US,5,20131209,210000,29.6300,29.6400,29.5800,29.6000,25015,0
PWR.US,5,20131209,210500,29.6000,29.6100,29.5900,29.6100,6529,0
PWR.US,5,20131209,211000,29.6100,29.6100,29.5800,29.5900,16175,0
PWR.US,5,20131209,211500,29.5900,29.6200,29.5800,29.6200,15188,0
PWR.US,5,20131209,212000,29.6100,29.6200,29.6000,29.6000,24979,0
PWR.US,5,20131209,212500,29.6100,29.6300,29.6100,29.6100,23150,0
PWR.US,5,20131209,213000,29.6100,29.6100,29.5700,29.5800,22874,0
PWR.US,5,20131209,213500,29.5900,29.6100,29.5800,29.6100,26823,0
PWR.US,5,20131209,214000,29.6100,29.6300,29.6100,29.6300,30728,0
PWR.US,5,20131209,214500,29.6200,29.6600,29.6200,29.6600,35517,0
PWR.US,5,20131209,215000,29.6600,29.7200,29.6600,29.7200,45230,0
PWR.US,5,20131209,215500,29.7200,29.7200,29.6900,29.6900,59265,0
PWR.US,5,20131209,220000,29.7000,29.7000,29.6600,29.6800,109653,0
PWR.US,5,20131209,220500,29.6700,29.6700,29.6700,29.6700,114529,0
