<TICKER>,<PER>,<DTYYYYMMDD>,<TIME>,<OPEN>,<HIGH>,<LOW>,<CLOSE>,<VOL>,<OPENINT>
QTS.US,5,20131112,153500,20.2400,20.2400,20.2400,20.2400,100,0
QTS.US,5,20131112,154000,20.0600,20.0600,20.0600,20.0600,100,0
QTS.US,5,20131112,154500,20.0500,20.0500,20.0500,20.0500,100,0
QTS.US,5,20131112,155000,20.0300,20.0300,20.0300,20.0300,100,0
QTS.US,5,20131112,155500,20.0500,20.0700,20.0500,20.0700,200,0
QTS.US,5,20131112,160000,20.0500,20.0500,20.0500,20.0500,100,0
QTS.US,5,20131112,162000,20.0500,20.0500,20.0500,20.0500,100,0
QTS.US,5,20131112,162500,20.0500,20.0500,20.0500,20.0500,200,0
QTS.US,5,20131112,163000,20.0500,20.0500,20.0300,20.0300,252,0
QTS.US,5,20131112,163500,20.0300,20.0400,20.0300,20.0400,200,0
QTS.US,5,20131112,164000,20.0200,20.0300,19.9700,19.9900,900,0
QTS.US,5,20131112,164500,19.9800,19.9800,19.9600,19.9600,265,0
QTS.US,5,20131112,170500,19.8300,19.9300,19.8300,19.8500,392,0
QTS.US,5,20131112,171000,19.8000,19.8000,19.8000,19.8000,200,0
QTS.US,5,20131112,172500,19.7000,19.7500,19.7000,19.7500,300,0
QTS.US,5,20131112,173500,19.8000,19.8000,19.8000,19.8000,500,0
QTS.US,5,20131112,174500,19.8500,19.8500,19.8500,19.8500,100,0
QTS.US,5,20131112,181500,19.7100,19.7100,19.7100,19.7100,100,0
QTS.US,5,20131112,182000,19.8500,19.8500,19.7600,19.7600,406,0
QTS.US,5,20131112,192000,19.8200,19.8200,19.8200,19.8200,100,0
QTS.US,5,20131112,201500,19.7500,19.7500,19.7500,19.7500,500,0
QTS.US,5,20131112,202500,19.7700,19.8000,19.6400,19.8000,600,0
QTS.US,5,20131112,204500,19.6200,19.7700,19.6200,19.7700,200,0
QTS.US,5,20131112,210500,19.7300,19.7300,19.6500,19.6500,200,0
QTS.US,5,20131112,211500,19.7200,19.7200,19.7200,19.7200,100,0
QTS.US,5,20131112,212500,19.7800,19.9000,19.7800,19.9000,2400,0
QTS.US,5,20131112,213000,19.9000,19.9000,19.9000,19.9000,200,0
QTS.US,5,20131112,213500,19.8500,19.8500,19.8500,19.8500,100,0
QTS.US,5,20131112,215000,19.8700,19.8800,19.8700,19.8800,320,0
QTS.US,5,20131112,220000,19.9300,19.9300,19.7600,19.7600,600,0
QTS.US,5,20131112,220500,19.7500,19.7500,19.7500,19.7500,2177,0
QTS.US,5,20131113,155000,19.9000,20.1200,19.9000,20.1200,4140,0
QTS.US,5,20131113,160000,20.0500,20.0500,20.0500,20.0500,100,0
QTS.US,5,20131113,161000,20.0600,20.0600,20.0500,20.0500,200,0
QTS.US,5,20131113,161500,20.0000,20.0000,20.0000,20.0000,600,0
QTS.US,5,20131113,162500,20.0200,20.0200,20.0200,20.0200,100,0
QTS.US,5,20131113,163500,20.1500,20.1500,20.0100,20.0100,250,0
QTS.US,5,20131113,164000,20.1100,20.1100,20.1100,20.1100,300,0
QTS.US,5,20131113,164500,20.0000,20.0000,20.0000,20.0000,100,0
QTS.US,5,20131113,165000,20.1000,20.1000,20.1000,20.1000,100,0
QTS.US,5,20131113,170000,20.0400,20.0400,20.0400,20.0400,100,0
QTS.US,5,20131113,171500,20.1100,20.1100,20.1100,20.1100,100,0
QTS.US,5,20131113,173500,20.1000,20.1000,20.1000,20.1000,100,0
QTS.US,5,20131113,174000,20.0400,20.1000,20.0200,20.0200,900,0
QTS.US,5,20131113,174500,20.1500,20.1500,20.1500,20.1500,100,0
QTS.US,5,20131113,185000,20.1000,20.1000,20.1000,20.1000,100,0
QTS.US,5,20131113,190500,20.1100,20.1100,20.1100,20.1100,250,0
QTS.US,5,20131113,191000,20.2100,20.2100,20.1000,20.1100,460,0
QTS.US,5,20131113,193500,20.2000,20.2000,20.2000,20.2000,492,0
QTS.US,5,20131113,194500,20.1000,20.1000,20.0900,20.0900,200,0
QTS.US,5,20131113,195000,20.1000,20.1100,20.1000,20.1100,200,0
QTS.US,5,20131113,195500,20.1000,20.1000,20.1000,20.1000,200,0
QTS.US,5,20131113,201000,20.1000,20.1100,20.1000,20.1100,300,0
QTS.US,5,20131113,202000,20.1400,20.1400,20.1400,20.1400,500,0
QTS.US,5,20131113,204500,20.0900,20.1500,20.0900,20.1500,200,0
QTS.US,5,20131113,210500,20.0600,20.0600,20.0600,20.0600,350,0
QTS.US,5,20131113,211000,20.0900,20.1000,20.0200,20.0700,600,0
QTS.US,5,20131113,212000,20.0500,20.0700,20.0500,20.0500,800,0
QTS.US,5,20131113,213000,20.0000,20.0000,20.0000,20.0000,100,0
QTS.US,5,20131113,213500,20.0000,20.0300,20.0000,20.0000,1050,0
QTS.US,5,20131113,214000,20.0000,20.0200,20.0000,20.0200,99100,0
QTS.US,5,20131113,214500,20.0700,20.2400,20.0700,20.2400,1700,0
QTS.US,5,20131113,215500,20.1800,20.1800,20.0200,20.0800,600,0
QTS.US,5,20131113,220000,20.0300,20.1300,20.0200,20.0700,1330,0
QTS.US,5,20131113,220500,20.1000,20.1000,20.0200,20.0200,1210,0
QTS.US,5,20131114,160500,20.0900,20.0900,20.0900,20.0900,100,0
QTS.US,5,20131114,170000,20.1000,20.1100,20.0800,20.1000,2100,0
QTS.US,5,20131114,171500,20.0700,20.0700,20.0700,20.0700,175,0
QTS.US,5,20131114,172500,20.1100,20.1100,20.0700,20.0700,2400,0
QTS.US,5,20131114,173500,20.0500,20.2400,20.0500,20.2400,1700,0
QTS.US,5,20131114,174000,20.1200,20.1200,20.0800,20.0800,1900,0
QTS.US,5,20131114,174500,20.0800,20.0800,20.0800,20.0800,100,0
QTS.US,5,20131114,175500,20.0800,20.1000,20.0500,20.1000,500,0
QTS.US,5,20131114,180500,20.0800,20.0800,20.0800,20.0800,100,0
QTS.US,5,20131114,181000,20.0800,20.0800,20.0500,20.0500,996,0
QTS.US,5,20131114,181500,20.0600,20.0600,20.0600,20.0600,100,0
QTS.US,5,20131114,182000,20.0500,20.0500,20.0500,20.0500,1400,0
QTS.US,5,20131114,183500,20.0500,20.0500,20.0100,20.0400,950,0
QTS.US,5,20131114,184000,20.1100,20.1100,20.1100,20.1100,100,0
QTS.US,5,20131114,185500,20.0500,20.0500,20.0000,20.0000,5300,0
QTS.US,5,20131114,190500,20.0000,20.0100,20.0000,20.0100,2400,0
QTS.US,5,20131114,191000,20.0100,20.0100,20.0100,20.0100,100,0
QTS.US,5,20131114,191500,20.0100,20.0100,20.0100,20.0100,100,0
QTS.US,5,20131114,192000,20.1400,20.1400,20.0100,20.0200,2100,0
QTS.US,5,20131114,192500,20.0000,20.0100,20.0000,20.0100,300,0
QTS.US,5,20131114,193000,20.0800,20.0800,20.0800,20.0800,447,0
QTS.US,5,20131114,193500,20.0100,20.0100,20.0100,20.0100,100,0
QTS.US,5,20131114,194500,20.0100,20.0100,20.0000,20.0000,200,0
QTS.US,5,20131114,195500,20.0000,20.0400,20.0000,20.0400,200,0
QTS.US,5,20131114,200000,20.0100,20.0100,20.0100,20.0100,100,0
QTS.US,5,20131114,200500,20.0100,20.0100,20.0000,20.0000,1000,0
QTS.US,5,20131114,202500,20.0100,20.0100,20.0100,20.0100,200,0
QTS.US,5,20131114,204000,20.0700,20.0700,20.0700,20.0700,800,0
QTS.US,5,20131114,211500,20.0100,20.0500,20.0100,20.0100,5400,0
QTS.US,5,20131114,212000,20.0100,20.0100,20.0000,20.0000,1700,0
QTS.US,5,20131114,212500,20.0000,20.0100,20.0000,20.0000,1000,0
QTS.US,5,20131114,213500,20.0000,20.0000,20.0000,20.0000,243,0
QTS.US,5,20131114,214000,20.0000,20.0000,20.0000,20.0000,100,0
QTS.US,5,20131114,214500,20.0000,20.0000,20.0000,20.0000,100,0
QTS.US,5,20131114,215000,20.0500,20.0500,20.0100,20.0100,200,0
QTS.US,5,20131114,220000,20.0500,20.0500,20.0000,20.0000,7400,0
QTS.US,5,20131114,220500,20.0000,20.0000,20.0000,20.0000,1490,0
QTS.US,5,20131115,153500,19.9900,19.9900,19.9900,19.9900,570,0
QTS.US,5,20131115,160000,20.0000,20.0000,20.0000,20.0000,9400,0
QTS.US,5,20131115,160500,19.9500,20.0000,19.9000,19.9000,4595,0
QTS.US,5,20131115,162500,19.8100,19.8100,19.7800,19.7800,200,0
QTS.US,5,20131115,163000,19.8100,19.8100,19.8100,19.8100,138,0
QTS.US,5,20131115,164000,19.7700,19.8100,19.7700,19.8100,300,0
QTS.US,5,20131115,164500,19.8100,19.8100,19.8000,19.8100,400,0
QTS.US,5,20131115,170000,19.8500,19.8500,19.8500,19.8500,100,0
QTS.US,5,20131115,171000,19.8500,19.8600,19.8500,19.8500,800,0
QTS.US,5,20131115,171500,19.8700,19.8700,19.8700,19.8700,100,0
QTS.US,5,20131115,173000,19.9400,19.9700,19.9000,19.9200,1900,0
QTS.US,5,20131115,173500,19.8600,19.8600,19.8600,19.8600,100,0
QTS.US,5,20131115,174500,19.9300,19.9300,19.9000,19.9200,311,0
QTS.US,5,20131115,181000,19.8700,19.8700,19.8700,19.8700,100,0
QTS.US,5,20131115,182000,19.9000,19.9900,19.9000,19.9300,1612,0
QTS.US,5,20131115,184500,19.9000,20.0000,19.9000,19.9600,6000,0
QTS.US,5,20131115,185000,19.9600,19.9600,19.9600,19.9600,100,0
QTS.US,5,20131115,190000,19.9500,19.9500,19.9500,19.9500,200,0
QTS.US,5,20131115,190500,19.9500,19.9800,19.9300,19.9700,7400,0
QTS.US,5,20131115,191500,19.9200,19.9200,19.9200,19.9200,100,0
QTS.US,5,20131115,192000,19.9200,19.9200,19.8800,19.9100,5600,0
QTS.US,5,20131115,192500,19.9100,19.9600,19.9000,19.9100,19900,0
QTS.US,5,20131115,193000,19.9100,20.0000,19.9000,19.9100,8600,0
QTS.US,5,20131115,193500,19.9000,19.9300,19.9000,19.9300,500,0
QTS.US,5,20131115,194000,19.9300,20.0000,19.9200,19.9400,2600,0
QTS.US,5,20131115,195000,19.9500,19.9900,19.9400,19.9500,1600,0
QTS.US,5,20131115,195500,19.9500,20.0000,19.9500,19.9500,1600,0
QTS.US,5,20131115,200000,19.9500,19.9500,19.9400,19.9400,200,0
QTS.US,5,20131115,201000,19.9500,19.9500,19.9500,19.9500,300,0
QTS.US,5,20131115,201500,19.9500,19.9500,19.9500,19.9500,200,0
QTS.US,5,20131115,202000,19.9600,20.0000,19.9000,19.9200,3500,0
QTS.US,5,20131115,202500,19.9600,19.9800,19.9500,19.9500,600,0
QTS.US,5,20131115,203000,19.8900,19.8900,19.8900,19.8900,100,0
QTS.US,5,20131115,204000,19.9600,20.0000,19.9500,19.9500,1800,0
QTS.US,5,20131115,204500,19.9300,19.9600,19.9000,19.9600,2700,0
QTS.US,5,20131115,205000,19.9600,20.0000,19.9500,20.0000,847,0
QTS.US,5,20131115,205500,19.9900,20.0100,19.9800,20.0000,2500,0
QTS.US,5,20131115,210000,19.9800,19.9900,19.9700,19.9800,2100,0
QTS.US,5,20131115,211000,19.9400,19.9400,19.9300,19.9400,2000,0
QTS.US,5,20131115,212000,19.9500,19.9900,19.9400,19.9400,600,0
QTS.US,5,20131115,212500,19.9400,20.0000,19.9400,19.9700,6000,0
QTS.US,5,20131115,213000,19.9600,19.9600,19.9600,19.9600,100,0
QTS.US,5,20131115,213500,19.9500,20.0000,19.9100,19.9600,12400,0
QTS.US,5,20131115,214000,19.9600,20.0000,19.9400,19.9800,9100,0
QTS.US,5,20131115,214500,19.9500,20.0200,19.9400,20.0000,3900,0
QTS.US,5,20131115,215000,19.9600,20.0000,19.8700,19.9800,10524,0
QTS.US,5,20131115,215500,19.9600,20.0000,19.9300,19.9400,5200,0
QTS.US,5,20131115,220000,19.9500,19.9900,19.9200,19.9200,18280,0
QTS.US,5,20131115,220500,19.9300,19.9300,19.9300,19.9300,3431,0
QTS.US,5,20131118,155500,19.8600,19.9300,19.8600,19.9300,262,0
QTS.US,5,20131118,161000,19.8900,19.8900,19.8900,19.8900,100,0
QTS.US,5,20131118,161500,19.8700,19.8700,19.8500,19.8700,442,0
QTS.US,5,20131118,162000,19.8700,19.8700,19.8700,19.8700,200,0
QTS.US,5,20131118,163500,19.8700,19.8700,19.8500,19.8500,300,0
QTS.US,5,20131118,165000,19.8600,19.8600,19.8600,19.8600,200,0
QTS.US,5,20131118,165500,19.8500,19.8500,19.8500,19.8500,100,0
QTS.US,5,20131118,173500,19.8600,19.8700,19.8600,19.8700,300,0
QTS.US,5,20131118,181500,19.8700,19.9500,19.8700,19.9500,3200,0
QTS.US,5,20131118,183000,19.9500,19.9900,19.9500,19.9900,5705,0
QTS.US,5,20131118,183500,20.0000,20.0300,20.0000,20.0000,2100,0
QTS.US,5,20131118,184000,20.0700,20.0700,20.0500,20.0500,300,0
QTS.US,5,20131118,192000,20.0500,20.0500,20.0000,20.0400,900,0
QTS.US,5,20131118,193000,20.0500,20.0500,20.0400,20.0400,2900,0
QTS.US,5,20131118,193500,20.0500,20.0500,20.0500,20.0500,587,0
QTS.US,5,20131118,194000,20.2300,20.2900,20.1500,20.1500,453,0
QTS.US,5,20131118,195000,20.3000,20.3000,20.3000,20.3000,100,0
QTS.US,5,20131118,201000,20.2600,20.2900,20.2600,20.2900,200,0
QTS.US,5,20131118,202000,20.3000,20.3000,20.3000,20.3000,100,0
QTS.US,5,20131118,204000,20.2900,20.2900,20.2700,20.2900,300,0
QTS.US,5,20131118,210500,20.2900,20.3000,20.2900,20.2900,300,0
QTS.US,5,20131118,211000,20.2800,20.2900,20.2800,20.2900,500,0
QTS.US,5,20131118,212500,20.3000,20.3000,20.2900,20.2900,300,0
QTS.US,5,20131118,213500,20.2900,20.3100,20.2800,20.3000,1700,0
QTS.US,5,20131118,214000,20.3300,20.3300,20.3300,20.3300,100,0
QTS.US,5,20131118,214500,20.3100,20.3100,20.3100,20.3100,100,0
QTS.US,5,20131118,215500,20.4100,20.4200,20.4100,20.4200,500,0
QTS.US,5,20131118,220000,20.4400,20.5000,20.4000,20.4300,1549,0
QTS.US,5,20131118,220500,20.4000,20.4000,20.4000,20.4000,842,0
QTS.US,5,20131119,153500,20.5300,20.5300,20.4000,20.4000,1000,0
QTS.US,5,20131119,154000,20.2000,20.4400,20.0500,20.4400,500,0
QTS.US,5,20131119,155000,20.2000,20.2000,19.9500,19.9500,300,0
QTS.US,5,20131119,160500,20.0000,20.2000,20.0000,20.0000,7600,0
QTS.US,5,20131119,161000,20.0000,20.2000,20.0000,20.1800,8000,0
QTS.US,5,20131119,161500,20.1000,20.1000,20.1000,20.1000,100,0
QTS.US,5,20131119,162500,20.1000,20.1000,20.1000,20.1000,100,0
QTS.US,5,20131119,163500,20.1900,20.1900,20.1000,20.1000,200,0
QTS.US,5,20131119,164000,20.1200,20.1200,20.1200,20.1200,100,0
QTS.US,5,20131119,164500,20.1100,20.1100,20.1100,20.1100,100,0
QTS.US,5,20131119,165000,20.1100,20.2000,20.1100,20.2000,400,0
QTS.US,5,20131119,165500,20.1900,20.3100,20.1500,20.1500,1400,0
QTS.US,5,20131119,170000,20.2800,20.2800,20.2800,20.2800,100,0
QTS.US,5,20131119,171000,20.2900,20.2900,20.2900,20.2900,100,0
QTS.US,5,20131119,172000,20.2900,20.2900,20.2900,20.2900,100,0
QTS.US,5,20131119,173000,20.3100,20.3100,20.3100,20.3100,100,0
QTS.US,5,20131119,173500,20.3000,20.3000,20.3000,20.3000,200,0
QTS.US,5,20131119,181500,20.3100,20.3600,20.3100,20.3600,200,0
QTS.US,5,20131119,184000,20.3700,20.3700,20.3200,20.3700,500,0
QTS.US,5,20131119,185500,20.3700,20.3700,20.3600,20.3600,200,0
QTS.US,5,20131119,191000,20.3500,20.3500,20.3500,20.3500,400,0
QTS.US,5,20131119,191500,20.3500,20.3500,20.3500,20.3500,100,0
QTS.US,5,20131119,192000,20.3500,20.3500,20.3500,20.3500,250,0
QTS.US,5,20131119,195000,20.3900,20.3900,20.3900,20.3900,100,0
QTS.US,5,20131119,201000,20.4600,20.4600,20.4500,20.4500,600,0
QTS.US,5,20131119,202000,20.4400,20.4500,20.2900,20.4500,400,0
QTS.US,5,20131119,202500,20.3800,20.3800,20.3800,20.3800,100,0
QTS.US,5,20131119,203500,20.3000,20.3000,20.3000,20.3000,663,0
QTS.US,5,20131119,204000,20.2200,20.4400,20.2200,20.3400,400,0
QTS.US,5,20131119,205500,20.3600,20.3600,20.3600,20.3600,240,0
QTS.US,5,20131119,212500,20.4400,20.4400,20.3800,20.3800,300,0
QTS.US,5,20131119,213000,20.4400,20.4400,20.4400,20.4400,100,0
QTS.US,5,20131119,214000,20.4000,20.4000,20.4000,20.4000,200,0
QTS.US,5,20131119,215000,20.4000,20.4000,20.4000,20.4000,100,0
QTS.US,5,20131119,215500,20.4000,20.4000,20.3800,20.3800,200,0
QTS.US,5,20131119,220000,20.3900,20.4000,20.3400,20.4000,662,0
QTS.US,5,20131119,220500,20.3500,20.3500,20.3500,20.3500,1054,0
QTS.US,5,20131120,154000,20.3800,20.3800,20.3800,20.3800,100,0
QTS.US,5,20131120,171000,20.2300,20.2300,20.2300,20.2300,100,0
QTS.US,5,20131120,173000,20.0700,20.2300,20.0700,20.2300,200,0
QTS.US,5,20131120,175000,20.1700,20.1700,20.1600,20.1600,200,0
QTS.US,5,20131120,180500,20.1000,20.1000,20.1000,20.1000,350,0
QTS.US,5,20131120,181000,20.1500,20.1500,20.1500,20.1500,100,0
QTS.US,5,20131120,181500,20.2200,20.2200,20.2200,20.2200,100,0
QTS.US,5,20131120,182000,20.3600,20.3600,20.3600,20.3600,100,0
QTS.US,5,20131120,183000,20.1500,20.1500,20.1500,20.1500,286,0
QTS.US,5,20131120,185500,20.3500,20.3500,20.3500,20.3500,100,0
QTS.US,5,20131120,191000,20.3500,20.3800,20.3500,20.3800,600,0
QTS.US,5,20131120,192000,20.3900,20.3900,20.3900,20.3900,100,0
QTS.US,5,20131120,193000,20.3900,20.4000,20.3900,20.4000,920,0
QTS.US,5,20131120,200500,20.3100,20.3900,20.3100,20.3900,200,0
QTS.US,5,20131120,201000,20.4000,20.4000,20.4000,20.4000,590,0
QTS.US,5,20131120,203000,20.3800,20.3800,20.3800,20.3800,100,0
QTS.US,5,20131120,210000,20.3900,20.4100,20.3900,20.4100,250,0
QTS.US,5,20131120,210500,20.4000,20.4000,20.4000,20.4000,134,0
QTS.US,5,20131120,213500,20.4100,20.4200,20.3900,20.3900,500,0
QTS.US,5,20131120,214000,20.3600,20.3900,20.3600,20.3900,300,0
QTS.US,5,20131120,214500,20.3900,20.3900,20.3900,20.3900,100,0
QTS.US,5,20131120,215000,20.3900,20.3900,20.3900,20.3900,300,0
QTS.US,5,20131120,215500,20.3600,20.3600,20.3600,20.3600,100,0
QTS.US,5,20131120,220000,20.0300,20.2000,20.0300,20.1900,400,0
QTS.US,5,20131120,220500,20.1900,20.1900,20.1900,20.1900,1180,0
QTS.US,5,20131121,154000,20.3600,20.3700,20.3200,20.3700,1150,0
QTS.US,5,20131121,155500,20.4000,20.4000,20.4000,20.4000,100,0
QTS.US,5,20131121,160000,20.3900,20.4000,20.3900,20.4000,200,0
QTS.US,5,20131121,160500,20.4900,20.5000,20.4900,20.5000,200,0
QTS.US,5,20131121,162500,20.3500,20.3500,20.3400,20.3400,200,0
QTS.US,5,20131121,163500,20.4000,20.4000,20.4000,20.4000,100,0
QTS.US,5,20131121,172000,20.4900,20.5000,20.4900,20.5000,295,0
QTS.US,5,20131121,174000,20.3900,20.3900,20.3900,20.3900,100,0
QTS.US,5,20131121,174500,20.3900,20.4900,20.3900,20.4900,300,0
QTS.US,5,20131121,175500,20.4200,20.4200,20.4200,20.4200,100,0
QTS.US,5,20131121,180500,20.5000,20.5000,20.5000,20.5000,100,0
QTS.US,5,20131121,182000,20.5000,20.5000,20.5000,20.5000,100,0
QTS.US,5,20131121,183500,20.5000,20.5000,20.5000,20.5000,100,0
QTS.US,5,20131121,184000,20.4600,20.5000,20.4600,20.5000,450,0
QTS.US,5,20131121,184500,20.4900,20.5000,20.4900,20.5000,400,0
QTS.US,5,20131121,190500,20.4900,20.4900,20.4900,20.4900,300,0
QTS.US,5,20131121,191000,20.4500,20.4500,20.4500,20.4500,100,0
QTS.US,5,20131121,191500,20.4400,20.4400,20.4400,20.4400,100,0
QTS.US,5,20131121,192500,20.5000,20.5000,20.5000,20.5000,100,0
QTS.US,5,20131121,194000,20.5000,20.5000,20.5000,20.5000,100,0
QTS.US,5,20131121,194500,20.4600,20.4600,20.4600,20.4600,166,0
QTS.US,5,20131121,195000,20.4400,20.4400,20.4400,20.4400,500,0
QTS.US,5,20131121,195500,20.4900,20.5000,20.4900,20.5000,300,0
QTS.US,5,20131121,201000,20.4800,20.4900,20.4800,20.4900,650,0
QTS.US,5,20131121,201500,20.5000,20.5000,20.5000,20.5000,862,0
QTS.US,5,20131121,202000,20.5500,20.6500,20.5200,20.5200,1500,0
QTS.US,5,20131121,202500,20.6100,20.6100,20.6100,20.6100,100,0
QTS.US,5,20131121,203500,20.5500,20.5800,20.5500,20.5800,200,0
QTS.US,5,20131121,204500,20.5000,20.5000,20.5000,20.5000,100,0
QTS.US,5,20131121,205000,20.5800,20.5800,20.5700,20.5700,320,0
QTS.US,5,20131121,205500,20.5800,20.5800,20.5400,20.5400,342,0
QTS.US,5,20131121,210000,20.5400,20.5800,20.5400,20.5800,200,0
QTS.US,5,20131121,211000,20.5800,20.5800,20.5800,20.5800,111,0
QTS.US,5,20131121,211500,20.5800,20.5800,20.5600,20.5600,200,0
QTS.US,5,20131121,212000,20.5700,20.5700,20.5000,20.5000,700,0
QTS.US,5,20131121,212500,20.5000,20.5000,20.5000,20.5000,100,0
QTS.US,5,20131121,213000,20.5000,20.5000,20.5000,20.5000,300,0
QTS.US,5,20131121,213500,20.5000,20.5100,20.5000,20.5000,400,0
QTS.US,5,20131121,214000,20.5100,20.5200,20.5000,20.5200,300,0
QTS.US,5,20131121,214500,20.5000,20.5000,20.5000,20.5000,1200,0
QTS.US,5,20131121,215000,20.5100,20.5500,20.5000,20.5000,8300,0
QTS.US,5,20131121,215500,20.5100,20.5200,20.5000,20.5000,300,0
QTS.US,5,20131121,220000,20.5100,20.5100,20.5100,20.5100,475,0
QTS.US,5,20131121,220500,20.5400,20.5400,20.5400,20.5400,705,0
QTS.US,5,20131122,153500,20.7900,20.7900,20.7900,20.7900,100,0
QTS.US,5,20131122,154000,20.7300,20.7300,20.7300,20.7300,300,0
QTS.US,5,20131122,154500,20.6400,20.6400,20.5100,20.6300,700,0
QTS.US,5,20131122,155000,20.5000,20.5000,20.5000,20.5000,200,0
QTS.US,5,20131122,160000,20.5400,20.5400,20.5400,20.5400,300,0
QTS.US,5,20131122,160500,20.5000,20.6100,20.5000,20.6100,300,0
QTS.US,5,20131122,161500,20.5200,20.5200,20.5200,20.5200,250,0
QTS.US,5,20131122,162000,20.5200,20.5200,20.5200,20.5200,100,0
QTS.US,5,20131122,163000,20.5400,20.5400,20.5200,20.5200,550,0
QTS.US,5,20131122,164000,20.5200,20.5200,20.5200,20.5200,400,0
QTS.US,5,20131122,164500,20.5000,20.5000,20.5000,20.5000,100,0
QTS.US,5,20131122,170000,20.5000,20.5200,20.5000,20.5200,300,0
QTS.US,5,20131122,180000,20.5200,20.5200,20.5200,20.5200,1200,0
QTS.US,5,20131122,181500,20.5100,20.5200,20.5100,20.5200,700,0
QTS.US,5,20131122,183500,20.5000,20.5000,20.5000,20.5000,100,0
QTS.US,5,20131122,184500,20.5200,20.6500,20.5000,20.5200,4750,0
QTS.US,5,20131122,185000,20.5100,20.5100,20.5100,20.5100,200,0
QTS.US,5,20131122,190000,20.5100,20.5100,20.5100,20.5100,100,0
QTS.US,5,20131122,190500,20.5100,20.5100,20.5100,20.5100,100,0
QTS.US,5,20131122,192000,20.5000,20.5000,20.5000,20.5000,100,0
QTS.US,5,20131122,192500,20.4900,20.4900,20.4900,20.4900,100,0
QTS.US,5,20131122,193000,20.5000,20.5500,20.5000,20.5500,900,0
QTS.US,5,20131122,194000,20.5500,20.5500,20.5000,20.5100,700,0
QTS.US,5,20131122,195500,20.5000,20.5100,20.5000,20.5100,400,0
QTS.US,5,20131122,200000,20.5100,20.5100,20.5000,20.5000,200,0
QTS.US,5,20131122,200500,20.5100,20.5100,20.5000,20.5000,200,0
QTS.US,5,20131122,210500,20.5000,20.5000,20.4900,20.5000,3800,0
QTS.US,5,20131122,211000,20.5000,20.5000,20.5000,20.5000,100,0
QTS.US,5,20131122,211500,20.4100,20.4300,20.4100,20.4300,200,0
QTS.US,5,20131122,212000,20.4100,20.4100,20.4100,20.4100,100,0
QTS.US,5,20131122,212500,20.4900,20.4900,20.4900,20.4900,100,0
QTS.US,5,20131122,213000,20.4100,20.4700,20.4100,20.4700,1200,0
QTS.US,5,20131122,214000,20.5000,20.5000,20.5000,20.5000,100,0
QTS.US,5,20131122,215000,20.5000,20.5000,20.5000,20.5000,3707,0
QTS.US,5,20131122,215500,20.5100,20.5100,20.5100,20.5100,400,0
QTS.US,5,20131122,220000,20.5000,20.5200,20.4900,20.5200,2400,0
QTS.US,5,20131122,220500,20.5200,20.5200,20.5200,20.5200,645,0
QTS.US,5,20131125,155000,20.5400,20.5400,20.5400,20.5400,110,0
QTS.US,5,20131125,163000,20.5200,20.5300,20.5200,20.5300,200,0
QTS.US,5,20131125,164000,20.6400,20.6500,20.6400,20.6500,300,0
QTS.US,5,20131125,171500,20.6400,20.6400,20.6400,20.6400,100,0
QTS.US,5,20131125,172000,20.6600,20.7600,20.5200,20.5300,5600,0
QTS.US,5,20131125,172500,20.6200,20.6200,20.5200,20.5200,200,0
QTS.US,5,20131125,173000,20.5300,20.5300,20.5300,20.5300,100,0
QTS.US,5,20131125,174000,20.5200,20.7400,20.5200,20.5500,2912,0
QTS.US,5,20131125,174500,20.7200,20.7200,20.6900,20.6900,500,0
QTS.US,5,20131125,180000,20.6600,20.6600,20.6600,20.6600,500,0
QTS.US,5,20131125,180500,20.6900,20.6900,20.6700,20.6700,300,0
QTS.US,5,20131125,181000,20.6200,20.6200,20.5200,20.5200,500,0
QTS.US,5,20131125,182000,20.5300,20.5300,20.5300,20.5300,100,0
QTS.US,5,20131125,184000,20.6100,20.6100,20.6100,20.6100,100,0
QTS.US,5,20131125,201000,20.6100,20.6100,20.6100,20.6100,100,0
QTS.US,5,20131125,203500,20.5400,20.5400,20.5400,20.5400,150,0
QTS.US,5,20131125,204000,20.6000,20.6100,20.5300,20.5300,300,0
QTS.US,5,20131125,204500,20.5200,20.5200,20.5200,20.5200,100,0
QTS.US,5,20131125,205000,20.5900,20.5900,20.5700,20.5700,750,0
QTS.US,5,20131125,205500,20.5200,20.5200,20.5000,20.5000,400,0
QTS.US,5,20131125,210500,20.6100,20.6400,20.6100,20.6200,400,0
QTS.US,5,20131125,212000,20.4300,20.4300,20.4300,20.4300,100,0
QTS.US,5,20131125,212500,20.4500,20.4500,20.4500,20.4500,100,0
QTS.US,5,20131125,213000,20.5500,20.5500,20.1100,20.3200,2500,0
QTS.US,5,20131125,213500,20.4000,20.4000,20.4000,20.4000,100,0
QTS.US,5,20131125,214500,20.5200,20.5200,20.5200,20.5200,100,0
QTS.US,5,20131125,215000,20.6500,20.6500,20.6500,20.6500,200,0
QTS.US,5,20131125,220000,20.5100,20.6500,20.4600,20.6500,1100,0
QTS.US,5,20131125,220500,20.5700,20.5700,20.5700,20.5700,344,0
QTS.US,5,20131126,154500,20.3400,20.3400,20.3400,20.3400,150,0
QTS.US,5,20131126,155500,20.5100,20.5100,20.5100,20.5100,200,0
QTS.US,5,20131126,164000,20.5800,20.6500,20.5800,20.6500,700,0
QTS.US,5,20131126,165000,20.4400,20.5300,20.4400,20.5300,433,0
QTS.US,5,20131126,170000,20.4800,20.6500,20.4300,20.5400,1262,0
QTS.US,5,20131126,171000,20.4800,20.4800,20.4800,20.4800,100,0
QTS.US,5,20131126,172000,20.3700,20.4900,20.3600,20.3700,900,0
QTS.US,5,20131126,172500,20.4400,20.4400,20.3400,20.3700,1300,0
QTS.US,5,20131126,174000,20.4500,20.4500,20.4500,20.4500,100,0
QTS.US,5,20131126,180500,20.4400,20.5000,20.4400,20.5000,300,0
QTS.US,5,20131126,181500,20.3900,20.3900,20.3900,20.3900,100,0
QTS.US,5,20131126,193500,20.5000,20.5000,20.5000,20.5000,900,0
QTS.US,5,20131126,195000,20.4200,20.4200,20.4200,20.4200,200,0
QTS.US,5,20131126,201000,20.4500,20.4900,20.4500,20.4900,336,0
QTS.US,5,20131126,205500,20.4000,20.4900,20.4000,20.4200,859,0
QTS.US,5,20131126,210500,20.4300,20.4300,20.4100,20.4100,300,0
QTS.US,5,20131126,212000,20.4900,20.5000,20.4900,20.5000,200,0
QTS.US,5,20131126,213000,20.4700,20.4700,20.4700,20.4700,100,0
QTS.US,5,20131126,214000,20.4700,20.4700,20.4700,20.4700,200,0
QTS.US,5,20131126,220500,20.4400,20.4400,20.4400,20.4400,593,0
QTS.US,5,20131127,153500,20.4200,20.4500,20.4200,20.4200,313,0
QTS.US,5,20131127,154500,20.4200,20.4200,20.4200,20.4200,100,0
QTS.US,5,20131127,155000,20.4200,20.4200,20.4200,20.4200,100,0
QTS.US,5,20131127,161000,20.4900,20.5000,20.4900,20.5000,300,0
QTS.US,5,20131127,162000,20.5900,20.5900,20.5900,20.5900,100,0
QTS.US,5,20131127,163500,20.6400,20.6400,20.6400,20.6400,100,0
QTS.US,5,20131127,164500,20.5000,20.5000,20.5000,20.5000,200,0
QTS.US,5,20131127,165000,20.6300,20.6300,20.6300,20.6300,100,0
QTS.US,5,20131127,170500,20.4900,20.6200,20.4900,20.6200,200,0
QTS.US,5,20131127,172000,20.6200,20.6200,20.6200,20.6200,100,0
QTS.US,5,20131127,172500,20.6300,20.6300,20.6300,20.6300,100,0
QTS.US,5,20131127,174500,20.6500,20.6500,20.6500,20.6500,100,0
QTS.US,5,20131127,180000,20.5300,20.5300,20.5300,20.5300,200,0
QTS.US,5,20131127,182500,20.5200,20.5800,20.5000,20.5600,500,0
QTS.US,5,20131127,185000,20.5200,20.5300,20.4900,20.4900,400,0
QTS.US,5,20131127,185500,20.4300,20.4300,20.4300,20.4300,100,0
QTS.US,5,20131127,190000,20.4400,20.4400,20.4400,20.4400,200,0
QTS.US,5,20131127,190500,20.4400,20.4400,20.4400,20.4400,100,0
QTS.US,5,20131127,191500,20.4400,20.4400,20.4400,20.4400,100,0
QTS.US,5,20131127,194000,20.4500,20.4500,20.4500,20.4500,300,0
QTS.US,5,20131127,200000,20.5500,20.5500,20.5500,20.5500,100,0
QTS.US,5,20131127,200500,20.4800,20.4800,20.4800,20.4800,100,0
QTS.US,5,20131127,201000,20.4500,20.4500,20.4500,20.4500,100,0
QTS.US,5,20131127,201500,20.4900,20.4900,20.4500,20.4500,300,0
QTS.US,5,20131127,202000,20.4900,20.4900,20.4500,20.4500,200,0
QTS.US,5,20131127,202500,20.5000,20.5000,20.5000,20.5000,300,0
QTS.US,5,20131127,203000,20.5000,20.5000,20.4500,20.4500,400,0
QTS.US,5,20131127,203500,20.5000,20.5000,20.5000,20.5000,300,0
QTS.US,5,20131127,204000,20.5000,20.5000,20.5000,20.5000,200,0
QTS.US,5,20131127,204500,20.5000,20.5000,20.5000,20.5000,300,0
QTS.US,5,20131127,205000,20.5000,20.5000,20.4500,20.5000,400,0
QTS.US,5,20131127,205500,20.4500,20.5000,20.4500,20.4900,500,0
QTS.US,5,20131127,210000,20.5000,20.5000,20.4700,20.5000,820,0
QTS.US,5,20131127,210500,20.5000,20.5000,20.5000,20.5000,300,0
QTS.US,5,20131127,211000,20.5000,20.5000,20.4600,20.5000,400,0
QTS.US,5,20131127,211500,20.4600,20.5000,20.4600,20.5000,200,0
QTS.US,5,20131127,213000,20.5000,20.5000,20.5000,20.5000,200,0
QTS.US,5,20131127,214000,20.5000,20.5000,20.5000,20.5000,100,0
QTS.US,5,20131127,215000,20.4900,20.4900,20.4900,20.4900,100,0
QTS.US,5,20131127,215500,20.4900,20.5000,20.4600,20.4900,400,0
QTS.US,5,20131127,220000,20.4900,20.5000,20.4700,20.4700,800,0
QTS.US,5,20131127,220500,20.4700,20.4700,20.4700,20.4700,400,0
QTS.US,5,20131129,161500,20.6500,20.7100,20.6500,20.7100,300,0
QTS.US,5,20131129,163000,20.6700,20.6700,20.6700,20.6700,100,0
QTS.US,5,20131129,171000,20.8300,20.8400,20.7900,20.8100,1000,0
QTS.US,5,20131129,172500,20.8400,20.8400,20.8400,20.8400,100,0
QTS.US,5,20131129,173500,20.8100,20.8100,20.8100,20.8100,100,0
QTS.US,5,20131129,174000,20.8400,20.8400,20.8400,20.8400,100,0
QTS.US,5,20131129,175500,20.8200,20.8200,20.8200,20.8200,400,0
QTS.US,5,20131129,181000,20.8300,20.8300,20.8300,20.8300,100,0
QTS.US,5,20131129,181500,20.8200,20.8300,20.8200,20.8300,200,0
QTS.US,5,20131129,182500,20.8300,20.8300,20.8300,20.8300,200,0
QTS.US,5,20131129,183500,20.8300,20.8300,20.8300,20.8300,100,0
QTS.US,5,20131129,184500,20.8300,20.8400,20.8300,20.8400,1100,0
QTS.US,5,20131129,185000,20.9300,20.9300,20.8200,20.9200,1408,0
QTS.US,5,20131129,185500,20.9200,20.9200,20.8400,20.8800,700,0
QTS.US,5,20131129,190000,20.8400,20.8400,20.8200,20.8200,403,0
QTS.US,5,20131129,190500,20.8200,20.8200,20.8200,20.8200,380,0
QTS.US,5,20131202,154500,20.7100,20.7100,20.7100,20.7100,125,0
QTS.US,5,20131202,155000,20.8100,20.8100,20.6200,20.7500,300,0
QTS.US,5,20131202,155500,20.5100,20.7400,20.5100,20.6500,300,0
QTS.US,5,20131202,160000,20.7400,20.7400,20.5600,20.5600,200,0
QTS.US,5,20131202,160500,20.8500,20.8500,20.6800,20.6800,200,0
QTS.US,5,20131202,161000,20.7800,20.7800,20.7200,20.7200,300,0
QTS.US,5,20131202,161500,20.7500,20.8300,20.7500,20.8300,200,0
QTS.US,5,20131202,162000,20.8800,20.8800,20.8800,20.8800,100,0
QTS.US,5,20131202,163000,20.7300,20.8400,20.7300,20.8400,300,0
QTS.US,5,20131202,163500,20.9100,20.9100,20.6600,20.6600,900,0
QTS.US,5,20131202,164000,20.7900,20.7900,20.6100,20.6100,300,0
QTS.US,5,20131202,164500,20.7000,20.7000,20.5500,20.5500,200,0
QTS.US,5,20131202,165000,20.4300,20.4300,20.4300,20.4300,100,0
QTS.US,5,20131202,165500,20.4200,20.4200,20.4200,20.4200,100,0
QTS.US,5,20131202,170000,20.5800,20.6700,20.5700,20.6700,1600,0
QTS.US,5,20131202,170500,20.6800,20.6800,20.6800,20.6800,100,0
QTS.US,5,20131202,171000,20.7000,20.7000,20.7000,20.7000,100,0
QTS.US,5,20131202,171500,20.7000,20.7000,20.7000,20.7000,100,0
QTS.US,5,20131202,172000,20.7000,20.7000,20.7000,20.7000,100,0
QTS.US,5,20131202,172500,20.7000,20.7000,20.7000,20.7000,100,0
QTS.US,5,20131202,173000,20.5100,20.6800,20.5100,20.6800,200,0
QTS.US,5,20131202,173500,20.5200,20.5200,20.5200,20.5200,100,0
QTS.US,5,20131202,174500,20.5200,20.6500,20.5200,20.6500,200,0
QTS.US,5,20131202,175000,20.7000,20.7000,20.7000,20.7000,100,0
QTS.US,5,20131202,175500,20.5200,20.7000,20.5200,20.7000,200,0
QTS.US,5,20131202,180000,20.6000,20.6500,20.6000,20.6500,200,0
QTS.US,5,20131202,181000,20.7000,20.7000,20.5700,20.5700,700,0
QTS.US,5,20131202,181500,20.6700,20.6700,20.6700,20.6700,100,0
QTS.US,5,20131202,182000,20.5300,20.5300,20.5300,20.5300,100,0
QTS.US,5,20131202,182500,20.5600,20.6500,20.4700,20.6500,300,0
QTS.US,5,20131202,183500,20.4900,20.6600,20.4900,20.6600,1200,0
QTS.US,5,20131202,184000,20.5400,20.6400,20.5300,20.5600,1300,0
QTS.US,5,20131202,184500,20.5700,20.6100,20.5500,20.5700,900,0
QTS.US,5,20131202,190000,20.6700,20.6700,20.6700,20.6700,100,0
QTS.US,5,20131202,190500,20.5000,20.6300,20.5000,20.6300,200,0
QTS.US,5,20131202,191500,20.6600,20.6600,20.6600,20.6600,100,0
QTS.US,5,20131202,192000,20.5000,20.6400,20.5000,20.6400,200,0
QTS.US,5,20131202,192500,20.5000,20.6300,20.5000,20.6300,200,0
QTS.US,5,20131202,193000,20.5100,20.5100,20.5000,20.5000,200,0
QTS.US,5,20131202,193500,20.6000,20.6000,20.5000,20.5000,300,0
QTS.US,5,20131202,194000,20.5900,20.5900,20.5800,20.5800,436,0
QTS.US,5,20131202,194500,20.5000,20.6400,20.5000,20.6400,200,0
QTS.US,5,20131202,195000,20.5000,20.6800,20.5000,20.5500,400,0
QTS.US,5,20131202,195500,20.6300,20.6300,20.5000,20.5200,300,0
QTS.US,5,20131202,200000,20.5500,20.5500,20.5500,20.5500,100,0
QTS.US,5,20131202,200500,20.5000,20.6000,20.5000,20.6000,200,0
QTS.US,5,20131202,201000,20.5000,20.5900,20.5000,20.5900,200,0
QTS.US,5,20131202,201500,20.5000,20.5400,20.5000,20.5300,553,0
QTS.US,5,20131202,202000,20.5000,20.5000,20.5000,20.5000,100,0
QTS.US,5,20131202,202500,20.5800,20.5800,20.5000,20.5000,200,0
QTS.US,5,20131202,203000,20.5700,20.5700,20.5700,20.5700,100,0
QTS.US,5,20131202,203500,20.5000,20.5900,20.5000,20.5900,200,0
QTS.US,5,20131202,204000,20.5000,20.6300,20.5000,20.6300,400,0
QTS.US,5,20131202,204500,20.5000,20.5300,20.4500,20.5300,300,0
QTS.US,5,20131202,205000,20.4300,20.5600,20.4300,20.5600,200,0
QTS.US,5,20131202,205500,20.5600,20.6600,20.4600,20.5600,1671,0
QTS.US,5,20131202,210000,20.6700,20.6700,20.6000,20.6000,200,0
QTS.US,5,20131202,210500,20.6300,20.6400,20.6000,20.6000,300,0
QTS.US,5,20131202,211000,20.6000,20.6000,20.5500,20.5500,400,0
QTS.US,5,20131202,211500,20.5900,20.5900,20.4500,20.5200,400,0
QTS.US,5,20131202,212000,20.5700,20.5700,20.5300,20.5300,300,0
QTS.US,5,20131202,212500,20.5900,20.6000,20.5300,20.6000,458,0
QTS.US,5,20131202,213000,20.6300,20.6300,20.5000,20.5400,1993,0
QTS.US,5,20131202,213500,20.5400,20.5600,20.5000,20.5500,400,0
QTS.US,5,20131202,214000,20.5400,20.5500,20.4900,20.4900,2400,0
QTS.US,5,20131202,214500,20.5300,20.5300,20.4900,20.5000,700,0
QTS.US,5,20131202,215000,20.5100,20.5200,20.4900,20.5100,600,0
QTS.US,5,20131202,215500,20.4900,20.5300,20.4900,20.5100,1200,0
QTS.US,5,20131202,220000,20.5100,20.5200,20.4300,20.4600,1400,0
QTS.US,5,20131202,220500,20.4300,20.4300,20.4300,20.4300,500,0
QTS.US,5,20131203,160000,20.4900,20.4900,20.4900,20.4900,100,0
QTS.US,5,20131203,162500,20.4300,20.6000,20.4300,20.4300,4200,0
QTS.US,5,20131203,163500,20.5000,20.5000,20.5000,20.5000,100,0
QTS.US,5,20131203,164000,20.5700,20.5700,20.4300,20.4400,500,0
QTS.US,5,20131203,165000,20.5000,20.5600,20.5000,20.5600,1095,0
QTS.US,5,20131203,170000,20.5000,20.5000,20.5000,20.5000,1800,0
QTS.US,5,20131203,170500,20.5000,20.5000,20.4400,20.5000,2500,0
QTS.US,5,20131203,171000,20.5000,20.5600,20.5000,20.5600,600,0
QTS.US,5,20131203,171500,20.5000,20.5500,20.4500,20.4500,500,0
QTS.US,5,20131203,173000,20.4200,20.4200,20.4200,20.4200,500,0
QTS.US,5,20131203,173500,20.4900,20.5000,20.4600,20.5000,600,0
QTS.US,5,20131203,174000,20.5000,20.5000,20.4600,20.4600,2900,0
QTS.US,5,20131203,174500,20.5000,20.6000,20.5000,20.5600,3100,0
QTS.US,5,20131203,175000,20.5600,20.5600,20.4900,20.5000,2100,0
QTS.US,5,20131203,175500,20.4700,20.5200,20.4700,20.5000,1400,0
QTS.US,5,20131203,181000,20.5100,20.5100,20.4400,20.4400,1100,0
QTS.US,5,20131203,181500,20.5100,20.5100,20.5100,20.5100,100,0
QTS.US,5,20131203,182000,20.4800,20.4900,20.4800,20.4900,300,0
QTS.US,5,20131203,182500,20.4900,20.4900,20.4700,20.4700,1100,0
QTS.US,5,20131203,183000,20.4400,20.4700,20.4400,20.4500,400,0
QTS.US,5,20131203,183500,20.5000,20.5000,20.5000,20.5000,300,0
QTS.US,5,20131203,184500,20.4500,20.4500,20.4500,20.4500,100,0
QTS.US,5,20131203,185500,20.5000,20.5000,20.5000,20.5000,200,0
QTS.US,5,20131203,190500,20.4600,20.4600,20.4600,20.4600,100,0
QTS.US,5,20131203,191500,20.4800,20.5000,20.4800,20.4800,400,0
QTS.US,5,20131203,192000,20.5000,20.5000,20.5000,20.5000,200,0
QTS.US,5,20131203,192500,20.5000,20.5100,20.5000,20.5100,300,0
QTS.US,5,20131203,193000,20.5000,20.5200,20.5000,20.5000,3000,0
QTS.US,5,20131203,193500,20.5000,20.5000,20.5000,20.5000,1300,0
QTS.US,5,20131203,194000,20.5000,20.5000,20.4800,20.5000,3000,0
QTS.US,5,20131203,194500,20.5000,20.5000,20.5000,20.5000,100,0
QTS.US,5,20131203,195000,20.5000,20.5000,20.4900,20.4900,400,0
QTS.US,5,20131203,195500,20.5000,20.5000,20.5000,20.5000,100,0
QTS.US,5,20131203,200000,20.5200,20.5200,20.5200,20.5200,100,0
QTS.US,5,20131203,200500,20.5200,20.5200,20.5200,20.5200,200,0
QTS.US,5,20131203,201500,20.4900,20.5000,20.4900,20.5000,200,0
QTS.US,5,20131203,202000,20.5200,20.5200,20.5200,20.5200,100,0
QTS.US,5,20131203,202500,20.5200,20.5600,20.5000,20.5000,500,0
QTS.US,5,20131203,203000,20.5300,20.5300,20.5300,20.5300,100,0
QTS.US,5,20131203,204000,20.5100,20.5100,20.5100,20.5100,200,0
QTS.US,5,20131203,204500,20.5300,20.5300,20.5300,20.5300,200,0
QTS.US,5,20131203,205500,20.5500,20.5500,20.5400,20.5400,200,0
QTS.US,5,20131203,210000,20.5200,20.5200,20.5200,20.5200,100,0
QTS.US,5,20131203,211000,20.5300,20.5500,20.5300,20.5500,200,0
QTS.US,5,20131203,211500,20.5500,20.5500,20.5500,20.5500,100,0
QTS.US,5,20131203,212000,20.5500,20.5500,20.5300,20.5300,300,0
QTS.US,5,20131203,213000,20.5300,20.5300,20.5300,20.5300,100,0
QTS.US,5,20131203,213500,20.5500,20.5700,20.5500,20.5700,300,0
QTS.US,5,20131203,214500,20.5700,20.6100,20.5400,20.6100,300,0
QTS.US,5,20131203,215000,20.5600,20.6100,20.5600,20.5800,700,0
QTS.US,5,20131203,215500,20.5700,20.6100,20.5700,20.5800,700,0
QTS.US,5,20131203,220000,20.5800,20.6000,20.4500,20.5200,1504,0
QTS.US,5,20131203,220500,20.5000,20.5000,20.5000,20.5000,450,0
QTS.US,5,20131204,154500,20.6500,20.6500,20.6500,20.6500,100,0
QTS.US,5,20131204,155500,20.6400,20.6400,20.6400,20.6400,100,0
QTS.US,5,20131204,161000,20.6900,20.6900,20.6900,20.6900,200,0
QTS.US,5,20131204,163500,20.8400,20.9400,20.7400,20.7400,400,0
QTS.US,5,20131204,164000,20.6200,20.6200,20.5500,20.5500,400,0
QTS.US,5,20131204,165000,20.7000,20.7700,20.5900,20.5900,300,0
QTS.US,5,20131204,170500,20.7200,20.7200,20.7200,20.7200,100,0
QTS.US,5,20131204,171000,20.6100,20.6100,20.6100,20.6100,100,0
QTS.US,5,20131204,172500,20.6000,20.6000,20.5900,20.5900,200,0
QTS.US,5,20131204,173000,20.5700,20.5700,20.5700,20.5700,100,0
QTS.US,5,20131204,173500,20.5400,20.5400,20.5400,20.5400,400,0
QTS.US,5,20131204,174000,20.5400,20.5700,20.5400,20.5400,500,0
QTS.US,5,20131204,180500,20.5400,20.5700,20.5300,20.5300,1050,0
QTS.US,5,20131204,181000,20.5000,20.5000,20.5000,20.5000,100,0
QTS.US,5,20131204,182500,20.5500,20.5500,20.5500,20.5500,100,0
QTS.US,5,20131204,184000,20.5900,20.5900,20.5000,20.5000,200,0
QTS.US,5,20131204,184500,20.5900,20.5900,20.5500,20.5500,200,0
QTS.US,5,20131204,185000,20.5500,20.5500,20.5000,20.5000,200,0
QTS.US,5,20131204,190500,20.5900,20.5900,20.5900,20.5900,100,0
QTS.US,5,20131204,191000,20.5500,20.5500,20.5500,20.5500,100,0
QTS.US,5,20131204,192500,20.5400,20.5400,20.5400,20.5400,100,0
QTS.US,5,20131204,193000,20.5000,20.5300,20.5000,20.5000,500,0
QTS.US,5,20131204,194500,20.5100,20.5300,20.5000,20.5300,500,0
QTS.US,5,20131204,195000,20.5000,20.5000,20.5000,20.5000,100,0
QTS.US,5,20131204,195500,20.5000,20.5100,20.5000,20.5000,400,0
QTS.US,5,20131204,200000,20.5000,20.5200,20.5000,20.5200,200,0
QTS.US,5,20131204,200500,20.5300,20.5300,20.5100,20.5100,200,0
QTS.US,5,20131204,201000,20.5500,20.5500,20.5500,20.5500,200,0
QTS.US,5,20131204,201500,20.5600,20.5600,20.5300,20.5300,200,0
QTS.US,5,20131204,202000,20.5300,20.5600,20.5200,20.5600,300,0
QTS.US,5,20131204,202500,20.5300,20.5600,20.5100,20.5100,400,0
QTS.US,5,20131204,203000,20.5700,20.5700,20.5700,20.5700,100,0
QTS.US,5,20131204,203500,20.5400,20.5400,20.5100,20.5100,300,0
QTS.US,5,20131204,205000,20.5500,20.5500,20.5500,20.5500,100,0
QTS.US,5,20131204,210000,20.5500,20.5500,20.5200,20.5200,200,0
QTS.US,5,20131204,211000,20.5700,20.5700,20.5700,20.5700,100,0
QTS.US,5,20131204,212000,20.5500,20.5500,20.5500,20.5500,100,0
QTS.US,5,20131204,212500,20.5700,20.5700,20.5200,20.5200,600,0
QTS.US,5,20131204,213000,20.5200,20.5200,20.5200,20.5200,100,0
QTS.US,5,20131204,214000,20.5400,20.5400,20.5100,20.5400,400,0
QTS.US,5,20131204,215000,20.5000,20.5000,20.5000,20.5000,600,0
QTS.US,5,20131204,215500,20.4900,20.5000,20.4900,20.5000,1728,0
QTS.US,5,20131204,220000,20.4900,20.4900,20.4700,20.4900,500,0
QTS.US,5,20131204,220500,20.4700,20.4700,20.4700,20.4700,547,0
QTS.US,5,20131205,160500,20.2900,20.2900,20.2600,20.2600,1200,0
QTS.US,5,20131205,161000,20.4600,20.4600,20.4600,20.4600,100,0
QTS.US,5,20131205,162000,20.4600,20.4600,20.4600,20.4600,100,0
QTS.US,5,20131205,164500,20.3500,20.3500,20.3500,20.3500,100,0
QTS.US,5,20131205,165500,20.3000,20.3000,20.3000,20.3000,600,0
QTS.US,5,20131205,172500,20.3000,20.3000,20.3000,20.3000,100,0
QTS.US,5,20131205,173500,20.4500,20.4500,20.4500,20.4500,102,0
QTS.US,5,20131205,174000,20.4200,20.4200,20.4200,20.4200,118,0
QTS.US,5,20131205,174500,20.2500,20.4400,20.2300,20.4200,1068,0
QTS.US,5,20131205,175000,20.3700,20.3700,20.3700,20.3700,100,0
QTS.US,5,20131205,175500,20.2300,20.2300,20.1800,20.1800,600,0
QTS.US,5,20131205,180500,20.1800,20.1800,20.1800,20.1800,100,0
QTS.US,5,20131205,181500,20.1900,20.3800,20.1900,20.3500,2568,0
QTS.US,5,20131205,182000,20.3500,20.5300,20.3200,20.5300,5039,0
QTS.US,5,20131205,182500,20.5900,20.5900,20.5900,20.5900,200,0
QTS.US,5,20131205,183000,20.5200,20.5200,20.4000,20.4000,600,0
QTS.US,5,20131205,183500,20.4000,20.4000,20.3500,20.3500,500,0
QTS.US,5,20131205,184500,20.3500,20.3500,20.3500,20.3500,100,0
QTS.US,5,20131205,185000,20.3500,20.3500,20.3500,20.3500,100,0
QTS.US,5,20131205,185500,20.5000,20.5000,20.5000,20.5000,100,0
QTS.US,5,20131205,190000,20.5000,20.5000,20.5000,20.5000,100,0
QTS.US,5,20131205,191000,20.4300,20.4300,20.4300,20.4300,200,0
QTS.US,5,20131205,191500,20.5700,20.5700,20.5700,20.5700,100,0
QTS.US,5,20131205,192500,20.5700,20.5800,20.5500,20.5600,800,0
QTS.US,5,20131205,193000,20.5900,20.5900,20.4600,20.4600,400,0
QTS.US,5,20131205,194500,20.6000,20.6000,20.4100,20.4100,300,0
QTS.US,5,20131205,195500,20.6000,20.6000,20.6000,20.6000,100,0
QTS.US,5,20131205,201000,20.6500,20.6500,20.5200,20.5200,200,0
QTS.US,5,20131205,201500,20.6500,20.6500,20.5500,20.5500,200,0
QTS.US,5,20131205,202500,20.7500,20.7500,20.6100,20.6700,500,0
QTS.US,5,20131205,203000,20.7100,20.7100,20.5800,20.5900,2900,0
QTS.US,5,20131205,203500,20.6400,20.6900,20.5100,20.5100,2018,0
QTS.US,5,20131205,204000,20.5100,20.5100,20.5100,20.5100,200,0
QTS.US,5,20131205,205000,20.5100,20.6300,20.5100,20.6300,5547,0
QTS.US,5,20131205,205500,20.6300,20.6300,20.6200,20.6200,1100,0
QTS.US,5,20131205,210000,20.4300,20.5900,20.4300,20.5900,800,0
QTS.US,5,20131205,211000,20.4000,20.5900,20.4000,20.4400,485,0
QTS.US,5,20131205,211500,20.4400,20.4400,20.4400,20.4400,100,0
QTS.US,5,20131205,212500,20.5300,20.5300,20.4000,20.4000,200,0
QTS.US,5,20131205,213000,20.3800,20.3900,20.3800,20.3900,200,0
QTS.US,5,20131205,213500,20.5000,20.5000,20.4200,20.5000,400,0
QTS.US,5,20131205,214500,20.5900,20.5900,20.5900,20.5900,100,0
QTS.US,5,20131205,215000,20.5800,20.5800,20.5500,20.5500,200,0
QTS.US,5,20131205,215500,20.3800,20.5100,20.3700,20.5000,874,0
QTS.US,5,20131205,220000,20.5100,20.6000,20.5000,20.6000,5800,0
QTS.US,5,20131205,220500,20.5000,20.5000,20.5000,20.5000,4800,0
QTS.US,5,20131206,153500,20.7000,20.7000,20.7000,20.7000,200,0
QTS.US,5,20131206,155500,20.7000,20.7000,20.7000,20.7000,221,0
QTS.US,5,20131206,161000,20.7700,20.7700,20.7500,20.7500,685,0
QTS.US,5,20131206,161500,20.7000,20.9000,20.7000,20.9000,700,0
QTS.US,5,20131206,162000,20.8800,20.8800,20.8800,20.8800,200,0
QTS.US,5,20131206,163500,20.8500,20.8500,20.8300,20.8300,428,0
QTS.US,5,20131206,165000,20.7900,20.7900,20.7900,20.7900,500,0
QTS.US,5,20131206,170000,20.7300,20.7300,20.7300,20.7300,350,0
QTS.US,5,20131206,171500,20.7900,20.8400,20.7300,20.8400,92200,0
QTS.US,5,20131206,172500,20.6800,20.6800,20.6800,20.6800,100,0
QTS.US,5,20131206,173000,20.6900,20.6900,20.6900,20.6900,100,0
QTS.US,5,20131206,173500,20.6800,20.6800,20.6800,20.6800,200,0
QTS.US,5,20131206,174000,20.5800,20.5800,20.5800,20.5800,100,0
QTS.US,5,20131206,174500,20.6200,20.6200,20.5900,20.5900,200,0
QTS.US,5,20131206,175000,20.5500,20.6400,20.5500,20.5700,1400,0
QTS.US,5,20131206,180000,20.5700,20.5700,20.5700,20.5700,100,0
QTS.US,5,20131206,181000,20.5700,20.5700,20.5700,20.5700,100,0
QTS.US,5,20131206,182000,20.6000,20.6000,20.6000,20.6000,200,0
QTS.US,5,20131206,183000,20.5700,20.8000,20.5700,20.8000,4262,0
QTS.US,5,20131206,183500,20.8300,20.9500,20.6900,20.8300,2200,0
QTS.US,5,20131206,190000,20.8600,20.8600,20.8600,20.8600,100,0
QTS.US,5,20131206,190500,20.9100,20.9300,20.9100,20.9100,400,0
QTS.US,5,20131206,191000,20.9200,20.9300,20.8900,20.8900,500,0
QTS.US,5,20131206,192000,20.8900,20.8900,20.8400,20.8400,500,0
QTS.US,5,20131206,192500,20.7600,20.7600,20.7000,20.7600,750,0
QTS.US,5,20131206,193000,20.7600,20.7600,20.7600,20.7600,100,0
QTS.US,5,20131206,194000,20.8300,20.8500,20.8000,20.8500,1759,0
QTS.US,5,20131206,194500,20.8400,20.8400,20.8400,20.8400,100,0
QTS.US,5,20131206,195000,20.8600,20.8900,20.8300,20.8900,700,0
QTS.US,5,20131206,200000,20.8600,20.8600,20.8600,20.8600,200,0
QTS.US,5,20131206,200500,20.8600,20.8900,20.8300,20.8900,880,0
QTS.US,5,20131206,201000,20.8300,20.8800,20.8300,20.8800,300,0
QTS.US,5,20131206,203500,20.8600,20.8900,20.8600,20.8900,300,0
QTS.US,5,20131206,204000,20.8600,20.8900,20.8600,20.8900,200,0
QTS.US,5,20131206,204500,20.7800,20.9400,20.7800,20.9100,1636,0
QTS.US,5,20131206,205000,20.9200,20.9200,20.9200,20.9200,100,0
QTS.US,5,20131206,205500,20.9300,20.9300,20.9300,20.9300,100,0
QTS.US,5,20131206,210000,20.9300,21.0000,20.9300,20.9300,1200,0
QTS.US,5,20131206,210500,21.0000,21.0000,21.0000,21.0000,400,0
QTS.US,5,20131206,211500,20.9700,20.9700,20.9700,20.9700,100,0
QTS.US,5,20131206,212500,20.9700,20.9700,20.9200,20.9300,700,0
QTS.US,5,20131206,213000,20.8900,20.8900,20.8700,20.8700,362,0
QTS.US,5,20131206,214000,20.8800,20.8800,20.8800,20.8800,100,0
QTS.US,5,20131206,214500,20.9000,20.9000,20.9000,20.9000,200,0
QTS.US,5,20131206,215000,20.8800,20.8800,20.8600,20.8600,200,0
QTS.US,5,20131206,215500,20.8900,20.9000,20.8900,20.9000,600,0
QTS.US,5,20131206,220000,20.9200,20.9600,20.8700,20.9200,1500,0
QTS.US,5,20131206,220500,20.9200,20.9200,20.9200,20.9200,982,0
QTS.US,5,20131209,153500,21.0000,21.0000,20.8100,20.9600,1100,0
QTS.US,5,20131209,154000,21.0000,21.0000,21.0000,21.0000,300,0
QTS.US,5,20131209,155000,20.8400,21.0000,20.8400,21.0000,600,0
QTS.US,5,20131209,155500,20.9300,21.0400,20.9300,21.0400,450,0
QTS.US,5,20131209,160000,21.0500,21.0500,21.0500,21.0500,3200,0
QTS.US,5,20131209,161000,21.0000,21.0000,20.9500,21.0000,1325,0
QTS.US,5,20131209,161500,21.0100,21.0100,21.0100,21.0100,1200,0
QTS.US,5,20131209,163000,20.9900,21.0000,20.9800,20.9800,964,0
QTS.US,5,20131209,163500,20.9600,20.9600,20.9400,20.9400,1230,0
QTS.US,5,20131209,165000,20.9200,20.9200,20.9200,20.9200,600,0
QTS.US,5,20131209,165500,21.0000,21.0300,20.9700,21.0000,1600,0
QTS.US,5,20131209,170000,21.0200,21.0200,20.9900,20.9900,1400,0
QTS.US,5,20131209,170500,20.9600,21.0500,20.9500,20.9700,7400,0
QTS.US,5,20131209,171000,20.9900,21.0000,20.8200,20.9900,11200,0
QTS.US,5,20131209,171500,20.9900,21.0200,20.9200,20.9800,12370,0
QTS.US,5,20131209,172000,20.9700,21.0000,20.9300,21.0000,1300,0
QTS.US,5,20131209,172500,21.0000,21.0000,20.9600,21.0000,4700,0
QTS.US,5,20131209,173000,21.0000,21.0000,20.9800,20.9800,2800,0
QTS.US,5,20131209,173500,20.9700,20.9900,20.9700,20.9800,1600,0
QTS.US,5,20131209,174500,20.9700,20.9700,20.9700,20.9700,600,0
QTS.US,5,20131209,175000,20.9300,20.9500,20.8600,20.9500,700,0
QTS.US,5,20131209,175500,20.8900,20.8900,20.8900,20.8900,100,0
QTS.US,5,20131209,180000,20.9500,20.9700,20.9500,20.9700,600,0
QTS.US,5,20131209,180500,20.8600,20.9600,20.8600,20.9600,500,0
QTS.US,5,20131209,181000,20.8600,20.9500,20.8600,20.8600,900,0
QTS.US,5,20131209,181500,20.9600,20.9600,20.9600,20.9600,200,0
QTS.US,5,20131209,182000,20.9600,20.9600,20.9600,20.9600,800,0
QTS.US,5,20131209,183500,20.9700,20.9700,20.9700,20.9700,1200,0
QTS.US,5,20131209,184000,20.9700,20.9700,20.9700,20.9700,800,0
QTS.US,5,20131209,184500,20.9600,20.9600,20.9600,20.9600,300,0
QTS.US,5,20131209,185500,20.9700,20.9700,20.9700,20.9700,800,0
QTS.US,5,20131209,190000,20.9700,20.9700,20.9400,20.9400,1700,0
QTS.US,5,20131209,190500,20.9400,20.9400,20.9400,20.9400,500,0
QTS.US,5,20131209,191000,20.9700,20.9700,20.9700,20.9700,400,0
QTS.US,5,20131209,192000,20.9700,20.9700,20.9300,20.9300,1900,0
QTS.US,5,20131209,192500,20.9500,20.9800,20.9500,20.9800,1400,0
QTS.US,5,20131209,193000,20.9400,21.0200,20.9300,21.0100,2890,0
QTS.US,5,20131209,193500,21.0500,21.1000,21.0500,21.0600,4750,0
QTS.US,5,20131209,194000,21.0200,21.0200,21.0200,21.0200,500,0
QTS.US,5,20131209,194500,20.9500,21.0100,20.9000,21.0000,3300,0
QTS.US,5,20131209,195500,20.9800,21.0000,20.9500,20.9600,3400,0
QTS.US,5,20131209,200000,20.9600,20.9900,20.9200,20.9600,5256,0
QTS.US,5,20131209,201000,21.0100,21.0100,20.9800,21.0000,850,0
QTS.US,5,20131209,201500,20.9700,20.9700,20.9700,20.9700,900,0
QTS.US,5,20131209,202000,20.9900,21.0200,20.9500,21.0100,10900,0
QTS.US,5,20131209,202500,20.9700,21.0200,20.9200,20.9700,4200,0
QTS.US,5,20131209,203000,20.9700,21.0200,20.9500,20.9500,900,0
QTS.US,5,20131209,203500,20.9800,21.0000,20.9500,20.9500,3060,0
QTS.US,5,20131209,204000,20.9500,21.0000,20.9500,21.0000,4800,0
QTS.US,5,20131209,204500,20.9700,21.0000,20.9700,21.0000,400,0
QTS.US,5,20131209,205000,21.0000,21.0000,20.9700,20.9700,500,0
QTS.US,5,20131209,210000,21.0000,21.0300,21.0000,21.0300,700,0
QTS.US,5,20131209,210500,21.0200,21.0200,20.9700,20.9700,400,0
QTS.US,5,20131209,211000,21.0200,21.0700,21.0200,21.0700,600,0
QTS.US,5,20131209,211500,21.0300,21.0300,20.9900,20.9900,1000,0
QTS.US,5,20131209,212000,21.0300,21.0300,21.0300,21.0300,600,0
QTS.US,5,20131209,212500,21.0700,21.0700,20.9900,20.9900,1200,0
QTS.US,5,20131209,213000,21.0200,21.0900,21.0200,21.0900,1160,0
QTS.US,5,20131209,213500,21.0100,21.0800,21.0100,21.0600,1400,0
QTS.US,5,20131209,214000,21.0600,21.0900,21.0200,21.0400,2100,0
QTS.US,5,20131209,214500,21.0300,21.0500,21.0200,21.0500,1700,0
QTS.US,5,20131209,215000,21.0700,21.0900,21.0100,21.0700,3651,0
QTS.US,5,20131209,215500,21.0500,21.0500,21.0100,21.0100,3527,0
QTS.US,5,20131209,220000,20.9700,20.9900,20.9300,20.9600,1992,0
QTS.US,5,20131209,220500,20.9800,20.9800,20.9800,20.9800,2000,0
