<TICKER>,<PER>,<DTYYYYMMDD>,<TIME>,<OPEN>,<HIGH>,<LOW>,<CLOSE>,<VOL>,<OPENINT>
REN.US,5,20131112,153500,8.9300,8.9400,8.8900,8.9400,1340,0
REN.US,5,20131112,154000,8.8700,8.9400,8.8400,8.9000,7600,0
REN.US,5,20131112,154500,8.8800,8.9300,8.8100,8.8200,3500,0
REN.US,5,20131112,155000,8.8600,8.9500,8.8500,8.9000,4800,0
REN.US,5,20131112,155500,8.9400,8.9600,8.8800,8.8900,3900,0
REN.US,5,20131112,160000,8.9000,8.9500,8.8800,8.9500,6900,0
REN.US,5,20131112,160500,8.9400,8.9500,8.8400,8.8600,8000,0
REN.US,5,20131112,161000,8.8600,8.9100,8.8500,8.8700,4200,0
REN.US,5,20131112,161500,8.8800,8.9200,8.8800,8.8800,4000,0
REN.US,5,20131112,162000,8.8800,8.9700,8.8800,8.9700,3700,0
REN.US,5,20131112,162500,8.9800,8.9900,8.9100,8.9700,3500,0
REN.US,5,20131112,163000,8.9500,8.9600,8.9400,8.9600,3975,0
REN.US,5,20131112,163500,8.9500,8.9500,8.8900,8.9200,3500,0
REN.US,5,20131112,164000,8.9000,8.9400,8.9000,8.9400,2600,0
REN.US,5,20131112,164500,8.9100,8.9400,8.9100,8.9300,1700,0
REN.US,5,20131112,165000,8.9400,8.9400,8.9100,8.9300,2400,0
REN.US,5,20131112,165500,8.9300,8.9300,8.8600,8.9200,4936,0
REN.US,5,20131112,170000,8.9100,8.9100,8.8900,8.8900,2200,0
REN.US,5,20131112,170500,8.8800,8.8900,8.8100,8.8400,11394,0
REN.US,5,20131112,171000,8.8400,8.8500,8.8200,8.8400,3500,0
REN.US,5,20131112,171500,8.8400,8.8900,8.8400,8.8800,6526,0
REN.US,5,20131112,172000,8.8900,8.9000,8.8500,8.8500,4120,0
REN.US,5,20131112,172500,8.8500,8.8900,8.8300,8.8700,5200,0
REN.US,5,20131112,173000,8.8700,8.8700,8.8700,8.8700,1200,0
REN.US,5,20131112,173500,8.8800,8.9100,8.8800,8.9000,3600,0
REN.US,5,20131112,174000,8.9000,8.9200,8.8900,8.8900,2700,0
REN.US,5,20131112,174500,8.8800,8.9000,8.8800,8.8800,4636,0
REN.US,5,20131112,175000,8.8800,8.8800,8.8500,8.8500,3500,0
REN.US,5,20131112,175500,8.8500,8.8700,8.8500,8.8600,700,0
REN.US,5,20131112,180000,8.8700,8.8800,8.8700,8.8800,300,0
REN.US,5,20131112,180500,8.8800,8.9000,8.8600,8.8600,3321,0
REN.US,5,20131112,181000,8.8700,8.8700,8.8400,8.8400,5300,0
REN.US,5,20131112,181500,8.8400,8.8400,8.8300,8.8400,2100,0
REN.US,5,20131112,182000,8.8400,8.8500,8.8200,8.8400,7331,0
REN.US,5,20131112,182500,8.8300,8.8400,8.8000,8.8300,6226,0
REN.US,5,20131112,183000,8.8400,8.8500,8.8100,8.8400,4485,0
REN.US,5,20131112,183500,8.8200,8.8700,8.8200,8.8700,3100,0
REN.US,5,20131112,184000,8.8600,8.8900,8.8600,8.8900,2500,0
REN.US,5,20131112,184500,8.8900,8.9000,8.8800,8.8900,4900,0
REN.US,5,20131112,185000,8.9000,8.9400,8.9000,8.9400,3169,0
REN.US,5,20131112,185500,8.9300,8.9400,8.9200,8.9200,5487,0
REN.US,5,20131112,190000,8.9200,8.9300,8.9100,8.9100,2600,0
REN.US,5,20131112,190500,8.9200,8.9200,8.8900,8.9000,3300,0
REN.US,5,20131112,191000,8.9000,8.9100,8.8900,8.8900,2686,0
REN.US,5,20131112,191500,8.8700,8.8800,8.8600,8.8600,3300,0
REN.US,5,20131112,192000,8.8700,8.8800,8.8600,8.8600,4300,0
REN.US,5,20131112,192500,8.8600,8.8800,8.8500,8.8700,2600,0
REN.US,5,20131112,193000,8.8600,8.8700,8.8600,8.8600,1998,0
REN.US,5,20131112,193500,8.8500,8.8700,8.8500,8.8600,3730,0
REN.US,5,20131112,194000,8.8500,8.8500,8.7900,8.8100,13393,0
REN.US,5,20131112,194500,8.8200,8.8300,8.7800,8.8100,2918,0
REN.US,5,20131112,195000,8.8100,8.8200,8.8000,8.8200,1100,0
REN.US,5,20131112,195500,8.8200,8.8300,8.8200,8.8200,6500,0
REN.US,5,20131112,200000,8.8200,8.8300,8.8100,8.8200,1200,0
REN.US,5,20131112,200500,8.8200,8.8200,8.8100,8.8100,1012,0
REN.US,5,20131112,201000,8.8100,8.8100,8.7900,8.7900,1500,0
REN.US,5,20131112,201500,8.7800,8.8200,8.7800,8.8200,12474,0
REN.US,5,20131112,202000,8.8000,8.8200,8.7900,8.8200,3500,0
REN.US,5,20131112,202500,8.8100,8.8100,8.7800,8.7900,3400,0
REN.US,5,20131112,203000,8.7800,8.7900,8.7400,8.7500,17693,0
REN.US,5,20131112,203500,8.7400,8.7700,8.7400,8.7600,4100,0
REN.US,5,20131112,204000,8.7500,8.7700,8.7500,8.7700,1900,0
REN.US,5,20131112,204500,8.7700,8.7700,8.7400,8.7600,3206,0
REN.US,5,20131112,205000,8.7500,8.7700,8.7500,8.7700,3306,0
REN.US,5,20131112,205500,8.7700,8.7800,8.7500,8.7500,1600,0
REN.US,5,20131112,210000,8.7500,8.8300,8.7400,8.7900,10300,0
REN.US,5,20131112,210500,8.7900,8.8200,8.7800,8.7800,3864,0
REN.US,5,20131112,211000,8.7800,8.8000,8.7600,8.8000,4777,0
REN.US,5,20131112,211500,8.7900,8.8700,8.7700,8.7800,15694,0
REN.US,5,20131112,212000,8.7800,8.7900,8.7700,8.7700,5302,0
REN.US,5,20131112,212500,8.7700,8.8100,8.7300,8.7600,18392,0
REN.US,5,20131112,213000,8.7500,8.7600,8.7300,8.7600,7800,0
REN.US,5,20131112,213500,8.7600,8.8000,8.7500,8.7900,8996,0
REN.US,5,20131112,214000,8.7900,8.8200,8.7700,8.7800,13597,0
REN.US,5,20131112,214500,8.7800,8.8200,8.7800,8.8100,13894,0
REN.US,5,20131112,215000,8.8100,8.8100,8.7400,8.7800,32147,0
REN.US,5,20131112,215500,8.7700,8.8000,8.7600,8.7800,36330,0
REN.US,5,20131112,220000,8.7900,8.8600,8.7800,8.8500,77835,0
REN.US,5,20131112,220500,8.8500,8.8500,8.8500,8.8500,128345,0
REN.US,5,20131113,153500,8.9500,9.2200,8.9500,9.1900,23600,0
REN.US,5,20131113,154000,9.2200,9.2200,9.0300,9.0400,25497,0
REN.US,5,20131113,154500,9.0300,9.0600,8.9600,9.0400,7000,0
REN.US,5,20131113,155000,9.0200,9.1000,9.0200,9.1000,12300,0
REN.US,5,20131113,155500,9.1100,9.1900,9.0800,9.1800,15839,0
REN.US,5,20131113,160000,9.1700,9.3100,9.1200,9.2800,13290,0
REN.US,5,20131113,160500,9.2500,9.3100,9.2100,9.2500,12200,0
REN.US,5,20131113,161000,9.2800,9.3200,9.2600,9.3200,25700,0
REN.US,5,20131113,161500,9.3100,9.4200,9.3000,9.3700,10895,0
REN.US,5,20131113,162000,9.3800,9.5200,9.3800,9.4700,14001,0
REN.US,5,20131113,162500,9.4800,9.5300,9.4600,9.5100,12300,0
REN.US,5,20131113,163000,9.5200,9.6100,9.5100,9.5700,17534,0
REN.US,5,20131113,163500,9.5700,9.6200,9.5500,9.5500,16995,0
REN.US,5,20131113,164000,9.5300,9.6100,9.5200,9.5900,9613,0
REN.US,5,20131113,164500,9.6000,9.6000,9.5400,9.5500,2500,0
REN.US,5,20131113,165000,9.5500,9.5700,9.5300,9.5600,9675,0
REN.US,5,20131113,165500,9.5400,9.5700,9.5300,9.5500,9140,0
REN.US,5,20131113,170000,9.5300,9.5400,9.4800,9.5000,7552,0
REN.US,5,20131113,170500,9.5000,9.5000,9.4500,9.4600,6400,0
REN.US,5,20131113,171000,9.4500,9.4500,9.4000,9.4400,6091,0
REN.US,5,20131113,171500,9.4200,9.4200,9.3600,9.3600,3215,0
REN.US,5,20131113,172000,9.3700,9.3700,9.3200,9.3300,13005,0
REN.US,5,20131113,172500,9.3300,9.3300,9.2800,9.2800,22918,0
REN.US,5,20131113,173000,9.2700,9.2900,9.2700,9.2700,4200,0
REN.US,5,20131113,173500,9.2700,9.2700,9.2600,9.2700,800,0
REN.US,5,20131113,174000,9.2500,9.2500,9.1900,9.2000,8200,0
REN.US,5,20131113,174500,9.2000,9.2000,9.1000,9.1500,29799,0
REN.US,5,20131113,175000,9.1500,9.1500,9.1400,9.1500,900,0
REN.US,5,20131113,175500,9.1400,9.1700,9.1400,9.1600,6189,0
REN.US,5,20131113,180000,9.1600,9.1600,9.1500,9.1600,2100,0
REN.US,5,20131113,180500,9.1500,9.1500,9.1000,9.1200,9960,0
REN.US,5,20131113,181000,9.1100,9.1100,9.0600,9.0700,4252,0
REN.US,5,20131113,181500,9.0700,9.1000,9.0600,9.0900,9400,0
REN.US,5,20131113,182000,9.1000,9.1300,9.0900,9.1100,8397,0
REN.US,5,20131113,182500,9.1100,9.1300,9.1000,9.1200,2400,0
REN.US,5,20131113,183000,9.1100,9.1200,9.1000,9.1100,1200,0
REN.US,5,20131113,183500,9.1000,9.1400,9.0800,9.1200,9013,0
REN.US,5,20131113,184000,9.1100,9.1100,9.1000,9.1000,1800,0
REN.US,5,20131113,184500,9.0900,9.1200,9.0900,9.1200,1300,0
REN.US,5,20131113,185000,9.1200,9.1200,9.0900,9.0900,2700,0
REN.US,5,20131113,185500,9.0900,9.0900,9.0700,9.0800,2601,0
REN.US,5,20131113,190000,9.0700,9.1000,9.0500,9.0500,6287,0
REN.US,5,20131113,190500,9.0600,9.0700,9.0500,9.0500,5400,0
REN.US,5,20131113,191000,9.0600,9.0600,9.0300,9.0500,2076,0
REN.US,5,20131113,191500,9.0500,9.0600,9.0100,9.0100,6400,0
REN.US,5,20131113,192000,9.0200,9.0300,9.0100,9.0300,5854,0
REN.US,5,20131113,192500,9.0300,9.0500,9.0300,9.0500,2925,0
REN.US,5,20131113,193000,9.0500,9.0600,9.0400,9.0600,3885,0
REN.US,5,20131113,193500,9.0600,9.0900,9.0500,9.0800,3200,0
REN.US,5,20131113,194000,9.0900,9.1000,9.0500,9.0500,8500,0
REN.US,5,20131113,194500,9.0500,9.0500,9.0300,9.0300,2800,0
REN.US,5,20131113,195000,9.0300,9.0800,9.0300,9.0800,8771,0
REN.US,5,20131113,195500,9.0700,9.0700,9.0600,9.0700,600,0
REN.US,5,20131113,200000,9.0700,9.0800,9.0700,9.0700,2103,0
REN.US,5,20131113,200500,9.0700,9.0900,9.0700,9.0700,4345,0
REN.US,5,20131113,201000,9.0800,9.0800,9.0400,9.0500,2264,0
REN.US,5,20131113,201500,9.0500,9.0500,9.0200,9.0300,3100,0
REN.US,5,20131113,202000,9.0200,9.0400,9.0200,9.0300,4300,0
REN.US,5,20131113,202500,9.0300,9.0400,8.9800,8.9800,15242,0
REN.US,5,20131113,203000,9.0000,9.0100,8.9400,8.9800,13737,0
REN.US,5,20131113,203500,8.9700,8.9800,8.9100,8.9300,27217,0
REN.US,5,20131113,204000,8.9200,8.9600,8.9100,8.9500,6699,0
REN.US,5,20131113,204500,8.9600,8.9700,8.9300,8.9300,5200,0
REN.US,5,20131113,205000,8.9300,8.9300,8.9100,8.9100,1600,0
REN.US,5,20131113,205500,8.9100,8.9700,8.9000,8.9600,10382,0
REN.US,5,20131113,210000,8.9500,8.9600,8.9300,8.9300,16661,0
REN.US,5,20131113,210500,8.9300,8.9300,8.9100,8.9200,5400,0
REN.US,5,20131113,211000,8.9100,8.9100,8.9000,8.9000,7830,0
REN.US,5,20131113,211500,8.8900,8.9200,8.8900,8.8900,18441,0
REN.US,5,20131113,212000,8.9000,8.9500,8.8900,8.9100,34961,0
REN.US,5,20131113,212500,8.9100,8.9100,8.8800,8.9100,19991,0
REN.US,5,20131113,213000,8.9100,8.9100,8.8800,8.8900,11614,0
REN.US,5,20131113,213500,8.8900,8.8900,8.8200,8.8700,32775,0
REN.US,5,20131113,214000,8.8700,8.8700,8.8300,8.8500,15440,0
REN.US,5,20131113,214500,8.8600,8.9000,8.8500,8.8800,30253,0
REN.US,5,20131113,215000,8.8800,8.8900,8.8600,8.8700,17862,0
REN.US,5,20131113,215500,8.8800,8.8900,8.7800,8.8000,101881,0
REN.US,5,20131113,220000,8.8100,8.8700,8.8100,8.8700,66566,0
REN.US,5,20131113,220500,8.8700,8.8700,8.8700,8.8700,600,0
REN.US,5,20131113,221000,8.8600,8.8600,8.8600,8.8600,43138,0
REN.US,5,20131114,153500,8.8700,8.8900,8.8400,8.8400,1816,0
REN.US,5,20131114,154000,8.8100,8.8500,8.8000,8.8500,1200,0
REN.US,5,20131114,154500,8.8300,8.8300,8.7200,8.7200,13200,0
REN.US,5,20131114,155000,8.7200,8.8200,8.7200,8.7400,15355,0
REN.US,5,20131114,155500,8.7300,8.8000,8.7300,8.8000,7698,0
REN.US,5,20131114,160000,8.7600,8.7900,8.6600,8.7300,13704,0
REN.US,5,20131114,160500,8.7300,8.7800,8.6800,8.6800,14232,0
REN.US,5,20131114,161000,8.7000,8.7200,8.6600,8.6600,8805,0
REN.US,5,20131114,161500,8.6700,8.7900,8.6700,8.7900,5395,0
REN.US,5,20131114,162000,8.7700,8.8100,8.7500,8.8100,17532,0
REN.US,5,20131114,162500,8.8100,8.8300,8.7900,8.8100,6683,0
REN.US,5,20131114,163000,8.8000,8.8100,8.7500,8.7700,10691,0
REN.US,5,20131114,163500,8.7800,8.8400,8.7800,8.8400,4498,0
REN.US,5,20131114,164000,8.8300,8.8500,8.8200,8.8400,4423,0
REN.US,5,20131114,164500,8.8600,8.8700,8.8400,8.8700,5605,0
REN.US,5,20131114,165000,8.8800,8.9100,8.8700,8.8700,12459,0
REN.US,5,20131114,165500,8.8700,8.8700,8.8500,8.8600,4500,0
REN.US,5,20131114,170000,8.8400,8.8500,8.8000,8.8500,7700,0
REN.US,5,20131114,170500,8.8600,8.8600,8.7800,8.8100,4827,0
REN.US,5,20131114,171000,8.8100,8.8400,8.7900,8.7900,6926,0
REN.US,5,20131114,171500,8.7900,8.8000,8.7700,8.8000,5035,0
REN.US,5,20131114,172000,8.8000,8.9000,8.8000,8.8800,12026,0
REN.US,5,20131114,172500,8.8600,8.9300,8.8500,8.9300,8997,0
REN.US,5,20131114,173000,8.9300,8.9400,8.8800,8.9200,16874,0
REN.US,5,20131114,173500,8.9200,8.9500,8.9200,8.9300,18364,0
REN.US,5,20131114,174000,8.9400,8.9500,8.9300,8.9500,7500,0
REN.US,5,20131114,174500,8.9500,9.0200,8.9500,9.0100,21371,0
REN.US,5,20131114,175000,9.0200,9.0400,9.0000,9.0000,7806,0
REN.US,5,20131114,175500,8.9900,9.0100,8.9800,8.9800,4801,0
REN.US,5,20131114,180000,8.9700,9.0100,8.9500,9.0100,8658,0
REN.US,5,20131114,180500,9.0000,9.0100,9.0000,9.0100,1600,0
REN.US,5,20131114,181000,9.0200,9.0800,9.0100,9.0600,13872,0
REN.US,5,20131114,181500,9.0500,9.0500,9.0300,9.0300,4000,0
REN.US,5,20131114,182000,9.0200,9.0600,9.0100,9.0600,5874,0
REN.US,5,20131114,182500,9.0600,9.1200,9.0500,9.1100,8101,0
REN.US,5,20131114,183000,9.1000,9.1400,9.0900,9.1200,7217,0
REN.US,5,20131114,183500,9.1300,9.1400,9.1000,9.1200,5743,0
REN.US,5,20131114,184000,9.1200,9.1700,9.1200,9.1700,3000,0
REN.US,5,20131114,184500,9.1500,9.1800,9.1400,9.1600,2450,0
REN.US,5,20131114,185000,9.1600,9.1700,9.1600,9.1700,1800,0
REN.US,5,20131114,185500,9.1700,9.1800,9.1600,9.1800,2449,0
REN.US,5,20131114,190000,9.1700,9.1700,9.1400,9.1400,4734,0
REN.US,5,20131114,190500,9.1400,9.1500,9.1200,9.1300,1786,0
REN.US,5,20131114,191000,9.1300,9.1400,9.1300,9.1300,4450,0
REN.US,5,20131114,191500,9.1200,9.1200,9.1000,9.1100,6920,0
REN.US,5,20131114,192000,9.1200,9.1400,9.1100,9.1400,2411,0
REN.US,5,20131114,192500,9.1400,9.1900,9.1400,9.1800,8175,0
REN.US,5,20131114,193000,9.1800,9.2300,9.1800,9.2000,5150,0
REN.US,5,20131114,193500,9.1900,9.2400,9.1900,9.2400,4600,0
REN.US,5,20131114,194000,9.2200,9.2600,9.2000,9.2400,5110,0
REN.US,5,20131114,194500,9.2300,9.2500,9.1900,9.1900,1998,0
REN.US,5,20131114,195000,9.1900,9.2200,9.1700,9.2200,2000,0
REN.US,5,20131114,195500,9.2000,9.2400,9.2000,9.2300,3398,0
REN.US,5,20131114,200000,9.2300,9.2300,9.2000,9.2200,2505,0
REN.US,5,20131114,200500,9.2300,9.2400,9.2100,9.2100,4303,0
REN.US,5,20131114,201000,9.2200,9.2200,9.2000,9.2000,3900,0
REN.US,5,20131114,201500,9.1900,9.2400,9.1900,9.2200,3654,0
REN.US,5,20131114,202000,9.2100,9.2100,9.1700,9.2100,3690,0
REN.US,5,20131114,202500,9.2200,9.2300,9.2100,9.2100,1600,0
REN.US,5,20131114,203000,9.2100,9.2400,9.2000,9.2400,7305,0
REN.US,5,20131114,203500,9.2400,9.2500,9.2000,9.2200,2788,0
REN.US,5,20131114,204000,9.2100,9.2100,9.1800,9.1800,1300,0
REN.US,5,20131114,204500,9.1900,9.1900,9.1700,9.1800,4809,0
REN.US,5,20131114,205000,9.1900,9.1900,9.1700,9.1700,1910,0
REN.US,5,20131114,205500,9.1800,9.1800,9.1500,9.1700,10765,0
REN.US,5,20131114,210000,9.1600,9.1600,9.1500,9.1500,4700,0
REN.US,5,20131114,210500,9.1400,9.1800,9.1400,9.1700,11168,0
REN.US,5,20131114,211000,9.1700,9.1700,9.1500,9.1600,6134,0
REN.US,5,20131114,211500,9.1700,9.1700,9.1400,9.1400,5500,0
REN.US,5,20131114,212000,9.1500,9.1800,9.1400,9.1600,8019,0
REN.US,5,20131114,212500,9.1600,9.1700,9.1500,9.1700,8319,0
REN.US,5,20131114,213000,9.1700,9.1700,9.1400,9.1500,6990,0
REN.US,5,20131114,213500,9.1500,9.1600,9.1400,9.1600,8099,0
REN.US,5,20131114,214000,9.1500,9.1600,9.1400,9.1600,14063,0
REN.US,5,20131114,214500,9.1500,9.1600,9.1400,9.1500,12995,0
REN.US,5,20131114,215000,9.1600,9.1600,9.1400,9.1500,15928,0
REN.US,5,20131114,215500,9.1500,9.2100,9.1400,9.2100,40353,0
REN.US,5,20131114,220000,9.2100,9.2300,9.1700,9.1700,50673,0
REN.US,5,20131114,221000,9.1800,9.1800,9.1800,9.1800,19786,0
REN.US,5,20131115,153500,9.1800,9.1800,9.1300,9.1300,600,0
REN.US,5,20131115,154000,9.1400,9.1600,9.0700,9.1000,2200,0
REN.US,5,20131115,154500,9.0900,9.0900,9.0400,9.0600,3000,0
REN.US,5,20131115,155000,9.0800,9.0800,9.0500,9.0500,2300,0
REN.US,5,20131115,155500,9.0400,9.0800,9.0200,9.0600,5905,0
REN.US,5,20131115,160000,9.0600,9.0700,9.0100,9.0100,5827,0
REN.US,5,20131115,160500,9.0100,9.0200,9.0000,9.0000,3200,0
REN.US,5,20131115,161000,9.0100,9.0700,9.0100,9.0700,2200,0
REN.US,5,20131115,161500,9.0700,9.1000,9.0700,9.0900,4700,0
REN.US,5,20131115,162000,9.0800,9.0900,9.0700,9.0800,3192,0
REN.US,5,20131115,162500,9.0900,9.1100,9.0900,9.1100,4400,0
REN.US,5,20131115,163000,9.1100,9.1500,9.1100,9.1500,1300,0
REN.US,5,20131115,163500,9.1500,9.1500,9.1000,9.1000,4044,0
REN.US,5,20131115,164000,9.1100,9.1200,9.1100,9.1200,900,0
REN.US,5,20131115,164500,9.1100,9.1300,9.1100,9.1100,5800,0
REN.US,5,20131115,165000,9.1200,9.1300,9.1100,9.1300,2400,0
REN.US,5,20131115,165500,9.1200,9.1900,9.1200,9.1700,6375,0
REN.US,5,20131115,170000,9.1700,9.1900,9.1600,9.1800,1500,0
REN.US,5,20131115,170500,9.1700,9.1800,9.1500,9.1500,4000,0
REN.US,5,20131115,171000,9.1400,9.1400,9.1000,9.1000,1328,0
REN.US,5,20131115,171500,9.1100,9.1500,9.1000,9.1500,8500,0
REN.US,5,20131115,172000,9.1500,9.1600,9.1500,9.1500,2200,0
REN.US,5,20131115,172500,9.1500,9.1600,9.1500,9.1600,3300,0
REN.US,5,20131115,173000,9.1500,9.2000,9.1500,9.2000,13789,0
REN.US,5,20131115,173500,9.1900,9.2100,9.1800,9.1800,5000,0
REN.US,5,20131115,174000,9.1900,9.2000,9.1900,9.2000,7300,0
REN.US,5,20131115,174500,9.2000,9.2000,9.1900,9.2000,6294,0
REN.US,5,20131115,175000,9.2000,9.2000,9.1900,9.1900,3200,0
REN.US,5,20131115,175500,9.2000,9.2100,9.2000,9.2000,3499,0
REN.US,5,20131115,180000,9.2000,9.2000,9.2000,9.2000,1400,0
REN.US,5,20131115,180500,9.2000,9.2300,9.1900,9.2300,10512,0
REN.US,5,20131115,181000,9.2200,9.2500,9.2200,9.2500,4826,0
REN.US,5,20131115,181500,9.2500,9.2500,9.2500,9.2500,1400,0
REN.US,5,20131115,182000,9.2500,9.2500,9.2300,9.2300,17900,0
REN.US,5,20131115,182500,9.2200,9.2200,9.1800,9.1900,3600,0
REN.US,5,20131115,183000,9.1900,9.2100,9.1900,9.1900,3084,0
REN.US,5,20131115,183500,9.1800,9.1800,9.1800,9.1800,200,0
REN.US,5,20131115,184000,9.1900,9.2000,9.1500,9.1900,24158,0
REN.US,5,20131115,184500,9.1900,9.2000,9.1800,9.2000,2624,0
REN.US,5,20131115,185000,9.1900,9.2000,9.1900,9.2000,300,0
REN.US,5,20131115,185500,9.2000,9.2100,9.1900,9.2000,6100,0
REN.US,5,20131115,190000,9.1900,9.2100,9.1800,9.2000,2700,0
REN.US,5,20131115,190500,9.2000,9.2000,9.2000,9.2000,3100,0
REN.US,5,20131115,191000,9.2000,9.2000,9.2000,9.2000,300,0
REN.US,5,20131115,191500,9.2000,9.2000,9.1900,9.1900,5887,0
REN.US,5,20131115,192000,9.1900,9.2000,9.1800,9.1900,5800,0
REN.US,5,20131115,192500,9.1900,9.1900,9.1800,9.1900,4853,0
REN.US,5,20131115,193000,9.1800,9.2000,9.1800,9.2000,4380,0
REN.US,5,20131115,193500,9.1900,9.2100,9.1900,9.2000,4303,0
REN.US,5,20131115,194000,9.2000,9.2000,9.2000,9.2000,1544,0
REN.US,5,20131115,194500,9.2000,9.2100,9.1900,9.2000,3000,0
REN.US,5,20131115,195000,9.1900,9.2000,9.1500,9.1700,4886,0
REN.US,5,20131115,195500,9.1700,9.1900,9.1700,9.1900,3401,0
REN.US,5,20131115,200000,9.1900,9.2000,9.1800,9.1900,5000,0
REN.US,5,20131115,200500,9.1800,9.2000,9.1800,9.2000,5300,0
REN.US,5,20131115,201000,9.2000,9.2500,9.2000,9.2300,5515,0
REN.US,5,20131115,201500,9.2300,9.2400,9.2100,9.2200,4293,0
REN.US,5,20131115,202000,9.2200,9.2200,9.1800,9.2000,2900,0
REN.US,5,20131115,202500,9.1900,9.2000,9.1900,9.1900,3799,0
REN.US,5,20131115,203000,9.1800,9.2500,9.1800,9.2300,8901,0
REN.US,5,20131115,203500,9.2300,9.2400,9.2200,9.2200,2800,0
REN.US,5,20131115,204000,9.2300,9.2300,9.2100,9.2100,3800,0
REN.US,5,20131115,204500,9.2100,9.2200,9.2100,9.2100,1200,0
REN.US,5,20131115,205000,9.2200,9.2400,9.1900,9.2400,11490,0
REN.US,5,20131115,205500,9.2300,9.2400,9.2300,9.2400,2100,0
REN.US,5,20131115,210000,9.2300,9.2400,9.2200,9.2300,3108,0
REN.US,5,20131115,210500,9.2200,9.2200,9.1900,9.2000,5709,0
REN.US,5,20131115,211000,9.2000,9.2200,9.1800,9.2100,8095,0
REN.US,5,20131115,211500,9.2200,9.2200,9.2100,9.2200,3700,0
REN.US,5,20131115,212000,9.2200,9.2200,9.2000,9.2100,4900,0
REN.US,5,20131115,212500,9.2200,9.2200,9.2000,9.2100,3534,0
REN.US,5,20131115,213000,9.2100,9.2200,9.2000,9.2200,9460,0
REN.US,5,20131115,213500,9.2200,9.2400,9.2100,9.2300,9915,0
REN.US,5,20131115,214000,9.2300,9.2300,9.2000,9.2100,10094,0
REN.US,5,20131115,214500,9.2100,9.2300,9.2000,9.2100,7799,0
REN.US,5,20131115,215000,9.2100,9.2200,9.2000,9.2100,13042,0
REN.US,5,20131115,215500,9.2100,9.2200,9.2000,9.2100,16100,0
REN.US,5,20131115,220000,9.2100,9.2200,9.2000,9.2100,42923,0
REN.US,5,20131115,220500,9.2000,9.2000,9.2000,9.2000,23365,0
REN.US,5,20131118,153500,9.2000,9.2000,9.1200,9.1800,11061,0
REN.US,5,20131118,154000,9.1700,9.1700,9.0900,9.1000,7727,0
REN.US,5,20131118,154500,9.1100,9.1100,9.0500,9.0600,28328,0
REN.US,5,20131118,155000,9.0700,9.0900,8.9400,8.9800,15500,0
REN.US,5,20131118,155500,8.9900,9.0500,8.9900,9.0200,4239,0
REN.US,5,20131118,160000,9.0100,9.0500,9.0100,9.0500,8000,0
REN.US,5,20131118,160500,9.0500,9.0700,9.0300,9.0400,5000,0
REN.US,5,20131118,161000,9.0300,9.0400,9.0200,9.0400,3500,0
REN.US,5,20131118,161500,9.0400,9.0600,9.0200,9.0300,9000,0
REN.US,5,20131118,162000,9.0200,9.0400,9.0100,9.0300,3300,0
REN.US,5,20131118,162500,9.0400,9.0500,8.9900,9.0100,7957,0
REN.US,5,20131118,163000,9.0100,9.0100,9.0100,9.0100,100,0
REN.US,5,20131118,163500,9.0100,9.0300,8.9900,9.0300,4500,0
REN.US,5,20131118,164000,9.0200,9.0500,9.0100,9.0500,6300,0
REN.US,5,20131118,164500,9.0400,9.0700,9.0300,9.0500,10333,0
REN.US,5,20131118,165000,9.0500,9.0600,9.0300,9.0300,1900,0
REN.US,5,20131118,165500,9.0300,9.0400,9.0200,9.0300,4823,0
REN.US,5,20131118,170000,9.0400,9.0400,9.0300,9.0300,1000,0
REN.US,5,20131118,170500,9.0400,9.0700,9.0300,9.0400,3563,0
REN.US,5,20131118,171000,9.0600,9.0700,9.0300,9.0400,2400,0
REN.US,5,20131118,171500,9.0500,9.0900,9.0200,9.0700,6500,0
REN.US,5,20131118,172000,9.0700,9.0800,9.0600,9.0700,1900,0
REN.US,5,20131118,172500,9.0700,9.0800,9.0500,9.0500,4800,0
REN.US,5,20131118,173000,9.0600,9.0600,9.0400,9.0400,4430,0
REN.US,5,20131118,173500,9.0500,9.0500,8.9900,8.9900,10917,0
REN.US,5,20131118,174000,8.9900,8.9900,8.9800,8.9800,2400,0
REN.US,5,20131118,174500,8.9800,8.9900,8.9500,8.9600,5923,0
REN.US,5,20131118,175000,8.9700,8.9900,8.9600,8.9700,9594,0
REN.US,5,20131118,175500,8.9700,8.9900,8.9600,8.9600,5750,0
REN.US,5,20131118,180000,8.9600,8.9700,8.9400,8.9700,10227,0
REN.US,5,20131118,180500,8.9600,8.9900,8.9600,8.9800,9860,0
REN.US,5,20131118,181000,8.9800,8.9900,8.9700,8.9800,1870,0
REN.US,5,20131118,181500,8.9700,9.0200,8.9600,9.0100,13200,0
REN.US,5,20131118,182000,9.0100,9.0200,9.0000,9.0000,2700,0
REN.US,5,20131118,182500,9.0000,9.0500,9.0000,9.0300,6500,0
REN.US,5,20131118,183000,9.0400,9.0500,9.0300,9.0300,2000,0
REN.US,5,20131118,183500,9.0200,9.0300,9.0100,9.0300,3000,0
REN.US,5,20131118,184000,9.0300,9.0400,9.0200,9.0300,7568,0
REN.US,5,20131118,184500,9.0300,9.0400,9.0100,9.0300,6438,0
REN.US,5,20131118,185000,9.0300,9.0700,9.0200,9.0700,5400,0
REN.US,5,20131118,185500,9.0700,9.0900,9.0500,9.0600,7857,0
REN.US,5,20131118,190000,9.0600,9.0800,9.0400,9.0600,4749,0
REN.US,5,20131118,190500,9.0600,9.0600,9.0000,9.0100,3900,0
REN.US,5,20131118,191000,9.0000,9.0300,9.0000,9.0300,6225,0
REN.US,5,20131118,191500,9.0200,9.0600,9.0200,9.0300,7001,0
REN.US,5,20131118,192000,9.0300,9.0500,9.0300,9.0400,2492,0
REN.US,5,20131118,192500,9.0300,9.0400,9.0200,9.0200,1400,0
REN.US,5,20131118,193000,9.0200,9.0200,9.0200,9.0200,600,0
REN.US,5,20131118,193500,9.0200,9.0300,9.0100,9.0200,3100,0
REN.US,5,20131118,194000,9.0200,9.0300,9.0100,9.0100,2400,0
REN.US,5,20131118,194500,9.0100,9.0200,9.0000,9.0000,1600,0
REN.US,5,20131118,195000,9.0000,9.0100,9.0000,9.0100,5200,0
REN.US,5,20131118,195500,9.0000,9.0100,9.0000,9.0100,1800,0
REN.US,5,20131118,200000,9.0000,9.0100,9.0000,9.0100,1800,0
REN.US,5,20131118,200500,9.0000,9.0000,9.0000,9.0000,500,0
REN.US,5,20131118,201000,9.0100,9.0700,9.0100,9.0700,20438,0
REN.US,5,20131118,201500,9.0700,9.0700,9.0500,9.0600,7095,0
REN.US,5,20131118,202000,9.0500,9.0700,9.0500,9.0600,3650,0
REN.US,5,20131118,202500,9.0600,9.0700,9.0400,9.0500,5671,0
REN.US,5,20131118,203000,9.0400,9.0500,9.0200,9.0200,2000,0
REN.US,5,20131118,203500,9.0200,9.0300,9.0000,9.0100,2100,0
REN.US,5,20131118,204000,9.0000,9.0100,9.0000,9.0000,2000,0
REN.US,5,20131118,204500,9.0000,9.0000,8.9800,8.9900,28674,0
REN.US,5,20131118,205000,8.9800,8.9900,8.9500,8.9700,9650,0
REN.US,5,20131118,205500,8.9700,9.0000,8.9700,8.9900,9336,0
REN.US,5,20131118,210000,8.9800,8.9900,8.9400,8.9700,10839,0
REN.US,5,20131118,210500,8.9600,8.9700,8.9500,8.9700,15145,0
REN.US,5,20131118,211000,8.9500,8.9700,8.9500,8.9600,10588,0
REN.US,5,20131118,211500,8.9500,8.9900,8.9400,8.9600,31975,0
REN.US,5,20131118,212000,8.9600,8.9900,8.9100,8.9700,19900,0
REN.US,5,20131118,212500,8.9600,8.9700,8.9300,8.9400,10600,0
REN.US,5,20131118,213000,8.9400,8.9700,8.9000,8.9000,19984,0
REN.US,5,20131118,213500,8.9000,8.9100,8.8400,8.8700,39433,0
REN.US,5,20131118,214000,8.8800,8.9200,8.8600,8.8800,17553,0
REN.US,5,20131118,214500,8.8700,8.8900,8.8400,8.8600,18430,0
REN.US,5,20131118,215000,8.8600,8.8900,8.8300,8.8800,36102,0
REN.US,5,20131118,215500,8.8800,8.9000,8.8500,8.8700,29849,0
REN.US,5,20131118,220000,8.8800,8.8900,8.8700,8.8900,45706,0
REN.US,5,20131118,221000,8.8800,8.8800,8.8800,8.8800,16673,0
REN.US,5,20131119,153500,8.8800,8.8800,8.7500,8.7500,2500,0
REN.US,5,20131119,154000,8.7300,8.8800,8.7000,8.8500,3682,0
REN.US,5,20131119,154500,8.8400,8.8500,8.6800,8.7600,7800,0
REN.US,5,20131119,155000,8.7600,8.7600,8.6000,8.6200,5600,0
REN.US,5,20131119,155500,8.6400,8.7800,8.6300,8.7400,4400,0
REN.US,5,20131119,160000,8.7500,8.8200,8.7300,8.7300,4300,0
REN.US,5,20131119,160500,8.7500,8.8300,8.7500,8.7900,2700,0
REN.US,5,20131119,161000,8.8000,8.8100,8.7400,8.7900,5200,0
REN.US,5,20131119,161500,8.8000,8.8300,8.7800,8.8100,3325,0
REN.US,5,20131119,162000,8.8200,8.8700,8.7400,8.7500,33893,0
REN.US,5,20131119,162500,8.7500,8.8500,8.7500,8.8300,11900,0
REN.US,5,20131119,163000,8.8300,8.8500,8.7800,8.8000,4587,0
REN.US,5,20131119,163500,8.8000,8.8000,8.7800,8.8000,1900,0
REN.US,5,20131119,164000,8.7900,8.8600,8.7900,8.8400,2200,0
REN.US,5,20131119,164500,8.8400,8.8400,8.8300,8.8400,1600,0
REN.US,5,20131119,165000,8.8500,8.8700,8.8300,8.8300,1700,0
REN.US,5,20131119,165500,8.8200,8.8200,8.7800,8.8100,4100,0
REN.US,5,20131119,170000,8.8100,8.8400,8.8000,8.8400,4000,0
REN.US,5,20131119,170500,8.8600,8.8600,8.8200,8.8200,1900,0
REN.US,5,20131119,171000,8.8200,8.8500,8.8100,8.8100,8177,0
REN.US,5,20131119,171500,8.8000,8.8000,8.7800,8.7800,3300,0
REN.US,5,20131119,172000,8.7600,8.8200,8.7600,8.8200,4200,0
REN.US,5,20131119,172500,8.8100,8.8100,8.7500,8.7600,4700,0
REN.US,5,20131119,173000,8.7600,8.7600,8.7000,8.7100,6300,0
REN.US,5,20131119,173500,8.7200,8.7600,8.7000,8.7400,3800,0
REN.US,5,20131119,174000,8.7300,8.7400,8.6800,8.7100,7200,0
REN.US,5,20131119,174500,8.7200,8.7200,8.6700,8.7100,4500,0
REN.US,5,20131119,175000,8.7100,8.7100,8.6800,8.6800,2100,0
REN.US,5,20131119,175500,8.7100,8.7500,8.7000,8.7500,1700,0
REN.US,5,20131119,180000,8.7500,8.7500,8.7100,8.7100,1826,0
REN.US,5,20131119,180500,8.7100,8.7100,8.7000,8.7000,2351,0
REN.US,5,20131119,181000,8.7000,8.7200,8.6900,8.7000,3268,0
REN.US,5,20131119,181500,8.7000,8.7000,8.7000,8.7000,800,0
REN.US,5,20131119,182000,8.6900,8.6900,8.6600,8.6600,1400,0
REN.US,5,20131119,182500,8.6700,8.6800,8.6500,8.6700,3500,0
REN.US,5,20131119,183000,8.6700,8.6800,8.6700,8.6800,1200,0
REN.US,5,20131119,183500,8.6700,8.6700,8.6400,8.6700,6600,0
REN.US,5,20131119,184000,8.6700,8.6700,8.6600,8.6700,1000,0
REN.US,5,20131119,184500,8.6700,8.6700,8.6700,8.6700,1100,0
REN.US,5,20131119,185000,8.6600,8.6700,8.6600,8.6700,1500,0
REN.US,5,20131119,185500,8.6600,8.6700,8.6600,8.6600,600,0
REN.US,5,20131119,190000,8.6500,8.6700,8.6300,8.6500,6750,0
REN.US,5,20131119,190500,8.6500,8.6500,8.6300,8.6400,4300,0
REN.US,5,20131119,191000,8.6300,8.6300,8.6000,8.6000,5900,0
REN.US,5,20131119,191500,8.6100,8.6100,8.5900,8.5900,4666,0
REN.US,5,20131119,192000,8.5800,8.5900,8.5800,8.5800,2000,0
REN.US,5,20131119,192500,8.5800,8.5900,8.5600,8.5600,9167,0
REN.US,5,20131119,193000,8.5600,8.5700,8.5100,8.5200,9795,0
REN.US,5,20131119,193500,8.5200,8.5500,8.5000,8.5400,8235,0
REN.US,5,20131119,194000,8.5400,8.5500,8.5300,8.5500,1600,0
REN.US,5,20131119,194500,8.5400,8.5600,8.5400,8.5600,1900,0
REN.US,5,20131119,195000,8.5700,8.5700,8.5400,8.5400,3672,0
REN.US,5,20131119,195500,8.5400,8.5400,8.4900,8.5000,19646,0
REN.US,5,20131119,200000,8.5000,8.5000,8.4700,8.4700,12098,0
REN.US,5,20131119,200500,8.4800,8.5300,8.4800,8.5000,10526,0
REN.US,5,20131119,201000,8.5100,8.5200,8.4700,8.4700,5230,0
REN.US,5,20131119,201500,8.4800,8.5200,8.4700,8.5100,6600,0
REN.US,5,20131119,202000,8.5100,8.5200,8.5100,8.5100,3800,0
REN.US,5,20131119,202500,8.5100,8.5200,8.4900,8.5100,6056,0
REN.US,5,20131119,203000,8.5100,8.5100,8.4800,8.5000,8653,0
REN.US,5,20131119,203500,8.5100,8.5400,8.5000,8.5100,7000,0
REN.US,5,20131119,204000,8.5200,8.5800,8.5100,8.5800,4100,0
REN.US,5,20131119,204500,8.5800,8.6100,8.5600,8.5600,2500,0
REN.US,5,20131119,205000,8.5600,8.5600,8.4900,8.5200,9842,0
REN.US,5,20131119,205500,8.5300,8.5500,8.5300,8.5400,4200,0
REN.US,5,20131119,210000,8.5400,8.5500,8.5200,8.5400,10500,0
REN.US,5,20131119,210500,8.5400,8.5600,8.5300,8.5500,8200,0
REN.US,5,20131119,211000,8.5500,8.5700,8.5500,8.5600,3000,0
REN.US,5,20131119,211500,8.5600,8.5700,8.5000,8.5500,20402,0
REN.US,5,20131119,212000,8.5600,8.5800,8.5500,8.5700,1900,0
REN.US,5,20131119,212500,8.5600,8.5600,8.5200,8.5300,7500,0
REN.US,5,20131119,213000,8.5400,8.5700,8.5300,8.5600,13907,0
REN.US,5,20131119,213500,8.5600,8.5800,8.5500,8.5600,18704,0
REN.US,5,20131119,214000,8.5600,8.6200,8.5600,8.6000,12800,0
REN.US,5,20131119,214500,8.6100,8.6700,8.6000,8.6500,32836,0
REN.US,5,20131119,215000,8.6400,8.6900,8.6400,8.6900,16359,0
REN.US,5,20131119,215500,8.6900,8.7100,8.6500,8.7100,37298,0
REN.US,5,20131119,220000,8.7100,8.7300,8.6400,8.6500,71825,0
REN.US,5,20131120,153500,8.7100,8.7500,8.6800,8.7500,1986,0
REN.US,5,20131120,154000,8.7600,8.8800,8.7600,8.8100,6900,0
REN.US,5,20131120,154500,8.8100,8.8100,8.7500,8.7500,2700,0
REN.US,5,20131120,155000,8.7800,8.7900,8.7200,8.7500,2700,0
REN.US,5,20131120,155500,8.7300,8.7400,8.6600,8.6600,3700,0
REN.US,5,20131120,160000,8.6700,8.7400,8.6700,8.7200,4000,0
REN.US,5,20131120,160500,8.7000,8.7000,8.6300,8.6700,6300,0
REN.US,5,20131120,161000,8.7100,8.7400,8.6700,8.6900,5500,0
REN.US,5,20131120,161500,8.7300,8.7500,8.7300,8.7500,4000,0
REN.US,5,20131120,162000,8.7700,8.8000,8.7600,8.7600,5601,0
REN.US,5,20131120,162500,8.7600,8.8500,8.7400,8.8300,10200,0
REN.US,5,20131120,163000,8.8300,8.8400,8.8000,8.8200,4400,0
REN.US,5,20131120,163500,8.8000,8.8300,8.7700,8.7700,5700,0
REN.US,5,20131120,164000,8.7700,8.7700,8.7400,8.7600,2900,0
REN.US,5,20131120,164500,8.7600,8.8100,8.7400,8.8100,5700,0
REN.US,5,20131120,165000,8.7900,8.8000,8.7300,8.8000,8100,0
REN.US,5,20131120,165500,8.7900,8.8100,8.7500,8.8100,3750,0
REN.US,5,20131120,170000,8.8200,8.8200,8.7600,8.8100,2100,0
REN.US,5,20131120,170500,8.8000,8.8100,8.7900,8.8100,4000,0
REN.US,5,20131120,171000,8.8100,8.8600,8.8100,8.8600,6249,0
REN.US,5,20131120,171500,8.8500,8.8500,8.8300,8.8400,1500,0
REN.US,5,20131120,172000,8.8500,8.8500,8.8400,8.8400,1269,0
REN.US,5,20131120,172500,8.8200,8.8300,8.7900,8.7900,2200,0
REN.US,5,20131120,173000,8.8000,8.8200,8.7900,8.8200,5131,0
REN.US,5,20131120,173500,8.8100,8.8100,8.7700,8.7700,2500,0
REN.US,5,20131120,174000,8.7800,8.7900,8.7500,8.7600,7300,0
REN.US,5,20131120,174500,8.7600,8.7900,8.7600,8.7800,7500,0
REN.US,5,20131120,175000,8.7800,8.7900,8.7800,8.7900,3200,0
REN.US,5,20131120,175500,8.8000,8.8500,8.8000,8.8300,32500,0
REN.US,5,20131120,180000,8.8400,8.8400,8.8200,8.8200,5200,0
REN.US,5,20131120,180500,8.8400,8.8500,8.8300,8.8500,4700,0
REN.US,5,20131120,181000,8.8500,8.8700,8.8400,8.8600,4400,0
REN.US,5,20131120,181500,8.8600,8.8600,8.8600,8.8600,1000,0
REN.US,5,20131120,182000,8.8600,8.8600,8.8600,8.8600,900,0
REN.US,5,20131120,182500,8.8600,8.8600,8.8600,8.8600,1300,0
REN.US,5,20131120,183000,8.8600,8.8600,8.8400,8.8500,14800,0
REN.US,5,20131120,183500,8.8400,8.8500,8.8400,8.8500,1300,0
REN.US,5,20131120,184000,8.8500,8.8500,8.8400,8.8500,74700,0
REN.US,5,20131120,184500,8.8500,8.8700,8.8400,8.8700,27596,0
REN.US,5,20131120,185000,8.8600,8.8600,8.8500,8.8500,14300,0
REN.US,5,20131120,185500,8.8400,8.8600,8.8400,8.8500,15400,0
REN.US,5,20131120,190000,8.8400,8.8500,8.8400,8.8500,10500,0
REN.US,5,20131120,190500,8.8500,8.8700,8.8400,8.8500,8500,0
REN.US,5,20131120,191000,8.8500,8.8700,8.8500,8.8600,12250,0
REN.US,5,20131120,191500,8.8500,8.8500,8.8400,8.8500,1500,0
REN.US,5,20131120,192000,8.8400,8.8400,8.8100,8.8200,11100,0
REN.US,5,20131120,192500,8.8100,8.8100,8.8100,8.8100,1700,0
REN.US,5,20131120,193000,8.8100,8.8100,8.8100,8.8100,1000,0
REN.US,5,20131120,193500,8.8100,8.8200,8.8100,8.8200,400,0
REN.US,5,20131120,194000,8.8100,8.8100,8.8100,8.8100,1100,0
REN.US,5,20131120,194500,8.8100,8.8100,8.8100,8.8100,700,0
REN.US,5,20131120,195000,8.8100,8.8200,8.8100,8.8100,1000,0
REN.US,5,20131120,195500,8.8100,8.8100,8.8100,8.8100,1000,0
REN.US,5,20131120,200000,8.8100,8.8300,8.8100,8.8300,5800,0
REN.US,5,20131120,200500,8.8200,8.8600,8.8000,8.8400,12989,0
REN.US,5,20131120,201000,8.8300,8.8400,8.7900,8.8000,7204,0
REN.US,5,20131120,201500,8.8000,8.8000,8.7600,8.7600,10400,0
REN.US,5,20131120,202000,8.7700,8.8900,8.7700,8.8800,17958,0
REN.US,5,20131120,202500,8.8800,8.8800,8.8400,8.8400,6200,0
REN.US,5,20131120,203000,8.8400,8.8500,8.8400,8.8400,1500,0
REN.US,5,20131120,203500,8.8300,8.8300,8.8000,8.8200,4758,0
REN.US,5,20131120,204000,8.8100,8.8600,8.8100,8.8400,24000,0
REN.US,5,20131120,204500,8.8400,8.8600,8.8300,8.8600,8940,0
REN.US,5,20131120,205000,8.8500,8.8700,8.8300,8.8500,10654,0
REN.US,5,20131120,205500,8.8400,8.8500,8.8100,8.8500,7100,0
REN.US,5,20131120,210000,8.8400,8.8400,8.8200,8.8400,2900,0
REN.US,5,20131120,210500,8.8400,8.8500,8.8100,8.8200,6800,0
REN.US,5,20131120,211000,8.8200,8.8400,8.8000,8.8000,36592,0
REN.US,5,20131120,211500,8.8100,8.8200,8.8000,8.8100,94245,0
REN.US,5,20131120,212000,8.8100,8.8100,8.7900,8.8000,6400,0
REN.US,5,20131120,212500,8.8000,8.8100,8.8000,8.8100,6500,0
REN.US,5,20131120,213000,8.8000,8.8100,8.7900,8.8000,4400,0
REN.US,5,20131120,213500,8.7900,8.8200,8.7800,8.7800,15800,0
REN.US,5,20131120,214000,8.7800,8.8100,8.7700,8.8100,10753,0
REN.US,5,20131120,214500,8.8100,8.8400,8.8000,8.8200,31399,0
REN.US,5,20131120,215000,8.8200,8.8300,8.8100,8.8300,20467,0
REN.US,5,20131120,215500,8.8300,8.8400,8.8200,8.8400,69734,0
REN.US,5,20131120,220000,8.8400,8.8700,8.8300,8.8500,93091,0
REN.US,5,20131120,221000,8.8400,8.8400,8.8400,8.8400,13394,0
REN.US,5,20131121,153500,8.9000,8.9100,8.8800,8.9100,4326,0
REN.US,5,20131121,154000,8.9200,9.0200,8.9200,8.9900,6580,0
REN.US,5,20131121,154500,8.9800,8.9800,8.9500,8.9600,1100,0
REN.US,5,20131121,155000,8.9600,8.9600,8.9100,8.9100,2624,0
REN.US,5,20131121,155500,8.8800,8.8800,8.8600,8.8800,2500,0
REN.US,5,20131121,160000,8.8800,8.9400,8.8800,8.9300,1666,0
REN.US,5,20131121,160500,8.9300,8.9700,8.9200,8.9500,3651,0
REN.US,5,20131121,161000,8.9500,8.9500,8.9200,8.9400,1303,0
REN.US,5,20131121,161500,8.9400,8.9600,8.9200,8.9600,6561,0
REN.US,5,20131121,162000,8.9500,8.9700,8.9300,8.9400,9900,0
REN.US,5,20131121,162500,8.9300,8.9300,8.9300,8.9300,1310,0
REN.US,5,20131121,163000,8.9400,8.9400,8.9200,8.9300,700,0
REN.US,5,20131121,163500,8.9300,8.9800,8.9300,8.9600,3631,0
REN.US,5,20131121,164000,8.9700,8.9800,8.9400,8.9400,1700,0
REN.US,5,20131121,164500,8.9300,9.0200,8.9300,9.0200,4500,0
REN.US,5,20131121,165000,9.0200,9.0700,9.0100,9.0600,5955,0
REN.US,5,20131121,165500,9.0600,9.1100,9.0600,9.0900,3000,0
REN.US,5,20131121,170000,9.0900,9.0900,9.0400,9.0400,1800,0
REN.US,5,20131121,170500,9.0300,9.0300,9.0100,9.0100,5471,0
REN.US,5,20131121,171000,9.0200,9.0200,8.9900,9.0000,3240,0
REN.US,5,20131121,171500,9.0100,9.0200,9.0000,9.0200,831,0
REN.US,5,20131121,172000,9.0100,9.0100,8.9900,8.9900,3400,0
REN.US,5,20131121,172500,8.9900,9.0300,8.9800,9.0300,5600,0
REN.US,5,20131121,173000,9.0200,9.0500,9.0200,9.0500,3800,0
REN.US,5,20131121,173500,9.0300,9.0400,9.0100,9.0100,4422,0
REN.US,5,20131121,174000,9.0100,9.0100,8.9800,8.9800,5500,0
REN.US,5,20131121,174500,8.9900,8.9900,8.9800,8.9800,800,0
REN.US,5,20131121,175000,8.9900,9.0000,8.9700,8.9900,4799,0
REN.US,5,20131121,175500,8.9900,8.9900,8.9600,8.9600,1405,0
REN.US,5,20131121,180000,8.9800,8.9900,8.9500,8.9800,6799,0
REN.US,5,20131121,180500,8.9900,8.9900,8.9500,8.9500,3400,0
REN.US,5,20131121,181000,8.9500,8.9900,8.9300,8.9400,7738,0
REN.US,5,20131121,181500,8.9500,8.9800,8.9400,8.9800,7900,0
REN.US,5,20131121,182000,8.9800,8.9900,8.9800,8.9800,8700,0
REN.US,5,20131121,182500,8.9800,8.9900,8.9800,8.9800,3500,0
REN.US,5,20131121,183000,8.9800,9.0000,8.9800,8.9900,4700,0
REN.US,5,20131121,183500,8.9900,8.9900,8.9900,8.9900,300,0
REN.US,5,20131121,184000,8.9900,9.0300,8.9800,9.0300,7536,0
REN.US,5,20131121,184500,9.0400,9.0500,9.0300,9.0300,2900,0
REN.US,5,20131121,185000,9.0300,9.0500,9.0200,9.0200,4980,0
REN.US,5,20131121,185500,9.0300,9.0900,9.0300,9.0800,4409,0
REN.US,5,20131121,190000,9.0800,9.0800,9.0200,9.0200,3100,0
REN.US,5,20131121,190500,9.0200,9.1100,9.0200,9.1100,7403,0
REN.US,5,20131121,191000,9.1100,9.1200,9.0300,9.0800,23804,0
REN.US,5,20131121,191500,9.0900,9.0900,9.0700,9.0800,1841,0
REN.US,5,20131121,192000,9.0800,9.1400,9.0800,9.1200,9005,0
REN.US,5,20131121,192500,9.1200,9.1400,9.1100,9.1100,2700,0
REN.US,5,20131121,193000,9.1100,9.1200,9.0800,9.0800,2600,0
REN.US,5,20131121,193500,9.0700,9.1200,9.0700,9.1200,4589,0
REN.US,5,20131121,194000,9.1200,9.1400,9.0700,9.1400,23045,0
REN.US,5,20131121,194500,9.1300,9.1500,9.1300,9.1500,2073,0
REN.US,5,20131121,195000,9.1500,9.1700,9.1400,9.1600,3119,0
REN.US,5,20131121,195500,9.1600,9.1900,9.1500,9.1900,3632,0
REN.US,5,20131121,200000,9.1800,9.1900,9.1500,9.1700,3004,0
REN.US,5,20131121,200500,9.1700,9.1700,9.1100,9.1200,3833,0
REN.US,5,20131121,201000,9.1200,9.1800,9.1100,9.1700,27211,0
REN.US,5,20131121,201500,9.1600,9.1700,9.1100,9.1500,7869,0
REN.US,5,20131121,202000,9.1500,9.1800,9.1400,9.1800,4000,0
REN.US,5,20131121,202500,9.1700,9.1800,9.1500,9.1800,4050,0
REN.US,5,20131121,203000,9.1700,9.1900,9.1700,9.1700,2200,0
REN.US,5,20131121,203500,9.1600,9.1700,9.1300,9.1300,5766,0
REN.US,5,20131121,204000,9.1300,9.1300,9.0900,9.0900,2900,0
REN.US,5,20131121,204500,9.0900,9.1600,9.0700,9.1600,10100,0
REN.US,5,20131121,205000,9.1500,9.2200,9.1500,9.1800,7800,0
REN.US,5,20131121,205500,9.1800,9.1800,9.1200,9.1300,3288,0
REN.US,5,20131121,210000,9.1200,9.1200,9.1000,9.1200,6784,0
REN.US,5,20131121,210500,9.1200,9.1500,9.1100,9.1300,6222,0
REN.US,5,20131121,211000,9.1600,9.1600,9.1100,9.1300,5200,0
REN.US,5,20131121,211500,9.1400,9.1600,9.1000,9.1100,6657,0
REN.US,5,20131121,212000,9.1200,9.1700,9.1200,9.1500,6199,0
REN.US,5,20131121,212500,9.1500,9.1700,9.1400,9.1500,5350,0
REN.US,5,20131121,213000,9.1400,9.1800,9.1200,9.1700,6902,0
REN.US,5,20131121,213500,9.1600,9.1900,9.1400,9.1900,13335,0
REN.US,5,20131121,214000,9.1900,9.2500,9.1900,9.2400,17932,0
REN.US,5,20131121,214500,9.2400,9.2400,9.2000,9.2200,12592,0
REN.US,5,20131121,215000,9.2300,9.2500,9.2000,9.2400,25673,0
REN.US,5,20131121,215500,9.2400,9.2500,9.1700,9.2000,29049,0
REN.US,5,20131121,220000,9.1900,9.2000,9.1800,9.2000,48970,0
REN.US,5,20131121,220500,9.2000,9.2000,9.2000,9.2000,46285,0
REN.US,5,20131122,153500,9.2300,9.2500,9.2000,9.2200,4475,0
REN.US,5,20131122,154000,9.2100,9.2200,9.2000,9.2200,3200,0
REN.US,5,20131122,154500,9.2200,9.2200,9.1900,9.2000,10000,0
REN.US,5,20131122,155000,9.2100,9.2100,9.1600,9.1700,14872,0
REN.US,5,20131122,155500,9.1700,9.1700,9.1500,9.1600,3050,0
REN.US,5,20131122,160000,9.1400,9.1500,9.1200,9.1400,8804,0
REN.US,5,20131122,160500,9.1200,9.2200,9.1100,9.2200,20150,0
REN.US,5,20131122,161000,9.2300,9.2500,9.2000,9.2000,2600,0
REN.US,5,20131122,161500,9.1900,9.2500,9.1700,9.2400,6200,0
REN.US,5,20131122,162000,9.2400,9.2600,9.1900,9.2500,6700,0
REN.US,5,20131122,162500,9.2600,9.2700,9.2300,9.2700,3200,0
REN.US,5,20131122,163000,9.2700,9.2800,9.2400,9.2800,5500,0
REN.US,5,20131122,163500,9.2700,9.2800,9.2400,9.2400,4700,0
REN.US,5,20131122,164000,9.2300,9.2800,9.2300,9.2800,2600,0
REN.US,5,20131122,164500,9.2800,9.3300,9.2700,9.3000,10776,0
REN.US,5,20131122,165000,9.2900,9.3100,9.2700,9.3000,15708,0
REN.US,5,20131122,165500,9.3000,9.3300,9.2800,9.3300,14373,0
REN.US,5,20131122,170000,9.3200,9.3300,9.2700,9.2700,8000,0
REN.US,5,20131122,170500,9.2700,9.3200,9.2500,9.3200,7200,0
REN.US,5,20131122,171000,9.3000,9.3400,9.3000,9.3100,6000,0
REN.US,5,20131122,171500,9.3100,9.3100,9.2600,9.2800,5067,0
REN.US,5,20131122,172000,9.2700,9.2900,9.2500,9.2800,4600,0
REN.US,5,20131122,172500,9.2800,9.3000,9.2700,9.3000,4400,0
REN.US,5,20131122,173000,9.2900,9.3100,9.2900,9.3000,4000,0
REN.US,5,20131122,173500,9.2900,9.3000,9.2700,9.2700,4400,0
REN.US,5,20131122,174000,9.2700,9.3000,9.2700,9.3000,4400,0
REN.US,5,20131122,174500,9.3100,9.3200,9.3100,9.3100,6700,0
REN.US,5,20131122,175000,9.3200,9.3300,9.3000,9.3000,2100,0
REN.US,5,20131122,175500,9.3000,9.3300,9.3000,9.3300,4200,0
REN.US,5,20131122,180000,9.3300,9.3800,9.3300,9.3800,12565,0
REN.US,5,20131122,180500,9.3700,9.3900,9.3700,9.3700,6444,0
REN.US,5,20131122,181000,9.3700,9.3900,9.3400,9.3400,5150,0
REN.US,5,20131122,181500,9.3400,9.3900,9.3400,9.3800,5142,0
REN.US,5,20131122,182000,9.3600,9.3800,9.3600,9.3700,5700,0
REN.US,5,20131122,182500,9.3500,9.3600,9.3100,9.3100,4700,0
REN.US,5,20131122,183000,9.3300,9.3700,9.3300,9.3700,4699,0
REN.US,5,20131122,183500,9.3800,9.4000,9.3600,9.3700,4200,0
REN.US,5,20131122,184000,9.3800,9.4000,9.3800,9.4000,4000,0
REN.US,5,20131122,184500,9.4000,9.4000,9.3800,9.3800,1000,0
REN.US,5,20131122,185000,9.4000,9.4300,9.4000,9.4200,16600,0
REN.US,5,20131122,185500,9.4200,9.4300,9.4000,9.4000,3750,0
REN.US,5,20131122,190000,9.4100,9.4300,9.4000,9.4200,4200,0
REN.US,5,20131122,190500,9.4200,9.4500,9.4200,9.4500,4500,0
REN.US,5,20131122,191000,9.4400,9.4700,9.4300,9.4600,3600,0
REN.US,5,20131122,191500,9.4600,9.4900,9.4600,9.4900,7749,0
REN.US,5,20131122,192000,9.4700,9.4900,9.4700,9.4800,3698,0
REN.US,5,20131122,192500,9.4900,9.4900,9.4700,9.4900,4867,0
REN.US,5,20131122,193000,9.4800,9.4900,9.4600,9.4700,4800,0
REN.US,5,20131122,193500,9.4600,9.4600,9.4100,9.4100,7000,0
REN.US,5,20131122,194000,9.4000,9.4300,9.4000,9.4300,4600,0
REN.US,5,20131122,194500,9.4100,9.4500,9.4100,9.4300,9875,0
REN.US,5,20131122,195000,9.4200,9.4300,9.3800,9.4000,9200,0
REN.US,5,20131122,195500,9.4000,9.4100,9.3800,9.3800,6987,0
REN.US,5,20131122,200000,9.3900,9.4000,9.3900,9.4000,1500,0
REN.US,5,20131122,200500,9.3800,9.4400,9.3800,9.4300,6400,0
REN.US,5,20131122,201000,9.4300,9.4400,9.4000,9.4400,6500,0
REN.US,5,20131122,201500,9.4400,9.4500,9.4300,9.4500,4200,0
REN.US,5,20131122,202000,9.4400,9.4600,9.4300,9.4600,6500,0
REN.US,5,20131122,202500,9.4400,9.4500,9.4300,9.4300,3300,0
REN.US,5,20131122,203000,9.4300,9.4800,9.4000,9.4800,10391,0
REN.US,5,20131122,203500,9.4600,9.4700,9.4400,9.4500,5894,0
REN.US,5,20131122,204000,9.4600,9.4700,9.4200,9.4400,6365,0
REN.US,5,20131122,204500,9.4400,9.4600,9.4300,9.4600,5600,0
REN.US,5,20131122,205000,9.4500,9.4600,9.4400,9.4600,4300,0
REN.US,5,20131122,205500,9.4500,9.4600,9.4200,9.4500,11200,0
REN.US,5,20131122,210000,9.4600,9.4600,9.4300,9.4400,5925,0
REN.US,5,20131122,210500,9.4500,9.4700,9.4400,9.4700,6295,0
REN.US,5,20131122,211000,9.4700,9.4700,9.4500,9.4600,2900,0
REN.US,5,20131122,211500,9.4500,9.4700,9.4300,9.4600,9219,0
REN.US,5,20131122,212000,9.4600,9.4700,9.4300,9.4400,8915,0
REN.US,5,20131122,212500,9.4400,9.4600,9.4300,9.4600,7445,0
REN.US,5,20131122,213000,9.4600,9.4800,9.4600,9.4600,11583,0
REN.US,5,20131122,213500,9.4600,9.4700,9.4200,9.4600,15415,0
REN.US,5,20131122,214000,9.4600,9.4700,9.4300,9.4400,14078,0
REN.US,5,20131122,214500,9.4300,9.4400,9.3900,9.3900,12454,0
REN.US,5,20131122,215000,9.3800,9.3900,9.3300,9.3400,20595,0
REN.US,5,20131122,215500,9.3400,9.3400,9.3200,9.3300,47262,0
REN.US,5,20131122,220000,9.3300,9.3500,9.3200,9.3400,41159,0
REN.US,5,20131122,221000,9.3300,9.3300,9.3300,9.3300,33773,0
REN.US,5,20131125,153500,9.3000,9.3000,9.1500,9.2200,6288,0
REN.US,5,20131125,154000,9.2000,9.2000,9.0400,9.1700,10859,0
REN.US,5,20131125,154500,9.1800,9.1800,9.0900,9.0900,1515,0
REN.US,5,20131125,155000,9.0900,9.0900,9.0600,9.0600,2880,0
REN.US,5,20131125,155500,9.0700,9.0700,8.9600,8.9700,7426,0
REN.US,5,20131125,160000,8.9800,9.0000,8.9600,8.9600,3928,0
REN.US,5,20131125,160500,8.9900,9.0100,8.8800,8.9200,8082,0
REN.US,5,20131125,161000,8.9200,9.0400,8.9200,9.0100,8084,0
REN.US,5,20131125,161500,9.0100,9.0600,9.0100,9.0500,3600,0
REN.US,5,20131125,162000,9.0400,9.1100,9.0300,9.0500,5300,0
REN.US,5,20131125,162500,9.0500,9.0900,9.0100,9.0100,13500,0
REN.US,5,20131125,163000,9.0300,9.0500,9.0200,9.0400,1387,0
REN.US,5,20131125,163500,9.0400,9.0600,9.0300,9.0500,7941,0
REN.US,5,20131125,164000,9.0400,9.1600,9.0300,9.1600,13409,0
REN.US,5,20131125,164500,9.1700,9.2200,9.1700,9.2100,9908,0
REN.US,5,20131125,165000,9.2000,9.2200,9.1700,9.2100,6769,0
REN.US,5,20131125,165500,9.2000,9.2000,9.1700,9.1700,600,0
REN.US,5,20131125,170000,9.1800,9.1800,9.1500,9.1600,4792,0
REN.US,5,20131125,170500,9.1700,9.1700,9.1400,9.1400,5300,0
REN.US,5,20131125,171000,9.1400,9.1500,9.1200,9.1400,3899,0
REN.US,5,20131125,171500,9.1400,9.1500,9.1400,9.1400,2300,0
REN.US,5,20131125,172000,9.1500,9.1600,9.1400,9.1500,4088,0
REN.US,5,20131125,172500,9.1600,9.2300,9.1500,9.2300,26391,0
REN.US,5,20131125,173000,9.2300,9.2300,9.2100,9.2100,3600,0
REN.US,5,20131125,173500,9.2000,9.2100,9.1700,9.1900,11493,0
REN.US,5,20131125,174000,9.1900,9.2000,9.1900,9.1900,2125,0
REN.US,5,20131125,174500,9.1800,9.1900,9.1500,9.1500,5400,0
REN.US,5,20131125,175000,9.1600,9.1600,9.1600,9.1600,600,0
REN.US,5,20131125,175500,9.1700,9.1800,9.1600,9.1700,2200,0
REN.US,5,20131125,180000,9.1700,9.1900,9.1700,9.1800,6379,0
REN.US,5,20131125,180500,9.1800,9.1800,9.1400,9.1500,2000,0
REN.US,5,20131125,181000,9.1400,9.1500,9.1400,9.1500,4239,0
REN.US,5,20131125,181500,9.1400,9.1400,9.1100,9.1200,3601,0
REN.US,5,20131125,182000,9.1200,9.1300,9.1200,9.1200,2425,0
REN.US,5,20131125,182500,9.1200,9.1200,9.1000,9.1100,3100,0
REN.US,5,20131125,183000,9.1000,9.1000,9.0700,9.0700,1500,0
REN.US,5,20131125,183500,9.0700,9.0700,9.0500,9.0600,2500,0
REN.US,5,20131125,184000,9.0500,9.0700,9.0300,9.0700,3800,0
REN.US,5,20131125,184500,9.0800,9.0800,9.0800,9.0800,1100,0
REN.US,5,20131125,185000,9.0800,9.0800,9.0600,9.0600,2600,0
REN.US,5,20131125,185500,9.0600,9.0700,9.0600,9.0700,1800,0
REN.US,5,20131125,190000,9.0700,9.0700,9.0600,9.0600,1500,0
REN.US,5,20131125,190500,9.0600,9.0600,9.0000,9.0100,7349,0
REN.US,5,20131125,191000,9.0000,9.0200,8.9900,9.0200,3000,0
REN.US,5,20131125,191500,9.0100,9.0600,9.0100,9.0600,3600,0
REN.US,5,20131125,192000,9.0500,9.0500,9.0400,9.0400,1306,0
REN.US,5,20131125,192500,9.0300,9.0400,9.0300,9.0400,1700,0
REN.US,5,20131125,193000,9.0500,9.0900,9.0500,9.0500,7800,0
REN.US,5,20131125,193500,9.0500,9.0900,9.0500,9.0900,3600,0
REN.US,5,20131125,194000,9.0800,9.0800,9.0800,9.0800,900,0
REN.US,5,20131125,194500,9.0900,9.0900,9.0700,9.0800,1500,0
REN.US,5,20131125,195000,9.0900,9.1000,9.0600,9.0700,4225,0
REN.US,5,20131125,195500,9.0800,9.0800,9.0600,9.0700,1658,0
REN.US,5,20131125,200000,9.0700,9.0900,9.0700,9.0900,1800,0
REN.US,5,20131125,200500,9.0700,9.0700,9.0700,9.0700,3900,0
REN.US,5,20131125,201000,9.0600,9.1000,9.0600,9.0900,1517,0
REN.US,5,20131125,201500,9.1000,9.1000,9.0900,9.0900,2400,0
REN.US,5,20131125,202000,9.0900,9.1100,9.0900,9.1000,3900,0
REN.US,5,20131125,202500,9.1200,9.1600,9.1100,9.1600,25944,0
REN.US,5,20131125,203000,9.1700,9.1700,9.1100,9.1100,5600,0
REN.US,5,20131125,203500,9.1000,9.1000,9.0800,9.0800,3600,0
REN.US,5,20131125,204000,9.0900,9.1000,9.0900,9.1000,500,0
REN.US,5,20131125,204500,9.0900,9.0900,9.0800,9.0800,1900,0
REN.US,5,20131125,205000,9.0800,9.0800,9.0300,9.0700,8400,0
REN.US,5,20131125,205500,9.0700,9.0800,9.0700,9.0800,2600,0
REN.US,5,20131125,210000,9.0800,9.0800,9.0600,9.0700,5400,0
REN.US,5,20131125,210500,9.0700,9.0700,9.0600,9.0600,1054,0
REN.US,5,20131125,211000,9.0700,9.0800,9.0200,9.0500,8888,0
REN.US,5,20131125,211500,9.0600,9.0600,9.0100,9.0100,2600,0
REN.US,5,20131125,212000,9.0000,9.0200,8.9900,9.0200,9973,0
REN.US,5,20131125,212500,9.0100,9.0300,8.9900,9.0000,5200,0
REN.US,5,20131125,213000,9.0000,9.0400,8.9900,9.0400,5324,0
REN.US,5,20131125,213500,9.0300,9.0400,9.0100,9.0200,7097,0
REN.US,5,20131125,214000,9.0000,9.0200,8.9900,9.0000,11404,0
REN.US,5,20131125,214500,9.0000,9.0100,8.9900,9.0000,9800,0
REN.US,5,20131125,215000,9.0000,9.0300,9.0000,9.0200,10988,0
REN.US,5,20131125,215500,9.0200,9.0300,8.9900,9.0100,19266,0
REN.US,5,20131125,220000,9.0000,9.0200,9.0000,9.0100,24040,0
REN.US,5,20131125,221000,9.0000,9.0000,9.0000,9.0000,9964,0
REN.US,5,20131126,153500,9.0500,9.0500,9.0300,9.0400,2126,0
REN.US,5,20131126,154000,9.0100,9.1500,9.0100,9.1500,2300,0
REN.US,5,20131126,154500,9.1500,9.1800,9.1100,9.1200,3600,0
REN.US,5,20131126,155000,9.1300,9.1500,9.0000,9.0400,3200,0
REN.US,5,20131126,155500,9.0100,9.0400,8.9900,8.9900,1800,0
REN.US,5,20131126,160000,8.9900,8.9900,8.9900,8.9900,600,0
REN.US,5,20131126,160500,8.9900,9.0300,8.9800,9.0000,6600,0
REN.US,5,20131126,161000,8.9900,9.0100,8.9700,8.9700,4760,0
REN.US,5,20131126,161500,8.9900,9.0300,8.9800,9.0300,2300,0
REN.US,5,20131126,162000,9.0300,9.0300,9.0200,9.0200,1000,0
REN.US,5,20131126,162500,9.0200,9.0900,9.0200,9.0700,3000,0
REN.US,5,20131126,163000,9.0700,9.1000,9.0500,9.0900,2400,0
REN.US,5,20131126,163500,9.0500,9.0500,9.0200,9.0300,1980,0
REN.US,5,20131126,164000,9.0200,9.0600,9.0000,9.0500,3842,0
REN.US,5,20131126,164500,9.0800,9.1300,9.0800,9.1300,4422,0
REN.US,5,20131126,165000,9.1500,9.2000,9.1500,9.1600,3649,0
REN.US,5,20131126,165500,9.1700,9.2800,9.1500,9.2500,10885,0
REN.US,5,20131126,170000,9.2500,9.2700,9.2200,9.2400,5449,0
REN.US,5,20131126,170500,9.2200,9.2900,9.2100,9.2100,2500,0
REN.US,5,20131126,171000,9.2100,9.2100,9.1600,9.1600,2952,0
REN.US,5,20131126,171500,9.1600,9.1600,9.1300,9.1300,1798,0
REN.US,5,20131126,172000,9.1400,9.1400,9.1400,9.1400,100,0
REN.US,5,20131126,172500,9.1600,9.1600,9.1500,9.1500,5575,0
REN.US,5,20131126,173000,9.1400,9.1700,9.0900,9.1000,5012,0
REN.US,5,20131126,173500,9.1000,9.1300,9.1000,9.1200,1100,0
REN.US,5,20131126,174000,9.1000,9.1600,9.0900,9.1500,12281,0
REN.US,5,20131126,174500,9.1400,9.1500,9.1200,9.1500,2700,0
REN.US,5,20131126,175000,9.1600,9.1800,9.1400,9.1500,500,0
REN.US,5,20131126,175500,9.1300,9.1600,9.1300,9.1500,1526,0
REN.US,5,20131126,180000,9.1400,9.1400,9.1100,9.1200,1700,0
REN.US,5,20131126,180500,9.1300,9.1400,9.1100,9.1200,3405,0
REN.US,5,20131126,181000,9.1300,9.1300,9.1200,9.1200,1100,0
REN.US,5,20131126,181500,9.1200,9.1300,9.0900,9.1200,2200,0
REN.US,5,20131126,182000,9.1300,9.1300,9.1100,9.1100,3200,0
REN.US,5,20131126,182500,9.1200,9.1300,9.1000,9.1000,3172,0
REN.US,5,20131126,183000,9.1200,9.1500,9.1000,9.1500,700,0
REN.US,5,20131126,183500,9.1600,9.1600,9.1400,9.1400,1100,0
REN.US,5,20131126,184000,9.1500,9.1700,9.1400,9.1600,2488,0
REN.US,5,20131126,184500,9.1400,9.1500,9.1300,9.1500,1400,0
REN.US,5,20131126,185000,9.1600,9.2000,9.1600,9.1800,3600,0
REN.US,5,20131126,185500,9.1900,9.2200,9.1700,9.2200,1700,0
REN.US,5,20131126,190000,9.2100,9.2400,9.2000,9.2400,1500,0
REN.US,5,20131126,190500,9.2400,9.2500,9.2000,9.2000,2300,0
REN.US,5,20131126,191000,9.2100,9.2100,9.2000,9.2000,631,0
REN.US,5,20131126,191500,9.2200,9.2200,9.1900,9.1900,1200,0
REN.US,5,20131126,192000,9.2000,9.2100,9.2000,9.2000,826,0
REN.US,5,20131126,192500,9.2100,9.2400,9.2100,9.2400,1264,0
REN.US,5,20131126,193000,9.2300,9.2300,9.2100,9.2100,1100,0
REN.US,5,20131126,193500,9.2100,9.2300,9.2100,9.2100,800,0
REN.US,5,20131126,194000,9.2100,9.2200,9.1900,9.2100,3000,0
REN.US,5,20131126,194500,9.2300,9.2700,9.2200,9.2700,2300,0
REN.US,5,20131126,195000,9.2700,9.2900,9.2400,9.2800,4095,0
REN.US,5,20131126,195500,9.2800,9.2800,9.2600,9.2700,600,0
REN.US,5,20131126,200000,9.2700,9.2700,9.2500,9.2600,2000,0
REN.US,5,20131126,200500,9.2500,9.2500,9.2300,9.2300,600,0
REN.US,5,20131126,201000,9.2400,9.2400,9.2200,9.2400,1300,0
REN.US,5,20131126,201500,9.2500,9.2500,9.2300,9.2400,1600,0
REN.US,5,20131126,202000,9.2300,9.2300,9.2100,9.2100,1600,0
REN.US,5,20131126,202500,9.2100,9.2200,9.1600,9.2100,14779,0
REN.US,5,20131126,203000,9.2100,9.2100,9.1800,9.1800,7850,0
REN.US,5,20131126,203500,9.2000,9.2100,9.1600,9.1600,3500,0
REN.US,5,20131126,204000,9.1600,9.1600,9.1600,9.1600,1400,0
REN.US,5,20131126,204500,9.1600,9.1600,9.1600,9.1600,900,0
REN.US,5,20131126,205000,9.1600,9.1900,9.1600,9.1800,1677,0
REN.US,5,20131126,205500,9.1800,9.1900,9.1800,9.1800,1600,0
REN.US,5,20131126,210000,9.1700,9.1800,9.1700,9.1800,1600,0
REN.US,5,20131126,210500,9.1900,9.2200,9.1800,9.2100,6122,0
REN.US,5,20131126,211000,9.2100,9.2200,9.2000,9.2200,6644,0
REN.US,5,20131126,211500,9.2200,9.2200,9.2100,9.2100,800,0
REN.US,5,20131126,212000,9.2000,9.2200,9.2000,9.2200,3006,0
REN.US,5,20131126,212500,9.2300,9.2400,9.2200,9.2400,4116,0
REN.US,5,20131126,213000,9.2400,9.2500,9.2300,9.2300,4237,0
REN.US,5,20131126,213500,9.2200,9.2300,9.2100,9.2100,1700,0
REN.US,5,20131126,214000,9.2000,9.2200,9.2000,9.2000,3500,0
REN.US,5,20131126,214500,9.2100,9.2200,9.2000,9.2000,4819,0
REN.US,5,20131126,215000,9.2000,9.2000,9.1800,9.1900,4800,0
REN.US,5,20131126,215500,9.1800,9.1900,9.1500,9.1900,11738,0
REN.US,5,20131126,220000,9.1800,9.2000,9.1800,9.1900,21032,0
REN.US,5,20131126,221000,9.2000,9.2000,9.2000,9.2000,11147,0
REN.US,5,20131127,153500,9.1200,9.1200,9.0100,9.1100,4863,0
REN.US,5,20131127,154000,9.0900,9.1000,9.0600,9.1000,1700,0
REN.US,5,20131127,154500,9.1100,9.2200,9.1100,9.1700,3100,0
REN.US,5,20131127,155000,9.1700,9.2000,9.1300,9.1300,2164,0
REN.US,5,20131127,155500,9.1500,9.1500,9.0800,9.0800,1200,0
REN.US,5,20131127,160000,9.0900,9.0900,9.0600,9.0600,1084,0
REN.US,5,20131127,160500,9.0800,9.0800,8.9700,9.0000,3600,0
REN.US,5,20131127,161000,9.0000,9.0100,8.9200,8.9500,7642,0
REN.US,5,20131127,161500,8.9800,8.9800,8.9200,8.9500,4500,0
REN.US,5,20131127,162000,8.9700,9.0000,8.9200,8.9900,6412,0
REN.US,5,20131127,162500,8.9900,8.9900,8.9600,8.9800,2300,0
REN.US,5,20131127,163000,8.9900,9.0000,8.9700,8.9700,2400,0
REN.US,5,20131127,163500,8.9800,8.9900,8.9800,8.9900,400,0
REN.US,5,20131127,164000,8.9800,8.9900,8.9800,8.9800,1300,0
REN.US,5,20131127,164500,8.9700,9.0000,8.9500,9.0000,1400,0
REN.US,5,20131127,165000,8.9900,9.0100,8.9900,8.9900,1500,0
REN.US,5,20131127,165500,9.0000,9.0000,8.9700,8.9700,900,0
REN.US,5,20131127,170000,8.9600,8.9700,8.9600,8.9700,3900,0
REN.US,5,20131127,170500,8.9700,8.9900,8.9600,8.9600,3900,0
REN.US,5,20131127,171000,8.9500,8.9500,8.9200,8.9500,2200,0
REN.US,5,20131127,171500,8.9500,8.9800,8.9500,8.9700,1200,0
REN.US,5,20131127,172000,8.9900,8.9900,8.9600,8.9600,1114,0
REN.US,5,20131127,172500,8.9500,8.9500,8.9500,8.9500,700,0
REN.US,5,20131127,173000,8.9400,8.9400,8.9200,8.9300,1300,0
REN.US,5,20131127,173500,8.9200,8.9500,8.9100,8.9500,2400,0
REN.US,5,20131127,174000,8.9300,8.9300,8.9300,8.9300,100,0
REN.US,5,20131127,174500,8.9300,8.9300,8.9200,8.9200,1800,0
REN.US,5,20131127,175000,8.9400,8.9500,8.9400,8.9400,3400,0
REN.US,5,20131127,175500,8.9400,8.9400,8.9100,8.9200,1700,0
REN.US,5,20131127,180000,8.9200,8.9200,8.8800,8.8800,7777,0
REN.US,5,20131127,180500,8.8900,8.9000,8.8700,8.8900,2300,0
REN.US,5,20131127,181000,8.8900,8.9000,8.8800,8.8800,2295,0
REN.US,5,20131127,181500,8.8900,8.9100,8.8900,8.9100,800,0
REN.US,5,20131127,182000,8.9100,8.9100,8.9000,8.9000,800,0
REN.US,5,20131127,182500,8.9200,8.9200,8.9000,8.9000,1200,0
REN.US,5,20131127,183000,8.9000,8.9000,8.8600,8.8800,3705,0
REN.US,5,20131127,183500,8.8800,8.8900,8.8400,8.8400,5930,0
REN.US,5,20131127,184000,8.8300,8.8300,8.8000,8.8100,2532,0
REN.US,5,20131127,184500,8.8100,8.8600,8.8100,8.8500,11225,0
REN.US,5,20131127,185000,8.8500,8.8600,8.8500,8.8600,600,0
REN.US,5,20131127,185500,8.8400,8.8600,8.8400,8.8500,650,0
REN.US,5,20131127,190000,8.8600,8.8600,8.8200,8.8300,700,0
REN.US,5,20131127,190500,8.8300,8.8400,8.8100,8.8100,2200,0
REN.US,5,20131127,191000,8.8100,8.8800,8.8100,8.8800,6600,0
REN.US,5,20131127,192000,8.8700,8.9000,8.8400,8.8600,7800,0
REN.US,5,20131127,192500,8.8500,8.8600,8.8200,8.8200,2000,0
REN.US,5,20131127,193000,8.8200,8.8300,8.8100,8.8300,1964,0
REN.US,5,20131127,193500,8.8400,8.8400,8.8200,8.8300,1000,0
REN.US,5,20131127,194000,8.8300,8.8400,8.8200,8.8300,2171,0
REN.US,5,20131127,194500,8.8300,8.8800,8.8300,8.8700,3539,0
REN.US,5,20131127,195000,8.8600,8.9000,8.8600,8.9000,1948,0
REN.US,5,20131127,195500,8.8900,8.9000,8.8800,8.8800,2538,0
REN.US,5,20131127,200000,8.8900,8.8900,8.8600,8.8600,3400,0
REN.US,5,20131127,200500,8.8600,8.8600,8.8200,8.8200,3325,0
REN.US,5,20131127,201000,8.8300,8.8400,8.8200,8.8200,2780,0
REN.US,5,20131127,201500,8.8100,8.8200,8.8100,8.8200,400,0
REN.US,5,20131127,202000,8.8200,8.8500,8.8200,8.8500,3300,0
REN.US,5,20131127,202500,8.8300,8.8400,8.8200,8.8300,1100,0
REN.US,5,20131127,203000,8.8500,8.8600,8.8500,8.8600,1300,0
REN.US,5,20131127,203500,8.8600,8.8700,8.8500,8.8500,9900,0
REN.US,5,20131127,204000,8.8400,8.8600,8.8300,8.8300,1000,0
REN.US,5,20131127,204500,8.8300,8.8300,8.8300,8.8300,1769,0
REN.US,5,20131127,205000,8.8300,8.8600,8.8300,8.8600,3200,0
REN.US,5,20131127,205500,8.8600,8.8600,8.8500,8.8500,1458,0
REN.US,5,20131127,210000,8.8500,8.8500,8.8300,8.8300,3173,0
REN.US,5,20131127,210500,8.8300,8.8400,8.8200,8.8300,2300,0
REN.US,5,20131127,211000,8.8300,8.8400,8.8300,8.8400,1400,0
REN.US,5,20131127,211500,8.8400,8.8600,8.8200,8.8600,4003,0
REN.US,5,20131127,212000,8.8600,8.8600,8.8400,8.8600,1400,0
REN.US,5,20131127,212500,8.8600,8.9000,8.8600,8.9000,9133,0
REN.US,5,20131127,213000,8.8900,8.9200,8.8900,8.9000,3100,0
REN.US,5,20131127,213500,8.9000,8.9300,8.9000,8.9300,4500,0
REN.US,5,20131127,214000,8.9300,8.9700,8.9300,8.9700,13132,0
REN.US,5,20131127,214500,8.9600,8.9800,8.9600,8.9700,14226,0
REN.US,5,20131127,215000,8.9700,8.9900,8.9600,8.9700,5700,0
REN.US,5,20131127,215500,8.9700,8.9700,8.9300,8.9500,12811,0
REN.US,5,20131127,220000,8.9500,8.9500,8.9100,8.9100,23786,0
REN.US,5,20131127,221000,8.9200,8.9200,8.9200,8.9200,9944,0
REN.US,5,20131129,153500,8.8100,8.8400,8.7900,8.7900,1892,0
REN.US,5,20131129,154000,8.8000,8.8000,8.7600,8.8000,2511,0
REN.US,5,20131129,154500,8.7800,8.7800,8.7200,8.7500,5200,0
REN.US,5,20131129,155000,8.7500,8.7500,8.7100,8.7500,4560,0
REN.US,5,20131129,155500,8.7700,8.7700,8.7100,8.7400,1200,0
REN.US,5,20131129,160000,8.7200,8.7500,8.6900,8.7500,2700,0
REN.US,5,20131129,160500,8.7600,8.7600,8.7000,8.7200,2500,0
REN.US,5,20131129,161000,8.7300,8.7600,8.7300,8.7600,1600,0
REN.US,5,20131129,161500,8.7700,8.8600,8.7700,8.8400,4500,0
REN.US,5,20131129,162000,8.8400,8.9000,8.8400,8.8800,1900,0
REN.US,5,20131129,162500,8.8800,8.9200,8.8800,8.9200,1200,0
REN.US,5,20131129,163000,8.9100,8.9400,8.9100,8.9400,3900,0
REN.US,5,20131129,163500,8.9500,8.9900,8.9500,8.9800,2500,0
REN.US,5,20131129,164000,8.9800,9.0000,8.9800,9.0000,900,0
REN.US,5,20131129,164500,8.9900,9.0500,8.9900,9.0200,2680,0
REN.US,5,20131129,165000,9.0100,9.0200,9.0100,9.0100,1700,0
REN.US,5,20131129,165500,9.0000,9.0400,9.0000,9.0400,1000,0
REN.US,5,20131129,170000,9.0500,9.0900,9.0500,9.0900,3200,0
REN.US,5,20131129,170500,9.0900,9.0900,9.0700,9.0800,2400,0
REN.US,5,20131129,171000,9.0900,9.1100,9.0800,9.1000,3813,0
REN.US,5,20131129,171500,9.1000,9.1300,9.0800,9.1300,8500,0
REN.US,5,20131129,172000,9.1200,9.1400,9.1200,9.1200,1800,0
REN.US,5,20131129,172500,9.1000,9.1000,9.0900,9.0900,400,0
REN.US,5,20131129,173000,9.0900,9.0900,9.0800,9.0800,1000,0
REN.US,5,20131129,173500,9.0700,9.0700,9.0400,9.0400,800,0
REN.US,5,20131129,174000,9.0300,9.0500,9.0300,9.0500,2200,0
REN.US,5,20131129,174500,9.0600,9.0800,9.0600,9.0800,1700,0
REN.US,5,20131129,175000,9.0800,9.1000,9.0800,9.1000,800,0
REN.US,5,20131129,175500,9.0900,9.1000,9.0600,9.0600,1500,0
REN.US,5,20131129,180000,9.0700,9.0800,9.0700,9.0800,1100,0
REN.US,5,20131129,180500,9.0800,9.0800,9.0600,9.0700,1200,0
REN.US,5,20131129,181000,9.0700,9.0800,9.0700,9.0800,600,0
REN.US,5,20131129,181500,9.0800,9.0900,9.0800,9.0900,550,0
REN.US,5,20131129,182000,9.0800,9.0900,9.0600,9.0700,1599,0
REN.US,5,20131129,182500,9.0600,9.0600,9.0400,9.0400,1200,0
REN.US,5,20131129,183000,9.0300,9.0500,9.0300,9.0400,1200,0
REN.US,5,20131129,183500,9.0400,9.0400,9.0100,9.0100,2500,0
REN.US,5,20131129,184000,9.0100,9.0100,8.9700,8.9700,2800,0
REN.US,5,20131129,184500,8.9700,8.9800,8.9600,8.9600,9100,0
REN.US,5,20131129,185000,8.9700,9.0300,8.9700,9.0300,13847,0
REN.US,5,20131129,185500,9.0200,9.0600,9.0200,9.0600,12827,0
REN.US,5,20131129,190000,9.0600,9.0700,9.0100,9.0100,21305,0
REN.US,5,20131129,191000,9.0100,9.0100,9.0100,9.0100,17127,0
REN.US,5,20131202,153500,9.0200,9.0200,8.9600,8.9600,800,0
REN.US,5,20131202,154000,8.9700,8.9700,8.8600,8.9100,9237,0
REN.US,5,20131202,154500,8.9200,8.9400,8.7700,8.8000,17342,0
REN.US,5,20131202,155000,8.7800,8.8000,8.7700,8.8000,4200,0
REN.US,5,20131202,155500,8.8200,8.8200,8.7800,8.8000,4785,0
REN.US,5,20131202,160000,8.8000,8.8500,8.8000,8.8500,3700,0
REN.US,5,20131202,160500,8.8400,8.9300,8.8300,8.9100,13898,0
REN.US,5,20131202,161000,8.9000,8.9500,8.8900,8.9100,3100,0
REN.US,5,20131202,161500,8.9100,8.9600,8.9000,8.9400,2700,0
REN.US,5,20131202,162000,8.9400,8.9700,8.9300,8.9500,2500,0
REN.US,5,20131202,162500,8.9400,8.9400,8.8600,8.8600,4600,0
REN.US,5,20131202,163000,8.8700,8.8800,8.8400,8.8500,4637,0
REN.US,5,20131202,163500,8.8600,8.8800,8.8500,8.8500,3541,0
REN.US,5,20131202,164000,8.8400,8.8600,8.8400,8.8400,3000,0
REN.US,5,20131202,164500,8.8500,8.8500,8.8000,8.8100,3900,0
REN.US,5,20131202,165000,8.8000,8.8100,8.7900,8.8000,2450,0
REN.US,5,20131202,165500,8.8000,8.8000,8.8000,8.8000,1600,0
REN.US,5,20131202,170000,8.7900,8.7900,8.7700,8.7700,2800,0
REN.US,5,20131202,170500,8.7800,8.7900,8.7600,8.7600,4326,0
REN.US,5,20131202,171000,8.7500,8.7500,8.7400,8.7500,500,0
REN.US,5,20131202,171500,8.7400,8.7400,8.7300,8.7300,2101,0
REN.US,5,20131202,172000,8.7200,8.7200,8.7000,8.7000,6103,0
REN.US,5,20131202,172500,8.7000,8.7300,8.6900,8.7200,9200,0
REN.US,5,20131202,173000,8.7300,8.7300,8.7200,8.7200,500,0
REN.US,5,20131202,173500,8.7200,8.7600,8.7100,8.7300,4500,0
REN.US,5,20131202,174000,8.7400,8.7400,8.7200,8.7200,1000,0
REN.US,5,20131202,174500,8.7200,8.7400,8.7100,8.7100,6700,0
REN.US,5,20131202,175000,8.7100,8.7100,8.6600,8.6800,14059,0
REN.US,5,20131202,175500,8.6900,8.7100,8.6900,8.7100,4358,0
REN.US,5,20131202,180000,8.7200,8.7600,8.7200,8.7500,4313,0
REN.US,5,20131202,180500,8.7600,8.7800,8.7400,8.7400,4245,0
REN.US,5,20131202,181000,8.7300,8.7300,8.7300,8.7300,400,0
REN.US,5,20131202,181500,8.7300,8.7300,8.7200,8.7200,600,0
REN.US,5,20131202,182000,8.7100,8.7100,8.6800,8.6800,3200,0
REN.US,5,20131202,182500,8.6900,8.7300,8.6900,8.7300,4100,0
REN.US,5,20131202,183000,8.7400,8.7600,8.7300,8.7600,1800,0
REN.US,5,20131202,183500,8.7400,8.7500,8.7400,8.7400,700,0
REN.US,5,20131202,184000,8.7400,8.7400,8.7200,8.7200,1200,0
REN.US,5,20131202,184500,8.7200,8.7300,8.7200,8.7200,2000,0
REN.US,5,20131202,185000,8.7200,8.7200,8.7200,8.7200,1393,0
REN.US,5,20131202,185500,8.7100,8.7300,8.7100,8.7300,1100,0
REN.US,5,20131202,190000,8.7300,8.7400,8.7200,8.7200,2600,0
REN.US,5,20131202,190500,8.7200,8.7200,8.7100,8.7100,500,0
REN.US,5,20131202,191000,8.7200,8.7200,8.7000,8.7000,600,0
REN.US,5,20131202,191500,8.6900,8.6900,8.6500,8.6500,2501,0
REN.US,5,20131202,192000,8.6500,8.6800,8.6500,8.6800,3800,0
REN.US,5,20131202,192500,8.6900,8.7000,8.6900,8.7000,1800,0
REN.US,5,20131202,193000,8.7000,8.7000,8.6700,8.6700,2570,0
REN.US,5,20131202,193500,8.6600,8.6600,8.6500,8.6500,3700,0
REN.US,5,20131202,194000,8.6600,8.6600,8.6500,8.6500,1600,0
REN.US,5,20131202,194500,8.6500,8.6700,8.6500,8.6600,5500,0
REN.US,5,20131202,195000,8.6600,8.6600,8.6400,8.6400,2500,0
REN.US,5,20131202,195500,8.6500,8.6600,8.6300,8.6600,4900,0
REN.US,5,20131202,200000,8.6600,8.6600,8.6600,8.6600,1300,0
REN.US,5,20131202,200500,8.6400,8.6400,8.6300,8.6300,3250,0
REN.US,5,20131202,201000,8.6300,8.6300,8.5900,8.6000,2436,0
REN.US,5,20131202,201500,8.6000,8.6100,8.6000,8.6100,400,0
REN.US,5,20131202,202000,8.6000,8.6100,8.5900,8.6100,3900,0
REN.US,5,20131202,202500,8.6100,8.6100,8.5900,8.6000,7973,0
REN.US,5,20131202,203000,8.6100,8.6100,8.5500,8.5700,17400,0
REN.US,5,20131202,203500,8.5800,8.6300,8.5800,8.6300,8572,0
REN.US,5,20131202,204000,8.6300,8.6600,8.6200,8.6600,4900,0
REN.US,5,20131202,204500,8.6600,8.6700,8.6300,8.6300,6600,0
REN.US,5,20131202,205000,8.6300,8.6800,8.6300,8.6800,3400,0
REN.US,5,20131202,205500,8.6900,8.6900,8.6600,8.6900,5508,0
REN.US,5,20131202,210000,8.6900,8.7100,8.6900,8.6900,2000,0
REN.US,5,20131202,210500,8.6800,8.7000,8.6800,8.6800,3800,0
REN.US,5,20131202,211000,8.6800,8.6800,8.6600,8.6600,5000,0
REN.US,5,20131202,211500,8.6600,8.6700,8.6500,8.6500,1600,0
REN.US,5,20131202,212000,8.6500,8.6500,8.6300,8.6400,4400,0
REN.US,5,20131202,212500,8.6400,8.6500,8.6400,8.6500,3500,0
REN.US,5,20131202,213000,8.6400,8.6500,8.6200,8.6200,7800,0
REN.US,5,20131202,213500,8.6300,8.6400,8.6200,8.6400,8647,0
REN.US,5,20131202,214000,8.6400,8.6500,8.6300,8.6400,5804,0
REN.US,5,20131202,214500,8.6500,8.6500,8.6400,8.6400,14885,0
REN.US,5,20131202,215000,8.6600,8.7600,8.6500,8.7500,26387,0
REN.US,5,20131202,215500,8.7500,8.7700,8.7100,8.7700,29856,0
REN.US,5,20131202,220000,8.7600,8.8100,8.7500,8.7900,91522,0
REN.US,5,20131202,220500,8.8000,8.8000,8.8000,8.8000,64951,0
REN.US,5,20131203,153500,8.7600,8.7600,8.7400,8.7600,4182,0
REN.US,5,20131203,154000,8.8300,8.8400,8.7500,8.7500,700,0
REN.US,5,20131203,154500,8.7600,8.7600,8.7600,8.7600,400,0
REN.US,5,20131203,155000,8.7400,8.7400,8.6800,8.6800,1800,0
REN.US,5,20131203,155500,8.6900,8.7400,8.6900,8.7400,1600,0
REN.US,5,20131203,160000,8.7500,8.8200,8.7200,8.8200,5873,0
REN.US,5,20131203,160500,8.8300,8.8600,8.7700,8.7900,9800,0
REN.US,5,20131203,161000,8.8100,8.8600,8.7500,8.7500,4800,0
REN.US,5,20131203,161500,8.7500,8.7700,8.6900,8.6900,2400,0
REN.US,5,20131203,162000,8.7000,8.7900,8.6900,8.7300,5000,0
REN.US,5,20131203,162500,8.7300,8.7900,8.7200,8.7200,3839,0
REN.US,5,20131203,163000,8.7300,8.7500,8.7200,8.7400,2000,0
REN.US,5,20131203,163500,8.7300,8.8000,8.7300,8.7900,8160,0
REN.US,5,20131203,164000,8.7900,8.8000,8.7500,8.7700,8700,0
REN.US,5,20131203,164500,8.7900,8.8600,8.7600,8.8600,11755,0
REN.US,5,20131203,165000,8.8500,8.9000,8.8500,8.8900,6346,0
REN.US,5,20131203,165500,8.8700,8.8700,8.8100,8.8500,4297,0
REN.US,5,20131203,170000,8.8400,8.9100,8.8200,8.8800,9466,0
REN.US,5,20131203,170500,8.8500,8.8500,8.7900,8.8200,15073,0
REN.US,5,20131203,171000,8.8100,8.8500,8.8100,8.8300,6877,0
REN.US,5,20131203,171500,8.8500,8.8900,8.8200,8.8700,5575,0
REN.US,5,20131203,172000,8.8500,8.8500,8.8000,8.8100,2100,0
REN.US,5,20131203,172500,8.8000,8.8000,8.7900,8.7900,8298,0
REN.US,5,20131203,173000,8.7800,8.7900,8.7300,8.7600,5700,0
REN.US,5,20131203,173500,8.7700,8.8000,8.7700,8.8000,1755,0
REN.US,5,20131203,174000,8.8000,8.8200,8.7800,8.8200,3600,0
REN.US,5,20131203,174500,8.8000,8.8100,8.7800,8.7900,4771,0
REN.US,5,20131203,175000,8.7900,8.7900,8.7300,8.7600,3400,0
REN.US,5,20131203,175500,8.7400,8.7600,8.7200,8.7300,6365,0
REN.US,5,20131203,180000,8.7400,8.7600,8.7400,8.7600,600,0
REN.US,5,20131203,180500,8.7600,8.7600,8.7400,8.7500,2700,0
REN.US,5,20131203,181000,8.7500,8.7800,8.7500,8.7800,1000,0
REN.US,5,20131203,181500,8.7900,8.7900,8.7600,8.7700,5668,0
REN.US,5,20131203,182000,8.7700,8.7700,8.7500,8.7500,1500,0
REN.US,5,20131203,182500,8.7500,8.7600,8.7400,8.7400,3506,0
REN.US,5,20131203,183000,8.7500,8.7600,8.7300,8.7400,2400,0
REN.US,5,20131203,183500,8.7500,8.7500,8.7200,8.7300,2600,0
REN.US,5,20131203,184000,8.7400,8.7600,8.7300,8.7600,2192,0
REN.US,5,20131203,184500,8.7400,8.7400,8.7200,8.7300,2401,0
REN.US,5,20131203,185000,8.7300,8.7300,8.7000,8.7200,4200,0
REN.US,5,20131203,185500,8.7300,8.7500,8.7300,8.7500,1638,0
REN.US,5,20131203,190000,8.7500,8.7800,8.7500,8.7600,10419,0
REN.US,5,20131203,190500,8.7700,8.7800,8.7500,8.7500,7004,0
REN.US,5,20131203,191000,8.7500,8.7700,8.7500,8.7600,2900,0
REN.US,5,20131203,191500,8.7600,8.7700,8.7600,8.7600,2061,0
REN.US,5,20131203,192000,8.7600,8.7600,8.7400,8.7400,3800,0
REN.US,5,20131203,192500,8.7400,8.7400,8.7200,8.7200,2768,0
REN.US,5,20131203,193000,8.7000,8.7200,8.6900,8.7200,3236,0
REN.US,5,20131203,193500,8.7200,8.7300,8.7200,8.7300,1400,0
REN.US,5,20131203,194000,8.7300,8.7300,8.7200,8.7300,1400,0
REN.US,5,20131203,194500,8.7300,8.7300,8.6900,8.7100,3220,0
REN.US,5,20131203,195000,8.7200,8.7200,8.7200,8.7200,1800,0
REN.US,5,20131203,195500,8.7200,8.7300,8.7200,8.7300,1500,0
REN.US,5,20131203,200000,8.7200,8.7300,8.7100,8.7100,2800,0
REN.US,5,20131203,200500,8.7000,8.7200,8.7000,8.7200,5200,0
REN.US,5,20131203,201000,8.7300,8.7300,8.7100,8.7100,1638,0
REN.US,5,20131203,201500,8.7100,8.7400,8.7100,8.7300,7000,0
REN.US,5,20131203,202000,8.7300,8.7300,8.7100,8.7100,2900,0
REN.US,5,20131203,202500,8.7200,8.7400,8.7200,8.7200,2000,0
REN.US,5,20131203,203000,8.7200,8.7500,8.7200,8.7500,2900,0
REN.US,5,20131203,203500,8.7400,8.7500,8.7400,8.7500,3200,0
REN.US,5,20131203,204000,8.7400,8.7500,8.7200,8.7300,5400,0
REN.US,5,20131203,204500,8.7200,8.7300,8.7100,8.7100,3580,0
REN.US,5,20131203,205000,8.7100,8.7100,8.6900,8.6900,2100,0
REN.US,5,20131203,205500,8.6900,8.7200,8.6900,8.7200,6800,0
REN.US,5,20131203,210000,8.7100,8.7100,8.6900,8.7100,2700,0
REN.US,5,20131203,210500,8.7100,8.7100,8.7000,8.7000,1700,0
REN.US,5,20131203,211000,8.7100,8.7200,8.7000,8.7100,3400,0
REN.US,5,20131203,211500,8.7000,8.7000,8.6900,8.6900,2663,0
REN.US,5,20131203,212000,8.6800,8.6900,8.6700,8.6900,1900,0
REN.US,5,20131203,212500,8.6900,8.6900,8.6600,8.6700,3926,0
REN.US,5,20131203,213000,8.6700,8.6700,8.6500,8.6700,7900,0
REN.US,5,20131203,213500,8.6600,8.6900,8.6500,8.6600,9500,0
REN.US,5,20131203,214000,8.6600,8.6600,8.6400,8.6600,9173,0
REN.US,5,20131203,214500,8.6600,8.7000,8.6500,8.6900,16473,0
REN.US,5,20131203,215000,8.6800,8.7200,8.6700,8.7200,13770,0
REN.US,5,20131203,215500,8.7200,8.7300,8.7100,8.7100,13505,0
REN.US,5,20131203,220000,8.7100,8.7200,8.7100,8.7200,30417,0
REN.US,5,20131203,221000,8.7200,8.7200,8.7200,8.7200,30421,0
REN.US,5,20131204,153500,8.6600,8.7000,8.6600,8.6700,3994,0
REN.US,5,20131204,154000,8.6800,8.7400,8.6800,8.7200,3746,0
REN.US,5,20131204,154500,8.7300,8.8200,8.7000,8.7200,5200,0
REN.US,5,20131204,155000,8.7100,8.7300,8.6600,8.6600,6600,0
REN.US,5,20131204,155500,8.6700,8.6900,8.6600,8.6900,2200,0
REN.US,5,20131204,160000,8.6700,8.7000,8.6600,8.6900,1400,0
REN.US,5,20131204,160500,8.6800,8.7500,8.6700,8.7500,3300,0
REN.US,5,20131204,161000,8.7500,8.9300,8.7500,8.8500,11300,0
REN.US,5,20131204,161500,8.8200,8.9100,8.8200,8.8400,5300,0
REN.US,5,20131204,162000,8.8500,8.9300,8.8500,8.8500,3800,0
REN.US,5,20131204,162500,8.8700,8.8900,8.8000,8.8200,6500,0
REN.US,5,20131204,163000,8.8300,8.8500,8.8100,8.8300,5804,0
REN.US,5,20131204,163500,8.8300,8.8300,8.7600,8.7900,8000,0
REN.US,5,20131204,164000,8.7900,8.8300,8.7800,8.8100,2300,0
REN.US,5,20131204,164500,8.8000,8.8000,8.7300,8.7300,5200,0
REN.US,5,20131204,165000,8.7500,8.7500,8.6800,8.7000,12800,0
REN.US,5,20131204,165500,8.7000,8.7000,8.6600,8.6800,5200,0
REN.US,5,20131204,170000,8.6900,8.7200,8.6700,8.6900,11028,0
REN.US,5,20131204,170500,8.6900,8.6900,8.6600,8.6800,5200,0
REN.US,5,20131204,171000,8.6700,8.6800,8.6500,8.6700,6100,0
REN.US,5,20131204,171500,8.6600,8.6600,8.6200,8.6300,12897,0
REN.US,5,20131204,172000,8.6200,8.6300,8.6000,8.6000,8005,0
REN.US,5,20131204,172500,8.6200,8.6200,8.5900,8.5900,4800,0
REN.US,5,20131204,173000,8.5900,8.5900,8.5600,8.5800,8200,0
REN.US,5,20131204,173500,8.5900,8.6100,8.5800,8.6100,500,0
REN.US,5,20131204,174000,8.6000,8.6100,8.5900,8.5900,2887,0
REN.US,5,20131204,174500,8.6000,8.6000,8.6000,8.6000,900,0
REN.US,5,20131204,175000,8.6000,8.6200,8.5900,8.6100,1500,0
REN.US,5,20131204,175500,8.6000,8.6200,8.5800,8.5800,12582,0
REN.US,5,20131204,180000,8.5800,8.5900,8.5800,8.5800,400,0
REN.US,5,20131204,180500,8.5800,8.5800,8.5500,8.5500,2400,0
REN.US,5,20131204,181000,8.5500,8.5900,8.5500,8.5900,3700,0
REN.US,5,20131204,181500,8.6000,8.6000,8.5800,8.5800,3858,0
REN.US,5,20131204,182000,8.5900,8.6100,8.5600,8.6000,8159,0
REN.US,5,20131204,182500,8.5900,8.6000,8.5900,8.5900,300,0
REN.US,5,20131204,183000,8.5900,8.5900,8.5800,8.5900,1395,0
REN.US,5,20131204,183500,8.5800,8.6000,8.5800,8.5900,12857,0
REN.US,5,20131204,184000,8.5900,8.5900,8.5700,8.5900,2806,0
REN.US,5,20131204,184500,8.5800,8.5800,8.5600,8.5700,1211,0
REN.US,5,20131204,185000,8.5700,8.5800,8.5700,8.5700,1346,0
REN.US,5,20131204,185500,8.5700,8.5800,8.5600,8.5600,1218,0
REN.US,5,20131204,190000,8.5500,8.5700,8.5500,8.5500,4090,0
REN.US,5,20131204,190500,8.5700,8.5900,8.5700,8.5700,1878,0
REN.US,5,20131204,191000,8.5600,8.5700,8.5600,8.5700,1031,0
REN.US,5,20131204,191500,8.5500,8.5500,8.5200,8.5400,10400,0
REN.US,5,20131204,192000,8.5500,8.5500,8.5200,8.5200,4825,0
REN.US,5,20131204,192500,8.5300,8.5400,8.5200,8.5300,2301,0
REN.US,5,20131204,193000,8.5300,8.5400,8.5100,8.5200,3262,0
REN.US,5,20131204,193500,8.5100,8.5200,8.4900,8.5100,9250,0
REN.US,5,20131204,194000,8.5200,8.5400,8.5100,8.5300,5619,0
REN.US,5,20131204,194500,8.5200,8.5600,8.5100,8.5100,2200,0
REN.US,5,20131204,195000,8.5200,8.5800,8.5200,8.5600,2700,0
REN.US,5,20131204,195500,8.5800,8.5800,8.5600,8.5700,2733,0
REN.US,5,20131204,200000,8.5700,8.6000,8.5600,8.6000,3500,0
REN.US,5,20131204,200500,8.6100,8.6400,8.5900,8.6200,2509,0
REN.US,5,20131204,201000,8.6000,8.6100,8.5800,8.5800,3500,0
REN.US,5,20131204,201500,8.5600,8.6300,8.5600,8.6000,2500,0
REN.US,5,20131204,202000,8.6200,8.6400,8.6100,8.6400,3000,0
REN.US,5,20131204,202500,8.6400,8.6400,8.6200,8.6200,2800,0
REN.US,5,20131204,203000,8.6300,8.6500,8.6100,8.6400,12169,0
REN.US,5,20131204,203500,8.6300,8.6500,8.6200,8.6400,6229,0
REN.US,5,20131204,204000,8.6300,8.6300,8.6000,8.6000,6700,0
REN.US,5,20131204,204500,8.6100,8.6300,8.6000,8.6300,7211,0
REN.US,5,20131204,205000,8.6300,8.6300,8.6100,8.6100,4025,0
REN.US,5,20131204,205500,8.6200,8.6400,8.6200,8.6300,5311,0
REN.US,5,20131204,210000,8.6400,8.6400,8.6100,8.6100,4155,0
REN.US,5,20131204,210500,8.6100,8.6300,8.6000,8.6000,6320,0
REN.US,5,20131204,211000,8.6100,8.6200,8.6000,8.6000,5146,0
REN.US,5,20131204,211500,8.6100,8.6200,8.6000,8.6100,5000,0
REN.US,5,20131204,212000,8.6100,8.6300,8.6000,8.6200,7700,0
REN.US,5,20131204,212500,8.6200,8.6200,8.5800,8.6000,8100,0
REN.US,5,20131204,213000,8.6000,8.6200,8.5800,8.6100,6159,0
REN.US,5,20131204,213500,8.6000,8.6300,8.5900,8.6200,8932,0
REN.US,5,20131204,214000,8.6200,8.6300,8.6000,8.6300,7400,0
REN.US,5,20131204,214500,8.6200,8.6600,8.6100,8.6100,46198,0
REN.US,5,20131204,215000,8.6200,8.6600,8.6100,8.6500,24339,0
REN.US,5,20131204,215500,8.6500,8.6500,8.6200,8.6400,27901,0
REN.US,5,20131204,220000,8.6400,8.6500,8.6300,8.6300,47236,0
REN.US,5,20131204,220500,8.6300,8.6300,8.6300,8.6300,19162,0
REN.US,5,20131205,153500,8.6100,8.6500,8.5500,8.5500,1000,0
REN.US,5,20131205,154000,8.5900,8.6200,8.5900,8.6200,900,0
REN.US,5,20131205,154500,8.6000,8.6000,8.5300,8.5400,1000,0
REN.US,5,20131205,155000,8.5500,8.5500,8.5300,8.5300,1100,0
REN.US,5,20131205,155500,8.5300,8.5700,8.5200,8.5300,3224,0
REN.US,5,20131205,160000,8.5300,8.5700,8.5200,8.5600,2100,0
REN.US,5,20131205,160500,8.5500,8.7000,8.5500,8.6700,2700,0
REN.US,5,20131205,161000,8.6700,8.6700,8.5800,8.6100,1000,0
REN.US,5,20131205,161500,8.6000,8.6000,8.5500,8.5600,9300,0
REN.US,5,20131205,162000,8.5800,8.5900,8.5700,8.5800,5600,0
REN.US,5,20131205,162500,8.5800,8.5800,8.5200,8.5200,26855,0
REN.US,5,20131205,163000,8.5200,8.5500,8.5200,8.5300,4800,0
REN.US,5,20131205,163500,8.5300,8.6300,8.5300,8.6000,8500,0
REN.US,5,20131205,164000,8.5700,8.5800,8.5100,8.5300,9100,0
REN.US,5,20131205,164500,8.5400,8.5400,8.5100,8.5200,4950,0
REN.US,5,20131205,165000,8.5300,8.5300,8.5000,8.5200,10407,0
REN.US,5,20131205,165500,8.5400,8.5600,8.5100,8.5100,2200,0
REN.US,5,20131205,170000,8.5200,8.5200,8.4900,8.4900,5799,0
REN.US,5,20131205,170500,8.4900,8.5500,8.4900,8.5500,4281,0
REN.US,5,20131205,171000,8.5600,8.5800,8.5300,8.5300,5130,0
REN.US,5,20131205,171500,8.5300,8.5900,8.5300,8.5600,7943,0
REN.US,5,20131205,172000,8.5600,8.6000,8.5400,8.5900,3600,0
REN.US,5,20131205,172500,8.5700,8.5900,8.5300,8.5400,4800,0
REN.US,5,20131205,173000,8.5500,8.5500,8.5400,8.5400,4200,0
REN.US,5,20131205,173500,8.5200,8.5400,8.5100,8.5100,2700,0
REN.US,5,20131205,174000,8.5100,8.5200,8.4800,8.5100,2700,0
REN.US,5,20131205,174500,8.5100,8.5100,8.5000,8.5100,2200,0
REN.US,5,20131205,175000,8.5200,8.5200,8.4900,8.5200,2800,0
REN.US,5,20131205,175500,8.5000,8.5300,8.4900,8.5300,2900,0
REN.US,5,20131205,180000,8.5400,8.5700,8.5200,8.5500,5400,0
REN.US,5,20131205,180500,8.5600,8.6000,8.5600,8.5700,4500,0
REN.US,5,20131205,181000,8.5800,8.6300,8.5800,8.6300,3800,0
REN.US,5,20131205,181500,8.6300,8.6400,8.6100,8.6200,1658,0
REN.US,5,20131205,182000,8.6300,8.6300,8.5800,8.6100,5100,0
REN.US,5,20131205,182500,8.6000,8.6400,8.6000,8.6000,5001,0
REN.US,5,20131205,183000,8.6000,8.6200,8.5900,8.6100,3800,0
REN.US,5,20131205,183500,8.6100,8.6100,8.5800,8.5800,2900,0
REN.US,5,20131205,184000,8.5700,8.6000,8.5700,8.6000,3200,0
REN.US,5,20131205,184500,8.6000,8.6100,8.5900,8.6000,1700,0
REN.US,5,20131205,185000,8.6100,8.6100,8.5800,8.5800,2800,0
REN.US,5,20131205,185500,8.5700,8.6000,8.5700,8.6000,2100,0
REN.US,5,20131205,190000,8.6000,8.6500,8.6000,8.6500,5967,0
REN.US,5,20131205,190500,8.6300,8.6400,8.6000,8.6000,2671,0
REN.US,5,20131205,191000,8.6100,8.6300,8.6000,8.6000,3100,0
REN.US,5,20131205,191500,8.6100,8.6100,8.5700,8.5700,5100,0
REN.US,5,20131205,192000,8.5600,8.5800,8.5600,8.5800,3700,0
REN.US,5,20131205,192500,8.5800,8.5900,8.5500,8.5700,5935,0
REN.US,5,20131205,193000,8.5700,8.5900,8.5600,8.5900,2200,0
REN.US,5,20131205,193500,8.5900,8.5900,8.5700,8.5800,2100,0
REN.US,5,20131205,194000,8.5800,8.6000,8.5700,8.6000,2400,0
REN.US,5,20131205,194500,8.6100,8.6100,8.5800,8.5800,1900,0
REN.US,5,20131205,195000,8.5900,8.6000,8.5800,8.6000,2000,0
REN.US,5,20131205,195500,8.6000,8.6300,8.5900,8.6200,5367,0
REN.US,5,20131205,200000,8.6100,8.6200,8.6000,8.6000,3400,0
REN.US,5,20131205,200500,8.6000,8.6300,8.6000,8.6300,3700,0
REN.US,5,20131205,201000,8.6100,8.6200,8.5900,8.5900,3600,0
REN.US,5,20131205,201500,8.5900,8.6000,8.5700,8.5800,6809,0
REN.US,5,20131205,202000,8.5800,8.5900,8.5700,8.5900,3400,0
REN.US,5,20131205,202500,8.5900,8.6000,8.5800,8.5900,4200,0
REN.US,5,20131205,203000,8.6000,8.6300,8.5900,8.6300,1400,0
REN.US,5,20131205,203500,8.6100,8.6100,8.5900,8.5900,3300,0
REN.US,5,20131205,204000,8.5900,8.6300,8.5900,8.6200,3900,0
REN.US,5,20131205,204500,8.6200,8.6200,8.5900,8.6000,4300,0
REN.US,5,20131205,205000,8.6000,8.6100,8.5900,8.5900,5092,0
REN.US,5,20131205,205500,8.5900,8.6000,8.5800,8.5800,3808,0
REN.US,5,20131205,210000,8.5700,8.5900,8.5500,8.5800,5696,0
REN.US,5,20131205,210500,8.5700,8.5900,8.5600,8.5900,2600,0
REN.US,5,20131205,211000,8.5900,8.5900,8.5700,8.5800,7351,0
REN.US,5,20131205,211500,8.5700,8.6100,8.5600,8.6100,10430,0
REN.US,5,20131205,212000,8.6100,8.6100,8.5800,8.6000,6900,0
REN.US,5,20131205,212500,8.6000,8.6200,8.5900,8.6200,4119,0
REN.US,5,20131205,213000,8.6100,8.6300,8.6100,8.6100,4100,0
REN.US,5,20131205,213500,8.6100,8.6700,8.6100,8.6400,7408,0
REN.US,5,20131205,214000,8.6400,8.6600,8.6200,8.6200,8300,0
REN.US,5,20131205,214500,8.6200,8.6600,8.6100,8.6500,9670,0
REN.US,5,20131205,215000,8.6500,8.6500,8.6200,8.6400,7800,0
REN.US,5,20131205,215500,8.6400,8.6400,8.6200,8.6400,9244,0
REN.US,5,20131205,220000,8.6300,8.6400,8.6300,8.6400,19904,0
REN.US,5,20131205,220500,8.6400,8.6400,8.6400,8.6400,10713,0
REN.US,5,20131206,153500,8.7300,8.7300,8.7100,8.7100,300,0
REN.US,5,20131206,154000,8.7200,8.8200,8.6900,8.7000,10102,0
REN.US,5,20131206,154500,8.6900,8.7100,8.6800,8.6900,1400,0
REN.US,5,20131206,155000,8.6700,8.6700,8.6500,8.6700,2100,0
REN.US,5,20131206,155500,8.6400,8.6400,8.5800,8.6200,4200,0
REN.US,5,20131206,160000,8.6300,8.6500,8.6000,8.6100,2500,0
REN.US,5,20131206,160500,8.6100,8.6400,8.5900,8.6200,2700,0
REN.US,5,20131206,161000,8.6100,8.6200,8.5800,8.6100,15700,0
REN.US,5,20131206,161500,8.6000,8.6300,8.5800,8.6000,4700,0
REN.US,5,20131206,162000,8.6300,8.6700,8.6100,8.6700,5202,0
REN.US,5,20131206,162500,8.6700,8.6700,8.6200,8.6300,3000,0
REN.US,5,20131206,163000,8.6100,8.6300,8.5900,8.5900,30388,0
REN.US,5,20131206,163500,8.5800,8.6500,8.5600,8.6500,10100,0
REN.US,5,20131206,164000,8.6300,8.6500,8.6200,8.6200,4300,0
REN.US,5,20131206,164500,8.6300,8.6300,8.6000,8.6000,3800,0
REN.US,5,20131206,165000,8.6000,8.6100,8.5900,8.5900,2200,0
REN.US,5,20131206,165500,8.5900,8.6400,8.5800,8.6000,23954,0
REN.US,5,20131206,170000,8.6100,8.6300,8.6000,8.6000,1100,0
REN.US,5,20131206,170500,8.6000,8.6000,8.5700,8.6000,2559,0
REN.US,5,20131206,171000,8.5800,8.5900,8.5800,8.5800,3100,0
REN.US,5,20131206,171500,8.5800,8.5800,8.5600,8.5700,3174,0
REN.US,5,20131206,172000,8.5700,8.6300,8.5700,8.6100,4899,0
REN.US,5,20131206,172500,8.6000,8.6100,8.5900,8.6000,59800,0
REN.US,5,20131206,173000,8.5900,8.6300,8.5900,8.6100,4355,0
REN.US,5,20131206,173500,8.6300,8.7100,8.6300,8.6700,5200,0
REN.US,5,20131206,174000,8.6900,8.7000,8.6700,8.6800,81598,0
REN.US,5,20131206,174500,8.6800,8.6800,8.6700,8.6800,500,0
REN.US,5,20131206,175000,8.6900,8.7500,8.6900,8.7500,35174,0
REN.US,5,20131206,175500,8.7500,8.7500,8.7300,8.7400,2800,0
REN.US,5,20131206,180000,8.7300,8.7700,8.7300,8.7700,27250,0
REN.US,5,20131206,180500,8.7600,8.7600,8.7300,8.7400,5300,0
REN.US,5,20131206,181000,8.7400,8.7400,8.7100,8.7100,1500,0
REN.US,5,20131206,181500,8.7000,8.7300,8.7000,8.7100,900,0
REN.US,5,20131206,182000,8.7100,8.7400,8.7100,8.7400,5400,0
REN.US,5,20131206,182500,8.7400,8.7400,8.7200,8.7400,2600,0
REN.US,5,20131206,183000,8.7300,8.7400,8.7100,8.7200,14764,0
REN.US,5,20131206,183500,8.7200,8.7200,8.7100,8.7200,33800,0
REN.US,5,20131206,184000,8.7300,8.7400,8.7200,8.7400,8300,0
REN.US,5,20131206,184500,8.7300,8.8000,8.7300,8.8000,45500,0
REN.US,5,20131206,185000,8.8000,8.8100,8.7500,8.7500,14671,0
REN.US,5,20131206,185500,8.7500,8.7600,8.7400,8.7500,2800,0
REN.US,5,20131206,190000,8.7500,8.7700,8.7400,8.7500,5944,0
REN.US,5,20131206,190500,8.7500,8.7900,8.7500,8.7800,4306,0
REN.US,5,20131206,191000,8.7800,8.7800,8.7400,8.7500,25400,0
REN.US,5,20131206,191500,8.7500,8.7600,8.7300,8.7500,23200,0
REN.US,5,20131206,192000,8.7400,8.7600,8.7300,8.7600,4270,0
REN.US,5,20131206,192500,8.7600,8.7600,8.7100,8.7200,17280,0
REN.US,5,20131206,193000,8.7200,8.7700,8.7100,8.7400,3800,0
REN.US,5,20131206,193500,8.7500,8.7700,8.7300,8.7300,3700,0
REN.US,5,20131206,194000,8.7500,8.7700,8.7300,8.7400,3814,0
REN.US,5,20131206,194500,8.7400,8.7600,8.7300,8.7400,2128,0
REN.US,5,20131206,195000,8.7400,8.7500,8.7300,8.7400,4777,0
REN.US,5,20131206,195500,8.7300,8.7400,8.7100,8.7200,6022,0
REN.US,5,20131206,200000,8.7300,8.7500,8.7200,8.7300,8400,0
REN.US,5,20131206,200500,8.7200,8.7200,8.7100,8.7200,4800,0
REN.US,5,20131206,201000,8.7300,8.7400,8.7200,8.7200,2400,0
REN.US,5,20131206,201500,8.7200,8.7200,8.7100,8.7200,2600,0
REN.US,5,20131206,202000,8.7200,8.7200,8.7000,8.7200,6100,0
REN.US,5,20131206,202500,8.7200,8.7400,8.7100,8.7200,5600,0
REN.US,5,20131206,203000,8.7300,8.7300,8.7200,8.7200,1600,0
REN.US,5,20131206,203500,8.7100,8.7800,8.7100,8.7800,4000,0
REN.US,5,20131206,204000,8.7500,8.7500,8.7200,8.7500,5209,0
REN.US,5,20131206,204500,8.7400,8.7500,8.7300,8.7300,2732,0
REN.US,5,20131206,205000,8.7200,8.7300,8.6800,8.6900,7001,0
REN.US,5,20131206,205500,8.6800,8.6900,8.6400,8.6600,5256,0
REN.US,5,20131206,210000,8.6600,8.7200,8.6600,8.7100,5100,0
REN.US,5,20131206,210500,8.7200,8.7300,8.7200,8.7300,3201,0
REN.US,5,20131206,211000,8.7300,8.7300,8.6600,8.6600,22881,0
REN.US,5,20131206,211500,8.6700,8.6900,8.6600,8.6800,4844,0
REN.US,5,20131206,212000,8.6700,8.6700,8.6400,8.6600,10715,0
REN.US,5,20131206,212500,8.6600,8.6700,8.6500,8.6700,11196,0
REN.US,5,20131206,213000,8.6700,8.6700,8.6600,8.6600,5996,0
REN.US,5,20131206,213500,8.6600,8.6600,8.6100,8.6100,10516,0
REN.US,5,20131206,214000,8.6100,8.6300,8.5600,8.6100,28456,0
REN.US,5,20131206,214500,8.6100,8.6300,8.6000,8.6100,14281,0
REN.US,5,20131206,215000,8.6000,8.6300,8.6000,8.6100,21045,0
REN.US,5,20131206,215500,8.6100,8.6800,8.6000,8.6800,31048,0
REN.US,5,20131206,220000,8.6800,8.6800,8.6500,8.6600,81063,0
REN.US,5,20131206,221000,8.6500,8.6500,8.6500,8.6500,20978,0
REN.US,5,20131209,153500,8.6900,8.7200,8.6300,8.6900,6779,0
REN.US,5,20131209,154000,8.7200,8.7700,8.6300,8.7500,13206,0
REN.US,5,20131209,154500,8.7500,8.7600,8.7400,8.7400,1742,0
REN.US,5,20131209,155000,8.7600,8.7700,8.7200,8.7200,1800,0
REN.US,5,20131209,155500,8.7200,8.7200,8.6700,8.6800,3300,0
REN.US,5,20131209,160000,8.6700,8.6900,8.6600,8.6600,1300,0
REN.US,5,20131209,160500,8.6400,8.6400,8.6100,8.6100,2600,0
REN.US,5,20131209,161000,8.6200,8.6500,8.5900,8.6000,3000,0
REN.US,5,20131209,161500,8.5900,8.5900,8.5300,8.5600,6823,0
REN.US,5,20131209,162000,8.5600,8.5600,8.5000,8.5000,8900,0
REN.US,5,20131209,162500,8.4800,8.5400,8.4800,8.5300,5400,0
REN.US,5,20131209,163000,8.5100,8.5200,8.4800,8.4900,4500,0
REN.US,5,20131209,163500,8.4800,8.4900,8.4400,8.4900,3342,0
REN.US,5,20131209,164000,8.4900,8.5000,8.4600,8.4900,5515,0
REN.US,5,20131209,164500,8.5000,8.5200,8.5000,8.5200,4000,0
REN.US,5,20131209,165000,8.5100,8.5100,8.5000,8.5000,3718,0
REN.US,5,20131209,165500,8.5100,8.5500,8.5100,8.5400,7500,0
REN.US,5,20131209,170000,8.5400,8.5900,8.5200,8.5700,26657,0
REN.US,5,20131209,170500,8.5600,8.5900,8.5600,8.5800,2100,0
REN.US,5,20131209,171000,8.5800,8.5900,8.5700,8.5900,53982,0
REN.US,5,20131209,171500,8.6000,8.6100,8.5900,8.5900,14637,0
REN.US,5,20131209,172000,8.6000,8.6200,8.5900,8.6200,11400,0
REN.US,5,20131209,172500,8.6200,8.6400,8.6200,8.6400,11510,0
REN.US,5,20131209,173000,8.6400,8.7000,8.6400,8.6700,16060,0
REN.US,5,20131209,173500,8.6600,8.6600,8.6400,8.6400,3800,0
REN.US,5,20131209,174000,8.6500,8.6500,8.6400,8.6500,48300,0
REN.US,5,20131209,174500,8.6500,8.6500,8.6300,8.6300,4400,0
REN.US,5,20131209,175000,8.6300,8.6600,8.6200,8.6600,12400,0
REN.US,5,20131209,175500,8.6600,8.7100,8.6500,8.6500,18288,0
REN.US,5,20131209,180000,8.6600,8.7100,8.6500,8.6900,28091,0
REN.US,5,20131209,180500,8.6800,8.6800,8.6800,8.6800,1400,0
REN.US,5,20131209,181000,8.6800,8.6900,8.6400,8.6900,27332,0
REN.US,5,20131209,181500,8.6900,8.6900,8.6700,8.6700,6200,0
REN.US,5,20131209,182000,8.6600,8.6700,8.6500,8.6500,5419,0
REN.US,5,20131209,182500,8.6400,8.6400,8.6200,8.6200,2300,0
REN.US,5,20131209,183000,8.6100,8.6100,8.5900,8.6000,6694,0
REN.US,5,20131209,183500,8.6000,8.6000,8.5800,8.5900,3700,0
REN.US,5,20131209,184000,8.5800,8.6100,8.5800,8.6100,6900,0
REN.US,5,20131209,184500,8.6100,8.6800,8.6100,8.6700,8474,0
REN.US,5,20131209,185000,8.6700,8.6800,8.6500,8.6500,3300,0
REN.US,5,20131209,185500,8.6500,8.6700,8.6400,8.6400,9356,0
REN.US,5,20131209,190000,8.6500,8.6500,8.6200,8.6200,4468,0
REN.US,5,20131209,190500,8.6200,8.6300,8.6200,8.6300,1900,0
REN.US,5,20131209,191000,8.6300,8.6300,8.6000,8.6000,3000,0
REN.US,5,20131209,191500,8.6000,8.6100,8.5900,8.6000,6600,0
REN.US,5,20131209,192000,8.6000,8.6000,8.5900,8.5900,2916,0
REN.US,5,20131209,192500,8.6000,8.6000,8.5700,8.5700,7081,0
REN.US,5,20131209,193000,8.5700,8.5700,8.5200,8.5200,5840,0
REN.US,5,20131209,193500,8.5300,8.6000,8.5200,8.5900,10573,0
REN.US,5,20131209,194000,8.5900,8.5900,8.5800,8.5800,3300,0
REN.US,5,20131209,194500,8.5800,8.6000,8.5800,8.5800,4822,0
REN.US,5,20131209,195000,8.5700,8.5700,8.5400,8.5400,5937,0
REN.US,5,20131209,195500,8.5500,8.5700,8.5400,8.5500,6091,0
REN.US,5,20131209,200000,8.5500,8.5700,8.5500,8.5500,3750,0
REN.US,5,20131209,200500,8.5500,8.5600,8.5300,8.5300,4917,0
REN.US,5,20131209,201000,8.5400,8.5400,8.5300,8.5400,3500,0
REN.US,5,20131209,201500,8.5300,8.5500,8.5300,8.5500,15253,0
REN.US,5,20131209,202000,8.5500,8.5500,8.5300,8.5400,5343,0
REN.US,5,20131209,202500,8.5400,8.5400,8.5100,8.5300,10000,0
REN.US,5,20131209,203000,8.5300,8.5400,8.5300,8.5400,1200,0
REN.US,5,20131209,203500,8.5300,8.5400,8.5300,8.5400,7400,0
REN.US,5,20131209,204000,8.5400,8.5500,8.5300,8.5400,4316,0
REN.US,5,20131209,204500,8.5300,8.5500,8.5300,8.5500,10579,0
REN.US,5,20131209,205000,8.5500,8.5700,8.5500,8.5700,6000,0
REN.US,5,20131209,205500,8.5700,8.5700,8.5400,8.5600,12300,0
REN.US,5,20131209,210000,8.5500,8.5600,8.5500,8.5600,2000,0
REN.US,5,20131209,210500,8.5600,8.5900,8.5500,8.5700,19014,0
REN.US,5,20131209,211000,8.5800,8.5800,8.5500,8.5500,5572,0
REN.US,5,20131209,211500,8.5600,8.5700,8.5500,8.5700,8275,0
REN.US,5,20131209,212000,8.5700,8.5700,8.5600,8.5600,6583,0
REN.US,5,20131209,212500,8.5600,8.5600,8.5500,8.5500,15276,0
REN.US,5,20131209,213000,8.5500,8.5500,8.5300,8.5400,30054,0
REN.US,5,20131209,213500,8.5400,8.5400,8.5300,8.5300,6654,0
REN.US,5,20131209,214000,8.5200,8.5400,8.5200,8.5200,14523,0
REN.US,5,20131209,214500,8.5200,8.5300,8.5200,8.5300,8090,0
REN.US,5,20131209,215000,8.5300,8.5600,8.5300,8.5600,27985,0
REN.US,5,20131209,215500,8.5500,8.5700,8.5500,8.5700,15400,0
REN.US,5,20131209,220000,8.5700,8.6000,8.5700,8.5700,45557,0
REN.US,5,20131209,220500,8.5800,8.5800,8.5800,8.5800,43472,0
