<TICKER>,<PER>,<DTYYYYMMDD>,<TIME>,<OPEN>,<HIGH>,<LOW>,<CLOSE>,<VOL>,<OPENINT>
STT.US,5,20131112,153500,71.5500,71.7200,71.2200,71.6000,34571,0
STT.US,5,20131112,154000,71.5500,71.6500,71.3100,71.3600,24585,0
STT.US,5,20131112,154500,71.3600,71.5200,71.3600,71.3700,12451,0
STT.US,5,20131112,155000,71.3600,71.5900,71.3600,71.5600,23299,0
STT.US,5,20131112,155500,71.5400,71.5400,71.4000,71.4000,12021,0
STT.US,5,20131112,160000,71.4000,71.4500,71.3700,71.4400,20738,0
STT.US,5,20131112,160500,71.4600,71.5000,71.2900,71.3300,27839,0
STT.US,5,20131112,161000,71.3200,71.3800,71.2700,71.3100,17513,0
STT.US,5,20131112,161500,71.3300,71.3600,71.2200,71.2200,20151,0
STT.US,5,20131112,162000,71.2200,71.4900,71.1800,71.4400,27291,0
STT.US,5,20131112,162500,71.4700,71.4700,71.2600,71.3600,16781,0
STT.US,5,20131112,163000,71.3700,71.4900,71.3400,71.4300,34933,0
STT.US,5,20131112,163500,71.4400,71.5000,71.4000,71.4600,12168,0
STT.US,5,20131112,164000,71.4600,71.4700,71.4100,71.4100,18498,0
STT.US,5,20131112,164500,71.4200,71.4400,71.3700,71.4100,16666,0
STT.US,5,20131112,165000,71.4000,71.4100,71.2800,71.3000,17764,0
STT.US,5,20131112,165500,71.3400,71.3400,71.0100,71.0300,120915,0
STT.US,5,20131112,170000,71.0300,71.0800,70.8300,71.0400,100486,0
STT.US,5,20131112,170500,71.0400,71.0800,70.9400,70.9900,65764,0
STT.US,5,20131112,171000,70.9900,71.0000,70.8300,70.8800,42236,0
STT.US,5,20131112,171500,70.8900,71.0000,70.8400,70.8600,23822,0
STT.US,5,20131112,172000,70.8600,70.9600,70.8600,70.9300,34988,0
STT.US,5,20131112,172500,70.9300,70.9300,70.7900,70.8000,45244,0
STT.US,5,20131112,173000,70.8100,71.0000,70.8100,70.9600,26695,0
STT.US,5,20131112,173500,70.9500,71.0900,70.9500,71.0700,32682,0
STT.US,5,20131112,174000,71.0700,71.0700,70.8000,70.8000,22461,0
STT.US,5,20131112,174500,70.8000,70.8100,70.7000,70.7400,33805,0
STT.US,5,20131112,175000,70.7300,70.7400,70.5700,70.6900,28899,0
STT.US,5,20131112,175500,70.6800,70.7100,70.6200,70.7100,18222,0
STT.US,5,20131112,180000,70.6900,70.7500,70.6400,70.6400,16025,0
STT.US,5,20131112,180500,70.6500,70.7000,70.5100,70.5100,37469,0
STT.US,5,20131112,181000,70.5000,70.5100,70.3200,70.3900,41803,0
STT.US,5,20131112,181500,70.4100,70.5400,70.3400,70.3500,56255,0
STT.US,5,20131112,182000,70.3500,70.3500,70.1400,70.2500,139263,0
STT.US,5,20131112,182500,70.2700,70.5400,70.2700,70.5400,35708,0
STT.US,5,20131112,183000,70.5400,70.6500,70.5000,70.6300,43663,0
STT.US,5,20131112,183500,70.6300,70.6600,70.2600,70.4600,77168,0
STT.US,5,20131112,184000,70.4500,70.4900,70.4000,70.4400,25152,0
STT.US,5,20131112,184500,70.4600,70.5000,70.4100,70.4300,28147,0
STT.US,5,20131112,185000,70.4300,70.4600,70.1500,70.2100,78400,0
STT.US,5,20131112,185500,70.2100,70.3500,70.1700,70.3400,25883,0
STT.US,5,20131112,190000,70.3500,70.3800,70.3300,70.3800,27117,0
STT.US,5,20131112,190500,70.3700,70.4000,70.2300,70.2600,30121,0
STT.US,5,20131112,191000,70.2600,70.3300,70.2100,70.2200,30124,0
STT.US,5,20131112,191500,70.2200,70.2500,70.2100,70.2300,18755,0
STT.US,5,20131112,192000,70.2200,70.2800,70.1900,70.2600,41812,0
STT.US,5,20131112,192500,70.2700,70.2700,70.1400,70.2200,24456,0
STT.US,5,20131112,193000,70.2200,70.2300,70.0500,70.1000,55471,0
STT.US,5,20131112,193500,70.1000,70.1700,70.0700,70.1200,32030,0
STT.US,5,20131112,194000,70.1100,70.1100,70.0000,70.0400,36867,0
STT.US,5,20131112,194500,70.0300,70.1600,70.0300,70.0700,25995,0
STT.US,5,20131112,195000,70.0700,70.1800,70.0100,70.0900,36069,0
STT.US,5,20131112,195500,70.0800,70.1500,70.0600,70.0900,19175,0
STT.US,5,20131112,200000,70.0900,70.1500,70.0500,70.0900,27103,0
STT.US,5,20131112,200500,70.1100,70.1500,70.0800,70.0800,28260,0
STT.US,5,20131112,201000,70.1000,70.1100,70.0600,70.0900,31861,0
STT.US,5,20131112,201500,70.1000,70.1600,70.0800,70.1200,21238,0
STT.US,5,20131112,202000,70.1200,70.1900,70.1000,70.1200,38265,0
STT.US,5,20131112,202500,70.1300,70.1900,70.1200,70.1300,24200,0
STT.US,5,20131112,203000,70.1300,70.1300,70.0100,70.0300,26990,0
STT.US,5,20131112,203500,70.0300,70.0800,70.0100,70.0500,45421,0
STT.US,5,20131112,204000,70.0500,70.1100,70.0500,70.0700,43462,0
STT.US,5,20131112,204500,70.0800,70.1500,70.0400,70.1000,51920,0
STT.US,5,20131112,205000,70.1100,70.1300,70.0400,70.1300,65873,0
STT.US,5,20131112,205500,70.1300,70.1300,70.0800,70.0900,29177,0
STT.US,5,20131112,210000,70.0800,70.1800,70.0700,70.1600,57720,0
STT.US,5,20131112,210500,70.1600,70.2700,70.1500,70.2400,59274,0
STT.US,5,20131112,211000,70.2600,70.3000,70.1900,70.1900,41767,0
STT.US,5,20131112,211500,70.1900,70.2300,70.1400,70.1600,61311,0
STT.US,5,20131112,212000,70.1600,70.1800,70.1300,70.1500,51276,0
STT.US,5,20131112,212500,70.1500,70.1600,70.0700,70.1100,48294,0
STT.US,5,20131112,213000,70.0900,70.1100,70.0100,70.0500,72809,0
STT.US,5,20131112,213500,70.0400,70.1100,70.0200,70.0800,79714,0
STT.US,5,20131112,214000,70.0900,70.1100,70.0500,70.0900,80357,0
STT.US,5,20131112,214500,70.0900,70.0900,69.9600,69.9600,73757,0
STT.US,5,20131112,215000,69.9600,69.9700,69.8400,69.8600,118662,0
STT.US,5,20131112,215500,69.8800,69.9300,69.8400,69.8600,146773,0
STT.US,5,20131112,220000,69.8600,69.9300,69.8200,69.9000,307638,0
STT.US,5,20131112,221000,69.9000,69.9000,69.9000,69.9000,114692,0
STT.US,5,20131113,153500,69.0200,69.6500,69.0200,69.3700,24992,0
STT.US,5,20131113,154000,69.4000,69.6200,69.3100,69.5500,19747,0
STT.US,5,20131113,154500,69.5800,69.8700,69.5800,69.8100,25874,0
STT.US,5,20131113,155000,69.8100,70.1500,69.8000,70.0500,47915,0
STT.US,5,20131113,155500,70.0900,70.1300,69.9400,70.0200,31674,0
STT.US,5,20131113,160000,70.0300,70.2800,69.9800,70.2800,19092,0
STT.US,5,20131113,160500,70.2900,70.4500,70.2400,70.2500,63069,0
STT.US,5,20131113,161000,70.2400,70.3000,70.1800,70.2500,21948,0
STT.US,5,20131113,161500,70.2400,70.3700,70.2000,70.3400,16113,0
STT.US,5,20131113,162000,70.3500,70.3600,70.2800,70.3100,17324,0
STT.US,5,20131113,162500,70.3000,70.3400,70.2600,70.3400,15986,0
STT.US,5,20131113,163000,70.3400,70.4600,70.3400,70.4400,19379,0
STT.US,5,20131113,163500,70.4700,70.5200,70.3800,70.4200,11478,0
STT.US,5,20131113,164000,70.4100,70.5100,70.4100,70.5100,22939,0
STT.US,5,20131113,164500,70.4800,70.6200,70.4700,70.6200,32002,0
STT.US,5,20131113,165000,70.6100,70.6500,70.5800,70.6000,21213,0
STT.US,5,20131113,165500,70.6000,70.6100,70.4700,70.4700,33054,0
STT.US,5,20131113,170000,70.4800,70.5600,70.4700,70.4800,15427,0
STT.US,5,20131113,170500,70.4800,70.5300,70.4400,70.5200,21958,0
STT.US,5,20131113,171000,70.5300,70.5300,70.4500,70.4600,34031,0
STT.US,5,20131113,171500,70.4400,70.4800,70.4000,70.4800,67679,0
STT.US,5,20131113,172000,70.4800,70.4800,70.4300,70.4700,14495,0
STT.US,5,20131113,172500,70.4800,70.5900,70.4500,70.4500,23261,0
STT.US,5,20131113,173000,70.4800,70.5000,70.4300,70.4500,11918,0
STT.US,5,20131113,173500,70.4500,70.5600,70.4500,70.5400,22027,0
STT.US,5,20131113,174000,70.5400,70.5700,70.4900,70.5500,13550,0
STT.US,5,20131113,174500,70.5600,70.6000,70.5300,70.5900,18496,0
STT.US,5,20131113,175000,70.6100,70.7200,70.6000,70.6900,12196,0
STT.US,5,20131113,175500,70.7000,70.7500,70.6900,70.7500,14910,0
STT.US,5,20131113,180000,70.7300,70.7500,70.6900,70.6900,10961,0
STT.US,5,20131113,180500,70.6900,70.6900,70.5800,70.6100,20062,0
STT.US,5,20131113,181000,70.6000,70.6200,70.5700,70.5700,13458,0
STT.US,5,20131113,181500,70.5800,70.5800,70.5300,70.5400,11731,0
STT.US,5,20131113,182000,70.5300,70.6000,70.5300,70.5800,18055,0
STT.US,5,20131113,182500,70.5700,70.7300,70.5700,70.6800,13623,0
STT.US,5,20131113,183000,70.6900,70.7200,70.6600,70.6700,9880,0
STT.US,5,20131113,183500,70.6700,70.6700,70.6000,70.6100,13811,0
STT.US,5,20131113,184000,70.6100,70.6200,70.5500,70.5500,9342,0
STT.US,5,20131113,184500,70.5600,70.6100,70.5400,70.6000,14014,0
STT.US,5,20131113,185000,70.6000,70.6300,70.5900,70.6000,6900,0
STT.US,5,20131113,185500,70.6000,70.6600,70.5900,70.6400,9101,0
STT.US,5,20131113,190000,70.6400,70.6700,70.5800,70.6000,7056,0
STT.US,5,20131113,190500,70.6000,70.6200,70.5800,70.6100,9733,0
STT.US,5,20131113,191000,70.6000,70.6000,70.5700,70.6000,9119,0
STT.US,5,20131113,191500,70.5900,70.6000,70.5400,70.5900,10718,0
STT.US,5,20131113,192000,70.5900,70.6300,70.5600,70.6300,8000,0
STT.US,5,20131113,192500,70.6300,70.6800,70.6300,70.6600,11520,0
STT.US,5,20131113,193000,70.6600,70.7100,70.6200,70.7100,7831,0
STT.US,5,20131113,193500,70.7300,70.7300,70.6300,70.6600,13920,0
STT.US,5,20131113,194000,70.6700,70.6900,70.5800,70.5900,23274,0
STT.US,5,20131113,194500,70.5900,70.6300,70.5600,70.5900,18296,0
STT.US,5,20131113,195000,70.5800,70.6700,70.5600,70.6600,14312,0
STT.US,5,20131113,195500,70.6500,70.6700,70.6100,70.6300,9226,0
STT.US,5,20131113,200000,70.6300,70.6700,70.6100,70.6300,5735,0
STT.US,5,20131113,200500,70.6200,70.6200,70.5200,70.5400,10789,0
STT.US,5,20131113,201000,70.5300,70.5300,70.4600,70.5100,11201,0
STT.US,5,20131113,201500,70.5100,70.5300,70.4700,70.4700,10665,0
STT.US,5,20131113,202000,70.4800,70.4800,70.4400,70.4700,14962,0
STT.US,5,20131113,202500,70.4800,70.5500,70.4800,70.5500,8050,0
STT.US,5,20131113,203000,70.5500,70.6000,70.5500,70.5800,12107,0
STT.US,5,20131113,203500,70.5800,70.5900,70.5300,70.5400,11448,0
STT.US,5,20131113,204000,70.5400,70.5400,70.5000,70.5000,7900,0
STT.US,5,20131113,204500,70.4900,70.5400,70.4900,70.5100,15395,0
STT.US,5,20131113,205000,70.5200,70.5800,70.5200,70.5700,8392,0
STT.US,5,20131113,205500,70.5600,70.5600,70.5200,70.5300,10876,0
STT.US,5,20131113,210000,70.5300,70.5600,70.5300,70.5500,7839,0
STT.US,5,20131113,210500,70.5400,70.5400,70.5100,70.5100,6717,0
STT.US,5,20131113,211000,70.5100,70.5300,70.5000,70.5300,9535,0
STT.US,5,20131113,211500,70.5300,70.5800,70.5200,70.5600,13536,0
STT.US,5,20131113,212000,70.5400,70.5600,70.4900,70.5600,18242,0
STT.US,5,20131113,212500,70.5600,70.6600,70.5600,70.6600,8065,0
STT.US,5,20131113,213000,70.6500,70.6500,70.5900,70.6400,13991,0
STT.US,5,20131113,213500,70.6400,70.6600,70.6100,70.6500,24052,0
STT.US,5,20131113,214000,70.6500,70.7100,70.6200,70.6700,24493,0
STT.US,5,20131113,214500,70.6800,70.7300,70.6700,70.7300,27462,0
STT.US,5,20131113,215000,70.7300,70.8300,70.7300,70.8300,37186,0
STT.US,5,20131113,215500,70.8300,70.8500,70.7800,70.7900,45002,0
STT.US,5,20131113,220000,70.8000,70.8800,70.8000,70.8800,82746,0
STT.US,5,20131113,220500,70.8700,70.8700,70.8700,70.8700,100,0
STT.US,5,20131113,221000,70.8800,70.8800,70.8800,70.8800,262370,0
STT.US,5,20131113,223000,70.8800,70.8800,70.8800,70.8800,1030,0
STT.US,5,20131114,153500,67.5400,71.1100,67.5400,70.9000,17528,0
STT.US,5,20131114,154000,70.9000,70.9300,70.7600,70.8400,12513,0
STT.US,5,20131114,154500,70.8400,70.8700,70.6100,70.6100,14580,0
STT.US,5,20131114,155000,70.6400,70.8400,70.6200,70.7700,16553,0
STT.US,5,20131114,155500,70.7900,70.8700,70.6800,70.7500,14208,0
STT.US,5,20131114,160000,70.7100,70.8300,70.6900,70.7600,22058,0
STT.US,5,20131114,160500,70.7800,70.8000,70.5100,70.5100,20647,0
STT.US,5,20131114,161000,70.5000,70.5400,70.3200,70.3300,42069,0
STT.US,5,20131114,161500,70.3300,70.5000,70.3000,70.5000,25732,0
STT.US,5,20131114,162000,70.5000,70.5900,70.4700,70.4800,9277,0
STT.US,5,20131114,162500,70.4900,70.5400,70.4400,70.5400,22540,0
STT.US,5,20131114,163000,70.5800,70.6100,70.4500,70.5400,42523,0
STT.US,5,20131114,163500,70.5400,70.6300,70.5000,70.6200,13309,0
STT.US,5,20131114,164000,70.6000,70.6000,70.5400,70.5600,12486,0
STT.US,5,20131114,164500,70.5500,70.6000,70.5300,70.5800,8800,0
STT.US,5,20131114,165000,70.5800,70.7100,70.5600,70.5900,13882,0
STT.US,5,20131114,165500,70.5800,70.5900,70.4300,70.4300,34183,0
STT.US,5,20131114,170000,70.4300,70.5600,70.4200,70.5600,16067,0
STT.US,5,20131114,170500,70.5600,70.6400,70.5300,70.6400,11810,0
STT.US,5,20131114,171000,70.6300,70.6400,70.5800,70.6000,25902,0
STT.US,5,20131114,171500,70.6100,70.6200,70.5500,70.6100,49836,0
STT.US,5,20131114,172000,70.6100,70.6600,70.5600,70.6300,46704,0
STT.US,5,20131114,172500,70.6200,70.6800,70.5900,70.6100,38751,0
STT.US,5,20131114,173000,70.5900,70.7300,70.5800,70.6600,42160,0
STT.US,5,20131114,173500,70.6600,70.7000,70.6300,70.6400,29612,0
STT.US,5,20131114,174000,70.6500,70.6500,70.5900,70.6300,10878,0
STT.US,5,20131114,174500,70.6300,70.6600,70.5900,70.6500,12664,0
STT.US,5,20131114,175000,70.6600,70.6900,70.6100,70.6400,144980,0
STT.US,5,20131114,175500,70.6400,70.7000,70.6100,70.6400,13840,0
STT.US,5,20131114,180000,70.6400,70.7300,70.6300,70.6400,18959,0
STT.US,5,20131114,180500,70.6400,70.6800,70.6200,70.6300,18691,0
STT.US,5,20131114,181000,70.6300,70.6700,70.6200,70.6400,45509,0
STT.US,5,20131114,181500,70.6300,70.6600,70.6200,70.6300,23424,0
STT.US,5,20131114,182000,70.6400,70.6400,70.5700,70.5700,16738,0
STT.US,5,20131114,182500,70.5800,70.6200,70.5800,70.6100,7069,0
STT.US,5,20131114,183000,70.6000,70.6100,70.5700,70.5900,5942,0
STT.US,5,20131114,183500,70.6000,70.6600,70.5900,70.6000,27118,0
STT.US,5,20131114,184000,70.6000,70.6300,70.5800,70.6200,19815,0
STT.US,5,20131114,184500,70.6200,70.6300,70.5800,70.5800,6210,0
STT.US,5,20131114,185000,70.5800,70.6000,70.5800,70.5900,4239,0
STT.US,5,20131114,185500,70.5900,70.6200,70.5900,70.6200,7474,0
STT.US,5,20131114,190000,70.6200,70.6500,70.5600,70.5600,6198,0
STT.US,5,20131114,190500,70.5700,70.6400,70.5700,70.6300,10600,0
STT.US,5,20131114,191000,70.6400,70.6400,70.5700,70.5700,7376,0
STT.US,5,20131114,191500,70.5700,70.5700,70.5400,70.5500,3976,0
STT.US,5,20131114,192000,70.5700,70.6100,70.5600,70.5800,13152,0
STT.US,5,20131114,192500,70.5800,70.5900,70.5500,70.5500,4394,0
STT.US,5,20131114,193000,70.5600,70.5700,70.5500,70.5600,8502,0
STT.US,5,20131114,193500,70.5700,70.5700,70.5300,70.5300,9560,0
STT.US,5,20131114,194000,70.5400,70.5400,70.5100,70.5400,9973,0
STT.US,5,20131114,194500,70.5500,70.5800,70.5000,70.5000,9946,0
STT.US,5,20131114,195000,70.5000,70.5400,70.4900,70.5300,6396,0
STT.US,5,20131114,195500,70.5300,70.5300,70.4900,70.5300,9995,0
STT.US,5,20131114,200000,70.5300,70.6000,70.5100,70.5700,9745,0
STT.US,5,20131114,200500,70.5800,70.5800,70.5000,70.5800,12775,0
STT.US,5,20131114,201000,70.5800,70.6000,70.5500,70.5600,8803,0
STT.US,5,20131114,201500,70.5600,70.5800,70.5500,70.5600,11806,0
STT.US,5,20131114,202000,70.5600,70.6200,70.5600,70.6000,13386,0
STT.US,5,20131114,202500,70.6000,70.6300,70.6000,70.6000,19113,0
STT.US,5,20131114,203000,70.6100,70.6600,70.6100,70.6600,6803,0
STT.US,5,20131114,203500,70.6700,70.7200,70.6700,70.6900,36608,0
STT.US,5,20131114,204000,70.7100,70.7100,70.6700,70.6800,17388,0
STT.US,5,20131114,204500,70.6800,70.7300,70.6700,70.7000,24391,0
STT.US,5,20131114,205000,70.6900,70.7100,70.6600,70.6600,12049,0
STT.US,5,20131114,205500,70.6600,70.6700,70.6100,70.6500,13692,0
STT.US,5,20131114,210000,70.6500,70.6700,70.6300,70.6500,7086,0
STT.US,5,20131114,210500,70.6500,70.6700,70.6500,70.6700,10791,0
STT.US,5,20131114,211000,70.6700,70.7100,70.6700,70.6700,24776,0
STT.US,5,20131114,211500,70.6700,70.7400,70.6700,70.7200,28437,0
STT.US,5,20131114,212000,70.7100,70.7100,70.6800,70.6900,15589,0
STT.US,5,20131114,212500,70.7000,70.7300,70.6800,70.7100,27097,0
STT.US,5,20131114,213000,70.7100,70.7300,70.7000,70.7200,19382,0
STT.US,5,20131114,213500,70.7200,70.7300,70.6900,70.7100,32780,0
STT.US,5,20131114,214000,70.7000,70.7300,70.6800,70.7200,32371,0
STT.US,5,20131114,214500,70.7100,70.7400,70.7000,70.7200,34436,0
STT.US,5,20131114,215000,70.7100,70.7100,70.6700,70.6700,24126,0
STT.US,5,20131114,215500,70.6700,70.6800,70.5700,70.5700,96476,0
STT.US,5,20131114,220000,70.5800,70.6600,70.5700,70.6300,88048,0
STT.US,5,20131114,220500,70.6300,70.6300,70.6200,70.6200,587310,0
STT.US,5,20131115,153500,70.6700,70.8500,70.5900,70.7400,16405,0
STT.US,5,20131115,154000,70.7300,70.7300,70.5000,70.5400,14168,0
STT.US,5,20131115,154500,70.5800,70.6500,70.5300,70.6000,16364,0
STT.US,5,20131115,155000,70.6100,70.7300,70.5700,70.7000,46699,0
STT.US,5,20131115,155500,70.6900,70.7200,70.6400,70.7100,30543,0
STT.US,5,20131115,160000,70.6900,70.7300,70.6500,70.7300,32310,0
STT.US,5,20131115,160500,70.7300,70.7500,70.6500,70.6500,28574,0
STT.US,5,20131115,161000,70.6800,70.7800,70.6500,70.7700,17890,0
STT.US,5,20131115,161500,70.7700,70.8500,70.7600,70.7800,41196,0
STT.US,5,20131115,162000,70.7800,70.7800,70.6400,70.7200,30799,0
STT.US,5,20131115,162500,70.7300,70.7400,70.6800,70.7200,11310,0
STT.US,5,20131115,163000,70.7200,70.8200,70.7100,70.7100,20973,0
STT.US,5,20131115,163500,70.7100,70.7200,70.6400,70.6600,33577,0
STT.US,5,20131115,164000,70.6700,70.7000,70.6400,70.6600,13334,0
STT.US,5,20131115,164500,70.6800,70.7200,70.6400,70.6400,44352,0
STT.US,5,20131115,165000,70.6400,70.6900,70.6200,70.6800,19141,0
STT.US,5,20131115,165500,70.6800,70.6900,70.6500,70.6600,8746,0
STT.US,5,20131115,170000,70.6800,70.7000,70.6700,70.6900,7726,0
STT.US,5,20131115,170500,70.7000,70.7600,70.6900,70.7100,21134,0
STT.US,5,20131115,171000,70.7000,70.7300,70.6900,70.7000,14347,0
STT.US,5,20131115,171500,70.7000,70.7400,70.6900,70.7000,10160,0
STT.US,5,20131115,172000,70.7000,70.7000,70.6300,70.6500,9156,0
STT.US,5,20131115,172500,70.6400,70.6700,70.6000,70.6300,14617,0
STT.US,5,20131115,173000,70.6300,70.6800,70.6300,70.6800,31915,0
STT.US,5,20131115,173500,70.6800,70.7000,70.6200,70.6500,23329,0
STT.US,5,20131115,174000,70.6600,70.7200,70.6500,70.6800,17337,0
STT.US,5,20131115,174500,70.6600,70.6800,70.6300,70.6300,22359,0
STT.US,5,20131115,175000,70.6400,70.6400,70.5000,70.5000,11000,0
STT.US,5,20131115,175500,70.5000,70.5100,70.4000,70.4100,14456,0
STT.US,5,20131115,180000,70.4000,70.4600,70.3900,70.4200,9844,0
STT.US,5,20131115,180500,70.4200,70.4300,70.3200,70.3300,20424,0
STT.US,5,20131115,181000,70.3400,70.4100,70.3300,70.4000,17621,0
STT.US,5,20131115,181500,70.4000,70.4200,70.3800,70.3900,20416,0
STT.US,5,20131115,182000,70.3800,70.4100,70.3700,70.3900,21103,0
STT.US,5,20131115,182500,70.3900,70.4100,70.3600,70.4000,15746,0
STT.US,5,20131115,183000,70.4100,70.4100,70.3700,70.3700,9185,0
STT.US,5,20131115,183500,70.3700,70.4100,70.3700,70.3800,16434,0
STT.US,5,20131115,184000,70.3800,70.3800,70.3300,70.3800,22083,0
STT.US,5,20131115,184500,70.3700,70.3900,70.3600,70.3800,15082,0
STT.US,5,20131115,185000,70.3800,70.4100,70.3500,70.3800,31221,0
STT.US,5,20131115,185500,70.3800,70.3800,70.3400,70.3600,17607,0
STT.US,5,20131115,190000,70.3600,70.3800,70.3200,70.3700,26643,0
STT.US,5,20131115,190500,70.3800,70.3900,70.3600,70.3600,13934,0
STT.US,5,20131115,191000,70.3600,70.4700,70.3400,70.4700,18379,0
STT.US,5,20131115,191500,70.4700,70.5000,70.4300,70.4300,15926,0
STT.US,5,20131115,192000,70.4200,70.5000,70.4100,70.4900,24324,0
STT.US,5,20131115,192500,70.4900,70.4900,70.4400,70.4500,16286,0
STT.US,5,20131115,193000,70.4500,70.4500,70.4400,70.4400,4908,0
STT.US,5,20131115,193500,70.4500,70.4800,70.4400,70.4400,8356,0
STT.US,5,20131115,194000,70.4300,70.4800,70.4300,70.4800,7740,0
STT.US,5,20131115,194500,70.5000,70.5100,70.4800,70.5100,13020,0
STT.US,5,20131115,195000,70.5100,70.5500,70.5100,70.5400,7300,0
STT.US,5,20131115,195500,70.5400,70.5600,70.5000,70.5500,13399,0
STT.US,5,20131115,200000,70.5600,70.5700,70.5200,70.5400,16163,0
STT.US,5,20131115,200500,70.5500,70.5900,70.5200,70.5900,15068,0
STT.US,5,20131115,201000,70.5900,70.6000,70.5600,70.5600,7292,0
STT.US,5,20131115,201500,70.5600,70.5900,70.5100,70.5900,10274,0
STT.US,5,20131115,202000,70.6000,70.6000,70.5200,70.5600,5823,0
STT.US,5,20131115,202500,70.5600,70.5800,70.5400,70.5600,7704,0
STT.US,5,20131115,203000,70.5500,70.5600,70.5300,70.5300,14452,0
STT.US,5,20131115,203500,70.5400,70.5800,70.5300,70.5800,13407,0
STT.US,5,20131115,204000,70.5900,70.6200,70.5900,70.6000,5251,0
STT.US,5,20131115,204500,70.6000,70.6000,70.5700,70.5800,8010,0
STT.US,5,20131115,205000,70.5800,70.6000,70.5600,70.6000,8395,0
STT.US,5,20131115,205500,70.6000,70.6000,70.5600,70.5600,9581,0
STT.US,5,20131115,210000,70.5700,70.5800,70.5500,70.5600,7132,0
STT.US,5,20131115,210500,70.5700,70.6200,70.5600,70.6100,16408,0
STT.US,5,20131115,211000,70.6200,70.6500,70.6100,70.6200,10865,0
STT.US,5,20131115,211500,70.6300,70.6500,70.6200,70.6200,7004,0
STT.US,5,20131115,212000,70.6300,70.6800,70.6300,70.6500,11387,0
STT.US,5,20131115,212500,70.6500,70.6500,70.6200,70.6300,10900,0
STT.US,5,20131115,213000,70.6300,70.6400,70.6100,70.6400,11288,0
STT.US,5,20131115,213500,70.6400,70.6600,70.6100,70.6600,10608,0
STT.US,5,20131115,214000,70.6500,70.7100,70.6500,70.6600,19652,0
STT.US,5,20131115,214500,70.6700,70.6800,70.6200,70.6200,17160,0
STT.US,5,20131115,215000,70.6200,70.6500,70.5800,70.5900,24926,0
STT.US,5,20131115,215500,70.5900,70.6200,70.5600,70.5700,25520,0
STT.US,5,20131115,220000,70.5700,70.6600,70.5700,70.6400,49356,0
STT.US,5,20131115,220500,70.6400,70.6400,70.6400,70.6400,388350,0
STT.US,5,20131118,153500,70.4700,70.9600,70.4200,70.9600,47301,0
STT.US,5,20131118,154000,70.9600,71.2000,70.9600,71.2000,35208,0
STT.US,5,20131118,154500,71.1600,71.2500,71.0200,71.1100,27798,0
STT.US,5,20131118,155000,71.0900,71.1700,70.9000,70.9400,28949,0
STT.US,5,20131118,155500,70.9700,71.0300,70.9700,70.9700,27627,0
STT.US,5,20131118,160000,70.9800,71.0000,70.9100,70.9200,21902,0
STT.US,5,20131118,160500,70.9200,70.9400,70.8200,70.9200,19618,0
STT.US,5,20131118,161000,70.9200,71.0000,70.8200,70.9800,17055,0
STT.US,5,20131118,161500,70.9700,71.0200,70.8600,71.0000,31346,0
STT.US,5,20131118,162000,71.0000,71.0700,70.9700,70.9800,31526,0
STT.US,5,20131118,162500,71.0000,71.1500,71.0000,71.0700,15875,0
STT.US,5,20131118,163000,71.0700,71.1600,71.0700,71.0900,18085,0
STT.US,5,20131118,163500,71.1000,71.2400,71.1000,71.2300,21806,0
STT.US,5,20131118,164000,71.2400,71.3100,71.2200,71.2400,16797,0
STT.US,5,20131118,164500,71.2500,71.3500,71.2500,71.2600,21182,0
STT.US,5,20131118,165000,71.2800,71.4000,71.2800,71.3800,18157,0
STT.US,5,20131118,165500,71.3700,71.4100,71.3300,71.3300,25453,0
STT.US,5,20131118,170000,71.3300,71.4300,71.3200,71.4300,20306,0
STT.US,5,20131118,170500,71.4400,71.5300,71.4400,71.5300,31091,0
STT.US,5,20131118,171000,71.5400,71.5900,71.5000,71.5000,24935,0
STT.US,5,20131118,171500,71.5000,71.5400,71.4800,71.5300,14200,0
STT.US,5,20131118,172000,71.5200,71.5600,71.5100,71.5200,18524,0
STT.US,5,20131118,172500,71.5200,71.5200,71.4400,71.4400,12309,0
STT.US,5,20131118,173000,71.4400,71.5200,71.4400,71.4800,15772,0
STT.US,5,20131118,173500,71.4700,71.5100,71.4200,71.4300,22657,0
STT.US,5,20131118,174000,71.4300,71.4900,71.4200,71.4500,16068,0
STT.US,5,20131118,174500,71.4500,71.5000,71.4300,71.4700,19522,0
STT.US,5,20131118,175000,71.4700,71.5000,71.4600,71.4800,12176,0
STT.US,5,20131118,175500,71.4900,71.5600,71.4800,71.5500,30232,0
STT.US,5,20131118,180000,71.5500,71.5700,71.5100,71.5100,22174,0
STT.US,5,20131118,180500,71.5100,71.5400,71.4700,71.5200,22622,0
STT.US,5,20131118,181000,71.5200,71.5900,71.5200,71.5300,26651,0
STT.US,5,20131118,181500,71.5400,71.5400,71.4900,71.5000,13523,0
STT.US,5,20131118,182000,71.5000,71.5000,71.4500,71.4600,10268,0
STT.US,5,20131118,182500,71.4600,71.4700,71.4300,71.4700,7785,0
STT.US,5,20131118,183000,71.4600,71.4900,71.4400,71.4700,19317,0
STT.US,5,20131118,183500,71.4700,71.6000,71.4700,71.6000,18097,0
STT.US,5,20131118,184000,71.6000,71.6000,71.4900,71.4900,15408,0
STT.US,5,20131118,184500,71.5000,71.5400,71.5000,71.5200,16205,0
STT.US,5,20131118,185000,71.5100,71.5200,71.4400,71.4600,12603,0
STT.US,5,20131118,185500,71.4700,71.4800,71.4000,71.4600,22499,0
STT.US,5,20131118,190000,71.4600,71.4700,71.4500,71.4700,10365,0
STT.US,5,20131118,190500,71.4700,71.4800,71.4600,71.4700,12261,0
STT.US,5,20131118,191000,71.4700,71.4700,71.4100,71.4300,8220,0
STT.US,5,20131118,191500,71.4200,71.4900,71.4200,71.4700,15474,0
STT.US,5,20131118,192000,71.4600,71.5400,71.4600,71.5200,15644,0
STT.US,5,20131118,192500,71.5200,71.6000,71.5200,71.6000,13982,0
STT.US,5,20131118,193000,71.5900,71.6400,71.5900,71.6400,11790,0
STT.US,5,20131118,193500,71.6300,71.6700,71.6200,71.6600,13978,0
STT.US,5,20131118,194000,71.6500,71.6500,71.5800,71.5900,9634,0
STT.US,5,20131118,194500,71.5800,71.5900,71.5200,71.5300,13077,0
STT.US,5,20131118,195000,71.5400,71.6400,71.5400,71.5900,16036,0
STT.US,5,20131118,195500,71.5800,71.6200,71.5700,71.6200,6958,0
STT.US,5,20131118,200000,71.6100,71.6100,71.5600,71.5700,5674,0
STT.US,5,20131118,200500,71.5800,71.5800,71.5100,71.5300,7215,0
STT.US,5,20131118,201000,71.5300,71.5300,71.4700,71.4700,42699,0
STT.US,5,20131118,201500,71.4500,71.4700,71.4200,71.4200,12218,0
STT.US,5,20131118,202000,71.4200,71.4300,71.3600,71.3700,33026,0
STT.US,5,20131118,202500,71.3700,71.3900,71.3200,71.3200,12463,0
STT.US,5,20131118,203000,71.3300,71.3600,71.3100,71.3400,13499,0
STT.US,5,20131118,203500,71.3300,71.3400,71.2800,71.2800,12092,0
STT.US,5,20131118,204000,71.2700,71.3100,71.2500,71.2700,41047,0
STT.US,5,20131118,204500,71.2700,71.2700,71.2100,71.2200,29011,0
STT.US,5,20131118,205000,71.2100,71.2200,71.1300,71.1300,30104,0
STT.US,5,20131118,205500,71.1400,71.1900,71.1300,71.1800,21702,0
STT.US,5,20131118,210000,71.1900,71.2300,71.1800,71.1900,31832,0
STT.US,5,20131118,210500,71.1800,71.1800,71.1300,71.1600,23738,0
STT.US,5,20131118,211000,71.1600,71.1900,71.1100,71.1200,27701,0
STT.US,5,20131118,211500,71.1100,71.1200,71.0000,71.0200,38622,0
STT.US,5,20131118,212000,71.0200,71.1000,71.0100,71.0900,35136,0
STT.US,5,20131118,212500,71.0900,71.0900,70.9800,70.9800,49275,0
STT.US,5,20131118,213000,70.9700,70.9800,70.8800,70.9500,70555,0
STT.US,5,20131118,213500,70.9400,70.9400,70.8500,70.9400,46415,0
STT.US,5,20131118,214000,70.9300,70.9800,70.9000,70.9600,40498,0
STT.US,5,20131118,214500,70.9800,71.0100,70.9500,71.0000,47480,0
STT.US,5,20131118,215000,71.0000,71.0000,70.9700,70.9800,54063,0
STT.US,5,20131118,215500,70.9800,71.0000,70.8600,70.8700,34534,0
STT.US,5,20131118,220000,70.8600,70.9900,70.8600,70.9900,75745,0
STT.US,5,20131118,220500,70.9900,70.9900,70.9900,70.9900,60114,0
STT.US,5,20131119,153500,70.8000,71.0400,70.8000,71.0400,18314,0
STT.US,5,20131119,154000,71.0200,71.2000,70.9700,71.1600,13473,0
STT.US,5,20131119,154500,71.1000,71.1600,70.9000,70.9300,12860,0
STT.US,5,20131119,155000,70.9300,70.9300,70.7000,70.7800,18328,0
STT.US,5,20131119,155500,70.7900,71.0500,70.7700,70.9900,28274,0
STT.US,5,20131119,160000,71.0200,71.0600,70.9800,71.0600,36537,0
STT.US,5,20131119,160500,71.0600,71.0600,70.9000,70.9700,58097,0
STT.US,5,20131119,161000,71.0000,71.1000,70.9600,71.0300,34567,0
STT.US,5,20131119,161500,71.0200,71.1300,71.0100,71.1300,31019,0
STT.US,5,20131119,162000,71.1500,71.2900,71.0900,71.0900,36691,0
STT.US,5,20131119,162500,71.1000,71.1400,71.0300,71.0400,12258,0
STT.US,5,20131119,163000,71.0300,71.0300,70.9300,71.0000,11144,0
STT.US,5,20131119,163500,71.0000,71.0800,70.9900,71.0300,17639,0
STT.US,5,20131119,164000,71.0300,71.2000,71.0200,71.1900,28809,0
STT.US,5,20131119,164500,71.1900,71.3800,71.1700,71.3700,40197,0
STT.US,5,20131119,165000,71.3600,71.4000,71.2400,71.2400,22211,0
STT.US,5,20131119,165500,71.2300,71.2300,71.0700,71.1000,37874,0
STT.US,5,20131119,170000,71.1100,71.1200,71.0900,71.1000,13127,0
STT.US,5,20131119,170500,71.1100,71.1200,71.0500,71.0500,26273,0
STT.US,5,20131119,171000,71.0400,71.1800,71.0200,71.1500,20291,0
STT.US,5,20131119,171500,71.1500,71.1500,71.0100,71.0100,8610,0
STT.US,5,20131119,172000,71.0100,71.0900,70.9800,71.0900,12414,0
STT.US,5,20131119,172500,71.0900,71.1000,71.0100,71.0200,25740,0
STT.US,5,20131119,173000,71.0300,71.1000,71.0300,71.0600,16082,0
STT.US,5,20131119,173500,71.0500,71.1300,71.0400,71.1200,19124,0
STT.US,5,20131119,174000,71.1300,71.1300,71.0600,71.0600,10416,0
STT.US,5,20131119,174500,71.0500,71.0500,70.9100,70.9100,27428,0
STT.US,5,20131119,175000,70.9100,71.0000,70.8900,70.9400,15345,0
STT.US,5,20131119,175500,70.9400,70.9700,70.9300,70.9700,13025,0
STT.US,5,20131119,180000,70.9800,71.0000,70.9600,71.0000,5756,0
STT.US,5,20131119,180500,71.0100,71.0800,70.9900,71.0800,25571,0
STT.US,5,20131119,181000,71.1000,71.2300,71.1000,71.2100,16151,0
STT.US,5,20131119,181500,71.2100,71.2500,71.2100,71.2200,26010,0
STT.US,5,20131119,182000,71.2300,71.2400,71.1800,71.1800,2821,0
STT.US,5,20131119,182500,71.1700,71.2100,71.1100,71.2100,17386,0
STT.US,5,20131119,183000,71.2000,71.2200,71.1500,71.2000,12164,0
STT.US,5,20131119,183500,71.2100,71.2200,71.1700,71.1800,7717,0
STT.US,5,20131119,184000,71.1700,71.1800,71.1600,71.1700,2984,0
STT.US,5,20131119,184500,71.1700,71.1700,71.1300,71.1500,12104,0
STT.US,5,20131119,185000,71.1500,71.1900,71.1500,71.1900,5109,0
STT.US,5,20131119,185500,71.1900,71.2000,71.1600,71.1600,7039,0
STT.US,5,20131119,190000,71.1600,71.1600,71.0500,71.0500,7674,0
STT.US,5,20131119,190500,71.0500,71.0500,70.9900,71.0000,9220,0
STT.US,5,20131119,191000,70.9900,70.9900,70.9200,70.9900,26075,0
STT.US,5,20131119,191500,70.9900,71.0000,70.9400,70.9500,10945,0
STT.US,5,20131119,192000,70.9600,71.0400,70.9500,71.0300,9255,0
STT.US,5,20131119,192500,71.0200,71.0200,70.9000,70.9000,12768,0
STT.US,5,20131119,193000,70.8900,70.9000,70.8400,70.8500,28363,0
STT.US,5,20131119,193500,70.8600,70.9700,70.8000,70.9500,22030,0
STT.US,5,20131119,194000,70.9600,71.0200,70.9300,70.9300,37244,0
STT.US,5,20131119,194500,70.9400,70.9700,70.9100,70.9700,15548,0
STT.US,5,20131119,195000,70.9700,70.9800,70.8900,70.9100,8476,0
STT.US,5,20131119,195500,70.9000,70.9100,70.8400,70.9000,19854,0
STT.US,5,20131119,200000,70.8900,70.9000,70.8400,70.8800,28121,0
STT.US,5,20131119,200500,70.8900,71.0400,70.8900,70.9700,22246,0
STT.US,5,20131119,201000,70.9700,71.0300,70.8700,70.8700,25818,0
STT.US,5,20131119,201500,70.8700,70.9500,70.8700,70.9500,18452,0
STT.US,5,20131119,202000,70.9300,71.0300,70.9300,71.0200,14367,0
STT.US,5,20131119,202500,71.0300,71.0300,70.9500,71.0200,11724,0
STT.US,5,20131119,203000,71.0200,71.0200,70.9600,70.9600,10318,0
STT.US,5,20131119,203500,70.9500,71.0200,70.9500,71.0100,19563,0
STT.US,5,20131119,204000,71.0200,71.1800,71.0200,71.1600,17902,0
STT.US,5,20131119,204500,71.1600,71.1800,71.1200,71.1400,11287,0
STT.US,5,20131119,205000,71.1600,71.2000,71.1400,71.1700,18227,0
STT.US,5,20131119,205500,71.1500,71.1700,71.0900,71.1200,14003,0
STT.US,5,20131119,210000,71.1200,71.1200,71.0800,71.1000,13921,0
STT.US,5,20131119,210500,71.0900,71.1400,71.0800,71.0800,19127,0
STT.US,5,20131119,211000,71.0800,71.1100,71.0500,71.0800,21147,0
STT.US,5,20131119,211500,71.0700,71.0700,71.0100,71.0300,24668,0
STT.US,5,20131119,212000,71.0300,71.1000,71.0300,71.0600,23086,0
STT.US,5,20131119,212500,71.0500,71.0500,71.0000,71.0000,13797,0
STT.US,5,20131119,213000,71.0000,71.0000,70.9700,70.9800,25981,0
STT.US,5,20131119,213500,71.0000,71.0200,70.9200,70.9200,27576,0
STT.US,5,20131119,214000,70.9200,70.9500,70.8800,70.9200,50856,0
STT.US,5,20131119,214500,70.9200,70.9800,70.9000,70.9700,40689,0
STT.US,5,20131119,215000,70.9500,71.0000,70.9200,71.0000,70483,0
STT.US,5,20131119,215500,70.9900,70.9900,70.8600,70.8700,40610,0
STT.US,5,20131119,220000,70.8600,70.9200,70.8300,70.9000,60758,0
STT.US,5,20131119,220500,70.9100,70.9100,70.9000,70.9000,58060,0
STT.US,5,20131120,153500,71.1100,71.4900,70.9400,71.4400,21155,0
STT.US,5,20131120,154000,71.4300,71.4600,71.1200,71.1200,20232,0
STT.US,5,20131120,154500,71.1300,71.3300,71.1300,71.2800,13147,0
STT.US,5,20131120,155000,71.2900,71.4100,71.2400,71.3800,18208,0
STT.US,5,20131120,155500,71.3200,71.3900,71.2200,71.2900,31499,0
STT.US,5,20131120,160000,71.2400,71.4300,71.2000,71.3900,16700,0
STT.US,5,20131120,160500,71.3600,71.3900,71.2600,71.3800,12620,0
STT.US,5,20131120,161000,71.3600,71.4300,71.3300,71.4000,31850,0
STT.US,5,20131120,161500,71.4300,71.5300,71.4000,71.5200,9802,0
STT.US,5,20131120,162000,71.5400,71.5400,71.4000,71.4200,12677,0
STT.US,5,20131120,162500,71.4400,71.7000,71.4400,71.5100,18387,0
STT.US,5,20131120,163000,71.5100,71.5800,71.4700,71.4900,9429,0
STT.US,5,20131120,163500,71.5200,71.5900,71.4900,71.5200,7115,0
STT.US,5,20131120,164000,71.4700,71.5500,71.4100,71.5200,10021,0
STT.US,5,20131120,164500,71.5300,71.6000,71.5000,71.5400,10336,0
STT.US,5,20131120,165000,71.5600,71.6900,71.5600,71.6500,22673,0
STT.US,5,20131120,165500,71.6500,71.6700,71.5100,71.5700,22574,0
STT.US,5,20131120,170000,71.5600,71.5600,71.4100,71.5000,9781,0
STT.US,5,20131120,170500,71.4900,71.4900,71.3300,71.3800,48430,0
STT.US,5,20131120,171000,71.3700,71.4200,71.3400,71.3700,25445,0
STT.US,5,20131120,171500,71.3600,71.4000,71.3100,71.3800,57319,0
STT.US,5,20131120,172000,71.3800,71.3900,71.3200,71.3800,11159,0
STT.US,5,20131120,172500,71.3800,71.4400,71.3700,71.4300,10383,0
STT.US,5,20131120,173000,71.4400,71.5000,71.3900,71.3900,12302,0
STT.US,5,20131120,173500,71.3900,71.4400,71.3600,71.3900,40480,0
STT.US,5,20131120,174000,71.4000,71.4900,71.4000,71.4500,7180,0
STT.US,5,20131120,174500,71.4400,71.4900,71.4200,71.4800,6600,0
STT.US,5,20131120,175000,71.4800,71.5100,71.4300,71.4300,14593,0
STT.US,5,20131120,175500,71.4300,71.4800,71.4100,71.4200,33438,0
STT.US,5,20131120,180000,71.4200,71.4300,71.3600,71.4200,37368,0
STT.US,5,20131120,180500,71.4200,71.6100,71.4100,71.5200,26473,0
STT.US,5,20131120,181000,71.5200,71.5900,71.5000,71.5500,15489,0
STT.US,5,20131120,181500,71.5400,71.5800,71.5200,71.5800,9080,0
STT.US,5,20131120,182000,71.5900,71.6700,71.5900,71.6400,7840,0
STT.US,5,20131120,182500,71.6500,71.6900,71.6400,71.6400,5101,0
STT.US,5,20131120,183000,71.6300,71.6700,71.6200,71.6300,12227,0
STT.US,5,20131120,183500,71.6300,71.6500,71.6100,71.6500,9794,0
STT.US,5,20131120,184000,71.6400,71.6400,71.5900,71.5900,4733,0
STT.US,5,20131120,184500,71.5800,71.5900,71.5500,71.5500,6554,0
STT.US,5,20131120,185000,71.5400,71.6400,71.5300,71.5700,17355,0
STT.US,5,20131120,185500,71.5600,71.5800,71.5500,71.5800,5944,0
STT.US,5,20131120,190000,71.5900,71.6200,71.5800,71.5800,10648,0
STT.US,5,20131120,190500,71.5700,71.6800,71.5700,71.6800,7718,0
STT.US,5,20131120,191000,71.6600,71.7100,71.6600,71.6800,6919,0
STT.US,5,20131120,191500,71.6800,71.6800,71.6300,71.6400,11215,0
STT.US,5,20131120,192000,71.6400,71.6500,71.6300,71.6300,7308,0
STT.US,5,20131120,192500,71.6200,71.6700,71.6200,71.6400,7924,0
STT.US,5,20131120,193000,71.6400,71.6600,71.6000,71.6500,7570,0
STT.US,5,20131120,193500,71.6500,71.6800,71.5900,71.6100,47447,0
STT.US,5,20131120,194000,71.6200,71.6500,71.6200,71.6400,2610,0
STT.US,5,20131120,194500,71.6500,71.7200,71.6500,71.6900,7438,0
STT.US,5,20131120,195000,71.7000,71.7300,71.6900,71.6900,10954,0
STT.US,5,20131120,195500,71.6800,71.7100,71.6600,71.6900,28934,0
STT.US,5,20131120,200000,71.6900,71.6900,71.6700,71.6700,4633,0
STT.US,5,20131120,200500,71.6600,71.6600,71.3700,71.5900,65435,0
STT.US,5,20131120,201000,71.5800,71.6200,71.4700,71.5100,15210,0
STT.US,5,20131120,201500,71.5100,71.5200,71.3600,71.3800,12620,0
STT.US,5,20131120,202000,71.3800,71.5900,71.3500,71.5800,26716,0
STT.US,5,20131120,202500,71.6100,71.6100,71.4700,71.5600,21897,0
STT.US,5,20131120,203000,71.5700,71.5800,71.4900,71.5200,11293,0
STT.US,5,20131120,203500,71.5100,71.5400,71.4400,71.4500,15726,0
STT.US,5,20131120,204000,71.4600,71.4600,71.3300,71.3400,25225,0
STT.US,5,20131120,204500,71.3400,71.3400,71.2100,71.2600,22503,0
STT.US,5,20131120,205000,71.2900,71.3900,71.2900,71.3900,15482,0
STT.US,5,20131120,205500,71.3900,71.3900,71.2800,71.3300,25836,0
STT.US,5,20131120,210000,71.3200,71.3300,71.2400,71.3200,30821,0
STT.US,5,20131120,210500,71.3200,71.3200,71.1000,71.1000,55051,0
STT.US,5,20131120,211000,71.1400,71.1500,71.0600,71.0800,60040,0
STT.US,5,20131120,211500,71.0800,71.1700,71.0800,71.1300,15061,0
STT.US,5,20131120,212000,71.1200,71.1800,71.1100,71.1700,35596,0
STT.US,5,20131120,212500,71.1700,71.2200,71.1400,71.1400,34268,0
STT.US,5,20131120,213000,71.1400,71.2300,71.1400,71.1900,28612,0
STT.US,5,20131120,213500,71.1900,71.2100,71.1100,71.1300,35735,0
STT.US,5,20131120,214000,71.1300,71.1700,71.1000,71.1600,63649,0
STT.US,5,20131120,214500,71.1600,71.2200,71.1200,71.1200,62034,0
STT.US,5,20131120,215000,71.1200,71.1400,71.0400,71.0800,108480,0
STT.US,5,20131120,215500,71.0600,71.0900,71.0200,71.0200,67349,0
STT.US,5,20131120,220000,71.0400,71.1200,71.0400,71.0800,117991,0
STT.US,5,20131120,221000,71.0800,71.0800,71.0800,71.0800,286730,0
STT.US,5,20131121,153500,71.4900,71.7400,71.3800,71.7200,14517,0
STT.US,5,20131121,154000,71.7200,71.7200,71.3600,71.4100,15685,0
STT.US,5,20131121,154500,71.4100,71.5500,71.3900,71.5500,6270,0
STT.US,5,20131121,155000,71.5700,71.6100,71.4600,71.4900,11241,0
STT.US,5,20131121,155500,71.4700,71.5200,71.4700,71.5000,10513,0
STT.US,5,20131121,160000,71.5000,71.5700,71.4500,71.5500,20752,0
STT.US,5,20131121,160500,71.5800,71.6600,71.5300,71.5800,16795,0
STT.US,5,20131121,161000,71.5500,71.7100,71.5500,71.6900,9841,0
STT.US,5,20131121,161500,71.6700,71.7900,71.6700,71.7800,11136,0
STT.US,5,20131121,162000,71.7900,71.7900,71.6700,71.7500,48228,0
STT.US,5,20131121,162500,71.7600,71.8000,71.7400,71.7600,13300,0
STT.US,5,20131121,163000,71.7700,71.8200,71.7700,71.7700,7130,0
STT.US,5,20131121,163500,71.7900,71.9000,71.7800,71.8600,57877,0
STT.US,5,20131121,164000,71.8600,71.8700,71.7700,71.7900,23599,0
STT.US,5,20131121,164500,71.7900,71.8500,71.7700,71.7800,24500,0
STT.US,5,20131121,165000,71.7900,71.8400,71.7700,71.7900,16428,0
STT.US,5,20131121,165500,71.7900,71.8000,71.7500,71.7800,16591,0
STT.US,5,20131121,170000,71.7800,71.8300,71.7600,71.8000,16355,0
STT.US,5,20131121,170500,71.8100,71.8400,71.7600,71.8100,26473,0
STT.US,5,20131121,171000,71.8100,71.8100,71.7400,71.7600,19322,0
STT.US,5,20131121,171500,71.7400,71.7700,71.7000,71.7000,10702,0
STT.US,5,20131121,172000,71.7000,71.7000,71.6500,71.6500,13747,0
STT.US,5,20131121,172500,71.6600,71.7200,71.6400,71.6900,11910,0
STT.US,5,20131121,173000,71.6900,71.7100,71.6600,71.7100,16267,0
STT.US,5,20131121,173500,71.7200,71.7800,71.6900,71.6900,11934,0
STT.US,5,20131121,174000,71.7000,71.7200,71.6800,71.7200,10016,0
STT.US,5,20131121,174500,71.7200,71.7400,71.6900,71.7100,13788,0
STT.US,5,20131121,175000,71.7000,71.7100,71.6600,71.7100,15174,0
STT.US,5,20131121,175500,71.7100,71.7200,71.6400,71.7000,21467,0
STT.US,5,20131121,180000,71.7000,71.7600,71.6800,71.7600,23213,0
STT.US,5,20131121,180500,71.7700,71.8400,71.7700,71.8200,6812,0
STT.US,5,20131121,181000,71.8200,71.8500,71.7700,71.8000,10424,0
STT.US,5,20131121,181500,71.8100,71.8300,71.7100,71.8300,22012,0
STT.US,5,20131121,182000,71.8200,71.8200,71.6900,71.7700,35838,0
STT.US,5,20131121,182500,71.7800,71.8500,71.7800,71.8400,3600,0
STT.US,5,20131121,183000,71.8400,71.8600,71.7600,71.7700,35665,0
STT.US,5,20131121,183500,71.7700,71.8000,71.7100,71.7800,13142,0
STT.US,5,20131121,184000,71.8000,71.8500,71.8000,71.8300,10995,0
STT.US,5,20131121,184500,71.8200,71.8200,71.7600,71.7800,8781,0
STT.US,5,20131121,185000,71.7900,71.7900,71.6400,71.6400,10379,0
STT.US,5,20131121,185500,71.6400,71.6400,71.5900,71.6000,11490,0
STT.US,5,20131121,190000,71.6000,71.6000,71.5500,71.5500,21449,0
STT.US,5,20131121,190500,71.5600,71.6700,71.5600,71.6700,12795,0
STT.US,5,20131121,191000,71.7000,71.7700,71.6800,71.7700,7186,0
STT.US,5,20131121,191500,71.7800,71.8200,71.7500,71.8200,19671,0
STT.US,5,20131121,192000,71.8200,71.9300,71.8200,71.9300,9159,0
STT.US,5,20131121,192500,71.9200,71.9600,71.9100,71.9400,13150,0
STT.US,5,20131121,193000,71.9300,71.9500,71.9000,71.9100,8191,0
STT.US,5,20131121,193500,71.9100,71.9400,71.9000,71.9200,7833,0
STT.US,5,20131121,194000,71.9100,71.9100,71.8700,71.8700,7858,0
STT.US,5,20131121,194500,71.8800,71.9700,71.8600,71.9600,13567,0
STT.US,5,20131121,195000,71.9700,72.0300,71.9700,72.0300,15578,0
STT.US,5,20131121,195500,72.0300,72.0400,72.0200,72.0300,6987,0
STT.US,5,20131121,200000,72.0400,72.0400,71.9900,72.0100,9800,0
STT.US,5,20131121,200500,72.0100,72.0300,71.9800,72.0000,11029,0
STT.US,5,20131121,201000,71.9800,72.0200,71.9800,71.9900,13510,0
STT.US,5,20131121,201500,71.9900,72.0100,71.9800,72.0100,7802,0
STT.US,5,20131121,202000,72.0100,72.0700,72.0100,72.0500,17893,0
STT.US,5,20131121,202500,72.0400,72.0700,72.0300,72.0500,10614,0
STT.US,5,20131121,203000,72.0400,72.0400,71.9800,71.9900,10701,0
STT.US,5,20131121,203500,71.9800,72.0200,71.9500,72.0200,19866,0
STT.US,5,20131121,204000,72.0200,72.0700,71.9800,72.0000,18108,0
STT.US,5,20131121,204500,72.0000,72.0800,71.9800,72.0700,8264,0
STT.US,5,20131121,205000,72.0700,72.0900,72.0500,72.0900,12604,0
STT.US,5,20131121,205500,72.1000,72.1100,72.0800,72.1000,16066,0
STT.US,5,20131121,210000,72.1100,72.1200,72.0800,72.1200,8606,0
STT.US,5,20131121,210500,72.1100,72.1200,72.0900,72.1000,7150,0
STT.US,5,20131121,211000,72.1100,72.1300,72.0900,72.1200,15670,0
STT.US,5,20131121,211500,72.1100,72.1200,72.0900,72.1000,13773,0
STT.US,5,20131121,212000,72.1000,72.1600,72.1000,72.1400,12130,0
STT.US,5,20131121,212500,72.1300,72.1400,72.1000,72.1200,15391,0
STT.US,5,20131121,213000,72.1200,72.1200,72.1000,72.1100,16410,0
STT.US,5,20131121,213500,72.1100,72.1500,72.0800,72.0800,19226,0
STT.US,5,20131121,214000,72.0800,72.1200,72.0400,72.1000,66464,0
STT.US,5,20131121,214500,72.1100,72.1300,72.0800,72.1100,26296,0
STT.US,5,20131121,215000,72.1100,72.1100,71.9900,72.0200,36482,0
STT.US,5,20131121,215500,72.0100,72.0800,71.9900,72.0700,46621,0
STT.US,5,20131121,220000,72.0600,72.0800,71.9900,72.0500,128588,0
STT.US,5,20131121,220500,72.0500,72.0500,72.0500,72.0500,100,0
STT.US,5,20131121,221000,72.0500,72.0500,72.0500,72.0500,235818,0
STT.US,5,20131122,153500,72.2600,72.2600,71.8800,72.1400,30635,0
STT.US,5,20131122,154000,72.0900,72.0900,71.9500,72.0300,14984,0
STT.US,5,20131122,154500,72.0500,72.0500,71.9500,72.0200,11282,0
STT.US,5,20131122,155000,72.0200,72.1900,71.9900,72.1700,10993,0
STT.US,5,20131122,155500,72.1700,72.2300,72.0600,72.0600,8600,0
STT.US,5,20131122,160000,72.0500,72.2200,72.0500,72.1600,7423,0
STT.US,5,20131122,160500,72.1800,72.1800,72.0300,72.1500,14484,0
STT.US,5,20131122,161000,72.1300,72.2600,72.0900,72.2200,22792,0
STT.US,5,20131122,161500,72.2000,72.3900,72.1800,72.3500,19767,0
STT.US,5,20131122,162000,72.3300,72.4400,72.2700,72.4300,28773,0
STT.US,5,20131122,162500,72.4300,72.4500,72.3500,72.4400,82962,0
STT.US,5,20131122,163000,72.4400,72.4600,72.3400,72.4000,43661,0
STT.US,5,20131122,163500,72.4100,72.4800,72.4100,72.4300,18424,0
STT.US,5,20131122,164000,72.4300,72.5000,72.4200,72.4900,23809,0
STT.US,5,20131122,164500,72.5000,72.6300,72.5000,72.6300,37296,0
STT.US,5,20131122,165000,72.6200,72.6200,72.5200,72.5300,8714,0
STT.US,5,20131122,165500,72.5400,72.5900,72.4900,72.5600,19390,0
STT.US,5,20131122,170000,72.5600,72.6400,72.5600,72.5700,19146,0
STT.US,5,20131122,170500,72.5600,72.5900,72.5500,72.5800,16194,0
STT.US,5,20131122,171000,72.5700,72.6100,72.5200,72.6000,35918,0
STT.US,5,20131122,171500,72.6000,72.6100,72.4500,72.5200,19807,0
STT.US,5,20131122,172000,72.5300,72.5700,72.5100,72.5700,15421,0
STT.US,5,20131122,172500,72.5600,72.6600,72.5600,72.6300,19262,0
STT.US,5,20131122,173000,72.6400,72.6600,72.6100,72.6600,28600,0
STT.US,5,20131122,173500,72.6500,72.6900,72.6100,72.6900,18323,0
STT.US,5,20131122,174000,72.6900,72.7300,72.6700,72.6900,21721,0
STT.US,5,20131122,174500,72.6800,72.6900,72.6000,72.6100,16773,0
STT.US,5,20131122,175000,72.6200,72.7000,72.6200,72.7000,6900,0
STT.US,5,20131122,175500,72.6900,72.7400,72.6900,72.7300,16460,0
STT.US,5,20131122,180000,72.7300,72.8700,72.7300,72.8200,23763,0
STT.US,5,20131122,180500,72.8000,72.8100,72.7100,72.7100,10100,0
STT.US,5,20131122,181000,72.7000,72.7500,72.7000,72.7300,13733,0
STT.US,5,20131122,181500,72.7300,72.7700,72.7100,72.7200,22578,0
STT.US,5,20131122,182000,72.7100,72.7200,72.6200,72.6300,13870,0
STT.US,5,20131122,182500,72.6200,72.6600,72.5800,72.5900,14015,0
STT.US,5,20131122,183000,72.5800,72.6000,72.5500,72.5800,7880,0
STT.US,5,20131122,183500,72.5700,72.6300,72.5600,72.6200,8308,0
STT.US,5,20131122,184000,72.6200,72.6200,72.5600,72.5700,11874,0
STT.US,5,20131122,184500,72.5700,72.6400,72.5700,72.6400,10500,0
STT.US,5,20131122,185000,72.6400,72.6800,72.6300,72.6400,9064,0
STT.US,5,20131122,185500,72.6400,72.6500,72.6000,72.6400,11458,0
STT.US,5,20131122,190000,72.6400,72.6800,72.6200,72.6800,9680,0
STT.US,5,20131122,190500,72.6800,72.6800,72.5900,72.6200,10600,0
STT.US,5,20131122,191000,72.6300,72.6600,72.6200,72.6200,6605,0
STT.US,5,20131122,191500,72.6200,72.6700,72.6100,72.6400,9908,0
STT.US,5,20131122,192000,72.6500,72.6500,72.5700,72.6000,17530,0
STT.US,5,20131122,192500,72.6100,72.6600,72.6000,72.6500,10001,0
STT.US,5,20131122,193000,72.6600,72.7000,72.6600,72.6600,10597,0
STT.US,5,20131122,193500,72.6600,72.6900,72.6400,72.6400,11637,0
STT.US,5,20131122,194000,72.6400,72.6500,72.5800,72.5900,8298,0
STT.US,5,20131122,194500,72.6000,72.6000,72.5500,72.5900,7411,0
STT.US,5,20131122,195000,72.5900,72.5900,72.5500,72.5600,7730,0
STT.US,5,20131122,195500,72.5600,72.5900,72.5500,72.5900,11263,0
STT.US,5,20131122,200000,72.5900,72.5900,72.5500,72.5700,13440,0
STT.US,5,20131122,200500,72.5700,72.6500,72.5600,72.6500,11601,0
STT.US,5,20131122,201000,72.6400,72.6800,72.6000,72.6600,15320,0
STT.US,5,20131122,201500,72.6700,72.7200,72.6600,72.7200,14899,0
STT.US,5,20131122,202000,72.7100,72.7600,72.7000,72.7500,18526,0
STT.US,5,20131122,202500,72.7600,72.8000,72.7500,72.8000,11752,0
STT.US,5,20131122,203000,72.8000,72.8000,72.7600,72.7900,19230,0
STT.US,5,20131122,203500,72.8000,72.8800,72.8000,72.8800,31788,0
STT.US,5,20131122,204000,72.8800,72.9000,72.8300,72.8300,13375,0
STT.US,5,20131122,204500,72.8200,72.8700,72.7900,72.8400,17943,0
STT.US,5,20131122,205000,72.8400,72.8400,72.8100,72.8200,10516,0
STT.US,5,20131122,205500,72.8200,72.8200,72.7500,72.7700,24362,0
STT.US,5,20131122,210000,72.7700,72.8200,72.7700,72.8200,18519,0
STT.US,5,20131122,210500,72.8200,72.8700,72.8200,72.8400,19905,0
STT.US,5,20131122,211000,72.8400,72.8400,72.7500,72.7600,12663,0
STT.US,5,20131122,211500,72.7600,72.7600,72.6900,72.7300,18211,0
STT.US,5,20131122,212000,72.7400,72.7400,72.6800,72.6800,18594,0
STT.US,5,20131122,212500,72.6800,72.6800,72.6600,72.6600,17937,0
STT.US,5,20131122,213000,72.6600,72.6700,72.5900,72.6100,15384,0
STT.US,5,20131122,213500,72.6100,72.6300,72.5700,72.6300,43277,0
STT.US,5,20131122,214000,72.6200,72.6500,72.5900,72.6200,25458,0
STT.US,5,20131122,214500,72.6200,72.6600,72.6100,72.6200,26479,0
STT.US,5,20131122,215000,72.6200,72.6400,72.5800,72.5900,40802,0
STT.US,5,20131122,215500,72.6000,72.6300,72.5900,72.6100,40725,0
STT.US,5,20131122,220000,72.6200,72.7400,72.6200,72.7100,80596,0
STT.US,5,20131122,221000,72.7000,72.7000,72.7000,72.7000,766465,0
STT.US,5,20131125,153500,72.7000,72.8200,72.5800,72.7500,18435,0
STT.US,5,20131125,154000,72.7400,72.7500,72.5900,72.6900,11991,0
STT.US,5,20131125,154500,72.7000,72.7600,72.6600,72.7300,17677,0
STT.US,5,20131125,155000,72.7400,72.8400,72.7200,72.7200,67319,0
STT.US,5,20131125,155500,72.7200,72.7400,72.5700,72.6000,46719,0
STT.US,5,20131125,160000,72.6200,72.7100,72.6200,72.7000,17535,0
STT.US,5,20131125,160500,72.7000,72.7000,72.5600,72.5700,13288,0
STT.US,5,20131125,161000,72.5500,72.6000,72.5200,72.5800,30573,0
STT.US,5,20131125,161500,72.5700,72.6100,72.5300,72.5300,10060,0
STT.US,5,20131125,162000,72.5500,72.6300,72.5100,72.5600,17643,0
STT.US,5,20131125,162500,72.5700,72.5800,72.5100,72.5400,9124,0
STT.US,5,20131125,163000,72.5300,72.5300,72.3400,72.3500,24428,0
STT.US,5,20131125,163500,72.3600,72.3600,72.2400,72.3300,29645,0
STT.US,5,20131125,164000,72.3400,72.4800,72.3400,72.4700,23591,0
STT.US,5,20131125,164500,72.4800,72.4800,72.4500,72.4700,8323,0
STT.US,5,20131125,165000,72.4700,72.5500,72.4600,72.5200,5900,0
STT.US,5,20131125,165500,72.5100,72.5500,72.4900,72.5000,7300,0
STT.US,5,20131125,170000,72.4900,72.5100,72.4500,72.4500,6386,0
STT.US,5,20131125,170500,72.4700,72.4700,72.4500,72.4700,5826,0
STT.US,5,20131125,171000,72.4800,72.5100,72.4800,72.4900,5456,0
STT.US,5,20131125,171500,72.4900,72.5000,72.4600,72.4600,4266,0
STT.US,5,20131125,172000,72.4600,72.5100,72.4500,72.5100,7801,0
STT.US,5,20131125,172500,72.5200,72.5300,72.5100,72.5200,63892,0
STT.US,5,20131125,173000,72.5200,72.5400,72.5200,72.5300,7900,0
STT.US,5,20131125,173500,72.5300,72.5500,72.5100,72.5100,20051,0
STT.US,5,20131125,174000,72.5200,72.5500,72.5200,72.5300,13356,0
STT.US,5,20131125,174500,72.5500,72.5500,72.5000,72.5000,9192,0
STT.US,5,20131125,175000,72.5000,72.5300,72.4900,72.5200,3300,0
STT.US,5,20131125,175500,72.5200,72.5400,72.5200,72.5300,8655,0
STT.US,5,20131125,180000,72.5400,72.5600,72.4900,72.4900,6185,0
STT.US,5,20131125,180500,72.4900,72.5900,72.4900,72.5400,5462,0
STT.US,5,20131125,181000,72.5500,72.5600,72.5300,72.5500,6751,0
STT.US,5,20131125,181500,72.5500,72.5600,72.5300,72.5600,4100,0
STT.US,5,20131125,182000,72.5500,72.6500,72.5500,72.6500,9061,0
STT.US,5,20131125,182500,72.6500,72.6500,72.6000,72.6300,7248,0
STT.US,5,20131125,183000,72.6300,72.6600,72.6200,72.6300,3300,0
STT.US,5,20131125,183500,72.6300,72.6300,72.6000,72.6200,10999,0
STT.US,5,20131125,184000,72.6200,72.6400,72.6200,72.6300,2589,0
STT.US,5,20131125,184500,72.6400,72.6600,72.6000,72.6000,6689,0
STT.US,5,20131125,185000,72.6000,72.6000,72.5000,72.5000,6591,0
STT.US,5,20131125,185500,72.5100,72.5100,72.4700,72.4700,4134,0
STT.US,5,20131125,190000,72.4600,72.5200,72.4600,72.4900,3959,0
STT.US,5,20131125,190500,72.4800,72.4800,72.4500,72.4600,3900,0
STT.US,5,20131125,191000,72.4500,72.4800,72.4400,72.4400,9205,0
STT.US,5,20131125,191500,72.4400,72.4500,72.3600,72.3600,9472,0
STT.US,5,20131125,192000,72.3600,72.3600,72.3400,72.3400,5256,0
STT.US,5,20131125,192500,72.3400,72.3600,72.3400,72.3500,5400,0
STT.US,5,20131125,193000,72.3500,72.3500,72.3200,72.3400,10341,0
STT.US,5,20131125,193500,72.3300,72.3400,72.2800,72.2800,10986,0
STT.US,5,20131125,194000,72.2900,72.3000,72.2400,72.2500,16719,0
STT.US,5,20131125,194500,72.2500,72.2800,72.2300,72.2800,10533,0
STT.US,5,20131125,195000,72.3000,72.3200,72.2900,72.3100,6338,0
STT.US,5,20131125,195500,72.3100,72.3400,72.3100,72.3400,5500,0
STT.US,5,20131125,200000,72.3400,72.4000,72.3400,72.3600,6534,0
STT.US,5,20131125,200500,72.3500,72.4100,72.3500,72.3700,6100,0
STT.US,5,20131125,201000,72.3600,72.4300,72.3500,72.4200,24471,0
STT.US,5,20131125,201500,72.4100,72.4800,72.4000,72.4200,23172,0
STT.US,5,20131125,202000,72.4100,72.4300,72.4100,72.4300,4083,0
STT.US,5,20131125,202500,72.4200,72.4300,72.3700,72.3700,9558,0
STT.US,5,20131125,203000,72.3900,72.4100,72.3400,72.3900,7815,0
STT.US,5,20131125,203500,72.3800,72.4200,72.3700,72.3700,8746,0
STT.US,5,20131125,204000,72.3700,72.4400,72.3700,72.4200,7726,0
STT.US,5,20131125,204500,72.4300,72.4400,72.4200,72.4300,6859,0
STT.US,5,20131125,205000,72.4300,72.4400,72.3600,72.3900,8050,0
STT.US,5,20131125,205500,72.3900,72.4300,72.3700,72.4000,8391,0
STT.US,5,20131125,210000,72.4000,72.4200,72.3700,72.4200,7743,0
STT.US,5,20131125,210500,72.4300,72.4300,72.3800,72.3800,10070,0
STT.US,5,20131125,211000,72.3900,72.3900,72.2900,72.2900,12200,0
STT.US,5,20131125,211500,72.2800,72.2800,72.2300,72.2400,12524,0
STT.US,5,20131125,212000,72.2400,72.2700,72.2300,72.2700,15113,0
STT.US,5,20131125,212500,72.2700,72.2700,72.1400,72.1500,33781,0
STT.US,5,20131125,213000,72.1500,72.1800,72.1100,72.1800,24502,0
STT.US,5,20131125,213500,72.1800,72.2000,72.1500,72.1900,24349,0
STT.US,5,20131125,214000,72.1800,72.1900,72.1400,72.1400,32340,0
STT.US,5,20131125,214500,72.1400,72.2000,72.1400,72.1400,34720,0
STT.US,5,20131125,215000,72.1300,72.1500,72.1100,72.1100,44786,0
STT.US,5,20131125,215500,72.1200,72.1200,72.0200,72.0200,56533,0
STT.US,5,20131125,220000,72.0300,72.1300,72.0200,72.1200,66628,0
STT.US,5,20131125,221000,72.1100,72.1100,72.1100,72.1100,771584,0
STT.US,5,20131126,153500,72.1100,72.2100,72.0100,72.1700,46687,0
STT.US,5,20131126,154000,72.2000,72.2400,72.0700,72.1000,10238,0
STT.US,5,20131126,154500,72.1100,72.4700,72.1100,72.4700,21733,0
STT.US,5,20131126,155000,72.4300,72.4600,72.2600,72.4000,9087,0
STT.US,5,20131126,155500,72.3600,72.5000,72.3400,72.4500,17833,0
STT.US,5,20131126,160000,72.4700,72.6300,72.4700,72.6300,37945,0
STT.US,5,20131126,160500,72.6300,72.7100,72.5100,72.5300,19000,0
STT.US,5,20131126,161000,72.5500,72.5900,72.4800,72.5600,40856,0
STT.US,5,20131126,161500,72.5600,72.7100,72.5300,72.6900,41092,0
STT.US,5,20131126,162000,72.6700,72.7900,72.6700,72.7800,11949,0
STT.US,5,20131126,162500,72.7800,72.8800,72.6800,72.8500,77755,0
STT.US,5,20131126,163000,72.8500,73.0600,72.8500,72.9600,62062,0
STT.US,5,20131126,163500,72.9700,73.1000,72.9700,73.0000,20957,0
STT.US,5,20131126,164000,73.0000,73.1700,72.9500,73.1700,27928,0
STT.US,5,20131126,164500,73.1600,73.2400,73.1200,73.1800,42065,0
STT.US,5,20131126,165000,73.1900,73.2300,73.1100,73.2200,14242,0
STT.US,5,20131126,165500,73.2200,73.2700,73.1800,73.2200,27090,0
STT.US,5,20131126,170000,73.2100,73.2100,73.0100,73.1100,10362,0
STT.US,5,20131126,170500,73.1100,73.1200,73.0000,73.0700,8836,0
STT.US,5,20131126,171000,73.0900,73.1100,72.9600,72.9600,10004,0
STT.US,5,20131126,171500,72.9600,72.9900,72.9400,72.9700,19064,0
STT.US,5,20131126,172000,72.9600,73.0300,72.9200,72.9400,9759,0
STT.US,5,20131126,172500,72.9500,73.0500,72.9400,73.0300,8200,0
STT.US,5,20131126,173000,73.0300,73.0500,72.9600,72.9600,5252,0
STT.US,5,20131126,173500,72.9600,73.0600,72.9400,72.9500,31113,0
STT.US,5,20131126,174000,72.9300,73.0300,72.9300,73.0000,7027,0
STT.US,5,20131126,174500,72.9900,73.0100,72.8700,72.8800,17146,0
STT.US,5,20131126,175000,72.8900,73.0000,72.8900,72.9800,10890,0
STT.US,5,20131126,175500,72.9900,72.9900,72.8300,72.8300,7110,0
STT.US,5,20131126,180000,72.8200,72.8200,72.7400,72.7800,7312,0
STT.US,5,20131126,180500,72.7800,72.8000,72.7500,72.7800,4112,0
STT.US,5,20131126,181000,72.7900,72.8300,72.7600,72.7600,8511,0
STT.US,5,20131126,181500,72.7500,72.7500,72.7200,72.7500,5083,0
STT.US,5,20131126,182000,72.7400,72.8200,72.7300,72.8200,5522,0
STT.US,5,20131126,182500,72.8300,72.8600,72.8300,72.8300,7828,0
STT.US,5,20131126,183000,72.8200,72.8800,72.8100,72.8400,5403,0
STT.US,5,20131126,183500,72.8300,72.8300,72.7200,72.7200,4400,0
STT.US,5,20131126,184000,72.7300,72.8000,72.7100,72.7400,20532,0
STT.US,5,20131126,184500,72.7400,72.7900,72.6900,72.7700,21017,0
STT.US,5,20131126,185000,72.7700,72.7900,72.7500,72.7500,4750,0
STT.US,5,20131126,185500,72.7500,72.7800,72.6900,72.7800,5210,0
STT.US,5,20131126,190000,72.7700,72.7700,72.6800,72.7600,5001,0
STT.US,5,20131126,190500,72.7600,72.7600,72.6900,72.7300,14729,0
STT.US,5,20131126,191000,72.7200,72.7200,72.6400,72.6500,5549,0
STT.US,5,20131126,191500,72.6500,72.6900,72.6500,72.6600,3718,0
STT.US,5,20131126,192000,72.6600,72.6600,72.6500,72.6500,5301,0
STT.US,5,20131126,192500,72.6300,72.6900,72.6100,72.6900,12456,0
STT.US,5,20131126,193000,72.7000,72.7000,72.6800,72.7000,2585,0
STT.US,5,20131126,193500,72.7000,72.7300,72.7000,72.7100,5017,0
STT.US,5,20131126,194000,72.7300,72.7300,72.6800,72.6900,5274,0
STT.US,5,20131126,194500,72.6800,72.7800,72.6800,72.7500,7303,0
STT.US,5,20131126,195000,72.7500,72.7500,72.7100,72.7100,12112,0
STT.US,5,20131126,195500,72.7200,72.7300,72.6900,72.7100,3602,0
STT.US,5,20131126,200000,72.7000,72.7200,72.6700,72.7100,6246,0
STT.US,5,20131126,200500,72.7200,72.7300,72.6700,72.7000,7946,0
STT.US,5,20131126,201000,72.6900,72.6900,72.5900,72.6000,12555,0
STT.US,5,20131126,201500,72.5900,72.7000,72.5800,72.5900,23825,0
STT.US,5,20131126,202000,72.5800,72.5800,72.4700,72.5400,20061,0
STT.US,5,20131126,202500,72.5400,72.5900,72.5300,72.5600,14341,0
STT.US,5,20131126,203000,72.5600,72.6600,72.5600,72.6500,8701,0
STT.US,5,20131126,203500,72.6400,72.7100,72.6200,72.7100,12734,0
STT.US,5,20131126,204000,72.7200,72.7600,72.7200,72.7600,10769,0
STT.US,5,20131126,204500,72.7500,72.7700,72.7300,72.7300,19367,0
STT.US,5,20131126,205000,72.7200,72.7500,72.7200,72.7400,8044,0
STT.US,5,20131126,205500,72.7500,72.7700,72.7400,72.7500,6922,0
STT.US,5,20131126,210000,72.7500,72.7600,72.7300,72.7500,8087,0
STT.US,5,20131126,210500,72.7400,72.7500,72.7100,72.7200,10925,0
STT.US,5,20131126,211000,72.7300,72.7300,72.7100,72.7200,16768,0
STT.US,5,20131126,211500,72.7100,72.7400,72.6900,72.7100,11433,0
STT.US,5,20131126,212000,72.7100,72.7100,72.6600,72.7000,15769,0
STT.US,5,20131126,212500,72.6900,72.7100,72.6900,72.7100,14066,0
STT.US,5,20131126,213000,72.7100,72.7100,72.6600,72.6600,15819,0
STT.US,5,20131126,213500,72.6600,72.6900,72.6600,72.6700,23980,0
STT.US,5,20131126,214000,72.6800,72.7000,72.6400,72.6500,27642,0
STT.US,5,20131126,214500,72.6500,72.6800,72.6400,72.6600,29201,0
STT.US,5,20131126,215000,72.6500,72.6500,72.5500,72.6300,119287,0
STT.US,5,20131126,215500,72.6300,72.6300,72.5000,72.5400,62600,0
STT.US,5,20131126,220000,72.5400,72.5900,72.5100,72.5400,72498,0
STT.US,5,20131126,221000,72.5500,72.5500,72.5500,72.5500,588789,0
STT.US,5,20131126,221500,72.5500,72.5500,72.5500,72.5500,805,0
STT.US,5,20131127,153500,72.4800,72.5000,72.2700,72.4800,44132,0
STT.US,5,20131127,154000,72.4500,72.4800,72.0300,72.2800,55611,0
STT.US,5,20131127,154500,72.2800,72.4500,72.1500,72.4200,7095,0
STT.US,5,20131127,155000,72.4400,72.6000,72.4000,72.6000,12519,0
STT.US,5,20131127,155500,72.6800,72.7300,72.6300,72.6500,15507,0
STT.US,5,20131127,160000,72.6300,72.7300,72.5500,72.5700,16941,0
STT.US,5,20131127,160500,72.5700,72.6100,72.3600,72.3800,58743,0
STT.US,5,20131127,161000,72.3500,72.4400,72.3100,72.3600,88301,0
STT.US,5,20131127,161500,72.3600,72.4300,72.3600,72.4000,11810,0
STT.US,5,20131127,162000,72.3900,72.4800,72.3800,72.4300,14000,0
STT.US,5,20131127,162500,72.4100,72.4200,72.3500,72.3500,14663,0
STT.US,5,20131127,163000,72.3500,72.4100,72.3400,72.4100,22720,0
STT.US,5,20131127,163500,72.4100,72.5000,72.4100,72.4600,34516,0
STT.US,5,20131127,164000,72.4600,72.4700,72.4000,72.4500,10798,0
STT.US,5,20131127,164500,72.4400,72.4900,72.4300,72.4700,18896,0
STT.US,5,20131127,165000,72.4600,72.4700,72.4400,72.4600,11205,0
STT.US,5,20131127,165500,72.4500,72.4700,72.4400,72.4700,12368,0
STT.US,5,20131127,170000,72.4600,72.4700,72.3800,72.3800,10619,0
STT.US,5,20131127,170500,72.3900,72.3900,72.3100,72.3100,8508,0
STT.US,5,20131127,171000,72.3100,72.3600,72.2800,72.3600,19791,0
STT.US,5,20131127,171500,72.3500,72.4900,72.3500,72.4900,11415,0
STT.US,5,20131127,172000,72.5100,72.5700,72.5000,72.5700,12527,0
STT.US,5,20131127,172500,72.5800,72.6200,72.5300,72.6200,9193,0
STT.US,5,20131127,173000,72.6100,72.6500,72.6000,72.6200,13305,0
STT.US,5,20131127,173500,72.6300,72.6300,72.5600,72.5700,14900,0
STT.US,5,20131127,174000,72.5700,72.5800,72.5300,72.5300,5000,0
STT.US,5,20131127,174500,72.5300,72.5300,72.4900,72.4900,9776,0
STT.US,5,20131127,175000,72.5000,72.5000,72.3800,72.3800,39626,0
STT.US,5,20131127,175500,72.3800,72.3800,72.3000,72.3100,15890,0
STT.US,5,20131127,180000,72.3100,72.3200,72.2900,72.3100,8203,0
STT.US,5,20131127,180500,72.3100,72.3900,72.3100,72.3800,35003,0
STT.US,5,20131127,181000,72.3800,72.4200,72.3800,72.3900,8052,0
STT.US,5,20131127,181500,72.3900,72.4200,72.3900,72.4100,5100,0
STT.US,5,20131127,182000,72.4100,72.4200,72.4000,72.4100,4400,0
STT.US,5,20131127,182500,72.4000,72.4100,72.3800,72.3800,9133,0
STT.US,5,20131127,183000,72.3900,72.3900,72.3500,72.3500,9749,0
STT.US,5,20131127,183500,72.3600,72.3600,72.3300,72.3400,8516,0
STT.US,5,20131127,184000,72.3500,72.3800,72.3500,72.3600,5123,0
STT.US,5,20131127,184500,72.3500,72.3600,72.3000,72.3000,9296,0
STT.US,5,20131127,185000,72.3100,72.3100,72.2200,72.2600,15802,0
STT.US,5,20131127,185500,72.2600,72.2600,72.2300,72.2600,3085,0
STT.US,5,20131127,190000,72.2600,72.2900,72.1400,72.1600,74210,0
STT.US,5,20131127,190500,72.1400,72.1500,72.1200,72.1300,8804,0
STT.US,5,20131127,191000,72.1300,72.1500,72.1100,72.1200,10819,0
STT.US,5,20131127,191500,72.1300,72.1300,72.1000,72.1000,7244,0
STT.US,5,20131127,192000,72.1000,72.1000,71.9800,72.0000,8606,0
STT.US,5,20131127,192500,72.0000,72.0000,71.9800,72.0000,9083,0
STT.US,5,20131127,193000,72.0000,72.0700,72.0000,72.0600,8295,0
STT.US,5,20131127,193500,72.0600,72.0900,72.0600,72.0700,7423,0
STT.US,5,20131127,194000,72.0700,72.1000,72.0700,72.0800,10702,0
STT.US,5,20131127,194500,72.0900,72.1100,72.0500,72.1100,39924,0
STT.US,5,20131127,195000,72.1000,72.1500,72.1000,72.1500,21461,0
STT.US,5,20131127,195500,72.1500,72.1700,72.1400,72.1600,6481,0
STT.US,5,20131127,200000,72.1600,72.2400,72.1500,72.2300,88704,0
STT.US,5,20131127,200500,72.2300,72.2300,72.1800,72.1800,7769,0
STT.US,5,20131127,201000,72.1800,72.2000,72.1700,72.1800,6397,0
STT.US,5,20131127,201500,72.1800,72.1900,72.1800,72.1800,6630,0
STT.US,5,20131127,202000,72.1700,72.1800,72.1500,72.1800,22526,0
STT.US,5,20131127,202500,72.1800,72.2200,72.1800,72.2200,6412,0
STT.US,5,20131127,203000,72.2200,72.2400,72.2200,72.2300,8159,0
STT.US,5,20131127,203500,72.2300,72.2800,72.2300,72.2800,7418,0
STT.US,5,20131127,204000,72.2800,72.3000,72.2800,72.2900,17385,0
STT.US,5,20131127,204500,72.2900,72.3100,72.2600,72.2700,20289,0
STT.US,5,20131127,205000,72.2800,72.3200,72.2800,72.3100,5746,0
STT.US,5,20131127,205500,72.3100,72.3400,72.3100,72.3300,6994,0
STT.US,5,20131127,210000,72.3200,72.3500,72.3100,72.3500,17511,0
STT.US,5,20131127,210500,72.3600,72.3700,72.3300,72.3700,10165,0
STT.US,5,20131127,211000,72.3700,72.4200,72.3700,72.4200,6235,0
STT.US,5,20131127,211500,72.4300,72.4300,72.3700,72.4000,8849,0
STT.US,5,20131127,212000,72.4000,72.4100,72.3600,72.3600,11315,0
STT.US,5,20131127,212500,72.3500,72.3600,72.3500,72.3600,6676,0
STT.US,5,20131127,213000,72.3500,72.4100,72.3500,72.4100,25591,0
STT.US,5,20131127,213500,72.4000,72.4100,72.3900,72.4000,8708,0
STT.US,5,20131127,214000,72.3900,72.4000,72.3700,72.3700,20678,0
STT.US,5,20131127,214500,72.3800,72.4100,72.3700,72.4100,18042,0
STT.US,5,20131127,215000,72.4000,72.4100,72.3500,72.3600,28774,0
STT.US,5,20131127,215500,72.3500,72.3900,72.3200,72.3900,32603,0
STT.US,5,20131127,220000,72.3800,72.4100,72.3400,72.3500,38739,0
STT.US,5,20131127,221000,72.3400,72.3400,72.3400,72.3400,69817,0
STT.US,5,20131129,153500,72.2100,72.2100,71.8900,72.0000,15150,0
STT.US,5,20131129,154000,72.0100,72.2400,71.9700,72.2300,10376,0
STT.US,5,20131129,154500,72.2200,72.6000,72.2200,72.5300,11368,0
STT.US,5,20131129,155000,72.4900,72.4900,72.2900,72.3400,11043,0
STT.US,5,20131129,155500,72.3300,72.5700,72.3300,72.5500,11673,0
STT.US,5,20131129,160000,72.5400,72.5600,72.4500,72.5600,12352,0
STT.US,5,20131129,160500,72.5600,72.6900,72.5600,72.6700,15272,0
STT.US,5,20131129,161000,72.6500,72.7300,72.6500,72.6500,14866,0
STT.US,5,20131129,161500,72.6500,72.7800,72.6500,72.7300,32790,0
STT.US,5,20131129,162000,72.7400,72.8400,72.7000,72.8200,15884,0
STT.US,5,20131129,162500,72.8000,72.8600,72.7500,72.8300,34399,0
STT.US,5,20131129,163000,72.8500,72.8900,72.8400,72.8400,5156,0
STT.US,5,20131129,163500,72.8500,72.9600,72.8500,72.8900,17590,0
STT.US,5,20131129,164000,72.8800,72.9000,72.8400,72.8900,15448,0
STT.US,5,20131129,164500,72.8800,72.9000,72.8500,72.9000,12764,0
STT.US,5,20131129,165000,72.9100,72.9200,72.8100,72.8200,12173,0
STT.US,5,20131129,165500,72.8000,72.8700,72.7800,72.7900,11286,0
STT.US,5,20131129,170000,72.7900,72.8600,72.7600,72.8600,12795,0
STT.US,5,20131129,170500,72.8600,72.8800,72.8000,72.8400,11759,0
STT.US,5,20131129,171000,72.8500,72.8600,72.8300,72.8300,12561,0
STT.US,5,20131129,171500,72.8400,72.9300,72.8300,72.8700,20217,0
STT.US,5,20131129,172000,72.8700,72.9500,72.8600,72.9100,23759,0
STT.US,5,20131129,172500,72.9100,72.9700,72.8900,72.9700,10333,0
STT.US,5,20131129,173000,72.9800,73.0500,72.9700,73.0000,24319,0
STT.US,5,20131129,173500,73.0000,73.0000,72.8200,72.8200,30048,0
STT.US,5,20131129,174000,72.8100,72.8300,72.7900,72.8000,12093,0
STT.US,5,20131129,174500,72.8000,72.8500,72.7900,72.8500,16554,0
STT.US,5,20131129,175000,72.8600,72.9300,72.8600,72.9300,12160,0
STT.US,5,20131129,175500,72.9200,72.9200,72.8600,72.8600,9780,0
STT.US,5,20131129,180000,72.8600,72.9800,72.8600,72.9800,13331,0
STT.US,5,20131129,180500,72.9700,72.9800,72.8400,72.8400,11834,0
STT.US,5,20131129,181000,72.8400,72.8500,72.8200,72.8300,13915,0
STT.US,5,20131129,181500,72.8600,72.9200,72.8300,72.9100,9539,0
STT.US,5,20131129,182000,72.9100,72.9700,72.9100,72.9300,11232,0
STT.US,5,20131129,182500,72.9200,72.9700,72.9200,72.9600,11025,0
STT.US,5,20131129,183000,72.9600,72.9900,72.9100,72.9600,16895,0
STT.US,5,20131129,183500,72.9600,72.9700,72.8900,72.8900,12568,0
STT.US,5,20131129,184000,72.8900,72.9100,72.8500,72.9100,17082,0
STT.US,5,20131129,184500,72.9200,72.9400,72.7800,72.7800,62502,0
STT.US,5,20131129,185000,72.7500,72.7900,72.6900,72.7100,39964,0
STT.US,5,20131129,185500,72.7100,72.7300,72.6500,72.7200,84321,0
STT.US,5,20131129,190000,72.7200,72.7600,72.5800,72.6100,144839,0
STT.US,5,20131129,191000,72.6100,72.6100,72.6100,72.6100,213699,0
STT.US,5,20131202,153500,72.6500,72.8800,72.5500,72.7100,6322,0
STT.US,5,20131202,154000,72.7400,72.9900,72.6100,72.8900,9543,0
STT.US,5,20131202,154500,72.8900,72.9300,72.7700,72.8200,10761,0
STT.US,5,20131202,155000,72.7700,72.8100,72.7200,72.7300,22583,0
STT.US,5,20131202,155500,72.6900,72.7500,72.6200,72.7400,9436,0
STT.US,5,20131202,160000,72.7500,72.8300,72.7100,72.8100,11598,0
STT.US,5,20131202,160500,72.8100,72.9100,72.6500,72.8900,7828,0
STT.US,5,20131202,161000,72.9100,73.1800,72.9000,73.1500,24971,0
STT.US,5,20131202,161500,73.1600,73.2100,72.9900,73.1400,18142,0
STT.US,5,20131202,162000,73.1500,73.2800,73.1500,73.2500,21109,0
STT.US,5,20131202,162500,73.2500,73.3700,73.2500,73.3500,15200,0
STT.US,5,20131202,163000,73.3300,73.3800,73.2900,73.3500,23545,0
STT.US,5,20131202,163500,73.3200,73.3300,73.2000,73.3000,84230,0
STT.US,5,20131202,164000,73.3000,73.5100,73.3000,73.3800,67268,0
STT.US,5,20131202,164500,73.4000,73.4000,73.3300,73.3300,18284,0
STT.US,5,20131202,165000,73.3300,73.3900,73.3200,73.3900,8476,0
STT.US,5,20131202,165500,73.3800,73.4100,73.3400,73.4100,8402,0
STT.US,5,20131202,170000,73.4000,73.4300,73.3800,73.4100,9866,0
STT.US,5,20131202,170500,73.4400,73.4500,73.3700,73.4200,40770,0
STT.US,5,20131202,171000,73.4300,73.4300,73.3800,73.4000,8358,0
STT.US,5,20131202,171500,73.4000,73.4800,73.4000,73.4500,12763,0
STT.US,5,20131202,172000,73.4400,73.4600,73.4200,73.4300,11079,0
STT.US,5,20131202,172500,73.4100,73.4700,73.3800,73.3800,9279,0
STT.US,5,20131202,173000,73.3800,73.3800,73.3400,73.3500,8062,0
STT.US,5,20131202,173500,73.3700,73.4000,73.3200,73.3200,7577,0
STT.US,5,20131202,174000,73.3200,73.4100,73.2900,73.4100,17976,0
STT.US,5,20131202,174500,73.4100,73.4400,73.3600,73.3900,15071,0
STT.US,5,20131202,175000,73.4000,73.4600,73.3900,73.4400,19899,0
STT.US,5,20131202,175500,73.4300,73.4500,73.4100,73.4500,5172,0
STT.US,5,20131202,180000,73.4600,73.5400,73.4600,73.5200,13792,0
STT.US,5,20131202,180500,73.5200,73.5300,73.4900,73.4900,8171,0
STT.US,5,20131202,181000,73.4900,73.5000,73.4500,73.4700,5258,0
STT.US,5,20131202,181500,73.5000,73.5000,73.4800,73.5000,3496,0
STT.US,5,20131202,182000,73.5000,73.5400,73.4900,73.5400,6071,0
STT.US,5,20131202,182500,73.5700,73.6100,73.5500,73.6100,5668,0
STT.US,5,20131202,183000,73.6100,73.6300,73.5900,73.5900,7098,0
STT.US,5,20131202,183500,73.5900,73.5900,73.5600,73.5700,3000,0
STT.US,5,20131202,184000,73.5600,73.5600,73.5100,73.5100,6916,0
STT.US,5,20131202,184500,73.5200,73.5600,73.5000,73.5600,3765,0
STT.US,5,20131202,185000,73.5400,73.5600,73.5300,73.5600,5673,0
STT.US,5,20131202,185500,73.5500,73.5700,73.5100,73.5300,10429,0
STT.US,5,20131202,190000,73.5300,73.5400,73.4900,73.4900,4983,0
STT.US,5,20131202,190500,73.4800,73.5400,73.4800,73.5300,11295,0
STT.US,5,20131202,191000,73.5200,73.5300,73.4400,73.4400,6445,0
STT.US,5,20131202,191500,73.4300,73.4400,73.3700,73.3700,16373,0
STT.US,5,20131202,192000,73.3700,73.3900,73.3500,73.3700,4884,0
STT.US,5,20131202,192500,73.3700,73.4400,73.3700,73.4100,22763,0
STT.US,5,20131202,193000,73.3900,73.4100,73.3600,73.4000,6135,0
STT.US,5,20131202,193500,73.3900,73.3900,73.3200,73.3500,5632,0
STT.US,5,20131202,194000,73.3400,73.3800,73.3400,73.3700,4976,0
STT.US,5,20131202,194500,73.3700,73.3800,73.3600,73.3600,4458,0
STT.US,5,20131202,195000,73.3600,73.3600,73.2800,73.2800,6900,0
STT.US,5,20131202,195500,73.2800,73.2900,73.2700,73.2800,9004,0
STT.US,5,20131202,200000,73.2800,73.3100,73.2600,73.3100,4500,0
STT.US,5,20131202,200500,73.3100,73.3600,73.2600,73.2600,15278,0
STT.US,5,20131202,201000,73.2500,73.2500,73.1300,73.1300,11237,0
STT.US,5,20131202,201500,73.1300,73.1500,73.1200,73.1400,8942,0
STT.US,5,20131202,202000,73.1400,73.1700,73.1000,73.1700,10290,0
STT.US,5,20131202,202500,73.1800,73.1800,73.1400,73.1700,14217,0
STT.US,5,20131202,203000,73.1800,73.2100,73.1700,73.2100,15764,0
STT.US,5,20131202,203500,73.2100,73.2200,73.1500,73.1600,13221,0
STT.US,5,20131202,204000,73.1500,73.2100,73.1400,73.1900,10048,0
STT.US,5,20131202,204500,73.1800,73.2100,73.1800,73.1900,10654,0
STT.US,5,20131202,205000,73.1800,73.1900,73.1400,73.1600,14553,0
STT.US,5,20131202,205500,73.1600,73.1700,73.1500,73.1700,13223,0
STT.US,5,20131202,210000,73.1700,73.2700,73.1700,73.2600,10097,0
STT.US,5,20131202,210500,73.2500,73.2700,73.2500,73.2700,13666,0
STT.US,5,20131202,211000,73.2800,73.2800,73.2100,73.2100,10521,0
STT.US,5,20131202,211500,73.2100,73.2400,73.2100,73.2400,20459,0
STT.US,5,20131202,212000,73.2400,73.2500,73.2100,73.2100,15770,0
STT.US,5,20131202,212500,73.2100,73.2200,73.1900,73.1900,17076,0
STT.US,5,20131202,213000,73.1900,73.1900,73.0800,73.1000,31947,0
STT.US,5,20131202,213500,73.1100,73.1100,72.9800,72.9800,45591,0
STT.US,5,20131202,214000,72.9700,73.0400,72.9600,73.0300,35145,0
STT.US,5,20131202,214500,73.0300,73.0600,72.9800,72.9800,49640,0
STT.US,5,20131202,215000,72.9800,73.0900,72.9300,73.0100,83717,0
STT.US,5,20131202,215500,72.9900,73.0100,72.8600,72.9100,50984,0
STT.US,5,20131202,220000,72.9000,72.9500,72.8100,72.8900,108973,0
STT.US,5,20131202,221000,72.8900,72.8900,72.8900,72.8900,676072,0
STT.US,5,20131203,153500,72.3700,72.7200,72.3500,72.5700,4735,0
STT.US,5,20131203,154000,72.6800,72.6900,72.4400,72.4400,15406,0
STT.US,5,20131203,154500,72.4700,72.4700,72.2200,72.2300,7913,0
STT.US,5,20131203,155000,72.2500,72.2700,72.0400,72.1300,22991,0
STT.US,5,20131203,155500,72.1500,72.2000,72.0900,72.1600,15175,0
STT.US,5,20131203,160000,72.1400,72.1700,72.0400,72.1700,18369,0
STT.US,5,20131203,160500,72.2100,72.2700,72.1800,72.2400,21272,0
STT.US,5,20131203,161000,72.2500,72.3100,72.2100,72.2300,11279,0
STT.US,5,20131203,161500,72.2300,72.2700,71.9700,71.9800,19467,0
STT.US,5,20131203,162000,71.9700,72.1200,71.9500,72.0400,38121,0
STT.US,5,20131203,162500,72.0600,72.1000,71.9900,72.0800,22113,0
STT.US,5,20131203,163000,72.0700,72.1300,72.0400,72.0600,43319,0
STT.US,5,20131203,163500,72.0600,72.1500,72.0400,72.1200,11815,0
STT.US,5,20131203,164000,72.1300,72.1800,72.0600,72.1700,11313,0
STT.US,5,20131203,164500,72.2000,72.2800,72.2000,72.2800,8716,0
STT.US,5,20131203,165000,72.2900,72.3200,72.1500,72.1500,12953,0
STT.US,5,20131203,165500,72.1500,72.1500,72.0600,72.1200,7741,0
STT.US,5,20131203,170000,72.1200,72.1800,72.1200,72.1500,9789,0
STT.US,5,20131203,170500,72.1600,72.1600,71.9800,72.0000,12871,0
STT.US,5,20131203,171000,72.0000,72.0900,72.0000,72.0300,10650,0
STT.US,5,20131203,171500,72.0200,72.0200,71.9200,71.9500,12737,0
STT.US,5,20131203,172000,71.9500,71.9500,71.7700,71.8000,15333,0
STT.US,5,20131203,172500,71.8300,71.8300,71.7600,71.7700,14070,0
STT.US,5,20131203,173000,71.7800,71.7800,71.6100,71.6500,19191,0
STT.US,5,20131203,173500,71.6600,71.7100,71.5900,71.6500,13890,0
STT.US,5,20131203,174000,71.6500,71.6500,71.5800,71.6100,10600,0
STT.US,5,20131203,174500,71.6100,71.6100,71.4700,71.5000,11766,0
STT.US,5,20131203,175000,71.5100,71.5200,71.4300,71.4800,12158,0
STT.US,5,20131203,175500,71.4900,71.5100,71.3900,71.4300,10841,0
STT.US,5,20131203,180000,71.4400,71.5400,71.4400,71.5400,18450,0
STT.US,5,20131203,180500,71.5400,71.6000,71.4400,71.5200,19427,0
STT.US,5,20131203,181000,71.5200,71.5800,71.5200,71.5600,17449,0
STT.US,5,20131203,181500,71.5700,71.6100,71.5500,71.5900,11205,0
STT.US,5,20131203,182000,71.5900,71.6000,71.5400,71.5900,5288,0
STT.US,5,20131203,182500,71.6000,71.6500,71.6000,71.6100,9910,0
STT.US,5,20131203,183000,71.6300,71.6500,71.5800,71.6100,21000,0
STT.US,5,20131203,183500,71.6200,71.6500,71.5700,71.6500,23451,0
STT.US,5,20131203,184000,71.6800,71.6800,71.6300,71.6600,9440,0
STT.US,5,20131203,184500,71.6600,71.6800,71.6400,71.6500,7969,0
STT.US,5,20131203,185000,71.6500,71.6600,71.5500,71.5600,7783,0
STT.US,5,20131203,185500,71.5600,71.6200,71.5600,71.5800,7575,0
STT.US,5,20131203,190000,71.5800,71.6100,71.5600,71.5900,9789,0
STT.US,5,20131203,190500,71.6000,71.6100,71.5100,71.5100,9010,0
STT.US,5,20131203,191000,71.4900,71.4900,71.4600,71.4800,8277,0
STT.US,5,20131203,191500,71.4500,71.4600,71.4100,71.4200,6889,0
STT.US,5,20131203,192000,71.4100,71.4300,71.3600,71.4300,5836,0
STT.US,5,20131203,192500,71.4300,71.4700,71.3100,71.3100,21108,0
STT.US,5,20131203,193000,71.3200,71.3300,71.2200,71.2400,15860,0
STT.US,5,20131203,193500,71.2500,71.3200,71.2500,71.2900,17019,0
STT.US,5,20131203,194000,71.3000,71.3100,71.2700,71.2800,12906,0
STT.US,5,20131203,194500,71.2800,71.3300,71.2700,71.2800,14600,0
STT.US,5,20131203,195000,71.3000,71.4200,71.3000,71.4200,10000,0
STT.US,5,20131203,195500,71.4200,71.4200,71.3300,71.3600,7325,0
STT.US,5,20131203,200000,71.3600,71.3600,71.3000,71.3200,9359,0
STT.US,5,20131203,200500,71.3100,71.3100,71.2400,71.2600,9794,0
STT.US,5,20131203,201000,71.2700,71.3300,71.2700,71.2900,12249,0
STT.US,5,20131203,201500,71.3000,71.3800,71.3000,71.3500,9648,0
STT.US,5,20131203,202000,71.3400,71.3400,71.2300,71.2600,17509,0
STT.US,5,20131203,202500,71.2600,71.3400,71.2600,71.2900,9413,0
STT.US,5,20131203,203000,71.2900,71.3200,71.2800,71.3200,12403,0
STT.US,5,20131203,203500,71.3000,71.3900,71.2800,71.3600,11300,0
STT.US,5,20131203,204000,71.3700,71.4000,71.3200,71.3200,24336,0
STT.US,5,20131203,204500,71.3100,71.3400,71.2700,71.2800,14701,0
STT.US,5,20131203,205000,71.2800,71.3500,71.2800,71.3300,14100,0
STT.US,5,20131203,205500,71.3300,71.4000,71.3200,71.3900,11458,0
STT.US,5,20131203,210000,71.3900,71.3900,71.3500,71.3500,16673,0
STT.US,5,20131203,210500,71.3500,71.3700,71.3200,71.3700,15590,0
STT.US,5,20131203,211000,71.3800,71.4300,71.3600,71.3600,12219,0
STT.US,5,20131203,211500,71.3600,71.3600,71.3000,71.3300,14910,0
STT.US,5,20131203,212000,71.3300,71.3700,71.3300,71.3500,10108,0
STT.US,5,20131203,212500,71.3600,71.3600,71.2800,71.2800,27952,0
STT.US,5,20131203,213000,71.2700,71.3400,71.2600,71.3400,17213,0
STT.US,5,20131203,213500,71.3300,71.4300,71.3000,71.4100,28232,0
STT.US,5,20131203,214000,71.4100,71.4400,71.4000,71.4200,30012,0
STT.US,5,20131203,214500,71.4100,71.4800,71.3800,71.4800,37177,0
STT.US,5,20131203,215000,71.4700,71.5200,71.4100,71.5100,48147,0
STT.US,5,20131203,215500,71.5000,71.5500,71.4300,71.4500,72870,0
STT.US,5,20131203,220000,71.4600,71.5300,71.4500,71.4900,67136,0
STT.US,5,20131203,221000,71.5000,71.5000,71.5000,71.5000,144059,0
STT.US,5,20131204,153500,71.0600,71.3200,71.0400,71.1400,40923,0
STT.US,5,20131204,154000,71.1900,71.4000,71.1500,71.3900,32952,0
STT.US,5,20131204,154500,71.4200,71.5800,71.3900,71.4700,45097,0
STT.US,5,20131204,155000,71.4600,71.5400,71.3000,71.3000,47434,0
STT.US,5,20131204,155500,71.3400,71.3800,71.0300,71.0900,51543,0
STT.US,5,20131204,160000,71.1100,71.2200,71.0900,71.1800,26820,0
STT.US,5,20131204,160500,71.1800,71.5800,71.1800,71.4800,25040,0
STT.US,5,20131204,161000,71.4800,71.6900,71.4000,71.6600,35574,0
STT.US,5,20131204,161500,71.6600,71.8500,71.6400,71.8400,61581,0
STT.US,5,20131204,162000,71.8700,71.9300,71.8300,71.8900,44252,0
STT.US,5,20131204,162500,71.8900,72.0800,71.8900,71.9800,36281,0
STT.US,5,20131204,163000,71.9900,72.0200,71.7900,71.7900,30046,0
STT.US,5,20131204,163500,71.8200,71.8900,71.7500,71.7500,16803,0
STT.US,5,20131204,164000,71.7500,71.7700,71.6100,71.6100,43832,0
STT.US,5,20131204,164500,71.6100,71.6200,71.4600,71.4800,28489,0
STT.US,5,20131204,165000,71.4900,71.5100,71.4700,71.4800,18567,0
STT.US,5,20131204,165500,71.4900,71.4900,71.3800,71.4400,39786,0
STT.US,5,20131204,170000,71.4500,71.5500,71.3800,71.5500,20566,0
STT.US,5,20131204,170500,71.5500,71.6200,71.5000,71.6100,14200,0
STT.US,5,20131204,171000,71.6100,71.6400,71.6000,71.6100,6000,0
STT.US,5,20131204,171500,71.5900,71.6000,71.4800,71.4800,11034,0
STT.US,5,20131204,172000,71.4800,71.4800,71.3100,71.3300,16850,0
STT.US,5,20131204,172500,71.3300,71.3800,71.3000,71.3000,11699,0
STT.US,5,20131204,173000,71.2800,71.2800,71.1600,71.2000,27329,0
STT.US,5,20131204,173500,71.2000,71.2100,71.1500,71.1500,26153,0
STT.US,5,20131204,174000,71.1500,71.2300,71.1000,71.2100,31142,0
STT.US,5,20131204,174500,71.2000,71.2100,71.1300,71.2100,18900,0
STT.US,5,20131204,175000,71.2100,71.2300,71.1300,71.1300,18837,0
STT.US,5,20131204,175500,71.1300,71.1400,71.0700,71.1400,19539,0
STT.US,5,20131204,180000,71.1400,71.2000,71.1400,71.1800,16219,0
STT.US,5,20131204,180500,71.1800,71.1800,70.9300,70.9600,27215,0
STT.US,5,20131204,181000,70.9700,70.9700,70.9100,70.9600,23656,0
STT.US,5,20131204,181500,70.9600,70.9900,70.8000,70.8800,29067,0
STT.US,5,20131204,182000,70.8900,70.8900,70.8200,70.8300,25972,0
STT.US,5,20131204,182500,70.8300,70.8300,70.7100,70.7300,25400,0
STT.US,5,20131204,183000,70.7300,70.7300,70.6000,70.6500,36374,0
STT.US,5,20131204,183500,70.6600,70.7500,70.6200,70.7500,16032,0
STT.US,5,20131204,184000,70.7600,70.7700,70.6600,70.6700,14809,0
STT.US,5,20131204,184500,70.6700,70.7000,70.6500,70.6700,17065,0
STT.US,5,20131204,185000,70.6800,70.7000,70.6200,70.6200,17535,0
STT.US,5,20131204,185500,70.6400,70.7100,70.6400,70.6700,9704,0
STT.US,5,20131204,190000,70.6600,70.6800,70.6400,70.6500,10699,0
STT.US,5,20131204,190500,70.6500,70.7400,70.6500,70.7100,21454,0
STT.US,5,20131204,191000,70.7100,70.7900,70.6200,70.6600,12855,0
STT.US,5,20131204,191500,70.6600,70.6700,70.5700,70.6200,9463,0
STT.US,5,20131204,192000,70.6100,70.6200,70.5500,70.6100,11698,0
STT.US,5,20131204,192500,70.6100,70.6300,70.4700,70.4900,14681,0
STT.US,5,20131204,193000,70.4700,70.4800,70.3800,70.3900,8537,0
STT.US,5,20131204,193500,70.3600,70.3700,70.2000,70.3400,25269,0
STT.US,5,20131204,194000,70.3500,70.4100,70.3400,70.4100,13476,0
STT.US,5,20131204,194500,70.4100,70.4700,70.3500,70.4000,12999,0
STT.US,5,20131204,195000,70.4100,70.5200,70.4100,70.5100,9102,0
STT.US,5,20131204,195500,70.4900,70.5200,70.4600,70.5200,11950,0
STT.US,5,20131204,200000,70.5100,70.5100,70.4300,70.4800,11106,0
STT.US,5,20131204,200500,70.4900,70.6300,70.4700,70.6300,30631,0
STT.US,5,20131204,201000,70.6400,70.6500,70.5700,70.5700,19397,0
STT.US,5,20131204,201500,70.5700,70.7200,70.5500,70.6800,22183,0
STT.US,5,20131204,202000,70.6600,70.6800,70.5700,70.6500,37279,0
STT.US,5,20131204,202500,70.6600,70.6600,70.5200,70.6100,21185,0
STT.US,5,20131204,203000,70.6300,70.6900,70.5600,70.6200,23583,0
STT.US,5,20131204,203500,70.6300,70.7400,70.6200,70.6400,24379,0
STT.US,5,20131204,204000,70.6400,70.7700,70.6300,70.7000,24194,0
STT.US,5,20131204,204500,70.6900,70.7200,70.6800,70.7100,24256,0
STT.US,5,20131204,205000,70.7100,70.7600,70.6200,70.6600,30888,0
STT.US,5,20131204,205500,70.6600,70.7800,70.6500,70.7800,14423,0
STT.US,5,20131204,210000,70.7800,70.7900,70.7500,70.7900,7955,0
STT.US,5,20131204,210500,70.7900,70.8500,70.7800,70.7900,14803,0
STT.US,5,20131204,211000,70.7900,70.8100,70.7500,70.7500,22168,0
STT.US,5,20131204,211500,70.7600,70.8100,70.7400,70.8100,38812,0
STT.US,5,20131204,212000,70.8100,70.9400,70.8000,70.9300,24556,0
STT.US,5,20131204,212500,70.9300,70.9300,70.8200,70.8500,23381,0
STT.US,5,20131204,213000,70.8400,70.8600,70.8200,70.8400,34086,0
STT.US,5,20131204,213500,70.8500,70.9400,70.7800,70.9400,44841,0
STT.US,5,20131204,214000,70.9400,70.9700,70.8700,70.8700,38241,0
STT.US,5,20131204,214500,70.8700,70.9600,70.8600,70.9300,63032,0
STT.US,5,20131204,215000,70.9300,70.9500,70.8900,70.9100,57784,0
STT.US,5,20131204,215500,70.9100,70.9100,70.8200,70.8700,83067,0
STT.US,5,20131204,220000,70.8700,70.8800,70.8300,70.8400,106301,0
STT.US,5,20131204,221000,70.8300,70.8300,70.8300,70.8300,305755,0
STT.US,5,20131205,153500,70.8400,70.8400,70.5200,70.6200,28816,0
STT.US,5,20131205,154000,70.6100,70.6300,70.5400,70.6000,20790,0
STT.US,5,20131205,154500,70.5800,70.6000,70.2200,70.2200,48001,0
STT.US,5,20131205,155000,70.2300,70.2700,70.1500,70.2600,46667,0
STT.US,5,20131205,155500,70.2600,70.3700,70.1300,70.3600,33253,0
STT.US,5,20131205,160000,70.3600,70.3900,70.2600,70.2700,30021,0
STT.US,5,20131205,160500,70.2700,70.4100,70.2700,70.3500,25057,0
STT.US,5,20131205,161000,70.3800,70.4000,70.3200,70.3200,30381,0
STT.US,5,20131205,161500,70.3200,70.4000,70.2200,70.2600,47619,0
STT.US,5,20131205,162000,70.2800,70.3400,70.1400,70.3300,57099,0
STT.US,5,20131205,162500,70.3200,70.3200,70.1800,70.2000,22690,0
STT.US,5,20131205,163000,70.1800,70.2800,70.1400,70.2100,76353,0
STT.US,5,20131205,163500,70.2100,70.3000,70.1300,70.1700,91210,0
STT.US,5,20131205,164000,70.1700,70.2200,70.1400,70.2000,46142,0
STT.US,5,20131205,164500,70.2000,70.2300,70.0400,70.0500,98829,0
STT.US,5,20131205,165000,70.0600,70.0800,70.0100,70.0800,14720,0
STT.US,5,20131205,165500,70.0800,70.1700,70.0200,70.0300,13001,0
STT.US,5,20131205,170000,70.0400,70.0700,69.9600,69.9900,13457,0
STT.US,5,20131205,170500,70.0000,70.1600,69.9500,70.1600,17230,0
STT.US,5,20131205,171000,70.1700,70.2100,70.1300,70.1300,11361,0
STT.US,5,20131205,171500,70.1300,70.1800,70.1000,70.1200,16789,0
STT.US,5,20131205,172000,70.1200,70.2100,70.1200,70.1700,20414,0
STT.US,5,20131205,172500,70.1800,70.2400,70.1600,70.1900,37351,0
STT.US,5,20131205,173000,70.1800,70.1800,70.1200,70.1500,24901,0
STT.US,5,20131205,173500,70.1400,70.1600,70.1200,70.1300,6773,0
STT.US,5,20131205,174000,70.1400,70.1500,70.0600,70.1000,14300,0
STT.US,5,20131205,174500,70.1000,70.1000,70.0600,70.0900,12811,0
STT.US,5,20131205,175000,70.1000,70.1000,70.0500,70.0800,11099,0
STT.US,5,20131205,175500,70.0700,70.2100,70.0700,70.2000,15106,0
STT.US,5,20131205,180000,70.2100,70.2100,70.1200,70.1800,10181,0
STT.US,5,20131205,180500,70.1900,70.2900,70.1900,70.2900,7778,0
STT.US,5,20131205,181000,70.2900,70.3100,70.2300,70.2500,7110,0
STT.US,5,20131205,181500,70.2400,70.3500,70.2300,70.3500,12600,0
STT.US,5,20131205,182000,70.3300,70.3300,70.2800,70.2800,12200,0
STT.US,5,20131205,182500,70.2700,70.2800,70.1900,70.2200,13200,0
STT.US,5,20131205,183000,70.2200,70.2700,70.1700,70.1900,14296,0
STT.US,5,20131205,183500,70.1800,70.2100,70.1300,70.1500,12317,0
STT.US,5,20131205,184000,70.1400,70.2300,70.1400,70.2300,11458,0
STT.US,5,20131205,184500,70.2500,70.2900,70.2100,70.2700,16559,0
STT.US,5,20131205,185000,70.2700,70.3100,70.2400,70.2400,19325,0
STT.US,5,20131205,185500,70.2500,70.2600,70.2100,70.2100,9077,0
STT.US,5,20131205,190000,70.2100,70.2500,70.1800,70.1800,12672,0
STT.US,5,20131205,190500,70.1800,70.2000,70.1300,70.1300,10652,0
STT.US,5,20131205,191000,70.1400,70.1800,70.1400,70.1600,10905,0
STT.US,5,20131205,191500,70.1600,70.1600,70.1100,70.1100,11860,0
STT.US,5,20131205,192000,70.1100,70.1100,70.0600,70.0800,10764,0
STT.US,5,20131205,192500,70.0800,70.1000,70.0300,70.0900,11797,0
STT.US,5,20131205,193000,70.0700,70.0700,70.0100,70.0300,18313,0
STT.US,5,20131205,193500,70.0400,70.1200,70.0400,70.1100,9492,0
STT.US,5,20131205,194000,70.1200,70.1900,70.1200,70.1900,6936,0
STT.US,5,20131205,194500,70.2000,70.2000,70.1200,70.1600,13450,0
STT.US,5,20131205,195000,70.1600,70.1700,70.1100,70.1700,7429,0
STT.US,5,20131205,195500,70.1500,70.1900,70.1100,70.1800,9295,0
STT.US,5,20131205,200000,70.1700,70.2000,70.1600,70.2000,11638,0
STT.US,5,20131205,200500,70.2100,70.2500,70.1900,70.2000,8300,0
STT.US,5,20131205,201000,70.2000,70.2400,70.1800,70.1800,7350,0
STT.US,5,20131205,201500,70.1700,70.2200,70.1300,70.1300,14812,0
STT.US,5,20131205,202000,70.1300,70.1900,70.0800,70.1900,15105,0
STT.US,5,20131205,202500,70.1900,70.1900,70.1300,70.1300,9473,0
STT.US,5,20131205,203000,70.1300,70.2300,70.1000,70.2300,10898,0
STT.US,5,20131205,203500,70.2300,70.2400,70.1900,70.1900,8827,0
STT.US,5,20131205,204000,70.1800,70.2700,70.1800,70.2600,7550,0
STT.US,5,20131205,204500,70.2600,70.2600,70.1900,70.2400,7957,0
STT.US,5,20131205,205000,70.2400,70.2500,70.1700,70.1700,14666,0
STT.US,5,20131205,205500,70.1800,70.1800,70.0800,70.0800,11160,0
STT.US,5,20131205,210000,70.0900,70.1300,70.0500,70.1000,14238,0
STT.US,5,20131205,210500,70.1000,70.1700,70.0800,70.1300,14686,0
STT.US,5,20131205,211000,70.1400,70.2100,70.1300,70.2000,11640,0
STT.US,5,20131205,211500,70.2000,70.2000,70.1300,70.1800,29836,0
STT.US,5,20131205,212000,70.1700,70.1900,70.1400,70.1600,31726,0
STT.US,5,20131205,212500,70.1600,70.2000,70.1200,70.1700,19050,0
STT.US,5,20131205,213000,70.1700,70.2200,70.1200,70.1200,19719,0
STT.US,5,20131205,213500,70.1200,70.2500,70.0900,70.2400,31460,0
STT.US,5,20131205,214000,70.2200,70.2500,70.1900,70.2100,31066,0
STT.US,5,20131205,214500,70.2100,70.2200,70.1100,70.1200,40120,0
STT.US,5,20131205,215000,70.1100,70.1800,70.0900,70.1500,83521,0
STT.US,5,20131205,215500,70.1400,70.2000,70.0800,70.2000,53034,0
STT.US,5,20131205,220000,70.1900,70.2100,70.0700,70.1600,84107,0
STT.US,5,20131205,221000,70.1600,70.1600,70.1600,70.1600,206331,0
STT.US,5,20131206,153500,71.2400,71.2400,71.0800,71.0900,7245,0
STT.US,5,20131206,154000,71.1000,71.2700,70.9300,70.9300,22969,0
STT.US,5,20131206,154500,70.9400,71.0500,70.8600,70.9400,36217,0
STT.US,5,20131206,155000,70.9000,70.9600,70.8100,70.9400,100693,0
STT.US,5,20131206,155500,70.9300,70.9500,70.8100,70.9000,33436,0
STT.US,5,20131206,160000,70.9300,71.0400,70.8800,70.8800,19170,0
STT.US,5,20131206,160500,70.9200,70.9900,70.8800,70.9400,23192,0
STT.US,5,20131206,161000,70.9400,70.9800,70.8700,70.9700,12992,0
STT.US,5,20131206,161500,70.9700,70.9700,70.8900,70.9000,16456,0
STT.US,5,20131206,162000,70.8800,70.9900,70.8400,70.9200,11785,0
STT.US,5,20131206,162500,70.9100,70.9200,70.8500,70.8700,15232,0
STT.US,5,20131206,163000,70.8500,70.8800,70.7700,70.8200,14793,0
STT.US,5,20131206,163500,70.8000,70.8600,70.7100,70.8500,34256,0
STT.US,5,20131206,164000,70.8600,71.0200,70.8600,70.9400,33578,0
STT.US,5,20131206,164500,70.9500,70.9700,70.8100,70.8200,21186,0
STT.US,5,20131206,165000,70.8100,70.9400,70.7700,70.8600,16912,0
STT.US,5,20131206,165500,70.8500,70.9200,70.8400,70.8600,31099,0
STT.US,5,20131206,170000,70.8700,70.9400,70.7900,70.8000,35856,0
STT.US,5,20131206,170500,70.8000,70.8400,70.7600,70.8000,30145,0
STT.US,5,20131206,171000,70.8100,70.8200,70.7500,70.8000,15498,0
STT.US,5,20131206,171500,70.8000,70.8200,70.7400,70.7900,15900,0
STT.US,5,20131206,172000,70.7900,70.8300,70.7400,70.7800,24161,0
STT.US,5,20131206,172500,70.7700,70.7700,70.6800,70.7000,19881,0
STT.US,5,20131206,173000,70.7000,70.7100,70.6300,70.6500,18611,0
STT.US,5,20131206,173500,70.6500,70.7900,70.6400,70.7800,18095,0
STT.US,5,20131206,174000,70.7900,70.9100,70.7800,70.9100,11972,0
STT.US,5,20131206,174500,70.9100,71.0100,70.8600,71.0000,11810,0
STT.US,5,20131206,175000,71.0100,71.1200,71.0000,71.1200,12836,0
STT.US,5,20131206,175500,71.1300,71.1600,71.1100,71.1500,11000,0
STT.US,5,20131206,180000,71.1500,71.2500,71.1500,71.2100,15706,0
STT.US,5,20131206,180500,71.2300,71.2700,71.1500,71.1600,8600,0
STT.US,5,20131206,181000,71.1700,71.1700,71.0800,71.0800,5041,0
STT.US,5,20131206,181500,71.0800,71.0900,71.0400,71.0700,18700,0
STT.US,5,20131206,182000,71.0700,71.0900,71.0200,71.0900,10200,0
STT.US,5,20131206,182500,71.0900,71.1300,71.0900,71.1200,5200,0
STT.US,5,20131206,183000,71.1100,71.1100,71.0500,71.0700,5210,0
STT.US,5,20131206,183500,71.0800,71.1600,71.0800,71.1300,7765,0
STT.US,5,20131206,184000,71.1300,71.2100,71.1200,71.2000,8705,0
STT.US,5,20131206,184500,71.2000,71.2400,71.1600,71.1600,6431,0
STT.US,5,20131206,185000,71.1800,71.2300,71.1700,71.2100,5180,0
STT.US,5,20131206,185500,71.2100,71.2300,71.2000,71.2000,3300,0
STT.US,5,20131206,190000,71.2000,71.2400,71.1800,71.2300,6750,0
STT.US,5,20131206,190500,71.2300,71.2500,71.2200,71.2500,3366,0
STT.US,5,20131206,191000,71.2500,71.2900,71.2300,71.2400,7598,0
STT.US,5,20131206,191500,71.2400,71.2400,71.1900,71.2000,5313,0
STT.US,5,20131206,192000,71.2000,71.2600,71.2000,71.2600,3710,0
STT.US,5,20131206,192500,71.2500,71.2800,71.2500,71.2600,4528,0
STT.US,5,20131206,193000,71.2400,71.2400,71.2000,71.2100,4727,0
STT.US,5,20131206,193500,71.2100,71.2300,71.2000,71.2000,2705,0
STT.US,5,20131206,194000,71.2100,71.2800,71.2000,71.2800,9148,0
STT.US,5,20131206,194500,71.2800,71.3600,71.2800,71.3300,9150,0
STT.US,5,20131206,195000,71.3200,71.4000,71.3100,71.3900,6727,0
STT.US,5,20131206,195500,71.3900,71.3900,71.2800,71.2800,3151,0
STT.US,5,20131206,200000,71.2800,71.3200,71.2600,71.2900,6497,0
STT.US,5,20131206,200500,71.2900,71.3500,71.2900,71.3300,14981,0
STT.US,5,20131206,201000,71.3300,71.4400,71.3300,71.4400,10087,0
STT.US,5,20131206,201500,71.4400,71.4400,71.3600,71.3600,12438,0
STT.US,5,20131206,202000,71.3600,71.3800,71.3200,71.3200,10450,0
STT.US,5,20131206,202500,71.3200,71.3400,71.3000,71.3100,5128,0
STT.US,5,20131206,203000,71.2900,71.3300,71.2700,71.2800,9605,0
STT.US,5,20131206,203500,71.2800,71.2900,71.2300,71.2400,11625,0
STT.US,5,20131206,204000,71.2300,71.2400,71.2000,71.2200,7414,0
STT.US,5,20131206,204500,71.2300,71.2500,71.2100,71.2300,8195,0
STT.US,5,20131206,205000,71.2400,71.2400,71.1700,71.2300,12425,0
STT.US,5,20131206,205500,71.2200,71.2200,71.1100,71.1300,14043,0
STT.US,5,20131206,210000,71.1200,71.1400,71.0900,71.1100,30622,0
STT.US,5,20131206,210500,71.1200,71.1900,71.1200,71.1500,19612,0
STT.US,5,20131206,211000,71.1500,71.1700,71.0100,71.0100,28361,0
STT.US,5,20131206,211500,71.0100,71.0500,70.9900,71.0400,19296,0
STT.US,5,20131206,212000,71.0500,71.0700,71.0400,71.0600,8027,0
STT.US,5,20131206,212500,71.0600,71.1000,71.0000,71.0200,28808,0
STT.US,5,20131206,213000,71.0300,71.0700,71.0300,71.0600,11442,0
STT.US,5,20131206,213500,71.0600,71.1600,71.0600,71.1600,24100,0
STT.US,5,20131206,214000,71.1600,71.1700,71.0700,71.1000,22987,0
STT.US,5,20131206,214500,71.0900,71.1700,71.0500,71.0500,30171,0
STT.US,5,20131206,215000,71.0500,71.1500,71.0400,71.1400,45719,0
STT.US,5,20131206,215500,71.1400,71.2300,71.1300,71.2300,56400,0
STT.US,5,20131206,220000,71.2200,71.2500,71.1500,71.2300,98082,0
STT.US,5,20131206,220500,71.2300,71.2300,71.2300,71.2300,207425,0
STT.US,5,20131209,153500,71.7900,71.8000,71.5300,71.5700,16919,0
STT.US,5,20131209,154000,71.5900,71.7200,71.5300,71.6800,9270,0
STT.US,5,20131209,154500,71.6600,71.7500,71.6300,71.7200,15986,0
STT.US,5,20131209,155000,71.7700,71.9000,71.7200,71.8800,32518,0
STT.US,5,20131209,155500,71.8900,72.0000,71.8700,71.9800,20627,0
STT.US,5,20131209,160000,71.9700,72.2600,71.9700,72.0200,35897,0
STT.US,5,20131209,160500,72.0200,72.0700,71.9700,72.0500,45035,0
STT.US,5,20131209,161000,72.0600,72.0600,71.7900,71.7900,18308,0
STT.US,5,20131209,161500,71.7900,71.8800,71.7600,71.8700,30918,0
STT.US,5,20131209,162000,71.8600,71.8900,71.7400,71.7700,52975,0
STT.US,5,20131209,162500,71.7600,71.8200,71.6900,71.8200,11624,0
STT.US,5,20131209,163000,71.8200,71.8200,71.7400,71.7500,14554,0
STT.US,5,20131209,163500,71.7400,71.7400,71.6400,71.7000,16218,0
STT.US,5,20131209,164000,71.7000,71.7400,71.6600,71.7400,14116,0
STT.US,5,20131209,164500,71.7200,71.7600,71.7200,71.7400,6100,0
STT.US,5,20131209,165000,71.7400,71.7400,71.6400,71.6900,10584,0
STT.US,5,20131209,165500,71.6900,71.8600,71.6900,71.8400,9300,0
STT.US,5,20131209,170000,71.8400,71.8700,71.7200,71.7600,50289,0
STT.US,5,20131209,170500,71.7600,71.8200,71.7500,71.8200,7761,0
STT.US,5,20131209,171000,71.8400,71.8700,71.8400,71.8600,10087,0
STT.US,5,20131209,171500,71.8600,71.8800,71.8300,71.8800,12677,0
STT.US,5,20131209,172000,71.8800,71.9200,71.7900,71.7900,9722,0
STT.US,5,20131209,172500,71.8000,71.8600,71.8000,71.8500,13022,0
STT.US,5,20131209,173000,71.8400,71.8800,71.8300,71.8600,12300,0
STT.US,5,20131209,173500,71.8600,71.9100,71.8400,71.8500,13100,0
STT.US,5,20131209,174000,71.8400,71.8600,71.8300,71.8400,6808,0
STT.US,5,20131209,174500,71.8500,71.8800,71.8200,71.8800,12355,0
STT.US,5,20131209,175000,71.8900,71.9300,71.8900,71.9300,17075,0
STT.US,5,20131209,175500,71.9200,71.9700,71.9200,71.9600,11758,0
STT.US,5,20131209,180000,71.9600,72.0200,71.9600,72.0200,9437,0
STT.US,5,20131209,180500,72.0300,72.0600,72.0200,72.0300,11298,0
STT.US,5,20131209,181000,72.0300,72.0300,71.9400,71.9500,27420,0
STT.US,5,20131209,181500,71.9400,71.9500,71.9000,71.9300,16921,0
STT.US,5,20131209,182000,71.9300,71.9600,71.9000,71.9200,17050,0
STT.US,5,20131209,182500,71.9300,71.9500,71.9300,71.9400,5900,0
STT.US,5,20131209,183000,71.9400,71.9500,71.9200,71.9300,15368,0
STT.US,5,20131209,183500,71.9300,71.9500,71.9300,71.9500,11778,0
STT.US,5,20131209,184000,71.9400,71.9800,71.9300,71.9800,20633,0
STT.US,5,20131209,184500,71.9800,72.0400,71.9800,72.0400,13658,0
STT.US,5,20131209,185000,72.0400,72.0800,72.0400,72.0700,8382,0
STT.US,5,20131209,185500,72.0700,72.0800,72.0600,72.0600,11719,0
STT.US,5,20131209,190000,72.0500,72.0800,72.0400,72.0600,15814,0
STT.US,5,20131209,190500,72.0600,72.1100,72.0300,72.0600,15781,0
STT.US,5,20131209,191000,72.0600,72.0700,72.0100,72.0300,10436,0
STT.US,5,20131209,191500,72.0400,72.0800,72.0400,72.0700,7361,0
STT.US,5,20131209,192000,72.0800,72.0800,72.0300,72.0400,7508,0
STT.US,5,20131209,192500,72.0500,72.0800,72.0500,72.0700,10378,0
STT.US,5,20131209,193000,72.0700,72.1300,72.0700,72.0900,12013,0
STT.US,5,20131209,193500,72.0900,72.0900,72.0400,72.0700,18351,0
STT.US,5,20131209,194000,72.0500,72.0700,72.0000,72.0000,12306,0
STT.US,5,20131209,194500,72.0200,72.0400,71.9800,72.0100,13668,0
STT.US,5,20131209,195000,72.0000,72.0000,71.9300,72.0000,10317,0
STT.US,5,20131209,195500,72.0100,72.0200,71.9100,71.9100,7803,0
STT.US,5,20131209,200000,71.9200,71.9400,71.8800,71.8800,11604,0
STT.US,5,20131209,200500,71.8800,71.8900,71.8500,71.8900,17347,0
STT.US,5,20131209,201000,71.8900,71.9000,71.8700,71.8700,12022,0
STT.US,5,20131209,201500,71.8700,71.8800,71.8600,71.8600,5300,0
STT.US,5,20131209,202000,71.8700,71.8800,71.8100,71.8200,22025,0
STT.US,5,20131209,202500,71.8200,71.8200,71.7200,71.7200,30810,0
STT.US,5,20131209,203000,71.7200,71.8100,71.7100,71.8000,7829,0
STT.US,5,20131209,203500,71.8100,71.8400,71.7900,71.8100,12762,0
STT.US,5,20131209,204000,71.8100,71.8200,71.7600,71.7600,15916,0
STT.US,5,20131209,204500,71.7700,71.7900,71.7400,71.7600,24628,0
STT.US,5,20131209,205000,71.7600,71.8000,71.7300,71.7800,16338,0
STT.US,5,20131209,205500,71.7900,71.8000,71.7700,71.7700,19499,0
STT.US,5,20131209,210000,71.7800,71.8000,71.7400,71.7900,15160,0
STT.US,5,20131209,210500,71.7900,71.8000,71.7400,71.7600,13843,0
STT.US,5,20131209,211000,71.7600,71.7800,71.7500,71.7800,23488,0
STT.US,5,20131209,211500,71.7900,71.8600,71.7900,71.8500,20596,0
STT.US,5,20131209,212000,71.8500,71.8700,71.8300,71.8500,25749,0
STT.US,5,20131209,212500,71.8600,71.8700,71.8300,71.8600,23525,0
STT.US,5,20131209,213000,71.8500,71.8600,71.8000,71.8500,27463,0
STT.US,5,20131209,213500,71.8400,71.8800,71.8300,71.8400,32527,0
STT.US,5,20131209,214000,71.8300,71.9200,71.8300,71.9200,69549,0
STT.US,5,20131209,214500,71.9200,71.9800,71.8500,71.8700,130784,0
STT.US,5,20131209,215000,71.8600,71.9100,71.8500,71.8900,41871,0
STT.US,5,20131209,215500,71.8900,71.8900,71.7900,71.8000,50064,0
STT.US,5,20131209,220000,71.7900,71.8200,71.7500,71.8200,108927,0
STT.US,5,20131209,220500,71.8200,71.8200,71.8200,71.8200,190316,0
