<TICKER>,<PER>,<DTYYYYMMDD>,<TIME>,<OPEN>,<HIGH>,<LOW>,<CLOSE>,<VOL>,<OPENINT>
SWJ.US,5,20131112,153500,22.5000,22.5100,22.5000,22.5100,959,0
SWJ.US,5,20131112,154500,22.5100,22.5500,22.5100,22.5500,1600,0
SWJ.US,5,20131112,155000,22.5500,22.5500,22.5500,22.5500,1300,0
SWJ.US,5,20131112,155500,22.5400,22.5400,22.5100,22.5100,1000,0
SWJ.US,5,20131112,160000,22.5400,22.5400,22.5400,22.5400,340,0
SWJ.US,5,20131112,160500,22.5300,22.5300,22.5300,22.5300,300,0
SWJ.US,5,20131112,162000,22.5000,22.5000,22.5000,22.5000,793,0
SWJ.US,5,20131112,162500,22.5400,22.5400,22.5400,22.5400,100,0
SWJ.US,5,20131112,163000,22.5400,22.5400,22.5300,22.5300,1000,0
SWJ.US,5,20131112,163500,22.5400,22.5400,22.5400,22.5400,500,0
SWJ.US,5,20131112,164000,22.5300,22.5400,22.5300,22.5400,200,0
SWJ.US,5,20131112,164500,22.5300,22.5300,22.5300,22.5300,100,0
SWJ.US,5,20131112,165500,22.5200,22.5200,22.5200,22.5200,2300,0
SWJ.US,5,20131112,170000,22.5300,22.5300,22.4700,22.5100,2888,0
SWJ.US,5,20131112,170500,22.4700,22.5300,22.4700,22.5300,600,0
SWJ.US,5,20131112,172000,22.5400,22.5500,22.5000,22.5000,850,0
SWJ.US,5,20131112,172500,22.5500,22.5500,22.5500,22.5500,3220,0
SWJ.US,5,20131112,173000,22.5300,22.5600,22.5300,22.5400,9947,0
SWJ.US,5,20131112,173500,22.5200,22.5200,22.5200,22.5200,500,0
SWJ.US,5,20131112,174000,22.5200,22.5200,22.5200,22.5200,6839,0
SWJ.US,5,20131112,174500,22.5100,22.5100,22.5100,22.5100,102,0
SWJ.US,5,20131112,175500,22.5100,22.5200,22.5100,22.5100,1000,0
SWJ.US,5,20131112,180000,22.5200,22.5200,22.5000,22.5000,1800,0
SWJ.US,5,20131112,181000,22.4800,22.4800,22.4800,22.4800,200,0
SWJ.US,5,20131112,181500,22.4700,22.4700,22.4700,22.4700,100,0
SWJ.US,5,20131112,182000,22.4700,22.4700,22.4700,22.4700,100,0
SWJ.US,5,20131112,183000,22.4800,22.4800,22.4800,22.4800,100,0
SWJ.US,5,20131112,184500,22.4900,22.4900,22.4800,22.4800,620,0
SWJ.US,5,20131112,185000,22.4800,22.4800,22.4300,22.4300,3615,0
SWJ.US,5,20131112,191000,22.4700,22.5100,22.4700,22.5100,3690,0
SWJ.US,5,20131112,192500,22.5000,22.5000,22.5000,22.5000,900,0
SWJ.US,5,20131112,193000,22.5200,22.5200,22.5200,22.5200,200,0
SWJ.US,5,20131112,193500,22.5000,22.5000,22.5000,22.5000,300,0
SWJ.US,5,20131112,194000,22.5100,22.5100,22.5100,22.5100,100,0
SWJ.US,5,20131112,194500,22.5000,22.5000,22.5000,22.5000,4480,0
SWJ.US,5,20131112,195500,22.5200,22.5200,22.5100,22.5100,1000,0
SWJ.US,5,20131112,200000,22.5200,22.5200,22.4700,22.4700,900,0
SWJ.US,5,20131112,201500,22.4700,22.4700,22.4600,22.4600,1400,0
SWJ.US,5,20131112,202000,22.5100,22.5100,22.5100,22.5100,400,0
SWJ.US,5,20131112,202500,22.5000,22.5000,22.5000,22.5000,100,0
SWJ.US,5,20131112,203000,22.4800,22.4800,22.4800,22.4800,156,0
SWJ.US,5,20131112,204500,22.5100,22.5100,22.5100,22.5100,280,0
SWJ.US,5,20131112,205000,22.4600,22.4600,22.4600,22.4600,129,0
SWJ.US,5,20131112,205500,22.5000,22.5000,22.4900,22.4900,800,0
SWJ.US,5,20131112,210000,22.4700,22.4700,22.4600,22.4700,700,0
SWJ.US,5,20131112,210500,22.4600,22.4600,22.4500,22.4500,2600,0
SWJ.US,5,20131112,211000,22.4500,22.4600,22.4500,22.4600,1500,0
SWJ.US,5,20131112,211500,22.4700,22.4900,22.4700,22.4900,403,0
SWJ.US,5,20131112,212000,22.4600,22.4600,22.4600,22.4600,443,0
SWJ.US,5,20131112,212500,22.4600,22.4600,22.4600,22.4600,457,0
SWJ.US,5,20131112,213000,22.4400,22.4400,22.4400,22.4400,2350,0
SWJ.US,5,20131112,213500,22.4400,22.4400,22.4400,22.4400,900,0
SWJ.US,5,20131112,214000,22.4800,22.4800,22.4400,22.4400,750,0
SWJ.US,5,20131112,214500,22.4400,22.4400,22.4400,22.4400,200,0
SWJ.US,5,20131112,215000,22.4400,22.4400,22.4400,22.4400,600,0
SWJ.US,5,20131112,215500,22.4400,22.4500,22.4100,22.4200,4661,0
SWJ.US,5,20131112,220000,22.4200,22.4600,22.4100,22.4400,2700,0
SWJ.US,5,20131113,153500,22.4000,22.4000,22.4000,22.4000,7233,0
SWJ.US,5,20131113,154000,22.3600,22.3700,22.3600,22.3700,1438,0
SWJ.US,5,20131113,154500,22.4000,22.4000,22.4000,22.4000,800,0
SWJ.US,5,20131113,155000,22.3600,22.3700,22.3600,22.3700,2400,0
SWJ.US,5,20131113,155500,22.4000,22.4000,22.3800,22.3800,890,0
SWJ.US,5,20131113,160000,22.4100,22.4100,22.4000,22.4000,400,0
SWJ.US,5,20131113,161000,22.4400,22.4500,22.4300,22.4500,1000,0
SWJ.US,5,20131113,162500,22.4200,22.4200,22.4000,22.4000,700,0
SWJ.US,5,20131113,163000,22.4000,22.4000,22.4000,22.4000,800,0
SWJ.US,5,20131113,163500,22.4000,22.4000,22.3800,22.3900,1292,0
SWJ.US,5,20131113,164000,22.4000,22.4000,22.3900,22.3900,335,0
SWJ.US,5,20131113,165000,22.4200,22.4500,22.4200,22.4500,2698,0
SWJ.US,5,20131113,170000,22.4200,22.4200,22.4200,22.4200,100,0
SWJ.US,5,20131113,172000,22.4400,22.4400,22.4400,22.4400,100,0
SWJ.US,5,20131113,172500,22.4100,22.4100,22.4000,22.4000,3773,0
SWJ.US,5,20131113,173000,22.3900,22.4400,22.3900,22.4300,1497,0
SWJ.US,5,20131113,174000,22.4300,22.4300,22.4300,22.4300,220,0
SWJ.US,5,20131113,174500,22.4000,22.4100,22.4000,22.4100,1373,0
SWJ.US,5,20131113,175500,22.4000,22.4000,22.4000,22.4000,573,0
SWJ.US,5,20131113,180000,22.4300,22.4300,22.4300,22.4300,300,0
SWJ.US,5,20131113,180500,22.4000,22.4000,22.4000,22.4000,412,0
SWJ.US,5,20131113,181000,22.4000,22.4300,22.3900,22.3900,1600,0
SWJ.US,5,20131113,181500,22.4000,22.4000,22.4000,22.4000,100,0
SWJ.US,5,20131113,183500,22.4000,22.4000,22.3700,22.3700,2923,0
SWJ.US,5,20131113,184000,22.3700,22.3700,22.3600,22.3600,5095,0
SWJ.US,5,20131113,184500,22.3900,22.3900,22.3900,22.3900,200,0
SWJ.US,5,20131113,190000,22.3600,22.3700,22.3600,22.3600,1000,0
SWJ.US,5,20131113,190500,22.3900,22.3900,22.3600,22.3600,500,0
SWJ.US,5,20131113,191000,22.3800,22.3800,22.3600,22.3600,495,0
SWJ.US,5,20131113,191500,22.3800,22.3800,22.3600,22.3600,500,0
SWJ.US,5,20131113,192000,22.3600,22.3600,22.3300,22.3300,4875,0
SWJ.US,5,20131113,192500,22.3300,22.3500,22.3300,22.3300,1400,0
SWJ.US,5,20131113,193000,22.3400,22.3500,22.3300,22.3500,645,0
SWJ.US,5,20131113,193500,22.3400,22.3400,22.3400,22.3400,100,0
SWJ.US,5,20131113,194000,22.3500,22.3500,22.3300,22.3300,2700,0
SWJ.US,5,20131113,194500,22.3300,22.3300,22.3300,22.3300,100,0
SWJ.US,5,20131113,195000,22.3500,22.3500,22.3500,22.3500,1464,0
SWJ.US,5,20131113,195500,22.3500,22.3500,22.3400,22.3400,1100,0
SWJ.US,5,20131113,200000,22.3500,22.3500,22.3500,22.3500,480,0
SWJ.US,5,20131113,200500,22.3700,22.3700,22.3400,22.3500,515,0
SWJ.US,5,20131113,201000,22.3600,22.3600,22.3600,22.3600,100,0
SWJ.US,5,20131113,201500,22.3400,22.3400,22.3400,22.3400,457,0
SWJ.US,5,20131113,202000,22.3500,22.3500,22.3500,22.3500,100,0
SWJ.US,5,20131113,203500,22.3500,22.3500,22.3300,22.3300,500,0
SWJ.US,5,20131113,204000,22.3600,22.3700,22.3600,22.3700,875,0
SWJ.US,5,20131113,204500,22.3700,22.3700,22.3300,22.3300,920,0
SWJ.US,5,20131113,205000,22.3700,22.3700,22.3300,22.3300,2498,0
SWJ.US,5,20131113,210500,22.3400,22.3600,22.3400,22.3600,709,0
SWJ.US,5,20131113,211000,22.3500,22.3500,22.3500,22.3500,103,0
SWJ.US,5,20131113,211500,22.3500,22.3700,22.3500,22.3700,973,0
SWJ.US,5,20131113,212000,22.3600,22.3700,22.3600,22.3700,1000,0
SWJ.US,5,20131113,212500,22.3500,22.3500,22.3500,22.3500,400,0
SWJ.US,5,20131113,213000,22.3500,22.3600,22.3500,22.3600,700,0
SWJ.US,5,20131113,213500,22.3500,22.3500,22.3500,22.3500,4159,0
SWJ.US,5,20131113,214000,22.3500,22.3600,22.3500,22.3600,1600,0
SWJ.US,5,20131113,215000,22.3500,22.3500,22.3500,22.3500,552,0
SWJ.US,5,20131113,215500,22.3600,22.3600,22.3500,22.3500,666,0
SWJ.US,5,20131113,220000,22.3500,22.3500,22.3500,22.3500,300,0
SWJ.US,5,20131114,154000,22.4100,22.4200,22.4100,22.4200,500,0
SWJ.US,5,20131114,155000,22.4100,22.4100,22.3600,22.4100,800,0
SWJ.US,5,20131114,155500,22.3700,22.4100,22.3500,22.4000,2370,0
SWJ.US,5,20131114,160000,22.4000,22.4000,22.3500,22.3500,1600,0
SWJ.US,5,20131114,160500,22.3500,22.3500,22.3400,22.3400,1100,0
SWJ.US,5,20131114,161000,22.3400,22.3400,22.3400,22.3400,200,0
SWJ.US,5,20131114,162500,22.3400,22.3600,22.3400,22.3600,1400,0
SWJ.US,5,20131114,164000,22.3900,22.3900,22.3900,22.3900,664,0
SWJ.US,5,20131114,164500,22.3900,22.3900,22.3900,22.3900,225,0
SWJ.US,5,20131114,165000,22.3800,22.3800,22.3800,22.3800,400,0
SWJ.US,5,20131114,170000,22.3400,22.3500,22.3400,22.3400,696,0
SWJ.US,5,20131114,171000,22.3500,22.3500,22.3500,22.3500,550,0
SWJ.US,5,20131114,171500,22.3800,22.3800,22.3800,22.3800,142,0
SWJ.US,5,20131114,172000,22.3400,22.3400,22.3400,22.3400,800,0
SWJ.US,5,20131114,173500,22.3700,22.3900,22.3600,22.3700,1700,0
SWJ.US,5,20131114,174500,22.3900,22.3900,22.3800,22.3800,500,0
SWJ.US,5,20131114,175000,22.3700,22.3700,22.3600,22.3600,600,0
SWJ.US,5,20131114,175500,22.3800,22.3800,22.3800,22.3800,200,0
SWJ.US,5,20131114,180500,22.3800,22.4000,22.3800,22.4000,45375,0
SWJ.US,5,20131114,181000,22.3800,22.3800,22.3800,22.3800,400,0
SWJ.US,5,20131114,182500,22.3600,22.3800,22.3500,22.3800,6915,0
SWJ.US,5,20131114,183000,22.3800,22.4000,22.3800,22.4000,1500,0
SWJ.US,5,20131114,183500,22.4000,22.4000,22.3800,22.3800,3101,0
SWJ.US,5,20131114,184000,22.4000,22.4000,22.4000,22.4000,1903,0
SWJ.US,5,20131114,184500,22.3800,22.3900,22.3800,22.3800,2000,0
SWJ.US,5,20131114,190500,22.3900,22.3900,22.3800,22.3800,2550,0
SWJ.US,5,20131114,191000,22.3900,22.3900,22.3900,22.3900,200,0
SWJ.US,5,20131114,191500,22.3800,22.3800,22.3800,22.3800,400,0
SWJ.US,5,20131114,192000,22.4000,22.4000,22.4000,22.4000,200,0
SWJ.US,5,20131114,193000,22.3800,22.3800,22.3800,22.3800,950,0
SWJ.US,5,20131114,195000,22.3900,22.3900,22.3800,22.3800,1264,0
SWJ.US,5,20131114,195500,22.3800,22.3800,22.3800,22.3800,3000,0
SWJ.US,5,20131114,201000,22.3900,22.4000,22.3900,22.4000,2965,0
SWJ.US,5,20131114,202500,22.4000,22.4000,22.4000,22.4000,400,0
SWJ.US,5,20131114,203000,22.4000,22.4000,22.3800,22.3800,1602,0
SWJ.US,5,20131114,203500,22.4000,22.4000,22.3900,22.3900,1200,0
SWJ.US,5,20131114,204000,22.3900,22.3900,22.3800,22.3800,6000,0
SWJ.US,5,20131114,204500,22.4000,22.4000,22.4000,22.4000,600,0
SWJ.US,5,20131114,205000,22.4000,22.4300,22.4000,22.4100,2403,0
SWJ.US,5,20131114,205500,22.4200,22.4200,22.4100,22.4100,565,0
SWJ.US,5,20131114,210000,22.4000,22.4100,22.4000,22.4100,400,0
SWJ.US,5,20131114,211000,22.4100,22.4100,22.4000,22.4000,2055,0
SWJ.US,5,20131114,211500,22.4200,22.4200,22.4000,22.4000,1075,0
SWJ.US,5,20131114,212500,22.4000,22.4000,22.4000,22.4000,193,0
SWJ.US,5,20131114,213500,22.4100,22.4200,22.4000,22.4000,3349,0
SWJ.US,5,20131114,214500,22.4000,22.4000,22.4000,22.4000,1000,0
SWJ.US,5,20131114,215000,22.3700,22.3700,22.3700,22.3700,5000,0
SWJ.US,5,20131114,220000,22.4200,22.4200,22.3800,22.3800,3216,0
SWJ.US,5,20131115,153500,22.4200,22.4200,22.4200,22.4200,300,0
SWJ.US,5,20131115,154000,22.4300,22.4300,22.4300,22.4300,200,0
SWJ.US,5,20131115,154500,22.4600,22.4600,22.4600,22.4600,200,0
SWJ.US,5,20131115,155500,22.4200,22.4200,22.4200,22.4200,323,0
SWJ.US,5,20131115,161500,22.4400,22.4500,22.4200,22.4200,800,0
SWJ.US,5,20131115,162000,22.4200,22.4200,22.4200,22.4200,3200,0
SWJ.US,5,20131115,162500,22.3800,22.3800,22.3800,22.3800,649,0
SWJ.US,5,20131115,163000,22.3800,22.3800,22.3800,22.3800,200,0
SWJ.US,5,20131115,164000,22.4300,22.4400,22.4000,22.4400,1812,0
SWJ.US,5,20131115,164500,22.4000,22.4000,22.4000,22.4000,800,0
SWJ.US,5,20131115,165000,22.4100,22.4300,22.4100,22.4300,705,0
SWJ.US,5,20131115,170500,22.4300,22.4300,22.4000,22.4000,900,0
SWJ.US,5,20131115,171000,22.4000,22.4000,22.4000,22.4000,264,0
SWJ.US,5,20131115,172000,22.4000,22.4000,22.3600,22.3600,3000,0
SWJ.US,5,20131115,172500,22.3700,22.3700,22.3600,22.3600,1100,0
SWJ.US,5,20131115,173000,22.3500,22.4000,22.3500,22.3600,900,0
SWJ.US,5,20131115,174000,22.3700,22.3700,22.3700,22.3700,950,0
SWJ.US,5,20131115,175000,22.3900,22.4200,22.3900,22.4200,1973,0
SWJ.US,5,20131115,181000,22.4200,22.4200,22.4200,22.4200,1000,0
SWJ.US,5,20131115,182000,22.4100,22.4300,22.4100,22.4300,1300,0
SWJ.US,5,20131115,182500,22.4200,22.4300,22.4200,22.4200,504,0
SWJ.US,5,20131115,183500,22.4200,22.4200,22.4200,22.4200,116,0
SWJ.US,5,20131115,184000,22.4300,22.4300,22.4300,22.4300,900,0
SWJ.US,5,20131115,185000,22.3900,22.3900,22.3900,22.3900,195,0
SWJ.US,5,20131115,190500,22.4300,22.4300,22.4300,22.4300,525,0
SWJ.US,5,20131115,191000,22.3900,22.3900,22.3700,22.3700,1385,0
SWJ.US,5,20131115,192500,22.3800,22.3800,22.3500,22.3500,4254,0
SWJ.US,5,20131115,200000,22.4100,22.4200,22.4100,22.4200,400,0
SWJ.US,5,20131115,202000,22.3600,22.3800,22.3600,22.3600,1833,0
SWJ.US,5,20131115,203000,22.3600,22.3600,22.3500,22.3600,2007,0
SWJ.US,5,20131115,203500,22.3900,22.3900,22.3900,22.3900,300,0
SWJ.US,5,20131115,204000,22.3900,22.3900,22.3900,22.3900,1600,0
SWJ.US,5,20131115,204500,22.3700,22.3900,22.3500,22.3900,4706,0
SWJ.US,5,20131115,205000,22.3500,22.3500,22.3500,22.3500,129,0
SWJ.US,5,20131115,205500,22.3900,22.3900,22.3300,22.3600,2685,0
SWJ.US,5,20131115,210000,22.3500,22.3600,22.3500,22.3600,4229,0
SWJ.US,5,20131115,210500,22.3800,22.3800,22.3800,22.3800,100,0
SWJ.US,5,20131115,211500,22.3800,22.3800,22.3500,22.3500,200,0
SWJ.US,5,20131115,212000,22.3600,22.3600,22.3500,22.3500,318,0
SWJ.US,5,20131115,212500,22.3500,22.3500,22.3500,22.3500,2000,0
SWJ.US,5,20131115,213000,22.3300,22.3700,22.3300,22.3700,433,0
SWJ.US,5,20131115,213500,22.3500,22.3500,22.3300,22.3500,3400,0
SWJ.US,5,20131115,214000,22.3900,22.3900,22.3600,22.3600,1460,0
SWJ.US,5,20131115,215000,22.3700,22.3700,22.3700,22.3700,200,0
SWJ.US,5,20131115,215500,22.3700,22.3700,22.3500,22.3500,2328,0
SWJ.US,5,20131115,220000,22.3700,22.3700,22.3700,22.3700,100,0
SWJ.US,5,20131115,220500,22.3700,22.3700,22.3700,22.3700,107,0
SWJ.US,5,20131118,153500,22.3700,22.3800,22.3700,22.3800,200,0
SWJ.US,5,20131118,160000,22.3600,22.3600,22.3600,22.3600,119,0
SWJ.US,5,20131118,160500,22.3600,22.3600,22.3600,22.3600,375,0
SWJ.US,5,20131118,161500,22.3800,22.3800,22.3700,22.3800,1889,0
SWJ.US,5,20131118,162000,22.3700,22.3800,22.3700,22.3800,218,0
SWJ.US,5,20131118,163000,22.3700,22.3700,22.3600,22.3600,1100,0
SWJ.US,5,20131118,163500,22.3700,22.3700,22.3700,22.3700,1000,0
SWJ.US,5,20131118,164500,22.3700,22.3700,22.3700,22.3700,300,0
SWJ.US,5,20131118,165000,22.3600,22.3600,22.3400,22.3500,1978,0
SWJ.US,5,20131118,165500,22.3700,22.3700,22.3700,22.3700,700,0
SWJ.US,5,20131118,170000,22.3500,22.3500,22.3500,22.3500,100,0
SWJ.US,5,20131118,170500,22.3400,22.3700,22.3400,22.3600,2100,0
SWJ.US,5,20131118,171000,22.3700,22.3700,22.3700,22.3700,400,0
SWJ.US,5,20131118,171500,22.3400,22.3400,22.3400,22.3400,816,0
SWJ.US,5,20131118,172000,22.3700,22.3700,22.3700,22.3700,1225,0
SWJ.US,5,20131118,172500,22.3700,22.3700,22.3600,22.3600,900,0
SWJ.US,5,20131118,173000,22.3500,22.3500,22.3500,22.3500,1500,0
SWJ.US,5,20131118,174000,22.3400,22.3700,22.3400,22.3700,1265,0
SWJ.US,5,20131118,175000,22.3700,22.3700,22.3700,22.3700,300,0
SWJ.US,5,20131118,175500,22.3500,22.3500,22.3400,22.3400,500,0
SWJ.US,5,20131118,181000,22.3400,22.3400,22.3400,22.3400,1000,0
SWJ.US,5,20131118,181500,22.3700,22.3700,22.3700,22.3700,1000,0
SWJ.US,5,20131118,182000,22.3400,22.3600,22.3400,22.3600,2618,0
SWJ.US,5,20131118,183000,22.3600,22.3700,22.3600,22.3700,611,0
SWJ.US,5,20131118,183500,22.3500,22.3500,22.3500,22.3500,400,0
SWJ.US,5,20131118,184000,22.3600,22.3600,22.3600,22.3600,500,0
SWJ.US,5,20131118,185000,22.3400,22.3400,22.3400,22.3400,300,0
SWJ.US,5,20131118,185500,22.3400,22.3400,22.3400,22.3400,1400,0
SWJ.US,5,20131118,190000,22.3500,22.3600,22.3400,22.3400,1689,0
SWJ.US,5,20131118,190500,22.3400,22.3400,22.3100,22.3100,1360,0
SWJ.US,5,20131118,191000,22.3000,22.3000,22.3000,22.3000,300,0
SWJ.US,5,20131118,192000,22.3100,22.3100,22.3000,22.3000,1853,0
SWJ.US,5,20131118,192500,22.3000,22.3100,22.3000,22.3100,430,0
SWJ.US,5,20131118,193000,22.3100,22.3300,22.3000,22.3300,2264,0
SWJ.US,5,20131118,194500,22.3300,22.3300,22.3300,22.3300,300,0
SWJ.US,5,20131118,195000,22.3400,22.3400,22.3400,22.3400,100,0
SWJ.US,5,20131118,195500,22.3400,22.3400,22.3100,22.3400,3510,0
SWJ.US,5,20131118,200000,22.3400,22.3400,22.3400,22.3400,700,0
SWJ.US,5,20131118,200500,22.3400,22.3500,22.3400,22.3500,1000,0
SWJ.US,5,20131118,201000,22.3500,22.3500,22.3200,22.3200,887,0
SWJ.US,5,20131118,201500,22.3500,22.3500,22.3500,22.3500,500,0
SWJ.US,5,20131118,202000,22.3500,22.3500,22.3500,22.3500,625,0
SWJ.US,5,20131118,202500,22.3500,22.3500,22.3400,22.3400,380,0
SWJ.US,5,20131118,203000,22.3300,22.3300,22.3300,22.3300,350,0
SWJ.US,5,20131118,203500,22.3600,22.3700,22.3600,22.3700,600,0
SWJ.US,5,20131118,204000,22.3700,22.3800,22.3700,22.3800,1477,0
SWJ.US,5,20131118,204500,22.3800,22.3800,22.3700,22.3700,1100,0
SWJ.US,5,20131118,205000,22.3500,22.3600,22.3500,22.3600,490,0
SWJ.US,5,20131118,205500,22.3900,22.3900,22.3900,22.3900,800,0
SWJ.US,5,20131118,210000,22.3500,22.3500,22.3500,22.3500,325,0
SWJ.US,5,20131118,210500,22.3500,22.3800,22.3500,22.3800,275,0
SWJ.US,5,20131118,211000,22.3700,22.3800,22.3500,22.3800,2900,0
SWJ.US,5,20131118,211500,22.3900,22.3900,22.3600,22.3600,900,0
SWJ.US,5,20131118,212000,22.3900,22.3900,22.3900,22.3900,200,0
SWJ.US,5,20131118,212500,22.3900,22.3900,22.3900,22.3900,200,0
SWJ.US,5,20131118,213000,22.3500,22.3600,22.3500,22.3500,1897,0
SWJ.US,5,20131118,213500,22.3500,22.3500,22.3500,22.3500,700,0
SWJ.US,5,20131118,214500,22.3500,22.3500,22.3500,22.3500,850,0
SWJ.US,5,20131118,215000,22.3500,22.3700,22.3500,22.3700,1300,0
SWJ.US,5,20131118,215500,22.3500,22.3500,22.3500,22.3500,2548,0
SWJ.US,5,20131118,220000,22.3600,22.3600,22.3500,22.3500,1070,0
SWJ.US,5,20131119,153500,22.2300,22.2300,22.2300,22.2300,100,0
SWJ.US,5,20131119,154000,22.3300,22.3300,22.3000,22.3000,973,0
SWJ.US,5,20131119,154500,22.3300,22.3300,22.3300,22.3300,100,0
SWJ.US,5,20131119,155000,22.2800,22.2800,22.1500,22.1500,1093,0
SWJ.US,5,20131119,155500,22.2000,22.3100,22.2000,22.2800,1603,0
SWJ.US,5,20131119,160000,22.2900,22.2900,22.2400,22.2400,200,0
SWJ.US,5,20131119,161500,22.2300,22.3400,22.2300,22.3400,2897,0
SWJ.US,5,20131119,162000,22.2500,22.3400,22.2500,22.3400,2174,0
SWJ.US,5,20131119,163500,22.2800,22.2800,22.2800,22.2800,150,0
SWJ.US,5,20131119,164000,22.3300,22.3500,22.3300,22.3500,1600,0
SWJ.US,5,20131119,164500,22.3400,22.3400,22.3400,22.3400,850,0
SWJ.US,5,20131119,165500,22.3000,22.3000,22.2900,22.2900,1800,0
SWJ.US,5,20131119,170000,22.3200,22.3200,22.3200,22.3200,1290,0
SWJ.US,5,20131119,170500,22.3300,22.3300,22.3300,22.3300,430,0
SWJ.US,5,20131119,171000,22.3000,22.3200,22.3000,22.3000,2173,0
SWJ.US,5,20131119,171500,22.3000,22.3000,22.3000,22.3000,200,0
SWJ.US,5,20131119,172000,22.3200,22.3200,22.3200,22.3200,234,0
SWJ.US,5,20131119,172500,22.3300,22.3300,22.3000,22.3000,2100,0
SWJ.US,5,20131119,173000,22.3400,22.3700,22.3400,22.3400,600,0
SWJ.US,5,20131119,173500,22.3700,22.3800,22.3700,22.3800,1479,0
SWJ.US,5,20131119,174000,22.3300,22.3300,22.3300,22.3300,900,0
SWJ.US,5,20131119,174500,22.3400,22.3400,22.3400,22.3400,293,0
SWJ.US,5,20131119,175000,22.3700,22.3700,22.3700,22.3700,250,0
SWJ.US,5,20131119,175500,22.3700,22.3700,22.3700,22.3700,479,0
SWJ.US,5,20131119,180000,22.3200,22.3700,22.3200,22.3700,265,0
SWJ.US,5,20131119,181000,22.3500,22.3800,22.3500,22.3800,641,0
SWJ.US,5,20131119,182000,22.3800,22.3800,22.3800,22.3800,981,0
SWJ.US,5,20131119,182500,22.3700,22.3700,22.3700,22.3700,440,0
SWJ.US,5,20131119,183500,22.3800,22.3800,22.3800,22.3800,1200,0
SWJ.US,5,20131119,184000,22.3300,22.3400,22.3300,22.3400,1850,0
SWJ.US,5,20131119,191000,22.3700,22.3700,22.3600,22.3600,600,0
SWJ.US,5,20131119,200000,22.3300,22.3300,22.3300,22.3300,300,0
SWJ.US,5,20131119,200500,22.3300,22.3300,22.3300,22.3300,572,0
SWJ.US,5,20131119,201000,22.3100,22.3100,22.3100,22.3100,157,0
SWJ.US,5,20131119,201500,22.3100,22.3200,22.3100,22.3200,564,0
SWJ.US,5,20131119,203000,22.3000,22.3000,22.3000,22.3000,258,0
SWJ.US,5,20131119,203500,22.3300,22.3300,22.3300,22.3300,100,0
SWJ.US,5,20131119,204000,22.3300,22.3300,22.3300,22.3300,100,0
SWJ.US,5,20131119,204500,22.3300,22.3300,22.3300,22.3300,200,0
SWJ.US,5,20131119,205000,22.3400,22.3600,22.3400,22.3600,2700,0
SWJ.US,5,20131119,210000,22.3600,22.3600,22.3200,22.3600,770,0
SWJ.US,5,20131119,210500,22.3300,22.3300,22.3300,22.3300,180,0
SWJ.US,5,20131119,211000,22.3600,22.3700,22.3600,22.3700,1496,0
SWJ.US,5,20131119,211500,22.3300,22.3300,22.3300,22.3300,100,0
SWJ.US,5,20131119,212000,22.3500,22.3700,22.3300,22.3300,2382,0
SWJ.US,5,20131119,212500,22.3200,22.3200,22.3100,22.3100,1600,0
SWJ.US,5,20131119,213000,22.3600,22.3700,22.3600,22.3700,400,0
SWJ.US,5,20131119,213500,22.3600,22.3600,22.3400,22.3400,225,0
SWJ.US,5,20131119,214000,22.3600,22.3600,22.3300,22.3300,306,0
SWJ.US,5,20131119,214500,22.3400,22.3400,22.3400,22.3400,400,0
SWJ.US,5,20131119,215000,22.3200,22.3300,22.3200,22.3300,500,0
SWJ.US,5,20131119,220000,22.3500,22.3500,22.3100,22.3200,2220,0
SWJ.US,5,20131120,153500,22.3500,22.3500,22.3500,22.3500,600,0
SWJ.US,5,20131120,154500,22.3200,22.3200,22.3200,22.3200,507,0
SWJ.US,5,20131120,155000,22.3600,22.3600,22.3300,22.3300,700,0
SWJ.US,5,20131120,161000,22.3100,22.3700,22.3100,22.3300,3823,0
SWJ.US,5,20131120,161500,22.3300,22.3900,22.3300,22.3900,532,0
SWJ.US,5,20131120,162000,22.3300,22.3300,22.3300,22.3300,100,0
SWJ.US,5,20131120,164000,22.3900,22.3900,22.3900,22.3900,100,0
SWJ.US,5,20131120,164500,22.4200,22.4300,22.4200,22.4300,2000,0
SWJ.US,5,20131120,171500,22.4300,22.4300,22.4300,22.4300,100,0
SWJ.US,5,20131120,172500,22.4300,22.4300,22.4300,22.4300,100,0
SWJ.US,5,20131120,173500,22.4000,22.4300,22.4000,22.4300,677,0
SWJ.US,5,20131120,174000,22.4000,22.4100,22.4000,22.4000,1170,0
SWJ.US,5,20131120,174500,22.4000,22.4400,22.4000,22.4400,730,0
SWJ.US,5,20131120,175500,22.4000,22.4000,22.3600,22.3600,900,0
SWJ.US,5,20131120,180000,22.3700,22.3900,22.3700,22.3900,600,0
SWJ.US,5,20131120,182000,22.3900,22.3900,22.3900,22.3900,165,0
SWJ.US,5,20131120,183000,22.3700,22.3700,22.3700,22.3700,105,0
SWJ.US,5,20131120,184500,22.4000,22.4000,22.4000,22.4000,450,0
SWJ.US,5,20131120,185000,22.3700,22.3700,22.3700,22.3700,400,0
SWJ.US,5,20131120,191000,22.3800,22.3800,22.3800,22.3800,241,0
SWJ.US,5,20131120,191500,22.3700,22.3700,22.3700,22.3700,167,0
SWJ.US,5,20131120,192000,22.3700,22.3700,22.3700,22.3700,900,0
SWJ.US,5,20131120,192500,22.3700,22.3900,22.3700,22.3900,332,0
SWJ.US,5,20131120,193000,22.3700,22.3700,22.3700,22.3700,425,0
SWJ.US,5,20131120,193500,22.3700,22.3700,22.3400,22.3400,1882,0
SWJ.US,5,20131120,194500,22.3300,22.3300,22.3300,22.3300,330,0
SWJ.US,5,20131120,195000,22.3300,22.3300,22.3000,22.3000,4141,0
SWJ.US,5,20131120,195500,22.3100,22.3100,22.3100,22.3100,800,0
SWJ.US,5,20131120,200000,22.2900,22.2900,22.2100,22.2200,3300,0
SWJ.US,5,20131120,201500,22.2200,22.2200,22.2200,22.2200,120,0
SWJ.US,5,20131120,202000,22.2100,22.2400,22.2100,22.2400,1048,0
SWJ.US,5,20131120,202500,22.2200,22.2200,22.2100,22.2100,520,0
SWJ.US,5,20131120,203500,22.2600,22.2900,22.2100,22.2100,3500,0
SWJ.US,5,20131120,204000,22.2300,22.2300,22.2300,22.2300,100,0
SWJ.US,5,20131120,204500,22.2100,22.2200,22.2100,22.2100,404,0
SWJ.US,5,20131120,205000,22.2500,22.2500,22.2500,22.2500,500,0
SWJ.US,5,20131120,211000,22.1500,22.1500,22.1500,22.1500,100,0
SWJ.US,5,20131120,211500,22.1400,22.1400,22.1400,22.1400,235,0
SWJ.US,5,20131120,212000,22.1600,22.1600,22.1400,22.1400,279,0
SWJ.US,5,20131120,212500,22.1400,22.1400,22.1100,22.1100,645,0
SWJ.US,5,20131120,213000,22.1500,22.1900,22.1500,22.1900,543,0
SWJ.US,5,20131120,213500,22.1300,22.1300,22.1300,22.1300,229,0
SWJ.US,5,20131120,214000,22.1300,22.1300,22.1300,22.1300,1720,0
SWJ.US,5,20131120,214500,22.1600,22.1700,22.1600,22.1700,500,0
SWJ.US,5,20131120,215000,22.1400,22.1700,22.1400,22.1700,2918,0
SWJ.US,5,20131120,215500,22.1400,22.1700,22.1400,22.1500,2040,0
SWJ.US,5,20131120,220000,22.1500,22.1500,22.1400,22.1400,4328,0
SWJ.US,5,20131121,153500,22.1400,22.1400,22.1400,22.1400,300,0
SWJ.US,5,20131121,154000,22.1400,22.2800,22.1300,22.2000,3435,0
SWJ.US,5,20131121,154500,22.1400,22.1400,22.1000,22.1000,5200,0
SWJ.US,5,20131121,155000,22.0800,22.0800,22.0500,22.0500,2900,0
SWJ.US,5,20131121,155500,22.0500,22.0900,22.0500,22.0900,1768,0
SWJ.US,5,20131121,160000,22.1000,22.1000,22.1000,22.1000,508,0
SWJ.US,5,20131121,160500,22.1000,22.1000,22.0700,22.0700,700,0
SWJ.US,5,20131121,161500,22.0700,22.1000,22.0700,22.1000,5327,0
SWJ.US,5,20131121,162000,22.1000,22.1000,22.1000,22.1000,12088,0
SWJ.US,5,20131121,162500,22.1100,22.1100,22.1000,22.1000,1100,0
SWJ.US,5,20131121,163000,22.1300,22.1300,22.1300,22.1300,100,0
SWJ.US,5,20131121,163500,22.1300,22.1500,22.1000,22.1500,1300,0
SWJ.US,5,20131121,164000,22.1100,22.1100,22.1100,22.1100,550,0
SWJ.US,5,20131121,164500,22.1100,22.1500,22.1100,22.1200,840,0
SWJ.US,5,20131121,165000,22.1400,22.1400,22.1400,22.1400,300,0
SWJ.US,5,20131121,165500,22.1400,22.1400,22.1400,22.1400,400,0
SWJ.US,5,20131121,170000,22.1400,22.1500,22.1400,22.1500,900,0
SWJ.US,5,20131121,170500,22.1600,22.1600,22.1300,22.1300,300,0
SWJ.US,5,20131121,171000,22.1900,22.1900,22.1900,22.1900,700,0
SWJ.US,5,20131121,171500,22.1900,22.1900,22.1300,22.1300,1300,0
SWJ.US,5,20131121,172000,22.1900,22.1900,22.1500,22.1500,800,0
SWJ.US,5,20131121,173000,22.2000,22.2300,22.1800,22.1800,1050,0
SWJ.US,5,20131121,173500,22.2000,22.2000,22.1800,22.2000,700,0
SWJ.US,5,20131121,174500,22.2300,22.2300,22.1800,22.1800,700,0
SWJ.US,5,20131121,175000,22.2000,22.2000,22.2000,22.2000,570,0
SWJ.US,5,20131121,175500,22.2300,22.2300,22.2300,22.2300,225,0
SWJ.US,5,20131121,180000,22.2200,22.2200,22.2200,22.2200,200,0
SWJ.US,5,20131121,180500,22.2300,22.2300,22.2300,22.2300,350,0
SWJ.US,5,20131121,181000,22.2300,22.2300,22.2300,22.2300,170,0
SWJ.US,5,20131121,181500,22.2600,22.2700,22.2200,22.2200,600,0
SWJ.US,5,20131121,183000,22.2700,22.2700,22.2600,22.2600,375,0
SWJ.US,5,20131121,184000,22.2200,22.2300,22.2200,22.2300,400,0
SWJ.US,5,20131121,191500,22.2500,22.2500,22.2500,22.2500,800,0
SWJ.US,5,20131121,192000,22.2500,22.2500,22.2500,22.2500,500,0
SWJ.US,5,20131121,193000,22.2500,22.3200,22.2500,22.3200,1700,0
SWJ.US,5,20131121,194000,22.3100,22.3100,22.3000,22.3000,975,0
SWJ.US,5,20131121,194500,22.3100,22.3300,22.3100,22.3300,2865,0
SWJ.US,5,20131121,195000,22.3300,22.3300,22.3300,22.3300,400,0
SWJ.US,5,20131121,195500,22.3600,22.3900,22.3600,22.3900,3500,0
SWJ.US,5,20131121,200000,22.3700,22.3700,22.3100,22.3700,1939,0
SWJ.US,5,20131121,200500,22.3700,22.3700,22.3700,22.3700,332,0
SWJ.US,5,20131121,201000,22.3800,22.4000,22.3800,22.4000,1700,0
SWJ.US,5,20131121,201500,22.4000,22.4000,22.3800,22.3800,743,0
SWJ.US,5,20131121,202000,22.3800,22.3800,22.3800,22.3800,1714,0
SWJ.US,5,20131121,202500,22.3500,22.3500,22.3500,22.3500,300,0
SWJ.US,5,20131121,203000,22.4000,22.4000,22.3600,22.3600,300,0
SWJ.US,5,20131121,203500,22.4000,22.4000,22.4000,22.4000,300,0
SWJ.US,5,20131121,204500,22.4000,22.4000,22.4000,22.4000,6600,0
SWJ.US,5,20131121,205000,22.3600,22.3700,22.3600,22.3600,2359,0
SWJ.US,5,20131121,205500,22.4000,22.4000,22.3600,22.3700,1800,0
SWJ.US,5,20131121,210000,22.3600,22.4000,22.3600,22.3800,500,0
SWJ.US,5,20131121,210500,22.3900,22.4000,22.3300,22.4000,5400,0
SWJ.US,5,20131121,211000,22.4000,22.4000,22.3700,22.3700,1379,0
SWJ.US,5,20131121,211500,22.3800,22.4200,22.3800,22.4200,1600,0
SWJ.US,5,20131121,212000,22.3800,22.4400,22.3800,22.4400,1948,0
SWJ.US,5,20131121,212500,22.4500,22.4800,22.4200,22.4500,2240,0
SWJ.US,5,20131121,213000,22.4700,22.4800,22.4100,22.4700,1336,0
SWJ.US,5,20131121,213500,22.4700,22.4700,22.4700,22.4700,200,0
SWJ.US,5,20131121,214000,22.4200,22.4400,22.3800,22.4400,1250,0
SWJ.US,5,20131121,214500,22.4400,22.4600,22.4400,22.4600,1590,0
SWJ.US,5,20131121,215000,22.4500,22.4700,22.4300,22.4700,1950,0
SWJ.US,5,20131121,215500,22.4200,22.4700,22.4200,22.4300,600,0
SWJ.US,5,20131121,220000,22.4000,22.4500,22.4000,22.4000,6337,0
SWJ.US,5,20131122,153500,22.4400,22.4400,22.3300,22.3300,1000,0
SWJ.US,5,20131122,154000,22.3500,22.4100,22.3500,22.4100,950,0
SWJ.US,5,20131122,154500,22.4700,22.4700,22.4700,22.4700,100,0
SWJ.US,5,20131122,155000,22.4700,22.4900,22.4700,22.4800,2350,0
SWJ.US,5,20131122,155500,22.4800,22.4900,22.4800,22.4900,264,0
SWJ.US,5,20131122,160000,22.4800,22.4800,22.4700,22.4700,400,0
SWJ.US,5,20131122,160500,22.4600,22.4600,22.4500,22.4600,300,0
SWJ.US,5,20131122,161500,22.4700,22.4700,22.4700,22.4700,100,0
SWJ.US,5,20131122,162000,22.4800,22.4800,22.4800,22.4800,200,0
SWJ.US,5,20131122,162500,22.4800,22.4800,22.4800,22.4800,100,0
SWJ.US,5,20131122,163000,22.4800,22.4800,22.4800,22.4800,870,0
SWJ.US,5,20131122,163500,22.4900,22.4900,22.4600,22.4600,1450,0
SWJ.US,5,20131122,164500,22.4800,22.4800,22.4700,22.4800,700,0
SWJ.US,5,20131122,165000,22.4800,22.4800,22.4800,22.4800,290,0
SWJ.US,5,20131122,165500,22.4800,22.4800,22.4400,22.4500,2225,0
SWJ.US,5,20131122,170500,22.4300,22.4300,22.4100,22.4300,1650,0
SWJ.US,5,20131122,172000,22.4500,22.4500,22.4500,22.4500,100,0
SWJ.US,5,20131122,172500,22.4500,22.4500,22.4500,22.4500,100,0
SWJ.US,5,20131122,173000,22.4500,22.4500,22.4500,22.4500,200,0
SWJ.US,5,20131122,173500,22.4400,22.4500,22.4200,22.4500,2900,0
SWJ.US,5,20131122,174000,22.4500,22.4500,22.4500,22.4500,1000,0
SWJ.US,5,20131122,174500,22.4500,22.4700,22.4500,22.4700,2270,0
SWJ.US,5,20131122,175000,22.4700,22.4700,22.4700,22.4700,3200,0
SWJ.US,5,20131122,175500,22.4700,22.4700,22.4700,22.4700,775,0
SWJ.US,5,20131122,180000,22.4500,22.4500,22.4500,22.4500,111,0
SWJ.US,5,20131122,180500,22.4700,22.4700,22.4700,22.4700,300,0
SWJ.US,5,20131122,181000,22.4700,22.4700,22.4600,22.4700,860,0
SWJ.US,5,20131122,181500,22.4700,22.4700,22.4700,22.4700,100,0
SWJ.US,5,20131122,182000,22.4700,22.4700,22.4700,22.4700,947,0
SWJ.US,5,20131122,182500,22.4800,22.4800,22.4800,22.4800,400,0
SWJ.US,5,20131122,183000,22.4800,22.4800,22.4800,22.4800,100,0
SWJ.US,5,20131122,183500,22.4900,22.4900,22.4900,22.4900,292,0
SWJ.US,5,20131122,184000,22.4700,22.4900,22.4700,22.4900,200,0
SWJ.US,5,20131122,184500,22.4900,22.4900,22.4900,22.4900,100,0
SWJ.US,5,20131122,185000,22.4900,22.4900,22.4900,22.4900,100,0
SWJ.US,5,20131122,185500,22.4900,22.5000,22.4800,22.5000,4010,0
SWJ.US,5,20131122,190000,22.5000,22.5000,22.4800,22.5000,4478,0
SWJ.US,5,20131122,190500,22.4900,22.5400,22.4800,22.4800,4124,0
SWJ.US,5,20131122,191000,22.4900,22.5000,22.4900,22.5000,1592,0
SWJ.US,5,20131122,191500,22.5000,22.5000,22.5000,22.5000,755,0
SWJ.US,5,20131122,192000,22.5000,22.5000,22.5000,22.5000,800,0
SWJ.US,5,20131122,192500,22.4900,22.4900,22.4700,22.4800,2704,0
SWJ.US,5,20131122,193000,22.4900,22.5400,22.4900,22.5400,1096,0
SWJ.US,5,20131122,193500,22.5400,22.5400,22.5300,22.5300,700,0
SWJ.US,5,20131122,195000,22.5100,22.5100,22.5100,22.5100,1000,0
SWJ.US,5,20131122,200000,22.5400,22.5500,22.5300,22.5500,1580,0
SWJ.US,5,20131122,200500,22.5400,22.5400,22.5200,22.5200,858,0
SWJ.US,5,20131122,202500,22.5500,22.5500,22.5500,22.5500,827,0
SWJ.US,5,20131122,203000,22.5300,22.5500,22.5300,22.5500,600,0
SWJ.US,5,20131122,204000,22.5700,22.6300,22.5700,22.6300,2550,0
SWJ.US,5,20131122,204500,22.6300,22.6300,22.6300,22.6300,4000,0
SWJ.US,5,20131122,205500,22.6300,22.6400,22.6300,22.6400,600,0
SWJ.US,5,20131122,210500,22.6400,22.6400,22.6300,22.6300,1100,0
SWJ.US,5,20131122,211000,22.6400,22.6500,22.6400,22.6500,750,0
SWJ.US,5,20131122,211500,22.6500,22.6500,22.6000,22.6000,4113,0
SWJ.US,5,20131122,212000,22.5800,22.6000,22.5800,22.6000,4490,0
SWJ.US,5,20131122,212500,22.6000,22.6000,22.6000,22.6000,200,0
SWJ.US,5,20131122,213500,22.5800,22.5800,22.5800,22.5800,700,0
SWJ.US,5,20131122,214000,22.5800,22.5800,22.5800,22.5800,400,0
SWJ.US,5,20131122,214500,22.5800,22.6000,22.5800,22.6000,3845,0
SWJ.US,5,20131122,215000,22.6000,22.6400,22.5700,22.5900,6464,0
SWJ.US,5,20131122,215500,22.5900,22.5900,22.5700,22.5700,2500,0
SWJ.US,5,20131122,220000,22.5700,22.6000,22.5700,22.6000,6685,0
SWJ.US,5,20131122,220500,22.5800,22.5800,22.5800,22.5800,8379,0
SWJ.US,5,20131125,153500,22.4500,22.4500,22.4400,22.4400,1123,0
SWJ.US,5,20131125,154000,22.4500,22.4500,22.4400,22.4500,4350,0
SWJ.US,5,20131125,154500,22.4300,22.4400,22.4200,22.4200,2300,0
SWJ.US,5,20131125,155000,22.4500,22.4500,22.4400,22.4400,700,0
SWJ.US,5,20131125,155500,22.4400,22.4400,22.3800,22.3800,700,0
SWJ.US,5,20131125,160000,22.4300,22.4300,22.4300,22.4300,1400,0
SWJ.US,5,20131125,160500,22.4000,22.4000,22.4000,22.4000,500,0
SWJ.US,5,20131125,161000,22.4300,22.4300,22.4200,22.4200,300,0
SWJ.US,5,20131125,161500,22.4100,22.4100,22.4100,22.4100,412,0
SWJ.US,5,20131125,162000,22.4300,22.4300,22.4000,22.4000,611,0
SWJ.US,5,20131125,163000,22.4000,22.4000,22.4000,22.4000,700,0
SWJ.US,5,20131125,163500,22.4200,22.4500,22.4200,22.4500,5273,0
SWJ.US,5,20131125,164000,22.4500,22.4500,22.4500,22.4500,743,0
SWJ.US,5,20131125,164500,22.4500,22.4900,22.4500,22.4900,7950,0
SWJ.US,5,20131125,165000,22.4900,22.4900,22.4600,22.4600,2108,0
SWJ.US,5,20131125,171500,22.4600,22.4900,22.4600,22.4900,6100,0
SWJ.US,5,20131125,172000,22.4900,22.4900,22.4900,22.4900,1900,0
SWJ.US,5,20131125,173000,22.4800,22.4800,22.4800,22.4800,250,0
SWJ.US,5,20131125,174000,22.4600,22.4600,22.4600,22.4600,1000,0
SWJ.US,5,20131125,174500,22.4600,22.4600,22.4600,22.4600,1760,0
SWJ.US,5,20131125,181500,22.4800,22.4800,22.4600,22.4600,412,0
SWJ.US,5,20131125,182000,22.4600,22.4600,22.4600,22.4600,190,0
SWJ.US,5,20131125,183000,22.4600,22.4600,22.4500,22.4500,1850,0
SWJ.US,5,20131125,183500,22.4700,22.4700,22.4700,22.4700,300,0
SWJ.US,5,20131125,184000,22.4700,22.4700,22.4700,22.4700,400,0
SWJ.US,5,20131125,185500,22.4700,22.4700,22.4700,22.4700,200,0
SWJ.US,5,20131125,190500,22.4600,22.4600,22.4500,22.4500,597,0
SWJ.US,5,20131125,191000,22.4600,22.4600,22.4600,22.4600,151,0
SWJ.US,5,20131125,192500,22.4800,22.4800,22.4800,22.4800,914,0
SWJ.US,5,20131125,193000,22.4500,22.4800,22.4500,22.4800,3392,0
SWJ.US,5,20131125,193500,22.4600,22.4600,22.4600,22.4600,100,0
SWJ.US,5,20131125,194000,22.4600,22.4600,22.4600,22.4600,800,0
SWJ.US,5,20131125,194500,22.4600,22.4800,22.4500,22.4500,946,0
SWJ.US,5,20131125,195000,22.4500,22.4500,22.4500,22.4500,644,0
SWJ.US,5,20131125,195500,22.4500,22.4500,22.4500,22.4500,1550,0
SWJ.US,5,20131125,200500,22.4700,22.4700,22.4500,22.4500,700,0
SWJ.US,5,20131125,201000,22.4800,22.4800,22.4600,22.4600,1350,0
SWJ.US,5,20131125,201500,22.4800,22.4800,22.4800,22.4800,3500,0
SWJ.US,5,20131125,202500,22.4700,22.4800,22.4700,22.4800,1100,0
SWJ.US,5,20131125,203000,22.4800,22.4800,22.4800,22.4800,500,0
SWJ.US,5,20131125,203500,22.4700,22.4700,22.4700,22.4700,200,0
SWJ.US,5,20131125,204000,22.4700,22.4700,22.4700,22.4700,3089,0
SWJ.US,5,20131125,210000,22.4800,22.4900,22.4700,22.4800,4313,0
SWJ.US,5,20131125,210500,22.4900,22.5000,22.4900,22.5000,1534,0
SWJ.US,5,20131125,211000,22.4800,22.4800,22.4800,22.4800,250,0
SWJ.US,5,20131125,211500,22.5000,22.5000,22.4900,22.5000,952,0
SWJ.US,5,20131125,212000,22.5000,22.5000,22.4800,22.5000,2655,0
SWJ.US,5,20131125,212500,22.5000,22.5000,22.5000,22.5000,7761,0
SWJ.US,5,20131125,213000,22.5300,22.5400,22.5000,22.5100,1670,0
SWJ.US,5,20131125,214000,22.5000,22.5000,22.4900,22.4900,2323,0
SWJ.US,5,20131125,214500,22.4900,22.4900,22.4800,22.4800,900,0
SWJ.US,5,20131125,215000,22.4900,22.5000,22.4900,22.5000,880,0
SWJ.US,5,20131125,215500,22.5000,22.5000,22.5000,22.5000,986,0
SWJ.US,5,20131125,220000,22.5000,22.5000,22.5000,22.5000,3530,0
SWJ.US,5,20131126,153500,22.5500,22.5500,22.5500,22.5500,200,0
SWJ.US,5,20131126,154000,22.4900,22.5200,22.4800,22.4800,2786,0
SWJ.US,5,20131126,154500,22.5400,22.5400,22.5400,22.5400,200,0
SWJ.US,5,20131126,155500,22.5900,22.5900,22.5900,22.5900,220,0
SWJ.US,5,20131126,160500,22.5400,22.5400,22.5400,22.5400,500,0
SWJ.US,5,20131126,161000,22.5400,22.5500,22.5400,22.5500,2200,0
SWJ.US,5,20131126,162000,22.5400,22.5400,22.5400,22.5400,395,0
SWJ.US,5,20131126,162500,22.5400,22.5400,22.5200,22.5200,795,0
SWJ.US,5,20131126,163000,22.5000,22.5800,22.5000,22.5800,2063,0
SWJ.US,5,20131126,164000,22.5300,22.5300,22.5300,22.5300,136,0
SWJ.US,5,20131126,164500,22.5000,22.5000,22.4700,22.4800,1900,0
SWJ.US,5,20131126,165000,22.4800,22.4800,22.4100,22.4200,6500,0
SWJ.US,5,20131126,165500,22.4400,22.4400,22.4000,22.4000,1000,0
SWJ.US,5,20131126,170000,22.4600,22.4900,22.4600,22.4900,2156,0
SWJ.US,5,20131126,171000,22.5000,22.5400,22.5000,22.5400,1600,0
SWJ.US,5,20131126,171500,22.5400,22.5700,22.5400,22.5700,2400,0
SWJ.US,5,20131126,172000,22.5900,22.6500,22.5900,22.6500,3832,0
SWJ.US,5,20131126,172500,22.6000,22.6000,22.6000,22.6000,1000,0
SWJ.US,5,20131126,173000,22.6000,22.6500,22.6000,22.6500,3300,0
SWJ.US,5,20131126,173500,22.6500,22.6600,22.6500,22.6600,200,0
SWJ.US,5,20131126,174000,22.6500,22.6500,22.6500,22.6500,514,0
SWJ.US,5,20131126,174500,22.6800,22.7100,22.6700,22.6700,6500,0
SWJ.US,5,20131126,175000,22.7000,22.7000,22.7000,22.7000,350,0
SWJ.US,5,20131126,175500,22.6500,22.6500,22.6500,22.6500,1000,0
SWJ.US,5,20131126,180000,22.6500,22.6700,22.6400,22.6400,1100,0
SWJ.US,5,20131126,180500,22.6700,22.6700,22.6700,22.6700,1000,0
SWJ.US,5,20131126,181000,22.6600,22.6600,22.6600,22.6600,1000,0
SWJ.US,5,20131126,181500,22.6400,22.6500,22.6400,22.6500,1800,0
SWJ.US,5,20131126,182000,22.6500,22.6500,22.6500,22.6500,500,0
SWJ.US,5,20131126,182500,22.6400,22.6500,22.6400,22.6500,2395,0
SWJ.US,5,20131126,183000,22.6700,22.6700,22.6700,22.6700,250,0
SWJ.US,5,20131126,183500,22.6400,22.6400,22.6400,22.6400,105,0
SWJ.US,5,20131126,184000,22.6700,22.6700,22.6500,22.6500,1188,0
SWJ.US,5,20131126,184500,22.6400,22.6400,22.6400,22.6400,200,0
SWJ.US,5,20131126,191000,22.6500,22.6500,22.6500,22.6500,650,0
SWJ.US,5,20131126,192000,22.6500,22.6500,22.6500,22.6500,1633,0
SWJ.US,5,20131126,192500,22.6500,22.6500,22.6500,22.6500,1670,0
SWJ.US,5,20131126,194500,22.6500,22.6500,22.6500,22.6500,2510,0
SWJ.US,5,20131126,195500,22.6700,22.6700,22.6600,22.6600,1000,0
SWJ.US,5,20131126,201000,22.6500,22.6700,22.6500,22.6500,2900,0
SWJ.US,5,20131126,201500,22.6500,22.6500,22.6200,22.6200,69240,0
SWJ.US,5,20131126,202500,22.6400,22.6400,22.6300,22.6300,416,0
SWJ.US,5,20131126,203000,22.6500,22.6500,22.6500,22.6500,2000,0
SWJ.US,5,20131126,203500,22.6300,22.6300,22.6300,22.6300,400,0
SWJ.US,5,20131126,204000,22.6200,22.6300,22.6200,22.6300,523,0
SWJ.US,5,20131126,205000,22.6500,22.6500,22.6500,22.6500,350,0
SWJ.US,5,20131126,210000,22.6400,22.6400,22.6300,22.6300,397,0
SWJ.US,5,20131126,211000,22.6200,22.6200,22.6200,22.6200,1829,0
SWJ.US,5,20131126,211500,22.6200,22.6200,22.6000,22.6000,700,0
SWJ.US,5,20131126,212000,22.6200,22.6200,22.6200,22.6200,100,0
SWJ.US,5,20131126,213000,22.6200,22.6200,22.6100,22.6100,400,0
SWJ.US,5,20131126,214000,22.6100,22.6100,22.5200,22.5300,12797,0
SWJ.US,5,20131126,214500,22.5300,22.5900,22.5300,22.5800,3800,0
SWJ.US,5,20131126,215000,22.5600,22.5900,22.5600,22.5900,1650,0
SWJ.US,5,20131126,215500,22.5500,22.5500,22.5500,22.5500,700,0
SWJ.US,5,20131126,220000,22.5600,22.6200,22.5600,22.6200,1000,0
SWJ.US,5,20131127,153500,22.5800,22.6300,22.5800,22.6300,500,0
SWJ.US,5,20131127,154000,22.6700,22.7500,22.6600,22.7300,14806,0
SWJ.US,5,20131127,154500,22.6700,22.6700,22.6700,22.6700,300,0
SWJ.US,5,20131127,155000,22.6200,22.6200,22.6100,22.6200,2200,0
SWJ.US,5,20131127,155500,22.6600,22.6600,22.6600,22.6600,218,0
SWJ.US,5,20131127,160500,22.7200,22.7200,22.7200,22.7200,100,0
SWJ.US,5,20131127,161500,22.6600,22.6600,22.6600,22.6600,275,0
SWJ.US,5,20131127,162000,22.6400,22.6400,22.6200,22.6200,3068,0
SWJ.US,5,20131127,162500,22.6300,22.6300,22.6200,22.6200,2100,0
SWJ.US,5,20131127,163000,22.6200,22.6200,22.6000,22.6000,1200,0
SWJ.US,5,20131127,164000,22.6300,22.6400,22.6300,22.6300,300,0
SWJ.US,5,20131127,164500,22.6100,22.6700,22.6100,22.6200,650,0
SWJ.US,5,20131127,165000,22.6400,22.6500,22.6400,22.6500,200,0
SWJ.US,5,20131127,165500,22.6700,22.6700,22.6500,22.6500,1300,0
SWJ.US,5,20131127,170500,22.6500,22.6500,22.6400,22.6400,1100,0
SWJ.US,5,20131127,171000,22.6200,22.6200,22.6200,22.6200,194,0
SWJ.US,5,20131127,171500,22.6600,22.6600,22.6600,22.6600,200,0
SWJ.US,5,20131127,172000,22.6300,22.6300,22.6200,22.6200,5300,0
SWJ.US,5,20131127,173000,22.6500,22.6500,22.6400,22.6400,6537,0
SWJ.US,5,20131127,174000,22.6200,22.6200,22.6200,22.6200,4000,0
SWJ.US,5,20131127,174500,22.6400,22.6400,22.6000,22.6000,4400,0
SWJ.US,5,20131127,175000,22.6400,22.6400,22.6400,22.6400,834,0
SWJ.US,5,20131127,175500,22.6000,22.6400,22.6000,22.6400,452,0
SWJ.US,5,20131127,180000,22.6400,22.6400,22.6400,22.6400,1100,0
SWJ.US,5,20131127,180500,22.6000,22.6000,22.6000,22.6000,600,0
SWJ.US,5,20131127,181000,22.6000,22.6000,22.6000,22.6000,645,0
SWJ.US,5,20131127,181500,22.5900,22.5900,22.5900,22.5900,617,0
SWJ.US,5,20131127,182000,22.6000,22.6000,22.6000,22.6000,200,0
SWJ.US,5,20131127,182500,22.5900,22.5900,22.5900,22.5900,221,0
SWJ.US,5,20131127,183500,22.5900,22.5900,22.5900,22.5900,1100,0
SWJ.US,5,20131127,184500,22.5900,22.5900,22.5900,22.5900,120,0
SWJ.US,5,20131127,190000,22.6000,22.6000,22.5800,22.5800,4600,0
SWJ.US,5,20131127,190500,22.5800,22.5800,22.5800,22.5800,400,0
SWJ.US,5,20131127,191000,22.5800,22.5800,22.5800,22.5800,200,0
SWJ.US,5,20131127,191500,22.5600,22.5600,22.5400,22.5400,1510,0
SWJ.US,5,20131127,192000,22.5300,22.5300,22.5300,22.5300,200,0
SWJ.US,5,20131127,192500,22.5300,22.5300,22.5000,22.5000,2085,0
SWJ.US,5,20131127,193000,22.5100,22.6300,22.5100,22.5100,12510,0
SWJ.US,5,20131127,193500,22.5200,22.5300,22.5000,22.5000,1292,0
SWJ.US,5,20131127,194000,22.5000,22.5800,22.5000,22.5800,3827,0
SWJ.US,5,20131127,195000,22.5800,22.5800,22.5800,22.5800,1300,0
SWJ.US,5,20131127,195500,22.5700,22.5700,22.5700,22.5700,200,0
SWJ.US,5,20131127,200000,22.5800,22.5800,22.5800,22.5800,463,0
SWJ.US,5,20131127,200500,22.5900,22.5900,22.5900,22.5900,463,0
SWJ.US,5,20131127,201000,22.5600,22.5600,22.5600,22.5600,200,0
SWJ.US,5,20131127,202000,22.5600,22.5600,22.5600,22.5600,172,0
SWJ.US,5,20131127,204500,22.5800,22.5800,22.5800,22.5800,275,0
SWJ.US,5,20131127,205000,22.5700,22.5700,22.5700,22.5700,333,0
SWJ.US,5,20131127,205500,22.5600,22.5600,22.5600,22.5600,100,0
SWJ.US,5,20131127,210000,22.5900,22.5900,22.5900,22.5900,100,0
SWJ.US,5,20131127,212000,22.5700,22.5800,22.5700,22.5800,1150,0
SWJ.US,5,20131127,213500,22.5800,22.5800,22.5800,22.5800,500,0
SWJ.US,5,20131127,214000,22.5800,22.5800,22.5800,22.5800,250,0
SWJ.US,5,20131127,214500,22.5800,22.5900,22.5800,22.5900,246,0
SWJ.US,5,20131127,215000,22.5800,22.5800,22.5800,22.5800,100,0
SWJ.US,5,20131127,220000,22.5900,22.6000,22.5900,22.6000,1108,0
SWJ.US,5,20131129,153500,22.5300,22.5600,22.5300,22.5600,400,0
SWJ.US,5,20131129,154000,22.6200,22.6200,22.5400,22.5400,1100,0
SWJ.US,5,20131129,155000,22.6000,22.6000,22.6000,22.6000,435,0
SWJ.US,5,20131129,160000,22.6200,22.6200,22.6200,22.6200,1000,0
SWJ.US,5,20131129,162000,22.6200,22.6200,22.6200,22.6200,1000,0
SWJ.US,5,20131129,162500,22.5800,22.6200,22.5800,22.6200,1300,0
SWJ.US,5,20131129,163500,22.6200,22.6200,22.6200,22.6200,600,0
SWJ.US,5,20131129,164000,22.6200,22.6200,22.5800,22.6200,2632,0
SWJ.US,5,20131129,165000,22.6200,22.6200,22.6200,22.6200,370,0
SWJ.US,5,20131129,171500,22.6300,22.6300,22.6300,22.6300,1000,0
SWJ.US,5,20131129,172000,22.6300,22.6300,22.6300,22.6300,1418,0
SWJ.US,5,20131129,172500,22.6000,22.6000,22.6000,22.6000,100,0
SWJ.US,5,20131129,175500,22.6200,22.6200,22.6200,22.6200,1000,0
SWJ.US,5,20131129,181000,22.6000,22.6000,22.6000,22.6000,1300,0
SWJ.US,5,20131129,181500,22.6200,22.6400,22.6200,22.6400,1900,0
SWJ.US,5,20131129,182000,22.6400,22.6400,22.6400,22.6400,1000,0
SWJ.US,5,20131129,182500,22.6200,22.6200,22.5900,22.5900,1704,0
SWJ.US,5,20131129,183000,22.5900,22.5900,22.5900,22.5900,200,0
SWJ.US,5,20131129,183500,22.6100,22.6100,22.6100,22.6100,300,0
SWJ.US,5,20131129,184500,22.6100,22.6100,22.6100,22.6100,300,0
SWJ.US,5,20131129,185000,22.6000,22.6200,22.6000,22.6200,1500,0
SWJ.US,5,20131129,185500,22.6100,22.6100,22.6100,22.6100,300,0
SWJ.US,5,20131129,190000,22.6100,22.6200,22.6100,22.6200,541,0
SWJ.US,5,20131129,190500,22.5900,22.5900,22.5900,22.5900,1300,0
SWJ.US,5,20131202,155000,22.6300,22.6300,22.6200,22.6200,400,0
SWJ.US,5,20131202,155500,22.6100,22.6100,22.6100,22.6100,300,0
SWJ.US,5,20131202,160000,22.6000,22.6000,22.6000,22.6000,400,0
SWJ.US,5,20131202,160500,22.6000,22.6000,22.5800,22.5800,2300,0
SWJ.US,5,20131202,161000,22.5800,22.5800,22.5800,22.5800,1500,0
SWJ.US,5,20131202,161500,22.5700,22.5800,22.5500,22.5500,4300,0
SWJ.US,5,20131202,162000,22.5500,22.5500,22.5100,22.5100,3170,0
SWJ.US,5,20131202,162500,22.5100,22.5100,22.4600,22.4600,1750,0
SWJ.US,5,20131202,163000,22.4900,22.4900,22.4600,22.4900,2329,0
SWJ.US,5,20131202,164500,22.4800,22.4800,22.4800,22.4800,750,0
SWJ.US,5,20131202,165500,22.5200,22.5200,22.5100,22.5100,2000,0
SWJ.US,5,20131202,170000,22.4800,22.4800,22.4800,22.4800,1000,0
SWJ.US,5,20131202,171000,22.4800,22.4800,22.4800,22.4800,1100,0
SWJ.US,5,20131202,171500,22.4800,22.4800,22.4500,22.4800,2300,0
SWJ.US,5,20131202,172000,22.4800,22.4800,22.4400,22.4400,5001,0
SWJ.US,5,20131202,173000,22.4800,22.4800,22.4400,22.4400,425,0
SWJ.US,5,20131202,174000,22.4500,22.4500,22.4500,22.4500,100,0
SWJ.US,5,20131202,175000,22.4200,22.4200,22.4200,22.4200,1150,0
SWJ.US,5,20131202,175500,22.4200,22.4500,22.4100,22.4500,1605,0
SWJ.US,5,20131202,180000,22.4200,22.4200,22.4200,22.4200,1000,0
SWJ.US,5,20131202,180500,22.4200,22.4200,22.3800,22.3900,4760,0
SWJ.US,5,20131202,181000,22.4000,22.4000,22.4000,22.4000,280,0
SWJ.US,5,20131202,181500,22.4000,22.4000,22.4000,22.4000,140,0
SWJ.US,5,20131202,182000,22.4400,22.4400,22.4400,22.4400,150,0
SWJ.US,5,20131202,183000,22.4100,22.4100,22.4100,22.4100,1300,0
SWJ.US,5,20131202,183500,22.4400,22.4400,22.4000,22.4000,950,0
SWJ.US,5,20131202,184000,22.4000,22.4000,22.4000,22.4000,2000,0
SWJ.US,5,20131202,184500,22.4200,22.4200,22.4200,22.4200,660,0
SWJ.US,5,20131202,185000,22.4200,22.4500,22.4200,22.4500,2136,0
SWJ.US,5,20131202,190000,22.4200,22.4200,22.4200,22.4200,400,0
SWJ.US,5,20131202,190500,22.4200,22.4200,22.4200,22.4200,1000,0
SWJ.US,5,20131202,191000,22.4200,22.4200,22.4200,22.4200,700,0
SWJ.US,5,20131202,193000,22.4500,22.4500,22.4200,22.4200,400,0
SWJ.US,5,20131202,194500,22.4200,22.4300,22.4200,22.4300,1293,0
SWJ.US,5,20131202,195500,22.4000,22.4100,22.4000,22.4100,1800,0
SWJ.US,5,20131202,200500,22.4000,22.4000,22.4000,22.4000,1100,0
SWJ.US,5,20131202,201000,22.4000,22.4000,22.4000,22.4000,100,0
SWJ.US,5,20131202,201500,22.4000,22.4100,22.4000,22.4100,825,0
SWJ.US,5,20131202,203000,22.4100,22.4100,22.4100,22.4100,450,0
SWJ.US,5,20131202,203500,22.4000,22.4000,22.4000,22.4000,308,0
SWJ.US,5,20131202,205500,22.4200,22.4200,22.4200,22.4200,300,0
SWJ.US,5,20131202,210000,22.4100,22.4100,22.3900,22.3900,1500,0
SWJ.US,5,20131202,211500,22.4200,22.4200,22.4200,22.4200,600,0
SWJ.US,5,20131202,212000,22.4100,22.4100,22.4100,22.4100,200,0
SWJ.US,5,20131202,212500,22.4100,22.4100,22.4100,22.4100,171,0
SWJ.US,5,20131202,213000,22.4000,22.4000,22.3900,22.4000,786,0
SWJ.US,5,20131202,213500,22.4000,22.4200,22.4000,22.4200,2850,0
SWJ.US,5,20131202,214000,22.4200,22.4200,22.3900,22.3900,900,0
SWJ.US,5,20131202,214500,22.4000,22.4000,22.3700,22.3700,470,0
SWJ.US,5,20131202,215000,22.3900,22.4000,22.3500,22.3500,1400,0
SWJ.US,5,20131202,215500,22.3600,22.3800,22.3600,22.3800,500,0
SWJ.US,5,20131202,220000,22.3900,22.3900,22.3500,22.3500,400,0
SWJ.US,5,20131203,153500,22.3800,22.4300,22.3800,22.4300,600,0
SWJ.US,5,20131203,154000,22.4100,22.4200,22.3800,22.4200,3090,0
SWJ.US,5,20131203,155000,22.4000,22.4000,22.3900,22.3900,1200,0
SWJ.US,5,20131203,155500,22.3800,22.4000,22.3500,22.4000,1000,0
SWJ.US,5,20131203,161000,22.4000,22.4000,22.4000,22.4000,1330,0
SWJ.US,5,20131203,161500,22.3800,22.3900,22.3800,22.3900,262,0
SWJ.US,5,20131203,162000,22.3800,22.3900,22.3800,22.3800,1057,0
SWJ.US,5,20131203,162500,22.3800,22.4100,22.3800,22.4100,4840,0
SWJ.US,5,20131203,163000,22.4400,22.4400,22.4400,22.4400,300,0
SWJ.US,5,20131203,164500,22.4300,22.4600,22.4300,22.4300,876,0
SWJ.US,5,20131203,165000,22.4500,22.4500,22.4300,22.4300,200,0
SWJ.US,5,20131203,170000,22.4300,22.4400,22.4100,22.4300,2540,0
SWJ.US,5,20131203,170500,22.4300,22.4300,22.4300,22.4300,100,0
SWJ.US,5,20131203,172000,22.4600,22.4600,22.4500,22.4500,1097,0
SWJ.US,5,20131203,172500,22.4600,22.4600,22.4200,22.4200,2400,0
SWJ.US,5,20131203,173000,22.4300,22.4300,22.4100,22.4100,233,0
SWJ.US,5,20131203,173500,22.4300,22.4400,22.4300,22.4400,349,0
SWJ.US,5,20131203,174500,22.4200,22.4400,22.4200,22.4400,950,0
SWJ.US,5,20131203,175000,22.4400,22.4400,22.4100,22.4100,1640,0
SWJ.US,5,20131203,175500,22.4400,22.4400,22.4400,22.4400,500,0
SWJ.US,5,20131203,180000,22.4200,22.4400,22.4100,22.4100,1730,0
SWJ.US,5,20131203,180500,22.4100,22.4300,22.4100,22.4300,346,0
SWJ.US,5,20131203,181000,22.4300,22.4400,22.4300,22.4400,424,0
SWJ.US,5,20131203,181500,22.4300,22.4300,22.4300,22.4300,100,0
SWJ.US,5,20131203,182500,22.4400,22.4400,22.4400,22.4400,150,0
SWJ.US,5,20131203,183000,22.4200,22.4400,22.4200,22.4400,441,0
SWJ.US,5,20131203,183500,22.4400,22.4400,22.4200,22.4200,1171,0
SWJ.US,5,20131203,184500,22.4100,22.4300,22.4100,22.4300,912,0
SWJ.US,5,20131203,185000,22.4400,22.4400,22.4400,22.4400,600,0
SWJ.US,5,20131203,185500,22.4500,22.4500,22.4500,22.4500,265,0
SWJ.US,5,20131203,190000,22.4500,22.4600,22.4500,22.4600,200,0
SWJ.US,5,20131203,190500,22.4500,22.4500,22.4500,22.4500,136,0
SWJ.US,5,20131203,191000,22.4600,22.4600,22.4600,22.4600,100,0
SWJ.US,5,20131203,191500,22.4600,22.4600,22.4600,22.4600,270,0
SWJ.US,5,20131203,192500,22.4600,22.4600,22.4600,22.4600,100,0
SWJ.US,5,20131203,193000,22.4500,22.4600,22.4500,22.4600,1550,0
SWJ.US,5,20131203,193500,22.4500,22.4600,22.4500,22.4600,750,0
SWJ.US,5,20131203,194500,22.4400,22.4600,22.4400,22.4400,2969,0
SWJ.US,5,20131203,195500,22.4300,22.4300,22.4300,22.4300,362,0
SWJ.US,5,20131203,200000,22.4300,22.4500,22.4300,22.4500,1432,0
SWJ.US,5,20131203,200500,22.4300,22.4300,22.4300,22.4300,650,0
SWJ.US,5,20131203,201500,22.4100,22.4300,22.4100,22.4100,700,0
SWJ.US,5,20131203,202000,22.4100,22.4100,22.4100,22.4100,200,0
SWJ.US,5,20131203,202500,22.4100,22.4100,22.4100,22.4100,200,0
SWJ.US,5,20131203,203000,22.4100,22.4100,22.3900,22.3900,620,0
SWJ.US,5,20131203,203500,22.4200,22.4200,22.4200,22.4200,200,0
SWJ.US,5,20131203,204000,22.4000,22.4000,22.4000,22.4000,236,0
SWJ.US,5,20131203,204500,22.4200,22.4200,22.4200,22.4200,200,0
SWJ.US,5,20131203,205000,22.4000,22.4000,22.3900,22.3900,700,0
SWJ.US,5,20131203,210000,22.4000,22.4000,22.4000,22.4000,1153,0
SWJ.US,5,20131203,210500,22.4100,22.4400,22.3900,22.3900,4571,0
SWJ.US,5,20131203,211000,22.4400,22.4500,22.3900,22.4000,14430,0
SWJ.US,5,20131203,211500,22.4000,22.4000,22.4000,22.4000,100,0
SWJ.US,5,20131203,212500,22.3900,22.4400,22.3900,22.4400,1380,0
SWJ.US,5,20131203,213500,22.3900,22.3900,22.3900,22.3900,190,0
SWJ.US,5,20131203,214000,22.4100,22.4100,22.3900,22.3900,560,0
SWJ.US,5,20131203,214500,22.4000,22.4600,22.3900,22.4200,3332,0
SWJ.US,5,20131203,215000,22.4600,22.4800,22.4200,22.4200,6700,0
SWJ.US,5,20131203,215500,22.4200,22.4200,22.3600,22.4100,2107,0
SWJ.US,5,20131203,220000,22.3600,22.4000,22.3600,22.4000,739,0
SWJ.US,5,20131203,220500,22.4100,22.4100,22.4100,22.4100,312,0
SWJ.US,5,20131204,153500,22.2700,22.2700,22.2400,22.2400,2200,0
SWJ.US,5,20131204,154500,22.2900,22.2900,22.2500,22.2500,2628,0
SWJ.US,5,20131204,155000,22.2200,22.2200,22.2200,22.2200,2000,0
SWJ.US,5,20131204,155500,22.2300,22.2300,22.2300,22.2300,350,0
SWJ.US,5,20131204,160000,22.2300,22.2500,22.2300,22.2500,1200,0
SWJ.US,5,20131204,160500,22.2400,22.2900,22.2400,22.2900,4651,0
SWJ.US,5,20131204,161000,22.3000,22.3000,22.3000,22.3000,2000,0
SWJ.US,5,20131204,164000,22.2500,22.2500,22.2500,22.2500,200,0
SWJ.US,5,20131204,165000,22.2800,22.2800,22.2400,22.2400,1212,0
SWJ.US,5,20131204,165500,22.2800,22.2800,22.2800,22.2800,488,0
SWJ.US,5,20131204,170500,22.2700,22.2800,22.2700,22.2800,502,0
SWJ.US,5,20131204,171000,22.2600,22.2600,22.2600,22.2600,875,0
SWJ.US,5,20131204,172000,22.2300,22.2400,22.2300,22.2400,900,0
SWJ.US,5,20131204,173000,22.3000,22.3000,22.3000,22.3000,200,0
SWJ.US,5,20131204,174000,22.2300,22.2300,22.2300,22.2300,2000,0
SWJ.US,5,20131204,174500,22.2300,22.2300,22.2300,22.2300,1400,0
SWJ.US,5,20131204,175000,22.2300,22.2300,22.2300,22.2300,200,0
SWJ.US,5,20131204,175500,22.2300,22.2300,22.2100,22.2100,1100,0
SWJ.US,5,20131204,180500,22.2100,22.2400,22.2100,22.2400,1300,0
SWJ.US,5,20131204,181000,22.2100,22.2100,22.2100,22.2100,485,0
SWJ.US,5,20131204,181500,22.2100,22.2100,22.2100,22.2100,1800,0
SWJ.US,5,20131204,182000,22.1800,22.1900,22.1800,22.1900,2800,0
SWJ.US,5,20131204,182500,22.1900,22.1900,22.1900,22.1900,900,0
SWJ.US,5,20131204,183000,22.2000,22.2000,22.1900,22.1900,471,0
SWJ.US,5,20131204,183500,22.2000,22.2000,22.2000,22.2000,400,0
SWJ.US,5,20131204,184000,22.2000,22.2000,22.1500,22.1500,678,0
SWJ.US,5,20131204,185500,22.1500,22.2100,22.1500,22.2100,2775,0
SWJ.US,5,20131204,190000,22.1500,22.2000,22.1500,22.2000,1550,0
SWJ.US,5,20131204,190500,22.1900,22.1900,22.1900,22.1900,100,0
SWJ.US,5,20131204,191500,22.1500,22.1500,22.1500,22.1500,820,0
SWJ.US,5,20131204,192000,22.1500,22.1500,22.1400,22.1400,1125,0
SWJ.US,5,20131204,192500,22.1100,22.1100,22.1000,22.1000,1462,0
SWJ.US,5,20131204,193000,22.1000,22.1000,22.1000,22.1000,100,0
SWJ.US,5,20131204,193500,22.1200,22.1200,22.1200,22.1200,1100,0
SWJ.US,5,20131204,194500,22.0800,22.0800,22.0800,22.0800,250,0
SWJ.US,5,20131204,195500,22.0900,22.0900,22.0700,22.0700,1833,0
SWJ.US,5,20131204,200000,22.0700,22.0700,22.0700,22.0700,270,0
SWJ.US,5,20131204,200500,22.0700,22.0700,22.0500,22.0500,300,0
SWJ.US,5,20131204,201000,22.0400,22.0500,22.0400,22.0500,1553,0
SWJ.US,5,20131204,202000,22.0600,22.0900,22.0600,22.0900,2000,0
SWJ.US,5,20131204,202500,22.0900,22.0900,22.0900,22.0900,200,0
SWJ.US,5,20131204,203000,22.0900,22.0900,22.0600,22.0800,2700,0
SWJ.US,5,20131204,204000,22.0900,22.0900,22.0900,22.0900,100,0
SWJ.US,5,20131204,205000,22.1000,22.1100,22.0900,22.0900,1600,0
SWJ.US,5,20131204,205500,22.1000,22.1000,22.1000,22.1000,2500,0
SWJ.US,5,20131204,211000,22.1000,22.1000,22.1000,22.1000,2575,0
SWJ.US,5,20131204,211500,22.1000,22.1100,22.1000,22.1100,1100,0
SWJ.US,5,20131204,212000,22.1000,22.1100,22.1000,22.1000,1234,0
SWJ.US,5,20131204,212500,22.1100,22.1100,22.1000,22.1000,800,0
SWJ.US,5,20131204,213000,22.1000,22.1000,22.1000,22.1000,108,0
SWJ.US,5,20131204,213500,22.1000,22.1000,22.1000,22.1000,900,0
SWJ.US,5,20131204,214000,22.1000,22.1000,22.1000,22.1000,100,0
SWJ.US,5,20131204,214500,22.1100,22.1100,22.1000,22.1100,1084,0
SWJ.US,5,20131204,215000,22.1400,22.1400,22.1200,22.1200,200,0
SWJ.US,5,20131204,215500,22.1200,22.1300,22.1200,22.1200,500,0
SWJ.US,5,20131204,220000,22.1100,22.1500,22.0800,22.1500,7422,0
SWJ.US,5,20131204,220500,22.1500,22.1500,22.1500,22.1500,100,0
SWJ.US,5,20131205,153500,22.1000,22.1100,22.1000,22.1100,700,0
SWJ.US,5,20131205,154000,22.0600,22.0700,22.0600,22.0700,948,0
SWJ.US,5,20131205,154500,22.0800,22.0800,22.0200,22.0200,2050,0
SWJ.US,5,20131205,155000,22.0100,22.0100,21.9400,21.9400,5804,0
SWJ.US,5,20131205,155500,21.9400,22.0000,21.9400,22.0000,864,0
SWJ.US,5,20131205,160000,22.0000,22.0000,22.0000,22.0000,520,0
SWJ.US,5,20131205,160500,22.0000,22.0000,21.9700,22.0000,921,0
SWJ.US,5,20131205,161000,22.0000,22.0000,22.0000,22.0000,200,0
SWJ.US,5,20131205,162000,21.9700,21.9700,21.9500,21.9700,700,0
SWJ.US,5,20131205,162500,21.9700,21.9700,21.9700,21.9700,100,0
SWJ.US,5,20131205,163000,21.9400,21.9400,21.9400,21.9400,267,0
SWJ.US,5,20131205,164000,21.9400,21.9400,21.9100,21.9300,1701,0
SWJ.US,5,20131205,164500,21.9600,21.9600,21.9100,21.9600,1155,0
SWJ.US,5,20131205,165000,21.9100,21.9100,21.9100,21.9100,105,0
SWJ.US,5,20131205,170000,21.9100,21.9100,21.9100,21.9100,800,0
SWJ.US,5,20131205,171000,21.9500,21.9500,21.9500,21.9500,2000,0
SWJ.US,5,20131205,172000,21.9100,21.9600,21.9100,21.9600,4152,0
SWJ.US,5,20131205,172500,21.9100,21.9100,21.9100,21.9100,450,0
SWJ.US,5,20131205,173000,21.9200,21.9200,21.9200,21.9200,450,0
SWJ.US,5,20131205,173500,21.9500,21.9500,21.9500,21.9500,108,0
SWJ.US,5,20131205,174000,21.9300,21.9300,21.9300,21.9300,600,0
SWJ.US,5,20131205,174500,21.9500,21.9500,21.9400,21.9400,1872,0
SWJ.US,5,20131205,180000,21.9400,21.9400,21.9400,21.9400,679,0
SWJ.US,5,20131205,180500,21.9400,21.9400,21.9100,21.9400,2675,0
SWJ.US,5,20131205,181500,21.9200,21.9200,21.9100,21.9100,2000,0
SWJ.US,5,20131205,182000,21.9500,21.9500,21.9500,21.9500,1300,0
SWJ.US,5,20131205,182500,21.9300,21.9300,21.9300,21.9300,106,0
SWJ.US,5,20131205,183000,21.9100,21.9100,21.9100,21.9100,282,0
SWJ.US,5,20131205,183500,21.9100,21.9100,21.8700,21.8700,1200,0
SWJ.US,5,20131205,190500,21.9500,21.9500,21.9200,21.9200,200,0
SWJ.US,5,20131205,191500,21.9000,21.9100,21.8800,21.8800,1765,0
SWJ.US,5,20131205,192000,21.9000,21.9000,21.8900,21.8900,400,0
SWJ.US,5,20131205,192500,21.8900,21.8900,21.8700,21.8700,300,0
SWJ.US,5,20131205,193000,21.8700,21.9100,21.8700,21.9000,3699,0
SWJ.US,5,20131205,193500,21.9000,21.9100,21.9000,21.9100,2600,0
SWJ.US,5,20131205,194000,21.9000,21.9000,21.8700,21.8700,2189,0
SWJ.US,5,20131205,194500,21.8600,21.8600,21.8500,21.8500,821,0
SWJ.US,5,20131205,195000,21.8600,21.8600,21.8600,21.8600,1100,0
SWJ.US,5,20131205,195500,21.8200,21.8600,21.8200,21.8600,844,0
SWJ.US,5,20131205,200000,21.8600,21.8600,21.8600,21.8600,290,0
SWJ.US,5,20131205,201000,21.8100,21.8100,21.8100,21.8100,1000,0
SWJ.US,5,20131205,202000,21.8100,21.8400,21.8100,21.8400,800,0
SWJ.US,5,20131205,202500,21.8100,21.8500,21.8100,21.8100,4525,0
SWJ.US,5,20131205,203000,21.8100,21.8200,21.8100,21.8200,3287,0
SWJ.US,5,20131205,203500,21.7800,21.8100,21.7600,21.7700,2875,0
SWJ.US,5,20131205,204000,21.7600,21.8100,21.7600,21.7600,1021,0
SWJ.US,5,20131205,204500,21.7800,21.7800,21.7800,21.7800,459,0
SWJ.US,5,20131205,205000,21.7800,21.8100,21.7500,21.7500,4000,0
SWJ.US,5,20131205,205500,21.7200,21.7200,21.6600,21.6600,2110,0
SWJ.US,5,20131205,210000,21.6600,21.6900,21.5900,21.6300,7701,0
SWJ.US,5,20131205,210500,21.6300,21.6300,21.5700,21.5700,2850,0
SWJ.US,5,20131205,211000,21.6100,21.6100,21.5600,21.6100,2214,0
SWJ.US,5,20131205,211500,21.6100,21.6100,21.6000,21.6100,5700,0
SWJ.US,5,20131205,212000,21.6200,21.6200,21.6100,21.6100,800,0
SWJ.US,5,20131205,212500,21.6200,21.6400,21.6200,21.6400,5809,0
SWJ.US,5,20131205,213000,21.6200,21.6400,21.6200,21.6400,2152,0
SWJ.US,5,20131205,213500,21.6500,21.6600,21.6100,21.6500,13154,0
SWJ.US,5,20131205,214000,21.6200,21.6600,21.6200,21.6500,2600,0
SWJ.US,5,20131205,214500,21.6600,21.7100,21.6600,21.7000,13912,0
SWJ.US,5,20131205,215000,21.7000,21.7600,21.7000,21.7600,2301,0
SWJ.US,5,20131205,215500,21.7100,21.7400,21.7000,21.7400,3738,0
SWJ.US,5,20131205,220000,21.7400,21.7800,21.7000,21.7500,4550,0
SWJ.US,5,20131206,153500,21.7500,21.8100,21.7500,21.8100,300,0
SWJ.US,5,20131206,154000,21.8100,21.8700,21.8100,21.8400,1198,0
SWJ.US,5,20131206,154500,21.7500,21.7500,21.7500,21.7500,100,0
SWJ.US,5,20131206,155000,21.8200,21.8200,21.7800,21.7800,301,0
SWJ.US,5,20131206,160000,21.8300,21.8300,21.7600,21.7700,1556,0
SWJ.US,5,20131206,160500,21.8000,21.8700,21.8000,21.8700,6043,0
SWJ.US,5,20131206,161000,21.8700,21.9100,21.8700,21.8700,2150,0
SWJ.US,5,20131206,161500,21.8700,21.8700,21.8700,21.8700,400,0
SWJ.US,5,20131206,162000,21.8900,21.9100,21.8700,21.8700,3600,0
SWJ.US,5,20131206,162500,21.8700,21.8700,21.8600,21.8700,2488,0
SWJ.US,5,20131206,163000,21.8400,21.8600,21.8200,21.8500,1850,0
SWJ.US,5,20131206,163500,21.8500,21.8500,21.8300,21.8300,1278,0
SWJ.US,5,20131206,164000,21.8400,21.8400,21.7500,21.7500,1745,0
SWJ.US,5,20131206,164500,21.7300,21.7800,21.7300,21.7300,2104,0
SWJ.US,5,20131206,165000,21.7500,21.7500,21.7300,21.7400,946,0
SWJ.US,5,20131206,170500,21.7400,21.7400,21.7300,21.7300,563,0
SWJ.US,5,20131206,171000,21.7400,21.7400,21.7300,21.7300,264,0
SWJ.US,5,20131206,171500,21.7500,21.7700,21.7500,21.7700,1400,0
SWJ.US,5,20131206,172000,21.7500,21.7500,21.6900,21.7300,3312,0
SWJ.US,5,20131206,172500,21.7400,21.7400,21.7400,21.7400,100,0
SWJ.US,5,20131206,173000,21.7500,21.7600,21.7500,21.7500,400,0
SWJ.US,5,20131206,175000,21.7400,21.7400,21.7000,21.7000,2850,0
SWJ.US,5,20131206,175500,21.7200,21.7200,21.6400,21.6400,800,0
SWJ.US,5,20131206,180000,21.6700,21.6700,21.6700,21.6700,225,0
SWJ.US,5,20131206,181000,21.6500,21.6900,21.6500,21.6900,8665,0
SWJ.US,5,20131206,182500,21.6900,21.6900,21.6800,21.6900,5008,0
SWJ.US,5,20131206,183000,21.6900,21.6900,21.6800,21.6800,2600,0
SWJ.US,5,20131206,183500,21.6800,21.6800,21.6800,21.6800,466,0
SWJ.US,5,20131206,184000,21.6900,21.6900,21.6900,21.6900,1675,0
SWJ.US,5,20131206,184500,21.6800,21.6800,21.6800,21.6800,275,0
SWJ.US,5,20131206,185000,21.6900,21.6900,21.6900,21.6900,1000,0
SWJ.US,5,20131206,185500,21.6700,21.6800,21.6700,21.6700,500,0
SWJ.US,5,20131206,190000,21.6900,21.6900,21.6900,21.6900,4000,0
SWJ.US,5,20131206,190500,21.7400,21.7400,21.7400,21.7400,500,0
SWJ.US,5,20131206,191000,21.7100,21.7100,21.7100,21.7100,200,0
SWJ.US,5,20131206,191500,21.7300,21.7300,21.7300,21.7300,300,0
SWJ.US,5,20131206,193500,21.7400,21.7400,21.7200,21.7200,1500,0
SWJ.US,5,20131206,194500,21.7200,21.7400,21.7200,21.7400,200,0
SWJ.US,5,20131206,195000,21.7000,21.7400,21.7000,21.7400,1943,0
SWJ.US,5,20131206,195500,21.7400,21.7800,21.7300,21.7500,2188,0
SWJ.US,5,20131206,200000,21.7500,21.7500,21.7400,21.7400,300,0
SWJ.US,5,20131206,200500,21.7400,21.7800,21.7400,21.7800,1300,0
SWJ.US,5,20131206,201500,21.7700,21.7800,21.7700,21.7800,500,0
SWJ.US,5,20131206,202000,21.8000,21.8400,21.8000,21.8000,2048,0
SWJ.US,5,20131206,202500,21.8000,21.8000,21.8000,21.8000,300,0
SWJ.US,5,20131206,203000,21.8000,21.8000,21.8000,21.8000,600,0
SWJ.US,5,20131206,203500,21.8200,21.8400,21.8200,21.8400,2142,0
SWJ.US,5,20131206,204000,21.8400,21.8400,21.8200,21.8200,200,0
SWJ.US,5,20131206,204500,21.8400,21.8400,21.8400,21.8400,470,0
SWJ.US,5,20131206,205000,21.8000,21.8000,21.8000,21.8000,555,0
SWJ.US,5,20131206,205500,21.8100,21.8200,21.8000,21.8000,735,0
SWJ.US,5,20131206,210500,21.8200,21.8200,21.8100,21.8100,930,0
SWJ.US,5,20131206,211000,21.8100,21.8200,21.8100,21.8200,440,0
SWJ.US,5,20131206,211500,21.8100,21.8300,21.8100,21.8100,915,0
SWJ.US,5,20131206,212000,21.8000,21.8600,21.8000,21.8600,3185,0
SWJ.US,5,20131206,213000,21.8600,21.8700,21.8200,21.8700,3169,0
SWJ.US,5,20131206,213500,21.8100,21.9000,21.8100,21.9000,1459,0
SWJ.US,5,20131206,214500,21.8500,21.8500,21.8000,21.8300,2073,0
SWJ.US,5,20131206,215500,21.8200,21.8400,21.8200,21.8400,570,0
SWJ.US,5,20131206,220000,21.8100,21.8100,21.8000,21.8000,400,0
SWJ.US,5,20131209,153500,21.7900,21.8200,21.7900,21.8200,430,0
SWJ.US,5,20131209,154000,21.7500,21.7600,21.7500,21.7500,1638,0
SWJ.US,5,20131209,154500,21.7400,21.7500,21.7400,21.7400,1385,0
SWJ.US,5,20131209,155000,21.7400,21.7400,21.7400,21.7400,1500,0
SWJ.US,5,20131209,161000,21.7600,21.7600,21.7500,21.7500,1100,0
SWJ.US,5,20131209,161500,21.7400,21.7400,21.7400,21.7400,4600,0
SWJ.US,5,20131209,162500,21.7500,21.7500,21.7500,21.7500,2000,0
SWJ.US,5,20131209,163000,21.7400,21.7500,21.7400,21.7500,1400,0
SWJ.US,5,20131209,164500,21.7400,21.7500,21.7400,21.7500,1910,0
SWJ.US,5,20131209,170500,21.7400,21.7400,21.7400,21.7400,400,0
SWJ.US,5,20131209,171000,21.7300,21.7300,21.7300,21.7300,500,0
SWJ.US,5,20131209,172000,21.7300,21.7400,21.7300,21.7400,1720,0
SWJ.US,5,20131209,172500,21.7400,21.7500,21.7400,21.7500,3910,0
SWJ.US,5,20131209,173000,21.7500,21.7500,21.7500,21.7500,6400,0
SWJ.US,5,20131209,174000,21.7500,21.7500,21.7500,21.7500,200,0
SWJ.US,5,20131209,174500,21.7500,21.7500,21.7500,21.7500,1375,0
SWJ.US,5,20131209,175000,21.7700,21.7800,21.7700,21.7800,3500,0
SWJ.US,5,20131209,175500,21.7800,21.7800,21.7800,21.7800,142,0
SWJ.US,5,20131209,180000,21.7800,21.7800,21.7800,21.7800,2000,0
SWJ.US,5,20131209,181000,21.7800,21.7800,21.7800,21.7800,1000,0
SWJ.US,5,20131209,181500,21.7600,21.7600,21.7500,21.7500,2300,0
SWJ.US,5,20131209,183000,21.7500,21.7500,21.7500,21.7500,2565,0
SWJ.US,5,20131209,183500,21.7700,21.7700,21.7000,21.7000,11023,0
SWJ.US,5,20131209,184500,21.7400,21.7400,21.7000,21.7000,1400,0
SWJ.US,5,20131209,185500,21.7500,21.7500,21.7500,21.7500,475,0
SWJ.US,5,20131209,190000,21.7200,21.7200,21.7200,21.7200,100,0
SWJ.US,5,20131209,190500,21.7200,21.7300,21.7200,21.7200,1000,0
SWJ.US,5,20131209,191000,21.7200,21.7200,21.7200,21.7200,1100,0
SWJ.US,5,20131209,191500,21.7200,21.7500,21.7200,21.7200,1000,0
SWJ.US,5,20131209,192000,21.7200,21.7500,21.7200,21.7500,1300,0
SWJ.US,5,20131209,192500,21.7200,21.7200,21.7000,21.7000,3100,0
SWJ.US,5,20131209,193000,21.7200,21.7200,21.7200,21.7200,6640,0
SWJ.US,5,20131209,193500,21.7500,21.7500,21.7400,21.7400,3000,0
SWJ.US,5,20131209,194500,21.7500,21.7500,21.7300,21.7300,1390,0
SWJ.US,5,20131209,195000,21.7400,21.7400,21.7400,21.7400,640,0
SWJ.US,5,20131209,195500,21.7500,21.7500,21.7500,21.7500,2000,0
SWJ.US,5,20131209,200000,21.7300,21.7500,21.7300,21.7400,4579,0
SWJ.US,5,20131209,201000,21.7500,21.7500,21.7400,21.7400,3488,0
SWJ.US,5,20131209,201500,21.7400,21.7400,21.7300,21.7400,2150,0
SWJ.US,5,20131209,202000,21.7400,21.7600,21.7400,21.7500,4655,0
SWJ.US,5,20131209,202500,21.7500,21.7500,21.7500,21.7500,3645,0
SWJ.US,5,20131209,203000,21.7300,21.7400,21.7300,21.7300,2210,0
SWJ.US,5,20131209,204000,21.7400,21.7400,21.7400,21.7400,10866,0
SWJ.US,5,20131209,204500,21.7400,21.7400,21.7100,21.7400,5147,0
SWJ.US,5,20131209,205000,21.6900,21.7000,21.6900,21.6900,1725,0
SWJ.US,5,20131209,210000,21.6700,21.6900,21.6700,21.6900,1500,0
SWJ.US,5,20131209,210500,21.6800,21.6800,21.6200,21.6800,3045,0
SWJ.US,5,20131209,212000,21.7000,21.7000,21.6500,21.6500,7900,0
SWJ.US,5,20131209,213000,21.6700,21.6800,21.6500,21.6500,1770,0
SWJ.US,5,20131209,213500,21.6600,21.6600,21.6500,21.6500,1669,0
SWJ.US,5,20131209,214000,21.6500,21.6900,21.6500,21.6900,1955,0
SWJ.US,5,20131209,214500,21.6900,21.6900,21.6900,21.6900,1000,0
SWJ.US,5,20131209,215000,21.6800,21.6800,21.6800,21.6800,100,0
SWJ.US,5,20131209,215500,21.6800,21.6800,21.6800,21.6800,600,0
SWJ.US,5,20131209,220000,21.6800,21.6800,21.6800,21.6800,440,0
