<TICKER>,<PER>,<DTYYYYMMDD>,<TIME>,<OPEN>,<HIGH>,<LOW>,<CLOSE>,<VOL>,<OPENINT>
TCP.US,5,20131112,154000,46.9900,46.9900,46.9900,46.9900,300,0
TCP.US,5,20131112,154500,46.8400,46.8400,46.8300,46.8300,349,0
TCP.US,5,20131112,155000,46.9100,46.9100,46.8300,46.8300,200,0
TCP.US,5,20131112,155500,46.8200,46.8300,46.6600,46.6600,2401,0
TCP.US,5,20131112,160000,46.5900,46.5900,46.4400,46.5000,600,0
TCP.US,5,20131112,160500,46.4400,46.4500,46.4000,46.4300,2223,0
TCP.US,5,20131112,161000,46.4300,46.4300,46.4000,46.4000,2100,0
TCP.US,5,20131112,161500,46.4500,46.4700,46.3700,46.3700,3207,0
TCP.US,5,20131112,162000,46.4900,46.4900,46.4100,46.4800,1000,0
TCP.US,5,20131112,162500,46.4800,46.5100,46.4400,46.5000,5020,0
TCP.US,5,20131112,163000,46.4400,46.5200,46.3900,46.5000,171301,0
TCP.US,5,20131112,163500,46.5200,46.5200,46.5000,46.5000,3477,0
TCP.US,5,20131112,164000,46.5000,46.6000,46.5000,46.5500,2748,0
TCP.US,5,20131112,164500,46.5500,46.5600,46.5000,46.5600,1770,0
TCP.US,5,20131112,165000,46.5800,46.5800,46.5000,46.5000,1410,0
TCP.US,5,20131112,165500,46.5000,46.5500,46.3600,46.5500,2800,0
TCP.US,5,20131112,170000,46.5600,46.6200,46.5000,46.5600,18992,0
TCP.US,5,20131112,170500,46.6100,46.6200,46.6000,46.6000,1600,0
TCP.US,5,20131112,171000,46.6700,46.6900,46.6000,46.6000,300,0
TCP.US,5,20131112,171500,46.6000,46.6600,46.6000,46.6200,1615,0
TCP.US,5,20131112,172000,46.6200,46.6600,46.5600,46.5600,1100,0
TCP.US,5,20131112,172500,46.5700,46.5700,46.5700,46.5700,100,0
TCP.US,5,20131112,173500,46.6100,46.7100,46.6000,46.6900,7973,0
TCP.US,5,20131112,174000,46.7800,46.9400,46.7500,46.7600,3330,0
TCP.US,5,20131112,174500,46.7600,46.7600,46.6100,46.6900,2200,0
TCP.US,5,20131112,175000,46.7000,46.7500,46.5900,46.6400,2966,0
TCP.US,5,20131112,175500,46.6500,46.7000,46.6300,46.7000,800,0
TCP.US,5,20131112,180000,46.6700,46.7000,46.6300,46.7000,1300,0
TCP.US,5,20131112,180500,46.7100,46.7800,46.6700,46.7300,3500,0
TCP.US,5,20131112,181000,46.7300,46.7300,46.6000,46.6000,800,0
TCP.US,5,20131112,181500,46.6200,46.6300,46.6200,46.6200,500,0
TCP.US,5,20131112,182000,46.5800,46.5800,46.5800,46.5800,100,0
TCP.US,5,20131112,182500,46.5700,46.5900,46.5600,46.5600,500,0
TCP.US,5,20131112,183000,46.5800,46.5900,46.5000,46.5300,3235,0
TCP.US,5,20131112,183500,46.5400,46.5400,46.5200,46.5300,900,0
TCP.US,5,20131112,184000,46.5100,46.5800,46.4900,46.5800,8199,0
TCP.US,5,20131112,184500,46.6000,46.6000,46.5000,46.5500,1200,0
TCP.US,5,20131112,185000,46.5500,46.5500,46.5300,46.5300,500,0
TCP.US,5,20131112,190000,46.5600,46.5600,46.4800,46.5600,817,0
TCP.US,5,20131112,191000,46.5000,46.5000,46.5000,46.5000,100,0
TCP.US,5,20131112,191500,46.5200,46.5200,46.5200,46.5200,100,0
TCP.US,5,20131112,192000,46.5500,46.5500,46.5500,46.5500,100,0
TCP.US,5,20131112,192500,46.5500,46.5500,46.5000,46.5000,400,0
TCP.US,5,20131112,193000,46.4800,46.5000,46.4800,46.5000,800,0
TCP.US,5,20131112,193500,46.5300,46.5300,46.4900,46.4900,1500,0
TCP.US,5,20131112,194000,46.5000,46.5100,46.4800,46.5100,2249,0
TCP.US,5,20131112,194500,46.5500,46.6300,46.5500,46.5700,2702,0
TCP.US,5,20131112,195000,46.5600,46.5700,46.5500,46.5500,1415,0
TCP.US,5,20131112,195500,46.5500,46.5500,46.5500,46.5500,200,0
TCP.US,5,20131112,200000,46.5500,46.5600,46.5100,46.5500,1900,0
TCP.US,5,20131112,200500,46.5700,46.5800,46.5500,46.5500,800,0
TCP.US,5,20131112,201000,46.5800,46.5800,46.5500,46.5500,800,0
TCP.US,5,20131112,201500,46.5700,46.5700,46.5000,46.5300,3400,0
TCP.US,5,20131112,202000,46.5600,46.5600,46.5600,46.5600,400,0
TCP.US,5,20131112,202500,46.5600,46.5600,46.5200,46.5200,368,0
TCP.US,5,20131112,203000,46.5700,46.5700,46.5000,46.5100,961,0
TCP.US,5,20131112,203500,46.5300,46.5300,46.5300,46.5300,135,0
TCP.US,5,20131112,204000,46.6000,46.6000,46.5900,46.5900,200,0
TCP.US,5,20131112,205000,46.5100,46.5200,46.5100,46.5100,300,0
TCP.US,5,20131112,205500,46.5100,46.5200,46.5100,46.5200,540,0
TCP.US,5,20131112,210000,46.5200,46.5200,46.5000,46.5000,2770,0
TCP.US,5,20131112,210500,46.4800,46.5000,46.4700,46.5000,2328,0
TCP.US,5,20131112,211000,46.5000,46.6000,46.5000,46.5600,10547,0
TCP.US,5,20131112,211500,46.5700,46.6300,46.5000,46.5100,9462,0
TCP.US,5,20131112,212000,46.5200,46.6100,46.4700,46.6100,971,0
TCP.US,5,20131112,212500,46.5300,46.7400,46.5300,46.6700,6215,0
TCP.US,5,20131112,213000,46.6800,46.7300,46.6500,46.6500,2203,0
TCP.US,5,20131112,213500,46.5900,46.6400,46.5900,46.6000,300,0
TCP.US,5,20131112,214000,46.6600,46.6600,46.6300,46.6300,400,0
TCP.US,5,20131112,214500,46.6500,46.6800,46.5600,46.5600,2400,0
TCP.US,5,20131112,215000,46.6300,46.6500,46.5600,46.5900,4301,0
TCP.US,5,20131112,215500,46.6300,46.7000,46.5700,46.6800,9320,0
TCP.US,5,20131112,220000,46.6800,46.7200,46.5100,46.5800,4131,0
TCP.US,5,20131112,221000,46.5700,46.5700,46.5700,46.5700,3153,0
TCP.US,5,20131113,153500,46.2000,46.2000,46.0400,46.1900,2200,0
TCP.US,5,20131113,154500,46.1900,46.1900,46.1900,46.1900,100,0
TCP.US,5,20131113,155000,46.3600,46.3800,46.3600,46.3800,424,0
TCP.US,5,20131113,155500,46.3500,46.4500,46.3200,46.3800,2000,0
TCP.US,5,20131113,160000,46.3900,46.5000,46.3800,46.4700,9600,0
TCP.US,5,20131113,160500,46.5400,46.5400,46.5400,46.5400,100,0
TCP.US,5,20131113,161000,46.5700,46.5700,46.4900,46.4900,1125,0
TCP.US,5,20131113,162000,46.4900,46.5100,46.4100,46.4400,2818,0
TCP.US,5,20131113,162500,46.5400,46.5800,46.5000,46.5800,25620,0
TCP.US,5,20131113,163000,46.5500,46.5800,46.5500,46.5500,1100,0
TCP.US,5,20131113,163500,46.5600,46.5600,46.5600,46.5600,100,0
TCP.US,5,20131113,164000,46.5400,46.5800,46.5100,46.5100,620,0
TCP.US,5,20131113,165000,46.5400,46.5400,46.4600,46.4600,500,0
TCP.US,5,20131113,165500,46.4600,46.5600,46.4600,46.5100,3100,0
TCP.US,5,20131113,170000,46.5000,46.5500,46.4700,46.4700,900,0
TCP.US,5,20131113,170500,46.4800,46.5100,46.4800,46.5100,400,0
TCP.US,5,20131113,171000,46.5100,46.5800,46.5100,46.5800,700,0
TCP.US,5,20131113,171500,46.4700,46.4900,46.4700,46.4900,200,0
TCP.US,5,20131113,172000,46.5100,46.5100,46.5100,46.5100,100,0
TCP.US,5,20131113,172500,46.5100,46.5300,46.5100,46.5300,200,0
TCP.US,5,20131113,173000,46.5100,46.5200,46.5100,46.5200,675,0
TCP.US,5,20131113,173500,46.5300,46.5700,46.5300,46.5700,400,0
TCP.US,5,20131113,174000,46.5500,46.5500,46.5100,46.5100,2293,0
TCP.US,5,20131113,174500,46.5600,46.5600,46.5600,46.5600,200,0
TCP.US,5,20131113,175500,46.5900,46.5900,46.5600,46.5700,2132,0
TCP.US,5,20131113,180500,46.5600,46.5700,46.5600,46.5700,300,0
TCP.US,5,20131113,181500,46.5800,46.5800,46.5800,46.5800,100,0
TCP.US,5,20131113,182000,46.6000,46.6000,46.6000,46.6000,100,0
TCP.US,5,20131113,182500,46.5800,46.5800,46.5800,46.5800,100,0
TCP.US,5,20131113,183000,46.6600,46.6600,46.5800,46.6100,1174,0
TCP.US,5,20131113,183500,46.6000,46.6000,46.6000,46.6000,100,0
TCP.US,5,20131113,184500,46.6500,46.7000,46.6300,46.7000,1062,0
TCP.US,5,20131113,185000,46.7600,46.7600,46.5500,46.5500,1050,0
TCP.US,5,20131113,185500,46.6700,46.7100,46.6700,46.7100,709,0
TCP.US,5,20131113,190000,46.9500,46.9500,46.8700,46.8700,300,0
TCP.US,5,20131113,190500,46.8900,46.8900,46.8900,46.8900,300,0
TCP.US,5,20131113,191000,46.8800,46.9400,46.7500,46.7500,1350,0
TCP.US,5,20131113,191500,46.9400,46.9400,46.9400,46.9400,206,0
TCP.US,5,20131113,192000,46.9800,47.0800,46.9800,47.0400,800,0
TCP.US,5,20131113,192500,47.0300,47.0300,47.0300,47.0300,100,0
TCP.US,5,20131113,193000,47.0400,47.0400,47.0400,47.0400,100,0
TCP.US,5,20131113,194000,47.0600,47.0600,46.9600,46.9600,1700,0
TCP.US,5,20131113,194500,47.0600,47.0600,47.0600,47.0600,100,0
TCP.US,5,20131113,195000,47.0900,47.1900,47.0900,47.1400,1072,0
TCP.US,5,20131113,195500,47.0500,47.0900,47.0100,47.0100,725,0
TCP.US,5,20131113,200000,47.1800,47.1800,46.9700,47.0000,1531,0
TCP.US,5,20131113,200500,47.1400,47.1400,47.0600,47.0600,422,0
TCP.US,5,20131113,201000,47.0400,47.1200,47.0400,47.0500,645,0
TCP.US,5,20131113,201500,47.0500,47.1000,47.0500,47.1000,437,0
TCP.US,5,20131113,202000,47.0400,47.0400,47.0000,47.0000,200,0
TCP.US,5,20131113,202500,47.1900,47.1900,47.1300,47.1300,510,0
TCP.US,5,20131113,203000,47.0300,47.1000,46.9500,47.0700,6921,0
TCP.US,5,20131113,203500,47.1900,47.1900,46.9800,46.9800,3815,0
TCP.US,5,20131113,204000,46.9800,46.9900,46.9200,46.9200,1500,0
TCP.US,5,20131113,204500,46.8800,46.9600,46.8500,46.8500,1000,0
TCP.US,5,20131113,205000,46.6500,46.8700,46.6500,46.8000,9580,0
TCP.US,5,20131113,205500,46.8100,46.8300,46.7100,46.7200,1000,0
TCP.US,5,20131113,210000,46.7500,46.8800,46.7500,46.8500,5100,0
TCP.US,5,20131113,210500,46.9200,46.9300,46.7700,46.9300,1300,0
TCP.US,5,20131113,211000,46.7900,46.8900,46.7200,46.7200,500,0
TCP.US,5,20131113,211500,46.7600,46.8100,46.6400,46.7300,600,0
TCP.US,5,20131113,212000,46.7300,46.7900,46.6800,46.7600,700,0
TCP.US,5,20131113,212500,46.8200,46.8300,46.7000,46.8300,400,0
TCP.US,5,20131113,213000,46.7900,46.7900,46.7000,46.7000,200,0
TCP.US,5,20131113,213500,46.7500,46.8200,46.7400,46.8200,405,0
TCP.US,5,20131113,214000,46.6900,46.6900,46.5200,46.5700,2287,0
TCP.US,5,20131113,214500,46.7700,46.7700,46.7200,46.7200,352,0
TCP.US,5,20131113,215000,46.7300,46.7400,46.7000,46.7200,800,0
TCP.US,5,20131113,215500,46.8200,46.8800,46.7600,46.8300,1900,0
TCP.US,5,20131113,220000,46.7300,46.7300,46.5000,46.7100,4836,0
TCP.US,5,20131113,220500,46.6800,46.6800,46.6800,46.6800,1849,0
TCP.US,5,20131114,153500,47.0000,47.4400,47.0000,47.3800,550,0
TCP.US,5,20131114,154500,47.1800,47.1800,47.1800,47.1800,100,0
TCP.US,5,20131114,155000,47.2200,47.3600,47.2100,47.3500,1328,0
TCP.US,5,20131114,155500,47.3500,47.3500,47.3500,47.3500,105,0
TCP.US,5,20131114,160000,47.3500,47.4600,47.3500,47.4000,500,0
TCP.US,5,20131114,160500,47.4100,47.4100,47.1800,47.1800,2269,0
TCP.US,5,20131114,161000,47.1500,47.1500,47.1500,47.1500,100,0
TCP.US,5,20131114,161500,47.0700,47.2100,47.0600,47.1900,600,0
TCP.US,5,20131114,162000,47.0400,47.2000,47.0200,47.1200,1757,0
TCP.US,5,20131114,162500,47.0700,47.2000,47.0700,47.0900,2932,0
TCP.US,5,20131114,163000,47.1700,47.1900,47.1100,47.1600,1200,0
TCP.US,5,20131114,163500,47.2300,47.2900,47.2100,47.2900,1685,0
TCP.US,5,20131114,164000,47.3500,47.4000,47.2900,47.4000,1103,0
TCP.US,5,20131114,164500,47.4300,47.4600,47.2800,47.3000,1400,0
TCP.US,5,20131114,165000,47.3800,47.5300,47.3800,47.4400,3500,0
TCP.US,5,20131114,165500,47.4400,47.5000,47.3800,47.3800,2200,0
TCP.US,5,20131114,170000,47.3500,47.3500,47.1800,47.3200,1400,0
TCP.US,5,20131114,170500,47.4200,47.4800,47.3300,47.3300,1500,0
TCP.US,5,20131114,171000,47.3100,47.4500,47.2500,47.4500,2606,0
TCP.US,5,20131114,171500,47.4500,47.4500,47.2500,47.3000,1793,0
TCP.US,5,20131114,172000,47.2900,47.3200,47.2000,47.2400,1600,0
TCP.US,5,20131114,172500,47.2800,47.2800,47.2600,47.2600,850,0
TCP.US,5,20131114,173000,47.2700,47.2700,47.2700,47.2700,200,0
TCP.US,5,20131114,173500,47.3000,47.3100,47.2500,47.3000,1600,0
TCP.US,5,20131114,174000,47.3100,47.4000,47.2700,47.4000,800,0
TCP.US,5,20131114,174500,47.3700,47.3700,47.3500,47.3500,455,0
TCP.US,5,20131114,175000,47.3700,47.3700,47.3700,47.3700,100,0
TCP.US,5,20131114,175500,47.4100,47.4100,47.4100,47.4100,100,0
TCP.US,5,20131114,180000,47.4100,47.4300,47.4000,47.4300,500,0
TCP.US,5,20131114,180500,47.3900,47.3900,47.3900,47.3900,100,0
TCP.US,5,20131114,182000,47.4200,47.5200,47.4200,47.5200,1655,0
TCP.US,5,20131114,182500,47.4500,47.5500,47.4500,47.5400,500,0
TCP.US,5,20131114,183000,47.5500,47.5500,47.4300,47.4900,2022,0
TCP.US,5,20131114,183500,47.4500,47.4500,47.2300,47.2600,2000,0
TCP.US,5,20131114,184500,47.3000,47.3000,47.2900,47.3000,400,0
TCP.US,5,20131114,185000,47.2100,47.2100,47.2100,47.2100,100,0
TCP.US,5,20131114,185500,47.2000,47.2600,47.2000,47.2100,825,0
TCP.US,5,20131114,190000,47.3400,47.3400,47.2700,47.2700,500,0
TCP.US,5,20131114,190500,47.3000,47.3100,47.2700,47.2700,800,0
TCP.US,5,20131114,191000,47.2400,47.2400,47.2200,47.2200,800,0
TCP.US,5,20131114,191500,47.2500,47.2500,47.1600,47.1600,500,0
TCP.US,5,20131114,192000,47.2100,47.2100,47.2100,47.2100,100,0
TCP.US,5,20131114,192500,47.2000,47.2000,47.1300,47.1600,40300,0
TCP.US,5,20131114,193000,47.4100,47.4100,47.3300,47.3300,534,0
TCP.US,5,20131114,194000,47.2600,47.2600,47.2000,47.2000,600,0
TCP.US,5,20131114,195000,47.3000,47.3600,47.2100,47.3000,1000,0
TCP.US,5,20131114,195500,47.2600,47.4600,47.2600,47.3900,17726,0
TCP.US,5,20131114,200000,47.4300,47.4300,47.3900,47.4000,600,0
TCP.US,5,20131114,200500,47.4800,47.5100,47.4800,47.5100,200,0
TCP.US,5,20131114,201000,47.5800,47.5800,47.5800,47.5800,200,0
TCP.US,5,20131114,201500,47.5800,47.5800,47.5800,47.5800,500,0
TCP.US,5,20131114,202000,47.5800,47.5800,47.5700,47.5700,507,0
TCP.US,5,20131114,202500,47.5600,47.6400,47.5000,47.5100,1403,0
TCP.US,5,20131114,203000,47.5800,47.7300,47.3700,47.3900,2985,0
TCP.US,5,20131114,203500,47.5600,47.5600,47.4900,47.4900,400,0
TCP.US,5,20131114,204000,47.5200,47.5200,47.4700,47.4700,500,0
TCP.US,5,20131114,204500,47.5100,47.5300,47.4900,47.5300,400,0
TCP.US,5,20131114,205000,47.5100,47.5500,47.5000,47.5200,733,0
TCP.US,5,20131114,205500,47.5000,47.5700,47.4300,47.5200,1335,0
TCP.US,5,20131114,210000,47.5400,47.5400,47.4500,47.4500,450,0
TCP.US,5,20131114,210500,47.5500,47.5800,47.4300,47.5000,1500,0
TCP.US,5,20131114,211000,47.5000,47.5200,47.4500,47.4600,700,0
TCP.US,5,20131114,211500,47.5700,47.5700,47.3900,47.4000,2720,0
TCP.US,5,20131114,212000,47.4000,47.5300,47.4000,47.5300,3000,0
TCP.US,5,20131114,212500,47.4100,47.5000,47.4000,47.5000,2300,0
TCP.US,5,20131114,213000,47.4000,47.4900,47.4000,47.4900,2600,0
TCP.US,5,20131114,213500,47.5000,47.6900,47.5000,47.6900,900,0
TCP.US,5,20131114,214000,47.6800,47.6800,47.4800,47.5000,2400,0
TCP.US,5,20131114,214500,47.5000,47.5000,47.4900,47.4900,597,0
TCP.US,5,20131114,215000,47.4900,47.5000,47.4900,47.5000,300,0
TCP.US,5,20131114,215500,47.4900,47.5000,47.4000,47.4000,5400,0
TCP.US,5,20131114,220000,47.4000,47.4900,47.3300,47.3500,29307,0
TCP.US,5,20131114,220500,47.3000,47.3000,47.3000,47.3000,5506,0
TCP.US,5,20131115,153500,47.1700,47.6600,47.1700,47.6600,1500,0
TCP.US,5,20131115,154000,47.5300,47.5300,47.1100,47.1100,3100,0
TCP.US,5,20131115,154500,47.1400,47.2100,47.1400,47.2100,400,0
TCP.US,5,20131115,155000,47.2300,47.3000,47.2000,47.2000,6111,0
TCP.US,5,20131115,155500,47.2100,47.2500,47.2000,47.2500,156610,0
TCP.US,5,20131115,160000,47.2100,47.2500,47.2100,47.2500,25300,0
TCP.US,5,20131115,160500,47.3100,47.3900,47.2500,47.2500,6685,0
TCP.US,5,20131115,161000,47.3400,47.3400,47.1700,47.1700,822,0
TCP.US,5,20131115,161500,47.1600,47.3400,47.0500,47.3400,1400,0
TCP.US,5,20131115,162000,47.2300,47.2800,47.2200,47.2700,2127,0
TCP.US,5,20131115,162500,47.2500,47.2500,47.2500,47.2500,310,0
TCP.US,5,20131115,163000,47.2800,47.3100,47.1100,47.2900,3501,0
TCP.US,5,20131115,163500,47.2800,47.2800,47.2500,47.2700,623,0
TCP.US,5,20131115,164500,47.1600,47.2900,47.1600,47.2900,600,0
TCP.US,5,20131115,165000,47.1900,47.2900,47.1900,47.2500,1522,0
TCP.US,5,20131115,165500,47.2900,47.3000,47.2900,47.2900,1110,0
TCP.US,5,20131115,170000,47.2300,47.2300,47.2300,47.2300,100,0
TCP.US,5,20131115,170500,47.2500,47.2900,47.1800,47.1800,800,0
TCP.US,5,20131115,171000,47.2500,47.2500,47.2500,47.2500,402,0
TCP.US,5,20131115,171500,47.2200,47.2900,47.2100,47.2600,800,0
TCP.US,5,20131115,172000,47.2300,47.2500,47.1800,47.2400,1800,0
TCP.US,5,20131115,173000,47.1700,47.1700,47.1700,47.1700,100,0
TCP.US,5,20131115,173500,47.2200,47.2600,47.1600,47.2300,1277,0
TCP.US,5,20131115,174000,47.1600,47.2600,47.1600,47.2600,200,0
TCP.US,5,20131115,174500,47.2000,47.2600,47.2000,47.2600,200,0
TCP.US,5,20131115,175000,47.2000,47.2000,47.1500,47.1500,1400,0
TCP.US,5,20131115,175500,47.1400,47.2700,47.1400,47.2700,60900,0
TCP.US,5,20131115,180000,47.2300,47.3500,47.2300,47.3000,2400,0
TCP.US,5,20131115,181000,47.3700,47.3700,47.1600,47.1600,1100,0
TCP.US,5,20131115,181500,47.2300,47.2300,47.2300,47.2300,100,0
TCP.US,5,20131115,182000,47.3000,47.4000,47.2600,47.2600,900,0
TCP.US,5,20131115,182500,47.2500,47.2500,47.2500,47.2500,400,0
TCP.US,5,20131115,183000,47.2500,47.2700,47.2400,47.2400,1100,0
TCP.US,5,20131115,183500,47.3100,47.3100,47.2500,47.2500,600,0
TCP.US,5,20131115,184000,47.2500,47.2500,47.2500,47.2500,200,0
TCP.US,5,20131115,184500,47.2500,47.4400,47.2500,47.4400,600,0
TCP.US,5,20131115,185500,47.2500,47.3100,47.2500,47.2600,1700,0
TCP.US,5,20131115,190000,47.2000,47.2000,47.2000,47.2000,104,0
TCP.US,5,20131115,190500,47.2500,47.2700,47.2500,47.2700,300,0
TCP.US,5,20131115,191000,47.3800,47.3800,47.3800,47.3800,100,0
TCP.US,5,20131115,191500,47.2100,47.2700,47.2100,47.2200,800,0
TCP.US,5,20131115,192000,47.2500,47.2500,47.2500,47.2500,100,0
TCP.US,5,20131115,192500,47.2500,47.3600,47.2200,47.2200,600,0
TCP.US,5,20131115,193500,47.4300,47.5500,47.4300,47.5500,200,0
TCP.US,5,20131115,194000,47.5400,47.5500,47.5400,47.5500,576,0
TCP.US,5,20131115,194500,47.6200,47.6200,47.6100,47.6100,300,0
TCP.US,5,20131115,195000,47.6300,47.7000,47.6300,47.7000,1314,0
TCP.US,5,20131115,195500,47.7500,47.7500,47.6200,47.7100,972,0
TCP.US,5,20131115,200000,47.6500,47.6500,47.3600,47.4600,1707,0
TCP.US,5,20131115,200500,47.4900,47.4900,47.3400,47.3500,1500,0
TCP.US,5,20131115,201000,47.4000,47.4800,47.3900,47.4700,1800,0
TCP.US,5,20131115,201500,47.4000,47.5900,47.3200,47.5900,2100,0
TCP.US,5,20131115,202000,47.6300,47.7500,47.4200,47.6000,2000,0
TCP.US,5,20131115,202500,47.6100,47.6200,47.5500,47.6200,2400,0
TCP.US,5,20131115,203000,47.6800,47.6800,47.5700,47.6200,2060,0
TCP.US,5,20131115,203500,47.6700,47.6700,47.5900,47.6600,485,0
TCP.US,5,20131115,204000,47.7300,47.7300,47.7300,47.7300,420,0
TCP.US,5,20131115,204500,47.7000,47.7300,47.4200,47.4200,1000,0
TCP.US,5,20131115,205000,47.4600,47.5700,47.4000,47.5700,25900,0
TCP.US,5,20131115,210500,47.6900,47.6900,47.6900,47.6900,183,0
TCP.US,5,20131115,211000,47.6600,47.7300,47.5000,47.5000,3800,0
TCP.US,5,20131115,211500,47.5000,47.6800,47.5000,47.6300,1700,0
TCP.US,5,20131115,212000,47.5000,47.6700,47.5000,47.5100,2800,0
TCP.US,5,20131115,212500,47.4900,47.5500,47.4900,47.5000,700,0
TCP.US,5,20131115,213000,47.5100,47.5100,47.5000,47.5000,3021,0
TCP.US,5,20131115,213500,47.5000,47.5100,47.4900,47.4900,500,0
TCP.US,5,20131115,214000,47.5800,47.5800,47.5000,47.5000,1400,0
TCP.US,5,20131115,214500,47.5400,47.5400,47.5000,47.5000,1000,0
TCP.US,5,20131115,215000,47.6000,47.7100,47.5700,47.7100,1546,0
TCP.US,5,20131115,215500,47.5700,47.6200,47.3600,47.4000,28323,0
TCP.US,5,20131115,220000,47.4100,47.6300,47.3400,47.4000,3703,0
TCP.US,5,20131115,220500,47.4400,47.4400,47.4400,47.4400,10379,0
TCP.US,5,20131118,153500,47.6400,47.6400,47.4000,47.5100,4075,0
TCP.US,5,20131118,154000,47.3600,47.4900,47.3100,47.4200,2900,0
TCP.US,5,20131118,154500,47.3200,47.4400,47.2400,47.2900,2696,0
TCP.US,5,20131118,155000,47.3000,47.4400,47.2400,47.2400,2292,0
TCP.US,5,20131118,155500,47.4200,47.5600,47.4200,47.4200,500,0
TCP.US,5,20131118,160000,47.5700,47.5700,47.5700,47.5700,100,0
TCP.US,5,20131118,160500,47.7400,47.7400,47.6500,47.6500,200,0
TCP.US,5,20131118,161000,47.7000,47.8000,47.7000,47.8000,600,0
TCP.US,5,20131118,161500,47.8200,47.8300,47.6000,47.7600,1706,0
TCP.US,5,20131118,162000,47.8600,47.9500,47.7700,47.8500,1006,0
TCP.US,5,20131118,163000,47.6600,47.9100,47.6600,47.9100,200,0
TCP.US,5,20131118,163500,47.9000,47.9000,47.9000,47.9000,100,0
TCP.US,5,20131118,164000,47.9000,47.9100,47.9000,47.9100,200,0
TCP.US,5,20131118,164500,47.9800,47.9800,47.9700,47.9800,532,0
TCP.US,5,20131118,165000,47.9800,48.1100,47.9800,48.1100,791,0
TCP.US,5,20131118,165500,48.0600,48.0600,48.0600,48.0600,100,0
TCP.US,5,20131118,170500,48.2200,48.2200,48.1100,48.1100,600,0
TCP.US,5,20131118,171000,48.2000,48.2000,48.1400,48.1600,400,0
TCP.US,5,20131118,171500,48.1000,48.1300,47.8900,47.9500,2403,0
TCP.US,5,20131118,172000,47.9700,48.0000,47.8300,47.9000,3400,0
TCP.US,5,20131118,172500,47.9200,48.1700,47.9200,48.0800,2700,0
TCP.US,5,20131118,173000,48.0600,48.3200,48.0000,48.0600,2500,0
TCP.US,5,20131118,173500,47.9700,48.0900,47.9400,47.9400,700,0
TCP.US,5,20131118,174000,47.9200,47.9200,47.9200,47.9200,100,0
TCP.US,5,20131118,174500,48.0100,48.0100,48.0100,48.0100,100,0
TCP.US,5,20131118,175000,48.0500,48.0500,48.0500,48.0500,100,0
TCP.US,5,20131118,180000,47.9800,48.0300,47.9800,48.0300,350,0
TCP.US,5,20131118,180500,48.0200,48.0200,48.0200,48.0200,2317,0
TCP.US,5,20131118,181000,48.0300,48.1500,48.0200,48.1500,700,0
TCP.US,5,20131118,181500,48.0400,48.0400,48.0400,48.0400,600,0
TCP.US,5,20131118,182000,47.9600,47.9600,47.9600,47.9600,750,0
TCP.US,5,20131118,183000,48.1300,48.1300,48.1300,48.1300,100,0
TCP.US,5,20131118,184000,48.1100,48.1100,48.0200,48.0200,200,0
TCP.US,5,20131118,184500,48.0900,48.0900,48.0900,48.0900,200,0
TCP.US,5,20131118,185500,48.0300,48.0300,48.0200,48.0200,200,0
TCP.US,5,20131118,191000,48.0500,48.0700,48.0500,48.0700,200,0
TCP.US,5,20131118,191500,48.0500,48.0500,48.0500,48.0500,100,0
TCP.US,5,20131118,192000,48.0900,48.1100,48.0700,48.1100,1068,0
TCP.US,5,20131118,193000,48.0600,48.0600,48.0300,48.0300,200,0
TCP.US,5,20131118,194000,48.1000,48.1000,48.0600,48.0600,600,0
TCP.US,5,20131118,194500,47.9700,47.9900,47.9700,47.9900,400,0
TCP.US,5,20131118,195000,48.0200,48.0300,48.0100,48.0300,700,0
TCP.US,5,20131118,195500,48.0500,48.0500,48.0500,48.0500,100,0
TCP.US,5,20131118,202000,47.9800,47.9900,47.9400,47.9700,1052,0
TCP.US,5,20131118,203000,47.9200,47.9200,47.9200,47.9200,100,0
TCP.US,5,20131118,203500,47.9000,47.9000,47.9000,47.9000,300,0
TCP.US,5,20131118,204000,47.9200,47.9200,47.9000,47.9000,600,0
TCP.US,5,20131118,204500,47.9100,47.9100,47.9000,47.9000,1300,0
TCP.US,5,20131118,205500,48.0100,48.0100,48.0100,48.0100,100,0
TCP.US,5,20131118,210500,47.9400,47.9700,47.9200,47.9700,301,0
TCP.US,5,20131118,211000,47.9500,47.9500,47.9500,47.9500,200,0
TCP.US,5,20131118,211500,47.9900,47.9900,47.9600,47.9700,1051,0
TCP.US,5,20131118,212000,47.9300,47.9300,47.9000,47.9000,375,0
TCP.US,5,20131118,212500,47.9000,47.9000,47.9000,47.9000,1100,0
TCP.US,5,20131118,213000,47.7800,47.7800,47.7800,47.7800,200,0
TCP.US,5,20131118,213500,47.7900,47.8600,47.7800,47.8600,1184,0
TCP.US,5,20131118,214000,47.7800,47.8500,47.7800,47.7900,2646,0
TCP.US,5,20131118,214500,47.8500,47.8700,47.7800,47.7900,1994,0
TCP.US,5,20131118,215000,47.7800,47.8700,47.7800,47.7800,1100,0
TCP.US,5,20131118,215500,47.7800,47.7800,47.7200,47.7200,1600,0
TCP.US,5,20131118,220000,47.7500,47.9200,47.7200,47.8200,1621,0
TCP.US,5,20131118,220500,47.9200,47.9200,47.9200,47.9200,4762,0
TCP.US,5,20131119,153500,47.6000,47.9100,47.5800,47.8000,3067,0
TCP.US,5,20131119,154000,47.9500,48.0400,47.7900,47.8500,4512,0
TCP.US,5,20131119,154500,47.9000,47.9000,47.6900,47.7800,2700,0
TCP.US,5,20131119,155000,47.9100,47.9100,47.6000,47.7800,1500,0
TCP.US,5,20131119,155500,47.6800,47.7100,47.6100,47.6800,2633,0
TCP.US,5,20131119,160000,47.6900,47.7400,47.4800,47.6600,22274,0
TCP.US,5,20131119,160500,47.6800,48.0000,47.5900,47.9900,1950,0
TCP.US,5,20131119,161000,47.9600,47.9900,47.7100,47.8400,4406,0
TCP.US,5,20131119,161500,48.0500,48.0600,47.7300,47.7300,21600,0
TCP.US,5,20131119,162000,47.9000,48.1200,47.9000,48.0700,5530,0
TCP.US,5,20131119,162500,48.1800,48.3200,48.1800,48.2500,800,0
TCP.US,5,20131119,163000,48.2600,48.3000,48.0000,48.0000,2535,0
TCP.US,5,20131119,163500,48.0400,48.1600,48.0300,48.1600,1550,0
TCP.US,5,20131119,164000,48.1700,48.2000,48.1700,48.2000,300,0
TCP.US,5,20131119,164500,47.9800,47.9800,47.9800,47.9800,100,0
TCP.US,5,20131119,165000,48.1000,48.1000,48.1000,48.1000,100,0
TCP.US,5,20131119,165500,48.1100,48.1100,48.1100,48.1100,200,0
TCP.US,5,20131119,170000,48.1500,48.1600,48.1000,48.1500,787,0
TCP.US,5,20131119,170500,48.1400,48.1500,48.1400,48.1500,700,0
TCP.US,5,20131119,171000,48.0400,48.1200,48.0000,48.0100,1400,0
TCP.US,5,20131119,171500,48.1500,48.1700,48.0000,48.1700,622,0
TCP.US,5,20131119,172000,48.0000,48.0300,48.0000,48.0300,300,0
TCP.US,5,20131119,172500,48.1200,48.1200,48.0300,48.0300,1300,0
TCP.US,5,20131119,173000,47.8800,47.8800,47.8800,47.8800,235,0
TCP.US,5,20131119,174000,47.8200,47.8200,47.8200,47.8200,100,0
TCP.US,5,20131119,174500,47.8600,47.8600,47.8500,47.8500,300,0
TCP.US,5,20131119,175000,47.9100,47.9100,47.9100,47.9100,500,0
TCP.US,5,20131119,180000,47.9700,47.9700,47.9200,47.9200,200,0
TCP.US,5,20131119,180500,47.9700,47.9700,47.9700,47.9700,200,0
TCP.US,5,20131119,181000,47.9700,47.9700,47.9700,47.9700,100,0
TCP.US,5,20131119,181500,48.0300,48.0500,47.9900,48.0500,884,0
TCP.US,5,20131119,182000,48.0400,48.0400,48.0400,48.0400,200,0
TCP.US,5,20131119,182500,47.9400,47.9600,47.9400,47.9600,200,0
TCP.US,5,20131119,183000,47.9800,47.9900,47.9800,47.9900,200,0
TCP.US,5,20131119,183500,48.0200,48.0200,48.0200,48.0200,100,0
TCP.US,5,20131119,184000,48.0300,48.1600,48.0000,48.1600,800,0
TCP.US,5,20131119,184500,48.1900,48.1900,48.1900,48.1900,200,0
TCP.US,5,20131119,185000,48.1000,48.1000,48.1000,48.1000,200,0
TCP.US,5,20131119,185500,48.1100,48.1100,48.1100,48.1100,100,0
TCP.US,5,20131119,190000,48.1100,48.1200,48.1100,48.1200,1200,0
TCP.US,5,20131119,190500,47.9400,47.9400,47.9400,47.9400,100,0
TCP.US,5,20131119,191000,47.9500,47.9500,47.9500,47.9500,100,0
TCP.US,5,20131119,191500,47.9800,48.0900,47.9800,48.0200,311,0
TCP.US,5,20131119,192000,48.0100,48.0500,48.0100,48.0500,400,0
TCP.US,5,20131119,193000,47.9200,47.9500,47.9200,47.9500,325,0
TCP.US,5,20131119,193500,47.9400,47.9400,47.8500,47.8500,19377,0
TCP.US,5,20131119,194000,47.8400,47.8400,47.6900,47.6900,500,0
TCP.US,5,20131119,195000,47.7300,47.7400,47.3100,47.5400,6455,0
TCP.US,5,20131119,195500,47.5800,47.6400,47.5800,47.6400,200,0
TCP.US,5,20131119,200000,47.6400,47.9000,47.6400,47.7700,1610,0
TCP.US,5,20131119,200500,47.7100,47.7100,47.5800,47.6800,2569,0
TCP.US,5,20131119,201000,47.6000,47.7200,47.6000,47.6800,1000,0
TCP.US,5,20131119,201500,47.6200,47.7700,47.6200,47.7700,700,0
TCP.US,5,20131119,202000,47.5600,47.8600,47.5600,47.8400,2917,0
TCP.US,5,20131119,202500,47.7400,47.8600,47.7400,47.8000,1200,0
TCP.US,5,20131119,203500,47.7400,47.7800,47.6900,47.7600,1700,0
TCP.US,5,20131119,204000,47.7000,47.9700,47.6900,47.8000,15583,0
TCP.US,5,20131119,204500,47.8400,47.9100,47.7800,47.7900,3265,0
TCP.US,5,20131119,205000,47.7100,47.8500,47.7000,47.7000,430,0
TCP.US,5,20131119,205500,47.6800,47.7400,47.6200,47.6700,6938,0
TCP.US,5,20131119,210000,47.7100,47.7400,47.6300,47.7400,711,0
TCP.US,5,20131119,210500,47.6400,47.8000,47.6400,47.6800,2050,0
TCP.US,5,20131119,211000,47.6600,47.6700,47.6600,47.6700,200,0
TCP.US,5,20131119,212000,47.6800,47.6800,47.6800,47.6800,400,0
TCP.US,5,20131119,212500,47.6800,47.8800,47.6800,47.6800,2000,0
TCP.US,5,20131119,213000,47.7800,47.8700,47.6600,47.6700,1900,0
TCP.US,5,20131119,213500,47.6900,47.7500,47.6700,47.6800,1295,0
TCP.US,5,20131119,214000,47.6300,47.7500,47.6300,47.7500,425,0
TCP.US,5,20131119,214500,47.7000,47.7000,47.5700,47.6400,1126,0
TCP.US,5,20131119,215000,47.6500,47.6700,47.5500,47.6700,1086,0
TCP.US,5,20131119,215500,47.5300,47.6800,47.5100,47.6600,900,0
TCP.US,5,20131119,220000,47.6200,47.6700,47.3200,47.3400,10953,0
TCP.US,5,20131119,220500,47.5000,47.5000,47.5000,47.5000,1323,0
TCP.US,5,20131120,153500,47.3000,47.6400,47.2400,47.3000,3418,0
TCP.US,5,20131120,154000,47.4200,47.5600,47.3500,47.5300,5088,0
TCP.US,5,20131120,154500,47.4000,47.4000,47.4000,47.4000,398,0
TCP.US,5,20131120,155000,47.2400,47.3400,47.1200,47.1400,1100,0
TCP.US,5,20131120,155500,47.2500,47.5300,47.2500,47.5000,3800,0
TCP.US,5,20131120,160000,47.3600,47.4700,46.9500,47.0000,2138,0
TCP.US,5,20131120,160500,47.2100,47.2100,47.0400,47.0400,2000,0
TCP.US,5,20131120,162000,46.9400,46.9600,46.8600,46.8600,815,0
TCP.US,5,20131120,162500,47.1100,47.1100,47.1100,47.1100,100,0
TCP.US,5,20131120,163000,47.1200,47.1200,47.0000,47.0800,25200,0
TCP.US,5,20131120,163500,47.0600,47.0600,47.0600,47.0600,110,0
TCP.US,5,20131120,164000,47.0600,47.2000,47.0600,47.2000,1450,0
TCP.US,5,20131120,164500,47.1400,47.3000,47.1400,47.3000,300,0
TCP.US,5,20131120,165000,47.3500,47.3500,47.3300,47.3300,200,0
TCP.US,5,20131120,170000,47.4400,47.4500,47.3600,47.3600,1400,0
TCP.US,5,20131120,171000,47.4500,47.4500,47.3500,47.3500,700,0
TCP.US,5,20131120,171500,47.2100,47.2300,47.1800,47.2300,605,0
TCP.US,5,20131120,172000,47.2500,47.2500,47.1100,47.1100,1100,0
TCP.US,5,20131120,172500,47.2600,47.2600,47.2200,47.2600,593,0
TCP.US,5,20131120,173500,47.2600,47.2600,47.2600,47.2600,100,0
TCP.US,5,20131120,174000,47.1000,47.1000,47.1000,47.1000,100,0
TCP.US,5,20131120,174500,47.0000,47.0000,47.0000,47.0000,100,0
TCP.US,5,20131120,175500,47.1700,47.1700,47.1700,47.1700,795,0
TCP.US,5,20131120,180000,47.2500,47.2500,47.2500,47.2500,25000,0
TCP.US,5,20131120,181500,47.1800,47.2100,47.1800,47.2100,400,0
TCP.US,5,20131120,182500,47.0300,47.0300,47.0300,47.0300,300,0
TCP.US,5,20131120,184000,47.1800,47.3400,47.1800,47.3400,400,0
TCP.US,5,20131120,184500,47.2800,47.4000,47.0700,47.1100,5273,0
TCP.US,5,20131120,185000,47.1300,47.3600,47.1300,47.3600,4100,0
TCP.US,5,20131120,185500,47.3000,47.3000,47.2500,47.2500,25207,0
TCP.US,5,20131120,190000,47.3800,47.3800,47.3800,47.3800,100,0
TCP.US,5,20131120,191500,47.3700,47.3700,47.3700,47.3700,700,0
TCP.US,5,20131120,192000,47.4000,47.4900,47.3000,47.3000,813,0
TCP.US,5,20131120,193500,47.1800,47.2800,47.1600,47.1600,950,0
TCP.US,5,20131120,194500,47.1700,47.1700,47.1600,47.1600,200,0
TCP.US,5,20131120,195000,47.1900,47.2000,47.1900,47.2000,3217,0
TCP.US,5,20131120,195500,47.3000,47.3400,47.1900,47.3400,1383,0
TCP.US,5,20131120,200000,47.2900,47.3500,47.2900,47.3500,350,0
TCP.US,5,20131120,200500,47.2100,47.2300,47.0900,47.2300,998,0
TCP.US,5,20131120,201000,47.1200,47.3200,47.1200,47.3200,1200,0
TCP.US,5,20131120,201500,47.2100,47.2100,47.2100,47.2100,100,0
TCP.US,5,20131120,202000,47.1000,47.1000,47.0100,47.0500,706,0
TCP.US,5,20131120,202500,47.0800,47.1000,47.0800,47.1000,600,0
TCP.US,5,20131120,203000,47.1100,47.1700,47.1100,47.1700,400,0
TCP.US,5,20131120,203500,47.1700,47.3200,47.1700,47.3200,600,0
TCP.US,5,20131120,204000,47.3100,47.3700,47.2300,47.3700,1277,0
TCP.US,5,20131120,204500,47.3500,47.3500,47.3500,47.3500,100,0
TCP.US,5,20131120,205000,47.3300,47.3300,47.3300,47.3300,137,0
TCP.US,5,20131120,210000,47.3200,47.3200,47.3200,47.3200,100,0
TCP.US,5,20131120,210500,47.2600,47.2600,47.2600,47.2600,100,0
TCP.US,5,20131120,211000,47.2000,47.2000,47.2000,47.2000,300,0
TCP.US,5,20131120,212000,47.0900,47.1800,47.0900,47.1800,200,0
TCP.US,5,20131120,212500,47.0900,47.2600,47.0900,47.2600,400,0
TCP.US,5,20131120,213000,47.2700,47.3800,47.2600,47.3800,300,0
TCP.US,5,20131120,213500,47.3500,47.3500,47.2300,47.2300,200,0
TCP.US,5,20131120,214000,47.2800,47.4000,47.2000,47.4000,1930,0
TCP.US,5,20131120,214500,47.3700,47.4800,47.3000,47.3000,2723,0
TCP.US,5,20131120,215000,47.3100,47.4600,47.3100,47.4000,1200,0
TCP.US,5,20131120,215500,47.3900,47.4600,47.1900,47.2500,7308,0
TCP.US,5,20131120,220000,47.3500,47.6300,47.2000,47.6000,24246,0
TCP.US,5,20131120,220500,47.6000,47.6200,47.6000,47.6200,1966,0
TCP.US,5,20131121,153500,47.8400,47.9900,47.5900,47.9900,5143,0
TCP.US,5,20131121,154000,47.8900,48.1100,47.8100,48.0900,4039,0
TCP.US,5,20131121,154500,47.9200,48.2700,47.9200,48.2700,4109,0
TCP.US,5,20131121,155000,48.1500,48.3000,48.0300,48.0300,3448,0
TCP.US,5,20131121,155500,47.9900,47.9900,47.9800,47.9800,200,0
TCP.US,5,20131121,160000,47.8800,48.0300,47.8800,48.0300,1015,0
TCP.US,5,20131121,160500,48.1100,48.1100,48.1100,48.1100,100,0
TCP.US,5,20131121,161000,48.1100,48.1100,48.0200,48.0200,300,0
TCP.US,5,20131121,162000,48.0800,48.0800,48.0800,48.0800,120,0
TCP.US,5,20131121,163000,47.9900,48.1100,47.9700,47.9700,632,0
TCP.US,5,20131121,163500,47.8100,48.1500,47.8100,48.0500,4043,0
TCP.US,5,20131121,164000,48.1200,48.1200,48.0000,48.0000,800,0
TCP.US,5,20131121,164500,48.0200,48.0200,47.8800,48.0200,585,0
TCP.US,5,20131121,165000,48.0000,48.0000,48.0000,48.0000,300,0
TCP.US,5,20131121,165500,48.0000,48.0000,48.0000,48.0000,200,0
TCP.US,5,20131121,170000,48.0000,48.0000,48.0000,48.0000,100,0
TCP.US,5,20131121,171000,47.8600,47.8600,47.8600,47.8600,155,0
TCP.US,5,20131121,171500,48.1400,48.1400,48.1400,48.1400,100,0
TCP.US,5,20131121,172000,48.1500,48.2500,48.1300,48.2500,877,0
TCP.US,5,20131121,172500,48.3500,48.3500,48.1900,48.1900,800,0
TCP.US,5,20131121,173000,48.2200,48.2200,48.2000,48.2100,500,0
TCP.US,5,20131121,173500,48.3600,48.4200,48.3500,48.4200,500,0
TCP.US,5,20131121,174000,48.3900,48.5000,48.2600,48.5000,1300,0
TCP.US,5,20131121,174500,48.4300,48.5000,48.3700,48.5000,1200,0
TCP.US,5,20131121,175000,48.4700,48.4700,48.4700,48.4700,300,0
TCP.US,5,20131121,180000,48.4400,48.4400,48.2800,48.2800,800,0
TCP.US,5,20131121,180500,48.2700,48.3000,48.2700,48.3000,200,0
TCP.US,5,20131121,181000,48.3600,48.3600,48.1500,48.1500,1034,0
TCP.US,5,20131121,181500,48.3200,48.3200,48.2300,48.2300,300,0
TCP.US,5,20131121,182000,48.2300,48.2300,48.2300,48.2300,100,0
TCP.US,5,20131121,182500,48.3200,48.4700,48.2400,48.4000,10503,0
TCP.US,5,20131121,183000,48.4000,48.5800,48.3500,48.4300,5719,0
TCP.US,5,20131121,183500,48.3800,48.4700,48.3800,48.4700,600,0
TCP.US,5,20131121,184000,48.4700,48.4700,48.3900,48.3900,200,0
TCP.US,5,20131121,184500,48.5100,48.5100,48.2700,48.2700,505,0
TCP.US,5,20131121,185000,48.2600,48.2900,48.2600,48.2900,906,0
TCP.US,5,20131121,185500,48.4300,48.5000,48.4100,48.4400,2795,0
TCP.US,5,20131121,190000,48.4700,48.4700,48.4700,48.4700,100,0
TCP.US,5,20131121,191000,48.3500,48.3500,48.3500,48.3500,100,0
TCP.US,5,20131121,191500,48.3900,48.4900,48.3200,48.4400,1700,0
TCP.US,5,20131121,192000,48.4100,48.4500,48.3800,48.4200,400,0
TCP.US,5,20131121,192500,48.3300,48.3300,48.3300,48.3300,100,0
TCP.US,5,20131121,193000,48.4000,48.4000,48.3000,48.3000,600,0
TCP.US,5,20131121,193500,48.3800,48.3800,48.3800,48.3800,100,0
TCP.US,5,20131121,194000,48.2000,48.2500,48.2000,48.2500,1196,0
TCP.US,5,20131121,194500,48.3300,48.3500,48.1800,48.3000,830,0
TCP.US,5,20131121,195000,48.4300,48.4300,48.2700,48.3400,952,0
TCP.US,5,20131121,195500,48.4000,48.4000,48.4000,48.4000,190,0
TCP.US,5,20131121,200000,48.3100,48.3100,48.2800,48.2800,600,0
TCP.US,5,20131121,201000,48.2400,48.3000,48.1900,48.2400,700,0
TCP.US,5,20131121,202500,48.2800,48.3700,48.2600,48.2900,2123,0
TCP.US,5,20131121,203000,48.3100,48.3100,48.2500,48.2900,1100,0
TCP.US,5,20131121,203500,48.2900,48.2900,48.2900,48.2900,405,0
TCP.US,5,20131121,204000,48.3100,48.3100,48.3100,48.3100,200,0
TCP.US,5,20131121,204500,48.3100,48.3200,48.3100,48.3200,200,0
TCP.US,5,20131121,205000,48.4100,48.4100,48.4100,48.4100,400,0
TCP.US,5,20131121,205500,48.4100,48.4100,48.2300,48.2300,1995,0
TCP.US,5,20131121,210000,48.2500,48.2700,48.2400,48.2500,2409,0
TCP.US,5,20131121,210500,48.2500,48.2500,48.2500,48.2500,400,0
TCP.US,5,20131121,211000,48.1600,48.2900,48.1600,48.2500,1134,0
TCP.US,5,20131121,211500,48.2700,48.3900,48.2500,48.2500,960,0
TCP.US,5,20131121,212000,48.4000,48.4000,48.4000,48.4000,100,0
TCP.US,5,20131121,212500,48.5500,48.5500,48.4400,48.4500,900,0
TCP.US,5,20131121,213500,48.4600,48.4700,48.3600,48.3600,1681,0
TCP.US,5,20131121,214000,48.3600,48.3900,48.2000,48.3800,2120,0
TCP.US,5,20131121,215000,48.3900,48.3900,48.3300,48.3300,2521,0
TCP.US,5,20131121,220000,48.2900,48.3300,48.2800,48.3000,2225,0
TCP.US,5,20131121,220500,48.3300,48.3300,48.3300,48.3300,7853,0
TCP.US,5,20131122,153500,48.1400,48.1400,48.1400,48.1400,741,0
TCP.US,5,20131122,154500,48.3900,48.3900,48.2000,48.3100,500,0
TCP.US,5,20131122,155000,48.1600,48.3700,48.1600,48.3700,1200,0
TCP.US,5,20131122,155500,48.3500,48.3500,48.2500,48.2500,351,0
TCP.US,5,20131122,162500,48.2000,48.5500,48.2000,48.5500,700,0
TCP.US,5,20131122,163000,48.5300,48.5300,48.5300,48.5300,140,0
TCP.US,5,20131122,163500,48.4200,48.5600,48.3000,48.3800,900,0
TCP.US,5,20131122,164500,48.2800,48.3500,48.2800,48.3500,3503,0
TCP.US,5,20131122,165000,48.4300,48.4300,48.4300,48.4300,100,0
TCP.US,5,20131122,170000,48.3500,48.4200,48.2200,48.3700,2700,0
TCP.US,5,20131122,170500,48.4800,48.6500,48.4200,48.4400,1650,0
TCP.US,5,20131122,171000,48.4200,48.5800,48.4200,48.5800,600,0
TCP.US,5,20131122,171500,48.7000,48.7000,48.5000,48.5000,500,0
TCP.US,5,20131122,172000,48.6500,48.7600,48.6500,48.7600,1100,0
TCP.US,5,20131122,173500,48.6700,48.7800,48.6700,48.7800,200,0
TCP.US,5,20131122,174000,48.7200,48.7200,48.6200,48.6200,584,0
TCP.US,5,20131122,175000,48.7000,48.7000,48.5800,48.5800,200,0
TCP.US,5,20131122,175500,48.6200,48.8100,48.5900,48.6100,1300,0
TCP.US,5,20131122,180000,48.5800,48.6600,48.5300,48.5300,1700,0
TCP.US,5,20131122,180500,48.4800,48.5300,48.3600,48.4000,1700,0
TCP.US,5,20131122,181000,48.3600,48.4700,48.3600,48.4000,1450,0
TCP.US,5,20131122,181500,48.6000,48.6000,48.4000,48.4000,800,0
TCP.US,5,20131122,182000,48.3700,48.3700,48.1900,48.1900,400,0
TCP.US,5,20131122,182500,48.3800,48.4000,48.1000,48.3500,1100,0
TCP.US,5,20131122,183000,48.3700,48.4900,48.3200,48.4000,900,0
TCP.US,5,20131122,183500,48.3900,48.4400,48.2100,48.4000,1300,0
TCP.US,5,20131122,184000,48.4000,48.4600,48.3200,48.3900,1100,0
TCP.US,5,20131122,184500,48.4100,48.4400,48.3000,48.4000,1507,0
TCP.US,5,20131122,185000,48.3400,48.4000,48.2800,48.3800,1100,0
TCP.US,5,20131122,185500,48.3800,48.4100,48.3200,48.3500,1200,0
TCP.US,5,20131122,190000,48.4200,48.4600,48.3700,48.3800,1000,0
TCP.US,5,20131122,190500,48.4000,48.4700,48.4000,48.4000,1326,0
TCP.US,5,20131122,191000,48.4000,48.4100,48.2100,48.2500,11353,0
TCP.US,5,20131122,191500,48.2600,48.3000,48.1900,48.2600,3135,0
TCP.US,5,20131122,192000,48.2900,48.3000,48.2100,48.3000,1600,0
TCP.US,5,20131122,192500,48.3000,48.4000,48.2800,48.3100,1542,0
TCP.US,5,20131122,193000,48.3900,48.4500,48.3400,48.3600,1000,0
TCP.US,5,20131122,193500,48.3600,48.4700,48.3400,48.3600,2413,0
TCP.US,5,20131122,194000,48.3000,48.4900,48.3000,48.3600,5330,0
TCP.US,5,20131122,194500,48.4600,48.4600,48.3200,48.3400,512,0
TCP.US,5,20131122,195000,48.3800,48.3900,48.3800,48.3900,200,0
TCP.US,5,20131122,195500,48.4900,48.4900,48.4900,48.4900,28400,0
TCP.US,5,20131122,200000,48.5000,48.5000,48.4300,48.4300,2000,0
TCP.US,5,20131122,200500,48.4300,48.4300,48.3500,48.3500,500,0
TCP.US,5,20131122,201000,48.4500,48.4500,48.3500,48.3500,300,0
TCP.US,5,20131122,201500,48.4700,48.5000,48.4700,48.5000,674,0
TCP.US,5,20131122,202000,48.4600,48.4700,48.4600,48.4700,574,0
TCP.US,5,20131122,202500,48.4800,48.4800,48.4800,48.4800,112,0
TCP.US,5,20131122,203500,48.3900,48.3900,48.3600,48.3600,200,0
TCP.US,5,20131122,204000,48.3600,48.4900,48.3600,48.4300,3600,0
TCP.US,5,20131122,204500,48.5000,48.5000,48.3800,48.4800,8200,0
TCP.US,5,20131122,205000,48.4100,48.4100,48.3500,48.3500,203,0
TCP.US,5,20131122,205500,48.3500,48.3500,48.3500,48.3500,400,0
TCP.US,5,20131122,210000,48.3500,48.3500,48.2200,48.2600,700,0
TCP.US,5,20131122,210500,48.2500,48.2600,48.2500,48.2600,400,0
TCP.US,5,20131122,211000,48.2500,48.2600,48.2500,48.2600,500,0
TCP.US,5,20131122,211500,48.4500,48.4500,48.2500,48.2500,897,0
TCP.US,5,20131122,212000,48.2500,48.3400,48.2500,48.2500,800,0
TCP.US,5,20131122,212500,48.2500,48.2500,48.2100,48.2200,510,0
TCP.US,5,20131122,213000,48.2100,48.2100,48.2000,48.2000,400,0
TCP.US,5,20131122,213500,48.2100,48.3000,48.0500,48.0600,1300,0
TCP.US,5,20131122,214000,48.2900,48.5100,48.1900,48.3800,700,0
TCP.US,5,20131122,214500,48.4500,48.5000,48.3800,48.3900,21100,0
TCP.US,5,20131122,215000,48.4000,48.4200,48.3500,48.4200,1600,0
TCP.US,5,20131122,215500,48.4800,48.4800,48.3200,48.3200,1000,0
TCP.US,5,20131122,220000,48.3200,48.3600,48.1000,48.1200,5679,0
TCP.US,5,20131122,220500,48.1200,48.1200,48.1200,48.1200,6295,0
TCP.US,5,20131125,153500,48.3100,48.4000,48.0000,48.3100,4007,0
TCP.US,5,20131125,154000,48.2000,48.4500,48.2000,48.4300,2833,0
TCP.US,5,20131125,154500,48.3600,48.5000,48.2900,48.3700,6399,0
TCP.US,5,20131125,155000,48.3000,48.4700,48.2100,48.2600,4905,0
TCP.US,5,20131125,155500,48.3300,48.4300,48.3000,48.3000,7058,0
TCP.US,5,20131125,160000,48.3400,48.4500,48.2400,48.3900,1700,0
TCP.US,5,20131125,160500,48.2800,48.4600,48.2600,48.4600,1400,0
TCP.US,5,20131125,161000,48.4500,48.6200,48.3400,48.6200,1800,0
TCP.US,5,20131125,161500,48.6600,48.6600,48.6600,48.6600,100,0
TCP.US,5,20131125,162000,48.6600,48.6600,48.6600,48.6600,100,0
TCP.US,5,20131125,163000,48.5400,48.5400,48.5400,48.5400,100,0
TCP.US,5,20131125,163500,48.6000,48.6900,48.5800,48.6300,891,0
TCP.US,5,20131125,164000,48.6500,48.7500,48.6500,48.7500,200,0
TCP.US,5,20131125,164500,48.8900,48.9000,48.3900,48.3900,2900,0
TCP.US,5,20131125,165000,48.5800,48.6000,48.4600,48.4600,300,0
TCP.US,5,20131125,165500,48.5600,48.6200,48.4600,48.4600,1500,0
TCP.US,5,20131125,170000,48.6100,48.6100,48.6100,48.6100,100,0
TCP.US,5,20131125,170500,48.4600,48.5200,48.4600,48.5200,200,0
TCP.US,5,20131125,171000,48.5600,48.6000,48.4700,48.4700,2340,0
TCP.US,5,20131125,171500,48.4600,48.4600,48.4600,48.4600,165,0
TCP.US,5,20131125,172000,48.3500,48.4500,48.2200,48.2200,2881,0
TCP.US,5,20131125,172500,48.2200,48.2400,48.2100,48.2100,300,0
TCP.US,5,20131125,173000,48.2100,48.2100,48.2100,48.2100,100,0
TCP.US,5,20131125,173500,48.2900,48.2900,48.2800,48.2800,200,0
TCP.US,5,20131125,174000,48.2000,48.2400,48.2000,48.2000,300,0
TCP.US,5,20131125,174500,48.2000,48.2300,48.0700,48.2100,1733,0
TCP.US,5,20131125,175000,48.1800,48.3500,48.1800,48.3200,1100,0
TCP.US,5,20131125,175500,48.3700,48.3700,48.2600,48.3500,500,0
TCP.US,5,20131125,180000,48.2800,48.4600,48.2800,48.4600,201,0
TCP.US,5,20131125,180500,48.3000,48.3000,48.3000,48.3000,100,0
TCP.US,5,20131125,181000,48.1900,48.2000,48.1900,48.2000,200,0
TCP.US,5,20131125,181500,48.2200,48.2200,48.1800,48.1800,672,0
TCP.US,5,20131125,182000,48.1800,48.2100,48.1800,48.2100,200,0
TCP.US,5,20131125,182500,48.1800,48.1800,48.1800,48.1800,200,0
TCP.US,5,20131125,183000,48.1800,48.1800,48.1800,48.1800,100,0
TCP.US,5,20131125,183500,48.1800,48.1800,48.1500,48.1500,800,0
TCP.US,5,20131125,184000,48.1500,48.1500,48.1200,48.1200,1200,0
TCP.US,5,20131125,184500,48.1900,48.2200,48.1600,48.1800,1800,0
TCP.US,5,20131125,185000,48.1800,48.1800,47.9700,48.0500,5200,0
TCP.US,5,20131125,185500,47.9300,48.0200,47.9300,48.0200,500,0
TCP.US,5,20131125,190000,48.0000,48.2200,48.0000,48.1800,1800,0
TCP.US,5,20131125,190500,48.2200,48.2600,48.1400,48.1800,1597,0
TCP.US,5,20131125,191000,48.1700,48.1700,48.1300,48.1300,600,0
TCP.US,5,20131125,191500,48.0900,48.1300,48.0900,48.1300,400,0
TCP.US,5,20131125,192000,48.0000,48.0900,47.9500,48.0900,900,0
TCP.US,5,20131125,192500,47.9500,48.1000,47.9500,47.9600,440,0
TCP.US,5,20131125,193000,47.9600,48.1200,47.9500,48.0700,1600,0
TCP.US,5,20131125,193500,48.1100,48.1100,47.9600,47.9700,300,0
TCP.US,5,20131125,194000,47.9700,48.1600,47.9600,48.1600,300,0
TCP.US,5,20131125,194500,48.0700,48.1400,47.9800,48.0700,500,0
TCP.US,5,20131125,195000,48.0800,48.2100,48.0800,48.1800,800,0
TCP.US,5,20131125,195500,48.1900,48.2100,48.1400,48.1800,1000,0
TCP.US,5,20131125,200000,48.1300,48.1300,48.0700,48.0800,500,0
TCP.US,5,20131125,202000,48.1400,48.1400,48.1400,48.1400,100,0
TCP.US,5,20131125,203000,48.2300,48.2300,48.1900,48.1900,237,0
TCP.US,5,20131125,204000,48.2100,48.2700,48.2000,48.2700,500,0
TCP.US,5,20131125,204500,48.1900,48.3400,48.1600,48.3400,2422,0
TCP.US,5,20131125,205000,48.3200,48.3700,48.1900,48.3400,6821,0
TCP.US,5,20131125,205500,48.3300,48.4800,48.3300,48.4600,3633,0
TCP.US,5,20131125,210000,48.4000,48.4000,48.3600,48.3600,200,0
TCP.US,5,20131125,211000,48.3400,48.3400,48.2300,48.2300,300,0
TCP.US,5,20131125,211500,48.3100,48.3100,48.2500,48.2900,326,0
TCP.US,5,20131125,212000,48.3100,48.3400,48.2800,48.3400,900,0
TCP.US,5,20131125,212500,48.3500,48.3900,48.3400,48.3400,2000,0
TCP.US,5,20131125,213000,48.4100,48.5400,48.3900,48.4100,2800,0
TCP.US,5,20131125,214000,48.3200,48.4700,48.1900,48.3800,5353,0
TCP.US,5,20131125,214500,48.3500,48.4200,48.3400,48.4200,2146,0
TCP.US,5,20131125,215000,48.4300,48.4300,48.2300,48.3400,1486,0
TCP.US,5,20131125,215500,48.2200,48.3500,48.2200,48.2800,500,0
TCP.US,5,20131125,220000,48.2100,48.2700,48.1600,48.2700,1966,0
TCP.US,5,20131125,220500,48.2600,48.2600,48.2600,48.2600,5795,0
TCP.US,5,20131126,153500,47.9800,48.2200,47.9800,48.1200,1100,0
TCP.US,5,20131126,154000,47.9800,48.2500,47.9200,48.1300,3790,0
TCP.US,5,20131126,154500,48.1300,48.2500,48.1200,48.1200,300,0
TCP.US,5,20131126,155000,48.2400,48.2400,48.2400,48.2400,100,0
TCP.US,5,20131126,155500,48.1600,48.2300,48.1600,48.2300,200,0
TCP.US,5,20131126,160000,48.2500,48.2500,48.1300,48.1300,200,0
TCP.US,5,20131126,160500,48.1500,48.2600,48.1500,48.2600,600,0
TCP.US,5,20131126,161000,48.2600,48.3500,48.2300,48.3400,1400,0
TCP.US,5,20131126,162000,48.5400,48.5900,48.5300,48.5900,400,0
TCP.US,5,20131126,162500,48.5200,48.7700,48.5200,48.6800,500,0
TCP.US,5,20131126,163000,48.7700,48.7700,48.6400,48.6800,900,0
TCP.US,5,20131126,163500,48.6500,48.8100,48.6500,48.8000,4000,0
TCP.US,5,20131126,164000,48.7500,48.7500,48.6500,48.7000,4200,0
TCP.US,5,20131126,164500,48.8000,48.8000,48.7900,48.7900,300,0
TCP.US,5,20131126,165000,48.8000,48.8000,48.8000,48.8000,100,0
TCP.US,5,20131126,170000,48.7400,48.7400,48.7400,48.7400,200,0
TCP.US,5,20131126,171000,48.6600,48.6600,48.6600,48.6600,100,0
TCP.US,5,20131126,171500,48.4200,48.5400,48.4000,48.5400,480,0
TCP.US,5,20131126,172000,48.5800,48.7300,48.5800,48.6600,800,0
TCP.US,5,20131126,172500,48.6600,48.7400,48.6600,48.7400,800,0
TCP.US,5,20131126,173000,48.6900,48.7300,48.6300,48.7300,1066,0
TCP.US,5,20131126,174000,48.6600,48.7000,48.5300,48.5600,1100,0
TCP.US,5,20131126,175000,48.7000,48.7000,48.5500,48.6800,1359,0
TCP.US,5,20131126,175500,48.7300,48.7900,48.7000,48.7700,1852,0
TCP.US,5,20131126,180000,48.7400,48.7400,48.7100,48.7100,200,0
TCP.US,5,20131126,180500,48.7100,48.8000,48.6700,48.6900,3008,0
TCP.US,5,20131126,181000,48.8000,48.8000,48.7000,48.7900,500,0
TCP.US,5,20131126,181500,48.6800,48.6800,48.6200,48.6600,714,0
TCP.US,5,20131126,182000,48.7300,48.7700,48.6200,48.6200,1800,0
TCP.US,5,20131126,182500,48.6300,48.7600,48.6300,48.6300,1600,0
TCP.US,5,20131126,183000,48.7500,48.7500,48.6100,48.7500,2300,0
TCP.US,5,20131126,183500,48.5400,48.7600,48.5400,48.6700,1100,0
TCP.US,5,20131126,184000,48.7200,48.7900,48.7200,48.7900,200,0
TCP.US,5,20131126,184500,48.8000,48.8000,48.7400,48.7900,300,0
TCP.US,5,20131126,185000,48.8000,48.8000,48.8000,48.8000,100,0
TCP.US,5,20131126,185500,48.7200,48.7200,48.6200,48.6300,1190,0
TCP.US,5,20131126,190000,48.7300,48.7800,48.6400,48.7800,819,0
TCP.US,5,20131126,190500,48.7900,48.7900,48.7400,48.7900,1100,0
TCP.US,5,20131126,191000,48.8000,48.8100,48.8000,48.8000,1000,0
TCP.US,5,20131126,191500,48.8200,48.8200,48.8000,48.8000,200,0
TCP.US,5,20131126,192500,48.8000,48.8700,48.6800,48.6800,900,0
TCP.US,5,20131126,194000,48.7400,48.7900,48.7400,48.7900,400,0
TCP.US,5,20131126,194500,48.7200,48.7600,48.7100,48.7100,900,0
TCP.US,5,20131126,195000,48.6400,48.6900,48.6300,48.6700,600,0
TCP.US,5,20131126,195500,48.7300,48.8000,48.7300,48.8000,200,0
TCP.US,5,20131126,200000,48.7200,48.8000,48.7200,48.8000,300,0
TCP.US,5,20131126,200500,48.8100,48.8100,48.7600,48.7600,600,0
TCP.US,5,20131126,201000,48.8100,48.8200,48.8000,48.8000,600,0
TCP.US,5,20131126,202000,48.6900,48.7400,48.5700,48.6400,640,0
TCP.US,5,20131126,203000,48.6600,48.7000,48.6400,48.6700,1700,0
TCP.US,5,20131126,203500,48.6600,48.6800,48.4400,48.4500,3435,0
TCP.US,5,20131126,204000,48.5700,48.5800,48.4500,48.5500,1819,0
TCP.US,5,20131126,204500,48.6300,48.6300,48.6300,48.6300,249,0
TCP.US,5,20131126,205000,48.6500,48.6500,48.6500,48.6500,124,0
TCP.US,5,20131126,205500,48.6400,48.7000,48.6200,48.7000,400,0
TCP.US,5,20131126,210000,48.6900,48.6900,48.5800,48.5800,700,0
TCP.US,5,20131126,211500,48.5200,48.5600,48.4600,48.5600,1070,0
TCP.US,5,20131126,212000,48.5700,48.5800,48.4700,48.5200,1700,0
TCP.US,5,20131126,212500,48.4500,48.5000,48.3400,48.4100,2174,0
TCP.US,5,20131126,213000,48.4000,48.4400,48.3800,48.4000,800,0
TCP.US,5,20131126,213500,48.3500,48.3500,48.3500,48.3500,100,0
TCP.US,5,20131126,214500,48.3800,48.5100,48.3800,48.4400,800,0
TCP.US,5,20131126,215000,48.4300,48.4400,48.3700,48.3700,324,0
TCP.US,5,20131126,215500,48.4000,48.4600,48.3600,48.4600,700,0
TCP.US,5,20131126,220000,48.4000,48.4000,48.3300,48.3500,2756,0
TCP.US,5,20131126,220500,48.4100,48.4100,48.4100,48.4100,10643,0
TCP.US,5,20131127,153500,48.4600,48.5300,48.1900,48.2200,3110,0
TCP.US,5,20131127,154000,48.2500,48.4500,48.2500,48.3400,1300,0
TCP.US,5,20131127,154500,48.2500,48.3000,48.0800,48.0800,300,0
TCP.US,5,20131127,155500,48.0400,48.3000,48.0400,48.2600,463,0
TCP.US,5,20131127,160000,48.0300,48.2200,48.0100,48.2200,740,0
TCP.US,5,20131127,160500,48.0200,48.0200,48.0200,48.0200,100,0
TCP.US,5,20131127,161000,48.1200,48.1300,48.1200,48.1300,300,0
TCP.US,5,20131127,163000,48.1700,48.3300,48.1500,48.3300,900,0
TCP.US,5,20131127,164000,48.2500,48.3300,48.2500,48.3300,580,0
TCP.US,5,20131127,164500,48.3300,48.3300,48.3300,48.3300,100,0
TCP.US,5,20131127,165000,48.3900,48.4400,48.3900,48.4400,200,0
TCP.US,5,20131127,165500,48.3600,48.3600,48.3600,48.3600,100,0
TCP.US,5,20131127,171000,48.3400,48.4000,48.3400,48.4000,317,0
TCP.US,5,20131127,171500,48.3400,48.3400,48.3400,48.3400,100,0
TCP.US,5,20131127,172000,48.2800,48.2800,48.1800,48.1800,600,0
TCP.US,5,20131127,172500,48.1200,48.2200,48.0500,48.0500,300,0
TCP.US,5,20131127,173000,48.1300,48.1300,47.8400,47.9200,12074,0
TCP.US,5,20131127,173500,48.0000,48.0000,47.8000,47.8000,300,0
TCP.US,5,20131127,174000,47.7900,47.7900,47.7900,47.7900,100,0
TCP.US,5,20131127,174500,47.8000,47.8000,47.8000,47.8000,100,0
TCP.US,5,20131127,175000,47.7000,47.8200,47.7000,47.7200,1600,0
TCP.US,5,20131127,175500,47.8900,47.9600,47.8600,47.9600,1400,0
TCP.US,5,20131127,180000,48.0100,48.0100,48.0100,48.0100,300,0
TCP.US,5,20131127,180500,47.9600,47.9600,47.9600,47.9600,100,0
TCP.US,5,20131127,181500,47.9600,48.0000,47.9600,48.0000,1200,0
TCP.US,5,20131127,183000,48.0100,48.2000,48.0100,48.2000,500,0
TCP.US,5,20131127,184500,48.1400,48.1600,48.1300,48.1600,1000,0
TCP.US,5,20131127,185000,48.1000,48.1000,47.9900,47.9900,900,0
TCP.US,5,20131127,185500,47.9400,47.9400,47.9400,47.9400,100,0
TCP.US,5,20131127,191000,47.9400,48.0000,47.8900,47.9600,7632,0
TCP.US,5,20131127,191500,47.9800,48.1200,47.9800,48.1000,2204,0
TCP.US,5,20131127,192000,48.0200,48.2500,48.0200,48.0400,800,0
TCP.US,5,20131127,192500,48.0600,48.2500,48.0600,48.1300,2900,0
TCP.US,5,20131127,193000,48.1300,48.2000,48.1000,48.1900,1300,0
TCP.US,5,20131127,193500,48.2300,48.4200,48.2200,48.4200,1800,0
TCP.US,5,20131127,194000,48.4100,48.4100,48.4100,48.4100,100,0
TCP.US,5,20131127,194500,48.3900,48.3900,48.3700,48.3700,300,0
TCP.US,5,20131127,195000,48.3800,48.3800,48.3800,48.3800,100,0
TCP.US,5,20131127,195500,48.3800,48.3800,48.3800,48.3800,400,0
TCP.US,5,20131127,200000,48.3600,48.4900,48.3600,48.4900,1426,0
TCP.US,5,20131127,200500,48.5100,48.5100,48.5100,48.5100,200,0
TCP.US,5,20131127,201500,48.5300,48.5900,48.5300,48.5900,200,0
TCP.US,5,20131127,202000,48.5200,48.6200,48.5000,48.6200,1251,0
TCP.US,5,20131127,202500,48.6100,48.6100,48.6100,48.6100,312,0
TCP.US,5,20131127,203500,48.6100,48.6500,48.5800,48.6500,608,0
TCP.US,5,20131127,204000,48.6100,48.6300,48.6000,48.6000,1165,0
TCP.US,5,20131127,204500,48.6100,48.6600,48.6100,48.6600,800,0
TCP.US,5,20131127,205500,48.7300,48.7300,48.5300,48.5300,1500,0
TCP.US,5,20131127,210000,48.5900,48.7000,48.5500,48.7000,1921,0
TCP.US,5,20131127,211000,48.6700,48.6700,48.6500,48.6500,200,0
TCP.US,5,20131127,211500,48.6500,48.6500,48.6500,48.6500,100,0
TCP.US,5,20131127,212000,48.6000,48.6100,48.5500,48.5500,1000,0
TCP.US,5,20131127,212500,48.5100,48.5600,48.4400,48.4700,2141,0
TCP.US,5,20131127,213000,48.3300,48.4600,48.3000,48.3300,1593,0
TCP.US,5,20131127,213500,48.3000,48.4400,48.3000,48.4100,2690,0
TCP.US,5,20131127,214000,48.3300,48.3800,48.3300,48.3400,1893,0
TCP.US,5,20131127,214500,48.3400,48.4300,48.3400,48.4300,907,0
TCP.US,5,20131127,215000,48.4000,48.4100,48.4000,48.4000,300,0
TCP.US,5,20131127,215500,48.3400,48.3900,48.2900,48.3900,968,0
TCP.US,5,20131127,220000,48.3900,48.4300,48.3400,48.4200,3574,0
TCP.US,5,20131127,220500,48.3900,48.3900,48.3900,48.3900,4023,0
TCP.US,5,20131129,153500,48.8300,48.8300,48.8300,48.8300,200,0
TCP.US,5,20131129,154000,48.6600,48.8800,48.6600,48.8800,802,0
TCP.US,5,20131129,154500,49.0900,49.0900,48.7800,48.7800,1200,0
TCP.US,5,20131129,155000,49.0000,49.0000,49.0000,49.0000,100,0
TCP.US,5,20131129,160000,48.9700,48.9700,48.9700,48.9700,100,0
TCP.US,5,20131129,160500,48.9800,48.9800,48.9800,48.9800,100,0
TCP.US,5,20131129,161000,48.8900,49.3400,48.8900,49.3400,4600,0
TCP.US,5,20131129,161500,49.2500,49.2500,49.2500,49.2500,100,0
TCP.US,5,20131129,162500,49.0600,49.0600,48.9800,48.9800,300,0
TCP.US,5,20131129,163000,49.2000,49.2000,49.2000,49.2000,100,0
TCP.US,5,20131129,163500,49.0500,49.1000,49.0500,49.1000,200,0
TCP.US,5,20131129,164000,49.0900,49.1500,48.9800,49.1000,2288,0
TCP.US,5,20131129,164500,49.0300,49.1000,48.9900,49.1000,4100,0
TCP.US,5,20131129,165000,49.0300,49.1200,48.9800,49.0200,4600,0
TCP.US,5,20131129,165500,48.9800,49.0600,48.8600,48.8600,2165,0
TCP.US,5,20131129,171500,48.7400,48.7400,48.7400,48.7400,102,0
TCP.US,5,20131129,174000,48.7800,48.9800,48.7500,48.9800,700,0
TCP.US,5,20131129,174500,49.0000,49.0000,48.8900,48.9500,1245,0
TCP.US,5,20131129,175000,48.7800,48.7800,48.7800,48.7800,120,0
TCP.US,5,20131129,180500,48.8900,48.8900,48.8800,48.8900,300,0
TCP.US,5,20131129,181000,48.9600,48.9600,48.9600,48.9600,100,0
TCP.US,5,20131129,181500,48.8000,48.8900,48.8000,48.8900,200,0
TCP.US,5,20131129,182000,48.8700,48.8700,48.8700,48.8700,111,0
TCP.US,5,20131129,182500,48.8900,49.0900,48.8900,48.9700,1301,0
TCP.US,5,20131129,183000,49.1800,49.2600,48.8900,49.1700,1312,0
TCP.US,5,20131129,183500,49.1200,49.1200,48.8900,49.1100,300,0
TCP.US,5,20131129,184000,49.0800,49.2000,49.0700,49.2000,500,0
TCP.US,5,20131129,184500,49.2000,49.2000,49.0100,49.0500,4820,0
TCP.US,5,20131129,185000,49.0800,49.0900,49.0100,49.0200,1800,0
TCP.US,5,20131129,185500,49.0200,49.0200,49.0000,49.0100,500,0
TCP.US,5,20131129,190000,49.0300,49.0300,48.9800,49.0100,3294,0
TCP.US,5,20131129,190500,49.0000,49.0000,49.0000,49.0000,2649,0
TCP.US,5,20131202,153500,48.9900,48.9900,48.9900,48.9900,100,0
TCP.US,5,20131202,154000,48.9100,48.9100,48.7600,48.7600,569,0
TCP.US,5,20131202,154500,48.8500,48.8500,48.8500,48.8500,100,0
TCP.US,5,20131202,155000,48.7500,48.7500,48.5600,48.5600,300,0
TCP.US,5,20131202,155500,48.8900,48.8900,48.8900,48.8900,308,0
TCP.US,5,20131202,160000,48.9900,48.9900,48.9900,48.9900,400,0
TCP.US,5,20131202,161000,48.7000,48.7000,48.7000,48.7000,854,0
TCP.US,5,20131202,161500,48.9200,48.9200,48.9200,48.9200,500,0
TCP.US,5,20131202,162000,48.9200,48.9200,48.8600,48.8600,384,0
TCP.US,5,20131202,163000,48.7900,48.7900,48.6900,48.6900,400,0
TCP.US,5,20131202,163500,48.7400,48.7400,48.7400,48.7400,100,0
TCP.US,5,20131202,164000,48.6900,48.6900,48.6900,48.6900,100,0
TCP.US,5,20131202,164500,48.6300,48.7900,48.5500,48.6100,700,0
TCP.US,5,20131202,165000,48.6300,48.7300,48.5800,48.7100,1700,0
TCP.US,5,20131202,165500,48.7100,48.9200,48.6500,48.7200,1700,0
TCP.US,5,20131202,170000,48.6900,48.6900,48.5900,48.6100,1600,0
TCP.US,5,20131202,170500,48.6000,48.7200,48.5200,48.5500,2500,0
TCP.US,5,20131202,171000,48.5100,48.7100,48.5100,48.6600,2400,0
TCP.US,5,20131202,171500,48.5800,48.5800,48.5800,48.5800,200,0
TCP.US,5,20131202,172000,48.6900,48.6900,48.6300,48.6500,2300,0
TCP.US,5,20131202,172500,48.6200,48.6800,48.5000,48.5900,2200,0
TCP.US,5,20131202,173000,48.5600,48.6600,48.5600,48.6500,1000,0
TCP.US,5,20131202,174000,48.5700,48.5700,48.5700,48.5700,100,0
TCP.US,5,20131202,175500,48.5900,48.6100,48.5900,48.6100,200,0
TCP.US,5,20131202,182000,48.5200,48.5400,48.5200,48.5400,200,0
TCP.US,5,20131202,182500,48.5800,48.6100,48.5800,48.6100,200,0
TCP.US,5,20131202,183000,48.5600,48.5600,48.5400,48.5400,300,0
TCP.US,5,20131202,183500,48.5600,48.5600,48.4700,48.5600,400,0
TCP.US,5,20131202,184000,48.5600,48.5600,48.3600,48.3600,500,0
TCP.US,5,20131202,184500,48.4000,48.4900,48.2700,48.4300,3300,0
TCP.US,5,20131202,185000,48.4300,48.4500,48.3000,48.4200,1200,0
TCP.US,5,20131202,185500,48.3900,48.4400,48.2500,48.3900,1700,0
TCP.US,5,20131202,190000,48.3700,48.4500,48.1800,48.2600,1186,0
TCP.US,5,20131202,190500,48.3100,48.3300,48.2000,48.2400,1600,0
TCP.US,5,20131202,191000,48.2000,48.2700,48.1600,48.2700,700,0
TCP.US,5,20131202,191500,48.2800,48.2800,48.1500,48.2100,2000,0
TCP.US,5,20131202,192000,48.2400,48.2400,48.0600,48.1100,1700,0
TCP.US,5,20131202,192500,48.3500,48.3500,48.3500,48.3500,100,0
TCP.US,5,20131202,193000,48.1300,48.3200,48.0200,48.0200,1540,0
TCP.US,5,20131202,193500,48.0200,48.1100,48.0200,48.0800,300,0
TCP.US,5,20131202,194000,48.1200,48.1200,48.1200,48.1200,100,0
TCP.US,5,20131202,194500,48.0200,48.0900,48.0200,48.0300,300,0
TCP.US,5,20131202,195000,48.0200,48.0200,48.0200,48.0200,100,0
TCP.US,5,20131202,195500,48.0300,48.0900,48.0200,48.0500,705,0
TCP.US,5,20131202,200000,48.0500,48.0500,48.0400,48.0400,300,0
TCP.US,5,20131202,200500,48.0400,48.0700,48.0100,48.0100,3168,0
TCP.US,5,20131202,201000,48.0100,48.0100,47.8900,47.8900,951,0
TCP.US,5,20131202,201500,47.8300,48.0700,47.8200,48.0700,900,0
TCP.US,5,20131202,202000,48.0400,48.0700,47.9900,47.9900,600,0
TCP.US,5,20131202,202500,48.0000,48.0000,47.9700,47.9900,421,0
TCP.US,5,20131202,203000,47.8600,47.8600,47.5600,47.5600,2188,0
TCP.US,5,20131202,203500,47.5300,47.7200,47.5300,47.7200,1200,0
TCP.US,5,20131202,204000,47.7000,47.7000,47.7000,47.7000,100,0
TCP.US,5,20131202,204500,47.8100,47.8100,47.8100,47.8100,115,0
TCP.US,5,20131202,205000,47.7100,47.7100,47.6700,47.6700,300,0
TCP.US,5,20131202,205500,47.6700,47.7300,47.6700,47.7300,600,0
TCP.US,5,20131202,210000,47.6700,47.7900,47.6700,47.7900,400,0
TCP.US,5,20131202,210500,47.6700,47.7500,47.6000,47.7500,900,0
TCP.US,5,20131202,211000,47.6400,47.6500,47.6300,47.6500,700,0
TCP.US,5,20131202,211500,47.6700,47.6700,47.6200,47.6200,500,0
TCP.US,5,20131202,212000,47.6200,47.6200,47.4200,47.5200,1884,0
TCP.US,5,20131202,212500,47.4800,47.7100,47.4800,47.7100,1300,0
TCP.US,5,20131202,213000,47.6500,47.7100,47.6100,47.6300,800,0
TCP.US,5,20131202,213500,47.6800,47.6800,47.6100,47.6100,853,0
TCP.US,5,20131202,214000,47.3900,47.4900,47.3400,47.4100,2054,0
TCP.US,5,20131202,214500,47.3400,47.6400,47.2800,47.4500,1106,0
TCP.US,5,20131202,215000,47.4200,47.4200,47.2900,47.3700,1700,0
TCP.US,5,20131202,215500,47.3700,47.4900,47.3700,47.4500,1000,0
TCP.US,5,20131202,220000,47.4700,47.6800,47.2800,47.6600,7646,0
TCP.US,5,20131202,220500,47.4200,47.4200,47.4200,47.4200,3490,0
TCP.US,5,20131203,153500,46.9500,47.1300,46.8900,47.0200,2297,0
TCP.US,5,20131203,154000,47.2300,47.4400,46.8200,47.1800,3500,0
TCP.US,5,20131203,154500,47.4000,47.4000,47.0400,47.1800,3018,0
TCP.US,5,20131203,155000,47.1500,47.1900,47.0800,47.0800,900,0
TCP.US,5,20131203,155500,47.1000,47.1000,47.0800,47.0800,200,0
TCP.US,5,20131203,160000,46.9900,47.0600,46.9900,47.0600,575,0
TCP.US,5,20131203,160500,47.1900,47.1900,46.9500,46.9600,750,0
TCP.US,5,20131203,161500,46.9800,46.9800,46.9800,46.9800,100,0
TCP.US,5,20131203,162000,47.1500,47.1600,47.1500,47.1500,300,0
TCP.US,5,20131203,162500,47.1600,47.3600,47.1400,47.3600,1100,0
TCP.US,5,20131203,163000,47.1500,47.2800,47.1500,47.1900,700,0
TCP.US,5,20131203,163500,47.2000,47.4500,47.2000,47.3800,600,0
TCP.US,5,20131203,164000,47.2300,47.4100,47.2300,47.3700,2000,0
TCP.US,5,20131203,164500,47.2600,47.3500,47.2300,47.3400,1900,0
TCP.US,5,20131203,165000,47.3400,47.3400,47.2000,47.3000,1600,0
TCP.US,5,20131203,165500,47.2600,47.2600,47.2400,47.2400,200,0
TCP.US,5,20131203,170000,47.2500,47.3200,47.1300,47.1300,26255,0
TCP.US,5,20131203,171000,47.1600,47.1600,47.0300,47.0300,260,0
TCP.US,5,20131203,171500,47.1600,47.2500,47.1200,47.1200,700,0
TCP.US,5,20131203,172000,47.3000,47.3000,47.2400,47.2400,200,0
TCP.US,5,20131203,172500,47.2800,47.2800,47.2800,47.2800,100,0
TCP.US,5,20131203,173000,47.1600,47.1600,47.0500,47.0500,200,0
TCP.US,5,20131203,173500,47.2900,47.3000,47.2600,47.2600,400,0
TCP.US,5,20131203,174000,47.0400,47.0600,47.0400,47.0600,300,0
TCP.US,5,20131203,174500,47.0700,47.0700,47.0700,47.0700,223,0
TCP.US,5,20131203,175000,47.2800,47.2800,47.2800,47.2800,100,0
TCP.US,5,20131203,180500,47.3400,47.3400,47.3000,47.3000,200,0
TCP.US,5,20131203,181000,47.3000,47.3500,47.3000,47.3500,200,0
TCP.US,5,20131203,183500,47.3700,47.3800,47.3700,47.3800,400,0
TCP.US,5,20131203,184000,47.3400,47.4100,47.2000,47.4100,1870,0
TCP.US,5,20131203,184500,47.3800,47.5500,47.3800,47.4500,1600,0
TCP.US,5,20131203,185500,47.4600,47.4600,47.2500,47.4500,1614,0
TCP.US,5,20131203,190000,47.5000,47.5000,47.5000,47.5000,200,0
TCP.US,5,20131203,190500,47.4500,47.4500,47.2900,47.2900,400,0
TCP.US,5,20131203,191000,47.4500,47.4700,47.3800,47.4500,625,0
TCP.US,5,20131203,191500,47.3600,47.3600,47.3600,47.3600,100,0
TCP.US,5,20131203,192500,47.3600,47.4500,47.2500,47.3600,52200,0
TCP.US,5,20131203,193000,47.2900,47.3800,47.2900,47.3400,1100,0
TCP.US,5,20131203,193500,47.3100,47.4400,47.3100,47.3300,1523,0
TCP.US,5,20131203,194000,47.3500,47.3900,47.3500,47.3800,800,0
TCP.US,5,20131203,194500,47.2800,47.4000,47.2800,47.2800,1722,0
TCP.US,5,20131203,195000,47.2700,47.2700,47.1600,47.1600,1803,0
TCP.US,5,20131203,195500,47.0900,47.0900,47.0900,47.0900,275,0
TCP.US,5,20131203,200000,47.1500,47.2700,47.1200,47.1200,800,0
TCP.US,5,20131203,200500,47.1600,47.3500,47.1600,47.2100,2600,0
TCP.US,5,20131203,201000,47.0400,47.4200,47.0400,47.3200,2242,0
TCP.US,5,20131203,201500,47.2800,47.3100,47.1700,47.3100,3799,0
TCP.US,5,20131203,202000,47.2400,47.3000,47.1100,47.1400,2400,0
TCP.US,5,20131203,202500,47.1900,47.3500,47.1900,47.2500,3356,0
TCP.US,5,20131203,203000,47.2500,47.3400,47.2300,47.2500,4757,0
TCP.US,5,20131203,203500,47.2400,47.3400,47.2400,47.3400,1600,0
TCP.US,5,20131203,204000,47.3400,47.3400,47.2400,47.3300,900,0
TCP.US,5,20131203,204500,47.2800,47.3300,47.2600,47.2700,900,0
TCP.US,5,20131203,205000,47.2600,47.2600,47.2000,47.2000,1186,0
TCP.US,5,20131203,205500,47.2000,47.2000,46.9800,47.1800,2399,0
TCP.US,5,20131203,210500,47.1200,47.1200,47.1000,47.1000,500,0
TCP.US,5,20131203,211000,47.0500,47.1400,47.0500,47.1400,800,0
TCP.US,5,20131203,212000,47.0600,47.1000,46.9000,46.9500,600,0
TCP.US,5,20131203,212500,46.8800,46.9200,46.8500,46.8500,900,0
TCP.US,5,20131203,213000,46.8600,46.8900,46.8100,46.8700,1929,0
TCP.US,5,20131203,213500,46.9300,46.9300,46.8100,46.8200,1200,0
TCP.US,5,20131203,214000,46.9300,47.1100,46.8400,47.1100,1000,0
TCP.US,5,20131203,214500,47.0900,47.0900,46.8100,46.8600,1000,0
TCP.US,5,20131203,215000,46.8900,46.9100,46.6400,46.9100,6100,0
TCP.US,5,20131203,215500,46.7700,46.9000,46.7700,46.8100,7700,0
TCP.US,5,20131203,220000,46.7900,47.0400,46.6500,47.0000,15595,0
TCP.US,5,20131203,220500,47.0200,47.0200,47.0200,47.0200,1271,0
TCP.US,5,20131204,153500,46.6100,46.9700,46.6100,46.8400,2899,0
TCP.US,5,20131204,154000,46.8000,46.8300,46.7900,46.8300,1785,0
TCP.US,5,20131204,155000,46.8000,46.8700,46.6000,46.6000,2512,0
TCP.US,5,20131204,155500,46.5600,46.5800,46.1400,46.3200,1100,0
TCP.US,5,20131204,160000,46.2300,46.4200,46.2000,46.2000,305,0
TCP.US,5,20131204,160500,46.2500,46.5400,46.2000,46.2500,1300,0
TCP.US,5,20131204,161000,46.2500,46.4700,46.2400,46.4000,898,0
TCP.US,5,20131204,161500,46.4400,46.4400,46.2600,46.2600,530,0
TCP.US,5,20131204,162000,46.4300,46.4900,46.2800,46.4900,1100,0
TCP.US,5,20131204,162500,46.4900,46.5900,46.4900,46.5500,900,0
TCP.US,5,20131204,163000,46.6200,46.6800,46.5900,46.6600,700,0
TCP.US,5,20131204,163500,46.5600,46.7000,46.5600,46.6700,2300,0
TCP.US,5,20131204,164000,46.5800,46.8600,46.5800,46.8100,1800,0
TCP.US,5,20131204,164500,46.6200,46.6400,46.3800,46.6400,1373,0
TCP.US,5,20131204,165000,46.6700,46.7500,46.6200,46.7100,1100,0
TCP.US,5,20131204,165500,46.5700,46.9000,46.5700,46.7500,2809,0
TCP.US,5,20131204,170000,46.6700,46.7900,46.6700,46.7800,2450,0
TCP.US,5,20131204,171000,46.7300,46.7300,46.7300,46.7300,200,0
TCP.US,5,20131204,171500,46.8000,46.8000,46.6200,46.6800,3600,0
TCP.US,5,20131204,172000,46.6600,46.6600,46.6200,46.6200,200,0
TCP.US,5,20131204,172500,46.6100,46.6100,46.6100,46.6100,100,0
TCP.US,5,20131204,173000,46.6200,46.6200,46.5700,46.5700,300,0
TCP.US,5,20131204,173500,46.5000,46.5000,46.2900,46.2900,500,0
TCP.US,5,20131204,174000,46.3200,46.5300,46.3200,46.4000,3321,0
TCP.US,5,20131204,174500,46.4200,46.5400,46.4200,46.5100,1800,0
TCP.US,5,20131204,175000,46.5000,46.6000,46.4600,46.4800,1900,0
TCP.US,5,20131204,175500,46.5300,46.5800,46.3600,46.5200,4400,0
TCP.US,5,20131204,180000,46.5200,46.5200,46.4200,46.4200,1000,0
TCP.US,5,20131204,180500,46.4300,46.5000,46.3600,46.4100,1100,0
TCP.US,5,20131204,181000,46.3100,46.3900,46.3100,46.3700,600,0
TCP.US,5,20131204,182000,46.4500,46.4500,46.4500,46.4500,100,0
TCP.US,5,20131204,182500,46.2400,46.2400,46.2400,46.2400,100,0
TCP.US,5,20131204,183000,46.1800,46.2700,46.1800,46.2700,750,0
TCP.US,5,20131204,183500,46.3900,46.3900,46.3900,46.3900,100,0
TCP.US,5,20131204,184000,46.3800,46.4000,46.2400,46.2400,3700,0
TCP.US,5,20131204,184500,46.2200,46.2200,46.1800,46.1900,1200,0
TCP.US,5,20131204,185000,46.1900,46.2500,46.0500,46.0500,2083,0
TCP.US,5,20131204,185500,46.0700,46.1900,46.0600,46.1900,2385,0
TCP.US,5,20131204,190000,46.1200,46.1900,46.1200,46.1800,500,0
TCP.US,5,20131204,190500,46.1900,46.3300,46.1800,46.3300,4837,0
TCP.US,5,20131204,191000,46.2300,46.2300,46.2300,46.2300,100,0
TCP.US,5,20131204,191500,46.2400,46.3100,46.2400,46.3100,200,0
TCP.US,5,20131204,192000,46.2400,46.2400,46.2400,46.2400,100,0
TCP.US,5,20131204,192500,46.2300,46.2500,46.1700,46.1700,600,0
TCP.US,5,20131204,193000,46.2600,46.3800,46.1800,46.2700,1966,0
TCP.US,5,20131204,193500,46.2200,46.2200,46.2200,46.2200,300,0
TCP.US,5,20131204,194000,46.2800,46.3100,46.2500,46.3000,2639,0
TCP.US,5,20131204,194500,46.3600,46.3600,46.2000,46.2000,1800,0
TCP.US,5,20131204,195000,46.2000,46.2200,46.2000,46.2100,400,0
TCP.US,5,20131204,200000,46.1600,46.1600,46.1600,46.1600,100,0
TCP.US,5,20131204,200500,46.1700,46.1900,46.1700,46.1900,800,0
TCP.US,5,20131204,201000,46.2100,46.3900,46.1600,46.3400,1474,0
TCP.US,5,20131204,201500,46.3500,46.4400,46.2900,46.2900,550,0
TCP.US,5,20131204,202000,46.3000,46.4400,46.3000,46.3800,1275,0
TCP.US,5,20131204,202500,46.3800,46.4100,46.3400,46.4100,1566,0
TCP.US,5,20131204,203000,46.3700,46.4100,46.3300,46.3400,6794,0
TCP.US,5,20131204,203500,46.3900,46.3900,46.3300,46.3300,1986,0
TCP.US,5,20131204,204000,46.3300,46.3400,46.3300,46.3400,708,0
TCP.US,5,20131204,204500,46.4300,46.4300,46.4100,46.4100,300,0
TCP.US,5,20131204,205000,46.4000,46.4000,46.4000,46.4000,870,0
TCP.US,5,20131204,205500,46.4200,46.4200,46.4200,46.4200,202,0
TCP.US,5,20131204,210000,46.3400,46.3900,46.3200,46.3200,1030,0
TCP.US,5,20131204,210500,46.3300,46.4000,46.3300,46.3500,3400,0
TCP.US,5,20131204,211500,46.3300,46.3300,46.3300,46.3300,229,0
TCP.US,5,20131204,212000,46.2100,46.2100,46.2000,46.2000,403,0
TCP.US,5,20131204,212500,46.2000,46.2000,46.2000,46.2000,300,0
TCP.US,5,20131204,213000,46.2000,46.2000,46.1600,46.1700,2300,0
TCP.US,5,20131204,213500,46.3600,46.3600,46.2700,46.2700,354,0
TCP.US,5,20131204,214000,46.3000,46.3000,46.1800,46.2900,1000,0
TCP.US,5,20131204,214500,46.2800,46.3700,46.2700,46.3600,1000,0
TCP.US,5,20131204,215000,46.3100,46.4900,46.3100,46.3600,5838,0
TCP.US,5,20131204,215500,46.3100,46.3500,46.2000,46.2000,1905,0
TCP.US,5,20131204,220000,46.2100,46.3200,46.2000,46.3000,3918,0
TCP.US,5,20131204,220500,46.3300,46.3300,46.3300,46.3300,5199,0
TCP.US,5,20131205,153500,46.5500,46.5500,46.0100,46.2000,1050,0
TCP.US,5,20131205,154500,46.2100,46.5500,46.2100,46.5500,615,0
TCP.US,5,20131205,155500,46.2400,46.2400,46.2100,46.2300,3900,0
TCP.US,5,20131205,160000,46.1500,46.2300,46.1500,46.2200,1300,0
TCP.US,5,20131205,160500,46.3000,46.3900,46.1900,46.1900,3400,0
TCP.US,5,20131205,161000,46.2000,46.3000,46.1500,46.1500,2300,0
TCP.US,5,20131205,161500,46.1500,46.1900,46.0000,46.0100,1675,0
TCP.US,5,20131205,162000,46.0200,46.1800,46.0200,46.1800,950,0
TCP.US,5,20131205,162500,46.2000,46.2000,45.8000,46.1800,2712,0
TCP.US,5,20131205,163000,46.1400,46.1400,45.7400,46.0500,2439,0
TCP.US,5,20131205,163500,45.9900,46.2000,45.9300,46.0600,1900,0
TCP.US,5,20131205,164500,45.9400,46.0800,45.8600,45.8800,1728,0
TCP.US,5,20131205,165000,45.9800,46.0000,45.9800,46.0000,400,0
TCP.US,5,20131205,165500,46.0900,46.0900,45.9300,45.9900,1000,0
TCP.US,5,20131205,170000,46.0600,46.0800,45.9300,46.0200,2358,0
TCP.US,5,20131205,170500,46.0200,46.0200,45.9500,45.9500,1600,0
TCP.US,5,20131205,171500,46.0200,46.0200,46.0200,46.0200,100,0
TCP.US,5,20131205,172000,46.0100,46.0200,45.9000,45.9000,4100,0
TCP.US,5,20131205,173000,45.9900,45.9900,45.8600,45.8600,300,0
TCP.US,5,20131205,173500,45.9700,45.9700,45.8700,45.9700,1155,0
TCP.US,5,20131205,174000,45.9900,45.9900,45.9500,45.9500,200,0
TCP.US,5,20131205,174500,45.9900,45.9900,45.9500,45.9500,200,0
TCP.US,5,20131205,175000,45.9500,46.0000,45.9300,45.9300,395,0
TCP.US,5,20131205,175500,46.0600,46.0900,45.9700,46.0900,800,0
TCP.US,5,20131205,180000,46.0900,46.0900,46.0200,46.0200,200,0
TCP.US,5,20131205,180500,46.0900,46.1000,46.0200,46.1000,1100,0
TCP.US,5,20131205,181000,46.1200,46.1200,46.0600,46.1100,1100,0
TCP.US,5,20131205,181500,46.1400,46.2000,46.0200,46.1500,2050,0
TCP.US,5,20131205,182000,46.1700,46.2100,46.1100,46.1200,600,0
TCP.US,5,20131205,182500,46.1400,46.1900,46.1400,46.1900,400,0
TCP.US,5,20131205,183000,46.1600,46.1600,46.1600,46.1600,100,0
TCP.US,5,20131205,184000,46.0700,46.2200,46.0700,46.1700,781,0
TCP.US,5,20131205,185000,46.0700,46.2100,46.0600,46.2100,1168,0
TCP.US,5,20131205,185500,46.2100,46.2100,46.1300,46.1300,280,0
TCP.US,5,20131205,190000,46.2100,46.2100,46.2100,46.2100,100,0
TCP.US,5,20131205,190500,46.1900,46.1900,46.0800,46.0800,300,0
TCP.US,5,20131205,191500,46.1500,46.1600,46.1500,46.1600,400,0
TCP.US,5,20131205,193500,46.2000,46.2000,46.2000,46.2000,300,0
TCP.US,5,20131205,194000,46.2400,46.2400,46.2400,46.2400,100,0
TCP.US,5,20131205,195500,46.2200,46.2200,46.2200,46.2200,100,0
TCP.US,5,20131205,200000,46.2500,46.2500,46.2500,46.2500,100,0
TCP.US,5,20131205,200500,46.1200,46.2300,46.1200,46.2000,504,0
TCP.US,5,20131205,201500,46.2500,46.2500,46.1500,46.1800,1150,0
TCP.US,5,20131205,202000,46.1800,46.1800,46.1800,46.1800,100,0
TCP.US,5,20131205,202500,46.1700,46.1700,46.1700,46.1700,100,0
TCP.US,5,20131205,203000,46.1800,46.1800,46.1800,46.1800,180,0
TCP.US,5,20131205,203500,46.1700,46.1700,46.0800,46.1700,1451,0
TCP.US,5,20131205,204500,46.1500,46.1500,46.0700,46.0700,375,0
TCP.US,5,20131205,205000,46.1900,46.1900,46.1900,46.1900,100,0
TCP.US,5,20131205,205500,46.1400,46.1400,46.1400,46.1400,100,0
TCP.US,5,20131205,210000,46.1200,46.1200,46.1200,46.1200,100,0
TCP.US,5,20131205,210500,46.0700,46.1300,46.0700,46.1300,1000,0
TCP.US,5,20131205,211000,46.0600,46.1400,46.0500,46.1300,700,0
TCP.US,5,20131205,211500,46.1300,46.1300,46.1300,46.1300,200,0
TCP.US,5,20131205,212000,46.2000,46.2600,46.0800,46.1300,2003,0
TCP.US,5,20131205,212500,46.1700,46.2500,46.1600,46.2500,1058,0
TCP.US,5,20131205,213000,46.2600,46.2600,46.0900,46.0900,500,0
TCP.US,5,20131205,213500,46.2100,46.2100,46.1100,46.1500,700,0
TCP.US,5,20131205,214000,46.1900,46.2800,46.0500,46.0500,1200,0
TCP.US,5,20131205,214500,46.1500,46.1500,46.0600,46.0600,300,0
TCP.US,5,20131205,215000,46.1400,46.1500,46.0900,46.0900,1000,0
TCP.US,5,20131205,215500,46.0800,46.0800,46.0400,46.0400,1500,0
TCP.US,5,20131205,220000,46.0400,46.0400,45.8500,45.9200,8429,0
TCP.US,5,20131205,220500,45.9200,45.9200,45.9200,45.9200,10738,0
TCP.US,5,20131206,153500,45.9500,46.3200,45.7500,46.1400,2900,0
TCP.US,5,20131206,154000,46.0600,46.1400,45.8600,46.0400,3444,0
TCP.US,5,20131206,154500,46.0000,46.0700,46.0000,46.0200,600,0
TCP.US,5,20131206,155000,45.9600,46.0200,45.8700,45.8700,1000,0
TCP.US,5,20131206,155500,46.1500,46.1500,46.1500,46.1500,120,0
TCP.US,5,20131206,160000,46.0000,46.0600,46.0000,46.0000,1200,0
TCP.US,5,20131206,160500,45.8900,46.1300,45.8900,46.0900,510,0
TCP.US,5,20131206,161000,45.9000,45.9000,45.7800,45.7800,1267,0
TCP.US,5,20131206,161500,45.7600,45.8800,45.5900,45.8800,3115,0
TCP.US,5,20131206,162000,45.9000,45.9500,45.8500,45.8700,2400,0
TCP.US,5,20131206,162500,45.8800,45.9000,45.8700,45.9000,400,0
TCP.US,5,20131206,163000,45.9000,45.9000,45.8500,45.8500,300,0
TCP.US,5,20131206,163500,45.7700,45.7700,45.7100,45.7100,640,0
TCP.US,5,20131206,164000,45.7300,45.7300,45.7300,45.7300,100,0
TCP.US,5,20131206,164500,45.7100,45.7100,45.7100,45.7100,200,0
TCP.US,5,20131206,165500,45.7500,45.8300,45.7500,45.8300,1600,0
TCP.US,5,20131206,170000,45.8000,45.8900,45.7100,45.8900,26333,0
TCP.US,5,20131206,170500,45.7700,45.8800,45.7300,45.7300,1300,0
TCP.US,5,20131206,171000,45.7200,45.8800,45.7200,45.8800,601,0
TCP.US,5,20131206,171500,45.7500,45.7500,45.7500,45.7500,200,0
TCP.US,5,20131206,172000,45.7200,45.8500,45.6600,45.8500,736,0
TCP.US,5,20131206,173000,45.6700,45.8700,45.6700,45.8200,400,0
TCP.US,5,20131206,173500,45.7100,45.7100,45.7100,45.7100,355,0
TCP.US,5,20131206,174000,45.9100,45.9100,45.7400,45.9100,800,0
TCP.US,5,20131206,180000,45.7500,45.7500,45.7500,45.7500,1308,0
TCP.US,5,20131206,180500,45.7500,45.7500,45.7500,45.7500,102,0
TCP.US,5,20131206,181000,45.7500,45.7500,45.7500,45.7500,222,0
TCP.US,5,20131206,181500,45.8300,45.9000,45.8300,45.8500,1200,0
TCP.US,5,20131206,182000,45.8800,45.8900,45.8100,45.8500,1065,0
TCP.US,5,20131206,182500,45.8900,45.8900,45.8500,45.8500,200,0
TCP.US,5,20131206,183000,45.8000,45.8500,45.7800,45.7800,1088,0
TCP.US,5,20131206,184000,45.7900,45.7900,45.7900,45.7900,100,0
TCP.US,5,20131206,185000,45.8500,45.8500,45.8500,45.8500,200,0
TCP.US,5,20131206,185500,45.7700,45.7700,45.7700,45.7700,200,0
TCP.US,5,20131206,190500,45.8500,45.8800,45.8500,45.8500,539,0
TCP.US,5,20131206,191000,45.8500,45.8500,45.8500,45.8500,100,0
TCP.US,5,20131206,191500,45.8500,45.8500,45.8500,45.8500,100,0
TCP.US,5,20131206,192000,45.8500,45.9900,45.8500,45.9900,410,0
TCP.US,5,20131206,192500,45.9700,45.9700,45.8500,45.8500,300,0
TCP.US,5,20131206,193000,46.0000,46.0000,45.8500,45.8500,200,0
TCP.US,5,20131206,193500,45.9600,45.9600,45.7900,45.7900,200,0
TCP.US,5,20131206,194000,45.8500,46.0000,45.8500,46.0000,800,0
TCP.US,5,20131206,194500,45.8500,45.8900,45.8300,45.8900,900,0
TCP.US,5,20131206,195000,45.8700,46.0000,45.8600,45.8700,1200,0
TCP.US,5,20131206,200000,45.8500,45.9300,45.8500,45.8500,1249,0
TCP.US,5,20131206,200500,45.8600,45.8600,45.8600,45.8600,100,0
TCP.US,5,20131206,201000,45.9700,45.9700,45.8600,45.8600,1084,0
TCP.US,5,20131206,202000,45.9800,45.9800,45.9800,45.9800,207,0
TCP.US,5,20131206,202500,45.9300,45.9500,45.8600,45.9500,450,0
TCP.US,5,20131206,203000,45.9500,45.9500,45.9500,45.9500,102,0
TCP.US,5,20131206,204500,45.8700,45.8700,45.8700,45.8700,200,0
TCP.US,5,20131206,205000,45.8700,45.9500,45.8600,45.9500,307,0
TCP.US,5,20131206,210000,45.9000,45.9000,45.9000,45.9000,200,0
TCP.US,5,20131206,210500,45.9200,45.9200,45.8500,45.8500,513,0
TCP.US,5,20131206,211000,45.9200,45.9200,45.9200,45.9200,699,0
TCP.US,5,20131206,211500,45.9500,45.9700,45.9400,45.9700,623,0
TCP.US,5,20131206,212000,45.9300,45.9900,45.8900,45.9000,25920,0
TCP.US,5,20131206,212500,45.9400,45.9600,45.8800,45.9400,700,0
TCP.US,5,20131206,213000,45.9700,45.9700,45.8900,45.9000,800,0
TCP.US,5,20131206,214000,45.9300,45.9300,45.9000,45.9000,200,0
TCP.US,5,20131206,214500,45.9500,45.9500,45.9000,45.9300,1100,0
TCP.US,5,20131206,215000,45.9000,45.9200,45.7900,45.8500,3177,0
TCP.US,5,20131206,215500,45.8200,45.9000,45.8200,45.8300,600,0
TCP.US,5,20131206,220000,45.8400,45.9900,45.7800,45.9000,5110,0
TCP.US,5,20131206,220500,45.8500,45.8500,45.8500,45.8500,5485,0
TCP.US,5,20131209,153500,45.8300,45.8300,45.7800,45.7800,600,0
TCP.US,5,20131209,155000,46.0200,46.0200,46.0200,46.0200,200,0
TCP.US,5,20131209,155500,45.9000,46.0000,45.9000,45.9700,1000,0
TCP.US,5,20131209,160000,45.9500,46.0000,45.9500,45.9800,1249,0
TCP.US,5,20131209,160500,45.9800,46.1900,45.9800,46.1700,800,0
TCP.US,5,20131209,161000,46.1600,46.1600,46.1500,46.1500,1000,0
TCP.US,5,20131209,161500,46.1800,46.2400,46.1600,46.1600,7392,0
TCP.US,5,20131209,162000,46.2200,46.2300,46.2200,46.2200,2500,0
TCP.US,5,20131209,162500,46.2400,46.2400,46.1700,46.1700,2200,0
TCP.US,5,20131209,163000,46.1800,46.2900,46.1800,46.2900,700,0
TCP.US,5,20131209,163500,46.2200,46.3600,46.2200,46.3600,1540,0
TCP.US,5,20131209,164000,46.3100,46.3900,46.2100,46.2900,2900,0
TCP.US,5,20131209,164500,46.2900,46.3200,46.2900,46.3200,1100,0
TCP.US,5,20131209,165000,46.2400,46.2800,46.2400,46.2800,800,0
TCP.US,5,20131209,165500,46.2700,46.3100,46.2700,46.3100,1090,0
TCP.US,5,20131209,170000,46.3000,46.3000,46.2900,46.2900,600,0
TCP.US,5,20131209,170500,46.3100,46.3300,46.3100,46.3300,700,0
TCP.US,5,20131209,171000,46.3300,46.3600,46.3200,46.3200,900,0
TCP.US,5,20131209,172000,46.3500,46.3500,46.2700,46.2700,600,0
TCP.US,5,20131209,172500,46.2500,46.3000,46.2500,46.3000,1300,0
TCP.US,5,20131209,173000,46.3000,46.3600,46.3000,46.3600,700,0
TCP.US,5,20131209,173500,46.3600,46.4000,46.2300,46.2300,2005,0
TCP.US,5,20131209,174000,46.2600,46.2600,46.2600,46.2600,300,0
TCP.US,5,20131209,174500,46.2400,46.2600,46.2400,46.2500,959,0
TCP.US,5,20131209,175000,46.2300,46.2500,46.2300,46.2500,1500,0
TCP.US,5,20131209,175500,46.2500,46.3700,46.2500,46.3600,1000,0
TCP.US,5,20131209,180000,46.3200,46.3700,46.1500,46.2300,6824,0
TCP.US,5,20131209,180500,46.2900,46.2900,46.1400,46.1500,3568,0
TCP.US,5,20131209,181000,46.1300,46.2500,46.1200,46.2500,3700,0
TCP.US,5,20131209,181500,46.2500,46.2500,46.2500,46.2500,1000,0
TCP.US,5,20131209,182000,46.1700,46.1700,46.1700,46.1700,400,0
TCP.US,5,20131209,182500,46.2500,46.2800,46.2500,46.2600,839,0
TCP.US,5,20131209,183000,46.2900,46.2900,46.2700,46.2700,480,0
TCP.US,5,20131209,183500,46.2700,46.3600,46.2700,46.3600,2000,0
TCP.US,5,20131209,184000,46.3800,46.5700,46.3800,46.4900,11764,0
TCP.US,5,20131209,184500,46.5500,46.6000,46.5500,46.6000,500,0
TCP.US,5,20131209,185000,46.6000,46.6000,46.6000,46.6000,100,0
TCP.US,5,20131209,185500,46.6300,46.6300,46.5600,46.5600,1060,0
TCP.US,5,20131209,190000,46.5600,46.6200,46.5600,46.6200,300,0
TCP.US,5,20131209,190500,46.5600,46.5600,46.5400,46.5400,600,0
TCP.US,5,20131209,191000,46.5800,46.6300,46.5800,46.6300,200,0
TCP.US,5,20131209,191500,46.6400,46.6700,46.5700,46.5700,4163,0
TCP.US,5,20131209,192000,46.5900,46.5900,46.2900,46.4100,1900,0
TCP.US,5,20131209,192500,46.4100,46.4400,46.3000,46.3900,1800,0
TCP.US,5,20131209,193000,46.4500,46.5400,46.2600,46.3700,2689,0
TCP.US,5,20131209,193500,46.3800,46.5200,46.3600,46.4100,2941,0
TCP.US,5,20131209,194000,46.4600,46.4800,46.3800,46.4800,1500,0
TCP.US,5,20131209,194500,46.4500,46.4500,46.4500,46.4500,1485,0
TCP.US,5,20131209,195000,46.3500,46.4100,46.3500,46.3500,1200,0
TCP.US,5,20131209,195500,46.3700,46.4800,46.3100,46.4000,4018,0
TCP.US,5,20131209,200000,46.3800,46.4200,46.3400,46.3800,1946,0
TCP.US,5,20131209,200500,46.3900,46.4300,46.3000,46.4000,3000,0
TCP.US,5,20131209,201000,46.4400,46.4400,46.2700,46.2800,2721,0
TCP.US,5,20131209,201500,46.2900,46.4600,46.2500,46.4600,3150,0
TCP.US,5,20131209,202000,46.3200,46.3800,46.2200,46.2200,4694,0
TCP.US,5,20131209,202500,46.2700,46.3000,46.2000,46.3000,3609,0
TCP.US,5,20131209,203000,46.2300,46.2400,46.2100,46.2100,1000,0
TCP.US,5,20131209,203500,46.2300,46.3700,46.2000,46.2400,3300,0
TCP.US,5,20131209,204000,46.2600,46.3700,46.2200,46.2200,955,0
TCP.US,5,20131209,204500,46.2000,46.2000,46.0500,46.0500,900,0
TCP.US,5,20131209,205000,46.1500,46.1500,46.0400,46.0400,1300,0
TCP.US,5,20131209,205500,45.8900,46.0700,45.8900,46.0700,4800,0
TCP.US,5,20131209,210000,46.0100,46.0100,45.9100,45.9100,676,0
TCP.US,5,20131209,210500,45.8600,45.8600,45.7700,45.7700,1500,0
TCP.US,5,20131209,211000,45.7900,45.8800,45.7900,45.8200,2200,0
TCP.US,5,20131209,211500,45.7700,45.8000,45.7600,45.7600,2000,0
TCP.US,5,20131209,212000,45.7600,45.8000,45.7500,45.7500,4945,0
TCP.US,5,20131209,212500,45.7500,45.7700,45.5100,45.5100,7467,0
TCP.US,5,20131209,213000,45.6100,45.6200,45.5100,45.5100,4638,0
TCP.US,5,20131209,213500,45.5200,45.5600,45.3800,45.3900,6792,0
TCP.US,5,20131209,214000,45.4400,45.4800,45.4200,45.4200,2600,0
TCP.US,5,20131209,214500,45.3800,45.4400,45.3700,45.3700,3800,0
TCP.US,5,20131209,215000,45.3700,45.4000,45.2400,45.2600,9781,0
TCP.US,5,20131209,215500,45.2500,45.2800,45.2000,45.2200,3500,0
TCP.US,5,20131209,220000,45.2200,45.2300,44.8700,44.8800,39235,0
TCP.US,5,20131209,220500,44.9700,44.9700,44.9700,44.9700,1093,0
