<TICKER>,<PER>,<DTYYYYMMDD>,<TIME>,<OPEN>,<HIGH>,<LOW>,<CLOSE>,<VOL>,<OPENINT>
TGP.US,5,20131112,153500,41.5600,41.5800,41.3800,41.3800,3699,0
TGP.US,5,20131112,154000,41.1000,41.2900,41.1000,41.2700,1150,0
TGP.US,5,20131112,154500,41.1200,41.2600,41.0800,41.1500,1748,0
TGP.US,5,20131112,155000,41.1300,41.1300,41.0700,41.0700,450,0
TGP.US,5,20131112,155500,41.0700,41.0800,41.0700,41.0700,598,0
TGP.US,5,20131112,160000,41.0400,41.1200,41.0400,41.0400,500,0
TGP.US,5,20131112,160500,41.0400,41.1000,41.0400,41.0400,603,0
TGP.US,5,20131112,161000,41.0600,41.1000,41.0300,41.0300,653,0
TGP.US,5,20131112,161500,41.0600,41.0600,41.0600,41.0600,200,0
TGP.US,5,20131112,162500,41.1600,41.1600,41.1600,41.1600,100,0
TGP.US,5,20131112,163000,41.1300,41.2300,41.1300,41.2300,257,0
TGP.US,5,20131112,163500,41.2500,41.2500,41.2500,41.2500,200,0
TGP.US,5,20131112,164000,41.1600,41.1600,41.1600,41.1600,300,0
TGP.US,5,20131112,164500,41.1700,41.2400,41.1700,41.2200,850,0
TGP.US,5,20131112,165000,41.1700,41.1800,41.1500,41.1500,411,0
TGP.US,5,20131112,165500,41.2000,41.2200,41.2000,41.2200,691,0
TGP.US,5,20131112,170000,41.2600,41.2600,41.1900,41.1900,550,0
TGP.US,5,20131112,170500,41.2200,41.2200,41.2200,41.2200,200,0
TGP.US,5,20131112,171000,41.1000,41.2600,41.1000,41.2100,1666,0
TGP.US,5,20131112,171500,41.1200,41.1300,41.1200,41.1200,625,0
TGP.US,5,20131112,172000,41.1600,41.2200,41.1200,41.1200,985,0
TGP.US,5,20131112,172500,41.1200,41.1300,41.1200,41.1300,200,0
TGP.US,5,20131112,173000,41.1900,41.1900,41.1100,41.1500,2800,0
TGP.US,5,20131112,173500,41.0700,41.1500,41.0700,41.1500,1500,0
TGP.US,5,20131112,174000,41.1400,41.1400,41.1400,41.1400,100,0
TGP.US,5,20131112,175000,41.0600,41.1100,41.0300,41.0500,1004,0
TGP.US,5,20131112,175500,41.1700,41.1700,41.0800,41.0800,300,0
TGP.US,5,20131112,180500,41.0700,41.1500,41.0600,41.1500,942,0
TGP.US,5,20131112,181000,41.1500,41.1500,41.0100,41.0600,3321,0
TGP.US,5,20131112,181500,41.0700,41.1000,41.0700,41.1000,1790,0
TGP.US,5,20131112,182000,41.0700,41.1000,41.0700,41.1000,400,0
TGP.US,5,20131112,182500,41.0900,41.1300,41.0900,41.1200,3100,0
TGP.US,5,20131112,183000,41.1100,41.1100,41.0900,41.1000,400,0
TGP.US,5,20131112,183500,41.0900,41.1000,41.0900,41.1000,300,0
TGP.US,5,20131112,184000,41.0500,41.0500,41.0500,41.0500,111,0
TGP.US,5,20131112,184500,41.0400,41.0400,40.8900,41.0000,11332,0
TGP.US,5,20131112,185000,40.9900,40.9900,40.9900,40.9900,100,0
TGP.US,5,20131112,185500,41.0000,41.0400,41.0000,41.0400,600,0
TGP.US,5,20131112,190000,41.0400,41.0400,41.0400,41.0400,100,0
TGP.US,5,20131112,190500,41.0000,41.0000,41.0000,41.0000,200,0
TGP.US,5,20131112,191500,41.0000,41.0200,40.9800,41.0000,3684,0
TGP.US,5,20131112,192000,40.9800,41.0000,40.9600,40.9700,2400,0
TGP.US,5,20131112,192500,40.9800,40.9800,40.8000,40.8100,13068,0
TGP.US,5,20131112,193000,40.8200,40.9000,40.8000,40.8600,3844,0
TGP.US,5,20131112,193500,40.8200,40.8400,40.8000,40.8000,1100,0
TGP.US,5,20131112,194000,40.8100,40.8100,40.7200,40.7400,1788,0
TGP.US,5,20131112,194500,40.7200,40.7700,40.7200,40.7700,1300,0
TGP.US,5,20131112,195000,40.8400,40.8900,40.7900,40.8300,1800,0
TGP.US,5,20131112,195500,40.8300,40.8500,40.8100,40.8500,688,0
TGP.US,5,20131112,200000,40.9100,40.9100,40.8500,40.8500,901,0
TGP.US,5,20131112,200500,40.8500,40.8500,40.8400,40.8500,1250,0
TGP.US,5,20131112,201000,40.8000,40.8500,40.8000,40.8400,1400,0
TGP.US,5,20131112,201500,40.8400,40.8400,40.8300,40.8300,1100,0
TGP.US,5,20131112,202000,40.8400,40.8500,40.8300,40.8400,3500,0
TGP.US,5,20131112,202500,40.8400,40.8500,40.8100,40.8400,3050,0
TGP.US,5,20131112,203000,40.8000,40.8200,40.8000,40.8200,1224,0
TGP.US,5,20131112,203500,40.8100,40.8500,40.8100,40.8100,3597,0
TGP.US,5,20131112,204000,40.8300,40.8400,40.8100,40.8100,1600,0
TGP.US,5,20131112,204500,40.8300,40.8400,40.8300,40.8400,500,0
TGP.US,5,20131112,205000,40.8400,40.8600,40.8300,40.8500,2902,0
TGP.US,5,20131112,205500,40.8500,40.8500,40.8300,40.8300,1100,0
TGP.US,5,20131112,210000,40.8200,40.9000,40.8200,40.8400,3959,0
TGP.US,5,20131112,210500,40.8400,40.9000,40.8400,40.8600,3198,0
TGP.US,5,20131112,211000,40.8700,40.8700,40.8600,40.8600,1011,0
TGP.US,5,20131112,211500,40.8800,40.8800,40.8500,40.8500,1351,0
TGP.US,5,20131112,212000,40.8200,40.8600,40.8200,40.8500,1800,0
TGP.US,5,20131112,212500,40.8400,40.8500,40.8300,40.8500,1825,0
TGP.US,5,20131112,213000,40.8500,40.8600,40.8100,40.8300,3789,0
TGP.US,5,20131112,213500,40.8400,40.8500,40.8400,40.8500,400,0
TGP.US,5,20131112,214000,40.8500,40.8500,40.8300,40.8400,794,0
TGP.US,5,20131112,214500,40.8500,40.8600,40.8400,40.8500,1795,0
TGP.US,5,20131112,215000,40.8500,40.8500,40.8200,40.8500,4700,0
TGP.US,5,20131112,215500,40.8300,40.8500,40.8300,40.8300,1097,0
TGP.US,5,20131112,220000,40.8100,40.8100,40.7700,40.7900,2872,0
TGP.US,5,20131112,220500,40.7900,40.7900,40.7900,40.7900,466,0
TGP.US,5,20131113,153500,40.5100,40.9300,40.5100,40.5500,2100,0
TGP.US,5,20131113,154000,40.5400,40.6500,40.5000,40.6200,2100,0
TGP.US,5,20131113,154500,40.5000,40.5000,40.2100,40.2400,1963,0
TGP.US,5,20131113,155000,40.2300,40.3000,40.1000,40.1000,4213,0
TGP.US,5,20131113,155500,40.1100,40.1900,40.0900,40.0900,1100,0
TGP.US,5,20131113,160000,40.0800,40.1700,40.0800,40.1700,2327,0
TGP.US,5,20131113,160500,40.2200,40.2200,40.0900,40.1200,1300,0
TGP.US,5,20131113,161000,40.2700,40.3000,40.1400,40.1800,3458,0
TGP.US,5,20131113,161500,40.2000,40.2800,40.1500,40.1600,6600,0
TGP.US,5,20131113,162000,40.2300,40.2400,40.1900,40.2400,1300,0
TGP.US,5,20131113,162500,40.3000,40.3000,40.2000,40.3000,1081,0
TGP.US,5,20131113,163000,40.3700,40.3800,40.2600,40.3000,2432,0
TGP.US,5,20131113,163500,40.3400,40.3400,40.3400,40.3400,100,0
TGP.US,5,20131113,164000,40.3500,40.4400,40.3500,40.4400,1140,0
TGP.US,5,20131113,164500,40.4000,40.4000,40.3700,40.3700,500,0
TGP.US,5,20131113,165000,40.3600,40.3800,40.3600,40.3700,500,0
TGP.US,5,20131113,165500,40.4000,40.4000,40.3000,40.3300,3102,0
TGP.US,5,20131113,170000,40.3400,40.4200,40.3100,40.3100,2554,0
TGP.US,5,20131113,170500,40.3400,40.4000,40.2600,40.2600,1100,0
TGP.US,5,20131113,171000,40.3300,40.3400,40.1900,40.2900,4686,0
TGP.US,5,20131113,171500,40.2100,40.2800,40.1900,40.2000,2094,0
TGP.US,5,20131113,172000,40.2800,40.2900,40.1900,40.2000,1000,0
TGP.US,5,20131113,172500,40.2900,40.2900,40.2000,40.2000,529,0
TGP.US,5,20131113,173000,40.2500,40.2500,40.2300,40.2300,278,0
TGP.US,5,20131113,173500,40.2700,40.2800,40.1600,40.2800,800,0
TGP.US,5,20131113,174000,40.2100,40.2100,40.1900,40.1900,1075,0
TGP.US,5,20131113,174500,40.2400,40.2400,40.1600,40.1600,1000,0
TGP.US,5,20131113,175000,40.2500,40.2600,40.1700,40.1700,1075,0
TGP.US,5,20131113,175500,40.2300,40.2300,40.1800,40.2000,1456,0
TGP.US,5,20131113,180000,40.2000,40.2000,40.1000,40.1600,3307,0
TGP.US,5,20131113,180500,40.1400,40.1500,40.0700,40.0700,1657,0
TGP.US,5,20131113,181000,40.0300,40.0300,40.0300,40.0300,100,0
TGP.US,5,20131113,181500,40.0700,40.1000,40.0400,40.1000,1100,0
TGP.US,5,20131113,182000,40.0600,40.0900,40.0400,40.0500,1595,0
TGP.US,5,20131113,182500,40.0600,40.1000,40.0400,40.0900,3908,0
TGP.US,5,20131113,183000,40.0500,40.0500,40.0400,40.0400,400,0
TGP.US,5,20131113,183500,40.0400,40.0700,40.0400,40.0600,1300,0
TGP.US,5,20131113,184000,40.1000,40.1000,40.0600,40.0600,220,0
TGP.US,5,20131113,184500,40.0500,40.0500,40.0500,40.0500,400,0
TGP.US,5,20131113,185000,40.0600,40.0600,40.0400,40.0500,2049,0
TGP.US,5,20131113,185500,40.0600,40.0900,40.0200,40.0500,979,0
TGP.US,5,20131113,190000,40.0500,40.0700,40.0200,40.0200,1400,0
TGP.US,5,20131113,190500,40.0400,40.0500,40.0400,40.0400,900,0
TGP.US,5,20131113,191000,40.0300,40.0500,39.8100,39.8500,15194,0
TGP.US,5,20131113,191500,39.9400,39.9800,39.9100,39.9600,985,0
TGP.US,5,20131113,192000,40.0000,40.0300,39.9800,39.9800,800,0
TGP.US,5,20131113,192500,40.0400,40.0400,40.0400,40.0400,1000,0
TGP.US,5,20131113,193000,40.0000,40.0300,39.9800,39.9900,3494,0
TGP.US,5,20131113,193500,40.0000,40.0100,39.9800,40.0000,1300,0
TGP.US,5,20131113,194000,40.0000,40.0000,39.9000,40.0000,3483,0
TGP.US,5,20131113,194500,39.9800,40.0000,39.9800,40.0000,600,0
TGP.US,5,20131113,195000,40.0000,40.0000,39.9600,40.0000,3193,0
TGP.US,5,20131113,195500,40.0000,40.0100,39.9800,40.0100,1100,0
TGP.US,5,20131113,200000,40.0100,40.0100,39.9300,39.9700,1000,0
TGP.US,5,20131113,200500,39.9000,40.0000,39.9000,39.9500,1800,0
TGP.US,5,20131113,201000,40.0000,40.0200,40.0000,40.0000,7300,0
TGP.US,5,20131113,201500,40.0500,40.1500,40.0400,40.0800,18248,0
TGP.US,5,20131113,202000,40.1200,40.1200,40.1200,40.1200,200,0
TGP.US,5,20131113,202500,40.1200,40.2000,40.0800,40.1200,36459,0
TGP.US,5,20131113,203000,40.1500,40.1500,40.1500,40.1500,900,0
TGP.US,5,20131113,203500,40.1100,40.1100,40.0500,40.0500,2622,0
TGP.US,5,20131113,204000,40.0400,40.0500,40.0000,40.0000,2775,0
TGP.US,5,20131113,204500,40.0000,40.0000,39.9500,39.9500,4269,0
TGP.US,5,20131113,205000,39.9000,39.9000,39.9000,39.9000,205,0
TGP.US,5,20131113,205500,39.9000,39.9100,39.9000,39.9000,1200,0
TGP.US,5,20131113,210000,39.9300,39.9500,39.9000,39.9500,850,0
TGP.US,5,20131113,210500,39.9300,39.9500,39.9300,39.9500,2416,0
TGP.US,5,20131113,211000,39.9500,39.9500,39.9000,39.9100,2704,0
TGP.US,5,20131113,211500,39.9500,39.9500,39.9000,39.9400,1010,0
TGP.US,5,20131113,212000,39.9000,39.9500,39.8600,39.8600,4729,0
TGP.US,5,20131113,212500,39.9000,39.9200,39.8900,39.9200,1550,0
TGP.US,5,20131113,213000,39.9500,40.0000,39.9200,40.0000,4407,0
TGP.US,5,20131113,213500,39.9900,40.0000,39.9800,40.0000,3850,0
TGP.US,5,20131113,214000,40.0000,40.0300,39.9900,40.0000,9650,0
TGP.US,5,20131113,214500,39.9900,40.0000,39.9500,39.9600,7846,0
TGP.US,5,20131113,215000,40.0000,40.0000,39.9700,40.0000,9714,0
TGP.US,5,20131113,215500,40.0000,40.0000,39.9900,40.0000,6300,0
TGP.US,5,20131113,220000,40.0000,40.0000,39.9900,40.0000,14051,0
TGP.US,5,20131113,220500,40.0000,40.0000,40.0000,40.0000,9110,0
TGP.US,5,20131114,153500,39.8700,40.0000,39.8700,40.0000,2713,0
TGP.US,5,20131114,154000,40.0000,40.2800,40.0000,40.2100,12319,0
TGP.US,5,20131114,154500,40.2500,40.2500,40.0000,40.0600,16890,0
TGP.US,5,20131114,155000,40.0600,40.1400,40.0000,40.0000,7185,0
TGP.US,5,20131114,155500,40.1000,40.1000,40.1000,40.1000,100,0
TGP.US,5,20131114,160000,40.1000,40.1000,40.1000,40.1000,1133,0
TGP.US,5,20131114,160500,40.0100,40.1000,40.0000,40.0000,500,0
TGP.US,5,20131114,161000,40.0700,40.1200,40.0300,40.0900,1200,0
TGP.US,5,20131114,161500,40.0300,40.0300,40.0300,40.0300,132,0
TGP.US,5,20131114,162000,40.0500,40.0500,40.0500,40.0500,600,0
TGP.US,5,20131114,162500,40.1100,40.1800,40.1100,40.1800,1130,0
TGP.US,5,20131114,163000,40.2100,40.2200,40.1800,40.2100,1037,0
TGP.US,5,20131114,163500,40.2100,40.2700,40.2100,40.2700,900,0
TGP.US,5,20131114,164000,40.2900,40.2900,40.2800,40.2800,802,0
TGP.US,5,20131114,164500,40.2600,40.2600,40.2600,40.2600,249,0
TGP.US,5,20131114,165000,40.2900,40.3000,40.2800,40.2900,1702,0
TGP.US,5,20131114,165500,40.2600,40.2600,40.2600,40.2600,100,0
TGP.US,5,20131114,170000,40.2600,40.3000,40.2600,40.2900,2446,0
TGP.US,5,20131114,171000,40.2800,40.2900,40.2300,40.2400,1800,0
TGP.US,5,20131114,171500,40.2100,40.2100,40.2000,40.2000,1300,0
TGP.US,5,20131114,172000,40.2100,40.2500,40.1000,40.1000,2294,0
TGP.US,5,20131114,173000,40.1100,40.2200,40.1000,40.1100,4200,0
TGP.US,5,20131114,173500,40.1100,40.1800,40.0700,40.0700,3661,0
TGP.US,5,20131114,174000,40.1500,40.2100,40.1500,40.2100,1100,0
TGP.US,5,20131114,174500,40.1800,40.1800,40.1700,40.1700,220,0
TGP.US,5,20131114,175500,40.2300,40.2400,40.2000,40.2400,1200,0
TGP.US,5,20131114,180000,40.2400,40.2700,40.2400,40.2500,1200,0
TGP.US,5,20131114,180500,40.2500,40.2800,40.2500,40.2800,600,0
TGP.US,5,20131114,181000,40.2200,40.2600,40.2200,40.2200,1910,0
TGP.US,5,20131114,181500,40.2300,40.2400,40.2300,40.2400,500,0
TGP.US,5,20131114,182000,40.2500,40.2500,40.2200,40.2200,900,0
TGP.US,5,20131114,182500,40.2100,40.2100,40.2100,40.2100,500,0
TGP.US,5,20131114,183000,40.2200,40.2300,40.2200,40.2300,1225,0
TGP.US,5,20131114,183500,40.2100,40.2500,40.2100,40.2500,1700,0
TGP.US,5,20131114,184000,40.2100,40.2500,40.1800,40.2500,2224,0
TGP.US,5,20131114,184500,40.2300,40.2300,40.2300,40.2300,200,0
TGP.US,5,20131114,185000,40.2400,40.2400,40.2400,40.2400,500,0
TGP.US,5,20131114,185500,40.1900,40.2400,40.1800,40.2400,2300,0
TGP.US,5,20131114,190000,40.2400,40.2700,40.2400,40.2600,1500,0
TGP.US,5,20131114,190500,40.2800,40.2900,40.2800,40.2900,600,0
TGP.US,5,20131114,191000,40.3000,40.3100,40.3000,40.3100,1283,0
TGP.US,5,20131114,192000,40.3100,40.3100,40.3100,40.3100,100,0
TGP.US,5,20131114,192500,40.3300,40.3400,40.1500,40.2200,2579,0
TGP.US,5,20131114,193000,40.2500,40.2700,40.1900,40.2500,1771,0
TGP.US,5,20131114,194000,40.3200,40.3300,40.2600,40.2600,2899,0
TGP.US,5,20131114,194500,40.2900,40.3100,40.2900,40.2900,300,0
TGP.US,5,20131114,195000,40.3100,40.3100,40.3100,40.3100,100,0
TGP.US,5,20131114,195500,40.3400,40.3800,40.3400,40.3800,300,0
TGP.US,5,20131114,200000,40.3300,40.3300,40.2900,40.3300,1080,0
TGP.US,5,20131114,200500,40.3700,40.3700,40.3100,40.3100,620,0
TGP.US,5,20131114,201000,40.3200,40.3200,40.3200,40.3200,1109,0
TGP.US,5,20131114,202000,40.3100,40.3100,40.3100,40.3100,460,0
TGP.US,5,20131114,202500,40.3500,40.3700,40.3400,40.3700,1100,0
TGP.US,5,20131114,203000,40.3500,40.3500,40.3400,40.3500,1438,0
TGP.US,5,20131114,203500,40.3400,40.3500,40.3400,40.3400,1500,0
TGP.US,5,20131114,204000,40.3400,40.3500,40.3200,40.3500,700,0
TGP.US,5,20131114,204500,40.3700,40.3700,40.3700,40.3700,100,0
TGP.US,5,20131114,205000,40.4000,40.4400,40.3800,40.4400,3032,0
TGP.US,5,20131114,205500,40.4300,40.4500,40.3600,40.3600,531,0
TGP.US,5,20131114,210000,40.4200,40.4200,40.3800,40.4000,1317,0
TGP.US,5,20131114,210500,40.3900,40.4100,40.3800,40.4000,1458,0
TGP.US,5,20131114,211000,40.4300,40.4400,40.3700,40.4300,7276,0
TGP.US,5,20131114,212000,40.4200,40.4300,40.4200,40.4300,419,0
TGP.US,5,20131114,212500,40.4500,40.4900,40.4000,40.4200,3695,0
TGP.US,5,20131114,213000,40.4100,40.4900,40.2600,40.3800,9545,0
TGP.US,5,20131114,213500,40.3700,40.3900,40.3700,40.3900,400,0
TGP.US,5,20131114,214000,40.3900,40.4000,40.3600,40.3900,1000,0
TGP.US,5,20131114,214500,40.3700,40.3800,40.3000,40.3300,2930,0
TGP.US,5,20131114,215000,40.3200,40.3200,40.3000,40.3100,600,0
TGP.US,5,20131114,215500,40.2900,40.3200,40.2500,40.3100,3368,0
TGP.US,5,20131114,220000,40.2800,40.3000,40.2500,40.2800,6709,0
TGP.US,5,20131114,220500,40.2800,40.2800,40.2800,40.2800,3366,0
TGP.US,5,20131115,154000,40.4900,40.4900,40.3000,40.3100,1081,0
TGP.US,5,20131115,154500,40.2800,40.2900,40.2800,40.2800,3312,0
TGP.US,5,20131115,155000,40.2200,40.2200,40.1700,40.1700,200,0
TGP.US,5,20131115,155500,40.1400,40.2500,40.0800,40.1500,936,0
TGP.US,5,20131115,160000,40.1400,40.2500,40.1400,40.2500,1200,0
TGP.US,5,20131115,160500,40.2500,40.2500,40.1200,40.1700,500,0
TGP.US,5,20131115,161000,40.0700,40.2000,40.0700,40.1100,600,0
TGP.US,5,20131115,161500,40.1400,40.1600,40.1100,40.1600,625,0
TGP.US,5,20131115,162000,40.1600,40.1600,40.1000,40.1600,1154,0
TGP.US,5,20131115,162500,40.1600,40.3800,40.1500,40.3800,4543,0
TGP.US,5,20131115,163000,40.3500,40.5000,40.3500,40.5000,5790,0
TGP.US,5,20131115,163500,40.5000,40.5100,40.5000,40.5100,1000,0
TGP.US,5,20131115,164000,40.4800,40.6000,40.4800,40.6000,1424,0
TGP.US,5,20131115,164500,40.5900,40.6700,40.5800,40.6100,1055,0
TGP.US,5,20131115,165000,40.6500,40.6500,40.6200,40.6400,1918,0
TGP.US,5,20131115,165500,40.5700,40.5700,40.4400,40.4400,1600,0
TGP.US,5,20131115,170000,40.3500,40.5400,40.3500,40.5300,350,0
TGP.US,5,20131115,170500,40.4700,40.5300,40.3300,40.4700,1600,0
TGP.US,5,20131115,171000,40.4600,40.5300,40.4600,40.4700,460,0
TGP.US,5,20131115,171500,40.5300,40.5300,40.4800,40.4900,400,0
TGP.US,5,20131115,172000,40.4800,40.4900,40.3700,40.3700,1081,0
TGP.US,5,20131115,172500,40.3900,40.3900,40.3500,40.3500,200,0
TGP.US,5,20131115,173000,40.4500,40.5000,40.3700,40.5000,920,0
TGP.US,5,20131115,173500,40.5000,40.5100,40.5000,40.5000,1000,0
TGP.US,5,20131115,174000,40.5500,40.6000,40.2800,40.5200,4168,0
TGP.US,5,20131115,174500,40.5700,40.5700,40.5200,40.5200,200,0
TGP.US,5,20131115,175000,40.5100,40.5100,40.4600,40.5000,1856,0
TGP.US,5,20131115,175500,40.5000,40.5000,40.5000,40.5000,100,0
TGP.US,5,20131115,180000,40.4800,40.5800,40.4800,40.4900,807,0
TGP.US,5,20131115,180500,40.5200,40.5200,40.5200,40.5200,300,0
TGP.US,5,20131115,181500,40.5200,40.5200,40.4600,40.4600,508,0
TGP.US,5,20131115,182000,40.5200,40.5200,40.4700,40.4700,914,0
TGP.US,5,20131115,182500,40.5200,40.5200,40.5000,40.5000,926,0
TGP.US,5,20131115,183000,40.5200,40.5800,40.5000,40.5800,899,0
TGP.US,5,20131115,183500,40.6500,40.6500,40.6200,40.6200,595,0
TGP.US,5,20131115,184000,40.5900,40.6300,40.5900,40.6300,225,0
TGP.US,5,20131115,184500,40.6500,40.6500,40.6500,40.6500,100,0
TGP.US,5,20131115,185000,40.6300,40.6400,40.5900,40.6400,600,0
TGP.US,5,20131115,185500,40.6000,40.6600,40.6000,40.6300,1183,0
TGP.US,5,20131115,190000,40.5800,40.6200,40.4200,40.4700,3924,0
TGP.US,5,20131115,190500,40.4500,40.4500,40.3800,40.4400,1600,0
TGP.US,5,20131115,191000,40.5000,40.5000,40.5000,40.5000,200,0
TGP.US,5,20131115,191500,40.4600,40.4600,40.4600,40.4600,100,0
TGP.US,5,20131115,192000,40.5100,40.5100,40.5100,40.5100,100,0
TGP.US,5,20131115,192500,40.4700,40.4700,40.3800,40.3800,800,0
TGP.US,5,20131115,193000,40.3900,40.3900,40.3900,40.3900,165,0
TGP.US,5,20131115,193500,40.3800,40.4400,40.3800,40.4200,1050,0
TGP.US,5,20131115,194000,40.4600,40.4600,40.4500,40.4500,500,0
TGP.US,5,20131115,194500,40.5200,40.5200,40.5200,40.5200,100,0
TGP.US,5,20131115,195000,40.4900,40.5600,40.4900,40.5600,394,0
TGP.US,5,20131115,195500,40.4200,40.4600,40.4200,40.4600,750,0
TGP.US,5,20131115,200000,40.5600,40.5600,40.4300,40.5200,500,0
TGP.US,5,20131115,200500,40.5200,40.5200,40.4600,40.4600,200,0
TGP.US,5,20131115,201500,40.5200,40.5300,40.5200,40.5300,500,0
TGP.US,5,20131115,202000,40.5100,40.5400,40.5000,40.5400,1420,0
TGP.US,5,20131115,202500,40.5000,40.5500,40.5000,40.5500,1531,0
TGP.US,5,20131115,203000,40.5300,40.5300,40.4400,40.4400,1600,0
TGP.US,5,20131115,203500,40.4900,40.5100,40.4300,40.4900,2868,0
TGP.US,5,20131115,204000,40.5200,40.5300,40.5000,40.5100,2641,0
TGP.US,5,20131115,204500,40.5700,40.5700,40.5700,40.5700,100,0
TGP.US,5,20131115,205000,40.5600,40.5600,40.5200,40.5200,900,0
TGP.US,5,20131115,205500,40.5200,40.5400,40.5000,40.5000,11600,0
TGP.US,5,20131115,210000,40.5200,40.5200,40.5000,40.5100,8500,0
TGP.US,5,20131115,210500,40.5000,40.5400,40.5000,40.5400,3100,0
TGP.US,5,20131115,211500,40.5500,40.5700,40.5000,40.5400,3648,0
TGP.US,5,20131115,212000,40.5400,40.5400,40.5300,40.5300,1400,0
TGP.US,5,20131115,212500,40.5300,40.5400,40.5300,40.5400,300,0
TGP.US,5,20131115,213000,40.5300,40.5300,40.5100,40.5100,800,0
TGP.US,5,20131115,213500,40.5300,40.5400,40.5300,40.5300,635,0
TGP.US,5,20131115,214000,40.5300,40.5400,40.5000,40.5100,14722,0
TGP.US,5,20131115,214500,40.5300,40.5300,40.5100,40.5100,1301,0
TGP.US,5,20131115,215000,40.5200,40.5300,40.5000,40.5100,1741,0
TGP.US,5,20131115,215500,40.5300,40.5300,40.5100,40.5200,3104,0
TGP.US,5,20131115,220000,40.5300,40.6200,40.5100,40.6200,14979,0
TGP.US,5,20131115,220500,40.6200,40.6200,40.6200,40.6200,11883,0
TGP.US,5,20131118,154000,40.7000,40.7000,40.7000,40.7000,300,0
TGP.US,5,20131118,154500,40.6700,40.6700,40.5000,40.5000,4618,0
TGP.US,5,20131118,155000,40.5100,40.5200,40.4300,40.4300,975,0
TGP.US,5,20131118,155500,40.4400,40.4500,40.4300,40.4500,1100,0
TGP.US,5,20131118,160000,40.4300,40.5000,40.4300,40.5000,500,0
TGP.US,5,20131118,160500,40.4500,40.4800,40.4200,40.4200,1482,0
TGP.US,5,20131118,161000,40.4200,40.4900,40.4200,40.4300,712,0
TGP.US,5,20131118,161500,40.4300,40.5000,40.4300,40.4900,3060,0
TGP.US,5,20131118,162000,40.4400,40.5000,40.4400,40.5000,1380,0
TGP.US,5,20131118,162500,40.5500,40.7400,40.5100,40.5100,2000,0
TGP.US,5,20131118,163000,40.5000,40.5000,40.5000,40.5000,100,0
TGP.US,5,20131118,163500,40.5600,40.6100,40.5600,40.5600,400,0
TGP.US,5,20131118,164000,40.5100,40.6500,40.5100,40.6500,284,0
TGP.US,5,20131118,164500,40.7000,40.7000,40.7000,40.7000,100,0
TGP.US,5,20131118,165000,40.6200,40.6300,40.5200,40.6000,1493,0
TGP.US,5,20131118,165500,40.6000,40.6000,40.6000,40.6000,100,0
TGP.US,5,20131118,170000,40.6000,40.6000,40.6000,40.6000,600,0
TGP.US,5,20131118,170500,40.6600,40.6600,40.6300,40.6300,300,0
TGP.US,5,20131118,171000,40.6100,40.6900,40.6100,40.6800,375,0
TGP.US,5,20131118,171500,40.6600,40.6600,40.6600,40.6600,200,0
TGP.US,5,20131118,172000,40.6200,40.6200,40.6200,40.6200,500,0
TGP.US,5,20131118,172500,40.6600,40.6600,40.6100,40.6100,729,0
TGP.US,5,20131118,173000,40.6300,40.6500,40.5400,40.5400,900,0
TGP.US,5,20131118,173500,40.5500,40.6900,40.5200,40.6900,3671,0
TGP.US,5,20131118,174000,40.7300,40.7300,40.6200,40.6200,3010,0
TGP.US,5,20131118,174500,40.6400,40.6600,40.6100,40.6200,800,0
TGP.US,5,20131118,175000,40.6300,40.6300,40.4700,40.4700,743,0
TGP.US,5,20131118,175500,40.5500,40.5500,40.5500,40.5500,100,0
TGP.US,5,20131118,181000,40.6000,40.6000,40.6000,40.6000,500,0
TGP.US,5,20131118,181500,40.6200,40.6200,40.5700,40.6000,1085,0
TGP.US,5,20131118,182000,40.6000,40.6000,40.5700,40.5700,400,0
TGP.US,5,20131118,182500,40.6100,40.6100,40.6100,40.6100,250,0
TGP.US,5,20131118,183000,40.6000,40.6000,40.6000,40.6000,100,0
TGP.US,5,20131118,183500,40.6000,40.6000,40.5800,40.5900,883,0
TGP.US,5,20131118,184000,40.5800,40.5800,40.5500,40.5500,900,0
TGP.US,5,20131118,184500,40.5800,40.5800,40.5800,40.5800,200,0
TGP.US,5,20131118,185000,40.6300,40.6300,40.6300,40.6300,300,0
TGP.US,5,20131118,185500,40.6300,40.6300,40.5100,40.5100,1418,0
TGP.US,5,20131118,190500,40.5600,40.6000,40.5600,40.6000,594,0
TGP.US,5,20131118,191000,40.5900,40.5900,40.5500,40.5500,200,0
TGP.US,5,20131118,192000,40.5900,40.5900,40.5200,40.5400,1720,0
TGP.US,5,20131118,192500,40.5600,40.6000,40.5200,40.6000,1835,0
TGP.US,5,20131118,193000,40.5300,40.6000,40.5300,40.6000,301,0
TGP.US,5,20131118,193500,40.5700,40.5700,40.5100,40.5300,4700,0
TGP.US,5,20131118,194000,40.5100,40.6000,40.5100,40.6000,3095,0
TGP.US,5,20131118,194500,40.6000,40.6000,40.5800,40.5800,500,0
TGP.US,5,20131118,195000,40.5600,40.5900,40.5500,40.5500,551,0
TGP.US,5,20131118,195500,40.5600,40.5600,40.4600,40.5200,900,0
TGP.US,5,20131118,200000,40.5500,40.5500,40.5300,40.5400,1480,0
TGP.US,5,20131118,200500,40.5400,40.5400,40.5300,40.5400,600,0
TGP.US,5,20131118,201000,40.5400,40.5400,40.5200,40.5200,968,0
TGP.US,5,20131118,201500,40.5000,40.5000,40.4600,40.4600,2700,0
TGP.US,5,20131118,202000,40.5100,40.5100,40.4700,40.4700,1727,0
TGP.US,5,20131118,202500,40.5000,40.5100,40.5000,40.5100,2400,0
TGP.US,5,20131118,203000,40.5400,40.5400,40.5100,40.5100,1400,0
TGP.US,5,20131118,203500,40.5000,40.5000,40.5000,40.5000,500,0
TGP.US,5,20131118,204000,40.4500,40.4500,40.4500,40.4500,800,0
TGP.US,5,20131118,204500,40.5000,40.5000,40.5000,40.5000,400,0
TGP.US,5,20131118,205000,40.5000,40.5200,40.4900,40.4900,1865,0
TGP.US,5,20131118,205500,40.4900,40.5100,40.4900,40.5100,410,0
TGP.US,5,20131118,210000,40.5100,40.5100,40.4800,40.4900,900,0
TGP.US,5,20131118,210500,40.5000,40.5000,40.5000,40.5000,700,0
TGP.US,5,20131118,211000,40.5300,40.5300,40.4800,40.4800,625,0
TGP.US,5,20131118,211500,40.5000,40.5000,40.4700,40.4700,1150,0
TGP.US,5,20131118,212000,40.4700,40.4800,40.4700,40.4800,1765,0
TGP.US,5,20131118,212500,40.4800,40.4800,40.4400,40.4400,1345,0
TGP.US,5,20131118,213000,40.4500,40.4500,40.3300,40.3300,1917,0
TGP.US,5,20131118,213500,40.3300,40.4200,40.3300,40.4200,200,0
TGP.US,5,20131118,214000,40.4300,40.4700,40.4300,40.4700,2172,0
TGP.US,5,20131118,214500,40.4900,40.5100,40.4100,40.4500,900,0
TGP.US,5,20131118,215000,40.4500,40.5100,40.3800,40.5100,3632,0
TGP.US,5,20131118,215500,40.5000,40.5000,40.4200,40.4400,2400,0
TGP.US,5,20131118,220000,40.4400,40.4800,40.4000,40.4600,5775,0
TGP.US,5,20131118,220500,40.5100,40.5100,40.5100,40.5100,3428,0
TGP.US,5,20131119,153500,40.5100,40.5100,40.3300,40.5100,1623,0
TGP.US,5,20131119,154000,40.3500,40.3500,40.3500,40.3500,100,0
TGP.US,5,20131119,154500,40.4000,40.4000,40.3500,40.3600,1100,0
TGP.US,5,20131119,155000,40.3500,40.3600,40.3500,40.3500,1500,0
TGP.US,5,20131119,160000,40.4600,40.4600,40.4300,40.4600,800,0
TGP.US,5,20131119,160500,40.4300,40.4300,40.3200,40.3200,950,0
TGP.US,5,20131119,161000,40.3100,40.3600,40.3100,40.3600,300,0
TGP.US,5,20131119,161500,40.4500,40.4500,40.4500,40.4500,160,0
TGP.US,5,20131119,162000,40.5000,40.5000,40.4800,40.4800,2140,0
TGP.US,5,20131119,162500,40.4400,40.4400,40.4400,40.4400,206,0
TGP.US,5,20131119,163500,40.5000,40.5600,40.4200,40.4900,1150,0
TGP.US,5,20131119,164000,40.4900,40.4900,40.4900,40.4900,128,0
TGP.US,5,20131119,164500,40.5800,40.5800,40.4900,40.5100,1113,0
TGP.US,5,20131119,165000,40.4500,40.5700,40.4400,40.5700,1747,0
TGP.US,5,20131119,165500,40.5200,40.5700,40.5200,40.5700,450,0
TGP.US,5,20131119,170000,40.5200,40.5900,40.5200,40.5800,4900,0
TGP.US,5,20131119,170500,40.4700,40.5600,40.4700,40.5600,1401,0
TGP.US,5,20131119,171500,40.5400,40.5900,40.4400,40.4600,5142,0
TGP.US,5,20131119,172500,40.4400,40.4500,40.3800,40.4400,747,0
TGP.US,5,20131119,173000,40.4300,40.5000,40.4300,40.5000,1213,0
TGP.US,5,20131119,173500,40.5000,40.5000,40.5000,40.5000,100,0
TGP.US,5,20131119,174000,40.5000,40.5000,40.4500,40.4500,1100,0
TGP.US,5,20131119,174500,40.4600,40.6100,40.4600,40.5000,17820,0
TGP.US,5,20131119,175000,40.5000,40.5700,40.5000,40.5000,6498,0
TGP.US,5,20131119,175500,40.5000,40.5800,40.4900,40.4900,2070,0
TGP.US,5,20131119,180500,40.5000,40.5000,40.4900,40.4900,2800,0
TGP.US,5,20131119,181000,40.5500,40.6900,40.5500,40.6900,600,0
TGP.US,5,20131119,181500,40.6100,40.6200,40.5600,40.5600,933,0
TGP.US,5,20131119,182000,40.5800,40.5800,40.5800,40.5800,400,0
TGP.US,5,20131119,182500,40.5000,40.5900,40.5000,40.5900,681,0
TGP.US,5,20131119,183000,40.5000,40.6100,40.5000,40.6100,865,0
TGP.US,5,20131119,183500,40.6000,40.6100,40.5600,40.6100,1200,0
TGP.US,5,20131119,184500,40.4500,40.4500,40.4500,40.4500,100,0
TGP.US,5,20131119,185500,40.4600,40.6400,40.4600,40.5400,11646,0
TGP.US,5,20131119,190000,40.4900,40.5800,40.4900,40.5000,1945,0
TGP.US,5,20131119,190500,40.5000,40.5000,40.4900,40.4900,302,0
TGP.US,5,20131119,191000,40.5300,40.5600,40.5300,40.5600,600,0
TGP.US,5,20131119,191500,40.5500,40.5600,40.5500,40.5600,300,0
TGP.US,5,20131119,192000,40.4800,40.5600,40.4700,40.5600,1039,0
TGP.US,5,20131119,192500,40.5600,40.5600,40.5100,40.5500,1206,0
TGP.US,5,20131119,193000,40.5000,40.5500,40.5000,40.5000,18125,0
TGP.US,5,20131119,193500,40.5000,40.5000,40.4700,40.4700,678,0
TGP.US,5,20131119,194000,40.5000,40.5200,40.4400,40.5200,2200,0
TGP.US,5,20131119,194500,40.5000,40.5400,40.4900,40.5000,21446,0
TGP.US,5,20131119,195000,40.5000,40.5000,40.4800,40.5000,5600,0
TGP.US,5,20131119,195500,40.5000,40.5200,40.4900,40.5000,1375,0
TGP.US,5,20131119,200000,40.5400,40.5400,40.4700,40.4900,3699,0
TGP.US,5,20131119,200500,40.5000,40.5000,40.5000,40.5000,500,0
TGP.US,5,20131119,201000,40.5200,40.5200,40.4800,40.5000,1600,0
TGP.US,5,20131119,201500,40.4900,40.5200,40.4800,40.5200,3400,0
TGP.US,5,20131119,202000,40.5200,40.5400,40.5000,40.5000,2400,0
TGP.US,5,20131119,202500,40.5000,40.5400,40.5000,40.5000,3700,0
TGP.US,5,20131119,203000,40.5400,40.5400,40.5000,40.5000,1725,0
TGP.US,5,20131119,203500,40.5000,40.5300,40.5000,40.5000,3013,0
TGP.US,5,20131119,204000,40.5400,40.5800,40.5400,40.5800,2500,0
TGP.US,5,20131119,204500,40.6000,40.6100,40.5500,40.5500,1500,0
TGP.US,5,20131119,205000,40.5500,40.6600,40.5500,40.6100,4200,0
TGP.US,5,20131119,205500,40.6200,40.6200,40.6200,40.6200,125,0
TGP.US,5,20131119,210000,40.5000,40.5700,40.5000,40.5200,1315,0
TGP.US,5,20131119,210500,40.5300,40.5500,40.5300,40.5300,430,0
TGP.US,5,20131119,211000,40.5300,40.5300,40.5000,40.5000,1100,0
TGP.US,5,20131119,211500,40.5000,40.5500,40.5000,40.5500,1316,0
TGP.US,5,20131119,212000,40.5200,40.6700,40.5200,40.6700,3600,0
TGP.US,5,20131119,212500,40.6300,40.6300,40.5400,40.5600,1300,0
TGP.US,5,20131119,213000,40.5200,40.5800,40.5200,40.5600,2917,0
TGP.US,5,20131119,213500,40.5300,40.5500,40.5000,40.5000,1750,0
TGP.US,5,20131119,214000,40.5000,40.6000,40.5000,40.6000,3720,0
TGP.US,5,20131119,214500,40.5400,40.5400,40.5100,40.5100,1338,0
TGP.US,5,20131119,215000,40.5000,40.5200,40.5000,40.5000,2630,0
TGP.US,5,20131119,215500,40.5100,40.5900,40.5100,40.5100,1500,0
TGP.US,5,20131119,220000,40.5000,40.6500,40.5000,40.5500,6812,0
TGP.US,5,20131119,220500,40.6000,40.6000,40.6000,40.6000,178,0
TGP.US,5,20131120,153500,40.5100,40.5100,40.5100,40.5100,500,0
TGP.US,5,20131120,154500,40.5200,40.6500,40.5200,40.5500,750,0
TGP.US,5,20131120,155500,40.5200,40.6600,40.5200,40.6600,270,0
TGP.US,5,20131120,160000,40.5200,40.5200,40.5000,40.5200,400,0
TGP.US,5,20131120,161000,40.5600,40.5600,40.5000,40.5000,502,0
TGP.US,5,20131120,161500,40.5000,40.6800,40.4700,40.6000,1588,0
TGP.US,5,20131120,162000,40.5900,40.5900,40.5900,40.5900,200,0
TGP.US,5,20131120,162500,40.6400,40.7500,40.6400,40.7100,1175,0
TGP.US,5,20131120,163000,40.7200,41.0000,40.7000,41.0000,6356,0
TGP.US,5,20131120,163500,40.9900,41.0900,40.8600,40.8600,7034,0
TGP.US,5,20131120,164000,40.8200,40.8200,40.8200,40.8200,400,0
TGP.US,5,20131120,164500,40.9500,40.9500,40.8800,40.9300,604,0
TGP.US,5,20131120,165000,40.9400,41.0400,40.8000,41.0400,7200,0
TGP.US,5,20131120,165500,41.0000,41.0000,41.0000,41.0000,200,0
TGP.US,5,20131120,170000,40.9700,41.0800,40.9700,41.0500,8070,0
TGP.US,5,20131120,170500,41.0800,41.3100,41.0800,41.3100,7000,0
TGP.US,5,20131120,171000,41.3000,41.3000,41.2000,41.2500,825,0
TGP.US,5,20131120,171500,41.2700,41.3200,41.1500,41.1800,2400,0
TGP.US,5,20131120,172000,41.2300,41.2400,41.2300,41.2400,850,0
TGP.US,5,20131120,172500,41.1600,41.2900,41.1600,41.2900,1000,0
TGP.US,5,20131120,173000,41.2400,41.2400,41.2400,41.2400,200,0
TGP.US,5,20131120,173500,41.2600,41.2600,41.1900,41.2400,1500,0
TGP.US,5,20131120,174000,41.2500,41.2500,41.1500,41.1600,2899,0
TGP.US,5,20131120,174500,41.1000,41.1000,41.0900,41.0900,400,0
TGP.US,5,20131120,175000,41.0100,41.0100,41.0100,41.0100,400,0
TGP.US,5,20131120,180000,41.0800,41.0800,41.0100,41.0600,1340,0
TGP.US,5,20131120,180500,41.0600,41.0900,41.0600,41.0900,300,0
TGP.US,5,20131120,181000,41.1100,41.1200,41.1100,41.1200,300,0
TGP.US,5,20131120,181500,41.1600,41.1600,41.0800,41.1300,2000,0
TGP.US,5,20131120,182000,41.0900,41.0900,41.0600,41.0600,254,0
TGP.US,5,20131120,182500,41.0800,41.0800,41.0800,41.0800,400,0
TGP.US,5,20131120,183000,41.0100,41.0100,41.0000,41.0000,1327,0
TGP.US,5,20131120,183500,41.0300,41.0300,41.0000,41.0000,375,0
TGP.US,5,20131120,184000,41.0600,41.0600,41.0600,41.0600,200,0
TGP.US,5,20131120,184500,41.0400,41.0400,41.0000,41.0300,1545,0
TGP.US,5,20131120,185000,41.0500,41.0700,41.0500,41.0700,200,0
TGP.US,5,20131120,185500,41.0500,41.0500,41.0100,41.0400,400,0
TGP.US,5,20131120,190000,41.0400,41.0400,41.0400,41.0400,200,0
TGP.US,5,20131120,190500,41.0700,41.1600,41.0600,41.1600,500,0
TGP.US,5,20131120,191000,41.1600,41.1600,41.1400,41.1400,300,0
TGP.US,5,20131120,191500,41.1400,41.1400,41.0300,41.0400,3400,0
TGP.US,5,20131120,192000,41.0300,41.0500,40.9200,41.0000,3803,0
TGP.US,5,20131120,192500,40.9900,40.9900,40.9900,40.9900,100,0
TGP.US,5,20131120,193000,40.9900,40.9900,40.9900,40.9900,200,0
TGP.US,5,20131120,193500,40.9900,41.0600,40.9900,41.0300,1400,0
TGP.US,5,20131120,194500,41.0300,41.0600,41.0300,41.0600,500,0
TGP.US,5,20131120,195000,41.0600,41.1000,41.0600,41.1000,500,0
TGP.US,5,20131120,195500,41.0400,41.0700,41.0400,41.0700,600,0
TGP.US,5,20131120,200000,41.0400,41.0700,41.0400,41.0600,1125,0
TGP.US,5,20131120,200500,41.0400,41.0400,41.0000,41.0400,800,0
TGP.US,5,20131120,201000,41.0000,41.0200,40.9000,40.9500,12109,0
TGP.US,5,20131120,201500,40.9000,40.9000,40.8600,40.9000,1053,0
TGP.US,5,20131120,202000,40.9100,40.9100,40.7400,40.8600,700,0
TGP.US,5,20131120,202500,40.8400,40.9700,40.8400,40.9500,1135,0
TGP.US,5,20131120,203000,40.9500,40.9500,40.9500,40.9500,100,0
TGP.US,5,20131120,203500,40.9400,40.9400,40.8200,40.9200,1900,0
TGP.US,5,20131120,204000,40.8700,40.9000,40.7500,40.7500,2585,0
TGP.US,5,20131120,204500,40.7600,40.8800,40.7500,40.8800,1125,0
TGP.US,5,20131120,205000,40.8800,40.9500,40.8400,40.9500,1250,0
TGP.US,5,20131120,205500,40.9500,41.0500,40.9500,40.9700,1000,0
TGP.US,5,20131120,210000,40.9800,40.9800,40.9800,40.9800,444,0
TGP.US,5,20131120,210500,40.9900,40.9900,40.8200,40.9000,1965,0
TGP.US,5,20131120,211000,40.7400,40.7500,40.7400,40.7400,400,0
TGP.US,5,20131120,211500,40.6500,40.6500,40.6500,40.6500,776,0
TGP.US,5,20131120,212000,40.7100,40.8100,40.7100,40.7200,1018,0
TGP.US,5,20131120,212500,40.7200,40.8700,40.7200,40.8700,2200,0
TGP.US,5,20131120,213000,40.8400,40.8600,40.8200,40.8400,700,0
TGP.US,5,20131120,213500,40.9000,40.9000,40.7500,40.7500,1400,0
TGP.US,5,20131120,214000,40.7300,40.7300,40.7300,40.7300,300,0
TGP.US,5,20131120,214500,40.7800,40.9400,40.7800,40.9200,6188,0
TGP.US,5,20131120,215000,40.9100,40.9300,40.7800,40.7800,1884,0
TGP.US,5,20131120,215500,40.8200,40.8500,40.7900,40.8400,3438,0
TGP.US,5,20131120,220000,40.8100,40.8900,40.8100,40.8500,2791,0
TGP.US,5,20131120,220500,40.9200,40.9200,40.9200,40.9200,2556,0
TGP.US,5,20131121,154000,40.9000,41.0500,40.9000,41.0500,1088,0
TGP.US,5,20131121,154500,41.0000,41.0000,41.0000,41.0000,200,0
TGP.US,5,20131121,155000,41.0500,41.0500,41.0500,41.0500,175,0
TGP.US,5,20131121,155500,41.1200,41.1500,41.1200,41.1500,300,0
TGP.US,5,20131121,160000,41.1900,41.1900,41.1900,41.1900,435,0
TGP.US,5,20131121,160500,41.3000,41.3000,41.3000,41.3000,225,0
TGP.US,5,20131121,161000,41.3000,41.4800,41.3000,41.4800,2500,0
TGP.US,5,20131121,161500,41.4300,41.4900,41.4300,41.4800,1325,0
TGP.US,5,20131121,162000,41.4800,41.5800,41.4800,41.5700,1380,0
TGP.US,5,20131121,162500,41.4700,41.5600,41.4700,41.5600,1270,0
TGP.US,5,20131121,163000,41.4800,41.4900,41.4700,41.4700,400,0
TGP.US,5,20131121,163500,41.2200,41.2600,41.2200,41.2600,949,0
TGP.US,5,20131121,164000,41.2900,41.3700,41.2900,41.3200,500,0
TGP.US,5,20131121,164500,41.1300,41.1400,41.0900,41.1400,2406,0
TGP.US,5,20131121,165000,41.2500,41.4200,41.2200,41.4200,1208,0
TGP.US,5,20131121,165500,41.3500,41.3900,41.3200,41.3200,800,0
TGP.US,5,20131121,170500,41.1800,41.2600,41.1800,41.2600,295,0
TGP.US,5,20131121,171000,41.2400,41.2900,41.2000,41.2900,1800,0
TGP.US,5,20131121,171500,41.2700,41.2700,41.2700,41.2700,100,0
TGP.US,5,20131121,172000,41.2500,41.2500,41.2500,41.2500,150,0
TGP.US,5,20131121,172500,41.2200,41.2200,41.2200,41.2200,100,0
TGP.US,5,20131121,173000,41.2000,41.2000,41.2000,41.2000,100,0
TGP.US,5,20131121,173500,41.2100,41.2400,41.2000,41.2400,725,0
TGP.US,5,20131121,174000,41.2000,41.2000,41.1500,41.1700,540,0
TGP.US,5,20131121,174500,41.1200,41.2400,41.1100,41.2400,3000,0
TGP.US,5,20131121,175000,41.1500,41.1900,41.1500,41.1800,400,0
TGP.US,5,20131121,175500,41.1800,41.3200,41.1800,41.3200,1200,0
TGP.US,5,20131121,180000,41.3100,41.3200,41.2700,41.2700,622,0
TGP.US,5,20131121,181000,41.3200,41.3200,41.3200,41.3200,185,0
TGP.US,5,20131121,181500,41.3000,41.4000,41.2000,41.3000,1500,0
TGP.US,5,20131121,182000,41.3700,41.3700,41.2800,41.2800,215,0
TGP.US,5,20131121,182500,41.2800,41.3100,41.2800,41.3100,1400,0
TGP.US,5,20131121,183000,41.4500,41.4500,41.4500,41.4500,960,0
TGP.US,5,20131121,184000,41.2900,41.3700,41.2000,41.3500,3140,0
TGP.US,5,20131121,184500,41.2300,41.3200,41.2300,41.2600,480,0
TGP.US,5,20131121,190500,41.2100,41.2100,41.2100,41.2100,100,0
TGP.US,5,20131121,191000,41.1800,41.1800,41.1600,41.1700,1430,0
TGP.US,5,20131121,191500,41.1500,41.3300,41.1500,41.2400,1126,0
TGP.US,5,20131121,192000,41.2200,41.2500,41.1400,41.1900,2200,0
TGP.US,5,20131121,192500,41.2000,41.2900,41.1900,41.2600,2771,0
TGP.US,5,20131121,193000,41.2500,41.3400,41.1900,41.2600,2901,0
TGP.US,5,20131121,193500,41.2500,41.2500,41.1900,41.1900,400,0
TGP.US,5,20131121,194500,41.1600,41.2200,41.1200,41.1200,1064,0
TGP.US,5,20131121,195500,41.1500,41.2200,41.0500,41.0800,3748,0
TGP.US,5,20131121,200500,41.0800,41.0900,40.9600,41.0400,4402,0
TGP.US,5,20131121,201000,40.9500,41.0300,40.9300,40.9900,1027,0
TGP.US,5,20131121,202500,41.0100,41.0800,41.0100,41.0800,1647,0
TGP.US,5,20131121,203000,41.0700,41.2800,41.0700,41.1600,3334,0
TGP.US,5,20131121,203500,41.1100,41.1100,41.1100,41.1100,100,0
TGP.US,5,20131121,204000,41.0700,41.2300,41.0700,41.2200,1100,0
TGP.US,5,20131121,204500,41.2200,41.2700,41.2100,41.2700,1400,0
TGP.US,5,20131121,205000,41.2700,41.2900,41.2600,41.2700,1000,0
TGP.US,5,20131121,205500,41.2700,41.3100,41.2400,41.2800,900,0
TGP.US,5,20131121,210000,41.2500,41.2800,41.2000,41.2700,1000,0
TGP.US,5,20131121,210500,41.2800,41.3400,41.2700,41.3400,1104,0
TGP.US,5,20131121,211000,41.3200,41.3300,41.2800,41.2800,1398,0
TGP.US,5,20131121,212000,41.3000,41.3000,41.2800,41.2800,800,0
TGP.US,5,20131121,212500,41.2800,41.2800,41.2800,41.2800,100,0
TGP.US,5,20131121,213000,41.2800,41.2800,41.2200,41.2200,2600,0
TGP.US,5,20131121,213500,41.2200,41.2200,41.1500,41.1800,1800,0
TGP.US,5,20131121,214000,41.1300,41.1400,41.0900,41.1000,10794,0
TGP.US,5,20131121,214500,41.1000,41.2300,41.1000,41.2000,4500,0
TGP.US,5,20131121,215000,41.2200,41.2900,41.2200,41.2700,5200,0
TGP.US,5,20131121,215500,41.2700,41.2900,41.1400,41.2700,6179,0
TGP.US,5,20131121,220000,41.2500,41.3000,41.1500,41.2000,4126,0
TGP.US,5,20131121,220500,41.2400,41.2400,41.2400,41.2400,5262,0
TGP.US,5,20131122,153500,41.3200,41.3200,41.3200,41.3200,200,0
TGP.US,5,20131122,154000,41.1700,41.1700,41.1700,41.1700,300,0
TGP.US,5,20131122,154500,41.2100,41.3200,41.0200,41.0200,3347,0
TGP.US,5,20131122,155000,41.2800,41.2800,41.1200,41.1200,500,0
TGP.US,5,20131122,160000,41.1600,41.1600,41.1600,41.1600,600,0
TGP.US,5,20131122,160500,41.1200,41.3000,41.1200,41.2600,451,0
TGP.US,5,20131122,161000,41.1800,41.1800,41.1800,41.1800,100,0
TGP.US,5,20131122,161500,41.1700,41.1700,41.1400,41.1400,725,0
TGP.US,5,20131122,162000,41.1400,41.1400,41.1400,41.1400,200,0
TGP.US,5,20131122,162500,41.1400,41.1400,41.1200,41.1300,400,0
TGP.US,5,20131122,163000,41.1700,41.1700,41.1700,41.1700,220,0
TGP.US,5,20131122,163500,41.3400,41.3500,41.3300,41.3500,3450,0
TGP.US,5,20131122,164000,41.3000,41.4500,41.3000,41.4300,1400,0
TGP.US,5,20131122,164500,41.4700,41.4700,41.3000,41.3700,3721,0
TGP.US,5,20131122,165000,41.3600,41.4900,41.2700,41.4200,2362,0
TGP.US,5,20131122,165500,41.2600,41.2600,41.2600,41.2600,100,0
TGP.US,5,20131122,170000,41.4200,41.4200,41.3000,41.3400,1005,0
TGP.US,5,20131122,170500,41.2900,41.3000,41.2600,41.3000,800,0
TGP.US,5,20131122,171000,41.2400,41.2400,41.1700,41.1700,200,0
TGP.US,5,20131122,171500,41.2000,41.3400,41.2000,41.3400,600,0
TGP.US,5,20131122,172500,41.3400,41.4200,41.3400,41.3500,774,0
TGP.US,5,20131122,173500,41.4800,41.5900,41.4800,41.5400,2022,0
TGP.US,5,20131122,174000,41.4800,41.5000,41.4600,41.5000,1600,0
TGP.US,5,20131122,174500,41.5200,41.7100,41.5000,41.5100,2773,0
TGP.US,5,20131122,175000,41.3500,41.3500,41.3300,41.3300,200,0
TGP.US,5,20131122,175500,41.4700,41.6300,41.3700,41.3900,1797,0
TGP.US,5,20131122,180000,41.4900,41.5000,41.4900,41.4900,703,0
TGP.US,5,20131122,180500,41.4900,41.6000,41.2900,41.3600,800,0
TGP.US,5,20131122,181000,41.4300,41.4300,41.4300,41.4300,100,0
TGP.US,5,20131122,181500,41.3600,41.3600,41.3600,41.3600,100,0
TGP.US,5,20131122,182000,41.4500,41.4500,41.4500,41.4500,400,0
TGP.US,5,20131122,182500,41.5200,41.5200,41.5200,41.5200,200,0
TGP.US,5,20131122,184000,41.4800,41.5200,41.3800,41.4900,3506,0
TGP.US,5,20131122,185000,41.3800,41.3800,41.3800,41.3800,170,0
TGP.US,5,20131122,185500,41.3800,41.4500,41.3500,41.4500,800,0
TGP.US,5,20131122,190000,41.5200,41.5900,41.3900,41.3900,1732,0
TGP.US,5,20131122,190500,41.3700,41.6000,41.3700,41.5100,3620,0
TGP.US,5,20131122,191000,41.5000,41.5800,41.3400,41.5800,3213,0
TGP.US,5,20131122,191500,41.5800,41.5800,41.3600,41.5000,4872,0
TGP.US,5,20131122,192000,41.4800,41.5400,41.3800,41.4300,2617,0
TGP.US,5,20131122,192500,41.4300,41.5500,41.4200,41.4400,1600,0
TGP.US,5,20131122,193000,41.5200,41.5300,41.3700,41.4800,2300,0
TGP.US,5,20131122,193500,41.4300,41.5600,41.4300,41.5600,600,0
TGP.US,5,20131122,194000,41.4500,41.4500,41.4500,41.4500,100,0
TGP.US,5,20131122,194500,41.4400,41.5500,41.4300,41.5000,2048,0
TGP.US,5,20131122,195000,41.4000,41.4900,41.4000,41.4800,1903,0
TGP.US,5,20131122,195500,41.4800,41.5400,41.3500,41.3500,4320,0
TGP.US,5,20131122,200000,41.4300,41.4600,41.3800,41.3800,1004,0
TGP.US,5,20131122,200500,41.3800,41.3800,41.3600,41.3600,200,0
TGP.US,5,20131122,201000,41.4300,41.4500,41.4300,41.4300,400,0
TGP.US,5,20131122,201500,41.4600,41.4800,41.4400,41.4500,1080,0
TGP.US,5,20131122,202000,41.4500,41.4500,41.4300,41.4300,1690,0
TGP.US,5,20131122,203000,41.4100,41.4100,41.3900,41.3900,300,0
TGP.US,5,20131122,203500,41.3900,41.3900,41.3700,41.3700,800,0
TGP.US,5,20131122,204000,41.3500,41.3600,41.3000,41.3000,1400,0
TGP.US,5,20131122,204500,41.3600,41.3700,41.3600,41.3700,2911,0
TGP.US,5,20131122,205000,41.3700,41.3700,41.3600,41.3600,1100,0
TGP.US,5,20131122,205500,41.3700,41.4700,41.3700,41.4700,1618,0
TGP.US,5,20131122,210500,41.4400,41.4400,41.4100,41.4100,400,0
TGP.US,5,20131122,211000,41.4400,41.5100,41.4200,41.4200,4044,0
TGP.US,5,20131122,211500,41.3700,41.3800,41.3700,41.3800,200,0
TGP.US,5,20131122,212000,41.3900,41.4400,41.3200,41.3200,1700,0
TGP.US,5,20131122,212500,41.3400,41.3400,41.2800,41.2800,3451,0
TGP.US,5,20131122,213000,41.3000,41.3000,41.2300,41.3000,1000,0
TGP.US,5,20131122,214000,41.3000,41.3400,41.2400,41.3100,2616,0
TGP.US,5,20131122,214500,41.3000,41.3200,41.3000,41.3200,1300,0
TGP.US,5,20131122,215000,41.3100,41.3200,41.2500,41.2500,2116,0
TGP.US,5,20131122,215500,41.2600,41.3800,41.2600,41.3100,4567,0
TGP.US,5,20131122,220000,41.2700,41.3900,41.2200,41.3700,5205,0
TGP.US,5,20131122,220500,41.3400,41.3400,41.3400,41.3400,3820,0
TGP.US,5,20131125,153500,41.0600,41.0600,41.0000,41.0500,950,0
TGP.US,5,20131125,154000,41.0100,41.0100,41.0100,41.0100,204,0
TGP.US,5,20131125,154500,41.2600,41.2600,41.0500,41.0500,331,0
TGP.US,5,20131125,155000,41.0800,41.2400,41.0500,41.1600,4790,0
TGP.US,5,20131125,155500,41.0300,41.2000,41.0300,41.1300,1425,0
TGP.US,5,20131125,160000,41.0900,41.0900,41.0900,41.0900,200,0
TGP.US,5,20131125,160500,41.2100,41.2800,41.2100,41.2800,1500,0
TGP.US,5,20131125,161000,41.2700,41.2700,41.2700,41.2700,200,0
TGP.US,5,20131125,161500,41.1200,41.2700,41.1200,41.2600,1000,0
TGP.US,5,20131125,162000,41.2400,41.2400,41.2400,41.2400,100,0
TGP.US,5,20131125,162500,41.2000,41.2800,41.1700,41.1800,2478,0
TGP.US,5,20131125,163500,41.2000,41.2000,41.0400,41.0900,2643,0
TGP.US,5,20131125,164000,41.1500,41.1800,41.0700,41.1800,2050,0
TGP.US,5,20131125,164500,41.1000,41.1800,41.1000,41.1700,4250,0
TGP.US,5,20131125,165000,41.1700,41.2000,41.1400,41.1600,1700,0
TGP.US,5,20131125,165500,41.2200,41.2300,41.1900,41.2100,721,0
TGP.US,5,20131125,170000,41.1900,41.2900,41.1900,41.2900,2550,0
TGP.US,5,20131125,170500,41.2600,41.2600,41.2600,41.2600,625,0
TGP.US,5,20131125,171000,41.3200,41.3200,41.3200,41.3200,180,0
TGP.US,5,20131125,171500,41.2900,41.3400,41.2800,41.2800,1000,0
TGP.US,5,20131125,172000,41.3100,41.3200,41.2800,41.2800,5711,0
TGP.US,5,20131125,172500,41.2900,41.2900,41.2500,41.2600,1426,0
TGP.US,5,20131125,173000,41.2900,41.3000,41.2900,41.3000,400,0
TGP.US,5,20131125,173500,41.2900,41.2900,41.2800,41.2800,203,0
TGP.US,5,20131125,174000,41.3100,41.3200,41.3100,41.3200,200,0
TGP.US,5,20131125,174500,41.3000,41.3600,41.3000,41.3600,1398,0
TGP.US,5,20131125,175500,41.2800,41.3300,41.2800,41.3300,300,0
TGP.US,5,20131125,180000,41.3400,41.3400,41.3300,41.3400,1000,0
TGP.US,5,20131125,180500,41.3400,41.3400,41.3100,41.3100,300,0
TGP.US,5,20131125,181000,41.3400,41.3400,41.2500,41.3400,3035,0
TGP.US,5,20131125,181500,41.2700,41.2700,41.2700,41.2700,500,0
TGP.US,5,20131125,182500,41.2800,41.2900,41.2300,41.2400,3624,0
TGP.US,5,20131125,183000,41.2200,41.2400,41.2100,41.2200,1345,0
TGP.US,5,20131125,183500,41.1900,41.1900,41.1900,41.1900,100,0
TGP.US,5,20131125,184000,41.1700,41.1700,41.1600,41.1600,200,0
TGP.US,5,20131125,185500,41.0600,41.0800,40.9700,40.9700,4344,0
TGP.US,5,20131125,190000,40.9500,41.0300,40.9500,40.9500,1428,0
TGP.US,5,20131125,190500,40.9800,41.0200,40.9600,41.0000,1700,0
TGP.US,5,20131125,191000,40.9700,40.9700,40.9700,40.9700,400,0
TGP.US,5,20131125,191500,40.9500,40.9500,40.8700,40.9000,2296,0
TGP.US,5,20131125,192000,40.9000,40.9200,40.8100,40.8100,850,0
TGP.US,5,20131125,192500,40.9000,40.9000,40.9000,40.9000,100,0
TGP.US,5,20131125,193000,40.8300,40.8700,40.8000,40.8000,900,0
TGP.US,5,20131125,193500,40.9000,40.9000,40.8300,40.8400,1150,0
TGP.US,5,20131125,194000,40.8200,40.8200,40.8200,40.8200,100,0
TGP.US,5,20131125,194500,40.8600,40.8600,40.8600,40.8600,100,0
TGP.US,5,20131125,195000,40.8800,40.8900,40.8500,40.8700,600,0
TGP.US,5,20131125,195500,40.8400,40.8400,40.8200,40.8200,425,0
TGP.US,5,20131125,200000,40.8200,40.8600,40.8200,40.8200,3300,0
TGP.US,5,20131125,200500,40.8500,40.8600,40.8100,40.8100,1709,0
TGP.US,5,20131125,201000,40.8200,40.8500,40.6700,40.7100,5711,0
TGP.US,5,20131125,201500,40.7200,40.7200,40.6500,40.7000,2595,0
TGP.US,5,20131125,202000,40.6800,40.7000,40.6800,40.7000,1000,0
TGP.US,5,20131125,202500,40.7800,40.9400,40.7800,40.9000,3332,0
TGP.US,5,20131125,203000,40.8900,40.8900,40.7700,40.8200,1694,0
TGP.US,5,20131125,203500,40.8200,40.8400,40.7200,40.7200,3500,0
TGP.US,5,20131125,204000,40.7200,40.7800,40.6300,40.6500,4628,0
TGP.US,5,20131125,204500,40.6800,40.7000,40.6400,40.6500,748,0
TGP.US,5,20131125,205000,40.6500,40.6500,40.6100,40.6500,400,0
TGP.US,5,20131125,205500,40.6300,40.6300,40.6300,40.6300,366,0
TGP.US,5,20131125,210000,40.6300,40.7300,40.6100,40.6900,10506,0
TGP.US,5,20131125,210500,40.7100,40.7100,40.6300,40.6300,2830,0
TGP.US,5,20131125,211000,40.6400,40.6900,40.6400,40.6400,2700,0
TGP.US,5,20131125,211500,40.6800,40.6800,40.6200,40.6700,7785,0
TGP.US,5,20131125,212000,40.6400,40.6400,40.6000,40.6000,300,0
TGP.US,5,20131125,212500,40.6500,40.6900,40.6200,40.6900,3353,0
TGP.US,5,20131125,213000,40.6900,40.7000,40.6500,40.7000,3200,0
TGP.US,5,20131125,213500,40.6700,40.6700,40.6300,40.6400,2240,0
TGP.US,5,20131125,214000,40.6600,40.6600,40.6300,40.6300,400,0
TGP.US,5,20131125,214500,40.6200,40.6500,40.6100,40.6300,1000,0
TGP.US,5,20131125,215000,40.6300,40.6400,40.6000,40.6100,4045,0
TGP.US,5,20131125,215500,40.5800,40.6200,40.5800,40.6000,1400,0
TGP.US,5,20131125,220000,40.5900,40.6500,40.5700,40.6200,21478,0
TGP.US,5,20131125,220500,40.6200,40.6200,40.6200,40.6200,1110,0
TGP.US,5,20131126,153500,40.3100,40.5600,40.3100,40.5600,1516,0
TGP.US,5,20131126,154000,40.4500,40.4500,40.4500,40.4500,200,0
TGP.US,5,20131126,155000,40.3400,40.3400,40.3400,40.3400,100,0
TGP.US,5,20131126,155500,40.5500,40.5500,40.3500,40.5400,400,0
TGP.US,5,20131126,160000,40.5600,40.5600,40.3700,40.3800,908,0
TGP.US,5,20131126,160500,40.5400,40.5400,40.3900,40.5300,20300,0
TGP.US,5,20131126,161000,40.5200,40.5500,40.4600,40.4600,800,0
TGP.US,5,20131126,161500,40.4900,40.5500,40.4800,40.5400,2216,0
TGP.US,5,20131126,162000,40.5000,40.5500,40.4700,40.5100,3700,0
TGP.US,5,20131126,162500,40.5400,40.5400,40.4600,40.5000,3040,0
TGP.US,5,20131126,163000,40.5200,40.5200,40.4600,40.4700,4500,0
TGP.US,5,20131126,163500,40.5000,40.5200,40.4900,40.4900,2527,0
TGP.US,5,20131126,164000,40.5000,40.5200,40.4500,40.5200,5717,0
TGP.US,5,20131126,164500,40.5200,40.5600,40.4900,40.5500,4322,0
TGP.US,5,20131126,165000,40.5500,40.5500,40.5500,40.5500,400,0
TGP.US,5,20131126,165500,40.5500,40.5500,40.5500,40.5500,300,0
TGP.US,5,20131126,170000,40.5100,40.5400,40.4700,40.4800,3907,0
TGP.US,5,20131126,170500,40.5000,40.5100,40.4900,40.5100,800,0
TGP.US,5,20131126,171000,40.5000,40.5000,40.4000,40.4000,4900,0
TGP.US,5,20131126,171500,40.4500,40.4500,40.3700,40.4100,7743,0
TGP.US,5,20131126,172000,40.3900,40.4400,40.3500,40.4400,900,0
TGP.US,5,20131126,173000,40.3400,40.3900,40.3400,40.3900,500,0
TGP.US,5,20131126,173500,40.3800,40.3800,40.3000,40.3600,1717,0
TGP.US,5,20131126,174000,40.3600,40.3600,40.3100,40.3200,915,0
TGP.US,5,20131126,174500,40.3200,40.3300,40.3000,40.3000,320,0
TGP.US,5,20131126,175000,40.3400,40.4300,40.3200,40.3800,2433,0
TGP.US,5,20131126,175500,40.3800,40.4100,40.3200,40.3200,550,0
TGP.US,5,20131126,180000,40.3600,40.4300,40.3600,40.4300,700,0
TGP.US,5,20131126,180500,40.3400,40.3400,40.3400,40.3400,100,0
TGP.US,5,20131126,181000,40.4100,40.4500,40.4000,40.4500,950,0
TGP.US,5,20131126,181500,40.4100,40.4300,40.4100,40.4300,900,0
TGP.US,5,20131126,182000,40.4300,40.4300,40.3700,40.3700,2008,0
TGP.US,5,20131126,182500,40.4100,40.4100,40.3300,40.3600,2674,0
TGP.US,5,20131126,183000,40.3400,40.3500,40.3400,40.3500,932,0
TGP.US,5,20131126,183500,40.3100,40.4100,40.3100,40.4100,3100,0
TGP.US,5,20131126,184000,40.3700,40.4000,40.3400,40.3600,1414,0
TGP.US,5,20131126,185000,40.3700,40.4200,40.3700,40.4200,766,0
TGP.US,5,20131126,185500,40.4300,40.4500,40.3500,40.3500,1050,0
TGP.US,5,20131126,190000,40.4100,40.4500,40.3600,40.3800,1500,0
TGP.US,5,20131126,190500,40.4000,40.4300,40.4000,40.4000,1095,0
TGP.US,5,20131126,191000,40.4100,40.4200,40.4000,40.4000,739,0
TGP.US,5,20131126,191500,40.3400,40.4000,40.3400,40.3800,440,0
TGP.US,5,20131126,192000,40.4100,40.4200,40.4000,40.4000,500,0
TGP.US,5,20131126,192500,40.4100,40.4200,40.3600,40.3600,1416,0
TGP.US,5,20131126,193000,40.4100,40.4200,40.4000,40.4000,1200,0
TGP.US,5,20131126,193500,40.4200,40.4500,40.4200,40.4500,405,0
TGP.US,5,20131126,194000,40.4600,40.4900,40.4500,40.4900,1489,0
TGP.US,5,20131126,194500,40.5100,40.5100,40.4100,40.4100,1000,0
TGP.US,5,20131126,195000,40.4800,40.5100,40.4800,40.5100,400,0
TGP.US,5,20131126,195500,40.4900,40.5000,40.4600,40.5000,600,0
TGP.US,5,20131126,200000,40.5000,40.5100,40.4600,40.5100,1000,0
TGP.US,5,20131126,200500,40.5000,40.5300,40.4600,40.4600,1400,0
TGP.US,5,20131126,201500,40.5000,40.5100,40.4600,40.4700,1100,0
TGP.US,5,20131126,202000,40.4600,40.4700,40.4000,40.4300,1560,0
TGP.US,5,20131126,202500,40.4700,40.4800,40.4600,40.4800,1250,0
TGP.US,5,20131126,203000,40.4800,40.4800,40.3600,40.4000,1438,0
TGP.US,5,20131126,203500,40.4300,40.4500,40.4200,40.4500,2515,0
TGP.US,5,20131126,204000,40.4500,40.4600,40.4000,40.4400,1735,0
TGP.US,5,20131126,204500,40.3700,40.4200,40.3600,40.3600,1082,0
TGP.US,5,20131126,205000,40.4000,40.4400,40.3100,40.3600,1899,0
TGP.US,5,20131126,205500,40.3700,40.3800,40.3600,40.3800,800,0
TGP.US,5,20131126,210000,40.3600,40.3800,40.3000,40.3800,1102,0
TGP.US,5,20131126,210500,40.3800,40.3800,40.3000,40.3300,2021,0
TGP.US,5,20131126,211000,40.3200,40.3300,40.2500,40.2900,3001,0
TGP.US,5,20131126,211500,40.2600,40.3200,40.2600,40.2800,1504,0
TGP.US,5,20131126,212000,40.2800,40.2800,40.2100,40.2400,4531,0
TGP.US,5,20131126,212500,40.2600,40.2600,40.2600,40.2600,749,0
TGP.US,5,20131126,213000,40.2800,40.2900,40.1900,40.2600,2168,0
TGP.US,5,20131126,213500,40.2800,40.3000,40.2800,40.3000,700,0
TGP.US,5,20131126,214000,40.2500,40.3000,40.2400,40.3000,2600,0
TGP.US,5,20131126,214500,40.2900,40.3100,40.2500,40.2800,4387,0
TGP.US,5,20131126,215000,40.2600,40.2600,40.1800,40.2000,1878,0
TGP.US,5,20131126,215500,40.2100,40.2200,40.1800,40.1800,2808,0
TGP.US,5,20131126,220000,40.2100,40.2300,40.1000,40.1800,8145,0
TGP.US,5,20131126,220500,40.1600,40.1600,40.1600,40.1600,7142,0
TGP.US,5,20131127,153500,40.1600,40.2800,40.1600,40.2800,1000,0
TGP.US,5,20131127,154000,40.2700,40.2700,40.2700,40.2700,209,0
TGP.US,5,20131127,154500,40.2800,40.2800,40.2200,40.2200,300,0
TGP.US,5,20131127,155000,40.2200,40.2400,40.2200,40.2300,500,0
TGP.US,5,20131127,155500,40.2500,40.2500,40.2500,40.2500,300,0
TGP.US,5,20131127,160000,40.2400,40.3300,40.2000,40.2900,1000,0
TGP.US,5,20131127,160500,40.3000,40.3500,40.2600,40.3500,5300,0
TGP.US,5,20131127,161000,40.3300,40.3700,40.2500,40.3700,825,0
TGP.US,5,20131127,161500,40.3100,40.3800,40.2500,40.3600,2100,0
TGP.US,5,20131127,162000,40.3800,40.4200,40.2900,40.4200,570,0
TGP.US,5,20131127,162500,40.4200,40.4300,40.3600,40.4300,1700,0
TGP.US,5,20131127,163000,40.4700,40.4700,40.4600,40.4600,400,0
TGP.US,5,20131127,163500,40.4500,40.4800,40.4500,40.4800,1400,0
TGP.US,5,20131127,164500,40.4700,40.4800,40.3700,40.4500,900,0
TGP.US,5,20131127,165500,40.4800,40.4800,40.4800,40.4800,100,0
TGP.US,5,20131127,170000,40.4800,40.4800,40.4800,40.4800,100,0
TGP.US,5,20131127,170500,40.4700,40.4700,40.4700,40.4700,200,0
TGP.US,5,20131127,171000,40.4800,40.4900,40.4600,40.4900,2510,0
TGP.US,5,20131127,171500,40.4900,40.4900,40.4000,40.4600,2700,0
TGP.US,5,20131127,172000,40.4600,40.4600,40.4200,40.4200,600,0
TGP.US,5,20131127,172500,40.4700,40.4700,40.4100,40.4500,1214,0
TGP.US,5,20131127,173000,40.4200,40.4500,40.4200,40.4200,3947,0
TGP.US,5,20131127,173500,40.4200,40.4800,40.4000,40.4800,1712,0
TGP.US,5,20131127,174000,40.4700,40.4700,40.4200,40.4200,200,0
TGP.US,5,20131127,174500,40.4300,40.4500,40.4300,40.4400,2300,0
TGP.US,5,20131127,175000,40.4500,40.4800,40.4200,40.4200,600,0
TGP.US,5,20131127,175500,40.4400,40.4600,40.2500,40.2500,6652,0
TGP.US,5,20131127,180000,40.3500,40.3500,40.3000,40.3000,300,0
TGP.US,5,20131127,181000,40.3200,40.3200,40.3200,40.3200,100,0
TGP.US,5,20131127,182000,40.3000,40.3100,40.2900,40.2900,400,0
TGP.US,5,20131127,182500,40.2500,40.2500,40.2500,40.2500,154,0
TGP.US,5,20131127,183000,40.3800,40.3800,40.3800,40.3800,100,0
TGP.US,5,20131127,183500,40.3700,40.4200,40.3700,40.4200,358,0
TGP.US,5,20131127,184000,40.4400,40.4400,40.3900,40.3900,1200,0
TGP.US,5,20131127,184500,40.4400,40.4400,40.4400,40.4400,100,0
TGP.US,5,20131127,185000,40.3500,40.3600,40.2900,40.3600,523,0
TGP.US,5,20131127,190000,40.3900,40.4000,40.3100,40.3100,440,0
TGP.US,5,20131127,190500,40.3800,40.3800,40.3800,40.3800,100,0
TGP.US,5,20131127,191500,40.3500,40.4600,40.3500,40.4600,3400,0
TGP.US,5,20131127,192000,40.4000,40.4800,40.3800,40.4400,6000,0
TGP.US,5,20131127,192500,40.4600,40.4700,40.4000,40.4300,573,0
TGP.US,5,20131127,193000,40.4000,40.4000,40.3600,40.3800,800,0
TGP.US,5,20131127,193500,40.3300,40.4000,40.3100,40.3100,1130,0
TGP.US,5,20131127,194000,40.3700,40.3700,40.3700,40.3700,762,0
TGP.US,5,20131127,194500,40.3100,40.3900,40.3100,40.3900,457,0
TGP.US,5,20131127,195000,40.4000,40.4000,40.4000,40.4000,200,0
TGP.US,5,20131127,200000,40.4100,40.4100,40.4000,40.4000,1100,0
TGP.US,5,20131127,201500,40.3800,40.3900,40.3800,40.3900,200,0
TGP.US,5,20131127,202000,40.4200,40.4200,40.3900,40.4100,847,0
TGP.US,5,20131127,202500,40.4400,40.4400,40.4400,40.4400,100,0
TGP.US,5,20131127,203000,40.4600,40.4700,40.4300,40.4300,1212,0
TGP.US,5,20131127,203500,40.4900,40.5600,40.4900,40.5600,1500,0
TGP.US,5,20131127,204000,40.5000,40.5400,40.5000,40.5400,600,0
TGP.US,5,20131127,204500,40.5400,40.5900,40.5400,40.5800,1600,0
TGP.US,5,20131127,205000,40.4700,40.5000,40.4700,40.4800,1800,0
TGP.US,5,20131127,205500,40.5200,40.5200,40.5200,40.5200,200,0
TGP.US,5,20131127,210000,40.5200,40.6500,40.5200,40.5900,2400,0
TGP.US,5,20131127,210500,40.6200,40.6200,40.6200,40.6200,100,0
TGP.US,5,20131127,211000,40.6100,40.6100,40.6000,40.6000,357,0
TGP.US,5,20131127,211500,40.6000,40.6000,40.6000,40.6000,400,0
TGP.US,5,20131127,212000,40.6000,40.6000,40.6000,40.6000,100,0
TGP.US,5,20131127,212500,40.5900,40.6100,40.5500,40.6000,1000,0
TGP.US,5,20131127,213000,40.5900,40.5900,40.5900,40.5900,100,0
TGP.US,5,20131127,213500,40.5800,40.6200,40.5600,40.6200,2872,0
TGP.US,5,20131127,214000,40.6200,40.6900,40.6100,40.6900,600,0
TGP.US,5,20131127,214500,40.6000,40.6800,40.5500,40.6800,625,0
TGP.US,5,20131127,215000,40.6800,40.6900,40.6400,40.6400,900,0
TGP.US,5,20131127,215500,40.6300,40.6500,40.6300,40.6500,400,0
TGP.US,5,20131127,220000,40.6600,40.6900,40.6400,40.6400,1200,0
TGP.US,5,20131127,220500,40.6200,40.6200,40.6200,40.6200,566,0
TGP.US,5,20131129,153500,40.7900,40.8000,40.7900,40.8000,6728,0
TGP.US,5,20131129,154000,40.8300,41.4400,40.8300,41.3000,2450,0
TGP.US,5,20131129,154500,41.3000,41.3100,40.9400,41.0800,3235,0
TGP.US,5,20131129,155000,40.9600,41.1300,40.9600,41.0000,885,0
TGP.US,5,20131129,155500,40.9100,41.0700,40.9100,41.0700,2650,0
TGP.US,5,20131129,160000,40.9300,41.0400,40.8800,40.8800,950,0
TGP.US,5,20131129,160500,40.9700,41.1600,40.9700,41.0600,1045,0
TGP.US,5,20131129,161500,41.1400,41.1400,41.1400,41.1400,100,0
TGP.US,5,20131129,162000,41.0800,41.0800,41.0800,41.0800,208,0
TGP.US,5,20131129,162500,40.8700,40.9800,40.8500,40.8800,1101,0
TGP.US,5,20131129,163000,41.0200,41.0800,41.0200,41.0500,2575,0
TGP.US,5,20131129,164000,41.0900,41.1000,41.0800,41.1000,1900,0
TGP.US,5,20131129,164500,41.0900,41.1000,41.0900,41.1000,2300,0
TGP.US,5,20131129,165000,41.0800,41.1700,41.0800,41.1700,800,0
TGP.US,5,20131129,165500,41.1400,41.1400,41.0800,41.0800,1000,0
TGP.US,5,20131129,170000,41.1200,41.1500,41.1200,41.1500,200,0
TGP.US,5,20131129,170500,41.1400,41.1700,41.0800,41.0800,700,0
TGP.US,5,20131129,171500,41.1400,41.1400,41.1400,41.1400,100,0
TGP.US,5,20131129,172000,41.1500,41.2100,41.1500,41.2100,775,0
TGP.US,5,20131129,172500,41.1300,41.2300,41.1300,41.2300,1706,0
TGP.US,5,20131129,173000,41.2100,41.2100,41.2100,41.2100,300,0
TGP.US,5,20131129,173500,41.1100,41.1100,41.1100,41.1100,375,0
TGP.US,5,20131129,174000,41.1100,41.1100,41.1100,41.1100,400,0
TGP.US,5,20131129,174500,41.1100,41.1500,41.1100,41.1500,1188,0
TGP.US,5,20131129,175000,41.1500,41.1500,41.1500,41.1500,1000,0
TGP.US,5,20131129,175500,41.1800,41.1800,41.1800,41.1800,977,0
TGP.US,5,20131129,180000,41.1600,41.2200,41.1500,41.2200,1477,0
TGP.US,5,20131129,180500,41.1500,41.1500,41.1200,41.1200,500,0
TGP.US,5,20131129,181000,41.1400,41.1400,41.1100,41.1100,1079,0
TGP.US,5,20131129,181500,41.2000,41.2000,41.1900,41.1900,807,0
TGP.US,5,20131129,182000,41.2900,41.2900,41.1800,41.2200,450,0
TGP.US,5,20131129,182500,41.3100,41.3900,41.2800,41.3600,400,0
TGP.US,5,20131129,183000,41.2500,41.2700,41.1700,41.1700,400,0
TGP.US,5,20131129,183500,41.2000,41.2000,41.2000,41.2000,100,0
TGP.US,5,20131129,184000,41.2700,41.2900,41.2700,41.2900,600,0
TGP.US,5,20131129,184500,41.2100,41.2100,41.2100,41.2100,100,0
TGP.US,5,20131129,185000,41.1700,41.2800,41.1600,41.2800,850,0
TGP.US,5,20131129,185500,41.1500,41.1600,41.0700,41.0700,4452,0
TGP.US,5,20131129,190000,41.0600,41.0700,41.0300,41.0700,700,0
TGP.US,5,20131129,190500,41.1000,41.1000,41.1000,41.1000,815,0
TGP.US,5,20131202,153500,41.1200,41.2200,41.1000,41.1000,2798,0
TGP.US,5,20131202,154000,41.1000,41.1000,40.9800,40.9800,2486,0
TGP.US,5,20131202,154500,40.9600,40.9600,40.8000,40.8000,3086,0
TGP.US,5,20131202,155000,40.8000,40.8100,40.7500,40.7500,2165,0
TGP.US,5,20131202,155500,40.7500,40.7500,40.6300,40.6300,920,0
TGP.US,5,20131202,160000,40.6500,40.7700,40.5800,40.6600,6231,0
TGP.US,5,20131202,160500,40.7500,40.7800,40.7200,40.7800,1013,0
TGP.US,5,20131202,161000,40.8700,40.9000,40.8500,40.8500,918,0
TGP.US,5,20131202,161500,40.7300,40.9900,40.6600,40.9900,1950,0
TGP.US,5,20131202,162000,40.9300,41.0000,40.6900,40.6900,2700,0
TGP.US,5,20131202,162500,40.7800,40.8100,40.7300,40.7600,2900,0
TGP.US,5,20131202,163000,40.7900,40.7900,40.6100,40.7200,925,0
TGP.US,5,20131202,163500,40.7300,40.7300,40.6300,40.6300,1100,0
TGP.US,5,20131202,164000,40.6200,40.6700,40.5500,40.5500,3000,0
TGP.US,5,20131202,164500,40.5200,40.5900,40.5200,40.5900,1150,0
TGP.US,5,20131202,165000,40.5700,40.6500,40.5700,40.6500,300,0
TGP.US,5,20131202,165500,40.5600,40.5700,40.5200,40.5700,900,0
TGP.US,5,20131202,170000,40.6200,40.7100,40.5100,40.5100,4215,0
TGP.US,5,20131202,170500,40.5400,40.6000,40.5200,40.5400,1472,0
TGP.US,5,20131202,171000,40.5400,40.5800,40.5100,40.5100,1073,0
TGP.US,5,20131202,171500,40.5000,40.5000,40.3900,40.4500,2002,0
TGP.US,5,20131202,172000,40.5000,40.6600,40.4300,40.4300,1600,0
TGP.US,5,20131202,172500,40.6100,40.6400,40.4900,40.6400,1700,0
TGP.US,5,20131202,173000,40.5400,40.5400,40.4500,40.5000,1350,0
TGP.US,5,20131202,173500,40.5400,40.5400,40.3700,40.3700,490,0
TGP.US,5,20131202,174000,40.3700,40.5000,40.3700,40.3900,2550,0
TGP.US,5,20131202,174500,40.4800,40.7000,40.4800,40.7000,550,0
TGP.US,5,20131202,175500,40.6700,40.6700,40.6700,40.6700,100,0
TGP.US,5,20131202,180000,40.6000,40.6800,40.6000,40.6800,200,0
TGP.US,5,20131202,180500,40.7200,40.7200,40.7200,40.7200,449,0
TGP.US,5,20131202,181000,40.7200,40.8300,40.6900,40.6900,500,0
TGP.US,5,20131202,181500,40.6500,40.6500,40.6500,40.6500,200,0
TGP.US,5,20131202,182000,40.7100,40.7100,40.6700,40.7000,1700,0
TGP.US,5,20131202,182500,40.7100,40.7100,40.7100,40.7100,100,0
TGP.US,5,20131202,183000,40.6000,40.6200,40.5500,40.5600,1236,0
TGP.US,5,20131202,183500,40.6300,40.6700,40.5900,40.6400,2457,0
TGP.US,5,20131202,184000,40.6500,40.6500,40.5900,40.5900,944,0
TGP.US,5,20131202,184500,40.5500,40.5500,40.5500,40.5500,100,0
TGP.US,5,20131202,185000,40.5200,40.6300,40.5200,40.5500,893,0
TGP.US,5,20131202,185500,40.6300,40.6400,40.5800,40.5800,421,0
TGP.US,5,20131202,190000,40.6100,40.6500,40.5900,40.6300,2208,0
TGP.US,5,20131202,190500,40.6500,40.6500,40.6200,40.6200,300,0
TGP.US,5,20131202,191000,40.6200,40.6300,40.5500,40.6000,2239,0
TGP.US,5,20131202,191500,40.5400,40.5400,40.5400,40.5400,200,0
TGP.US,5,20131202,192000,40.5000,40.5500,40.5000,40.5500,200,0
TGP.US,5,20131202,192500,40.4900,40.5700,40.4900,40.5700,400,0
TGP.US,5,20131202,193000,40.5500,40.6000,40.5300,40.5300,915,0
TGP.US,5,20131202,193500,40.5500,40.5500,40.4800,40.5300,575,0
TGP.US,5,20131202,194000,40.5500,40.5500,40.4500,40.4500,1334,0
TGP.US,5,20131202,194500,40.4600,40.4600,40.4600,40.4600,603,0
TGP.US,5,20131202,195000,40.4500,40.4900,40.3600,40.3600,1491,0
TGP.US,5,20131202,195500,40.3900,40.4200,40.3300,40.4200,513,0
TGP.US,5,20131202,200000,40.3800,40.4200,40.3400,40.4200,300,0
TGP.US,5,20131202,200500,40.4000,40.4000,40.3200,40.3200,300,0
TGP.US,5,20131202,201000,40.3400,40.3700,40.3400,40.3700,500,0
TGP.US,5,20131202,201500,40.3600,40.4000,40.2900,40.3100,3040,0
TGP.US,5,20131202,202000,40.3900,40.4000,40.3900,40.4000,400,0
TGP.US,5,20131202,202500,40.3900,40.4100,40.3800,40.4100,1300,0
TGP.US,5,20131202,203000,40.4100,40.4100,40.3100,40.3100,2014,0
TGP.US,5,20131202,203500,40.3500,40.3900,40.3500,40.3900,1558,0
TGP.US,5,20131202,204000,40.3900,40.3900,40.3300,40.3500,1025,0
TGP.US,5,20131202,204500,40.4000,40.4000,40.3900,40.3900,300,0
TGP.US,5,20131202,205000,40.3700,40.4100,40.3500,40.3900,1108,0
TGP.US,5,20131202,205500,40.3200,40.3200,40.3200,40.3200,1699,0
TGP.US,5,20131202,210000,40.4000,40.4000,40.4000,40.4000,600,0
TGP.US,5,20131202,210500,40.4200,40.4400,40.4200,40.4400,500,0
TGP.US,5,20131202,211000,40.4400,40.4400,40.4000,40.4000,2800,0
TGP.US,5,20131202,211500,40.4100,40.4300,40.3900,40.4300,300,0
TGP.US,5,20131202,212000,40.4300,40.4300,40.4200,40.4200,800,0
TGP.US,5,20131202,212500,40.3900,40.6300,40.3900,40.4700,2936,0
TGP.US,5,20131202,213000,40.4700,40.4700,40.3700,40.4400,1100,0
TGP.US,5,20131202,213500,40.3900,40.3900,40.3400,40.3500,1729,0
TGP.US,5,20131202,214000,40.3500,40.4400,40.3500,40.4300,2235,0
TGP.US,5,20131202,214500,40.4700,40.4700,40.4300,40.4300,500,0
TGP.US,5,20131202,215000,40.4000,40.4000,40.3600,40.3700,1200,0
TGP.US,5,20131202,215500,40.3700,40.4100,40.2900,40.3200,3999,0
TGP.US,5,20131202,220000,40.2900,40.3200,40.2600,40.3000,2050,0
TGP.US,5,20131202,220500,40.3300,40.3300,40.3300,40.3300,3858,0
TGP.US,5,20131203,153500,40.1500,40.1500,40.1500,40.1500,350,0
TGP.US,5,20131203,154000,40.1200,40.1200,40.1200,40.1200,200,0
TGP.US,5,20131203,154500,40.1100,40.1800,40.0500,40.0500,1441,0
TGP.US,5,20131203,155000,40.0900,40.1600,40.0600,40.0600,500,0
TGP.US,5,20131203,160000,40.0300,40.2600,40.0300,40.1200,2963,0
TGP.US,5,20131203,160500,40.0900,40.1200,40.0900,40.1200,400,0
TGP.US,5,20131203,161000,40.0800,40.2600,40.0800,40.1900,1525,0
TGP.US,5,20131203,161500,40.1900,40.2100,40.1400,40.1600,3500,0
TGP.US,5,20131203,162000,40.2300,40.2300,40.1600,40.1900,1200,0
TGP.US,5,20131203,162500,40.2500,40.3300,40.0300,40.0600,4900,0
TGP.US,5,20131203,163000,40.0700,40.0800,40.0600,40.0600,852,0
TGP.US,5,20131203,163500,40.0500,40.2300,40.0500,40.1500,1120,0
TGP.US,5,20131203,164000,40.1800,40.1800,40.1500,40.1500,600,0
TGP.US,5,20131203,164500,40.1000,40.1400,40.1000,40.1300,1600,0
TGP.US,5,20131203,165000,40.0800,40.0900,40.0000,40.0800,4354,0
TGP.US,5,20131203,165500,40.0800,40.0800,40.0400,40.0400,818,0
TGP.US,5,20131203,170000,40.0500,40.0500,40.0500,40.0500,600,0
TGP.US,5,20131203,170500,40.0900,40.0900,40.0500,40.0700,675,0
TGP.US,5,20131203,171000,40.0900,40.0900,40.0600,40.0600,2003,0
TGP.US,5,20131203,171500,40.0200,40.0200,40.0100,40.0100,200,0
TGP.US,5,20131203,172000,40.0000,40.0200,39.8600,39.8600,6650,0
TGP.US,5,20131203,172500,39.8400,39.8800,39.8100,39.8500,1610,0
TGP.US,5,20131203,173000,39.8400,39.8500,39.8200,39.8200,725,0
TGP.US,5,20131203,173500,39.8300,39.8300,39.8100,39.8200,1675,0
TGP.US,5,20131203,174000,39.8000,39.8400,39.5600,39.7500,9295,0
TGP.US,5,20131203,174500,39.7700,39.7700,39.6600,39.6600,1230,0
TGP.US,5,20131203,175000,39.7200,39.7800,39.7200,39.7800,1249,0
TGP.US,5,20131203,175500,39.7300,39.7300,39.7000,39.7000,603,0
TGP.US,5,20131203,180000,39.7400,39.7500,39.7100,39.7300,1375,0
TGP.US,5,20131203,180500,39.7300,39.7600,39.6000,39.6300,57089,0
TGP.US,5,20131203,181000,39.7000,39.7000,39.6500,39.6900,1280,0
TGP.US,5,20131203,181500,39.6900,39.6900,39.6900,39.6900,200,0
TGP.US,5,20131203,182000,39.7300,39.7600,39.7100,39.7500,1900,0
TGP.US,5,20131203,182500,39.7400,39.7400,39.6900,39.6900,700,0
TGP.US,5,20131203,183500,39.7000,39.7300,39.6800,39.7000,2121,0
TGP.US,5,20131203,184000,39.7600,39.8300,39.7600,39.7900,1247,0
TGP.US,5,20131203,184500,39.8100,39.8100,39.6500,39.7700,3150,0
TGP.US,5,20131203,185000,39.7400,39.7400,39.6800,39.6800,1054,0
TGP.US,5,20131203,185500,39.7100,39.8200,39.7100,39.8200,1100,0
TGP.US,5,20131203,190500,39.7900,39.7900,39.7500,39.7600,600,0
TGP.US,5,20131203,191000,39.7500,39.7500,39.7500,39.7500,200,0
TGP.US,5,20131203,191500,39.7700,39.7800,39.7700,39.7800,500,0
TGP.US,5,20131203,192500,39.7600,39.7600,39.7600,39.7600,200,0
TGP.US,5,20131203,193000,39.7500,39.7500,39.7400,39.7400,300,0
TGP.US,5,20131203,193500,39.7100,39.8600,39.7100,39.8600,1390,0
TGP.US,5,20131203,194000,39.8400,39.8700,39.8400,39.8500,600,0
TGP.US,5,20131203,194500,39.8000,39.8100,39.6800,39.7200,1971,0
TGP.US,5,20131203,195000,39.6900,39.7300,39.6900,39.7300,2900,0
TGP.US,5,20131203,195500,39.7300,39.7400,39.7300,39.7400,1600,0
TGP.US,5,20131203,200000,39.7300,39.7600,39.7300,39.7300,373,0
TGP.US,5,20131203,200500,39.7300,39.7600,39.6800,39.6800,2100,0
TGP.US,5,20131203,201000,39.7300,39.7300,39.6800,39.6900,1900,0
TGP.US,5,20131203,201500,39.7300,39.7300,39.7000,39.7200,400,0
TGP.US,5,20131203,202000,39.7000,39.7000,39.6100,39.6200,2857,0
TGP.US,5,20131203,202500,39.6200,39.6300,39.5700,39.5800,9474,0
TGP.US,5,20131203,203000,39.6100,39.6800,39.6100,39.6700,1384,0
TGP.US,5,20131203,203500,39.6800,39.6800,39.6500,39.6500,350,0
TGP.US,5,20131203,204000,39.6700,39.6700,39.6200,39.6400,2802,0
TGP.US,5,20131203,204500,39.6500,39.6500,39.6200,39.6200,400,0
TGP.US,5,20131203,205000,39.6500,39.6700,39.6400,39.6400,2400,0
TGP.US,5,20131203,205500,39.6400,39.6600,39.6400,39.6600,220,0
TGP.US,5,20131203,210000,39.6700,39.6800,39.6500,39.6600,700,0
TGP.US,5,20131203,210500,39.6800,39.6800,39.6600,39.6800,1250,0
TGP.US,5,20131203,211000,39.6700,39.7400,39.6700,39.7400,4684,0
TGP.US,5,20131203,211500,39.7400,39.7400,39.7200,39.7200,1051,0
TGP.US,5,20131203,212000,39.7100,39.7200,39.6200,39.6200,2567,0
TGP.US,5,20131203,212500,39.6700,39.6800,39.6600,39.6600,800,0
TGP.US,5,20131203,213000,39.6800,39.6800,39.5000,39.5900,20896,0
TGP.US,5,20131203,213500,39.5800,39.5800,39.5000,39.5700,4130,0
TGP.US,5,20131203,214000,39.5700,39.5700,39.5200,39.5400,3800,0
TGP.US,5,20131203,214500,39.5400,39.5400,39.5000,39.5200,2150,0
TGP.US,5,20131203,215000,39.5200,39.6100,39.5000,39.5700,3850,0
TGP.US,5,20131203,215500,39.5900,39.6300,39.5500,39.5900,14511,0
TGP.US,5,20131203,220000,39.6100,39.7100,39.6000,39.7100,4400,0
TGP.US,5,20131203,220500,39.7000,39.7000,39.7000,39.7000,1904,0
TGP.US,5,20131204,153500,39.4100,39.6500,39.4100,39.6000,1800,0
TGP.US,5,20131204,154000,39.4200,39.5800,39.4200,39.4400,675,0
TGP.US,5,20131204,154500,39.4400,39.4400,39.3900,39.3900,1104,0
TGP.US,5,20131204,155000,39.2700,39.2800,39.0100,39.2100,12376,0
TGP.US,5,20131204,155500,39.2100,39.3400,39.2100,39.3400,700,0
TGP.US,5,20131204,160000,39.2800,39.2800,38.1700,38.5200,125124,0
TGP.US,5,20131204,160500,38.5900,38.6000,38.3500,38.5400,10872,0
TGP.US,5,20131204,161000,38.6000,38.8900,38.5400,38.7100,15839,0
TGP.US,5,20131204,161500,38.7700,38.9700,38.7500,38.9600,4300,0
TGP.US,5,20131204,162000,38.9300,38.9500,38.6500,38.8100,2900,0
TGP.US,5,20131204,162500,38.8700,38.8900,38.8100,38.8900,3200,0
TGP.US,5,20131204,163000,38.8900,39.0500,38.8900,39.0100,4948,0
TGP.US,5,20131204,163500,39.0100,39.0400,38.9600,38.9900,6400,0
TGP.US,5,20131204,164000,39.0500,39.1700,39.0000,39.0400,8733,0
TGP.US,5,20131204,164500,39.0900,39.0900,39.0500,39.0900,300,0
TGP.US,5,20131204,165000,39.1300,39.3000,39.1100,39.2200,2900,0
TGP.US,5,20131204,165500,39.3000,39.3100,39.2100,39.2400,825,0
TGP.US,5,20131204,170000,39.2400,39.2400,39.1500,39.2100,8588,0
TGP.US,5,20131204,170500,39.2600,39.2600,39.2300,39.2400,500,0
TGP.US,5,20131204,171000,39.2500,39.2500,39.2000,39.2100,979,0
TGP.US,5,20131204,171500,39.2100,39.2100,39.1500,39.1600,13176,0
TGP.US,5,20131204,172000,39.2300,39.2500,39.1600,39.2500,5145,0
TGP.US,5,20131204,172500,39.3100,39.3100,39.2700,39.3000,1207,0
TGP.US,5,20131204,173000,39.3100,39.3700,39.3000,39.3100,2910,0
TGP.US,5,20131204,173500,39.3700,39.3900,39.2500,39.3000,9966,0
TGP.US,5,20131204,174000,39.3000,39.3500,39.2500,39.3100,5538,0
TGP.US,5,20131204,174500,39.3200,39.3300,39.2700,39.3300,667,0
TGP.US,5,20131204,175000,39.2800,39.2800,39.2800,39.2800,100,0
TGP.US,5,20131204,175500,39.3300,39.3300,39.2900,39.3300,850,0
TGP.US,5,20131204,180000,39.3300,39.4100,39.3300,39.4100,2579,0
TGP.US,5,20131204,180500,39.3700,39.4000,39.3700,39.3800,1301,0
TGP.US,5,20131204,181500,39.3400,39.3600,39.2500,39.3600,8133,0
TGP.US,5,20131204,182000,39.2500,39.3000,39.2500,39.3000,1402,0
TGP.US,5,20131204,182500,39.2900,39.2900,39.1400,39.2400,2950,0
TGP.US,5,20131204,183000,39.2700,39.2700,39.2500,39.2500,5208,0
TGP.US,5,20131204,183500,39.2600,39.2600,39.2600,39.2600,800,0
TGP.US,5,20131204,184000,39.3000,39.3100,39.2700,39.3100,2901,0
TGP.US,5,20131204,184500,39.4100,39.4100,39.3100,39.3100,700,0
TGP.US,5,20131204,185000,39.2700,39.3300,39.2500,39.2900,5379,0
TGP.US,5,20131204,190000,39.3000,39.3600,39.3000,39.3600,1500,0
TGP.US,5,20131204,190500,39.3600,39.3600,39.3600,39.3600,200,0
TGP.US,5,20131204,191000,39.3500,39.3500,39.1500,39.1500,300,0
TGP.US,5,20131204,191500,39.2200,39.2200,39.2100,39.2100,1100,0
TGP.US,5,20131204,192000,39.2100,39.2400,39.2100,39.2400,800,0
TGP.US,5,20131204,192500,39.2300,39.2800,39.2300,39.2800,200,0
TGP.US,5,20131204,193000,39.2600,39.3000,39.2600,39.2900,1637,0
TGP.US,5,20131204,193500,39.3000,39.3100,39.2900,39.3000,1400,0
TGP.US,5,20131204,194000,39.3000,39.3400,39.3000,39.3400,568,0
TGP.US,5,20131204,194500,39.3400,39.3400,39.3100,39.3100,300,0
TGP.US,5,20131204,195000,39.3000,39.3000,39.1100,39.2900,3064,0
TGP.US,5,20131204,195500,39.2400,39.2400,39.2400,39.2400,100,0
TGP.US,5,20131204,200000,39.3100,39.3100,39.1000,39.2500,3514,0
TGP.US,5,20131204,200500,39.2500,39.4400,39.2500,39.3000,1738,0
TGP.US,5,20131204,201000,39.3500,39.3900,39.3000,39.3900,1400,0
TGP.US,5,20131204,201500,39.3100,39.4000,39.3100,39.3500,9278,0
TGP.US,5,20131204,202000,39.3500,39.3700,39.3300,39.3500,1925,0
TGP.US,5,20131204,202500,39.3500,39.4200,39.3500,39.4100,8299,0
TGP.US,5,20131204,203000,39.4700,39.4700,39.4700,39.4700,700,0
TGP.US,5,20131204,204000,39.4800,39.4900,39.4200,39.4900,900,0
TGP.US,5,20131204,204500,39.4600,39.4800,39.4600,39.4800,726,0
TGP.US,5,20131204,205000,39.4200,39.4900,39.4200,39.4600,2500,0
TGP.US,5,20131204,205500,39.4900,39.5300,39.4700,39.5300,7620,0
TGP.US,5,20131204,210000,39.5000,39.5300,39.4000,39.4700,2850,0
TGP.US,5,20131204,210500,39.4900,39.5000,39.4900,39.5000,300,0
TGP.US,5,20131204,211000,39.5000,39.5500,39.5000,39.5000,1600,0
TGP.US,5,20131204,211500,39.5100,39.5200,39.4900,39.5200,1600,0
TGP.US,5,20131204,212000,39.5200,39.5600,39.5000,39.5000,1882,0
TGP.US,5,20131204,212500,39.4900,39.4900,39.3700,39.4400,4620,0
TGP.US,5,20131204,213000,39.4700,39.5100,39.3500,39.5000,9116,0
TGP.US,5,20131204,213500,39.4800,39.5100,39.4600,39.5000,13267,0
TGP.US,5,20131204,214000,39.5100,39.6300,39.5100,39.5900,2100,0
TGP.US,5,20131204,214500,39.5800,39.6300,39.5600,39.6200,2836,0
TGP.US,5,20131204,215000,39.6400,39.6600,39.6400,39.6400,1756,0
TGP.US,5,20131204,215500,39.6100,39.6400,39.6000,39.6400,2000,0
TGP.US,5,20131204,220000,39.6000,39.6200,39.5200,39.5500,7377,0
TGP.US,5,20131204,220500,39.5600,39.5600,39.5600,39.5600,2389,0
TGP.US,5,20131205,153500,39.4900,39.4900,39.1500,39.2000,823,0
TGP.US,5,20131205,154000,39.3900,39.4700,39.2900,39.4700,1208,0
TGP.US,5,20131205,154500,39.4500,39.4500,39.2700,39.3700,450,0
TGP.US,5,20131205,155000,39.2900,39.2900,39.0100,39.2600,1727,0
TGP.US,5,20131205,155500,39.2600,39.3500,39.2300,39.3400,1500,0
TGP.US,5,20131205,160000,39.3600,39.4400,39.2100,39.2100,2178,0
TGP.US,5,20131205,160500,39.2600,39.2600,39.1700,39.2000,1330,0
TGP.US,5,20131205,161000,39.2900,39.3100,39.2900,39.3100,325,0
TGP.US,5,20131205,161500,39.4000,39.4000,39.3400,39.3400,200,0
TGP.US,5,20131205,162000,39.3400,39.3800,39.2400,39.3500,2394,0
TGP.US,5,20131205,162500,39.3200,39.3200,39.2300,39.2600,700,0
TGP.US,5,20131205,163000,39.2400,39.2400,39.2400,39.2400,100,0
TGP.US,5,20131205,163500,39.3000,39.4700,39.3000,39.4700,3330,0
TGP.US,5,20131205,164000,39.4100,39.4100,39.4100,39.4100,325,0
TGP.US,5,20131205,164500,39.4100,39.4400,39.3500,39.3500,450,0
TGP.US,5,20131205,165000,39.2900,39.2900,39.2900,39.2900,150,0
TGP.US,5,20131205,165500,39.3200,39.3200,39.2900,39.2900,705,0
TGP.US,5,20131205,170000,39.3100,39.3100,39.3100,39.3100,280,0
TGP.US,5,20131205,170500,39.3200,39.3200,39.3200,39.3200,200,0
TGP.US,5,20131205,171000,39.4500,39.4500,39.4000,39.4000,420,0
TGP.US,5,20131205,171500,39.4200,39.4600,39.4200,39.4400,700,0
TGP.US,5,20131205,172000,39.4600,39.4600,39.4300,39.4300,2206,0
TGP.US,5,20131205,172500,39.4500,39.5000,39.4500,39.4500,10500,0
TGP.US,5,20131205,173000,39.5000,39.5000,39.4500,39.4500,650,0
TGP.US,5,20131205,173500,39.4700,39.5000,39.4100,39.4100,1020,0
TGP.US,5,20131205,174000,39.3700,39.4600,39.3700,39.4600,1400,0
TGP.US,5,20131205,174500,39.4200,39.4600,39.4100,39.4500,1826,0
TGP.US,5,20131205,175000,39.4500,39.4600,39.4400,39.4500,904,0
TGP.US,5,20131205,175500,39.4500,39.4500,39.4500,39.4500,1200,0
TGP.US,5,20131205,180000,39.4500,39.4600,39.4200,39.4400,900,0
TGP.US,5,20131205,180500,39.3800,39.3800,39.3500,39.3600,3000,0
TGP.US,5,20131205,181500,39.4000,39.4000,39.3700,39.3700,300,0
TGP.US,5,20131205,182500,39.4000,39.4500,39.3900,39.3900,2885,0
TGP.US,5,20131205,183500,39.4000,39.4000,39.3700,39.3700,397,0
TGP.US,5,20131205,184000,39.4000,39.4100,39.3700,39.4100,400,0
TGP.US,5,20131205,184500,39.4000,39.5800,39.4000,39.5800,2648,0
TGP.US,5,20131205,185000,39.5800,39.6500,39.5200,39.6500,1900,0
TGP.US,5,20131205,190000,39.5800,39.5800,39.5800,39.5800,100,0
TGP.US,5,20131205,190500,39.5300,39.5400,39.5300,39.5400,400,0
TGP.US,5,20131205,191000,39.6000,39.6200,39.5400,39.6200,1370,0
TGP.US,5,20131205,191500,39.6200,39.6200,39.5400,39.5400,400,0
TGP.US,5,20131205,192000,39.5400,39.6100,39.5400,39.5500,1132,0
TGP.US,5,20131205,192500,39.5400,39.5900,39.4300,39.4500,800,0
TGP.US,5,20131205,193000,39.5100,39.5100,39.4200,39.4200,800,0
TGP.US,5,20131205,193500,39.3700,39.4600,39.3700,39.4600,1000,0
TGP.US,5,20131205,194000,39.4700,39.5200,39.4500,39.4800,1207,0
TGP.US,5,20131205,194500,39.4300,39.4300,39.3300,39.3300,1000,0
TGP.US,5,20131205,195000,39.3300,39.3300,39.3300,39.3300,300,0
TGP.US,5,20131205,195500,39.3300,39.3300,39.2600,39.2600,500,0
TGP.US,5,20131205,200000,39.2600,39.2600,39.1300,39.1300,2087,0
TGP.US,5,20131205,200500,39.2200,39.2500,39.1900,39.1900,1920,0
TGP.US,5,20131205,201000,39.2200,39.2200,39.1900,39.2100,2447,0
TGP.US,5,20131205,201500,39.2000,39.2400,39.1100,39.1400,3226,0
TGP.US,5,20131205,202000,39.1400,39.1900,39.1100,39.1900,2355,0
TGP.US,5,20131205,202500,39.1500,39.1700,39.0900,39.1000,2710,0
TGP.US,5,20131205,203000,39.0700,39.1300,39.0500,39.0800,1250,0
TGP.US,5,20131205,203500,39.0600,39.1200,39.0600,39.0600,1859,0
TGP.US,5,20131205,204000,39.0700,39.1200,39.0600,39.0800,800,0
TGP.US,5,20131205,204500,39.0700,39.1300,39.0600,39.0600,2095,0
TGP.US,5,20131205,205000,39.0200,39.0600,39.0000,39.0100,1396,0
TGP.US,5,20131205,205500,39.0100,39.0200,38.9700,39.0000,2470,0
TGP.US,5,20131205,210000,39.0000,39.0900,38.9700,38.9700,4894,0
TGP.US,5,20131205,210500,38.9400,38.9400,38.9400,38.9400,300,0
TGP.US,5,20131205,211000,38.9600,39.0000,38.9300,38.9600,3400,0
TGP.US,5,20131205,211500,38.9600,39.0400,38.9500,38.9700,6255,0
TGP.US,5,20131205,212000,38.9700,38.9800,38.9100,38.9500,750,0
TGP.US,5,20131205,212500,38.9600,39.0700,38.9500,39.0700,4230,0
TGP.US,5,20131205,213000,39.0300,39.0700,39.0300,39.0400,1475,0
TGP.US,5,20131205,213500,39.0300,39.0700,38.9000,39.0300,6320,0
TGP.US,5,20131205,214000,39.0800,39.0800,38.9200,39.0000,3501,0
TGP.US,5,20131205,214500,39.0400,39.0400,38.9200,38.9200,1230,0
TGP.US,5,20131205,215000,38.9400,39.0600,38.9400,39.0300,3600,0
TGP.US,5,20131205,215500,38.9900,39.0200,38.9200,38.9300,3953,0
TGP.US,5,20131205,220000,38.9700,39.0400,38.8400,39.0000,9174,0
TGP.US,5,20131205,220500,38.9400,38.9400,38.9400,38.9400,9895,0
TGP.US,5,20131206,154000,38.8900,38.9300,38.5400,38.5400,6444,0
TGP.US,5,20131206,154500,38.5600,38.8000,38.5600,38.8000,860,0
TGP.US,5,20131206,155000,38.6900,38.9200,38.6800,38.9200,737,0
TGP.US,5,20131206,155500,38.8700,39.1100,38.7900,39.1100,4899,0
TGP.US,5,20131206,160000,38.9900,38.9900,38.7100,38.7100,3772,0
TGP.US,5,20131206,160500,38.7000,38.9100,38.7000,38.9100,2112,0
TGP.US,5,20131206,161000,38.9200,38.9200,38.7700,38.7700,1400,0
TGP.US,5,20131206,161500,38.8000,38.9400,38.6000,38.9400,4393,0
TGP.US,5,20131206,162000,38.7900,38.8400,38.7900,38.8400,1040,0
TGP.US,5,20131206,162500,38.9400,39.0200,38.9100,38.9100,1250,0
TGP.US,5,20131206,163000,39.0900,39.0900,39.0500,39.0800,1000,0
TGP.US,5,20131206,163500,39.0800,39.0800,38.9300,39.0100,3925,0
TGP.US,5,20131206,164000,39.0000,39.0100,38.9300,38.9900,1450,0
TGP.US,5,20131206,164500,39.0000,39.0000,39.0000,39.0000,700,0
TGP.US,5,20131206,165000,38.9700,39.0000,38.9400,38.9800,1400,0
TGP.US,5,20131206,165500,38.9700,38.9800,38.7500,38.8700,1923,0
TGP.US,5,20131206,170000,38.8100,38.8700,38.7400,38.8500,4450,0
TGP.US,5,20131206,170500,38.8500,38.8500,38.7700,38.8500,1200,0
TGP.US,5,20131206,171000,38.8500,38.9700,38.6000,38.7200,4819,0
TGP.US,5,20131206,171500,38.7500,38.8100,38.7000,38.7900,2324,0
TGP.US,5,20131206,172000,38.7300,38.7300,38.6800,38.6800,887,0
TGP.US,5,20131206,172500,38.8400,38.8400,38.8400,38.8400,127,0
TGP.US,5,20131206,173000,38.7800,38.8600,38.7000,38.8600,300,0
TGP.US,5,20131206,173500,38.8800,38.8800,38.8500,38.8500,483,0
TGP.US,5,20131206,174000,38.8600,38.9000,38.7500,38.8400,5124,0
TGP.US,5,20131206,174500,38.8100,38.8100,38.8100,38.8100,227,0
TGP.US,5,20131206,175000,38.8500,38.8500,38.7000,38.8000,2280,0
TGP.US,5,20131206,175500,38.8100,38.8300,38.6300,38.6300,2874,0
TGP.US,5,20131206,180000,38.7200,38.7700,38.6500,38.7700,2088,0
TGP.US,5,20131206,180500,38.7800,38.8300,38.7800,38.8300,600,0
TGP.US,5,20131206,181000,38.8300,38.8900,38.8300,38.8900,215,0
TGP.US,5,20131206,181500,38.9200,38.9200,38.7600,38.8600,1800,0
TGP.US,5,20131206,182000,38.9200,38.9800,38.8500,38.9800,1694,0
TGP.US,5,20131206,182500,39.0300,39.0700,38.9600,38.9700,1367,0
TGP.US,5,20131206,183500,38.9600,39.1100,38.9600,39.1100,1018,0
TGP.US,5,20131206,184000,39.1300,39.1300,39.1200,39.1200,800,0
TGP.US,5,20131206,184500,39.1800,39.1800,39.1200,39.1200,200,0
TGP.US,5,20131206,185000,39.0900,39.1200,39.0900,39.1200,200,0
TGP.US,5,20131206,185500,39.0900,39.0900,39.0900,39.0900,207,0
TGP.US,5,20131206,190000,39.1200,39.2300,39.1200,39.1800,2140,0
TGP.US,5,20131206,190500,39.1800,39.1800,39.1800,39.1800,200,0
TGP.US,5,20131206,191500,39.1400,39.1400,39.1400,39.1400,100,0
TGP.US,5,20131206,192000,39.2100,39.2100,39.2100,39.2100,300,0
TGP.US,5,20131206,192500,39.2200,39.2500,39.2200,39.2500,300,0
TGP.US,5,20131206,193000,39.2400,39.2400,39.2400,39.2400,100,0
TGP.US,5,20131206,193500,39.2400,39.3100,39.2200,39.3100,3040,0
TGP.US,5,20131206,194000,39.2400,39.3300,39.1900,39.2500,2750,0
TGP.US,5,20131206,194500,39.2800,39.2800,39.2100,39.2600,303,0
TGP.US,5,20131206,195000,39.2300,39.2600,39.2300,39.2300,910,0
TGP.US,5,20131206,195500,39.2200,39.2400,39.1500,39.1700,1133,0
TGP.US,5,20131206,200000,39.1500,39.2000,39.1500,39.2000,848,0
TGP.US,5,20131206,200500,39.2200,39.3200,39.2200,39.3200,387,0
TGP.US,5,20131206,201000,39.3100,39.3100,39.2000,39.2000,2450,0
TGP.US,5,20131206,201500,39.2800,39.2800,39.1300,39.2000,1004,0
TGP.US,5,20131206,202000,39.2100,39.3100,39.2000,39.2100,2779,0
TGP.US,5,20131206,202500,39.2100,39.2600,39.2100,39.2600,500,0
TGP.US,5,20131206,203000,39.2600,39.2600,39.2500,39.2500,400,0
TGP.US,5,20131206,203500,39.2400,39.2400,39.2400,39.2400,100,0
TGP.US,5,20131206,204000,39.2600,39.3100,39.2500,39.3100,1475,0
TGP.US,5,20131206,204500,39.3000,39.3000,39.2400,39.2400,955,0
TGP.US,5,20131206,205000,39.2400,39.2500,39.0800,39.0800,3825,0
TGP.US,5,20131206,205500,39.1000,39.1600,39.1000,39.1600,800,0
TGP.US,5,20131206,210000,39.1600,39.1600,39.0700,39.1500,5555,0
TGP.US,5,20131206,210500,39.1100,39.1600,38.9800,39.0000,9800,0
TGP.US,5,20131206,211000,38.9900,39.0800,38.9600,39.0800,3100,0
TGP.US,5,20131206,211500,39.0400,39.1500,39.0300,39.1500,1897,0
TGP.US,5,20131206,212000,39.1100,39.1300,39.0300,39.1100,2200,0
TGP.US,5,20131206,212500,39.1100,39.1100,39.0400,39.1000,600,0
TGP.US,5,20131206,213000,39.1100,39.1600,39.0900,39.1600,3900,0
TGP.US,5,20131206,213500,39.1600,39.1600,39.0300,39.0600,5427,0
TGP.US,5,20131206,214000,39.0600,39.1200,39.0200,39.0900,9359,0
TGP.US,5,20131206,214500,39.0900,39.1000,39.0900,39.0900,2600,0
TGP.US,5,20131206,215000,39.0900,39.2200,39.0900,39.2100,6288,0
TGP.US,5,20131206,215500,39.2100,39.2200,39.1700,39.2200,7100,0
TGP.US,5,20131206,220000,39.2200,39.2800,39.2200,39.2800,7114,0
TGP.US,5,20131206,220500,39.2800,39.2800,39.2800,39.2800,1797,0
TGP.US,5,20131209,153500,39.2500,39.2500,39.2100,39.2100,6280,0
TGP.US,5,20131209,154000,38.9400,39.1500,38.9400,38.9700,1700,0
TGP.US,5,20131209,154500,38.9500,38.9900,38.9500,38.9500,1200,0
TGP.US,5,20131209,155000,38.9500,38.9500,38.9500,38.9500,300,0
TGP.US,5,20131209,155500,38.9800,38.9800,38.9600,38.9600,700,0
TGP.US,5,20131209,160000,38.9700,39.1000,38.9700,39.1000,1000,0
TGP.US,5,20131209,160500,39.0600,39.0600,38.9800,38.9800,850,0
TGP.US,5,20131209,161000,39.0400,39.1800,38.9800,39.1400,2800,0
TGP.US,5,20131209,161500,39.1300,39.2500,39.0900,39.2200,2169,0
TGP.US,5,20131209,162000,39.1300,39.2300,39.1300,39.1500,1850,0
TGP.US,5,20131209,162500,39.1400,39.1700,39.0500,39.0500,2344,0
TGP.US,5,20131209,163000,39.0600,39.0700,39.0100,39.0100,1307,0
TGP.US,5,20131209,163500,38.9600,38.9700,38.9600,38.9700,1350,0
TGP.US,5,20131209,164000,38.9600,39.0600,38.9600,39.0600,2800,0
TGP.US,5,20131209,164500,39.1600,39.2300,39.1600,39.2300,1000,0
TGP.US,5,20131209,165000,39.1900,39.2200,39.1600,39.1600,930,0
TGP.US,5,20131209,165500,39.1600,39.1800,39.0000,39.0000,2845,0
TGP.US,5,20131209,170000,39.0100,39.0100,39.0100,39.0100,200,0
TGP.US,5,20131209,170500,39.0100,39.0100,39.0100,39.0100,200,0
TGP.US,5,20131209,171000,39.0600,39.0600,39.0200,39.0400,1100,0
TGP.US,5,20131209,171500,39.0500,39.1600,39.0500,39.1600,3700,0
TGP.US,5,20131209,172000,39.1600,39.1900,39.1600,39.1900,700,0
TGP.US,5,20131209,172500,39.2400,39.2800,39.2200,39.2500,7726,0
TGP.US,5,20131209,173000,39.2500,39.2700,39.2500,39.2700,1791,0
TGP.US,5,20131209,173500,39.2600,39.2600,39.1500,39.1500,1279,0
TGP.US,5,20131209,174000,39.1900,39.2500,39.1900,39.2500,1660,0
TGP.US,5,20131209,174500,39.2500,39.2700,39.1700,39.2000,3200,0
TGP.US,5,20131209,175000,39.1700,39.1700,39.1700,39.1700,600,0
TGP.US,5,20131209,175500,39.1500,39.1700,39.1500,39.1600,3565,0
TGP.US,5,20131209,180000,39.1600,39.1800,39.1600,39.1800,2300,0
TGP.US,5,20131209,180500,39.1700,39.1900,39.1500,39.1500,2104,0
TGP.US,5,20131209,181500,39.2000,39.2800,39.2000,39.2800,4471,0
TGP.US,5,20131209,182000,39.2400,39.3400,39.2400,39.3400,2790,0
TGP.US,5,20131209,182500,39.3500,39.3500,39.2900,39.3500,2861,0
TGP.US,5,20131209,183000,39.3400,39.4300,39.3400,39.3700,4200,0
TGP.US,5,20131209,183500,39.4000,39.4000,39.3700,39.3800,3722,0
TGP.US,5,20131209,184000,39.3700,39.5000,39.3300,39.4300,6542,0
TGP.US,5,20131209,184500,39.5000,39.5000,39.4300,39.4500,1346,0
TGP.US,5,20131209,185000,39.4800,39.4900,39.4300,39.4700,3365,0
TGP.US,5,20131209,185500,39.4600,39.4900,39.3600,39.3600,3650,0
TGP.US,5,20131209,190000,39.3500,39.3600,39.3500,39.3600,600,0
TGP.US,5,20131209,190500,39.3500,39.3900,39.3500,39.3800,1400,0
TGP.US,5,20131209,191000,39.3700,39.3700,39.2600,39.2800,1400,0
TGP.US,5,20131209,191500,39.3000,39.3500,39.3000,39.3500,1741,0
TGP.US,5,20131209,192000,39.3500,39.4600,39.3400,39.4600,3688,0
TGP.US,5,20131209,192500,39.4300,39.4500,39.4300,39.4500,239,0
TGP.US,5,20131209,193000,39.4300,39.4700,39.4300,39.4300,900,0
TGP.US,5,20131209,193500,39.4700,39.4800,39.4300,39.4800,3200,0
TGP.US,5,20131209,194000,39.4600,39.6000,39.4600,39.6000,5887,0
TGP.US,5,20131209,194500,39.6000,39.6000,39.5500,39.5700,6607,0
TGP.US,5,20131209,195000,39.4600,39.4600,39.4200,39.4200,700,0
TGP.US,5,20131209,195500,39.4400,39.4400,39.3300,39.4000,1731,0
TGP.US,5,20131209,200000,39.3500,39.5300,39.3300,39.5200,2400,0
TGP.US,5,20131209,200500,39.5000,39.5000,39.4700,39.4700,1100,0
TGP.US,5,20131209,201000,39.4900,39.4900,39.4700,39.4900,2000,0
TGP.US,5,20131209,201500,39.4900,39.4900,39.4400,39.4400,1200,0
TGP.US,5,20131209,202000,39.4300,39.4900,39.4100,39.4600,2610,0
TGP.US,5,20131209,202500,39.4400,39.4400,39.4200,39.4200,3169,0
TGP.US,5,20131209,203000,39.4100,39.4200,39.3800,39.4000,1700,0
TGP.US,5,20131209,203500,39.3800,39.4600,39.3800,39.4600,2450,0
TGP.US,5,20131209,204000,39.4600,39.4600,39.4300,39.4300,629,0
TGP.US,5,20131209,204500,39.4800,39.4800,39.4200,39.4200,2500,0
TGP.US,5,20131209,205000,39.4200,39.4200,39.3900,39.3900,2200,0
TGP.US,5,20131209,205500,39.4000,39.4000,39.3700,39.3700,2200,0
TGP.US,5,20131209,210000,39.4000,39.4000,39.3300,39.3500,3576,0
TGP.US,5,20131209,210500,39.3300,39.3300,39.3000,39.3000,1300,0
TGP.US,5,20131209,211000,39.2800,39.2800,39.2400,39.2500,1200,0
TGP.US,5,20131209,211500,39.2500,39.2500,39.1800,39.1800,910,0
TGP.US,5,20131209,212000,39.1800,39.1800,39.1600,39.1700,3920,0
TGP.US,5,20131209,212500,39.1600,39.2300,39.1400,39.1700,7039,0
TGP.US,5,20131209,213000,39.1700,39.2400,39.1700,39.2200,3000,0
TGP.US,5,20131209,213500,39.2100,39.2200,39.2000,39.2200,2600,0
TGP.US,5,20131209,214000,39.2000,39.2100,39.2000,39.2100,2304,0
TGP.US,5,20131209,214500,39.2000,39.2100,39.1900,39.1900,5600,0
TGP.US,5,20131209,215000,39.1900,39.2100,39.1700,39.1700,5735,0
TGP.US,5,20131209,215500,39.2000,39.2200,39.1900,39.1900,9234,0
TGP.US,5,20131209,220000,39.2000,39.2200,39.1700,39.2200,14367,0
TGP.US,5,20131209,220500,39.2200,39.2200,39.2200,39.2200,5892,0
