<TICKER>,<PER>,<DTYYYYMMDD>,<TIME>,<OPEN>,<HIGH>,<LOW>,<CLOSE>,<VOL>,<OPENINT>
TIF.US,5,20131112,153500,81.2700,81.5000,81.1800,81.4500,9618,0
TIF.US,5,20131112,154000,81.4100,81.4800,81.3400,81.3400,5242,0
TIF.US,5,20131112,154500,81.3000,81.3800,81.2300,81.3100,5300,0
TIF.US,5,20131112,155000,81.3400,81.4200,81.3100,81.4200,13648,0
TIF.US,5,20131112,155500,81.4800,81.5000,81.3900,81.4100,12090,0
TIF.US,5,20131112,160000,81.4300,81.5000,81.3900,81.4800,10200,0
TIF.US,5,20131112,160500,81.4600,81.6300,81.4600,81.5200,31100,0
TIF.US,5,20131112,161000,81.5300,81.5400,81.4500,81.4600,4349,0
TIF.US,5,20131112,161500,81.5100,81.6500,81.5000,81.5500,5816,0
TIF.US,5,20131112,162000,81.5300,81.6900,81.5100,81.6000,34355,0
TIF.US,5,20131112,162500,81.5500,81.6600,81.5500,81.6500,12598,0
TIF.US,5,20131112,163000,81.6500,81.6500,81.4300,81.4300,15701,0
TIF.US,5,20131112,163500,81.4800,81.5700,81.4800,81.5700,28616,0
TIF.US,5,20131112,164000,81.6200,81.6600,81.5300,81.6500,30854,0
TIF.US,5,20131112,164500,81.6400,81.6800,81.6100,81.6100,15497,0
TIF.US,5,20131112,165000,81.6100,81.6200,81.4900,81.5500,3600,0
TIF.US,5,20131112,165500,81.5500,81.6400,81.5400,81.6200,9274,0
TIF.US,5,20131112,170000,81.6200,81.6400,81.5200,81.5500,7311,0
TIF.US,5,20131112,170500,81.5800,81.5800,81.4800,81.5400,17297,0
TIF.US,5,20131112,171000,81.5500,81.5600,81.4400,81.4600,9652,0
TIF.US,5,20131112,171500,81.4900,81.5900,81.4700,81.5600,22781,0
TIF.US,5,20131112,172000,81.5700,81.6300,81.5600,81.6200,5179,0
TIF.US,5,20131112,172500,81.6200,81.8400,81.6100,81.8000,11082,0
TIF.US,5,20131112,173000,81.8000,82.0000,81.7500,81.9300,12621,0
TIF.US,5,20131112,173500,81.9700,82.0500,81.9700,82.0300,12814,0
TIF.US,5,20131112,174000,82.0300,82.0300,81.8800,81.9600,22936,0
TIF.US,5,20131112,174500,81.9300,81.9300,81.8000,81.8000,12561,0
TIF.US,5,20131112,175000,81.8000,81.8200,81.7800,81.8100,4800,0
TIF.US,5,20131112,175500,81.8200,81.8600,81.7900,81.8500,10142,0
TIF.US,5,20131112,180000,81.8500,81.8600,81.8400,81.8500,1713,0
TIF.US,5,20131112,180500,81.8600,81.8900,81.8500,81.8800,4310,0
TIF.US,5,20131112,181000,81.8700,81.8700,81.8000,81.8500,14000,0
TIF.US,5,20131112,181500,81.8400,81.8500,81.8200,81.8300,2000,0
TIF.US,5,20131112,182000,81.8300,81.9200,81.8300,81.9100,3975,0
TIF.US,5,20131112,182500,81.8800,81.9000,81.7700,81.8100,5800,0
TIF.US,5,20131112,183000,81.7700,81.8000,81.7100,81.7200,5598,0
TIF.US,5,20131112,183500,81.7200,81.7700,81.6800,81.7500,8980,0
TIF.US,5,20131112,184000,81.7600,81.7800,81.7000,81.7200,7700,0
TIF.US,5,20131112,184500,81.7100,81.7400,81.6800,81.7300,7550,0
TIF.US,5,20131112,185000,81.7200,81.7900,81.7100,81.7800,2200,0
TIF.US,5,20131112,185500,81.7900,81.8700,81.7500,81.7500,5300,0
TIF.US,5,20131112,190000,81.7700,81.8300,81.7700,81.8200,4100,0
TIF.US,5,20131112,190500,81.7900,81.7900,81.7500,81.7700,2760,0
TIF.US,5,20131112,191000,81.7700,81.8500,81.7700,81.8500,3100,0
TIF.US,5,20131112,191500,81.8500,81.9000,81.8300,81.8300,3600,0
TIF.US,5,20131112,192000,81.8400,81.8700,81.8400,81.8400,1700,0
TIF.US,5,20131112,192500,81.8500,81.9100,81.8400,81.8400,3700,0
TIF.US,5,20131112,193000,81.8500,81.8900,81.7900,81.8000,3708,0
TIF.US,5,20131112,193500,81.8000,81.8300,81.7500,81.7500,9995,0
TIF.US,5,20131112,194000,81.7700,81.9200,81.7300,81.9100,32400,0
TIF.US,5,20131112,194500,81.9000,81.9000,81.8100,81.8400,2725,0
TIF.US,5,20131112,195000,81.8400,81.8900,81.8400,81.8800,3400,0
TIF.US,5,20131112,195500,81.8600,81.8700,81.8000,81.8100,1400,0
TIF.US,5,20131112,200000,81.8200,81.8600,81.8200,81.8400,4047,0
TIF.US,5,20131112,200500,81.8400,81.9400,81.8300,81.9400,15934,0
TIF.US,5,20131112,201000,81.8900,81.9000,81.8300,81.8400,824,0
TIF.US,5,20131112,201500,81.8300,81.8300,81.7800,81.7800,600,0
TIF.US,5,20131112,202000,81.7700,81.8200,81.7300,81.8200,8929,0
TIF.US,5,20131112,202500,81.8300,82.0000,81.8300,81.8900,18350,0
TIF.US,5,20131112,203000,81.8800,81.9000,81.7600,81.7600,5131,0
TIF.US,5,20131112,203500,81.7400,81.8000,81.7400,81.7500,3675,0
TIF.US,5,20131112,204000,81.7500,81.8100,81.7400,81.7700,4100,0
TIF.US,5,20131112,204500,81.7500,81.8100,81.7400,81.7900,3603,0
TIF.US,5,20131112,205000,81.7900,81.8600,81.7500,81.8600,6100,0
TIF.US,5,20131112,205500,81.8600,81.9000,81.7500,81.7500,18931,0
TIF.US,5,20131112,210000,81.7300,81.8800,81.7300,81.8400,17480,0
TIF.US,5,20131112,210500,81.8400,81.9400,81.8400,81.8600,18150,0
TIF.US,5,20131112,211000,81.8700,81.8900,81.8400,81.8600,17626,0
TIF.US,5,20131112,211500,81.8600,81.8800,81.8100,81.8200,28732,0
TIF.US,5,20131112,212000,81.8200,81.8500,81.7700,81.7900,3473,0
TIF.US,5,20131112,212500,81.7900,81.8200,81.7400,81.7600,6097,0
TIF.US,5,20131112,213000,81.7900,81.7900,81.6900,81.7000,3911,0
TIF.US,5,20131112,213500,81.6900,81.7400,81.6700,81.6900,7250,0
TIF.US,5,20131112,214000,81.6800,81.7000,81.6000,81.6300,8684,0
TIF.US,5,20131112,214500,81.6200,81.7200,81.6200,81.7200,11979,0
TIF.US,5,20131112,215000,81.7000,81.7500,81.6800,81.7100,24093,0
TIF.US,5,20131112,215500,81.7100,81.7200,81.6500,81.6500,28817,0
TIF.US,5,20131112,220000,81.6500,81.8000,81.6500,81.7400,21867,0
TIF.US,5,20131112,220500,81.7300,81.7300,81.7300,81.7300,39492,0
TIF.US,5,20131113,153500,81.4800,81.7800,81.3100,81.5800,24702,0
TIF.US,5,20131113,154000,81.5700,81.9600,81.4800,81.8600,32815,0
TIF.US,5,20131113,154500,81.8500,82.1700,81.8500,82.0500,7157,0
TIF.US,5,20131113,155000,82.0000,82.2100,82.0000,82.0200,5516,0
TIF.US,5,20131113,155500,82.0400,82.0400,81.8800,81.9100,3626,0
TIF.US,5,20131113,160000,81.9700,82.1000,81.9100,82.0500,2300,0
TIF.US,5,20131113,160500,82.0800,82.1900,82.0800,82.0900,2463,0
TIF.US,5,20131113,161000,82.1300,82.1300,81.9000,81.9700,3890,0
TIF.US,5,20131113,161500,82.0300,82.2300,82.0200,82.1200,4008,0
TIF.US,5,20131113,162000,82.1500,82.2400,82.0500,82.0800,14760,0
TIF.US,5,20131113,162500,82.0900,82.1300,82.0200,82.0200,2965,0
TIF.US,5,20131113,163000,82.0300,82.1100,82.0000,82.0800,4364,0
TIF.US,5,20131113,163500,82.0600,82.1000,81.9300,82.0200,12817,0
TIF.US,5,20131113,164000,82.0100,82.0800,82.0000,82.0000,9024,0
TIF.US,5,20131113,164500,82.0500,82.0600,82.0000,82.0000,2500,0
TIF.US,5,20131113,165000,81.9800,82.0100,81.8400,81.8700,10213,0
TIF.US,5,20131113,165500,81.9100,82.1200,81.8700,82.1000,22777,0
TIF.US,5,20131113,170000,82.1000,82.1100,81.9200,82.0000,13149,0
TIF.US,5,20131113,170500,82.0100,82.0600,81.9200,81.9500,9945,0
TIF.US,5,20131113,171000,81.9100,81.9500,81.8300,81.8300,3200,0
TIF.US,5,20131113,171500,81.8200,81.9500,81.7400,81.7600,13289,0
TIF.US,5,20131113,172000,81.7500,81.7500,81.6700,81.7300,6792,0
TIF.US,5,20131113,172500,81.7500,81.7900,81.7500,81.7800,1204,0
TIF.US,5,20131113,173000,81.8200,81.8300,81.7900,81.8300,2413,0
TIF.US,5,20131113,173500,81.8300,81.9200,81.8300,81.8600,10003,0
TIF.US,5,20131113,174000,81.9100,81.9700,81.9000,81.9300,2400,0
TIF.US,5,20131113,174500,81.9200,81.9800,81.8900,81.9700,6304,0
TIF.US,5,20131113,175000,81.9700,82.0800,81.9500,82.0500,5576,0
TIF.US,5,20131113,175500,82.0300,82.1100,82.0300,82.1000,2000,0
TIF.US,5,20131113,180000,82.1000,82.1700,82.0800,82.1700,1600,0
TIF.US,5,20131113,180500,82.1600,82.2000,82.1300,82.1800,11613,0
TIF.US,5,20131113,181000,82.1900,82.2900,82.1900,82.2400,4068,0
TIF.US,5,20131113,181500,82.2500,82.2700,82.1800,82.2700,1999,0
TIF.US,5,20131113,182000,82.2900,82.4000,82.2900,82.3300,4033,0
TIF.US,5,20131113,182500,82.3600,82.5000,82.3300,82.4200,17217,0
TIF.US,5,20131113,183000,82.4400,82.5300,82.4400,82.4600,5095,0
TIF.US,5,20131113,183500,82.4900,82.6300,82.4400,82.5800,12990,0
TIF.US,5,20131113,184000,82.5700,82.5700,82.4300,82.4300,7110,0
TIF.US,5,20131113,184500,82.4500,82.5700,82.4500,82.5600,2600,0
TIF.US,5,20131113,185000,82.5400,82.5900,82.4600,82.4600,4487,0
TIF.US,5,20131113,185500,82.4800,82.5700,82.4800,82.5700,1100,0
TIF.US,5,20131113,190000,82.6100,82.6100,82.4600,82.4600,3400,0
TIF.US,5,20131113,190500,82.5000,82.5200,82.4400,82.4400,3300,0
TIF.US,5,20131113,191000,82.4400,82.4800,82.4300,82.4500,1491,0
TIF.US,5,20131113,191500,82.4600,82.5600,82.4600,82.5100,11524,0
TIF.US,5,20131113,192000,82.5100,82.5400,82.4900,82.5400,7000,0
TIF.US,5,20131113,192500,82.5300,82.5300,82.4400,82.4400,2535,0
TIF.US,5,20131113,193000,82.4800,82.5700,82.4800,82.5700,4283,0
TIF.US,5,20131113,193500,82.5900,82.6500,82.5700,82.6300,1141,0
TIF.US,5,20131113,194000,82.6600,82.6600,82.5700,82.5900,2104,0
TIF.US,5,20131113,194500,82.6400,82.6500,82.6000,82.6000,1122,0
TIF.US,5,20131113,195000,82.6200,82.7200,82.6200,82.7000,4020,0
TIF.US,5,20131113,195500,82.6900,82.6900,82.5700,82.5700,1800,0
TIF.US,5,20131113,200000,82.5700,82.6100,82.5600,82.6100,2000,0
TIF.US,5,20131113,200500,82.6100,82.6300,82.5600,82.6200,2100,0
TIF.US,5,20131113,201000,82.5900,82.5900,82.5500,82.5600,3200,0
TIF.US,5,20131113,201500,82.5500,82.5600,82.5100,82.5400,2655,0
TIF.US,5,20131113,202000,82.5500,82.5500,82.5000,82.5300,4067,0
TIF.US,5,20131113,202500,82.5700,82.6100,82.5700,82.6000,4270,0
TIF.US,5,20131113,203000,82.6100,82.6100,82.5600,82.5600,6180,0
TIF.US,5,20131113,203500,82.5700,82.6000,82.5600,82.5800,3685,0
TIF.US,5,20131113,204000,82.5800,82.6100,82.5600,82.5800,6800,0
TIF.US,5,20131113,204500,82.5900,82.6100,82.5400,82.5400,6419,0
TIF.US,5,20131113,205000,82.5500,82.5600,82.5000,82.5000,19910,0
TIF.US,5,20131113,205500,82.5100,82.5200,82.4800,82.5000,4402,0
TIF.US,5,20131113,210000,82.5100,82.5500,82.4900,82.5400,3846,0
TIF.US,5,20131113,210500,82.5300,82.5300,82.4900,82.4900,5252,0
TIF.US,5,20131113,211000,82.4900,82.5500,82.4900,82.5300,4478,0
TIF.US,5,20131113,211500,82.5500,82.6000,82.5100,82.5100,20284,0
TIF.US,5,20131113,212000,82.5100,82.5100,82.4300,82.4800,7035,0
TIF.US,5,20131113,212500,82.4900,82.5000,82.4300,82.4900,8636,0
TIF.US,5,20131113,213000,82.5100,82.5200,82.4600,82.4600,9435,0
TIF.US,5,20131113,213500,82.4500,82.5400,82.3900,82.5100,11760,0
TIF.US,5,20131113,214000,82.5200,82.5600,82.5100,82.5600,9387,0
TIF.US,5,20131113,214500,82.5600,82.6100,82.5400,82.5800,8358,0
TIF.US,5,20131113,215000,82.5800,82.6500,82.5600,82.6400,15074,0
TIF.US,5,20131113,215500,82.6400,82.6600,82.5700,82.5800,16527,0
TIF.US,5,20131113,220000,82.5900,82.6500,82.5800,82.6400,16587,0
TIF.US,5,20131113,220500,82.6500,82.6500,82.6400,82.6400,33794,0
TIF.US,5,20131114,153500,82.0800,82.5300,82.0100,82.2600,6227,0
TIF.US,5,20131114,154000,82.3500,82.4000,82.1700,82.2000,17572,0
TIF.US,5,20131114,154500,82.2400,82.3000,81.8400,81.8400,17172,0
TIF.US,5,20131114,155000,81.8700,81.8900,81.7700,81.8000,7952,0
TIF.US,5,20131114,155500,81.8200,81.8200,81.6400,81.8000,15299,0
TIF.US,5,20131114,160000,81.8000,81.8200,81.7700,81.7900,4699,0
TIF.US,5,20131114,160500,81.7700,81.8100,81.6300,81.7700,5108,0
TIF.US,5,20131114,161000,81.7400,81.7700,81.6300,81.6600,5157,0
TIF.US,5,20131114,161500,81.6900,81.8000,81.6700,81.7600,2902,0
TIF.US,5,20131114,162000,81.7500,81.7600,81.6300,81.6600,24269,0
TIF.US,5,20131114,162500,81.6400,81.6600,81.5000,81.5300,8023,0
TIF.US,5,20131114,163000,81.5100,81.5500,81.3700,81.3800,6299,0
TIF.US,5,20131114,163500,81.4100,81.5900,81.3900,81.5900,5497,0
TIF.US,5,20131114,164000,81.5900,81.7100,81.5200,81.7100,3336,0
TIF.US,5,20131114,164500,81.7400,81.7500,81.4800,81.5200,17552,0
TIF.US,5,20131114,165000,81.5400,81.7500,81.5400,81.6500,5060,0
TIF.US,5,20131114,165500,81.6000,81.6500,81.6000,81.6200,4095,0
TIF.US,5,20131114,170000,81.6100,81.7100,81.5400,81.7100,4773,0
TIF.US,5,20131114,170500,81.7100,81.7700,81.6500,81.7100,10649,0
TIF.US,5,20131114,171000,81.7200,81.7700,81.6400,81.7700,9602,0
TIF.US,5,20131114,171500,81.7700,81.7900,81.6900,81.7100,24732,0
TIF.US,5,20131114,172000,81.7100,81.7700,81.6900,81.7700,20566,0
TIF.US,5,20131114,172500,81.8000,81.8400,81.7700,81.8000,24902,0
TIF.US,5,20131114,173000,81.8000,81.8100,81.7300,81.8000,16091,0
TIF.US,5,20131114,173500,81.8100,81.8900,81.7500,81.8000,18581,0
TIF.US,5,20131114,174000,81.8500,81.8500,81.7100,81.7300,2872,0
TIF.US,5,20131114,174500,81.7400,81.7800,81.7200,81.7600,16901,0
TIF.US,5,20131114,175000,81.7500,81.8500,81.7400,81.8200,2774,0
TIF.US,5,20131114,175500,81.8000,81.8900,81.8000,81.8900,2904,0
TIF.US,5,20131114,180000,81.8800,81.8800,81.8200,81.8200,2100,0
TIF.US,5,20131114,180500,81.8300,81.8500,81.7900,81.8300,5013,0
TIF.US,5,20131114,181000,81.8400,81.8400,81.6900,81.7000,11102,0
TIF.US,5,20131114,181500,81.6700,81.7400,81.6300,81.6400,4702,0
TIF.US,5,20131114,182000,81.6500,81.6800,81.5700,81.5900,28097,0
TIF.US,5,20131114,182500,81.6300,81.7900,81.6300,81.7600,16116,0
TIF.US,5,20131114,183000,81.7500,81.7700,81.7500,81.7600,8895,0
TIF.US,5,20131114,183500,81.8000,81.9100,81.7900,81.8600,2812,0
TIF.US,5,20131114,184000,81.8700,81.8700,81.7100,81.7200,20469,0
TIF.US,5,20131114,184500,81.7100,81.7100,81.6500,81.6500,3306,0
TIF.US,5,20131114,185000,81.6600,81.6600,81.5400,81.6600,9903,0
TIF.US,5,20131114,185500,81.6500,81.6900,81.5300,81.6300,13933,0
TIF.US,5,20131114,190000,81.6500,81.6700,81.6500,81.6700,3795,0
TIF.US,5,20131114,190500,81.7000,81.7300,81.6700,81.7100,7836,0
TIF.US,5,20131114,191000,81.7100,81.7100,81.6300,81.6700,30079,0
TIF.US,5,20131114,191500,81.6800,81.7600,81.6800,81.7100,5701,0
TIF.US,5,20131114,192000,81.7200,81.8400,81.7200,81.8300,1523,0
TIF.US,5,20131114,192500,81.8600,81.9000,81.8400,81.8400,9101,0
TIF.US,5,20131114,193000,81.8400,81.8700,81.8100,81.8100,9207,0
TIF.US,5,20131114,193500,81.8000,81.8900,81.8000,81.8900,3721,0
TIF.US,5,20131114,194000,81.9000,81.9400,81.9000,81.9400,2205,0
TIF.US,5,20131114,194500,81.9700,81.9700,81.9200,81.9200,2283,0
TIF.US,5,20131114,195000,81.9300,82.0600,81.9300,82.0200,4491,0
TIF.US,5,20131114,195500,82.0200,82.0200,82.0000,82.0100,1251,0
TIF.US,5,20131114,200000,82.0100,82.0400,81.9600,82.0400,3088,0
TIF.US,5,20131114,200500,82.0400,82.0400,81.9800,82.0300,5787,0
TIF.US,5,20131114,201000,82.0400,82.0600,82.0100,82.0100,2403,0
TIF.US,5,20131114,201500,82.0200,82.0200,82.0100,82.0200,2179,0
TIF.US,5,20131114,202000,82.0200,82.0700,82.0100,82.0700,3750,0
TIF.US,5,20131114,202500,82.0600,82.1300,82.0600,82.1300,5716,0
TIF.US,5,20131114,203000,82.1400,82.1400,82.0200,82.0500,17153,0
TIF.US,5,20131114,203500,82.0500,82.0500,81.9400,81.9600,8726,0
TIF.US,5,20131114,204000,81.9700,81.9900,81.9700,81.9900,1525,0
TIF.US,5,20131114,204500,82.0000,82.0000,81.9700,81.9800,4000,0
TIF.US,5,20131114,205000,81.9900,82.0000,81.9500,82.0000,7328,0
TIF.US,5,20131114,205500,81.9900,82.0000,81.9700,81.9900,8168,0
TIF.US,5,20131114,210000,82.0000,82.0000,81.9800,81.9900,6483,0
TIF.US,5,20131114,210500,82.0000,82.0600,81.9800,82.0600,6702,0
TIF.US,5,20131114,211000,82.0600,82.0900,82.0400,82.0800,4857,0
TIF.US,5,20131114,211500,82.0900,82.1900,82.0900,82.1500,5985,0
TIF.US,5,20131114,212000,82.1600,82.1800,82.1500,82.1700,4808,0
TIF.US,5,20131114,212500,82.1700,82.1800,82.1400,82.1500,5910,0
TIF.US,5,20131114,213000,82.1400,82.1400,82.0400,82.0500,7226,0
TIF.US,5,20131114,213500,82.0700,82.0700,82.0000,82.0700,6433,0
TIF.US,5,20131114,214000,82.0700,82.1800,82.0700,82.1700,7997,0
TIF.US,5,20131114,214500,82.1800,82.2600,82.1700,82.2600,7336,0
TIF.US,5,20131114,215000,82.2600,82.2600,82.2000,82.2000,10333,0
TIF.US,5,20131114,215500,82.1900,82.2200,82.1700,82.2000,19494,0
TIF.US,5,20131114,220000,82.2100,82.2600,82.1900,82.2200,20833,0
TIF.US,5,20131114,220500,82.2400,82.2400,82.2400,82.2400,29534,0
TIF.US,5,20131115,153500,81.2800,81.7700,80.7800,81.1500,39827,0
TIF.US,5,20131115,154000,81.1100,81.3500,80.8600,81.2000,21922,0
TIF.US,5,20131115,154500,81.2000,81.4600,81.2000,81.3300,24698,0
TIF.US,5,20131115,155000,81.3700,81.4200,81.2100,81.3700,9987,0
TIF.US,5,20131115,155500,81.4200,81.8100,81.3800,81.7700,44445,0
TIF.US,5,20131115,160000,81.7900,81.9300,81.6200,81.9200,14126,0
TIF.US,5,20131115,160500,81.9400,82.2200,81.9000,82.2200,17646,0
TIF.US,5,20131115,161000,82.2500,82.2500,82.1500,82.1600,8190,0
TIF.US,5,20131115,161500,82.2100,82.4500,82.2100,82.2900,7465,0
TIF.US,5,20131115,162000,82.2700,82.3100,82.1300,82.1800,4700,0
TIF.US,5,20131115,162500,82.1600,82.1700,82.0000,82.1200,20100,0
TIF.US,5,20131115,163000,82.1000,82.1600,82.0500,82.1400,11092,0
TIF.US,5,20131115,163500,82.1400,82.1700,81.9800,81.9800,2731,0
TIF.US,5,20131115,164000,81.9900,82.1000,81.9800,82.0500,6900,0
TIF.US,5,20131115,164500,82.0700,82.1700,82.0400,82.1700,5600,0
TIF.US,5,20131115,165000,82.1400,82.2300,82.1400,82.2300,4650,0
TIF.US,5,20131115,165500,82.2500,82.2900,82.2500,82.2500,2658,0
TIF.US,5,20131115,170000,82.3000,82.3700,82.2600,82.3200,4950,0
TIF.US,5,20131115,170500,82.3000,82.5000,82.2800,82.4800,25118,0
TIF.US,5,20131115,171000,82.4800,82.6700,82.4800,82.6700,12571,0
TIF.US,5,20131115,171500,82.6700,82.8600,82.5600,82.6500,82458,0
TIF.US,5,20131115,172000,82.6200,82.6200,82.3800,82.3800,5849,0
TIF.US,5,20131115,172500,82.3700,82.4100,82.3400,82.3700,8039,0
TIF.US,5,20131115,173000,82.3500,82.3600,82.2200,82.2200,3258,0
TIF.US,5,20131115,173500,82.2200,82.2800,82.2200,82.2500,3064,0
TIF.US,5,20131115,174000,82.2600,82.2600,82.2000,82.2400,1300,0
TIF.US,5,20131115,174500,82.2800,82.2900,82.2500,82.2800,1663,0
TIF.US,5,20131115,175000,82.3000,82.3600,82.2500,82.2800,20265,0
TIF.US,5,20131115,175500,82.2900,82.3100,82.2100,82.2700,28960,0
TIF.US,5,20131115,180000,82.2600,82.2600,82.0300,82.0300,8060,0
TIF.US,5,20131115,180500,82.0300,82.2600,81.9500,82.2600,58750,0
TIF.US,5,20131115,181000,82.2200,82.4900,82.2200,82.4600,14828,0
TIF.US,5,20131115,181500,82.4700,82.4900,82.2900,82.3700,31924,0
TIF.US,5,20131115,182000,82.3800,82.4200,82.3700,82.4200,1070,0
TIF.US,5,20131115,182500,82.3800,82.4200,82.2100,82.3000,35340,0
TIF.US,5,20131115,183000,82.3000,82.3800,82.2000,82.2000,14914,0
TIF.US,5,20131115,183500,82.2100,82.2400,82.2100,82.2400,300,0
TIF.US,5,20131115,184000,82.2400,82.2900,82.2300,82.2900,600,0
TIF.US,5,20131115,184500,82.2900,82.3200,82.1600,82.1700,33817,0
TIF.US,5,20131115,185000,82.2000,82.2500,82.2000,82.2500,1351,0
TIF.US,5,20131115,185500,82.2000,82.2600,82.1900,82.1900,738,0
TIF.US,5,20131115,190000,82.1700,82.2000,81.9400,81.9600,33573,0
TIF.US,5,20131115,190500,81.9500,81.9800,81.8900,81.8900,7900,0
TIF.US,5,20131115,191000,81.8900,82.0000,81.8700,81.9700,26419,0
TIF.US,5,20131115,191500,81.9800,82.0500,81.9800,82.0500,8936,0
TIF.US,5,20131115,192000,82.0500,82.0700,82.0200,82.0700,2100,0
TIF.US,5,20131115,192500,82.1000,82.1900,82.1000,82.1900,1800,0
TIF.US,5,20131115,193000,82.1900,82.2600,82.1900,82.2200,2200,0
TIF.US,5,20131115,193500,82.2300,82.2700,82.2200,82.2600,2800,0
TIF.US,5,20131115,194000,82.2700,82.3500,82.2700,82.3000,2560,0
TIF.US,5,20131115,194500,82.3200,82.3900,82.2600,82.2600,6601,0
TIF.US,5,20131115,195000,82.3100,82.3300,82.2800,82.3100,1200,0
TIF.US,5,20131115,195500,82.3100,82.3100,82.2400,82.2600,1900,0
TIF.US,5,20131115,200000,82.3000,82.3000,82.2600,82.2600,2565,0
TIF.US,5,20131115,200500,82.2700,82.3900,82.2400,82.3900,4500,0
TIF.US,5,20131115,201000,82.4000,82.4100,82.3800,82.3900,1900,0
TIF.US,5,20131115,201500,82.3800,82.3900,82.3600,82.3900,2034,0
TIF.US,5,20131115,202000,82.4000,82.4000,82.3300,82.3400,1900,0
TIF.US,5,20131115,202500,82.3300,82.3400,82.3300,82.3300,1500,0
TIF.US,5,20131115,203000,82.3300,82.3700,82.3100,82.3200,3300,0
TIF.US,5,20131115,203500,82.3300,82.3900,82.3100,82.3900,1600,0
TIF.US,5,20131115,204000,82.3900,82.4300,82.3900,82.3900,5201,0
TIF.US,5,20131115,204500,82.3800,82.4100,82.3800,82.3900,1726,0
TIF.US,5,20131115,205000,82.4000,82.4000,82.3400,82.3600,3807,0
TIF.US,5,20131115,205500,82.3500,82.4000,82.3500,82.3700,2705,0
TIF.US,5,20131115,210000,82.3700,82.4000,82.3700,82.3700,1540,0
TIF.US,5,20131115,210500,82.4000,82.4600,82.3900,82.4600,1999,0
TIF.US,5,20131115,211000,82.4900,82.5400,82.4800,82.5400,2500,0
TIF.US,5,20131115,211500,82.5200,82.5800,82.5200,82.5700,4202,0
TIF.US,5,20131115,212000,82.5700,82.6300,82.5700,82.6200,3000,0
TIF.US,5,20131115,212500,82.6000,82.6100,82.5900,82.5900,1200,0
TIF.US,5,20131115,213000,82.6000,82.6300,82.5900,82.6100,2100,0
TIF.US,5,20131115,213500,82.6100,82.6200,82.5900,82.6000,3765,0
TIF.US,5,20131115,214000,82.6100,82.6200,82.5600,82.5600,7454,0
TIF.US,5,20131115,214500,82.5600,82.6100,82.5300,82.5500,8270,0
TIF.US,5,20131115,215000,82.5600,82.5800,82.5400,82.5700,10450,0
TIF.US,5,20131115,215500,82.5800,82.6400,82.5700,82.5800,11428,0
TIF.US,5,20131115,220000,82.5900,82.7600,82.5900,82.7400,31942,0
TIF.US,5,20131115,220500,82.7400,82.7400,82.7400,82.7400,90252,0
TIF.US,5,20131118,153500,83.0000,83.2500,82.9300,83.1800,19813,0
TIF.US,5,20131118,154000,83.2500,83.4800,83.2500,83.4400,19298,0
TIF.US,5,20131118,154500,83.4400,83.4500,83.3100,83.4200,4810,0
TIF.US,5,20131118,155000,83.3500,83.3700,82.9100,83.0000,13629,0
TIF.US,5,20131118,155500,82.9500,83.2200,82.9500,83.1900,5900,0
TIF.US,5,20131118,160000,83.1500,83.1500,82.9900,83.0800,11600,0
TIF.US,5,20131118,160500,83.0900,83.0900,82.9300,82.9300,15604,0
TIF.US,5,20131118,161000,82.9300,83.1100,82.9200,83.1100,13596,0
TIF.US,5,20131118,161500,83.0700,83.2200,83.0200,83.1800,20893,0
TIF.US,5,20131118,162000,83.2300,83.2900,83.1700,83.2000,7759,0
TIF.US,5,20131118,162500,83.2000,83.2300,83.0700,83.1100,9000,0
TIF.US,5,20131118,163000,83.1200,83.1700,83.0200,83.0200,3496,0
TIF.US,5,20131118,163500,83.0200,83.1000,82.9000,82.9800,27598,0
TIF.US,5,20131118,164000,82.9300,83.0000,82.9100,82.9400,5210,0
TIF.US,5,20131118,164500,82.8700,82.9400,82.8600,82.8600,14298,0
TIF.US,5,20131118,165000,82.8800,83.0300,82.8800,82.9800,3400,0
TIF.US,5,20131118,165500,83.0000,83.0100,82.9500,83.0100,4000,0
TIF.US,5,20131118,170000,82.9900,83.0500,82.9500,82.9500,2600,0
TIF.US,5,20131118,170500,82.9500,83.0500,82.9500,82.9900,4982,0
TIF.US,5,20131118,171000,83.0000,83.0300,82.9700,83.0000,4357,0
TIF.US,5,20131118,171500,82.9900,83.0600,82.9700,83.0500,8119,0
TIF.US,5,20131118,172000,83.0600,83.0700,83.0500,83.0700,5814,0
TIF.US,5,20131118,172500,83.0800,83.0900,83.0700,83.0700,1201,0
TIF.US,5,20131118,173000,83.0700,83.1500,83.0700,83.1400,4500,0
TIF.US,5,20131118,173500,83.1300,83.1600,83.0300,83.0300,12453,0
TIF.US,5,20131118,174000,83.0400,83.0400,82.9400,82.9400,1200,0
TIF.US,5,20131118,174500,82.9700,82.9900,82.9500,82.9900,2425,0
TIF.US,5,20131118,175000,83.0000,83.0300,83.0000,83.0100,1900,0
TIF.US,5,20131118,175500,83.0000,83.0200,82.9900,82.9900,2200,0
TIF.US,5,20131118,180000,82.9600,82.9600,82.9000,82.9400,6650,0
TIF.US,5,20131118,180500,82.9400,82.9700,82.9200,82.9200,2702,0
TIF.US,5,20131118,181000,82.9100,82.9400,82.8200,82.8200,4500,0
TIF.US,5,20131118,181500,82.8200,82.8200,82.7300,82.7500,3703,0
TIF.US,5,20131118,182000,82.7800,82.7800,82.6900,82.6900,5850,0
TIF.US,5,20131118,182500,82.6900,82.7200,82.6200,82.7200,12300,0
TIF.US,5,20131118,183000,82.7500,82.7500,82.6700,82.6700,2303,0
TIF.US,5,20131118,183500,82.6600,82.7200,82.6600,82.7200,1503,0
TIF.US,5,20131118,184000,82.7400,82.7600,82.6500,82.6500,3152,0
TIF.US,5,20131118,184500,82.6300,82.6300,82.5700,82.5700,2400,0
TIF.US,5,20131118,185000,82.5700,82.5700,82.4900,82.5500,2648,0
TIF.US,5,20131118,185500,82.5500,82.6100,82.5500,82.5800,3700,0
TIF.US,5,20131118,190000,82.5900,82.6700,82.5900,82.5900,5392,0
TIF.US,5,20131118,190500,82.5800,82.6100,82.5400,82.5900,4900,0
TIF.US,5,20131118,191000,82.5900,82.6000,82.5200,82.5600,2800,0
TIF.US,5,20131118,191500,82.5600,82.6200,82.5600,82.5600,5481,0
TIF.US,5,20131118,192000,82.5500,82.5600,82.5200,82.5200,3125,0
TIF.US,5,20131118,192500,82.5200,82.5200,82.4500,82.4700,5135,0
TIF.US,5,20131118,193000,82.4600,82.4800,82.4200,82.4200,4342,0
TIF.US,5,20131118,193500,82.4300,82.4300,82.3900,82.4100,3461,0
TIF.US,5,20131118,194000,82.4000,82.4800,82.4000,82.4700,4400,0
TIF.US,5,20131118,194500,82.4600,82.5300,82.4400,82.5300,4129,0
TIF.US,5,20131118,195000,82.5300,82.5900,82.5100,82.5300,4202,0
TIF.US,5,20131118,195500,82.5400,82.6000,82.5300,82.6000,13707,0
TIF.US,5,20131118,200000,82.5900,82.6800,82.5900,82.6800,10188,0
TIF.US,5,20131118,200500,82.6700,82.7000,82.5900,82.6000,6100,0
TIF.US,5,20131118,201000,82.6400,82.7100,82.6400,82.7100,5982,0
TIF.US,5,20131118,201500,82.7000,82.7200,82.6900,82.7200,2416,0
TIF.US,5,20131118,202000,82.7200,82.8600,82.7000,82.8400,8260,0
TIF.US,5,20131118,202500,82.8300,82.8800,82.8300,82.8700,4100,0
TIF.US,5,20131118,203000,82.8700,82.9500,82.8700,82.9500,5182,0
TIF.US,5,20131118,203500,82.9400,82.9400,82.8700,82.8700,5300,0
TIF.US,5,20131118,204000,82.8600,82.8600,82.7700,82.8600,6343,0
TIF.US,5,20131118,204500,82.8400,82.8500,82.7400,82.7800,3600,0
TIF.US,5,20131118,205000,82.7800,82.8100,82.6200,82.6500,27743,0
TIF.US,5,20131118,205500,82.6500,82.6600,82.6300,82.6500,14655,0
TIF.US,5,20131118,210000,82.6400,82.6500,82.5300,82.5600,22200,0
TIF.US,5,20131118,210500,82.5500,82.6000,82.4900,82.4900,11999,0
TIF.US,5,20131118,211000,82.5000,82.5000,82.3600,82.3600,9634,0
TIF.US,5,20131118,211500,82.3600,82.3800,82.2300,82.2500,8491,0
TIF.US,5,20131118,212000,82.2200,82.4000,82.1800,82.4000,15894,0
TIF.US,5,20131118,212500,82.4000,82.4000,82.2900,82.3100,4801,0
TIF.US,5,20131118,213000,82.2900,82.3400,82.1900,82.2900,9244,0
TIF.US,5,20131118,213500,82.2900,82.2900,82.1900,82.2600,6517,0
TIF.US,5,20131118,214000,82.2600,82.3500,82.2400,82.3500,6852,0
TIF.US,5,20131118,214500,82.3400,82.3900,82.3000,82.3400,12020,0
TIF.US,5,20131118,215000,82.3300,82.3700,82.2300,82.3400,40859,0
TIF.US,5,20131118,215500,82.3400,82.3500,82.2700,82.2700,22201,0
TIF.US,5,20131118,220000,82.2600,82.5200,82.2500,82.5000,103329,0
TIF.US,5,20131118,220500,82.4900,82.4900,82.4900,82.4900,83260,0
TIF.US,5,20131119,153500,82.3200,82.3400,82.1800,82.2600,2121,0
TIF.US,5,20131119,154000,82.3300,82.6200,82.2400,82.4800,22263,0
TIF.US,5,20131119,154500,82.5200,82.5900,82.2200,82.2200,8089,0
TIF.US,5,20131119,155000,82.2500,82.2500,82.1100,82.2100,7307,0
TIF.US,5,20131119,155500,82.2100,82.3600,82.1600,82.3600,19920,0
TIF.US,5,20131119,160000,82.3200,82.4900,82.3200,82.4500,6800,0
TIF.US,5,20131119,160500,82.4500,82.5500,82.3900,82.5200,15492,0
TIF.US,5,20131119,161000,82.5200,82.6900,82.4900,82.6100,4500,0
TIF.US,5,20131119,161500,82.5900,82.6000,82.5300,82.6000,2844,0
TIF.US,5,20131119,162000,82.6100,82.6200,82.5700,82.5900,2424,0
TIF.US,5,20131119,162500,82.6300,82.7600,82.5900,82.7600,3400,0
TIF.US,5,20131119,163000,82.7600,82.8100,82.6600,82.6600,3200,0
TIF.US,5,20131119,163500,82.6200,82.6300,82.5700,82.5900,3000,0
TIF.US,5,20131119,164000,82.5400,82.7100,82.5400,82.6900,6100,0
TIF.US,5,20131119,164500,82.6900,82.7600,82.6900,82.7400,5974,0
TIF.US,5,20131119,165000,82.7500,83.0000,82.7500,82.8500,6383,0
TIF.US,5,20131119,165500,82.8300,82.8900,82.7800,82.8800,2200,0
TIF.US,5,20131119,170000,82.8900,82.9600,82.8900,82.9300,2500,0
TIF.US,5,20131119,170500,82.9400,82.9500,82.8100,82.8100,3676,0
TIF.US,5,20131119,171000,82.8100,82.8100,82.7400,82.7500,6300,0
TIF.US,5,20131119,171500,82.7200,82.7500,82.6700,82.6700,4300,0
TIF.US,5,20131119,172000,82.6500,82.6600,82.6400,82.6600,3700,0
TIF.US,5,20131119,172500,82.6800,82.7400,82.6100,82.6400,11459,0
TIF.US,5,20131119,173000,82.6300,82.6300,82.5400,82.5400,3193,0
TIF.US,5,20131119,173500,82.5300,82.6000,82.5300,82.6000,1400,0
TIF.US,5,20131119,174000,82.6000,82.6000,82.5300,82.5500,900,0
TIF.US,5,20131119,174500,82.5200,82.5200,82.4400,82.4600,1600,0
TIF.US,5,20131119,175000,82.4300,82.5100,82.4300,82.4900,2399,0
TIF.US,5,20131119,175500,82.4800,82.4800,82.4200,82.4700,27876,0
TIF.US,5,20131119,180000,82.4800,82.5600,82.4000,82.5400,11948,0
TIF.US,5,20131119,180500,82.5500,82.5500,82.5300,82.5300,1275,0
TIF.US,5,20131119,181000,82.5900,82.6600,82.5900,82.6200,1901,0
TIF.US,5,20131119,181500,82.5900,82.6200,82.5200,82.5200,12992,0
TIF.US,5,20131119,182000,82.5100,82.5500,82.5100,82.5300,900,0
TIF.US,5,20131119,182500,82.5100,82.5400,82.5100,82.5400,500,0
TIF.US,5,20131119,183000,82.5700,82.5800,82.5500,82.5500,600,0
TIF.US,5,20131119,183500,82.5700,82.6100,82.5400,82.6000,3718,0
TIF.US,5,20131119,184000,82.5800,82.5800,82.5400,82.5700,1800,0
TIF.US,5,20131119,184500,82.5400,82.5400,82.4800,82.5000,2893,0
TIF.US,5,20131119,185000,82.5100,82.5800,82.5100,82.5300,3410,0
TIF.US,5,20131119,185500,82.5600,82.5900,82.5600,82.5900,600,0
TIF.US,5,20131119,190000,82.5800,82.5800,82.5000,82.5000,2600,0
TIF.US,5,20131119,190500,82.4900,82.5000,82.4700,82.4800,1900,0
TIF.US,5,20131119,191000,82.5000,82.5000,82.3600,82.4100,1800,0
TIF.US,5,20131119,191500,82.4100,82.4300,82.3500,82.3500,2800,0
TIF.US,5,20131119,192000,82.3500,82.4000,82.2800,82.2800,11887,0
TIF.US,5,20131119,192500,82.2700,82.2900,82.1600,82.1800,5800,0
TIF.US,5,20131119,193000,82.1900,82.2400,82.1400,82.1900,7000,0
TIF.US,5,20131119,193500,82.2000,82.2400,82.1300,82.2400,3275,0
TIF.US,5,20131119,194000,82.2400,82.2600,82.2100,82.2100,4300,0
TIF.US,5,20131119,194500,82.2000,82.3000,82.2000,82.2800,2882,0
TIF.US,5,20131119,195000,82.3100,82.3200,82.1900,82.2200,2680,0
TIF.US,5,20131119,195500,82.2300,82.2300,82.1000,82.1300,4758,0
TIF.US,5,20131119,200000,82.1300,82.1400,82.0600,82.1400,3500,0
TIF.US,5,20131119,200500,82.0900,82.2600,82.0800,82.0900,19565,0
TIF.US,5,20131119,201000,82.1000,82.1400,82.0900,82.0900,16383,0
TIF.US,5,20131119,201500,82.0800,82.2100,82.0600,82.1800,9600,0
TIF.US,5,20131119,202000,82.1800,82.2700,82.1800,82.2700,3132,0
TIF.US,5,20131119,202500,82.2700,82.2800,82.2000,82.2000,6365,0
TIF.US,5,20131119,203000,82.2000,82.2000,82.0300,82.0300,17100,0
TIF.US,5,20131119,203500,82.0500,82.1200,82.0300,82.1200,14801,0
TIF.US,5,20131119,204000,82.1400,82.3200,82.1400,82.3100,18236,0
TIF.US,5,20131119,204500,82.3100,82.3200,82.1500,82.1500,4050,0
TIF.US,5,20131119,205000,82.1800,82.3100,82.1800,82.2700,2400,0
TIF.US,5,20131119,205500,82.2700,82.2700,82.1600,82.1700,2200,0
TIF.US,5,20131119,210000,82.1900,82.2200,82.1800,82.2100,1156,0
TIF.US,5,20131119,210500,82.2000,82.2800,82.2000,82.2500,4300,0
TIF.US,5,20131119,211000,82.2400,82.3100,82.2400,82.3100,2000,0
TIF.US,5,20131119,211500,82.2900,82.3500,82.2500,82.3500,2666,0
TIF.US,5,20131119,212000,82.3900,82.4500,82.3700,82.4400,2854,0
TIF.US,5,20131119,212500,82.4400,82.4800,82.3900,82.4100,18337,0
TIF.US,5,20131119,213000,82.4200,82.4300,82.3900,82.4100,5249,0
TIF.US,5,20131119,213500,82.4100,82.4300,82.2900,82.3200,9421,0
TIF.US,5,20131119,214000,82.3100,82.3500,82.2200,82.2200,9771,0
TIF.US,5,20131119,214500,82.2500,82.3100,82.2100,82.2900,13542,0
TIF.US,5,20131119,215000,82.2800,82.2800,82.1800,82.2400,11416,0
TIF.US,5,20131119,215500,82.2400,82.3000,82.1800,82.2500,14003,0
TIF.US,5,20131119,220000,82.2400,82.3000,82.2200,82.2600,25417,0
TIF.US,5,20131119,220500,82.2600,82.2600,82.2600,82.2600,15870,0
TIF.US,5,20131120,153500,82.2700,82.4600,82.2200,82.3600,2100,0
TIF.US,5,20131120,154000,82.3500,82.4600,82.2300,82.2700,5648,0
TIF.US,5,20131120,154500,82.3000,82.3000,82.1500,82.2100,2567,0
TIF.US,5,20131120,155000,82.1800,82.2800,82.0700,82.1900,10093,0
TIF.US,5,20131120,155500,82.1500,82.2200,82.1000,82.1000,3094,0
TIF.US,5,20131120,160000,82.0900,82.1800,82.0200,82.1100,6431,0
TIF.US,5,20131120,160500,82.0900,82.1000,81.8700,81.9000,10469,0
TIF.US,5,20131120,161000,81.9000,81.9400,81.7700,81.8300,15106,0
TIF.US,5,20131120,161500,81.8200,81.9300,81.7700,81.8700,8921,0
TIF.US,5,20131120,162000,81.8900,81.9300,81.8100,81.8500,4900,0
TIF.US,5,20131120,162500,81.8500,81.9600,81.8400,81.8500,17766,0
TIF.US,5,20131120,163000,81.8600,81.8900,81.7300,81.7600,8250,0
TIF.US,5,20131120,163500,81.7700,81.8700,81.7000,81.7200,41543,0
TIF.US,5,20131120,164000,81.7200,81.7400,81.6200,81.7400,11351,0
TIF.US,5,20131120,164500,81.7700,81.7800,81.4900,81.6400,35833,0
TIF.US,5,20131120,165000,81.5600,81.6200,81.5600,81.6200,1511,0
TIF.US,5,20131120,165500,81.6200,81.6900,81.3700,81.5100,9498,0
TIF.US,5,20131120,170000,81.5400,81.5600,81.5000,81.5600,1733,0
TIF.US,5,20131120,170500,81.5700,81.5700,81.4700,81.5000,2753,0
TIF.US,5,20131120,171000,81.5300,81.6900,81.5100,81.6200,4887,0
TIF.US,5,20131120,171500,81.6400,81.6400,81.3700,81.4000,8516,0
TIF.US,5,20131120,172000,81.4300,81.4800,81.2500,81.3000,11204,0
TIF.US,5,20131120,172500,81.3200,81.3400,81.3000,81.3200,6500,0
TIF.US,5,20131120,173000,81.3200,81.3400,81.2500,81.3000,13311,0
TIF.US,5,20131120,173500,81.2700,81.3100,81.1400,81.2800,31923,0
TIF.US,5,20131120,174000,81.2800,81.3900,81.2600,81.3300,4927,0
TIF.US,5,20131120,174500,81.3400,81.3800,81.3000,81.3000,6516,0
TIF.US,5,20131120,175000,81.3100,81.3500,81.2900,81.2900,5411,0
TIF.US,5,20131120,175500,81.3400,81.4400,81.3400,81.4400,4290,0
TIF.US,5,20131120,180000,81.4400,81.4500,81.3700,81.3700,3301,0
TIF.US,5,20131120,180500,81.3700,81.4300,81.3300,81.3500,7528,0
TIF.US,5,20131120,181000,81.3700,81.3800,81.1900,81.2000,12129,0
TIF.US,5,20131120,181500,81.1900,81.2200,81.0800,81.1100,6912,0
TIF.US,5,20131120,182000,81.1300,81.1900,81.1200,81.1800,5288,0
TIF.US,5,20131120,182500,81.1900,81.3000,81.1800,81.2100,8356,0
TIF.US,5,20131120,183000,81.1900,81.2000,81.1100,81.1200,6351,0
TIF.US,5,20131120,183500,81.1300,81.1600,81.1200,81.1600,2603,0
TIF.US,5,20131120,184000,81.1800,81.2600,81.1100,81.1100,8571,0
TIF.US,5,20131120,184500,81.0900,81.0900,81.0200,81.0300,3914,0
TIF.US,5,20131120,185000,81.0400,81.0700,81.0300,81.0600,4426,0
TIF.US,5,20131120,185500,81.0700,81.0700,80.9400,80.9400,8715,0
TIF.US,5,20131120,190000,80.9500,80.9900,80.9500,80.9800,5104,0
TIF.US,5,20131120,190500,80.9800,81.0100,80.9400,80.9500,6877,0
TIF.US,5,20131120,191000,80.9500,80.9600,80.8600,80.8800,4650,0
TIF.US,5,20131120,191500,80.8900,80.8900,80.7500,80.7500,54897,0
TIF.US,5,20131120,192000,80.7500,80.7500,80.6600,80.6900,18717,0
TIF.US,5,20131120,192500,80.7000,80.7200,80.6700,80.6700,7682,0
TIF.US,5,20131120,193000,80.7000,80.7200,80.7000,80.7100,4906,0
TIF.US,5,20131120,193500,80.7000,80.7200,80.7000,80.7000,7427,0
TIF.US,5,20131120,194000,80.7100,80.7200,80.6900,80.6900,11395,0
TIF.US,5,20131120,194500,80.7200,80.7200,80.6800,80.7200,9865,0
TIF.US,5,20131120,195000,80.7200,80.7200,80.6600,80.6600,10183,0
TIF.US,5,20131120,195500,80.6600,80.7000,80.6600,80.6700,5400,0
TIF.US,5,20131120,200000,80.6900,80.7800,80.6700,80.7800,6715,0
TIF.US,5,20131120,200500,80.7500,80.9400,80.5700,80.7800,27484,0
TIF.US,5,20131120,201000,80.7700,80.7900,80.6100,80.6300,8600,0
TIF.US,5,20131120,201500,80.6200,80.6200,80.4500,80.5100,5751,0
TIF.US,5,20131120,202000,80.4700,80.6700,80.4200,80.6100,14353,0
TIF.US,5,20131120,202500,80.6000,80.8200,80.5000,80.7800,20826,0
TIF.US,5,20131120,203000,80.7900,80.8000,80.5600,80.6300,59758,0
TIF.US,5,20131120,203500,80.6300,80.6300,80.4500,80.4500,15821,0
TIF.US,5,20131120,204000,80.4500,80.4500,80.2400,80.2400,19353,0
TIF.US,5,20131120,204500,80.2100,80.2200,80.1400,80.2100,6865,0
TIF.US,5,20131120,205000,80.2400,80.3500,80.2300,80.3500,7246,0
TIF.US,5,20131120,205500,80.3500,80.3800,80.2900,80.3300,7564,0
TIF.US,5,20131120,210000,80.3200,80.3300,80.2600,80.2900,17331,0
TIF.US,5,20131120,210500,80.3000,80.3100,80.1000,80.1000,9707,0
TIF.US,5,20131120,211000,80.1000,80.1000,79.9000,79.9300,24546,0
TIF.US,5,20131120,211500,79.9400,80.0700,79.8100,80.0600,18301,0
TIF.US,5,20131120,212000,80.0500,80.1400,80.0500,80.1400,7767,0
TIF.US,5,20131120,212500,80.1100,80.2700,80.1000,80.2400,7879,0
TIF.US,5,20131120,213000,80.2500,80.3300,80.2500,80.2900,21199,0
TIF.US,5,20131120,213500,80.2900,80.3100,80.1800,80.2100,11122,0
TIF.US,5,20131120,214000,80.1900,80.3000,80.1900,80.3000,14028,0
TIF.US,5,20131120,214500,80.3100,80.4000,80.3000,80.3700,17661,0
TIF.US,5,20131120,215000,80.3900,80.5100,80.3700,80.5000,29865,0
TIF.US,5,20131120,215500,80.5200,80.5600,80.4500,80.5200,44506,0
TIF.US,5,20131120,220000,80.5300,80.6300,80.5200,80.6000,52149,0
TIF.US,5,20131120,220500,80.5900,80.5900,80.5900,80.5900,64538,0
TIF.US,5,20131121,153500,80.3800,81.4400,80.3800,81.0200,12625,0
TIF.US,5,20131121,154000,81.0400,81.1400,80.8700,80.9800,17735,0
TIF.US,5,20131121,154500,80.9700,81.0200,80.7700,80.8000,9188,0
TIF.US,5,20131121,155000,80.8400,81.0000,80.8300,80.8900,6966,0
TIF.US,5,20131121,155500,80.9000,81.1900,80.8500,81.1900,16721,0
TIF.US,5,20131121,160000,81.2000,81.5300,81.2000,81.4300,10004,0
TIF.US,5,20131121,160500,81.4400,81.5100,81.3300,81.3800,20675,0
TIF.US,5,20131121,161000,81.4900,81.4900,81.3200,81.3400,2863,0
TIF.US,5,20131121,161500,81.3100,81.5000,81.3100,81.4800,3600,0
TIF.US,5,20131121,162000,81.5000,81.5200,81.3200,81.3200,13686,0
TIF.US,5,20131121,162500,81.3400,81.3700,81.3100,81.3100,9431,0
TIF.US,5,20131121,163000,81.2800,81.3100,81.2400,81.3000,3726,0
TIF.US,5,20131121,163500,81.3200,81.3400,81.2800,81.2900,6198,0
TIF.US,5,20131121,164000,81.3200,81.3300,81.2500,81.2600,3700,0
TIF.US,5,20131121,164500,81.2700,81.3500,81.2500,81.2500,9335,0
TIF.US,5,20131121,165000,81.2700,81.2900,81.2600,81.2700,5800,0
TIF.US,5,20131121,165500,81.2800,81.2900,81.2500,81.2500,6672,0
TIF.US,5,20131121,170000,81.2300,81.2300,81.1800,81.2300,2488,0
TIF.US,5,20131121,170500,81.2300,81.2500,81.1500,81.1700,10864,0
TIF.US,5,20131121,171000,81.1700,81.1900,81.1400,81.1600,4991,0
TIF.US,5,20131121,171500,81.1700,81.1700,81.1500,81.1700,2352,0
TIF.US,5,20131121,172000,81.1800,81.1800,81.0600,81.0600,7283,0
TIF.US,5,20131121,172500,81.0700,81.1300,81.0700,81.1200,4600,0
TIF.US,5,20131121,173000,81.1300,81.1700,81.1200,81.1300,4490,0
TIF.US,5,20131121,173500,81.1700,81.1700,81.1100,81.1200,3000,0
TIF.US,5,20131121,174000,81.1200,81.1500,81.0700,81.1300,4226,0
TIF.US,5,20131121,174500,81.1400,81.1700,81.1400,81.1600,2300,0
TIF.US,5,20131121,175000,81.1300,81.1500,81.0900,81.1200,5565,0
TIF.US,5,20131121,175500,81.1200,81.1200,81.0800,81.1200,1800,0
TIF.US,5,20131121,180000,81.1300,81.1500,81.1300,81.1300,3404,0
TIF.US,5,20131121,180500,81.1000,81.1000,81.0500,81.0700,4001,0
TIF.US,5,20131121,181000,81.0900,81.1000,81.0600,81.0900,3120,0
TIF.US,5,20131121,181500,81.1000,81.1100,81.0700,81.0900,4402,0
TIF.US,5,20131121,182000,81.0900,81.1400,81.0900,81.1300,6462,0
TIF.US,5,20131121,182500,81.1400,81.1600,81.1200,81.1400,2379,0
TIF.US,5,20131121,183000,81.1600,81.1600,81.1200,81.1600,4802,0
TIF.US,5,20131121,183500,81.1500,81.1500,81.1100,81.1400,3412,0
TIF.US,5,20131121,184000,81.1300,81.1500,81.1300,81.1300,4406,0
TIF.US,5,20131121,184500,81.1500,81.1500,81.1300,81.1400,7895,0
TIF.US,5,20131121,185000,81.1400,81.1400,81.1000,81.1100,2102,0
TIF.US,5,20131121,185500,81.1000,81.1200,81.0900,81.1100,5539,0
TIF.US,5,20131121,190000,81.1300,81.1400,81.0800,81.0900,6705,0
TIF.US,5,20131121,190500,81.0800,81.1100,81.0800,81.1100,3783,0
TIF.US,5,20131121,191000,81.1200,81.1200,81.0900,81.1100,3600,0
TIF.US,5,20131121,191500,81.1200,81.1600,81.1200,81.1600,5400,0
TIF.US,5,20131121,192000,81.1700,81.1900,81.1700,81.1800,9604,0
TIF.US,5,20131121,192500,81.1800,81.1900,81.1600,81.1600,8117,0
TIF.US,5,20131121,193000,81.1600,81.1700,81.1500,81.1700,2003,0
TIF.US,5,20131121,193500,81.1700,81.2000,81.1700,81.1900,3612,0
TIF.US,5,20131121,194000,81.1900,81.2800,81.1800,81.2800,5350,0
TIF.US,5,20131121,194500,81.3000,81.4700,81.3000,81.4100,6726,0
TIF.US,5,20131121,195000,81.4700,81.5100,81.4600,81.5100,2600,0
TIF.US,5,20131121,195500,81.5300,81.6000,81.5200,81.5900,4071,0
TIF.US,5,20131121,200000,81.6200,81.6400,81.5400,81.5400,3758,0
TIF.US,5,20131121,200500,81.5600,81.5600,81.4900,81.5500,5052,0
TIF.US,5,20131121,201000,81.5600,81.5600,81.4600,81.4600,7699,0
TIF.US,5,20131121,201500,81.4700,81.4900,81.4700,81.4800,2805,0
TIF.US,5,20131121,202000,81.4700,81.5100,81.4700,81.5100,6493,0
TIF.US,5,20131121,202500,81.5000,81.5600,81.5000,81.5400,4316,0
TIF.US,5,20131121,203000,81.5400,81.6200,81.5300,81.5700,7922,0
TIF.US,5,20131121,203500,81.5600,81.5600,81.4600,81.4700,5672,0
TIF.US,5,20131121,204000,81.4900,81.5400,81.4500,81.4500,4400,0
TIF.US,5,20131121,204500,81.4300,81.5000,81.4300,81.4600,10503,0
TIF.US,5,20131121,205000,81.4600,81.5200,81.4500,81.5100,64094,0
TIF.US,5,20131121,205500,81.5000,81.5000,81.4500,81.4800,4601,0
TIF.US,5,20131121,210000,81.4900,81.5200,81.4900,81.5000,3950,0
TIF.US,5,20131121,210500,81.5000,81.5400,81.5000,81.5000,4888,0
TIF.US,5,20131121,211000,81.4900,81.4900,81.4200,81.4700,9352,0
TIF.US,5,20131121,211500,81.4800,81.4900,81.4600,81.4900,3644,0
TIF.US,5,20131121,212000,81.4900,81.5400,81.4800,81.4800,9123,0
TIF.US,5,20131121,212500,81.4900,81.5600,81.4900,81.5600,6018,0
TIF.US,5,20131121,213000,81.5700,81.6000,81.5300,81.5700,4430,0
TIF.US,5,20131121,213500,81.5800,81.6200,81.5300,81.5400,11311,0
TIF.US,5,20131121,214000,81.5200,81.5300,81.4900,81.5100,8745,0
TIF.US,5,20131121,214500,81.5000,81.5700,81.5000,81.5300,11179,0
TIF.US,5,20131121,215000,81.5300,81.5300,81.4400,81.4500,13568,0
TIF.US,5,20131121,215500,81.4500,81.5200,81.4300,81.5200,15896,0
TIF.US,5,20131121,220000,81.5400,81.5600,81.4700,81.4800,36379,0
TIF.US,5,20131121,220500,81.5000,81.5000,81.5000,81.5000,46868,0
TIF.US,5,20131122,153500,81.6500,81.7100,81.5400,81.5400,11001,0
TIF.US,5,20131122,154000,81.5800,81.7000,81.5000,81.5400,3935,0
TIF.US,5,20131122,154500,81.5100,81.5500,81.1300,81.2800,8455,0
TIF.US,5,20131122,155000,81.2300,81.3800,81.2100,81.3800,3150,0
TIF.US,5,20131122,155500,81.3200,81.4500,81.3100,81.4000,6206,0
TIF.US,5,20131122,160000,81.4300,81.4800,81.3500,81.3700,9119,0
TIF.US,5,20131122,160500,81.3700,81.3700,81.1500,81.1500,4449,0
TIF.US,5,20131122,161000,81.1600,81.2500,81.1400,81.1900,3029,0
TIF.US,5,20131122,161500,81.2000,81.2000,81.1200,81.1200,3627,0
TIF.US,5,20131122,162000,81.1200,81.1500,80.9600,81.1400,10717,0
TIF.US,5,20131122,162500,81.1900,81.2400,81.0500,81.0500,6365,0
TIF.US,5,20131122,163000,81.0100,81.0700,80.9900,81.0300,3219,0
TIF.US,5,20131122,163500,81.0200,81.0600,80.9900,81.0000,3047,0
TIF.US,5,20131122,164000,80.9700,81.0200,80.9600,81.0000,2505,0
TIF.US,5,20131122,164500,81.0100,81.0600,80.9500,81.0000,4661,0
TIF.US,5,20131122,165000,81.0100,81.0200,80.9600,80.9700,5708,0
TIF.US,5,20131122,165500,80.9700,81.0900,80.9700,81.0700,6065,0
TIF.US,5,20131122,170000,81.0500,81.1000,81.0500,81.1000,3265,0
TIF.US,5,20131122,170500,81.0900,81.1800,81.0600,81.1800,1905,0
TIF.US,5,20131122,171000,81.1800,81.2000,81.1100,81.1700,2115,0
TIF.US,5,20131122,171500,81.1700,81.1700,81.0500,81.0500,3600,0
TIF.US,5,20131122,172000,81.0300,81.0600,81.0100,81.0400,3801,0
TIF.US,5,20131122,172500,81.0400,81.0800,81.0000,81.0800,3935,0
TIF.US,5,20131122,173000,81.1000,81.1000,81.0100,81.0100,3700,0
TIF.US,5,20131122,173500,81.0100,81.0800,81.0100,81.0500,4604,0
TIF.US,5,20131122,174000,81.0300,81.0400,81.0100,81.0100,4210,0
TIF.US,5,20131122,174500,81.0200,81.0800,81.0100,81.0400,4156,0
TIF.US,5,20131122,175000,81.0300,81.0500,80.8900,80.8900,17790,0
TIF.US,5,20131122,175500,80.8900,80.9200,80.8500,80.9200,2681,0
TIF.US,5,20131122,180000,80.9100,81.0400,80.9100,81.0200,13602,0
TIF.US,5,20131122,180500,81.0300,81.0300,80.9800,81.0000,16940,0
TIF.US,5,20131122,181000,80.9800,81.0100,80.8800,80.9100,3200,0
TIF.US,5,20131122,181500,80.9600,81.0000,80.8900,80.9400,4499,0
TIF.US,5,20131122,182000,80.9200,80.9300,80.8600,80.8900,5903,0
TIF.US,5,20131122,182500,80.9000,80.9300,80.8600,80.8600,8000,0
TIF.US,5,20131122,183000,80.8800,80.9000,80.7600,80.8200,16699,0
TIF.US,5,20131122,183500,80.8200,81.0200,80.8200,81.0100,7970,0
TIF.US,5,20131122,184000,81.0100,81.0100,80.9600,81.0000,1500,0
TIF.US,5,20131122,184500,80.9700,81.0400,80.9500,81.0100,11179,0
TIF.US,5,20131122,185000,81.0200,81.1000,81.0200,81.0800,3601,0
TIF.US,5,20131122,185500,81.0600,81.0700,81.0100,81.0100,3212,0
TIF.US,5,20131122,190000,81.0200,81.0700,81.0000,81.0300,3300,0
TIF.US,5,20131122,190500,81.0400,81.0600,81.0000,81.0200,7101,0
TIF.US,5,20131122,191000,81.0300,81.0600,81.0300,81.0500,4500,0
TIF.US,5,20131122,191500,81.0600,81.0700,81.0000,81.0300,3595,0
TIF.US,5,20131122,192000,81.0300,81.0300,80.9600,80.9900,5300,0
TIF.US,5,20131122,192500,81.0000,81.0300,80.9800,81.0100,4800,0
TIF.US,5,20131122,193000,80.9800,81.0200,80.9600,80.9900,2760,0
TIF.US,5,20131122,193500,80.9800,81.0600,80.9800,81.0400,4780,0
TIF.US,5,20131122,194000,81.0500,81.0600,81.0200,81.0500,1285,0
TIF.US,5,20131122,194500,81.0300,81.0700,81.0100,81.0500,1154,0
TIF.US,5,20131122,195000,81.0400,81.0700,81.0200,81.0700,2700,0
TIF.US,5,20131122,195500,81.0900,81.0900,81.0300,81.0500,2700,0
TIF.US,5,20131122,200000,81.0500,81.0500,80.9800,81.0200,2167,0
TIF.US,5,20131122,200500,81.0200,81.0600,81.0200,81.0600,2468,0
TIF.US,5,20131122,201000,81.0700,81.0800,81.0400,81.0400,1300,0
TIF.US,5,20131122,201500,81.0700,81.1400,81.0700,81.1200,4900,0
TIF.US,5,20131122,202000,81.1300,81.1300,81.0500,81.0500,5902,0
TIF.US,5,20131122,202500,81.0300,81.0700,81.0200,81.0700,3935,0
TIF.US,5,20131122,203000,81.0600,81.0800,81.0200,81.0800,5365,0
TIF.US,5,20131122,203500,81.0900,81.1000,81.0800,81.0800,6922,0
TIF.US,5,20131122,204000,81.0900,81.1000,81.0600,81.0700,2759,0
TIF.US,5,20131122,204500,81.0700,81.0900,81.0600,81.0700,5306,0
TIF.US,5,20131122,205000,81.0700,81.1000,81.0300,81.0600,35788,0
TIF.US,5,20131122,205500,81.0600,81.0800,81.0300,81.0400,7379,0
TIF.US,5,20131122,210000,81.0300,81.0500,81.0200,81.0400,4601,0
TIF.US,5,20131122,210500,81.0500,81.1300,81.0500,81.1300,5807,0
TIF.US,5,20131122,211000,81.1200,81.1400,81.0800,81.1300,11397,0
TIF.US,5,20131122,211500,81.1400,81.2500,81.1300,81.2200,17146,0
TIF.US,5,20131122,212000,81.2200,81.2300,81.1600,81.1600,9100,0
TIF.US,5,20131122,212500,81.1700,81.1900,81.1500,81.1700,12743,0
TIF.US,5,20131122,213000,81.1800,81.1800,81.0100,81.0300,18508,0
TIF.US,5,20131122,213500,81.0200,81.0900,80.9800,81.0900,21259,0
TIF.US,5,20131122,214000,81.0900,81.1600,81.0800,81.1400,14053,0
TIF.US,5,20131122,214500,81.1500,81.1700,81.1400,81.1700,15951,0
TIF.US,5,20131122,215000,81.1700,81.2100,81.1300,81.1900,31442,0
TIF.US,5,20131122,215500,81.1900,81.2000,81.0900,81.0900,34118,0
TIF.US,5,20131122,220000,81.0900,81.1400,81.0300,81.0800,58995,0
TIF.US,5,20131122,220500,81.0800,81.0800,81.0800,81.0800,44160,0
TIF.US,5,20131125,153500,81.4600,81.5300,81.0700,81.5100,42556,0
TIF.US,5,20131125,154000,81.5300,81.5500,81.3000,81.3000,17726,0
TIF.US,5,20131125,154500,81.2600,81.2600,80.9200,81.0000,23357,0
TIF.US,5,20131125,155000,80.9800,81.0200,80.9000,80.9600,8345,0
TIF.US,5,20131125,155500,80.9100,80.9500,80.5900,80.6700,22223,0
TIF.US,5,20131125,160000,80.6900,80.7100,80.3300,80.4700,34467,0
TIF.US,5,20131125,160500,80.4700,80.4700,80.3000,80.3600,14758,0
TIF.US,5,20131125,161000,80.4100,80.4500,80.2900,80.3900,16500,0
TIF.US,5,20131125,161500,80.3900,80.6800,80.3800,80.5400,15049,0
TIF.US,5,20131125,162000,80.5700,80.5800,80.4800,80.5300,12000,0
TIF.US,5,20131125,162500,80.5200,80.5400,80.4700,80.4900,7576,0
TIF.US,5,20131125,163000,80.4900,80.4900,80.4100,80.4700,10273,0
TIF.US,5,20131125,163500,80.5000,80.5700,80.4100,80.5200,11200,0
TIF.US,5,20131125,164000,80.5000,80.6300,80.4600,80.6200,9532,0
TIF.US,5,20131125,164500,80.6200,80.7700,80.6100,80.7600,6900,0
TIF.US,5,20131125,165000,80.7300,80.7500,80.7000,80.7100,6432,0
TIF.US,5,20131125,165500,80.7400,80.7500,80.6400,80.6800,11981,0
TIF.US,5,20131125,170000,80.6600,80.6900,80.5800,80.5800,4660,0
TIF.US,5,20131125,170500,80.6200,80.6700,80.5000,80.5200,9199,0
TIF.US,5,20131125,171000,80.5400,80.6200,80.5200,80.5600,6063,0
TIF.US,5,20131125,171500,80.5400,80.5500,80.4900,80.5300,6600,0
TIF.US,5,20131125,172000,80.5300,80.6200,80.5300,80.5600,7398,0
TIF.US,5,20131125,172500,80.5800,80.6500,80.5700,80.6200,11035,0
TIF.US,5,20131125,173000,80.6200,80.6500,80.5500,80.5800,9199,0
TIF.US,5,20131125,173500,80.6000,80.9300,80.5900,80.8700,16280,0
TIF.US,5,20131125,174000,80.9100,80.9100,80.7700,80.8400,6700,0
TIF.US,5,20131125,174500,80.8000,80.8800,80.7000,80.7100,23000,0
TIF.US,5,20131125,175000,80.7100,80.7800,80.7100,80.7400,6400,0
TIF.US,5,20131125,175500,80.7700,80.8500,80.7500,80.8500,6792,0
TIF.US,5,20131125,180000,80.8800,80.9100,80.7500,80.7500,15417,0
TIF.US,5,20131125,180500,80.7600,80.7700,80.7100,80.7700,6085,0
TIF.US,5,20131125,181000,80.7700,80.7700,80.6900,80.7100,6499,0
TIF.US,5,20131125,181500,80.7000,80.7400,80.6700,80.6800,4886,0
TIF.US,5,20131125,182000,80.7200,80.9200,80.7200,80.8900,22952,0
TIF.US,5,20131125,182500,80.9000,80.9300,80.8700,80.8700,9200,0
TIF.US,5,20131125,183000,80.8900,81.0100,80.8700,80.9800,15800,0
TIF.US,5,20131125,183500,81.0100,81.0700,80.9500,81.0300,12187,0
TIF.US,5,20131125,184000,81.0400,81.1000,80.8900,80.8900,7165,0
TIF.US,5,20131125,184500,80.9000,80.9100,80.8400,80.8400,22905,0
TIF.US,5,20131125,185000,80.8200,80.8400,80.6800,80.6800,8125,0
TIF.US,5,20131125,185500,80.6700,80.7300,80.6300,80.7000,7265,0
TIF.US,5,20131125,190000,80.7100,80.7200,80.6600,80.6700,13538,0
TIF.US,5,20131125,190500,80.6600,80.7200,80.6600,80.7200,13632,0
TIF.US,5,20131125,191000,80.6900,80.6900,80.6600,80.6600,26617,0
TIF.US,5,20131125,191500,80.6900,80.7800,80.6800,80.7300,13436,0
TIF.US,5,20131125,192000,80.7100,80.7500,80.7000,80.7500,8217,0
TIF.US,5,20131125,192500,80.7600,80.7700,80.7200,80.7500,5245,0
TIF.US,5,20131125,193000,80.7600,80.8700,80.7500,80.8000,14565,0
TIF.US,5,20131125,193500,80.8000,80.9800,80.7800,80.9800,15684,0
TIF.US,5,20131125,194000,80.9800,81.1800,80.9600,81.1600,25833,0
TIF.US,5,20131125,194500,81.1500,81.1500,81.0100,81.0400,19501,0
TIF.US,5,20131125,195000,81.0200,81.1200,81.0200,81.0700,22900,0
TIF.US,5,20131125,195500,81.0700,81.2100,81.0600,81.1700,11236,0
TIF.US,5,20131125,200000,81.2000,81.2300,81.1800,81.2200,12394,0
TIF.US,5,20131125,200500,81.2400,81.2400,81.1500,81.1500,8056,0
TIF.US,5,20131125,201000,81.1800,81.2300,81.1600,81.1900,11755,0
TIF.US,5,20131125,201500,81.2000,81.2000,81.0200,81.0200,13199,0
TIF.US,5,20131125,202000,81.0300,81.0400,80.9400,80.9500,15770,0
TIF.US,5,20131125,202500,80.9500,80.9900,80.8700,80.8700,16745,0
TIF.US,5,20131125,203000,80.8600,80.8600,80.7900,80.8400,15400,0
TIF.US,5,20131125,203500,80.8200,80.8300,80.7600,80.7900,18319,0
TIF.US,5,20131125,204000,80.8000,80.8700,80.7700,80.8600,15267,0
TIF.US,5,20131125,204500,80.8900,80.9100,80.8500,80.8500,11911,0
TIF.US,5,20131125,205000,80.8500,80.9100,80.8300,80.8400,7539,0
TIF.US,5,20131125,205500,80.8400,80.8500,80.7300,80.7400,9773,0
TIF.US,5,20131125,210000,80.7300,80.8900,80.7200,80.8400,20143,0
TIF.US,5,20131125,210500,80.8200,80.9900,80.8200,80.9600,11670,0
TIF.US,5,20131125,211000,80.9800,81.1300,80.8700,80.8700,26568,0
TIF.US,5,20131125,211500,80.8700,81.0300,80.8500,81.0300,25277,0
TIF.US,5,20131125,212000,81.0300,81.0400,80.9600,80.9900,23269,0
TIF.US,5,20131125,212500,81.0000,81.0000,80.7800,80.7800,20027,0
TIF.US,5,20131125,213000,80.7700,80.8100,80.7200,80.7900,28721,0
TIF.US,5,20131125,213500,80.8100,80.9100,80.7900,80.8900,34238,0
TIF.US,5,20131125,214000,80.8900,80.9300,80.8200,80.8500,34541,0
TIF.US,5,20131125,214500,80.8600,80.8600,80.7500,80.7600,30875,0
TIF.US,5,20131125,215000,80.7600,80.9900,80.7600,80.8700,56092,0
TIF.US,5,20131125,215500,80.8700,80.8700,80.7300,80.7700,49120,0
TIF.US,5,20131125,220000,80.7700,81.0500,80.6900,80.9900,119816,0
TIF.US,5,20131125,220500,80.9900,80.9900,80.9900,80.9900,156562,0
TIF.US,5,20131126,153500,86.0900,86.9000,86.0000,86.5700,368018,0
TIF.US,5,20131126,154000,86.5800,87.8000,86.4600,87.8000,441037,0
TIF.US,5,20131126,154500,87.7600,87.8000,87.1100,87.4500,254427,0
TIF.US,5,20131126,155000,87.4700,87.6900,87.0100,87.0300,227559,0
TIF.US,5,20131126,155500,87.1300,87.3400,86.8000,86.9700,131825,0
TIF.US,5,20131126,160000,87.0200,87.3100,86.9700,87.2000,97250,0
TIF.US,5,20131126,160500,87.1500,87.2200,86.5700,86.9400,103587,0
TIF.US,5,20131126,161000,86.9600,87.3400,86.9600,87.2100,104394,0
TIF.US,5,20131126,161500,87.2100,87.2900,86.9500,87.2000,86772,0
TIF.US,5,20131126,162000,87.2100,87.2900,87.0200,87.1000,119274,0
TIF.US,5,20131126,162500,87.1100,87.2500,87.0200,87.2100,65470,0
TIF.US,5,20131126,163000,87.2100,87.4000,87.0800,87.2500,84421,0
TIF.US,5,20131126,163500,87.2200,87.2500,86.7100,86.8000,84904,0
TIF.US,5,20131126,164000,86.8200,87.1800,86.8100,87.1600,47396,0
TIF.US,5,20131126,164500,87.1700,87.2200,87.0000,87.1200,39225,0
TIF.US,5,20131126,165000,87.1200,87.4000,87.1200,87.2900,50502,0
TIF.US,5,20131126,165500,87.2900,87.4000,87.0200,87.2000,62896,0
TIF.US,5,20131126,170000,87.1700,87.2600,86.8700,86.9800,49189,0
TIF.US,5,20131126,170500,86.9600,87.1600,86.9600,87.1200,12895,0
TIF.US,5,20131126,171000,87.1400,87.2500,87.0800,87.2000,20238,0
TIF.US,5,20131126,171500,87.2400,87.3900,87.1800,87.3900,28088,0
TIF.US,5,20131126,172000,87.3900,87.6000,87.2600,87.4100,83470,0
TIF.US,5,20131126,172500,87.4300,87.5000,87.1300,87.3600,29975,0
TIF.US,5,20131126,173000,87.4000,87.5000,87.2200,87.2200,23353,0
TIF.US,5,20131126,173500,87.2300,87.3300,87.1300,87.2700,28386,0
TIF.US,5,20131126,174000,87.2800,87.3900,87.2400,87.3900,22278,0
TIF.US,5,20131126,174500,87.3700,87.7500,87.3600,87.7200,60055,0
TIF.US,5,20131126,175000,87.6900,87.9000,87.5400,87.8600,75128,0
TIF.US,5,20131126,175500,87.8400,87.9000,87.7000,87.7000,41971,0
TIF.US,5,20131126,180000,87.6700,87.7600,87.4500,87.5600,31278,0
TIF.US,5,20131126,180500,87.5500,87.7100,87.4600,87.7000,26140,0
TIF.US,5,20131126,181000,87.7100,87.8600,87.6600,87.8600,33662,0
TIF.US,5,20131126,181500,87.8900,87.9000,87.7500,87.8100,36319,0
TIF.US,5,20131126,182000,87.8100,87.8500,87.6000,87.7600,21909,0
TIF.US,5,20131126,182500,87.7300,87.9100,87.7100,87.7600,26002,0
TIF.US,5,20131126,183000,87.7600,87.8200,87.6900,87.8200,13267,0
TIF.US,5,20131126,183500,87.7900,87.8200,87.6200,87.7400,16521,0
TIF.US,5,20131126,184000,87.7600,87.9000,87.7600,87.8600,19874,0
TIF.US,5,20131126,184500,87.8700,87.8700,87.5700,87.7200,20100,0
TIF.US,5,20131126,185000,87.7000,87.7800,87.5800,87.7800,12814,0
TIF.US,5,20131126,185500,87.8100,88.1500,87.7800,88.0900,56750,0
TIF.US,5,20131126,190000,88.0700,88.1100,87.8300,88.0700,37682,0
TIF.US,5,20131126,190500,88.0700,88.1800,87.8500,88.0700,34950,0
TIF.US,5,20131126,191000,88.0600,88.2400,87.9600,88.1600,35342,0
TIF.US,5,20131126,191500,88.1800,88.4000,88.1200,88.3500,46804,0
TIF.US,5,20131126,192000,88.3600,88.4000,88.2600,88.3500,30964,0
TIF.US,5,20131126,192500,88.3500,88.3900,88.0400,88.2200,33753,0
TIF.US,5,20131126,193000,88.2400,88.2400,87.9400,88.1000,38387,0
TIF.US,5,20131126,193500,88.0800,88.1000,87.6500,87.8000,47090,0
TIF.US,5,20131126,194000,87.8000,88.1000,87.7900,88.0600,32604,0
TIF.US,5,20131126,194500,88.0800,88.4500,88.0800,88.3300,85336,0
TIF.US,5,20131126,195000,88.3200,88.3300,87.8900,88.0400,57308,0
TIF.US,5,20131126,195500,88.0600,88.4500,88.0500,88.4500,24013,0
TIF.US,5,20131126,200000,88.4600,88.6000,88.3300,88.5200,42457,0
TIF.US,5,20131126,200500,88.5100,88.8800,88.4600,88.6000,56405,0
TIF.US,5,20131126,201000,88.6300,88.7100,88.2600,88.4000,33630,0
TIF.US,5,20131126,201500,88.3900,88.4300,88.1600,88.2600,30182,0
TIF.US,5,20131126,202000,88.2900,88.3100,88.1500,88.1600,52339,0
TIF.US,5,20131126,202500,88.1600,88.2500,88.0800,88.1200,27131,0
TIF.US,5,20131126,203000,88.1100,88.3000,88.0900,88.1800,35970,0
TIF.US,5,20131126,203500,88.1800,88.4700,88.1800,88.2300,37387,0
TIF.US,5,20131126,204000,88.2200,88.2900,88.0900,88.1500,72189,0
TIF.US,5,20131126,204500,88.1800,88.1800,87.8800,87.9800,38954,0
TIF.US,5,20131126,205000,87.9800,88.0000,87.6100,87.8900,42660,0
TIF.US,5,20131126,205500,87.8500,87.8700,87.7700,87.8400,24415,0
TIF.US,5,20131126,210000,87.8600,88.0200,87.8500,87.9000,28236,0
TIF.US,5,20131126,210500,87.9000,88.0000,87.8600,87.8600,23757,0
TIF.US,5,20131126,211000,87.8500,88.0000,87.8400,88.0000,30760,0
TIF.US,5,20131126,211500,87.9900,88.2500,87.9500,88.0400,34337,0
TIF.US,5,20131126,212000,88.0400,88.1900,88.0200,88.1700,30191,0
TIF.US,5,20131126,212500,88.1800,88.1900,88.0000,88.0300,31953,0
TIF.US,5,20131126,213000,88.0200,88.0300,87.8100,87.8500,38683,0
TIF.US,5,20131126,213500,87.8600,88.1200,87.8500,88.0600,40848,0
TIF.US,5,20131126,214000,88.0600,88.0600,87.9400,88.0400,54693,0
TIF.US,5,20131126,214500,88.0200,88.0400,87.8400,87.9200,52324,0
TIF.US,5,20131126,215000,87.8900,87.9100,87.7300,87.8600,78950,0
TIF.US,5,20131126,215500,87.8500,88.2600,87.8100,88.2500,116343,0
TIF.US,5,20131126,220000,88.2400,88.2400,88.0000,88.0500,194263,0
TIF.US,5,20131126,220500,88.0200,88.0200,88.0200,88.0200,330410,0
TIF.US,5,20131127,153500,88.1500,88.5800,87.8100,87.8500,80836,0
TIF.US,5,20131127,154000,87.8100,88.0400,87.4200,87.9700,42358,0
TIF.US,5,20131127,154500,87.9500,88.2900,87.8200,88.2900,36196,0
TIF.US,5,20131127,155000,88.2900,88.6000,88.1600,88.4000,33606,0
TIF.US,5,20131127,155500,88.4700,88.6900,88.3300,88.4200,34084,0
TIF.US,5,20131127,160000,88.4200,88.6200,88.3100,88.5200,41664,0
TIF.US,5,20131127,160500,88.5600,88.6300,88.5000,88.5900,37043,0
TIF.US,5,20131127,161000,88.5700,88.7000,88.4700,88.6500,64452,0
TIF.US,5,20131127,161500,88.6500,88.6900,88.3000,88.4900,66660,0
TIF.US,5,20131127,162000,88.5200,88.6600,88.4800,88.6000,45690,0
TIF.US,5,20131127,162500,88.5900,88.6700,88.5500,88.6100,52034,0
TIF.US,5,20131127,163000,88.5800,88.6100,88.5000,88.5300,21850,0
TIF.US,5,20131127,163500,88.5300,88.6500,88.5300,88.5800,22405,0
TIF.US,5,20131127,164000,88.5800,88.5800,88.4700,88.5400,41615,0
TIF.US,5,20131127,164500,88.5400,88.8300,88.5200,88.8000,44704,0
TIF.US,5,20131127,165000,88.8000,88.8100,88.6800,88.7000,25976,0
TIF.US,5,20131127,165500,88.6900,88.6900,88.4400,88.5500,28258,0
TIF.US,5,20131127,170000,88.5800,88.6500,88.3800,88.4300,17285,0
TIF.US,5,20131127,170500,88.4300,88.5100,88.3900,88.4700,11491,0
TIF.US,5,20131127,171000,88.4400,88.4400,88.3700,88.4100,25189,0
TIF.US,5,20131127,171500,88.4000,88.5100,88.3900,88.4900,12593,0
TIF.US,5,20131127,172000,88.5000,88.5500,88.4900,88.5200,15450,0
TIF.US,5,20131127,172500,88.5300,88.5500,88.4300,88.4600,22582,0
TIF.US,5,20131127,173000,88.4500,88.5100,88.3500,88.4000,17250,0
TIF.US,5,20131127,173500,88.4100,88.5100,88.3900,88.4300,16198,0
TIF.US,5,20131127,174000,88.4400,88.4900,88.3900,88.4700,13997,0
TIF.US,5,20131127,174500,88.4900,88.5000,88.3800,88.4000,14596,0
TIF.US,5,20131127,175000,88.4000,88.4700,88.4000,88.4200,14204,0
TIF.US,5,20131127,175500,88.4000,88.4600,88.2700,88.2800,21001,0
TIF.US,5,20131127,180000,88.3000,88.3200,88.2200,88.2500,16095,0
TIF.US,5,20131127,180500,88.2800,88.3500,88.2100,88.3500,13212,0
TIF.US,5,20131127,181000,88.3500,88.4000,88.3000,88.3900,11665,0
TIF.US,5,20131127,181500,88.4000,88.4000,88.3300,88.3500,11700,0
TIF.US,5,20131127,182000,88.3400,88.4300,88.2900,88.4200,8925,0
TIF.US,5,20131127,182500,88.4200,88.5100,88.3600,88.3600,15320,0
TIF.US,5,20131127,183000,88.3700,88.5000,88.3600,88.3800,6482,0
TIF.US,5,20131127,183500,88.4000,88.4200,88.3100,88.3300,6850,0
TIF.US,5,20131127,184000,88.3300,88.3700,88.2900,88.2900,8500,0
TIF.US,5,20131127,184500,88.3200,88.4200,88.3100,88.3400,8787,0
TIF.US,5,20131127,185000,88.3500,88.4800,88.3400,88.4100,22487,0
TIF.US,5,20131127,185500,88.4300,88.4300,88.3100,88.3500,6166,0
TIF.US,5,20131127,190000,88.3500,88.3600,88.2600,88.2600,12946,0
TIF.US,5,20131127,190500,88.2700,88.3000,88.1500,88.2100,17108,0
TIF.US,5,20131127,191000,88.2100,88.2300,88.1200,88.1800,21026,0
TIF.US,5,20131127,191500,88.1900,88.2000,88.1600,88.2000,10010,0
TIF.US,5,20131127,192000,88.2000,88.3100,88.1900,88.2100,9520,0
TIF.US,5,20131127,192500,88.1900,88.2400,88.1200,88.1500,14728,0
TIF.US,5,20131127,193000,88.1500,88.2300,88.0900,88.1400,13969,0
TIF.US,5,20131127,193500,88.1400,88.2500,88.1400,88.2400,9790,0
TIF.US,5,20131127,194000,88.2400,88.2400,88.1600,88.1800,7373,0
TIF.US,5,20131127,194500,88.1700,88.2100,88.1700,88.2000,11100,0
TIF.US,5,20131127,195000,88.1800,88.2000,88.1200,88.1500,9135,0
TIF.US,5,20131127,195500,88.1600,88.2200,88.0600,88.1700,27535,0
TIF.US,5,20131127,200000,88.1600,88.1600,88.1000,88.1000,8992,0
TIF.US,5,20131127,200500,88.1100,88.2000,88.1100,88.2000,16885,0
TIF.US,5,20131127,201000,88.2000,88.2200,88.1700,88.2100,26063,0
TIF.US,5,20131127,201500,88.2100,88.2100,88.1900,88.2100,27800,0
TIF.US,5,20131127,202000,88.2000,88.2200,88.1400,88.1500,10772,0
TIF.US,5,20131127,202500,88.1500,88.1600,88.1200,88.1500,12700,0
TIF.US,5,20131127,203000,88.1500,88.1700,88.1100,88.1300,10168,0
TIF.US,5,20131127,203500,88.1300,88.2400,88.1200,88.2400,14623,0
TIF.US,5,20131127,204000,88.2500,88.2500,88.1800,88.2500,11277,0
TIF.US,5,20131127,204500,88.2500,88.2500,88.1600,88.2000,13668,0
TIF.US,5,20131127,205000,88.2000,88.2600,88.1900,88.2500,18764,0
TIF.US,5,20131127,205500,88.2700,88.2700,88.1900,88.1900,11290,0
TIF.US,5,20131127,210000,88.2000,88.2200,88.0500,88.0500,12368,0
TIF.US,5,20131127,210500,88.0600,88.0600,87.9500,88.0600,20678,0
TIF.US,5,20131127,211000,88.0600,88.2000,88.0300,88.2000,8757,0
TIF.US,5,20131127,211500,88.1800,88.2000,88.1100,88.1900,17567,0
TIF.US,5,20131127,212000,88.1800,88.2500,88.1700,88.1900,21024,0
TIF.US,5,20131127,212500,88.2000,88.2300,88.1700,88.2100,11516,0
TIF.US,5,20131127,213000,88.2000,88.2300,88.1900,88.2200,18135,0
TIF.US,5,20131127,213500,88.2300,88.2300,88.1200,88.1200,18863,0
TIF.US,5,20131127,214000,88.1200,88.1300,88.0600,88.1000,20331,0
TIF.US,5,20131127,214500,88.0900,88.1700,88.0700,88.1700,26205,0
TIF.US,5,20131127,215000,88.1700,88.1900,88.1100,88.1700,32838,0
TIF.US,5,20131127,215500,88.1700,88.1900,88.0800,88.1700,44336,0
TIF.US,5,20131127,220000,88.1700,88.2100,88.1000,88.1700,61856,0
TIF.US,5,20131127,220500,88.1600,88.1600,88.1600,88.1600,47449,0
TIF.US,5,20131129,153500,88.7500,88.8000,88.4000,88.4000,8700,0
TIF.US,5,20131129,154000,88.4400,88.5100,88.0500,88.1300,18976,0
TIF.US,5,20131129,154500,88.1600,88.2300,87.9300,87.9300,16011,0
TIF.US,5,20131129,155000,87.9200,88.2600,87.9200,88.2400,14256,0
TIF.US,5,20131129,155500,88.2400,88.3900,88.1400,88.3000,11752,0
TIF.US,5,20131129,160000,88.2600,88.3800,88.0200,88.0500,30248,0
TIF.US,5,20131129,160500,88.0900,88.2900,88.0900,88.2000,11420,0
TIF.US,5,20131129,161000,88.2100,88.2900,88.2000,88.2200,6300,0
TIF.US,5,20131129,161500,88.2200,88.5000,88.2200,88.4300,19876,0
TIF.US,5,20131129,162000,88.4300,88.5000,88.3200,88.4200,12424,0
TIF.US,5,20131129,162500,88.4200,88.4200,88.3000,88.3200,10274,0
TIF.US,5,20131129,163000,88.3300,88.4200,88.3200,88.3200,7150,0
TIF.US,5,20131129,163500,88.3100,88.4100,88.1900,88.3600,48960,0
TIF.US,5,20131129,164000,88.3600,88.4600,88.3300,88.3900,19553,0
TIF.US,5,20131129,164500,88.3700,88.3700,88.2800,88.3300,6125,0
TIF.US,5,20131129,165000,88.3400,88.3600,88.3200,88.3500,8700,0
TIF.US,5,20131129,165500,88.3500,88.3600,88.2200,88.2300,17175,0
TIF.US,5,20131129,170000,88.2400,88.3800,88.2300,88.3100,9793,0
TIF.US,5,20131129,170500,88.3000,88.4700,88.2600,88.4700,16997,0
TIF.US,5,20131129,171000,88.4700,88.4700,88.2700,88.3800,8491,0
TIF.US,5,20131129,171500,88.3700,88.4800,88.3700,88.4800,8155,0
TIF.US,5,20131129,172000,88.4800,88.5600,88.4500,88.4900,15595,0
TIF.US,5,20131129,172500,88.5200,88.6200,88.4900,88.6200,26027,0
TIF.US,5,20131129,173000,88.6000,88.6400,88.5500,88.5500,10495,0
TIF.US,5,20131129,173500,88.5600,88.7300,88.5500,88.7300,15045,0
TIF.US,5,20131129,174000,88.7200,88.9100,88.7100,88.8800,22502,0
TIF.US,5,20131129,174500,88.8800,88.9400,88.8700,88.8900,10839,0
TIF.US,5,20131129,175000,88.9000,88.9800,88.8700,88.9700,11778,0
TIF.US,5,20131129,175500,88.9700,89.0800,88.9700,89.0700,22836,0
TIF.US,5,20131129,180000,89.0800,89.1900,89.0700,89.1900,16658,0
TIF.US,5,20131129,180500,89.2000,89.3500,89.1900,89.2700,27556,0
TIF.US,5,20131129,181000,89.2600,89.2800,89.2200,89.2800,13140,0
TIF.US,5,20131129,181500,89.2800,89.2900,89.2300,89.2300,17514,0
TIF.US,5,20131129,182000,89.2600,89.5700,89.2600,89.5700,50760,0
TIF.US,5,20131129,182500,89.5800,89.7200,89.5800,89.7100,52926,0
TIF.US,5,20131129,183000,89.6800,89.7100,89.6500,89.6600,29001,0
TIF.US,5,20131129,183500,89.6700,89.6900,89.3800,89.3900,31173,0
TIF.US,5,20131129,184000,89.3900,89.5200,89.3600,89.3800,20612,0
TIF.US,5,20131129,184500,89.3900,89.4800,89.2400,89.2400,22396,0
TIF.US,5,20131129,185000,89.2500,89.2900,88.9600,89.0000,36904,0
TIF.US,5,20131129,185500,89.0000,89.2000,88.9800,89.1800,41511,0
TIF.US,5,20131129,190000,89.1900,89.2400,89.0900,89.1400,39892,0
TIF.US,5,20131129,190500,89.1400,89.1400,89.1400,89.1400,112369,0
TIF.US,5,20131202,153500,89.4200,89.4200,88.6100,88.7400,25264,0
TIF.US,5,20131202,154000,88.7400,88.8500,88.6200,88.7500,14923,0
TIF.US,5,20131202,154500,88.7000,88.7000,88.1600,88.1600,17493,0
TIF.US,5,20131202,155000,88.1500,88.1900,87.9300,88.0500,26354,0
TIF.US,5,20131202,155500,88.0000,88.1400,87.8800,88.1000,27932,0
TIF.US,5,20131202,160000,88.0800,88.2000,88.0500,88.1900,34169,0
TIF.US,5,20131202,160500,88.1800,88.2700,88.0700,88.1900,64710,0
TIF.US,5,20131202,161000,88.2000,88.2000,88.1000,88.1700,33904,0
TIF.US,5,20131202,161500,88.1600,88.2200,88.0800,88.1500,31342,0
TIF.US,5,20131202,162000,88.1600,88.2100,88.1100,88.1200,11498,0
TIF.US,5,20131202,162500,88.1300,88.2900,88.1300,88.1500,19875,0
TIF.US,5,20131202,163000,88.1500,88.1900,87.9800,88.0600,34691,0
TIF.US,5,20131202,163500,88.0700,88.2500,88.0500,88.2500,12811,0
TIF.US,5,20131202,164000,88.2300,88.2300,88.0300,88.0900,6960,0
TIF.US,5,20131202,164500,88.1100,88.2700,88.1100,88.2200,22456,0
TIF.US,5,20131202,165000,88.2300,88.3700,88.1400,88.3700,23003,0
TIF.US,5,20131202,165500,88.3500,88.4100,88.2400,88.4100,14407,0
TIF.US,5,20131202,170000,88.4000,88.6400,88.4000,88.5600,23914,0
TIF.US,5,20131202,170500,88.5800,88.6900,88.5800,88.6900,15828,0
TIF.US,5,20131202,171000,88.7400,88.8900,88.7200,88.8700,12446,0
TIF.US,5,20131202,171500,88.8600,88.9000,88.8100,88.9000,8260,0
TIF.US,5,20131202,172000,88.8900,88.9600,88.7500,88.7900,8023,0
TIF.US,5,20131202,172500,88.8000,88.8600,88.7800,88.8600,3708,0
TIF.US,5,20131202,173000,88.8700,88.9300,88.7600,88.7800,14372,0
TIF.US,5,20131202,173500,88.7600,88.8400,88.7200,88.7200,9927,0
TIF.US,5,20131202,174000,88.7200,88.7200,88.6000,88.6700,12379,0
TIF.US,5,20131202,174500,88.6600,88.6600,88.6100,88.6400,2821,0
TIF.US,5,20131202,175000,88.6300,88.6800,88.6000,88.6500,13349,0
TIF.US,5,20131202,175500,88.6500,88.6500,88.5900,88.6200,5214,0
TIF.US,5,20131202,180000,88.6300,88.7900,88.6300,88.7900,12272,0
TIF.US,5,20131202,180500,88.7500,88.7700,88.6200,88.6700,10073,0
TIF.US,5,20131202,181000,88.6900,88.7600,88.6900,88.7400,4756,0
TIF.US,5,20131202,181500,88.7000,88.7900,88.7000,88.7200,3600,0
TIF.US,5,20131202,182000,88.7100,88.7600,88.7100,88.7600,2542,0
TIF.US,5,20131202,182500,88.7700,88.9000,88.7700,88.9000,6839,0
TIF.US,5,20131202,183000,88.8900,88.9100,88.8400,88.8500,5203,0
TIF.US,5,20131202,183500,88.8600,88.8700,88.7700,88.7700,4536,0
TIF.US,5,20131202,184000,88.7900,88.8100,88.7100,88.7100,7127,0
TIF.US,5,20131202,184500,88.7300,88.7900,88.7300,88.7900,5220,0
TIF.US,5,20131202,185000,88.7800,88.8600,88.7800,88.8500,4663,0
TIF.US,5,20131202,185500,88.8500,88.9800,88.8400,88.8800,8365,0
TIF.US,5,20131202,190000,88.8600,88.8600,88.8100,88.8100,3410,0
TIF.US,5,20131202,190500,88.8000,88.8600,88.8000,88.8300,5525,0
TIF.US,5,20131202,191000,88.8100,88.8400,88.7900,88.8200,4329,0
TIF.US,5,20131202,191500,88.8200,88.8500,88.7800,88.7900,4031,0
TIF.US,5,20131202,192000,88.7800,88.8500,88.6900,88.8000,23937,0
TIF.US,5,20131202,192500,88.8400,88.8900,88.8100,88.8700,3300,0
TIF.US,5,20131202,193000,88.8200,88.8200,88.7200,88.7800,4600,0
TIF.US,5,20131202,193500,88.7700,88.7800,88.6300,88.6900,11719,0
TIF.US,5,20131202,194000,88.7100,88.7100,88.6300,88.6900,11625,0
TIF.US,5,20131202,194500,88.6800,88.6800,88.5800,88.6100,3604,0
TIF.US,5,20131202,195000,88.6000,88.6200,88.5500,88.5900,4079,0
TIF.US,5,20131202,195500,88.5700,88.6300,88.4800,88.6000,9717,0
TIF.US,5,20131202,200000,88.6400,88.6600,88.5600,88.6600,5564,0
TIF.US,5,20131202,200500,88.6700,88.6900,88.6000,88.6300,3700,0
TIF.US,5,20131202,201000,88.6200,88.6200,88.3900,88.4200,12207,0
TIF.US,5,20131202,201500,88.4100,88.4600,88.3700,88.4600,3519,0
TIF.US,5,20131202,202000,88.4600,88.4600,88.3600,88.4400,5132,0
TIF.US,5,20131202,202500,88.4400,88.4500,88.3400,88.3600,6583,0
TIF.US,5,20131202,203000,88.3500,88.4000,88.3000,88.3000,6398,0
TIF.US,5,20131202,203500,88.3400,88.3700,88.2800,88.3500,7668,0
TIF.US,5,20131202,204000,88.3300,88.3800,88.3200,88.3200,4801,0
TIF.US,5,20131202,204500,88.3000,88.3600,88.2700,88.2700,7803,0
TIF.US,5,20131202,205000,88.2600,88.3100,88.2300,88.2800,8586,0
TIF.US,5,20131202,205500,88.3000,88.3100,88.2600,88.3000,3700,0
TIF.US,5,20131202,210000,88.3100,88.3600,88.2900,88.3100,5458,0
TIF.US,5,20131202,210500,88.3200,88.3900,88.3200,88.3900,7321,0
TIF.US,5,20131202,211000,88.3900,88.3900,88.3000,88.3100,6042,0
TIF.US,5,20131202,211500,88.3000,88.3400,88.2700,88.3200,7899,0
TIF.US,5,20131202,212000,88.3200,88.3400,88.2300,88.2300,9527,0
TIF.US,5,20131202,212500,88.2300,88.2300,88.1500,88.1800,12295,0
TIF.US,5,20131202,213000,88.1800,88.1900,87.9600,87.9600,18245,0
TIF.US,5,20131202,213500,87.9700,87.9900,87.8400,87.9500,19668,0
TIF.US,5,20131202,214000,87.9300,87.9900,87.9300,87.9300,10555,0
TIF.US,5,20131202,214500,87.9200,87.9400,87.8300,87.8500,15568,0
TIF.US,5,20131202,215000,87.8500,88.0200,87.8500,87.9600,32125,0
TIF.US,5,20131202,215500,87.9500,87.9900,87.9000,87.9500,21989,0
TIF.US,5,20131202,220000,87.9800,88.0400,87.9000,88.0400,34847,0
TIF.US,5,20131202,220500,88.0400,88.0400,88.0400,88.0400,129950,0
TIF.US,5,20131203,153500,87.8700,88.0200,87.6300,87.7800,5861,0
TIF.US,5,20131203,154000,87.7900,88.1600,87.7800,88.0200,7367,0
TIF.US,5,20131203,154500,87.9800,88.2000,87.7700,88.1600,11815,0
TIF.US,5,20131203,155000,88.1500,88.7200,88.1200,88.7200,21066,0
TIF.US,5,20131203,155500,88.7400,88.7700,88.4700,88.6500,27185,0
TIF.US,5,20131203,160000,88.5500,88.6300,88.3800,88.6000,12642,0
TIF.US,5,20131203,160500,88.6100,88.7500,88.4600,88.4900,15228,0
TIF.US,5,20131203,161000,88.5000,88.6400,88.4800,88.5700,7414,0
TIF.US,5,20131203,161500,88.5600,88.5600,88.3500,88.3700,10134,0
TIF.US,5,20131203,162000,88.3600,88.4600,88.3400,88.4400,11994,0
TIF.US,5,20131203,162500,88.4600,88.5500,88.4400,88.4700,12567,0
TIF.US,5,20131203,163000,88.5000,88.6200,88.5000,88.6200,14906,0
TIF.US,5,20131203,163500,88.6100,88.7000,88.6100,88.7000,11284,0
TIF.US,5,20131203,164000,88.7100,88.9500,88.6500,88.9400,26839,0
TIF.US,5,20131203,164500,88.9300,88.9900,88.8200,88.8200,14145,0
TIF.US,5,20131203,165000,88.8200,88.8800,88.7500,88.8800,9100,0
TIF.US,5,20131203,165500,88.8600,89.0300,88.8100,88.9600,22021,0
TIF.US,5,20131203,170000,88.9800,89.0900,88.9100,88.9300,9989,0
TIF.US,5,20131203,170500,88.9300,88.9300,88.7900,88.8400,12435,0
TIF.US,5,20131203,171000,88.8500,88.9400,88.8500,88.8600,8900,0
TIF.US,5,20131203,171500,88.8600,88.8900,88.7400,88.7400,5500,0
TIF.US,5,20131203,172000,88.7400,88.7400,88.6400,88.6500,9270,0
TIF.US,5,20131203,172500,88.6500,88.6600,88.5200,88.5200,10964,0
TIF.US,5,20131203,173000,88.5100,88.5100,88.3300,88.3700,17291,0
TIF.US,5,20131203,173500,88.3500,88.3800,88.2500,88.2800,11502,0
TIF.US,5,20131203,174000,88.2800,88.3800,88.2400,88.3600,4714,0
TIF.US,5,20131203,174500,88.3600,88.3600,88.2400,88.3600,7180,0
TIF.US,5,20131203,175000,88.3400,88.3400,88.2300,88.3000,5723,0
TIF.US,5,20131203,175500,88.3000,88.3700,88.2400,88.3500,7400,0
TIF.US,5,20131203,180000,88.3600,88.5600,88.3500,88.5400,22609,0
TIF.US,5,20131203,180500,88.5300,88.5400,88.4400,88.4400,5100,0
TIF.US,5,20131203,181000,88.4600,88.5200,88.4600,88.4600,4372,0
TIF.US,5,20131203,181500,88.4700,88.5100,88.4400,88.4800,7050,0
TIF.US,5,20131203,182000,88.5100,88.5100,88.4100,88.4100,4600,0
TIF.US,5,20131203,182500,88.4100,88.4700,88.3900,88.3900,7037,0
TIF.US,5,20131203,183000,88.3800,88.4300,88.3500,88.3500,3200,0
TIF.US,5,20131203,183500,88.3700,88.3800,88.2400,88.2400,7710,0
TIF.US,5,20131203,184000,88.2400,88.2900,88.2000,88.2800,8139,0
TIF.US,5,20131203,184500,88.2900,88.4100,88.2900,88.4100,4375,0
TIF.US,5,20131203,185000,88.4000,88.4400,88.3600,88.3700,4635,0
TIF.US,5,20131203,185500,88.3800,88.4800,88.3800,88.4800,5336,0
TIF.US,5,20131203,190000,88.5000,88.5300,88.4800,88.5100,7143,0
TIF.US,5,20131203,190500,88.5300,88.5300,88.3600,88.3600,9777,0
TIF.US,5,20131203,191000,88.3600,88.4400,88.3600,88.4300,10396,0
TIF.US,5,20131203,191500,88.4400,88.4400,88.3500,88.3700,8106,0
TIF.US,5,20131203,192000,88.3600,88.4300,88.3500,88.4300,7077,0
TIF.US,5,20131203,192500,88.4500,88.4900,88.4100,88.4100,7719,0
TIF.US,5,20131203,193000,88.3800,88.3800,88.3200,88.3300,7851,0
TIF.US,5,20131203,193500,88.3500,88.3800,88.3400,88.3400,7022,0
TIF.US,5,20131203,194000,88.3400,88.3800,88.2900,88.3700,6812,0
TIF.US,5,20131203,194500,88.3600,88.3600,88.2800,88.2900,9956,0
TIF.US,5,20131203,195000,88.3100,88.3700,88.3100,88.3500,3556,0
TIF.US,5,20131203,195500,88.3500,88.3800,88.3200,88.3600,12083,0
TIF.US,5,20131203,200000,88.3700,88.3700,88.3200,88.3200,6649,0
TIF.US,5,20131203,200500,88.3300,88.3400,88.2000,88.2000,32889,0
TIF.US,5,20131203,201000,88.1900,88.2300,88.1700,88.2000,9635,0
TIF.US,5,20131203,201500,88.2100,88.3200,88.2000,88.3200,9026,0
TIF.US,5,20131203,202000,88.3100,88.3200,88.1600,88.1600,9318,0
TIF.US,5,20131203,202500,88.1500,88.2400,88.1500,88.2200,5637,0
TIF.US,5,20131203,203000,88.1600,88.1900,88.1400,88.1700,6257,0
TIF.US,5,20131203,203500,88.1800,88.2700,88.1800,88.2400,9648,0
TIF.US,5,20131203,204000,88.2400,88.2900,88.2300,88.2500,6622,0
TIF.US,5,20131203,204500,88.2500,88.2600,88.2100,88.2400,7402,0
TIF.US,5,20131203,205000,88.2400,88.3200,88.2400,88.2700,4700,0
TIF.US,5,20131203,205500,88.2800,88.3800,88.2800,88.3800,8185,0
TIF.US,5,20131203,210000,88.3700,88.3800,88.3500,88.3700,6030,0
TIF.US,5,20131203,210500,88.3700,88.3800,88.2600,88.2700,8202,0
TIF.US,5,20131203,211000,88.2700,88.2800,88.1800,88.2300,13840,0
TIF.US,5,20131203,211500,88.2000,88.2000,88.1000,88.1900,8210,0
TIF.US,5,20131203,212000,88.1700,88.1900,88.1700,88.1900,5542,0
TIF.US,5,20131203,212500,88.1800,88.1900,88.0800,88.1000,12558,0
TIF.US,5,20131203,213000,88.0800,88.1100,88.0700,88.0700,8163,0
TIF.US,5,20131203,213500,88.0600,88.3000,88.0600,88.2900,9503,0
TIF.US,5,20131203,214000,88.2900,88.3300,88.2700,88.2700,17149,0
TIF.US,5,20131203,214500,88.2800,88.3000,88.1900,88.2400,13948,0
TIF.US,5,20131203,215000,88.2400,88.3800,88.2200,88.3800,19304,0
TIF.US,5,20131203,215500,88.3700,88.3800,88.3000,88.3200,18943,0
TIF.US,5,20131203,220000,88.3300,88.4300,88.3200,88.4200,31443,0
TIF.US,5,20131203,220500,88.4200,88.4200,88.4200,88.4200,98050,0
TIF.US,5,20131204,153500,88.0400,88.3200,88.0000,88.3200,10872,0
TIF.US,5,20131204,154000,88.2600,88.4900,88.2100,88.3900,6160,0
TIF.US,5,20131204,154500,88.5100,88.6100,88.4200,88.4500,10069,0
TIF.US,5,20131204,155000,88.4700,88.6900,88.4400,88.6400,9114,0
TIF.US,5,20131204,155500,88.6400,88.6800,88.5400,88.6200,5942,0
TIF.US,5,20131204,160000,88.6100,88.8400,88.5700,88.8400,16122,0
TIF.US,5,20131204,160500,88.7900,89.1900,88.7700,89.1900,17122,0
TIF.US,5,20131204,161000,89.2400,89.4300,89.2100,89.3300,17533,0
TIF.US,5,20131204,161500,89.3600,89.4400,89.1900,89.4100,12180,0
TIF.US,5,20131204,162000,89.4200,89.4700,89.2300,89.2300,18926,0
TIF.US,5,20131204,162500,89.2400,89.4500,89.2000,89.3800,15860,0
TIF.US,5,20131204,163000,89.3800,89.4200,89.2500,89.2500,7092,0
TIF.US,5,20131204,163500,89.2700,89.3900,89.2000,89.2500,9622,0
TIF.US,5,20131204,164000,89.1800,89.3700,89.1600,89.1600,5800,0
TIF.US,5,20131204,164500,89.1700,89.3400,89.0200,89.0200,36422,0
TIF.US,5,20131204,165000,89.0200,89.0300,88.8300,88.9200,11659,0
TIF.US,5,20131204,165500,88.9400,89.0000,88.7800,88.8500,12520,0
TIF.US,5,20131204,170000,88.8800,89.0200,88.8500,89.0200,4300,0
TIF.US,5,20131204,170500,89.0400,89.0400,88.9300,88.9800,3498,0
TIF.US,5,20131204,171000,89.0200,89.0200,88.9100,88.9500,1800,0
TIF.US,5,20131204,171500,88.9300,88.9700,88.8800,88.8800,2900,0
TIF.US,5,20131204,172000,88.8800,88.9200,88.8100,88.8500,9109,0
TIF.US,5,20131204,172500,88.8100,88.8900,88.8100,88.8400,4922,0
TIF.US,5,20131204,173000,88.8000,88.9100,88.7800,88.8500,8500,0
TIF.US,5,20131204,173500,88.8700,89.0100,88.8700,88.9600,19816,0
TIF.US,5,20131204,174000,89.0000,89.0400,88.9900,89.0400,5130,0
TIF.US,5,20131204,174500,89.0400,89.0500,89.0100,89.0400,3100,0
TIF.US,5,20131204,175000,89.0500,89.1000,88.9900,89.0100,14823,0
TIF.US,5,20131204,175500,89.0000,89.0700,88.9600,89.0100,20140,0
TIF.US,5,20131204,180000,89.0200,89.0300,88.9800,88.9800,3977,0
TIF.US,5,20131204,180500,88.9800,88.9900,88.7600,88.8200,4955,0
TIF.US,5,20131204,181000,88.7900,88.8500,88.7900,88.8500,1945,0
TIF.US,5,20131204,181500,88.8700,88.9000,88.8000,88.8200,4752,0
TIF.US,5,20131204,182000,88.8000,88.8100,88.6500,88.7000,3716,0
TIF.US,5,20131204,182500,88.6100,88.7000,88.6100,88.6800,3375,0
TIF.US,5,20131204,183000,88.6400,88.8100,88.6100,88.7700,12821,0
TIF.US,5,20131204,183500,88.7900,88.9600,88.7700,88.9600,6367,0
TIF.US,5,20131204,184000,88.9300,88.9700,88.8400,88.9600,14708,0
TIF.US,5,20131204,184500,88.9700,88.9900,88.8300,88.9100,17177,0
TIF.US,5,20131204,185000,88.9200,89.1100,88.9200,89.0400,28880,0
TIF.US,5,20131204,185500,89.0200,89.0600,89.0200,89.0300,2604,0
TIF.US,5,20131204,190000,89.0000,89.0000,88.8700,88.8700,4756,0
TIF.US,5,20131204,190500,88.8900,88.9900,88.8400,88.9900,30038,0
TIF.US,5,20131204,191000,88.9900,89.0500,88.9000,88.9300,11234,0
TIF.US,5,20131204,191500,88.9100,88.9400,88.8700,88.9000,6010,0
TIF.US,5,20131204,192000,88.8900,88.9200,88.7600,88.7700,2200,0
TIF.US,5,20131204,192500,88.7500,88.7500,88.5200,88.5500,13186,0
TIF.US,5,20131204,193000,88.5000,88.5300,88.3500,88.3600,3087,0
TIF.US,5,20131204,193500,88.3200,88.3200,88.0400,88.1900,10100,0
TIF.US,5,20131204,194000,88.2400,88.3000,88.1600,88.2500,4877,0
TIF.US,5,20131204,194500,88.2200,88.2200,88.1500,88.1500,1563,0
TIF.US,5,20131204,195000,88.1500,88.2200,88.1300,88.1900,3636,0
TIF.US,5,20131204,195500,88.1900,88.1900,88.0800,88.1700,8673,0
TIF.US,5,20131204,200000,88.1500,88.1900,88.1200,88.1800,3700,0
TIF.US,5,20131204,200500,88.1800,88.2800,88.1400,88.2100,15871,0
TIF.US,5,20131204,201000,88.1800,88.2000,88.1100,88.1100,5135,0
TIF.US,5,20131204,201500,88.1100,88.2900,88.1000,88.2800,4780,0
TIF.US,5,20131204,202000,88.2500,88.2900,88.2400,88.2800,4224,0
TIF.US,5,20131204,202500,88.2800,88.3600,88.1900,88.2300,24273,0
TIF.US,5,20131204,203000,88.2200,88.3200,88.2100,88.2600,2500,0
TIF.US,5,20131204,203500,88.3100,88.3300,88.2600,88.3000,4255,0
TIF.US,5,20131204,204000,88.2800,88.3500,88.2500,88.3200,9450,0
TIF.US,5,20131204,204500,88.3200,88.4100,88.3200,88.4000,3758,0
TIF.US,5,20131204,205000,88.4000,88.5000,88.4000,88.4100,13709,0
TIF.US,5,20131204,205500,88.4000,88.4200,88.3300,88.3400,9337,0
TIF.US,5,20131204,210000,88.3400,88.3400,88.2600,88.2700,6505,0
TIF.US,5,20131204,210500,88.2700,88.2900,88.1400,88.1400,8483,0
TIF.US,5,20131204,211000,88.1400,88.1900,88.1200,88.1900,5676,0
TIF.US,5,20131204,211500,88.1500,88.3100,88.1200,88.2000,10950,0
TIF.US,5,20131204,212000,88.2100,88.4600,88.2100,88.4600,9734,0
TIF.US,5,20131204,212500,88.4200,88.4200,88.3700,88.4000,3300,0
TIF.US,5,20131204,213000,88.3900,88.5500,88.3900,88.5500,6660,0
TIF.US,5,20131204,213500,88.5400,88.6100,88.4700,88.6100,11211,0
TIF.US,5,20131204,214000,88.6100,88.7200,88.6100,88.7000,10722,0
TIF.US,5,20131204,214500,88.6900,88.7500,88.6900,88.7200,8305,0
TIF.US,5,20131204,215000,88.7100,88.7800,88.6200,88.6400,12359,0
TIF.US,5,20131204,215500,88.6400,88.6500,88.5900,88.6400,19506,0
TIF.US,5,20131204,220000,88.6400,88.6600,88.5800,88.5800,29856,0
TIF.US,5,20131204,220500,88.5800,88.5800,88.5800,88.5800,24534,0
TIF.US,5,20131205,153500,89.9200,90.4900,89.8000,90.3000,43291,0
TIF.US,5,20131205,154000,90.2800,90.7400,90.2600,90.6600,54130,0
TIF.US,5,20131205,154500,90.5600,90.7000,89.6700,89.7600,49666,0
TIF.US,5,20131205,155000,89.6900,90.1600,89.6900,90.0000,29169,0
TIF.US,5,20131205,155500,90.0100,90.0500,89.8000,89.8800,18059,0
TIF.US,5,20131205,160000,89.9400,90.0900,89.7500,90.0200,18652,0
TIF.US,5,20131205,160500,90.0700,90.1900,89.8700,89.9600,31923,0
TIF.US,5,20131205,161000,89.9300,89.9300,89.6700,89.7200,16438,0
TIF.US,5,20131205,161500,89.7100,89.7400,89.4000,89.5000,19667,0
TIF.US,5,20131205,162000,89.4900,89.7400,89.4900,89.7100,6781,0
TIF.US,5,20131205,162500,89.7100,89.7100,89.1400,89.1400,27450,0
TIF.US,5,20131205,163000,89.1300,89.4000,89.0800,89.3500,21340,0
TIF.US,5,20131205,163500,89.3500,89.4100,89.2000,89.2000,13157,0
TIF.US,5,20131205,164000,89.2300,89.3700,89.1400,89.1600,10325,0
TIF.US,5,20131205,164500,89.1800,89.1900,88.9700,89.1600,15118,0
TIF.US,5,20131205,165000,89.0900,89.1700,89.0000,89.1000,24298,0
TIF.US,5,20131205,165500,89.0700,89.1800,89.0400,89.1400,4394,0
TIF.US,5,20131205,170000,89.0900,89.1600,89.0100,89.0600,10907,0
TIF.US,5,20131205,170500,89.0900,89.4000,89.0000,89.3700,25109,0
TIF.US,5,20131205,171000,89.3600,89.5000,89.2000,89.4700,51922,0
TIF.US,5,20131205,171500,89.4400,89.4900,89.2400,89.2900,9721,0
TIF.US,5,20131205,172000,89.3100,89.5000,89.3000,89.4200,7000,0
TIF.US,5,20131205,172500,89.4200,89.4500,89.3100,89.3100,9200,0
TIF.US,5,20131205,173000,89.3000,89.4700,89.3000,89.4500,20046,0
TIF.US,5,20131205,173500,89.4800,89.4800,89.2000,89.3300,13628,0
TIF.US,5,20131205,174000,89.2500,89.2900,89.1800,89.2500,8547,0
TIF.US,5,20131205,174500,89.2400,89.3600,89.2400,89.3600,10201,0
TIF.US,5,20131205,175000,89.4300,89.4300,89.2400,89.3200,16349,0
TIF.US,5,20131205,175500,89.2600,89.4700,89.2600,89.4200,11518,0
TIF.US,5,20131205,180000,89.4500,89.4500,89.3000,89.4500,11125,0
TIF.US,5,20131205,180500,89.4600,89.6200,89.4600,89.6200,7805,0
TIF.US,5,20131205,181000,89.6200,89.6400,89.5500,89.6400,10673,0
TIF.US,5,20131205,181500,89.6400,89.6800,89.5800,89.6000,17559,0
TIF.US,5,20131205,182000,89.6100,89.6200,89.6000,89.6200,7120,0
TIF.US,5,20131205,182500,89.6100,89.7000,89.6000,89.6200,5579,0
TIF.US,5,20131205,183000,89.6800,89.8500,89.6500,89.8400,28398,0
TIF.US,5,20131205,183500,89.8300,89.9200,89.8000,89.8600,33200,0
TIF.US,5,20131205,184000,89.8500,89.9200,89.8400,89.9200,5595,0
TIF.US,5,20131205,184500,89.9100,89.9300,89.8900,89.9200,6664,0
TIF.US,5,20131205,185000,89.9200,89.9900,89.8700,89.8700,64553,0
TIF.US,5,20131205,185500,89.9200,89.9900,89.8700,89.9900,20992,0
TIF.US,5,20131205,190000,89.9600,90.1300,89.9600,90.1000,19075,0
TIF.US,5,20131205,190500,90.1100,90.1200,90.0500,90.0600,4139,0
TIF.US,5,20131205,191000,90.0800,90.1200,90.0000,90.0000,9805,0
TIF.US,5,20131205,191500,89.9800,89.9800,89.8900,89.9300,6574,0
TIF.US,5,20131205,192000,89.8900,89.8900,89.7900,89.8300,8800,0
TIF.US,5,20131205,192500,89.7600,89.7900,89.6500,89.6700,3602,0
TIF.US,5,20131205,193000,89.6700,89.6800,89.5600,89.6000,7548,0
TIF.US,5,20131205,193500,89.5900,89.7700,89.5900,89.7600,5984,0
TIF.US,5,20131205,194000,89.7800,89.9800,89.7800,89.9600,7109,0
TIF.US,5,20131205,194500,89.9700,89.9900,89.9200,89.9300,12596,0
TIF.US,5,20131205,195000,89.9200,89.9300,89.8200,89.9100,11267,0
TIF.US,5,20131205,195500,89.9000,89.9300,89.7600,89.7900,9785,0
TIF.US,5,20131205,200000,89.7800,89.7900,89.6800,89.7300,8800,0
TIF.US,5,20131205,200500,89.7100,89.8200,89.7100,89.8200,4800,0
TIF.US,5,20131205,201000,89.8000,89.8400,89.6500,89.6900,10941,0
TIF.US,5,20131205,201500,89.6900,89.7100,89.6200,89.6400,5201,0
TIF.US,5,20131205,202000,89.6200,89.6200,89.5400,89.5700,7651,0
TIF.US,5,20131205,202500,89.5600,89.5800,89.5500,89.5500,4585,0
TIF.US,5,20131205,203000,89.5600,89.6700,89.5400,89.6700,7273,0
TIF.US,5,20131205,203500,89.6700,89.8500,89.6700,89.7900,11100,0
TIF.US,5,20131205,204000,89.7500,89.8200,89.7200,89.8200,10300,0
TIF.US,5,20131205,204500,89.8200,89.8700,89.7900,89.8300,7645,0
TIF.US,5,20131205,205000,89.8200,89.8200,89.6300,89.6400,7803,0
TIF.US,5,20131205,205500,89.6400,89.6400,89.5400,89.5400,5500,0
TIF.US,5,20131205,210000,89.5400,89.5600,89.4800,89.5400,8618,0
TIF.US,5,20131205,210500,89.5400,89.6500,89.4900,89.6400,23889,0
TIF.US,5,20131205,211000,89.6400,89.6900,89.6200,89.6700,9246,0
TIF.US,5,20131205,211500,89.6600,89.8000,89.6200,89.7500,45166,0
TIF.US,5,20131205,212000,89.7800,89.8000,89.7000,89.7600,14571,0
TIF.US,5,20131205,212500,89.7400,89.7800,89.7100,89.7600,10311,0
TIF.US,5,20131205,213000,89.7700,89.8000,89.6900,89.6900,7797,0
TIF.US,5,20131205,213500,89.6700,89.7800,89.6400,89.7800,10359,0
TIF.US,5,20131205,214000,89.7800,89.7900,89.7000,89.7400,19850,0
TIF.US,5,20131205,214500,89.7500,89.7500,89.5500,89.5500,19817,0
TIF.US,5,20131205,215000,89.5300,89.5500,89.4100,89.5100,39000,0
TIF.US,5,20131205,215500,89.5200,89.6900,89.5100,89.6800,34931,0
TIF.US,5,20131205,220000,89.6800,89.7400,89.6300,89.7100,53099,0
TIF.US,5,20131205,220500,89.7000,89.7000,89.7000,89.7000,67336,0
TIF.US,5,20131206,153500,90.4600,90.5200,90.0700,90.0700,14121,0
TIF.US,5,20131206,154000,90.1500,90.2700,89.9700,89.9700,13702,0
TIF.US,5,20131206,154500,89.9400,90.0500,89.6400,89.7900,12174,0
TIF.US,5,20131206,155000,89.7400,89.8600,89.6900,89.7200,13525,0
TIF.US,5,20131206,155500,89.7300,89.8300,89.6900,89.8100,30868,0
TIF.US,5,20131206,160000,89.7800,89.8400,89.5900,89.6200,18404,0
TIF.US,5,20131206,160500,89.6300,89.7800,89.6200,89.6500,28708,0
TIF.US,5,20131206,161000,89.6500,89.6600,89.4400,89.5900,25139,0
TIF.US,5,20131206,161500,89.5500,89.5800,89.2900,89.2900,9565,0
TIF.US,5,20131206,162000,89.2900,89.3600,89.2500,89.3300,15008,0
TIF.US,5,20131206,162500,89.3000,89.3300,89.1900,89.2400,10283,0
TIF.US,5,20131206,163000,89.2600,89.2600,89.0900,89.1500,5400,0
TIF.US,5,20131206,163500,89.1300,89.1600,89.0000,89.0700,13374,0
TIF.US,5,20131206,164000,89.0700,89.0800,88.8600,88.9100,13010,0
TIF.US,5,20131206,164500,88.9100,89.1400,88.8800,89.1200,13600,0
TIF.US,5,20131206,165000,89.0800,89.2200,89.0800,89.1500,10440,0
TIF.US,5,20131206,165500,89.1500,89.3200,89.1500,89.2600,8204,0
TIF.US,5,20131206,170000,89.2200,89.3600,89.2200,89.2900,8446,0
TIF.US,5,20131206,170500,89.3000,89.4500,89.2000,89.4500,43818,0
TIF.US,5,20131206,171000,89.4600,89.5000,89.4200,89.4500,6016,0
TIF.US,5,20131206,171500,89.4500,89.5100,89.3800,89.4600,12309,0
TIF.US,5,20131206,172000,89.5100,89.5400,89.3700,89.4200,15674,0
TIF.US,5,20131206,172500,89.3700,89.4100,89.3100,89.3600,8423,0
TIF.US,5,20131206,173000,89.3500,89.4900,89.3500,89.4700,4736,0
TIF.US,5,20131206,173500,89.4800,89.6400,89.4400,89.4400,11323,0
TIF.US,5,20131206,174000,89.4400,89.4800,89.3400,89.3900,6293,0
TIF.US,5,20131206,174500,89.3500,89.3800,89.2200,89.2800,40501,0
TIF.US,5,20131206,175000,89.3300,89.3700,89.2700,89.3300,8579,0
TIF.US,5,20131206,175500,89.3600,89.3600,89.1900,89.1900,10811,0
TIF.US,5,20131206,180000,89.1800,89.2900,89.1800,89.2200,5794,0
TIF.US,5,20131206,180500,89.2300,89.3600,89.2200,89.3500,10200,0
TIF.US,5,20131206,181000,89.3600,89.3900,89.3300,89.3400,4200,0
TIF.US,5,20131206,181500,89.3700,89.4600,89.3500,89.4600,8384,0
TIF.US,5,20131206,182000,89.5000,89.5000,89.4000,89.4500,5500,0
TIF.US,5,20131206,182500,89.4200,89.4900,89.3900,89.4100,9700,0
TIF.US,5,20131206,183000,89.4100,89.5300,89.4000,89.5300,7215,0
TIF.US,5,20131206,183500,89.5500,89.5500,89.4000,89.4000,6629,0
TIF.US,5,20131206,184000,89.4100,89.5400,89.4100,89.5400,6754,0
TIF.US,5,20131206,184500,89.5500,89.5700,89.5200,89.5600,4200,0
TIF.US,5,20131206,185000,89.5600,89.5900,89.5100,89.5500,14229,0
TIF.US,5,20131206,185500,89.5200,89.5400,89.4800,89.4800,5782,0
TIF.US,5,20131206,190000,89.4700,89.4900,89.4000,89.4900,6300,0
TIF.US,5,20131206,190500,89.4800,89.5100,89.4700,89.5000,4200,0
TIF.US,5,20131206,191000,89.5100,89.5300,89.4200,89.4700,4800,0
TIF.US,5,20131206,191500,89.4600,89.4600,89.4500,89.4500,600,0
TIF.US,5,20131206,192000,89.4500,89.5100,89.4500,89.4900,4360,0
TIF.US,5,20131206,192500,89.4900,89.5300,89.4500,89.4500,1800,0
TIF.US,5,20131206,193000,89.4300,89.4600,89.3900,89.4200,3700,0
TIF.US,5,20131206,193500,89.4300,89.5200,89.4200,89.4500,9985,0
TIF.US,5,20131206,194000,89.4400,89.5300,89.4400,89.5300,5320,0
TIF.US,5,20131206,194500,89.5400,89.6200,89.5300,89.5400,2800,0
TIF.US,5,20131206,195000,89.5500,89.6000,89.5500,89.5800,4147,0
TIF.US,5,20131206,195500,89.5800,89.6100,89.5400,89.5500,16678,0
TIF.US,5,20131206,200000,89.6000,89.6200,89.5400,89.5600,3409,0
TIF.US,5,20131206,200500,89.5800,89.6100,89.5500,89.5700,2275,0
TIF.US,5,20131206,201000,89.5700,89.6100,89.5700,89.6100,3158,0
TIF.US,5,20131206,201500,89.5900,89.5900,89.5600,89.5600,1800,0
TIF.US,5,20131206,202000,89.5700,89.5800,89.5100,89.5200,4700,0
TIF.US,5,20131206,202500,89.5000,89.5000,89.4300,89.4400,4390,0
TIF.US,5,20131206,203000,89.4400,89.4700,89.4200,89.4500,6800,0
TIF.US,5,20131206,203500,89.4600,89.5600,89.4600,89.5300,4500,0
TIF.US,5,20131206,204000,89.5200,89.5300,89.4300,89.4600,5356,0
TIF.US,5,20131206,204500,89.4500,89.5400,89.4500,89.5200,14272,0
TIF.US,5,20131206,205000,89.5200,89.5500,89.4900,89.5200,4518,0
TIF.US,5,20131206,205500,89.5100,89.5100,89.4400,89.4400,3900,0
TIF.US,5,20131206,210000,89.4400,89.4900,89.4300,89.4800,6700,0
TIF.US,5,20131206,210500,89.5000,89.5100,89.4400,89.5000,7199,0
TIF.US,5,20131206,211000,89.5100,89.5100,89.4400,89.4400,10303,0
TIF.US,5,20131206,211500,89.4400,89.5500,89.4300,89.5500,8898,0
TIF.US,5,20131206,212000,89.5500,89.5500,89.4800,89.5200,8274,0
TIF.US,5,20131206,212500,89.5200,89.5800,89.5000,89.5600,9170,0
TIF.US,5,20131206,213000,89.5700,89.5700,89.4800,89.5000,8256,0
TIF.US,5,20131206,213500,89.4900,89.6100,89.4900,89.6000,22715,0
TIF.US,5,20131206,214000,89.5900,89.6100,89.4400,89.4600,15100,0
TIF.US,5,20131206,214500,89.4700,89.5200,89.4200,89.5100,25151,0
TIF.US,5,20131206,215000,89.5000,89.5800,89.4900,89.5800,54652,0
TIF.US,5,20131206,215500,89.5900,89.6500,89.5500,89.6400,24040,0
TIF.US,5,20131206,220000,89.6400,89.7200,89.6100,89.6800,50157,0
TIF.US,5,20131206,220500,89.7000,89.7000,89.7000,89.7000,78272,0
TIF.US,5,20131209,153500,90.0000,90.6100,89.8600,90.5000,36837,0
TIF.US,5,20131209,154000,90.5100,90.5300,90.2800,90.4900,11443,0
TIF.US,5,20131209,154500,90.4300,90.4400,90.1900,90.2900,32821,0
TIF.US,5,20131209,155000,90.3000,90.3800,90.2200,90.3200,10378,0
TIF.US,5,20131209,155500,90.3200,90.8500,90.3100,90.8300,55391,0
TIF.US,5,20131209,160000,90.8100,90.9300,90.8000,90.8900,26050,0
TIF.US,5,20131209,160500,90.8000,90.9200,90.6900,90.7100,21500,0
TIF.US,5,20131209,161000,90.7200,90.7600,90.5900,90.6800,19125,0
TIF.US,5,20131209,161500,90.6800,90.7000,90.6400,90.6400,8672,0
TIF.US,5,20131209,162000,90.6100,90.6900,90.5900,90.6200,13163,0
TIF.US,5,20131209,162500,90.5800,90.6200,90.4400,90.4800,12075,0
TIF.US,5,20131209,163000,90.4400,90.4500,90.3800,90.4400,6900,0
TIF.US,5,20131209,163500,90.4300,90.4400,90.3000,90.3500,4674,0
TIF.US,5,20131209,164000,90.3200,90.4400,90.2600,90.4400,11700,0
TIF.US,5,20131209,164500,90.4400,90.4600,90.4100,90.4400,4760,0
TIF.US,5,20131209,165000,90.4400,90.4400,90.2800,90.2800,3330,0
TIF.US,5,20131209,165500,90.2800,90.3600,90.2700,90.3400,4192,0
TIF.US,5,20131209,170000,90.3600,90.3800,90.2700,90.2700,11717,0
TIF.US,5,20131209,170500,90.2900,90.3000,90.1500,90.1600,7200,0
TIF.US,5,20131209,171000,90.1500,90.2700,90.1400,90.2700,3769,0
TIF.US,5,20131209,171500,90.2600,90.2600,90.1200,90.1600,30215,0
TIF.US,5,20131209,172000,90.2100,90.4000,90.1600,90.3700,71750,0
TIF.US,5,20131209,172500,90.3700,90.4000,90.3300,90.3900,6706,0
TIF.US,5,20131209,173000,90.4100,90.4700,90.4100,90.4700,7050,0
TIF.US,5,20131209,173500,90.4600,90.4900,90.3400,90.3900,8102,0
TIF.US,5,20131209,174000,90.3700,90.4200,90.3000,90.3900,117683,0
TIF.US,5,20131209,174500,90.4200,90.4200,90.3800,90.3800,3300,0
TIF.US,5,20131209,175000,90.3900,90.5000,90.3600,90.5000,8145,0
TIF.US,5,20131209,175500,90.5100,90.6000,90.5100,90.5900,5440,0
TIF.US,5,20131209,180000,90.5700,90.5900,90.5500,90.5900,5478,0
TIF.US,5,20131209,180500,90.5900,90.6600,90.5800,90.6000,9282,0
TIF.US,5,20131209,181000,90.5600,90.5900,90.4300,90.4400,3300,0
TIF.US,5,20131209,181500,90.4300,90.4300,90.2800,90.2800,5000,0
TIF.US,5,20131209,182000,90.2900,90.3000,90.2300,90.2700,9600,0
TIF.US,5,20131209,182500,90.2700,90.3700,90.2700,90.3600,4938,0
TIF.US,5,20131209,183000,90.3500,90.3900,90.3100,90.3100,4800,0
TIF.US,5,20131209,183500,90.3200,90.3300,90.3100,90.3100,1800,0
TIF.US,5,20131209,184000,90.3000,90.3000,90.2300,90.2300,2308,0
TIF.US,5,20131209,184500,90.2500,90.3000,90.2300,90.2900,4400,0
TIF.US,5,20131209,185000,90.2900,90.3400,90.2900,90.3400,12118,0
TIF.US,5,20131209,185500,90.3400,90.3900,90.3400,90.3700,4400,0
TIF.US,5,20131209,190000,90.3600,90.3800,90.3500,90.3500,4859,0
TIF.US,5,20131209,190500,90.3500,90.4000,90.2900,90.2900,7500,0
TIF.US,5,20131209,191000,90.2800,90.2800,90.1700,90.2000,5938,0
TIF.US,5,20131209,191500,90.2300,90.2500,90.2300,90.2500,2000,0
TIF.US,5,20131209,192000,90.2500,90.3100,90.2400,90.3100,6254,0
TIF.US,5,20131209,192500,90.3400,90.4600,90.3400,90.4600,6413,0
TIF.US,5,20131209,193000,90.4500,90.4800,90.3900,90.3900,11414,0
TIF.US,5,20131209,193500,90.4000,90.4000,90.3000,90.3700,8890,0
TIF.US,5,20131209,194000,90.3400,90.3400,90.2600,90.2600,1800,0
TIF.US,5,20131209,194500,90.2900,90.3100,90.2700,90.2700,3000,0
TIF.US,5,20131209,195000,90.2700,90.3300,90.2100,90.3300,5134,0
TIF.US,5,20131209,195500,90.3100,90.3100,90.2000,90.2100,10859,0
TIF.US,5,20131209,200000,90.2100,90.2400,90.1700,90.1800,3220,0
TIF.US,5,20131209,200500,90.2100,90.2100,90.1400,90.1500,3830,0
TIF.US,5,20131209,201000,90.1300,90.1300,90.1000,90.1000,4500,0
TIF.US,5,20131209,201500,90.0900,90.0900,90.0600,90.0800,1800,0
TIF.US,5,20131209,202000,90.0800,90.1200,90.0300,90.0400,6306,0
TIF.US,5,20131209,202500,90.0300,90.0600,90.0100,90.0600,8188,0
TIF.US,5,20131209,203000,90.0600,90.1500,90.0500,90.1500,5743,0
TIF.US,5,20131209,203500,90.1400,90.1600,90.1300,90.1500,5456,0
TIF.US,5,20131209,204000,90.1500,90.1500,90.0600,90.0700,20482,0
TIF.US,5,20131209,204500,90.0600,90.0800,90.0300,90.0700,7305,0
TIF.US,5,20131209,205000,90.0700,90.1400,90.0400,90.1400,7109,0
TIF.US,5,20131209,205500,90.1400,90.2000,90.1300,90.1500,8500,0
TIF.US,5,20131209,210000,90.1500,90.1800,90.1300,90.1800,6354,0
TIF.US,5,20131209,210500,90.1900,90.1900,90.1400,90.1500,6100,0
TIF.US,5,20131209,211000,90.1500,90.1700,90.1100,90.1100,10500,0
TIF.US,5,20131209,211500,90.1200,90.2300,90.1100,90.2300,10546,0
TIF.US,5,20131209,212000,90.2500,90.2500,90.2000,90.2100,7116,0
TIF.US,5,20131209,212500,90.2000,90.2200,90.1600,90.1800,15264,0
TIF.US,5,20131209,213000,90.1800,90.1800,90.0400,90.0700,9500,0
TIF.US,5,20131209,213500,90.0500,90.1300,90.0400,90.0900,14258,0
TIF.US,5,20131209,214000,90.0900,90.1300,90.0800,90.0900,21100,0
TIF.US,5,20131209,214500,90.0800,90.1000,90.0500,90.1000,14225,0
TIF.US,5,20131209,215000,90.1200,90.3100,90.1200,90.2800,21361,0
TIF.US,5,20131209,215500,90.2700,90.3100,90.2200,90.3100,30707,0
TIF.US,5,20131209,220000,90.3000,90.3500,90.2700,90.3500,47328,0
TIF.US,5,20131209,220500,90.3300,90.3300,90.3300,90.3300,173655,0
