<TICKER>,<PER>,<DTYYYYMMDD>,<TIME>,<OPEN>,<HIGH>,<LOW>,<CLOSE>,<VOL>,<OPENINT>
UMH.US,5,20131112,153500,9.9300,9.9300,9.9300,9.9300,400,0
UMH.US,5,20131112,155000,9.9400,9.9400,9.8700,9.9000,1380,0
UMH.US,5,20131112,155500,9.8800,9.8800,9.8500,9.8600,1000,0
UMH.US,5,20131112,161500,9.9000,9.9000,9.8900,9.8900,800,0
UMH.US,5,20131112,162000,9.9200,9.9200,9.8800,9.9200,2151,0
UMH.US,5,20131112,162500,9.9200,9.9300,9.9200,9.9300,1004,0
UMH.US,5,20131112,163000,9.9200,9.9200,9.9200,9.9200,350,0
UMH.US,5,20131112,164000,9.9200,9.9300,9.9200,9.9300,900,0
UMH.US,5,20131112,165000,9.9200,9.9200,9.9000,9.9000,1392,0
UMH.US,5,20131112,170000,9.9200,9.9200,9.9000,9.9000,1100,0
UMH.US,5,20131112,170500,9.9000,9.9000,9.9000,9.9000,4377,0
UMH.US,5,20131112,171000,9.9200,9.9200,9.9200,9.9200,200,0
UMH.US,5,20131112,171500,9.9100,9.9100,9.9100,9.9100,300,0
UMH.US,5,20131112,172000,9.9200,9.9500,9.9200,9.9500,2400,0
UMH.US,5,20131112,173500,9.9400,9.9400,9.9400,9.9400,300,0
UMH.US,5,20131112,180500,9.9400,9.9400,9.9400,9.9400,700,0
UMH.US,5,20131112,182000,9.9400,9.9500,9.9400,9.9500,1850,0
UMH.US,5,20131112,183000,9.9600,9.9900,9.9500,9.9900,3350,0
UMH.US,5,20131112,183500,9.9900,9.9900,9.9900,9.9900,900,0
UMH.US,5,20131112,190000,9.9700,9.9800,9.9700,9.9800,2000,0
UMH.US,5,20131112,192000,9.9800,9.9800,9.9800,9.9800,100,0
UMH.US,5,20131112,193500,9.9800,9.9800,9.9800,9.9800,400,0
UMH.US,5,20131112,194000,9.9800,9.9800,9.9800,9.9800,575,0
UMH.US,5,20131112,194500,9.9800,9.9900,9.9800,9.9900,300,0
UMH.US,5,20131112,195000,9.9900,9.9900,9.9800,9.9800,700,0
UMH.US,5,20131112,200500,9.9700,9.9800,9.9700,9.9800,599,0
UMH.US,5,20131112,201000,9.9700,9.9900,9.9400,9.9900,3596,0
UMH.US,5,20131112,202000,9.9600,9.9600,9.9600,9.9600,200,0
UMH.US,5,20131112,203000,9.9700,9.9700,9.9700,9.9700,100,0
UMH.US,5,20131112,203500,9.9700,9.9700,9.9700,9.9700,900,0
UMH.US,5,20131112,204500,9.9400,9.9500,9.9400,9.9500,3200,0
UMH.US,5,20131112,205500,9.9500,9.9500,9.9500,9.9500,1000,0
UMH.US,5,20131112,210500,9.9400,9.9400,9.9400,9.9400,100,0
UMH.US,5,20131112,211000,9.9400,9.9400,9.9100,9.9100,400,0
UMH.US,5,20131112,211500,9.9200,9.9200,9.9200,9.9200,590,0
UMH.US,5,20131112,212000,9.9100,9.9100,9.9000,9.9000,990,0
UMH.US,5,20131112,213000,9.9000,9.9000,9.9000,9.9000,400,0
UMH.US,5,20131112,213500,9.9000,9.9100,9.9000,9.9100,700,0
UMH.US,5,20131112,214000,9.9000,9.9200,9.9000,9.9000,2700,0
UMH.US,5,20131112,214500,9.9100,9.9100,9.9000,9.9100,1700,0
UMH.US,5,20131112,215000,9.9100,9.9200,9.9000,9.9000,2730,0
UMH.US,5,20131112,215500,9.9100,9.9100,9.9000,9.9000,3600,0
UMH.US,5,20131112,220000,9.9000,9.9300,9.9000,9.9300,12196,0
UMH.US,5,20131112,220500,9.9100,9.9100,9.9100,9.9100,2920,0
UMH.US,5,20131113,153500,9.6700,9.7300,9.6700,9.7300,1900,0
UMH.US,5,20131113,154500,9.7100,9.7200,9.7000,9.7000,5500,0
UMH.US,5,20131113,155000,9.7000,9.7000,9.6900,9.6900,617,0
UMH.US,5,20131113,155500,9.7000,9.7000,9.7000,9.7000,600,0
UMH.US,5,20131113,160000,9.7200,9.7200,9.7000,9.7000,500,0
UMH.US,5,20131113,161000,9.7100,9.7100,9.7100,9.7100,464,0
UMH.US,5,20131113,161500,9.7200,9.7200,9.7100,9.7100,1044,0
UMH.US,5,20131113,163000,9.7000,9.7000,9.7000,9.7000,200,0
UMH.US,5,20131113,163500,9.6900,9.6900,9.6900,9.6900,100,0
UMH.US,5,20131113,164000,9.6900,9.6900,9.6800,9.6900,2000,0
UMH.US,5,20131113,164500,9.6800,9.6800,9.6800,9.6800,500,0
UMH.US,5,20131113,165500,9.6800,9.7300,9.6800,9.7300,1959,0
UMH.US,5,20131113,170000,9.7200,9.7200,9.6800,9.6800,3900,0
UMH.US,5,20131113,170500,9.7000,9.7100,9.6900,9.6900,2625,0
UMH.US,5,20131113,172000,9.7000,9.7000,9.7000,9.7000,700,0
UMH.US,5,20131113,172500,9.7000,9.7000,9.7000,9.7000,1450,0
UMH.US,5,20131113,173500,9.6900,9.6900,9.6900,9.6900,200,0
UMH.US,5,20131113,174000,9.6900,9.6900,9.6900,9.6900,100,0
UMH.US,5,20131113,180000,9.6700,9.6700,9.6700,9.6700,100,0
UMH.US,5,20131113,181500,9.7000,9.7000,9.7000,9.7000,400,0
UMH.US,5,20131113,182000,9.7000,9.7000,9.7000,9.7000,4500,0
UMH.US,5,20131113,183500,9.7000,9.7100,9.7000,9.7100,1700,0
UMH.US,5,20131113,184000,9.7200,9.7200,9.7100,9.7100,850,0
UMH.US,5,20131113,185500,9.7100,9.7100,9.7100,9.7100,500,0
UMH.US,5,20131113,190000,9.7200,9.7200,9.7100,9.7100,300,0
UMH.US,5,20131113,191000,9.7200,9.7200,9.7000,9.7000,800,0
UMH.US,5,20131113,192500,9.7200,9.7200,9.7000,9.7100,3635,0
UMH.US,5,20131113,193500,9.7000,9.7000,9.7000,9.7000,200,0
UMH.US,5,20131113,194500,9.7000,9.7000,9.7000,9.7000,2000,0
UMH.US,5,20131113,195000,9.7200,9.7200,9.7200,9.7200,4042,0
UMH.US,5,20131113,195500,9.6800,9.6800,9.6800,9.6800,100,0
UMH.US,5,20131113,200500,9.7200,9.7200,9.7000,9.7000,1100,0
UMH.US,5,20131113,201000,9.6800,9.6800,9.6800,9.6800,200,0
UMH.US,5,20131113,201500,9.6900,9.6900,9.6900,9.6900,100,0
UMH.US,5,20131113,202500,9.6900,9.6900,9.6900,9.6900,200,0
UMH.US,5,20131113,203000,9.7100,9.7100,9.7100,9.7100,100,0
UMH.US,5,20131113,203500,9.6900,9.6900,9.6900,9.6900,1000,0
UMH.US,5,20131113,204000,9.7200,9.7200,9.6900,9.6900,2650,0
UMH.US,5,20131113,204500,9.7000,9.7100,9.7000,9.7100,1300,0
UMH.US,5,20131113,205000,9.7000,9.7000,9.7000,9.7000,100,0
UMH.US,5,20131113,210000,9.6900,9.6900,9.6900,9.6900,500,0
UMH.US,5,20131113,210500,9.7000,9.7000,9.7000,9.7000,300,0
UMH.US,5,20131113,211000,9.6800,9.7100,9.6800,9.7100,800,0
UMH.US,5,20131113,211500,9.7100,9.7100,9.7100,9.7100,1000,0
UMH.US,5,20131113,212000,9.7100,9.7100,9.6800,9.6800,2185,0
UMH.US,5,20131113,212500,9.7100,9.7100,9.6800,9.6800,1100,0
UMH.US,5,20131113,213000,9.7100,9.7100,9.6900,9.7100,1200,0
UMH.US,5,20131113,213500,9.7000,9.7100,9.6900,9.7100,813,0
UMH.US,5,20131113,214000,9.6900,9.7100,9.6900,9.7100,2975,0
UMH.US,5,20131113,214500,9.7100,9.7100,9.7000,9.7000,900,0
UMH.US,5,20131113,215000,9.7100,9.7100,9.7000,9.7000,2000,0
UMH.US,5,20131113,215500,9.7100,9.7100,9.6900,9.7000,2540,0
UMH.US,5,20131113,220000,9.7000,9.7100,9.6900,9.7000,5842,0
UMH.US,5,20131113,220500,9.6900,9.6900,9.6900,9.6900,3706,0
UMH.US,5,20131114,153500,9.6200,9.6300,9.6200,9.6300,900,0
UMH.US,5,20131114,154000,9.6500,9.6500,9.6500,9.6500,1705,0
UMH.US,5,20131114,154500,9.6300,9.6300,9.6300,9.6300,200,0
UMH.US,5,20131114,155000,9.6400,9.6400,9.6300,9.6300,410,0
UMH.US,5,20131114,155500,9.6200,9.6300,9.6200,9.6300,4100,0
UMH.US,5,20131114,160000,9.6300,9.6500,9.6300,9.6400,2420,0
UMH.US,5,20131114,160500,9.6500,9.6500,9.6400,9.6400,300,0
UMH.US,5,20131114,161000,9.6400,9.6500,9.6400,9.6400,800,0
UMH.US,5,20131114,162500,9.6400,9.6400,9.6400,9.6400,300,0
UMH.US,5,20131114,163000,9.6400,9.6400,9.6100,9.6200,1135,0
UMH.US,5,20131114,163500,9.6100,9.6100,9.6000,9.6000,577,0
UMH.US,5,20131114,164000,9.6200,9.6200,9.6200,9.6200,500,0
UMH.US,5,20131114,165500,9.6400,9.6400,9.6400,9.6400,1500,0
UMH.US,5,20131114,171000,9.6400,9.6400,9.6400,9.6400,600,0
UMH.US,5,20131114,171500,9.6400,9.6400,9.6400,9.6400,300,0
UMH.US,5,20131114,172000,9.6400,9.6400,9.6400,9.6400,100,0
UMH.US,5,20131114,172500,9.6400,9.6400,9.6200,9.6400,400,0
UMH.US,5,20131114,174000,9.6400,9.6400,9.6400,9.6400,2500,0
UMH.US,5,20131114,175000,9.6400,9.6400,9.6400,9.6400,2000,0
UMH.US,5,20131114,175500,9.6200,9.6500,9.6100,9.6400,3044,0
UMH.US,5,20131114,180500,9.6400,9.6400,9.6400,9.6400,100,0
UMH.US,5,20131114,181500,9.6400,9.6500,9.6200,9.6500,2653,0
UMH.US,5,20131114,182000,9.6500,9.6500,9.6400,9.6400,1400,0
UMH.US,5,20131114,184000,9.6300,9.6300,9.6300,9.6300,400,0
UMH.US,5,20131114,191000,9.6300,9.6300,9.6300,9.6300,550,0
UMH.US,5,20131114,193000,9.6300,9.6300,9.6300,9.6300,225,0
UMH.US,5,20131114,193500,9.6200,9.6200,9.6200,9.6200,200,0
UMH.US,5,20131114,200500,9.6100,9.6100,9.6100,9.6100,100,0
UMH.US,5,20131114,201000,9.6100,9.6100,9.5800,9.5800,3359,0
UMH.US,5,20131114,201500,9.6200,9.6200,9.5900,9.5900,500,0
UMH.US,5,20131114,203500,9.6100,9.6100,9.6100,9.6100,2200,0
UMH.US,5,20131114,204000,9.6200,9.6200,9.6200,9.6200,300,0
UMH.US,5,20131114,205000,9.6000,9.6100,9.6000,9.6100,1900,0
UMH.US,5,20131114,205500,9.5900,9.5900,9.5900,9.5900,100,0
UMH.US,5,20131114,210000,9.6000,9.6000,9.6000,9.6000,100,0
UMH.US,5,20131114,210500,9.6200,9.6200,9.6000,9.6000,2520,0
UMH.US,5,20131114,211000,9.6300,9.6300,9.6000,9.6200,12200,0
UMH.US,5,20131114,211500,9.6000,9.6000,9.5800,9.6000,300,0
UMH.US,5,20131114,212000,9.6000,9.6000,9.6000,9.6000,946,0
UMH.US,5,20131114,212500,9.5900,9.6000,9.5800,9.5800,615,0
UMH.US,5,20131114,213000,9.5800,9.5900,9.5800,9.5900,200,0
UMH.US,5,20131114,213500,9.5900,9.5900,9.5800,9.5900,1200,0
UMH.US,5,20131114,214000,9.6000,9.6000,9.5900,9.5900,1500,0
UMH.US,5,20131114,214500,9.6000,9.6000,9.6000,9.6000,200,0
UMH.US,5,20131114,215000,9.6000,9.6100,9.6000,9.6100,2301,0
UMH.US,5,20131114,215500,9.6100,9.6200,9.6000,9.6200,3424,0
UMH.US,5,20131114,220000,9.6200,9.6200,9.6000,9.6100,13329,0
UMH.US,5,20131114,220500,9.6000,9.6000,9.6000,9.6000,2793,0
UMH.US,5,20131115,153500,9.5700,9.5700,9.5700,9.5700,300,0
UMH.US,5,20131115,154000,9.5500,9.5500,9.5500,9.5500,581,0
UMH.US,5,20131115,154500,9.5200,9.5200,9.5200,9.5200,100,0
UMH.US,5,20131115,155000,9.5200,9.5400,9.5200,9.5300,2402,0
UMH.US,5,20131115,160000,9.5300,9.5300,9.5200,9.5200,1700,0
UMH.US,5,20131115,160500,9.5400,9.5400,9.4900,9.4900,4857,0
UMH.US,5,20131115,161500,9.5300,9.5300,9.5200,9.5300,1100,0
UMH.US,5,20131115,162500,9.5100,9.5200,9.5000,9.5100,3100,0
UMH.US,5,20131115,163000,9.5200,9.5200,9.5000,9.5000,1322,0
UMH.US,5,20131115,163500,9.5100,9.5100,9.5100,9.5100,925,0
UMH.US,5,20131115,164000,9.5000,9.5000,9.4900,9.4900,6214,0
UMH.US,5,20131115,164500,9.4900,9.5000,9.4900,9.5000,900,0
UMH.US,5,20131115,165000,9.5000,9.5000,9.4900,9.4900,5185,0
UMH.US,5,20131115,165500,9.4900,9.5000,9.4900,9.5000,3450,0
UMH.US,5,20131115,170500,9.5000,9.5200,9.4900,9.5200,1408,0
UMH.US,5,20131115,172000,9.5200,9.5200,9.5200,9.5200,100,0
UMH.US,5,20131115,172500,9.5000,9.5100,9.5000,9.5100,7700,0
UMH.US,5,20131115,173000,9.5100,9.5200,9.5000,9.5000,810,0
UMH.US,5,20131115,173500,9.5000,9.5000,9.5000,9.5000,800,0
UMH.US,5,20131115,174000,9.4900,9.5000,9.4800,9.5000,1801,0
UMH.US,5,20131115,174500,9.5000,9.5000,9.5000,9.5000,967,0
UMH.US,5,20131115,175000,9.5000,9.5000,9.5000,9.5000,9000,0
UMH.US,5,20131115,175500,9.5000,9.5000,9.4900,9.5000,800,0
UMH.US,5,20131115,181000,9.4800,9.4900,9.4800,9.4900,3600,0
UMH.US,5,20131115,181500,9.4900,9.4900,9.4900,9.4900,100,0
UMH.US,5,20131115,182500,9.4800,9.4800,9.4800,9.4800,500,0
UMH.US,5,20131115,183000,9.4900,9.4900,9.4900,9.4900,500,0
UMH.US,5,20131115,183500,9.5000,9.5000,9.4800,9.4800,200,0
UMH.US,5,20131115,184000,9.4900,9.4900,9.4900,9.4900,300,0
UMH.US,5,20131115,184500,9.4900,9.4900,9.4900,9.4900,100,0
UMH.US,5,20131115,185000,9.4800,9.4800,9.4800,9.4800,100,0
UMH.US,5,20131115,185500,9.4900,9.4900,9.4600,9.4600,6400,0
UMH.US,5,20131115,190500,9.4700,9.4700,9.4700,9.4700,1500,0
UMH.US,5,20131115,191000,9.4700,9.4700,9.4700,9.4700,100,0
UMH.US,5,20131115,192500,9.4700,9.4700,9.4700,9.4700,100,0
UMH.US,5,20131115,193000,9.4700,9.4800,9.4700,9.4800,1520,0
UMH.US,5,20131115,193500,9.4700,9.4700,9.4700,9.4700,600,0
UMH.US,5,20131115,194000,9.4700,9.4700,9.4700,9.4700,1200,0
UMH.US,5,20131115,194500,9.4600,9.4600,9.4600,9.4600,650,0
UMH.US,5,20131115,200500,9.4600,9.4700,9.4600,9.4700,892,0
UMH.US,5,20131115,201000,9.4600,9.4600,9.4600,9.4600,1000,0
UMH.US,5,20131115,201500,9.4700,9.4700,9.4700,9.4700,100,0
UMH.US,5,20131115,202000,9.4600,9.4700,9.4600,9.4700,1000,0
UMH.US,5,20131115,202500,9.4800,9.4800,9.4800,9.4800,1100,0
UMH.US,5,20131115,203000,9.4800,9.4800,9.4600,9.4800,566,0
UMH.US,5,20131115,203500,9.4800,9.4800,9.4600,9.4800,4548,0
UMH.US,5,20131115,204000,9.4800,9.4900,9.4600,9.4600,6817,0
UMH.US,5,20131115,204500,9.4800,9.4800,9.4600,9.4600,400,0
UMH.US,5,20131115,205000,9.4700,9.4700,9.4700,9.4700,100,0
UMH.US,5,20131115,205500,9.4800,9.4800,9.4700,9.4700,2300,0
UMH.US,5,20131115,210000,9.4600,9.4800,9.4600,9.4800,11600,0
UMH.US,5,20131115,211000,9.4700,9.4700,9.4600,9.4600,1500,0
UMH.US,5,20131115,211500,9.4500,9.4600,9.4500,9.4500,4800,0
UMH.US,5,20131115,212000,9.4500,9.4500,9.4500,9.4500,400,0
UMH.US,5,20131115,213000,9.4600,9.4600,9.4600,9.4600,200,0
UMH.US,5,20131115,213500,9.4600,9.4600,9.4300,9.4400,1300,0
UMH.US,5,20131115,214000,9.4300,9.4400,9.4300,9.4400,2900,0
UMH.US,5,20131115,214500,9.4400,9.4400,9.4300,9.4400,800,0
UMH.US,5,20131115,215000,9.4300,9.4500,9.4300,9.4500,1418,0
UMH.US,5,20131115,215500,9.4500,9.4500,9.4300,9.4500,1334,0
UMH.US,5,20131115,220000,9.4400,9.4400,9.4300,9.4400,1924,0
UMH.US,5,20131115,221000,9.4400,9.4400,9.4400,9.4400,5227,0
UMH.US,5,20131118,153500,9.4500,9.4500,9.4500,9.4500,400,0
UMH.US,5,20131118,154500,9.4800,9.4800,9.4600,9.4600,464,0
UMH.US,5,20131118,155500,9.4800,9.4900,9.4800,9.4900,2458,0
UMH.US,5,20131118,160000,9.4800,9.4900,9.4800,9.4900,1200,0
UMH.US,5,20131118,161000,9.4600,9.4600,9.4500,9.4500,350,0
UMH.US,5,20131118,161500,9.4600,9.4600,9.4600,9.4600,1200,0
UMH.US,5,20131118,162000,9.4600,9.4600,9.4600,9.4600,200,0
UMH.US,5,20131118,162500,9.4800,9.4800,9.4500,9.4700,2200,0
UMH.US,5,20131118,163500,9.4500,9.4600,9.4000,9.4600,2588,0
UMH.US,5,20131118,165000,9.4500,9.4500,9.4000,9.4000,2000,0
UMH.US,5,20131118,165500,9.4400,9.4400,9.4400,9.4400,500,0
UMH.US,5,20131118,170500,9.4400,9.4400,9.4400,9.4400,100,0
UMH.US,5,20131118,171000,9.4000,9.4300,9.4000,9.4300,301,0
UMH.US,5,20131118,171500,9.4300,9.4300,9.4100,9.4100,200,0
UMH.US,5,20131118,172500,9.4300,9.4300,9.4200,9.4200,300,0
UMH.US,5,20131118,173000,9.4200,9.4200,9.4200,9.4200,400,0
UMH.US,5,20131118,173500,9.4300,9.4300,9.4100,9.4200,2650,0
UMH.US,5,20131118,174000,9.4300,9.4300,9.4300,9.4300,5900,0
UMH.US,5,20131118,174500,9.4100,9.4100,9.4100,9.4100,500,0
UMH.US,5,20131118,175000,9.4100,9.4100,9.4100,9.4100,1100,0
UMH.US,5,20131118,175500,9.4200,9.4200,9.3800,9.4000,1890,0
UMH.US,5,20131118,180000,9.3900,9.3900,9.3900,9.3900,200,0
UMH.US,5,20131118,180500,9.4000,9.4000,9.3900,9.3900,1400,0
UMH.US,5,20131118,181500,9.3800,9.3800,9.3800,9.3800,150,0
UMH.US,5,20131118,183500,9.4100,9.4100,9.4100,9.4100,500,0
UMH.US,5,20131118,184000,9.4200,9.4200,9.4200,9.4200,100,0
UMH.US,5,20131118,184500,9.4200,9.4200,9.4200,9.4200,300,0
UMH.US,5,20131118,185000,9.4200,9.4200,9.4100,9.4100,1050,0
UMH.US,5,20131118,185500,9.4100,9.4100,9.4100,9.4100,243,0
UMH.US,5,20131118,190000,9.4100,9.4200,9.4100,9.4100,1444,0
UMH.US,5,20131118,190500,9.4100,9.4100,9.4100,9.4100,687,0
UMH.US,5,20131118,191000,9.4100,9.4100,9.4100,9.4100,350,0
UMH.US,5,20131118,191500,9.4200,9.4200,9.4200,9.4200,300,0
UMH.US,5,20131118,193500,9.4200,9.4200,9.4100,9.4200,1632,0
UMH.US,5,20131118,194000,9.4100,9.4200,9.4100,9.4200,600,0
UMH.US,5,20131118,200000,9.4200,9.4200,9.4100,9.4100,1100,0
UMH.US,5,20131118,200500,9.4100,9.4200,9.4100,9.4200,300,0
UMH.US,5,20131118,201000,9.4200,9.4200,9.4100,9.4100,200,0
UMH.US,5,20131118,201500,9.4200,9.4200,9.4100,9.4100,1050,0
UMH.US,5,20131118,202000,9.4200,9.4300,9.4200,9.4200,2000,0
UMH.US,5,20131118,203000,9.4300,9.4300,9.4200,9.4300,300,0
UMH.US,5,20131118,204000,9.4300,9.4300,9.4200,9.4200,200,0
UMH.US,5,20131118,205500,9.4300,9.4400,9.4300,9.4300,600,0
UMH.US,5,20131118,210000,9.4200,9.4400,9.4200,9.4300,1300,0
UMH.US,5,20131118,210500,9.4300,9.4300,9.4300,9.4300,400,0
UMH.US,5,20131118,211000,9.4200,9.4200,9.4200,9.4200,300,0
UMH.US,5,20131118,211500,9.4200,9.4200,9.4100,9.4100,1497,0
UMH.US,5,20131118,212000,9.4100,9.4100,9.4000,9.4000,200,0
UMH.US,5,20131118,212500,9.4000,9.4000,9.4000,9.4000,1000,0
UMH.US,5,20131118,213000,9.4000,9.4000,9.4000,9.4000,1400,0
UMH.US,5,20131118,213500,9.4000,9.4100,9.4000,9.4100,9900,0
UMH.US,5,20131118,214000,9.4000,9.4100,9.4000,9.4000,1000,0
UMH.US,5,20131118,214500,9.4000,9.4200,9.3800,9.3800,1707,0
UMH.US,5,20131118,215000,9.3900,9.4400,9.3800,9.3800,3200,0
UMH.US,5,20131118,215500,9.3800,9.3800,9.3700,9.3700,900,0
UMH.US,5,20131118,220000,9.3700,9.3900,9.3700,9.3800,5008,0
UMH.US,5,20131118,220500,9.3800,9.3800,9.3800,9.3800,3384,0
UMH.US,5,20131119,153500,9.4000,9.4400,9.4000,9.4400,700,0
UMH.US,5,20131119,154000,9.3900,9.4000,9.3900,9.4000,500,0
UMH.US,5,20131119,154500,9.3800,9.3800,9.3800,9.3800,400,0
UMH.US,5,20131119,155500,9.4000,9.4000,9.3600,9.3600,1550,0
UMH.US,5,20131119,160500,9.3900,9.4200,9.3900,9.4200,6069,0
UMH.US,5,20131119,161000,9.4200,9.4300,9.4200,9.4200,550,0
UMH.US,5,20131119,161500,9.4300,9.4300,9.4300,9.4300,300,0
UMH.US,5,20131119,162000,9.4300,9.4300,9.4300,9.4300,490,0
UMH.US,5,20131119,163000,9.4400,9.4400,9.4200,9.4400,2600,0
UMH.US,5,20131119,163500,9.4500,9.4600,9.4500,9.4600,600,0
UMH.US,5,20131119,164000,9.4500,9.4500,9.4500,9.4500,500,0
UMH.US,5,20131119,164500,9.4600,9.4700,9.4300,9.4700,2800,0
UMH.US,5,20131119,165000,9.4800,9.4900,9.4800,9.4900,2150,0
UMH.US,5,20131119,165500,9.4900,9.4900,9.4900,9.4900,700,0
UMH.US,5,20131119,170000,9.4900,9.4900,9.4900,9.4900,400,0
UMH.US,5,20131119,170500,9.4900,9.4900,9.4800,9.4900,500,0
UMH.US,5,20131119,171000,9.4800,9.4900,9.4600,9.4600,1600,0
UMH.US,5,20131119,171500,9.4900,9.4900,9.4900,9.4900,200,0
UMH.US,5,20131119,172000,9.4800,9.4900,9.4800,9.4900,400,0
UMH.US,5,20131119,172500,9.4800,9.4800,9.4700,9.4700,1700,0
UMH.US,5,20131119,173000,9.4800,9.4800,9.4500,9.4600,1150,0
UMH.US,5,20131119,173500,9.4800,9.4800,9.4600,9.4600,300,0
UMH.US,5,20131119,174000,9.4800,9.4800,9.4800,9.4800,100,0
UMH.US,5,20131119,174500,9.4800,9.4900,9.4700,9.4800,1000,0
UMH.US,5,20131119,175000,9.4800,9.4800,9.4600,9.4600,3500,0
UMH.US,5,20131119,175500,9.4800,9.4800,9.4700,9.4700,200,0
UMH.US,5,20131119,180000,9.4700,9.4700,9.4700,9.4700,600,0
UMH.US,5,20131119,180500,9.4700,9.4700,9.4700,9.4700,1300,0
UMH.US,5,20131119,181000,9.4800,9.4800,9.4800,9.4800,300,0
UMH.US,5,20131119,181500,9.4800,9.4800,9.4700,9.4700,300,0
UMH.US,5,20131119,182000,9.4800,9.4800,9.4800,9.4800,700,0
UMH.US,5,20131119,182500,9.4800,9.4800,9.4800,9.4800,300,0
UMH.US,5,20131119,183000,9.4800,9.4800,9.4800,9.4800,100,0
UMH.US,5,20131119,183500,9.4900,9.4900,9.4900,9.4900,200,0
UMH.US,5,20131119,184000,9.4900,9.4900,9.4900,9.4900,100,0
UMH.US,5,20131119,184500,9.4900,9.4900,9.4900,9.4900,200,0
UMH.US,5,20131119,185000,9.4900,9.4900,9.4900,9.4900,200,0
UMH.US,5,20131119,185500,9.4900,9.4900,9.4800,9.4800,400,0
UMH.US,5,20131119,190500,9.4900,9.4900,9.4700,9.4900,736,0
UMH.US,5,20131119,191000,9.4900,9.4900,9.4800,9.4900,300,0
UMH.US,5,20131119,191500,9.4800,9.4900,9.4800,9.4900,1400,0
UMH.US,5,20131119,192000,9.4900,9.4900,9.4900,9.4900,200,0
UMH.US,5,20131119,192500,9.4900,9.4900,9.4800,9.4800,700,0
UMH.US,5,20131119,193000,9.4800,9.4900,9.4800,9.4800,500,0
UMH.US,5,20131119,193500,9.4800,9.4800,9.4800,9.4800,100,0
UMH.US,5,20131119,194000,9.4900,9.4900,9.4900,9.4900,300,0
UMH.US,5,20131119,194500,9.4900,9.4900,9.4800,9.4800,300,0
UMH.US,5,20131119,195000,9.4800,9.4900,9.4800,9.4900,300,0
UMH.US,5,20131119,195500,9.4800,9.4800,9.4800,9.4800,400,0
UMH.US,5,20131119,200000,9.4800,9.4800,9.4800,9.4800,100,0
UMH.US,5,20131119,200500,9.4800,9.4900,9.4800,9.4900,827,0
UMH.US,5,20131119,201500,9.4900,9.4900,9.4800,9.4800,900,0
UMH.US,5,20131119,202000,9.4900,9.4900,9.4900,9.4900,100,0
UMH.US,5,20131119,202500,9.4800,9.4900,9.4800,9.4900,250,0
UMH.US,5,20131119,203000,9.4900,9.4900,9.4700,9.4700,1000,0
UMH.US,5,20131119,203500,9.4800,9.4800,9.4700,9.4800,300,0
UMH.US,5,20131119,204000,9.4800,9.4800,9.4700,9.4700,200,0
UMH.US,5,20131119,204500,9.4700,9.4700,9.4600,9.4700,600,0
UMH.US,5,20131119,205000,9.4700,9.4700,9.4700,9.4700,400,0
UMH.US,5,20131119,205500,9.4700,9.4700,9.4700,9.4700,400,0
UMH.US,5,20131119,210000,9.4700,9.4700,9.4700,9.4700,300,0
UMH.US,5,20131119,210500,9.4600,9.4700,9.4600,9.4700,6270,0
UMH.US,5,20131119,211000,9.4700,9.4700,9.4600,9.4700,500,0
UMH.US,5,20131119,211500,9.4800,9.4800,9.4800,9.4800,200,0
UMH.US,5,20131119,212000,9.4800,9.4900,9.4800,9.4900,3827,0
UMH.US,5,20131119,212500,9.4800,9.4900,9.4800,9.4900,4100,0
UMH.US,5,20131119,213000,9.4800,9.4900,9.4800,9.4900,2979,0
UMH.US,5,20131119,213500,9.4900,9.5200,9.4900,9.5200,2900,0
UMH.US,5,20131119,214000,9.5200,9.5200,9.5000,9.5200,4100,0
UMH.US,5,20131119,214500,9.5200,9.5300,9.5200,9.5300,3400,0
UMH.US,5,20131119,215000,9.5300,9.5300,9.5200,9.5300,7852,0
UMH.US,5,20131119,215500,9.5300,9.5300,9.5200,9.5200,1504,0
UMH.US,5,20131119,220000,9.5300,9.5300,9.4800,9.5200,3750,0
UMH.US,5,20131120,153500,9.4800,9.5100,9.4800,9.5100,829,0
UMH.US,5,20131120,154000,9.4900,9.4900,9.4500,9.4500,1888,0
UMH.US,5,20131120,154500,9.4400,9.4400,9.4200,9.4200,668,0
UMH.US,5,20131120,155000,9.4300,9.4300,9.4300,9.4300,200,0
UMH.US,5,20131120,155500,9.4400,9.4400,9.4300,9.4300,400,0
UMH.US,5,20131120,160000,9.4300,9.4300,9.3500,9.3600,4493,0
UMH.US,5,20131120,160500,9.4000,9.4000,9.3600,9.3600,600,0
UMH.US,5,20131120,161000,9.4000,9.4000,9.4000,9.4000,600,0
UMH.US,5,20131120,161500,9.3900,9.3900,9.3700,9.3700,2382,0
UMH.US,5,20131120,162000,9.3700,9.4000,9.3700,9.3700,2000,0
UMH.US,5,20131120,162500,9.4000,9.4000,9.4000,9.4000,103,0
UMH.US,5,20131120,163000,9.4000,9.4000,9.4000,9.4000,300,0
UMH.US,5,20131120,163500,9.4000,9.4000,9.3800,9.3800,200,0
UMH.US,5,20131120,164000,9.3800,9.3800,9.3800,9.3800,200,0
UMH.US,5,20131120,164500,9.3800,9.3800,9.3800,9.3800,575,0
UMH.US,5,20131120,165000,9.3900,9.3900,9.3900,9.3900,100,0
UMH.US,5,20131120,165500,9.4000,9.4000,9.4000,9.4000,3350,0
UMH.US,5,20131120,170000,9.4000,9.4000,9.4000,9.4000,2200,0
UMH.US,5,20131120,170500,9.4000,9.4000,9.3900,9.4000,2400,0
UMH.US,5,20131120,171000,9.3900,9.4000,9.3900,9.4000,300,0
UMH.US,5,20131120,171500,9.4000,9.4000,9.4000,9.4000,1200,0
UMH.US,5,20131120,173000,9.4000,9.4000,9.3900,9.3900,200,0
UMH.US,5,20131120,174000,9.3900,9.3900,9.3700,9.3700,925,0
UMH.US,5,20131120,174500,9.3900,9.3900,9.3700,9.3700,1000,0
UMH.US,5,20131120,175000,9.3800,9.3800,9.3800,9.3800,400,0
UMH.US,5,20131120,175500,9.4000,9.4000,9.3800,9.3800,2250,0
UMH.US,5,20131120,180000,9.3800,9.3800,9.3800,9.3800,100,0
UMH.US,5,20131120,181500,9.3800,9.3800,9.3800,9.3800,1000,0
UMH.US,5,20131120,182000,9.3700,9.3800,9.3700,9.3800,2300,0
UMH.US,5,20131120,182500,9.3800,9.3800,9.3800,9.3800,100,0
UMH.US,5,20131120,183000,9.4000,9.4000,9.4000,9.4000,2797,0
UMH.US,5,20131120,183500,9.4100,9.4100,9.4100,9.4100,400,0
UMH.US,5,20131120,184000,9.4100,9.4100,9.4100,9.4100,200,0
UMH.US,5,20131120,184500,9.4100,9.4100,9.4000,9.4100,1100,0
UMH.US,5,20131120,185000,9.4100,9.4100,9.4000,9.4000,700,0
UMH.US,5,20131120,185500,9.4000,9.4000,9.4000,9.4000,400,0
UMH.US,5,20131120,190000,9.4000,9.4000,9.4000,9.4000,200,0
UMH.US,5,20131120,193000,9.3900,9.4000,9.3800,9.3800,1400,0
UMH.US,5,20131120,193500,9.3900,9.4000,9.3900,9.4000,600,0
UMH.US,5,20131120,194000,9.4100,9.4100,9.4000,9.4000,550,0
UMH.US,5,20131120,194500,9.4100,9.4100,9.4100,9.4100,2000,0
UMH.US,5,20131120,195000,9.4000,9.4000,9.4000,9.4000,100,0
UMH.US,5,20131120,200000,9.4000,9.4000,9.4000,9.4000,100,0
UMH.US,5,20131120,201000,9.4000,9.4000,9.3900,9.3900,200,0
UMH.US,5,20131120,201500,9.4000,9.4000,9.4000,9.4000,300,0
UMH.US,5,20131120,202000,9.3800,9.3800,9.3800,9.3800,300,0
UMH.US,5,20131120,202500,9.3800,9.3800,9.3800,9.3800,200,0
UMH.US,5,20131120,203000,9.3900,9.3900,9.3900,9.3900,100,0
UMH.US,5,20131120,204000,9.3900,9.3900,9.3800,9.3800,300,0
UMH.US,5,20131120,204500,9.3800,9.4200,9.3800,9.4000,3800,0
UMH.US,5,20131120,205000,9.4000,9.4100,9.4000,9.4000,800,0
UMH.US,5,20131120,205500,9.4000,9.4000,9.4000,9.4000,200,0
UMH.US,5,20131120,210000,9.4000,9.4000,9.3800,9.3800,400,0
UMH.US,5,20131120,210500,9.4000,9.4000,9.3900,9.3900,1000,0
UMH.US,5,20131120,211000,9.4000,9.4000,9.3800,9.3800,200,0
UMH.US,5,20131120,211500,9.4100,9.4100,9.4000,9.4000,300,0
UMH.US,5,20131120,212000,9.4000,9.4000,9.4000,9.4000,200,0
UMH.US,5,20131120,212500,9.4000,9.4000,9.3800,9.4000,1600,0
UMH.US,5,20131120,213000,9.4000,9.4100,9.3800,9.4000,2200,0
UMH.US,5,20131120,213500,9.4000,9.4000,9.3600,9.3600,3100,0
UMH.US,5,20131120,214000,9.3900,9.3900,9.3600,9.3800,4000,0
UMH.US,5,20131120,214500,9.3600,9.3800,9.3600,9.3800,1600,0
UMH.US,5,20131120,215000,9.3600,9.3800,9.3600,9.3700,1300,0
UMH.US,5,20131120,215500,9.3800,9.3800,9.3700,9.3800,900,0
UMH.US,5,20131120,220000,9.3800,9.3800,9.3800,9.3800,29748,0
UMH.US,5,20131120,221000,9.3700,9.3700,9.3700,9.3700,3992,0
UMH.US,5,20131121,154000,9.3800,9.3800,9.3600,9.3600,200,0
UMH.US,5,20131121,155000,9.3800,9.3900,9.3800,9.3900,476,0
UMH.US,5,20131121,155500,9.4000,9.4000,9.4000,9.4000,600,0
UMH.US,5,20131121,160000,9.4000,9.4000,9.3900,9.3900,700,0
UMH.US,5,20131121,160500,9.4000,9.4000,9.4000,9.4000,1975,0
UMH.US,5,20131121,161000,9.4000,9.4000,9.4000,9.4000,200,0
UMH.US,5,20131121,161500,9.4000,9.4000,9.4000,9.4000,300,0
UMH.US,5,20131121,162000,9.3800,9.4000,9.3800,9.4000,1200,0
UMH.US,5,20131121,163000,9.3800,9.3800,9.3700,9.3700,200,0
UMH.US,5,20131121,163500,9.3800,9.3800,9.3800,9.3800,200,0
UMH.US,5,20131121,165000,9.3900,9.3900,9.3900,9.3900,100,0
UMH.US,5,20131121,165500,9.3700,9.3700,9.3700,9.3700,100,0
UMH.US,5,20131121,170000,9.3800,9.4000,9.3800,9.3800,2500,0
UMH.US,5,20131121,171000,9.3900,9.4000,9.3900,9.3900,600,0
UMH.US,5,20131121,171500,9.3900,9.3900,9.3800,9.3800,200,0
UMH.US,5,20131121,172000,9.3900,9.4000,9.3900,9.3900,1000,0
UMH.US,5,20131121,172500,9.3800,9.4000,9.3800,9.4000,700,0
UMH.US,5,20131121,173000,9.3900,9.4100,9.3800,9.3900,11299,0
UMH.US,5,20131121,174000,9.3800,9.3800,9.3700,9.3700,300,0
UMH.US,5,20131121,174500,9.3800,9.3900,9.3800,9.3900,4300,0
UMH.US,5,20131121,175500,9.3600,9.3600,9.3600,9.3600,100,0
UMH.US,5,20131121,180000,9.3900,9.3900,9.3700,9.3700,200,0
UMH.US,5,20131121,180500,9.3900,9.3900,9.3800,9.3800,200,0
UMH.US,5,20131121,181000,9.3800,9.3800,9.3800,9.3800,1400,0
UMH.US,5,20131121,182000,9.3800,9.3800,9.3500,9.3800,18525,0
UMH.US,5,20131121,183500,9.3800,9.3800,9.3800,9.3800,1297,0
UMH.US,5,20131121,185000,9.3500,9.3500,9.3500,9.3500,100,0
UMH.US,5,20131121,191000,9.3600,9.3600,9.3600,9.3600,100,0
UMH.US,5,20131121,191500,9.3600,9.3600,9.3500,9.3500,2000,0
UMH.US,5,20131121,193500,9.3800,9.3800,9.3800,9.3800,400,0
UMH.US,5,20131121,194000,9.3600,9.3600,9.3600,9.3600,100,0
UMH.US,5,20131121,195000,9.3800,9.3800,9.3800,9.3800,300,0
UMH.US,5,20131121,200000,9.3600,9.3600,9.3600,9.3600,100,0
UMH.US,5,20131121,200500,9.3800,9.3800,9.3800,9.3800,761,0
UMH.US,5,20131121,201000,9.3700,9.3700,9.3700,9.3700,100,0
UMH.US,5,20131121,201500,9.3700,9.3700,9.3700,9.3700,540,0
UMH.US,5,20131121,202000,9.3800,9.3800,9.3800,9.3800,300,0
UMH.US,5,20131121,203500,9.3600,9.3800,9.3600,9.3800,1150,0
UMH.US,5,20131121,204500,9.3700,9.3700,9.3700,9.3700,500,0
UMH.US,5,20131121,205000,9.3700,9.3700,9.3600,9.3600,2300,0
UMH.US,5,20131121,205500,9.3700,9.3900,9.3700,9.3900,2287,0
UMH.US,5,20131121,210000,9.3900,9.3900,9.3800,9.3900,1100,0
UMH.US,5,20131121,210500,9.3900,9.3900,9.3700,9.3900,2096,0
UMH.US,5,20131121,211000,9.3800,9.3900,9.3700,9.3900,1650,0
UMH.US,5,20131121,211500,9.4000,9.4000,9.4000,9.4000,1000,0
UMH.US,5,20131121,213000,9.3800,9.3800,9.3800,9.3800,100,0
UMH.US,5,20131121,213500,9.3700,9.3700,9.3700,9.3700,100,0
UMH.US,5,20131121,214000,9.3700,9.3800,9.3700,9.3800,200,0
UMH.US,5,20131121,214500,9.3800,9.4000,9.3800,9.4000,1105,0
UMH.US,5,20131121,215000,9.4000,9.4000,9.3900,9.4000,5550,0
UMH.US,5,20131121,215500,9.3900,9.4000,9.3800,9.3900,8022,0
UMH.US,5,20131121,220000,9.4000,9.4000,9.3900,9.4000,3489,0
UMH.US,5,20131121,221000,9.4000,9.4000,9.4000,9.4000,6483,0
UMH.US,5,20131122,153500,9.4000,9.4000,9.3800,9.3800,1000,0
UMH.US,5,20131122,154000,9.3900,9.3900,9.3800,9.3800,200,0
UMH.US,5,20131122,154500,9.3900,9.3900,9.3900,9.3900,340,0
UMH.US,5,20131122,155000,9.4000,9.4000,9.3900,9.3900,650,0
UMH.US,5,20131122,155500,9.4000,9.4000,9.4000,9.4000,100,0
UMH.US,5,20131122,160500,9.3800,9.3800,9.3800,9.3800,200,0
UMH.US,5,20131122,161500,9.4000,9.4100,9.4000,9.4100,2800,0
UMH.US,5,20131122,162000,9.4200,9.4200,9.4200,9.4200,1700,0
UMH.US,5,20131122,163000,9.4100,9.4100,9.4100,9.4100,700,0
UMH.US,5,20131122,163500,9.4200,9.4200,9.4200,9.4200,1950,0
UMH.US,5,20131122,164000,9.4200,9.4200,9.4200,9.4200,200,0
UMH.US,5,20131122,164500,9.4100,9.4100,9.4100,9.4100,200,0
UMH.US,5,20131122,170000,9.4200,9.4400,9.4200,9.4400,400,0
UMH.US,5,20131122,170500,9.4400,9.4400,9.4400,9.4400,500,0
UMH.US,5,20131122,171000,9.4200,9.4200,9.4200,9.4200,100,0
UMH.US,5,20131122,171500,9.4200,9.4200,9.4200,9.4200,200,0
UMH.US,5,20131122,172000,9.4200,9.4200,9.4100,9.4100,800,0
UMH.US,5,20131122,172500,9.4000,9.4000,9.4000,9.4000,200,0
UMH.US,5,20131122,173500,9.4000,9.4000,9.4000,9.4000,495,0
UMH.US,5,20131122,180000,9.4000,9.4200,9.4000,9.4200,940,0
UMH.US,5,20131122,181000,9.4200,9.4200,9.4000,9.4000,447,0
UMH.US,5,20131122,181500,9.4200,9.4200,9.4200,9.4200,300,0
UMH.US,5,20131122,182000,9.4100,9.4200,9.4100,9.4200,600,0
UMH.US,5,20131122,182500,9.4200,9.4200,9.4100,9.4100,600,0
UMH.US,5,20131122,183000,9.4200,9.4300,9.4100,9.4300,1327,0
UMH.US,5,20131122,183500,9.4400,9.4400,9.4400,9.4400,400,0
UMH.US,5,20131122,184500,9.4300,9.4300,9.4300,9.4300,500,0
UMH.US,5,20131122,185500,9.4400,9.4400,9.4400,9.4400,491,0
UMH.US,5,20131122,190500,9.4400,9.4400,9.4400,9.4400,968,0
UMH.US,5,20131122,191000,9.4300,9.4400,9.4300,9.4400,400,0
UMH.US,5,20131122,191500,9.4400,9.4400,9.4400,9.4400,409,0
UMH.US,5,20131122,192000,9.4400,9.4400,9.4400,9.4400,1100,0
UMH.US,5,20131122,193000,9.4300,9.4300,9.4300,9.4300,100,0
UMH.US,5,20131122,194000,9.4300,9.4300,9.4200,9.4300,1100,0
UMH.US,5,20131122,194500,9.4300,9.4300,9.4200,9.4200,200,0
UMH.US,5,20131122,195500,9.4300,9.4300,9.4300,9.4300,100,0
UMH.US,5,20131122,200500,9.4300,9.4300,9.4300,9.4300,200,0
UMH.US,5,20131122,201000,9.4300,9.4300,9.4300,9.4300,200,0
UMH.US,5,20131122,201500,9.4300,9.4300,9.4300,9.4300,100,0
UMH.US,5,20131122,202000,9.4200,9.4200,9.4200,9.4200,100,0
UMH.US,5,20131122,202500,9.4200,9.4200,9.4100,9.4100,1800,0
UMH.US,5,20131122,203000,9.4200,9.4200,9.4200,9.4200,6400,0
UMH.US,5,20131122,203500,9.4200,9.4200,9.4200,9.4200,100,0
UMH.US,5,20131122,205500,9.4100,9.4100,9.4100,9.4100,200,0
UMH.US,5,20131122,210000,9.4100,9.4100,9.4100,9.4100,200,0
UMH.US,5,20131122,210500,9.4100,9.4100,9.4000,9.4000,3300,0
UMH.US,5,20131122,211000,9.4000,9.4100,9.4000,9.4100,1100,0
UMH.US,5,20131122,211500,9.4100,9.4100,9.4000,9.4000,584,0
UMH.US,5,20131122,212000,9.4000,9.4000,9.4000,9.4000,100,0
UMH.US,5,20131122,212500,9.4100,9.4100,9.4100,9.4100,950,0
UMH.US,5,20131122,213000,9.4100,9.4100,9.4100,9.4100,102,0
UMH.US,5,20131122,213500,9.4100,9.4100,9.4100,9.4100,400,0
UMH.US,5,20131122,214000,9.4100,9.4100,9.4000,9.4000,1100,0
UMH.US,5,20131122,214500,9.4000,9.4000,9.4000,9.4000,100,0
UMH.US,5,20131122,215000,9.4000,9.4200,9.3900,9.4200,6500,0
UMH.US,5,20131122,215500,9.3900,9.4100,9.3900,9.4100,2652,0
UMH.US,5,20131122,220000,9.4100,9.4100,9.3900,9.4000,2248,0
UMH.US,5,20131122,221000,9.3900,9.3900,9.3900,9.3900,6510,0
UMH.US,5,20131125,153500,9.4000,9.4000,9.4000,9.4000,300,0
UMH.US,5,20131125,154000,9.3900,9.4000,9.3900,9.4000,1600,0
UMH.US,5,20131125,154500,9.4000,9.4200,9.4000,9.4100,7445,0
UMH.US,5,20131125,155000,9.4000,9.4100,9.4000,9.4100,800,0
UMH.US,5,20131125,155500,9.4100,9.4100,9.4100,9.4100,400,0
UMH.US,5,20131125,160000,9.4100,9.4100,9.4100,9.4100,1100,0
UMH.US,5,20131125,160500,9.4100,9.4200,9.4100,9.4200,300,0
UMH.US,5,20131125,161000,9.4200,9.4200,9.4200,9.4200,500,0
UMH.US,5,20131125,161500,9.4100,9.4100,9.4100,9.4100,100,0
UMH.US,5,20131125,162000,9.4100,9.4100,9.4000,9.4000,5063,0
UMH.US,5,20131125,162500,9.4200,9.4200,9.4200,9.4200,140,0
UMH.US,5,20131125,163500,9.4200,9.4200,9.4200,9.4200,100,0
UMH.US,5,20131125,164000,9.4100,9.4200,9.4100,9.4200,700,0
UMH.US,5,20131125,164500,9.4100,9.4200,9.4100,9.4200,2550,0
UMH.US,5,20131125,165000,9.4200,9.4200,9.4200,9.4200,500,0
UMH.US,5,20131125,165500,9.4200,9.4200,9.4200,9.4200,2500,0
UMH.US,5,20131125,170000,9.4200,9.4200,9.4200,9.4200,100,0
UMH.US,5,20131125,171000,9.4100,9.4200,9.4100,9.4200,3900,0
UMH.US,5,20131125,171500,9.4200,9.4200,9.4200,9.4200,900,0
UMH.US,5,20131125,172000,9.4200,9.4200,9.4100,9.4100,1100,0
UMH.US,5,20131125,172500,9.4200,9.4200,9.4200,9.4200,800,0
UMH.US,5,20131125,173500,9.4200,9.4200,9.4100,9.4200,2365,0
UMH.US,5,20131125,174000,9.4200,9.4200,9.4100,9.4200,3300,0
UMH.US,5,20131125,174500,9.4200,9.4200,9.4200,9.4200,2250,0
UMH.US,5,20131125,175000,9.4200,9.4200,9.4200,9.4200,400,0
UMH.US,5,20131125,175500,9.4100,9.4100,9.4100,9.4100,100,0
UMH.US,5,20131125,180000,9.4200,9.4300,9.4200,9.4300,2990,0
UMH.US,5,20131125,181000,9.4300,9.4300,9.4300,9.4300,1300,0
UMH.US,5,20131125,181500,9.4300,9.4300,9.4300,9.4300,400,0
UMH.US,5,20131125,182000,9.4300,9.4300,9.4300,9.4300,800,0
UMH.US,5,20131125,182500,9.4300,9.4300,9.4300,9.4300,200,0
UMH.US,5,20131125,183000,9.4300,9.4300,9.4300,9.4300,1891,0
UMH.US,5,20131125,185000,9.4400,9.4400,9.4400,9.4400,400,0
UMH.US,5,20131125,190000,9.4400,9.4400,9.4300,9.4400,1900,0
UMH.US,5,20131125,190500,9.4400,9.4400,9.4400,9.4400,620,0
UMH.US,5,20131125,191000,9.4300,9.4400,9.4300,9.4400,3300,0
UMH.US,5,20131125,191500,9.4400,9.4400,9.4300,9.4300,6600,0
UMH.US,5,20131125,192000,9.4400,9.4400,9.4400,9.4400,100,0
UMH.US,5,20131125,192500,9.4400,9.4400,9.4300,9.4300,200,0
UMH.US,5,20131125,193000,9.4400,9.4400,9.4400,9.4400,100,0
UMH.US,5,20131125,193500,9.4400,9.4400,9.4400,9.4400,400,0
UMH.US,5,20131125,194000,9.4300,9.4300,9.4300,9.4300,100,0
UMH.US,5,20131125,194500,9.4300,9.4300,9.4300,9.4300,100,0
UMH.US,5,20131125,195000,9.4400,9.4400,9.4200,9.4200,6202,0
UMH.US,5,20131125,195500,9.4300,9.4300,9.4200,9.4300,2200,0
UMH.US,5,20131125,200000,9.4200,9.4300,9.4200,9.4300,600,0
UMH.US,5,20131125,200500,9.4300,9.4300,9.4300,9.4300,150,0
UMH.US,5,20131125,201000,9.4200,9.4200,9.4200,9.4200,100,0
UMH.US,5,20131125,201500,9.4300,9.4300,9.4300,9.4300,1400,0
UMH.US,5,20131125,202000,9.4300,9.4300,9.4200,9.4200,2500,0
UMH.US,5,20131125,202500,9.4200,9.4200,9.4100,9.4100,500,0
UMH.US,5,20131125,203000,9.4200,9.4200,9.4200,9.4200,100,0
UMH.US,5,20131125,203500,9.4000,9.4100,9.4000,9.4100,2000,0
UMH.US,5,20131125,204000,9.4000,9.4000,9.4000,9.4000,2143,0
UMH.US,5,20131125,204500,9.4100,9.4100,9.4000,9.4000,2304,0
UMH.US,5,20131125,205000,9.4000,9.4200,9.4000,9.4200,1797,0
UMH.US,5,20131125,205500,9.4200,9.4200,9.4200,9.4200,700,0
UMH.US,5,20131125,210000,9.4200,9.4200,9.4200,9.4200,100,0
UMH.US,5,20131125,210500,9.4200,9.4200,9.4100,9.4100,400,0
UMH.US,5,20131125,211000,9.4200,9.4200,9.4100,9.4100,600,0
UMH.US,5,20131125,211500,9.4200,9.4200,9.4200,9.4200,300,0
UMH.US,5,20131125,212000,9.4200,9.4200,9.4200,9.4200,900,0
UMH.US,5,20131125,213000,9.4200,9.4200,9.4100,9.4100,1000,0
UMH.US,5,20131125,213500,9.4200,9.4200,9.4200,9.4200,1200,0
UMH.US,5,20131125,214000,9.4200,9.4200,9.4000,9.4200,1550,0
UMH.US,5,20131125,214500,9.4000,9.4000,9.4000,9.4000,200,0
UMH.US,5,20131125,215000,9.4100,9.4200,9.4000,9.4200,2587,0
UMH.US,5,20131125,215500,9.4200,9.4200,9.4200,9.4200,1400,0
UMH.US,5,20131125,220000,9.4200,9.4300,9.4200,9.4200,616,0
UMH.US,5,20131125,220500,9.4100,9.4100,9.4100,9.4100,3532,0
UMH.US,5,20131126,153500,9.4200,9.4300,9.4200,9.4300,2711,0
UMH.US,5,20131126,154000,9.4300,9.4300,9.4100,9.4200,1550,0
UMH.US,5,20131126,154500,9.4300,9.4300,9.4300,9.4300,100,0
UMH.US,5,20131126,155000,9.4300,9.4300,9.4300,9.4300,500,0
UMH.US,5,20131126,155500,9.4300,9.4400,9.4300,9.4400,689,0
UMH.US,5,20131126,160000,9.4400,9.4400,9.4400,9.4400,400,0
UMH.US,5,20131126,160500,9.4400,9.4400,9.4400,9.4400,700,0
UMH.US,5,20131126,161000,9.4400,9.4400,9.4300,9.4300,5918,0
UMH.US,5,20131126,161500,9.4300,9.4300,9.4300,9.4300,698,0
UMH.US,5,20131126,163500,9.4300,9.4300,9.4300,9.4300,300,0
UMH.US,5,20131126,164000,9.4300,9.4300,9.4100,9.4200,2541,0
UMH.US,5,20131126,164500,9.4300,9.4300,9.4300,9.4300,600,0
UMH.US,5,20131126,171000,9.4300,9.4300,9.4300,9.4300,400,0
UMH.US,5,20131126,171500,9.4300,9.4300,9.4300,9.4300,1300,0
UMH.US,5,20131126,172000,9.4400,9.4400,9.4400,9.4400,628,0
UMH.US,5,20131126,172500,9.4400,9.4400,9.4400,9.4400,728,0
UMH.US,5,20131126,173000,9.4400,9.4400,9.4400,9.4400,252,0
UMH.US,5,20131126,174000,9.4400,9.4400,9.4300,9.4300,500,0
UMH.US,5,20131126,174500,9.4400,9.4400,9.4400,9.4400,700,0
UMH.US,5,20131126,175000,9.4400,9.4400,9.4400,9.4400,200,0
UMH.US,5,20131126,180000,9.4400,9.4400,9.4400,9.4400,100,0
UMH.US,5,20131126,180500,9.4400,9.4400,9.4400,9.4400,636,0
UMH.US,5,20131126,181000,9.4600,9.4600,9.4600,9.4600,150,0
UMH.US,5,20131126,182000,9.4600,9.4600,9.4600,9.4600,500,0
UMH.US,5,20131126,182500,9.4600,9.4700,9.4600,9.4600,1300,0
UMH.US,5,20131126,183500,9.4700,9.4700,9.4700,9.4700,500,0
UMH.US,5,20131126,184000,9.4700,9.5000,9.4700,9.5000,600,0
UMH.US,5,20131126,184500,9.5000,9.5200,9.5000,9.5200,400,0
UMH.US,5,20131126,185000,9.5200,9.5200,9.5200,9.5200,3200,0
UMH.US,5,20131126,185500,9.5100,9.5100,9.5100,9.5100,900,0
UMH.US,5,20131126,190000,9.5100,9.5200,9.5100,9.5200,2020,0
UMH.US,5,20131126,190500,9.5100,9.5200,9.5100,9.5200,238,0
UMH.US,5,20131126,191000,9.5200,9.5200,9.5200,9.5200,300,0
UMH.US,5,20131126,191500,9.5200,9.5200,9.5200,9.5200,443,0
UMH.US,5,20131126,192000,9.5200,9.5200,9.5100,9.5100,800,0
UMH.US,5,20131126,192500,9.5100,9.5200,9.5100,9.5100,2138,0
UMH.US,5,20131126,193000,9.5200,9.5200,9.5200,9.5200,400,0
UMH.US,5,20131126,194000,9.5200,9.5200,9.5200,9.5200,3215,0
UMH.US,5,20131126,194500,9.5200,9.5200,9.5100,9.5100,1300,0
UMH.US,5,20131126,200500,9.5200,9.5200,9.5200,9.5200,300,0
UMH.US,5,20131126,202000,9.5200,9.5200,9.5200,9.5200,200,0
UMH.US,5,20131126,202500,9.5200,9.5200,9.5200,9.5200,1814,0
UMH.US,5,20131126,203500,9.5200,9.5200,9.5200,9.5200,700,0
UMH.US,5,20131126,204500,9.5200,9.5200,9.5200,9.5200,200,0
UMH.US,5,20131126,205000,9.5200,9.5200,9.5200,9.5200,500,0
UMH.US,5,20131126,205500,9.5200,9.5200,9.5100,9.5200,2500,0
UMH.US,5,20131126,210000,9.5200,9.5200,9.5100,9.5200,500,0
UMH.US,5,20131126,210500,9.5200,9.5200,9.5100,9.5200,2400,0
UMH.US,5,20131126,211000,9.5200,9.5300,9.5100,9.5300,1300,0
UMH.US,5,20131126,211500,9.5300,9.5300,9.5300,9.5300,400,0
UMH.US,5,20131126,212000,9.5300,9.5300,9.5100,9.5100,10098,0
UMH.US,5,20131126,212500,9.5100,9.5100,9.5100,9.5100,500,0
UMH.US,5,20131126,213000,9.5100,9.5100,9.5100,9.5100,500,0
UMH.US,5,20131126,213500,9.5100,9.5100,9.5000,9.5100,700,0
UMH.US,5,20131126,214000,9.5100,9.5100,9.5000,9.5100,1530,0
UMH.US,5,20131126,214500,9.5000,9.5000,9.4800,9.4800,1900,0
UMH.US,5,20131126,215000,9.4900,9.5000,9.4900,9.5000,700,0
UMH.US,5,20131126,215500,9.4900,9.5000,9.4900,9.5000,758,0
UMH.US,5,20131126,220000,9.5000,9.5100,9.4900,9.5000,2031,0
UMH.US,5,20131126,221000,9.5200,9.5200,9.5200,9.5200,8989,0
UMH.US,5,20131127,153500,9.5300,9.5400,9.5300,9.5400,2500,0
UMH.US,5,20131127,154000,9.5400,9.5400,9.5400,9.5400,673,0
UMH.US,5,20131127,155000,9.5400,9.5400,9.5400,9.5400,2100,0
UMH.US,5,20131127,155500,9.5500,9.5500,9.5500,9.5500,1681,0
UMH.US,5,20131127,160000,9.5400,9.5400,9.5400,9.5400,200,0
UMH.US,5,20131127,160500,9.5500,9.5500,9.5500,9.5500,400,0
UMH.US,5,20131127,161000,9.5500,9.5500,9.5500,9.5500,1300,0
UMH.US,5,20131127,162000,9.5600,9.5600,9.5600,9.5600,1300,0
UMH.US,5,20131127,162500,9.5600,9.5600,9.5600,9.5600,600,0
UMH.US,5,20131127,163500,9.5600,9.5600,9.5600,9.5600,600,0
UMH.US,5,20131127,164000,9.5700,9.5700,9.5700,9.5700,633,0
UMH.US,5,20131127,164500,9.5700,9.5700,9.5700,9.5700,367,0
UMH.US,5,20131127,165000,9.5800,9.5800,9.5700,9.5800,2400,0
UMH.US,5,20131127,165500,9.5800,9.5800,9.5800,9.5800,100,0
UMH.US,5,20131127,170000,9.5800,9.5800,9.5800,9.5800,600,0
UMH.US,5,20131127,170500,9.5800,9.5800,9.5800,9.5800,100,0
UMH.US,5,20131127,171000,9.5800,9.5800,9.5800,9.5800,1378,0
UMH.US,5,20131127,171500,9.5800,9.5900,9.5800,9.5800,1600,0
UMH.US,5,20131127,172000,9.5900,9.5900,9.5800,9.5800,646,0
UMH.US,5,20131127,172500,9.5900,9.5900,9.5900,9.5900,600,0
UMH.US,5,20131127,173000,9.5900,9.5900,9.5900,9.5900,1300,0
UMH.US,5,20131127,173500,9.5900,9.5900,9.5900,9.5900,100,0
UMH.US,5,20131127,174000,9.5900,9.5900,9.5900,9.5900,1400,0
UMH.US,5,20131127,174500,9.5900,9.6000,9.5900,9.6000,400,0
UMH.US,5,20131127,175000,9.5900,9.6000,9.5900,9.6000,600,0
UMH.US,5,20131127,175500,9.6000,9.6000,9.6000,9.6000,100,0
UMH.US,5,20131127,180000,9.5900,9.6100,9.5900,9.6100,300,0
UMH.US,5,20131127,180500,9.6100,9.6100,9.6100,9.6100,1522,0
UMH.US,5,20131127,181000,9.6100,9.6100,9.6100,9.6100,7888,0
UMH.US,5,20131127,181500,9.6100,9.6200,9.6100,9.6200,200,0
UMH.US,5,20131127,182000,9.6200,9.6200,9.6100,9.6100,1263,0
UMH.US,5,20131127,182500,9.6100,9.6200,9.6100,9.6200,1400,0
UMH.US,5,20131127,183000,9.6200,9.6200,9.6100,9.6100,2824,0
UMH.US,5,20131127,183500,9.6200,9.6300,9.6200,9.6300,500,0
UMH.US,5,20131127,184000,9.6200,9.6200,9.6200,9.6200,100,0
UMH.US,5,20131127,184500,9.6100,9.6300,9.6100,9.6300,300,0
UMH.US,5,20131127,185000,9.6100,9.6100,9.6000,9.6000,5600,0
UMH.US,5,20131127,185500,9.6000,9.6000,9.6000,9.6000,400,0
UMH.US,5,20131127,190000,9.6000,9.6000,9.5900,9.6000,1300,0
UMH.US,5,20131127,190500,9.6000,9.6000,9.6000,9.6000,600,0
UMH.US,5,20131127,191000,9.6000,9.6000,9.6000,9.6000,100,0
UMH.US,5,20131127,191500,9.5900,9.6000,9.5900,9.6000,300,0
UMH.US,5,20131127,192000,9.6000,9.6000,9.5900,9.5900,600,0
UMH.US,5,20131127,192500,9.6000,9.6000,9.5900,9.6000,2000,0
UMH.US,5,20131127,193000,9.6000,9.6100,9.6000,9.6100,3300,0
UMH.US,5,20131127,193500,9.6000,9.6000,9.6000,9.6000,209,0
UMH.US,5,20131127,194000,9.6100,9.6100,9.6000,9.6100,3400,0
UMH.US,5,20131127,194500,9.6100,9.6100,9.6000,9.6000,200,0
UMH.US,5,20131127,195500,9.6100,9.6100,9.6000,9.6100,1450,0
UMH.US,5,20131127,200000,9.6000,9.6000,9.6000,9.6000,100,0
UMH.US,5,20131127,200500,9.6100,9.6100,9.6000,9.6000,3000,0
UMH.US,5,20131127,201000,9.6000,9.6100,9.6000,9.6100,397,0
UMH.US,5,20131127,201500,9.6100,9.6100,9.6000,9.6000,2000,0
UMH.US,5,20131127,202000,9.6100,9.6100,9.6100,9.6100,1600,0
UMH.US,5,20131127,202500,9.6100,9.6100,9.6000,9.6100,900,0
UMH.US,5,20131127,203000,9.6300,9.6500,9.6300,9.6500,500,0
UMH.US,5,20131127,203500,9.6500,9.6500,9.6500,9.6500,500,0
UMH.US,5,20131127,204000,9.6500,9.6500,9.6500,9.6500,200,0
UMH.US,5,20131127,204500,9.6500,9.6500,9.6400,9.6400,500,0
UMH.US,5,20131127,205000,9.6500,9.6600,9.6400,9.6500,1400,0
UMH.US,5,20131127,205500,9.6500,9.6500,9.6400,9.6400,2400,0
UMH.US,5,20131127,210000,9.6400,9.6400,9.6300,9.6300,300,0
UMH.US,5,20131127,210500,9.6300,9.6300,9.6300,9.6300,100,0
UMH.US,5,20131127,211000,9.6400,9.6400,9.6300,9.6300,1907,0
UMH.US,5,20131127,211500,9.6400,9.6400,9.6400,9.6400,3300,0
UMH.US,5,20131127,212000,9.6400,9.6400,9.6400,9.6400,400,0
UMH.US,5,20131127,212500,9.6400,9.6400,9.6400,9.6400,400,0
UMH.US,5,20131127,213000,9.6400,9.6400,9.6400,9.6400,500,0
UMH.US,5,20131127,213500,9.6300,9.6400,9.6300,9.6400,904,0
UMH.US,5,20131127,214000,9.6300,9.6400,9.6300,9.6400,1000,0
UMH.US,5,20131127,214500,9.6400,9.6400,9.6400,9.6400,600,0
UMH.US,5,20131127,215000,9.6300,9.6400,9.6300,9.6400,1000,0
UMH.US,5,20131127,215500,9.6200,9.6400,9.6200,9.6400,800,0
UMH.US,5,20131127,220000,9.6400,9.6400,9.6200,9.6400,1145,0
UMH.US,5,20131127,221000,9.6300,9.6300,9.6300,9.6300,4792,0
UMH.US,5,20131129,153500,9.6500,9.6500,9.6500,9.6500,700,0
UMH.US,5,20131129,155000,9.6300,9.6300,9.6300,9.6300,100,0
UMH.US,5,20131129,155500,9.6500,9.6500,9.6200,9.6200,400,0
UMH.US,5,20131129,160000,9.6200,9.6200,9.6200,9.6200,1407,0
UMH.US,5,20131129,161000,9.6400,9.6500,9.6200,9.6500,400,0
UMH.US,5,20131129,162000,9.6400,9.6400,9.6300,9.6300,325,0
UMH.US,5,20131129,162500,9.6300,9.6500,9.6200,9.6200,702,0
UMH.US,5,20131129,163500,9.6500,9.6500,9.6300,9.6500,1979,0
UMH.US,5,20131129,164000,9.6500,9.6500,9.6400,9.6400,300,0
UMH.US,5,20131129,165000,9.6500,9.6500,9.6500,9.6500,300,0
UMH.US,5,20131129,170000,9.6100,9.6400,9.6100,9.6400,400,0
UMH.US,5,20131129,170500,9.6500,9.6500,9.6400,9.6500,1050,0
UMH.US,5,20131129,171000,9.6400,9.6400,9.6200,9.6200,1500,0
UMH.US,5,20131129,171500,9.6300,9.6400,9.6300,9.6400,400,0
UMH.US,5,20131129,172000,9.6400,9.6400,9.6400,9.6400,100,0
UMH.US,5,20131129,173000,9.6500,9.6500,9.6500,9.6500,300,0
UMH.US,5,20131129,174000,9.6400,9.6500,9.6400,9.6500,400,0
UMH.US,5,20131129,175000,9.6200,9.6500,9.6200,9.6500,300,0
UMH.US,5,20131129,175500,9.6500,9.6500,9.6300,9.6500,5583,0
UMH.US,5,20131129,180000,9.6500,9.6500,9.6500,9.6500,2800,0
UMH.US,5,20131129,181000,9.6400,9.6400,9.6200,9.6200,900,0
UMH.US,5,20131129,181500,9.6400,9.6400,9.6400,9.6400,900,0
UMH.US,5,20131129,182000,9.6300,9.6400,9.6300,9.6400,1300,0
UMH.US,5,20131129,182500,9.6400,9.6400,9.6400,9.6400,200,0
UMH.US,5,20131129,183000,9.6400,9.6500,9.6400,9.6500,600,0
UMH.US,5,20131129,183500,9.6500,9.6500,9.6400,9.6500,1000,0
UMH.US,5,20131129,184000,9.6500,9.6500,9.6500,9.6500,1146,0
UMH.US,5,20131129,184500,9.6500,9.6500,9.6500,9.6500,900,0
UMH.US,5,20131129,185000,9.6500,9.6500,9.6500,9.6500,2000,0
UMH.US,5,20131129,185500,9.6500,9.6500,9.6400,9.6500,4500,0
UMH.US,5,20131129,190000,9.6500,9.6500,9.6200,9.6300,2800,0
UMH.US,5,20131129,191000,9.6200,9.6200,9.6200,9.6200,4252,0
UMH.US,5,20131202,153500,9.6500,9.6500,9.6500,9.6500,100,0
UMH.US,5,20131202,155000,9.6300,9.6300,9.6300,9.6300,300,0
UMH.US,5,20131202,160000,9.5700,9.5700,9.5600,9.5600,400,0
UMH.US,5,20131202,160500,9.5700,9.5700,9.5700,9.5700,100,0
UMH.US,5,20131202,161000,9.5700,9.5700,9.5700,9.5700,600,0
UMH.US,5,20131202,161500,9.5500,9.5500,9.5100,9.5300,1910,0
UMH.US,5,20131202,162000,9.5100,9.5100,9.5000,9.5100,300,0
UMH.US,5,20131202,162500,9.5100,9.5600,9.5100,9.5600,1050,0
UMH.US,5,20131202,163000,9.5600,9.5600,9.5500,9.5500,200,0
UMH.US,5,20131202,163500,9.5500,9.5700,9.5500,9.5500,1672,0
UMH.US,5,20131202,164000,9.5700,9.5700,9.5700,9.5700,1163,0
UMH.US,5,20131202,164500,9.5500,9.5700,9.5500,9.5700,1900,0
UMH.US,5,20131202,165000,9.5500,9.5500,9.5500,9.5500,1800,0
UMH.US,5,20131202,165500,9.5000,9.5000,9.5000,9.5000,200,0
UMH.US,5,20131202,171000,9.5000,9.5000,9.5000,9.5000,100,0
UMH.US,5,20131202,172000,9.5000,9.5000,9.5000,9.5000,100,0
UMH.US,5,20131202,172500,9.5100,9.5100,9.5100,9.5100,750,0
UMH.US,5,20131202,173000,9.5000,9.5100,9.5000,9.5100,200,0
UMH.US,5,20131202,174500,9.5100,9.5100,9.5100,9.5100,100,0
UMH.US,5,20131202,175000,9.5000,9.5000,9.4700,9.4700,746,0
UMH.US,5,20131202,180000,9.4700,9.4700,9.4700,9.4700,300,0
UMH.US,5,20131202,180500,9.4600,9.4600,9.4600,9.4600,100,0
UMH.US,5,20131202,181000,9.4700,9.4900,9.4600,9.4900,1025,0
UMH.US,5,20131202,182000,9.5000,9.5000,9.4800,9.4800,300,0
UMH.US,5,20131202,182500,9.5100,9.5100,9.5100,9.5100,300,0
UMH.US,5,20131202,183000,9.4900,9.4900,9.4900,9.4900,200,0
UMH.US,5,20131202,183500,9.4900,9.5000,9.4600,9.5000,3491,0
UMH.US,5,20131202,184000,9.4700,9.4700,9.4700,9.4700,100,0
UMH.US,5,20131202,184500,9.4700,9.4700,9.4600,9.4600,500,0
UMH.US,5,20131202,185000,9.4700,9.4700,9.4700,9.4700,200,0
UMH.US,5,20131202,185500,9.4700,9.4700,9.4700,9.4700,200,0
UMH.US,5,20131202,190000,9.4700,9.4700,9.4700,9.4700,300,0
UMH.US,5,20131202,191000,9.4700,9.4700,9.4700,9.4700,400,0
UMH.US,5,20131202,191500,9.4800,9.4800,9.4600,9.4600,772,0
UMH.US,5,20131202,192000,9.4600,9.4700,9.4600,9.4600,350,0
UMH.US,5,20131202,193000,9.4600,9.4600,9.4600,9.4600,590,0
UMH.US,5,20131202,193500,9.4600,9.4600,9.4600,9.4600,100,0
UMH.US,5,20131202,194000,9.4600,9.4600,9.4600,9.4600,100,0
UMH.US,5,20131202,194500,9.4500,9.4500,9.4500,9.4500,100,0
UMH.US,5,20131202,195500,9.4400,9.4400,9.4400,9.4400,1160,0
UMH.US,5,20131202,200000,9.4500,9.4500,9.4300,9.4500,1645,0
UMH.US,5,20131202,200500,9.4200,9.4200,9.4100,9.4100,300,0
UMH.US,5,20131202,201000,9.4200,9.4200,9.4100,9.4100,900,0
UMH.US,5,20131202,201500,9.4100,9.4100,9.4000,9.4000,400,0
UMH.US,5,20131202,202000,9.4100,9.4300,9.4100,9.4100,3000,0
UMH.US,5,20131202,202500,9.4200,9.4200,9.4200,9.4200,200,0
UMH.US,5,20131202,203000,9.4200,9.4300,9.4200,9.4300,500,0
UMH.US,5,20131202,203500,9.4400,9.4500,9.4400,9.4500,600,0
UMH.US,5,20131202,204000,9.4600,9.4600,9.4600,9.4600,100,0
UMH.US,5,20131202,204500,9.4600,9.4600,9.4500,9.4500,300,0
UMH.US,5,20131202,205000,9.4500,9.4700,9.4500,9.4700,1850,0
UMH.US,5,20131202,210500,9.4800,9.4800,9.4600,9.4600,1684,0
UMH.US,5,20131202,211000,9.4600,9.4600,9.4200,9.4200,4300,0
UMH.US,5,20131202,212000,9.4200,9.4200,9.4100,9.4100,1000,0
UMH.US,5,20131202,212500,9.4100,9.4200,9.4100,9.4100,1250,0
UMH.US,5,20131202,213000,9.4100,9.4100,9.4000,9.4000,2400,0
UMH.US,5,20131202,213500,9.4100,9.4100,9.3800,9.3800,1000,0
UMH.US,5,20131202,214000,9.3800,9.3800,9.3500,9.3500,1300,0
UMH.US,5,20131202,214500,9.3500,9.3500,9.3200,9.3200,5038,0
UMH.US,5,20131202,215000,9.3200,9.3300,9.3000,9.3000,4697,0
UMH.US,5,20131202,215500,9.3100,9.3200,9.3000,9.3200,3937,0
UMH.US,5,20131202,220000,9.3200,9.3700,9.3100,9.3600,5321,0
UMH.US,5,20131202,220500,9.3400,9.3400,9.3400,9.3400,5663,0
UMH.US,5,20131203,153500,9.3000,9.3000,9.3000,9.3000,100,0
UMH.US,5,20131203,154000,9.4200,9.4200,9.3000,9.3300,1800,0
UMH.US,5,20131203,154500,9.4000,9.4000,9.3400,9.3400,215,0
UMH.US,5,20131203,155000,9.4000,9.4000,9.4000,9.4000,200,0
UMH.US,5,20131203,155500,9.4200,9.4200,9.3800,9.3800,1200,0
UMH.US,5,20131203,160000,9.3500,9.3500,9.3500,9.3500,100,0
UMH.US,5,20131203,161000,9.3500,9.3800,9.3400,9.3400,1200,0
UMH.US,5,20131203,165000,9.3400,9.3700,9.3300,9.3300,1700,0
UMH.US,5,20131203,165500,9.3400,9.3600,9.3300,9.3600,1300,0
UMH.US,5,20131203,170000,9.3700,9.3700,9.3700,9.3700,100,0
UMH.US,5,20131203,170500,9.3700,9.3700,9.3700,9.3700,100,0
UMH.US,5,20131203,171000,9.3600,9.3700,9.3600,9.3600,600,0
UMH.US,5,20131203,172000,9.3400,9.3400,9.3400,9.3400,150,0
UMH.US,5,20131203,173500,9.3700,9.3700,9.3700,9.3700,100,0
UMH.US,5,20131203,174000,9.3800,9.3800,9.3800,9.3800,700,0
UMH.US,5,20131203,175500,9.3800,9.3800,9.3500,9.3600,3100,0
UMH.US,5,20131203,180000,9.3600,9.3800,9.3500,9.3600,800,0
UMH.US,5,20131203,180500,9.3800,9.3800,9.3800,9.3800,246,0
UMH.US,5,20131203,181000,9.3800,9.3800,9.3600,9.3600,460,0
UMH.US,5,20131203,182000,9.3800,9.3800,9.3800,9.3800,1600,0
UMH.US,5,20131203,182500,9.3900,9.4000,9.3800,9.3800,1495,0
UMH.US,5,20131203,183000,9.3800,9.3800,9.3800,9.3800,200,0
UMH.US,5,20131203,183500,9.3800,9.3800,9.3800,9.3800,100,0
UMH.US,5,20131203,184000,9.3800,9.3800,9.3800,9.3800,200,0
UMH.US,5,20131203,190000,9.3800,9.3800,9.3800,9.3800,100,0
UMH.US,5,20131203,192000,9.3900,9.3900,9.3800,9.3800,600,0
UMH.US,5,20131203,192500,9.3800,9.3800,9.3800,9.3800,400,0
UMH.US,5,20131203,193000,9.3800,9.3800,9.3800,9.3800,900,0
UMH.US,5,20131203,193500,9.3800,9.3900,9.3800,9.3900,500,0
UMH.US,5,20131203,194500,9.3800,9.3900,9.3800,9.3800,4200,0
UMH.US,5,20131203,195000,9.3800,9.3800,9.3800,9.3800,300,0
UMH.US,5,20131203,195500,9.3800,9.3800,9.3800,9.3800,100,0
UMH.US,5,20131203,200000,9.3800,9.3900,9.3800,9.3900,200,0
UMH.US,5,20131203,200500,9.3900,9.4000,9.3900,9.4000,1100,0
UMH.US,5,20131203,201000,9.4000,9.4000,9.4000,9.4000,1000,0
UMH.US,5,20131203,201500,9.4000,9.4000,9.3900,9.3900,300,0
UMH.US,5,20131203,202000,9.3800,9.3800,9.3800,9.3800,100,0
UMH.US,5,20131203,202500,9.4000,9.4100,9.3800,9.3800,2100,0
UMH.US,5,20131203,203000,9.4000,9.4100,9.3900,9.3900,2297,0
UMH.US,5,20131203,203500,9.3900,9.4100,9.3900,9.4100,600,0
UMH.US,5,20131203,204000,9.4100,9.4200,9.4100,9.4200,1459,0
UMH.US,5,20131203,204500,9.4100,9.4100,9.4100,9.4100,100,0
UMH.US,5,20131203,205500,9.4200,9.4400,9.4200,9.4300,1668,0
UMH.US,5,20131203,210000,9.4400,9.4400,9.4200,9.4300,1100,0
UMH.US,5,20131203,210500,9.4200,9.4200,9.3900,9.3900,3600,0
UMH.US,5,20131203,211000,9.4000,9.4300,9.3900,9.3900,3100,0
UMH.US,5,20131203,211500,9.4300,9.4300,9.3900,9.3900,500,0
UMH.US,5,20131203,212000,9.4000,9.4200,9.4000,9.4000,850,0
UMH.US,5,20131203,212500,9.4000,9.4100,9.3800,9.3800,1200,0
UMH.US,5,20131203,213000,9.3900,9.3900,9.3900,9.3900,100,0
UMH.US,5,20131203,213500,9.3900,9.3900,9.3800,9.3800,6195,0
UMH.US,5,20131203,214000,9.3900,9.3900,9.3800,9.3800,900,0
UMH.US,5,20131203,214500,9.3900,9.3900,9.3800,9.3800,2158,0
UMH.US,5,20131203,215000,9.3900,9.3900,9.3800,9.3900,1300,0
UMH.US,5,20131203,215500,9.4200,9.4300,9.4200,9.4200,2405,0
UMH.US,5,20131203,220000,9.4400,9.4500,9.4200,9.4300,2120,0
UMH.US,5,20131203,221000,9.4200,9.4200,9.4200,9.4200,6815,0
UMH.US,5,20131204,153500,9.4000,9.4200,9.4000,9.4000,900,0
UMH.US,5,20131204,154000,9.4000,9.4100,9.4000,9.4000,500,0
UMH.US,5,20131204,154500,9.3900,9.3900,9.3800,9.3800,300,0
UMH.US,5,20131204,155000,9.4000,9.4000,9.3800,9.3800,200,0
UMH.US,5,20131204,155500,9.3800,9.3800,9.3800,9.3800,100,0
UMH.US,5,20131204,160000,9.3900,9.3900,9.3900,9.3900,100,0
UMH.US,5,20131204,160500,9.4100,9.4100,9.3900,9.3900,200,0
UMH.US,5,20131204,161000,9.4100,9.4100,9.4100,9.4100,100,0
UMH.US,5,20131204,161500,9.4200,9.4800,9.4200,9.4500,500,0
UMH.US,5,20131204,162000,9.4200,9.4500,9.4200,9.4200,800,0
UMH.US,5,20131204,162500,9.4400,9.4400,9.4300,9.4300,800,0
UMH.US,5,20131204,163000,9.4300,9.4300,9.4300,9.4300,100,0
UMH.US,5,20131204,163500,9.4600,9.4600,9.4600,9.4600,100,0
UMH.US,5,20131204,164500,9.4900,9.5100,9.4900,9.5100,400,0
UMH.US,5,20131204,165000,9.5100,9.5100,9.5100,9.5100,350,0
UMH.US,5,20131204,165500,9.5100,9.5100,9.5000,9.5000,1000,0
UMH.US,5,20131204,170000,9.4600,9.4600,9.4600,9.4600,200,0
UMH.US,5,20131204,170500,9.4600,9.4600,9.4500,9.4500,200,0
UMH.US,5,20131204,171500,9.4500,9.4500,9.4500,9.4500,100,0
UMH.US,5,20131204,172000,9.4700,9.4700,9.4700,9.4700,100,0
UMH.US,5,20131204,172500,9.4700,9.4900,9.4500,9.4500,1299,0
UMH.US,5,20131204,173000,9.4700,9.4700,9.4700,9.4700,100,0
UMH.US,5,20131204,174000,9.4800,9.4800,9.4700,9.4700,700,0
UMH.US,5,20131204,180000,9.4900,9.4900,9.4700,9.4700,700,0
UMH.US,5,20131204,180500,9.4900,9.4900,9.4400,9.4500,5900,0
UMH.US,5,20131204,181000,9.4500,9.4500,9.4400,9.4400,300,0
UMH.US,5,20131204,181500,9.4500,9.4500,9.4400,9.4400,400,0
UMH.US,5,20131204,182500,9.4400,9.4400,9.4400,9.4400,900,0
UMH.US,5,20131204,183000,9.4400,9.4500,9.4400,9.4400,300,0
UMH.US,5,20131204,185500,9.4400,9.4500,9.4400,9.4400,500,0
UMH.US,5,20131204,190000,9.4500,9.4800,9.4400,9.4800,1000,0
UMH.US,5,20131204,191000,9.4500,9.4900,9.4400,9.4500,3425,0
UMH.US,5,20131204,191500,9.4400,9.4400,9.4400,9.4400,500,0
UMH.US,5,20131204,192000,9.4400,9.4400,9.4400,9.4400,100,0
UMH.US,5,20131204,192500,9.4400,9.4400,9.3900,9.3900,3600,0
UMH.US,5,20131204,193000,9.3900,9.4000,9.3900,9.4000,1300,0
UMH.US,5,20131204,193500,9.4000,9.4000,9.3800,9.3800,2100,0
UMH.US,5,20131204,194000,9.3800,9.3800,9.3800,9.3800,573,0
UMH.US,5,20131204,195000,9.3800,9.3900,9.3800,9.3900,500,0
UMH.US,5,20131204,195500,9.3900,9.4100,9.3900,9.4100,500,0
UMH.US,5,20131204,200000,9.4200,9.4200,9.4100,9.4100,200,0
UMH.US,5,20131204,202500,9.4100,9.4100,9.4100,9.4100,100,0
UMH.US,5,20131204,203000,9.4200,9.4300,9.4200,9.4300,200,0
UMH.US,5,20131204,204000,9.4300,9.4300,9.4300,9.4300,1200,0
UMH.US,5,20131204,205000,9.4400,9.4400,9.4400,9.4400,300,0
UMH.US,5,20131204,205500,9.4400,9.4400,9.4400,9.4400,715,0
UMH.US,5,20131204,211000,9.4400,9.4400,9.4400,9.4400,100,0
UMH.US,5,20131204,211500,9.4300,9.4400,9.4300,9.4400,200,0
UMH.US,5,20131204,212000,9.4400,9.4400,9.4300,9.4400,1100,0
UMH.US,5,20131204,212500,9.4300,9.4800,9.4200,9.4200,1874,0
UMH.US,5,20131204,213000,9.4100,9.4300,9.4100,9.4200,700,0
UMH.US,5,20131204,214000,9.4200,9.4500,9.4200,9.4500,700,0
UMH.US,5,20131204,214500,9.4500,9.4500,9.4500,9.4500,200,0
UMH.US,5,20131204,215000,9.4600,9.4600,9.4500,9.4600,700,0
UMH.US,5,20131204,215500,9.4600,9.4800,9.4600,9.4800,2768,0
UMH.US,5,20131204,220000,9.4800,9.4900,9.4800,9.4800,2070,0
UMH.US,5,20131204,220500,9.4600,9.4600,9.4600,9.4600,8904,0
UMH.US,5,20131205,154500,9.4500,9.4500,9.4500,9.4500,100,0
UMH.US,5,20131205,155000,9.4700,9.4700,9.4700,9.4700,100,0
UMH.US,5,20131205,155500,9.4700,9.4700,9.4500,9.4500,700,0
UMH.US,5,20131205,160000,9.4700,9.4700,9.4600,9.4600,260,0
UMH.US,5,20131205,160500,9.4500,9.4500,9.4500,9.4500,200,0
UMH.US,5,20131205,161000,9.4600,9.4600,9.4600,9.4600,100,0
UMH.US,5,20131205,161500,9.4600,9.4600,9.4500,9.4500,200,0
UMH.US,5,20131205,162000,9.4700,9.4700,9.4700,9.4700,100,0
UMH.US,5,20131205,162500,9.5000,9.5000,9.4700,9.4700,1100,0
UMH.US,5,20131205,163000,9.4700,9.4900,9.4700,9.4800,1000,0
UMH.US,5,20131205,163500,9.4800,9.5000,9.4800,9.5000,550,0
UMH.US,5,20131205,164000,9.4900,9.4900,9.4900,9.4900,900,0
UMH.US,5,20131205,164500,9.4700,9.4700,9.4700,9.4700,200,0
UMH.US,5,20131205,165500,9.5000,9.5000,9.5000,9.5000,200,0
UMH.US,5,20131205,170000,9.4900,9.4900,9.4900,9.4900,600,0
UMH.US,5,20131205,170500,9.4900,9.4900,9.4900,9.4900,100,0
UMH.US,5,20131205,171000,9.4900,9.4900,9.4900,9.4900,100,0
UMH.US,5,20131205,171500,9.4900,9.4900,9.4700,9.4700,800,0
UMH.US,5,20131205,172000,9.4900,9.4900,9.4900,9.4900,100,0
UMH.US,5,20131205,172500,9.5100,9.5100,9.5100,9.5100,100,0
UMH.US,5,20131205,174000,9.4900,9.4900,9.4800,9.4800,400,0
UMH.US,5,20131205,174500,9.4900,9.4900,9.4900,9.4900,100,0
UMH.US,5,20131205,175000,9.4900,9.4900,9.4900,9.4900,300,0
UMH.US,5,20131205,175500,9.5000,9.5100,9.5000,9.5100,400,0
UMH.US,5,20131205,180000,9.5100,9.5100,9.5000,9.5000,300,0
UMH.US,5,20131205,180500,9.5000,9.5000,9.5000,9.5000,628,0
UMH.US,5,20131205,181500,9.5000,9.5000,9.5000,9.5000,100,0
UMH.US,5,20131205,182500,9.5000,9.5200,9.5000,9.5000,3071,0
UMH.US,5,20131205,183000,9.5100,9.5100,9.5000,9.5000,300,0
UMH.US,5,20131205,184500,9.5200,9.5200,9.5000,9.5000,1100,0
UMH.US,5,20131205,185500,9.5100,9.5100,9.5000,9.5100,500,0
UMH.US,5,20131205,190000,9.5000,9.5100,9.5000,9.5100,200,0
UMH.US,5,20131205,191500,9.5000,9.5000,9.5000,9.5000,100,0
UMH.US,5,20131205,192000,9.5100,9.5100,9.5000,9.5000,300,0
UMH.US,5,20131205,192500,9.5000,9.5000,9.5000,9.5000,100,0
UMH.US,5,20131205,193000,9.5000,9.5000,9.5000,9.5000,100,0
UMH.US,5,20131205,194000,9.5100,9.5100,9.5000,9.5000,400,0
UMH.US,5,20131205,194500,9.5000,9.5000,9.5000,9.5000,100,0
UMH.US,5,20131205,195000,9.5000,9.5000,9.5000,9.5000,100,0
UMH.US,5,20131205,200000,9.5000,9.5000,9.5000,9.5000,100,0
UMH.US,5,20131205,200500,9.5000,9.5000,9.5000,9.5000,3284,0
UMH.US,5,20131205,201000,9.5000,9.5100,9.5000,9.5100,800,0
UMH.US,5,20131205,201500,9.5100,9.5200,9.5100,9.5100,300,0
UMH.US,5,20131205,202000,9.5000,9.5000,9.4700,9.4700,3562,0
UMH.US,5,20131205,203000,9.4700,9.4800,9.4700,9.4700,500,0
UMH.US,5,20131205,203500,9.4700,9.4700,9.4700,9.4700,100,0
UMH.US,5,20131205,204500,9.4700,9.4700,9.4700,9.4700,100,0
UMH.US,5,20131205,205000,9.4800,9.4800,9.4800,9.4800,100,0
UMH.US,5,20131205,205500,9.4900,9.4900,9.4900,9.4900,100,0
UMH.US,5,20131205,210000,9.4700,9.4700,9.4700,9.4700,212,0
UMH.US,5,20131205,211000,9.4700,9.4800,9.4700,9.4800,1400,0
UMH.US,5,20131205,211500,9.4800,9.5000,9.4800,9.4900,400,0
UMH.US,5,20131205,212000,9.4800,9.4900,9.4800,9.4900,1200,0
UMH.US,5,20131205,212500,9.4800,9.4800,9.4800,9.4800,100,0
UMH.US,5,20131205,213000,9.4800,9.4800,9.4700,9.4700,900,0
UMH.US,5,20131205,213500,9.4800,9.4800,9.4800,9.4800,100,0
UMH.US,5,20131205,214000,9.4700,9.4800,9.4700,9.4800,300,0
UMH.US,5,20131205,214500,9.4700,9.4700,9.4700,9.4700,100,0
UMH.US,5,20131205,215500,9.5100,9.5200,9.4800,9.4800,2827,0
UMH.US,5,20131205,220000,9.4800,9.5400,9.4700,9.5300,3830,0
UMH.US,5,20131205,220500,9.5100,9.5100,9.5100,9.5100,2249,0
UMH.US,5,20131206,153500,9.6000,9.6000,9.6000,9.6000,1100,0
UMH.US,5,20131206,155000,9.4900,9.5900,9.4900,9.5900,800,0
UMH.US,5,20131206,160000,9.5700,9.5700,9.5700,9.5700,368,0
UMH.US,5,20131206,160500,9.5800,9.6000,9.5800,9.6000,300,0
UMH.US,5,20131206,161500,9.5800,9.6000,9.5600,9.5600,4000,0
UMH.US,5,20131206,162000,9.5900,9.6000,9.5100,9.5300,1800,0
UMH.US,5,20131206,162500,9.5300,9.5300,9.5100,9.5100,300,0
UMH.US,5,20131206,163000,9.5400,9.5400,9.5400,9.5400,200,0
UMH.US,5,20131206,164000,9.5400,9.5400,9.5100,9.5100,300,0
UMH.US,5,20131206,170000,9.5300,9.5400,9.5300,9.5400,400,0
UMH.US,5,20131206,171000,9.5300,9.5300,9.5300,9.5300,300,0
UMH.US,5,20131206,172000,9.5400,9.5400,9.5400,9.5400,100,0
UMH.US,5,20131206,172500,9.5400,9.5400,9.5400,9.5400,100,0
UMH.US,5,20131206,173500,9.5800,9.5800,9.5500,9.5800,400,0
UMH.US,5,20131206,174000,9.5400,9.5400,9.5400,9.5400,100,0
UMH.US,5,20131206,174500,9.5600,9.5700,9.5600,9.5700,200,0
UMH.US,5,20131206,175500,9.5800,9.5800,9.5800,9.5800,300,0
UMH.US,5,20131206,180000,9.5900,9.6000,9.5500,9.5500,2500,0
UMH.US,5,20131206,180500,9.5500,9.5500,9.5500,9.5500,100,0
UMH.US,5,20131206,181000,9.5500,9.5500,9.5500,9.5500,100,0
UMH.US,5,20131206,181500,9.5800,9.5800,9.5500,9.5500,600,0
UMH.US,5,20131206,182500,9.5800,9.5800,9.5500,9.5800,1600,0
UMH.US,5,20131206,183500,9.5500,9.5500,9.5500,9.5500,300,0
UMH.US,5,20131206,184000,9.5800,9.5800,9.5800,9.5800,103,0
UMH.US,5,20131206,184500,9.5800,9.6000,9.5800,9.6000,2600,0
UMH.US,5,20131206,185000,9.6000,9.6000,9.6000,9.6000,100,0
UMH.US,5,20131206,185500,9.6000,9.6000,9.6000,9.6000,100,0
UMH.US,5,20131206,190000,9.5900,9.5900,9.5800,9.5800,1362,0
UMH.US,5,20131206,191500,9.5700,9.5900,9.5700,9.5900,500,0
UMH.US,5,20131206,192500,9.5700,9.5700,9.5700,9.5700,100,0
UMH.US,5,20131206,193000,9.5600,9.5600,9.5600,9.5600,100,0
UMH.US,5,20131206,193500,9.5600,9.5600,9.5600,9.5600,300,0
UMH.US,5,20131206,194500,9.5500,9.5600,9.5400,9.5400,2861,0
UMH.US,5,20131206,195000,9.5100,9.5100,9.5100,9.5100,100,0
UMH.US,5,20131206,200000,9.5300,9.5300,9.5300,9.5300,100,0
UMH.US,5,20131206,200500,9.5500,9.5500,9.5500,9.5500,105,0
UMH.US,5,20131206,201000,9.5500,9.5600,9.5100,9.5600,6962,0
UMH.US,5,20131206,201500,9.5600,9.5600,9.5100,9.5100,738,0
UMH.US,5,20131206,202000,9.5100,9.5100,9.5100,9.5100,400,0
UMH.US,5,20131206,202500,9.5100,9.5100,9.5100,9.5100,100,0
UMH.US,5,20131206,203500,9.5100,9.5100,9.5100,9.5100,100,0
UMH.US,5,20131206,204000,9.5500,9.5500,9.5200,9.5200,400,0
UMH.US,5,20131206,204500,9.5200,9.5200,9.5200,9.5200,100,0
UMH.US,5,20131206,205000,9.5600,9.5600,9.5600,9.5600,100,0
UMH.US,5,20131206,210000,9.5700,9.5700,9.5500,9.5500,300,0
UMH.US,5,20131206,211000,9.5600,9.5600,9.5600,9.5600,100,0
UMH.US,5,20131206,211500,9.5600,9.5600,9.5600,9.5600,100,0
UMH.US,5,20131206,213000,9.5600,9.5600,9.5500,9.5500,204,0
UMH.US,5,20131206,213500,9.5600,9.5600,9.5500,9.5500,500,0
UMH.US,5,20131206,214000,9.5600,9.5600,9.5500,9.5500,300,0
UMH.US,5,20131206,214500,9.5500,9.5600,9.5500,9.5600,300,0
UMH.US,5,20131206,215000,9.5600,9.5700,9.5600,9.5700,400,0
UMH.US,5,20131206,215500,9.5600,9.5700,9.5600,9.5600,2100,0
UMH.US,5,20131206,220000,9.5700,9.6000,9.5600,9.5900,4238,0
UMH.US,5,20131206,220500,9.5900,9.5900,9.5900,9.5900,2587,0
UMH.US,5,20131209,153500,9.5700,9.5800,9.5700,9.5800,1612,0
UMH.US,5,20131209,154000,9.5400,9.5400,9.5400,9.5400,2000,0
UMH.US,5,20131209,160000,9.5100,9.5200,9.5100,9.5200,2576,0
UMH.US,5,20131209,160500,9.5400,9.5400,9.5300,9.5300,1000,0
UMH.US,5,20131209,161000,9.5000,9.5200,9.4700,9.5100,1400,0
UMH.US,5,20131209,161500,9.5100,9.5200,9.5100,9.5200,900,0
UMH.US,5,20131209,162000,9.5500,9.5700,9.5500,9.5700,1000,0
UMH.US,5,20131209,162500,9.5600,9.5700,9.5600,9.5700,800,0
UMH.US,5,20131209,163000,9.5600,9.5600,9.5500,9.5500,1300,0
UMH.US,5,20131209,163500,9.5500,9.5600,9.5400,9.5400,2500,0
UMH.US,5,20131209,164000,9.5500,9.5600,9.5300,9.5500,1400,0
UMH.US,5,20131209,164500,9.5500,9.5600,9.5200,9.5200,3088,0
UMH.US,5,20131209,165000,9.5300,9.5400,9.5100,9.5100,1400,0
UMH.US,5,20131209,165500,9.5100,9.5300,9.5000,9.5300,600,0
UMH.US,5,20131209,170000,9.5300,9.5300,9.5100,9.5200,3300,0
UMH.US,5,20131209,170500,9.5300,9.5400,9.5200,9.5300,1400,0
UMH.US,5,20131209,171000,9.5300,9.5300,9.5200,9.5300,800,0
UMH.US,5,20131209,171500,9.5100,9.5200,9.5100,9.5100,800,0
UMH.US,5,20131209,172000,9.5200,9.5300,9.5200,9.5200,700,0
UMH.US,5,20131209,172500,9.5100,9.5100,9.5100,9.5100,300,0
UMH.US,5,20131209,173000,9.5100,9.5200,9.5100,9.5200,900,0
UMH.US,5,20131209,173500,9.5000,9.5000,9.4900,9.4900,300,0
UMH.US,5,20131209,174000,9.4700,9.5000,9.4500,9.4500,2400,0
UMH.US,5,20131209,174500,9.4500,9.4700,9.4500,9.4700,400,0
UMH.US,5,20131209,175000,9.4800,9.5100,9.4600,9.5100,600,0
UMH.US,5,20131209,175500,9.5000,9.5000,9.4800,9.4800,700,0
UMH.US,5,20131209,180000,9.4800,9.4800,9.4800,9.4800,400,0
UMH.US,5,20131209,180500,9.4800,9.4900,9.4800,9.4900,900,0
UMH.US,5,20131209,181000,9.4800,9.4800,9.4700,9.4700,992,0
UMH.US,5,20131209,182000,9.4800,9.4900,9.4800,9.4900,1200,0
UMH.US,5,20131209,182500,9.4800,9.4800,9.4800,9.4800,900,0
UMH.US,5,20131209,183000,9.4700,9.4800,9.4500,9.4500,1557,0
UMH.US,5,20131209,183500,9.4600,9.4800,9.4500,9.4800,1900,0
UMH.US,5,20131209,184000,9.4600,9.4600,9.4600,9.4600,400,0
UMH.US,5,20131209,185000,9.4600,9.4600,9.4600,9.4600,100,0
UMH.US,5,20131209,185500,9.4700,9.4700,9.4700,9.4700,100,0
UMH.US,5,20131209,190000,9.4900,9.4900,9.4900,9.4900,300,0
UMH.US,5,20131209,190500,9.4600,9.4600,9.4600,9.4600,200,0
UMH.US,5,20131209,191000,9.4600,9.4600,9.4600,9.4600,100,0
UMH.US,5,20131209,191500,9.4800,9.4800,9.4800,9.4800,200,0
UMH.US,5,20131209,192000,9.4700,9.4800,9.4600,9.4700,6700,0
UMH.US,5,20131209,192500,9.4600,9.4900,9.4600,9.4600,700,0
UMH.US,5,20131209,193000,9.4600,9.4600,9.4600,9.4600,200,0
UMH.US,5,20131209,193500,9.4800,9.4800,9.4700,9.4700,700,0
UMH.US,5,20131209,200000,9.4700,9.4800,9.4700,9.4800,300,0
UMH.US,5,20131209,200500,9.4700,9.4700,9.4700,9.4700,600,0
UMH.US,5,20131209,201000,9.4800,9.4800,9.4800,9.4800,15800,0
UMH.US,5,20131209,201500,9.4900,9.5000,9.4800,9.4800,2752,0
UMH.US,5,20131209,202500,9.4800,9.5100,9.4800,9.4800,1475,0
UMH.US,5,20131209,203000,9.4800,9.4800,9.4800,9.4800,100,0
UMH.US,5,20131209,203500,9.5000,9.5000,9.4900,9.4900,800,0
UMH.US,5,20131209,204000,9.4800,9.4800,9.4800,9.4800,200,0
UMH.US,5,20131209,204500,9.4900,9.4900,9.4900,9.4900,1500,0
UMH.US,5,20131209,210000,9.5000,9.5000,9.4900,9.4900,200,0
UMH.US,5,20131209,210500,9.5000,9.5000,9.4800,9.4800,2200,0
UMH.US,5,20131209,211000,9.4800,9.4900,9.4600,9.4600,2694,0
UMH.US,5,20131209,211500,9.4600,9.4600,9.4600,9.4600,3200,0
UMH.US,5,20131209,212000,9.4600,9.4600,9.4600,9.4600,2100,0
UMH.US,5,20131209,212500,9.4500,9.4800,9.4500,9.4800,1200,0
UMH.US,5,20131209,213000,9.4700,9.4700,9.4600,9.4600,1300,0
UMH.US,5,20131209,213500,9.4600,9.4600,9.4500,9.4600,1700,0
UMH.US,5,20131209,214000,9.4500,9.4700,9.4500,9.4700,2900,0
UMH.US,5,20131209,214500,9.4600,9.4800,9.4600,9.4800,2300,0
UMH.US,5,20131209,215000,9.4700,9.5000,9.4700,9.5000,2000,0
UMH.US,5,20131209,215500,9.4900,9.5300,9.4900,9.5300,2807,0
UMH.US,5,20131209,220000,9.5300,9.5400,9.4700,9.4700,15437,0
UMH.US,5,20131209,221000,9.4800,9.4800,9.4800,9.4800,5581,0
