<TICKER>,<PER>,<DTYYYYMMDD>,<TIME>,<OPEN>,<HIGH>,<LOW>,<CLOSE>,<VOL>,<OPENINT>
UNH.US,5,20131112,153500,70.4700,70.9000,70.4300,70.8300,124130,0
UNH.US,5,20131112,154000,70.8400,70.9000,70.5300,70.7300,49933,0
UNH.US,5,20131112,154500,70.7800,70.8900,70.6000,70.7600,41242,0
UNH.US,5,20131112,155000,70.7500,70.7600,70.5600,70.6600,79003,0
UNH.US,5,20131112,155500,70.6600,70.6700,70.4400,70.5000,92797,0
UNH.US,5,20131112,160000,70.5000,70.6400,70.4700,70.6100,95930,0
UNH.US,5,20131112,160500,70.6100,70.6200,70.4300,70.4800,39945,0
UNH.US,5,20131112,161000,70.4800,70.6200,70.4300,70.6200,37472,0
UNH.US,5,20131112,161500,70.6400,70.6800,70.5500,70.6200,27083,0
UNH.US,5,20131112,162000,70.6300,70.7800,70.6000,70.7800,63868,0
UNH.US,5,20131112,162500,70.7800,70.8300,70.7600,70.8300,37025,0
UNH.US,5,20131112,163000,70.8200,70.8300,70.7000,70.7600,42299,0
UNH.US,5,20131112,163500,70.7600,70.7800,70.6500,70.7100,30783,0
UNH.US,5,20131112,164000,70.7100,70.7400,70.6500,70.7000,29815,0
UNH.US,5,20131112,164500,70.7000,70.7300,70.5700,70.5800,68294,0
UNH.US,5,20131112,165000,70.5900,70.7000,70.5800,70.6800,36092,0
UNH.US,5,20131112,165500,70.6800,70.6800,70.5700,70.5700,46446,0
UNH.US,5,20131112,170000,70.5700,70.5700,70.4800,70.5200,35035,0
UNH.US,5,20131112,170500,70.5200,70.5300,70.4200,70.4200,47142,0
UNH.US,5,20131112,171000,70.4300,70.5100,70.4100,70.5000,28170,0
UNH.US,5,20131112,171500,70.5000,70.5900,70.4000,70.4000,55690,0
UNH.US,5,20131112,172000,70.4100,70.4900,70.3900,70.4800,27469,0
UNH.US,5,20131112,172500,70.4900,70.4900,70.3900,70.4700,28894,0
UNH.US,5,20131112,173000,70.4800,70.5100,70.4500,70.4700,21359,0
UNH.US,5,20131112,173500,70.4600,70.5700,70.4500,70.5700,32728,0
UNH.US,5,20131112,174000,70.5500,70.5500,70.3600,70.3600,22651,0
UNH.US,5,20131112,174500,70.3700,70.3700,70.2700,70.3000,36757,0
UNH.US,5,20131112,175000,70.3000,70.3000,70.2100,70.2500,21865,0
UNH.US,5,20131112,175500,70.2500,70.2700,70.2300,70.2600,23692,0
UNH.US,5,20131112,180000,70.2700,70.3700,70.2500,70.3400,22029,0
UNH.US,5,20131112,180500,70.3500,70.3600,70.1800,70.2000,71957,0
UNH.US,5,20131112,181000,70.2000,70.2000,70.1100,70.1300,29692,0
UNH.US,5,20131112,181500,70.1300,70.1900,70.1000,70.1700,17450,0
UNH.US,5,20131112,182000,70.1600,70.1600,70.1000,70.1000,19805,0
UNH.US,5,20131112,182500,70.1000,70.1000,70.0300,70.0300,19751,0
UNH.US,5,20131112,183000,70.0300,70.0700,70.0000,70.0700,25641,0
UNH.US,5,20131112,183500,70.0700,70.1200,70.0300,70.0600,24709,0
UNH.US,5,20131112,184000,70.0700,70.0700,70.0000,70.0500,13479,0
UNH.US,5,20131112,184500,70.0400,70.0900,70.0200,70.0700,26939,0
UNH.US,5,20131112,185000,70.0700,70.0700,70.0100,70.0400,18541,0
UNH.US,5,20131112,185500,70.0400,70.0700,70.0200,70.0500,24271,0
UNH.US,5,20131112,190000,70.0600,70.0700,70.0300,70.0400,17959,0
UNH.US,5,20131112,190500,70.0500,70.0500,69.9800,70.0200,25867,0
UNH.US,5,20131112,191000,70.0200,70.0600,70.0000,70.0400,22845,0
UNH.US,5,20131112,191500,70.0300,70.0900,70.0300,70.0600,17747,0
UNH.US,5,20131112,192000,70.0600,70.0800,70.0400,70.0700,29732,0
UNH.US,5,20131112,192500,70.0700,70.1000,70.0400,70.0700,32013,0
UNH.US,5,20131112,193000,70.0800,70.0800,70.0000,70.0100,22054,0
UNH.US,5,20131112,193500,70.0100,70.0300,69.8800,69.9000,35491,0
UNH.US,5,20131112,194000,69.9000,69.9700,69.8700,69.9500,45341,0
UNH.US,5,20131112,194500,69.9400,69.9700,69.9200,69.9500,47051,0
UNH.US,5,20131112,195000,69.9400,69.9700,69.9300,69.9600,24642,0
UNH.US,5,20131112,195500,69.9600,70.0100,69.9600,70.0000,14569,0
UNH.US,5,20131112,200000,70.0100,70.0500,69.9400,69.9500,38957,0
UNH.US,5,20131112,200500,69.9500,70.0500,69.9400,70.0300,20640,0
UNH.US,5,20131112,201000,70.0200,70.1100,70.0200,70.0900,15039,0
UNH.US,5,20131112,201500,70.0900,70.1000,70.0500,70.0600,18376,0
UNH.US,5,20131112,202000,70.0500,70.0900,70.0300,70.0700,19964,0
UNH.US,5,20131112,202500,70.0700,70.1100,70.0700,70.1000,23758,0
UNH.US,5,20131112,203000,70.1100,70.1500,70.0800,70.0900,26872,0
UNH.US,5,20131112,203500,70.0900,70.1300,70.0800,70.1100,24085,0
UNH.US,5,20131112,204000,70.1100,70.1500,70.1000,70.1000,19298,0
UNH.US,5,20131112,204500,70.1000,70.1700,70.0900,70.1700,14047,0
UNH.US,5,20131112,205000,70.1700,70.1800,70.1200,70.1400,21958,0
UNH.US,5,20131112,205500,70.1400,70.1500,70.0900,70.1100,35501,0
UNH.US,5,20131112,210000,70.1000,70.1600,70.1000,70.1100,60189,0
UNH.US,5,20131112,210500,70.1200,70.1500,70.0800,70.0900,57018,0
UNH.US,5,20131112,211000,70.0900,70.1100,70.0800,70.1000,32108,0
UNH.US,5,20131112,211500,70.1000,70.1200,70.0700,70.0900,39300,0
UNH.US,5,20131112,212000,70.1000,70.1100,70.0200,70.0300,44016,0
UNH.US,5,20131112,212500,70.0300,70.0500,69.9700,70.0100,60524,0
UNH.US,5,20131112,213000,70.0000,70.0300,69.9900,70.0100,39538,0
UNH.US,5,20131112,213500,70.0100,70.0200,69.9800,69.9900,52740,0
UNH.US,5,20131112,214000,69.9900,70.0300,69.9800,70.0200,47763,0
UNH.US,5,20131112,214500,70.0100,70.0200,69.9700,69.9800,88103,0
UNH.US,5,20131112,215000,69.9800,69.9800,69.9000,69.9500,88705,0
UNH.US,5,20131112,215500,69.9400,69.9600,69.9100,69.9300,102984,0
UNH.US,5,20131112,220000,69.9200,69.9800,69.9000,69.9700,177445,0
UNH.US,5,20131112,220500,69.9500,69.9500,69.9500,69.9500,169755,0
UNH.US,5,20131113,153500,69.9500,70.4100,69.8100,69.9700,69578,0
UNH.US,5,20131113,154000,70.0000,70.1500,69.9900,70.1400,71352,0
UNH.US,5,20131113,154500,70.1500,70.2100,70.0300,70.1600,37586,0
UNH.US,5,20131113,155000,70.1700,70.3400,70.0800,70.3000,89755,0
UNH.US,5,20131113,155500,70.3000,70.4200,70.2700,70.4200,75198,0
UNH.US,5,20131113,160000,70.4400,70.4900,70.3500,70.3800,69635,0
UNH.US,5,20131113,160500,70.3700,70.4200,70.3400,70.4200,93561,0
UNH.US,5,20131113,161000,70.4100,70.4300,70.3500,70.3500,69600,0
UNH.US,5,20131113,161500,70.3600,70.4200,70.3000,70.4000,49468,0
UNH.US,5,20131113,162000,70.4000,70.4400,70.3700,70.4300,55991,0
UNH.US,5,20131113,162500,70.4400,70.5400,70.4300,70.5200,31027,0
UNH.US,5,20131113,163000,70.5200,70.5800,70.5000,70.5400,39843,0
UNH.US,5,20131113,163500,70.5500,70.5700,70.5000,70.5000,28182,0
UNH.US,5,20131113,164000,70.5100,70.5500,70.4700,70.5300,29322,0
UNH.US,5,20131113,164500,70.5200,70.6200,70.5000,70.6100,25760,0
UNH.US,5,20131113,165000,70.6100,70.6400,70.5700,70.6000,31396,0
UNH.US,5,20131113,165500,70.6100,70.6500,70.5600,70.6300,32651,0
UNH.US,5,20131113,170000,70.6300,70.6600,70.6200,70.6500,26101,0
UNH.US,5,20131113,170500,70.6600,70.6800,70.6100,70.6200,23463,0
UNH.US,5,20131113,171000,70.6300,70.6800,70.6300,70.6700,22451,0
UNH.US,5,20131113,171500,70.6600,70.6600,70.6000,70.6000,17576,0
UNH.US,5,20131113,172000,70.6000,70.6000,70.4900,70.5500,36022,0
UNH.US,5,20131113,172500,70.5500,70.5500,70.4500,70.4800,37953,0
UNH.US,5,20131113,173000,70.4800,70.5800,70.4800,70.5500,28927,0
UNH.US,5,20131113,173500,70.5600,70.6600,70.5600,70.6500,25789,0
UNH.US,5,20131113,174000,70.6500,70.6600,70.6200,70.6300,25426,0
UNH.US,5,20131113,174500,70.6300,70.6500,70.5900,70.6000,16208,0
UNH.US,5,20131113,175000,70.6000,70.6600,70.6000,70.6200,15881,0
UNH.US,5,20131113,175500,70.6400,70.6700,70.6300,70.6300,15400,0
UNH.US,5,20131113,180000,70.6400,70.7200,70.6400,70.6900,32853,0
UNH.US,5,20131113,180500,70.6800,70.7100,70.6400,70.6900,18982,0
UNH.US,5,20131113,181000,70.6900,70.7100,70.6500,70.6900,33215,0
UNH.US,5,20131113,181500,70.6900,70.7100,70.6300,70.6400,19931,0
UNH.US,5,20131113,182000,70.6500,70.7400,70.6500,70.7200,30676,0
UNH.US,5,20131113,182500,70.7200,70.7500,70.7100,70.7300,21190,0
UNH.US,5,20131113,183000,70.7300,70.7900,70.7300,70.7700,49997,0
UNH.US,5,20131113,183500,70.7600,70.8000,70.7600,70.7600,26372,0
UNH.US,5,20131113,184000,70.7600,70.8300,70.7600,70.8200,23948,0
UNH.US,5,20131113,184500,70.8100,70.9000,70.8100,70.8900,37763,0
UNH.US,5,20131113,185000,70.8800,70.9600,70.8800,70.9400,38085,0
UNH.US,5,20131113,185500,70.9400,70.9600,70.9200,70.9400,44159,0
UNH.US,5,20131113,190000,70.9400,70.9600,70.8700,70.8700,41488,0
UNH.US,5,20131113,190500,70.8700,70.8800,70.7700,70.8000,23703,0
UNH.US,5,20131113,191000,70.8000,70.8600,70.7900,70.8400,25998,0
UNH.US,5,20131113,191500,70.8300,70.8400,70.7900,70.8200,19946,0
UNH.US,5,20131113,192000,70.8200,70.8500,70.8200,70.8400,24345,0
UNH.US,5,20131113,192500,70.8400,70.8700,70.8400,70.8500,20797,0
UNH.US,5,20131113,193000,70.8500,70.8900,70.8300,70.8900,26127,0
UNH.US,5,20131113,193500,70.8900,70.9600,70.8800,70.9500,26238,0
UNH.US,5,20131113,194000,70.9500,70.9600,70.8900,70.8900,27775,0
UNH.US,5,20131113,194500,70.8800,70.9200,70.8800,70.9100,26270,0
UNH.US,5,20131113,195000,70.9100,70.9800,70.9100,70.9600,34138,0
UNH.US,5,20131113,195500,70.9600,70.9600,70.9100,70.9200,19119,0
UNH.US,5,20131113,200000,70.9000,70.9100,70.8800,70.9100,22425,0
UNH.US,5,20131113,200500,70.9000,70.9400,70.9000,70.9000,21968,0
UNH.US,5,20131113,201000,70.9100,70.9100,70.8700,70.8800,23454,0
UNH.US,5,20131113,201500,70.8800,70.9300,70.8800,70.9200,23912,0
UNH.US,5,20131113,202000,70.9300,70.9400,70.8800,70.8800,35523,0
UNH.US,5,20131113,202500,70.8800,70.9500,70.8800,70.9400,27096,0
UNH.US,5,20131113,203000,70.9500,70.9900,70.9400,70.9700,37751,0
UNH.US,5,20131113,203500,70.9800,70.9800,70.9300,70.9400,19679,0
UNH.US,5,20131113,204000,70.9400,70.9800,70.9300,70.9500,25145,0
UNH.US,5,20131113,204500,70.9500,71.0300,70.9400,71.0300,48416,0
UNH.US,5,20131113,205000,71.0300,71.0900,71.0300,71.0900,38814,0
UNH.US,5,20131113,205500,71.0800,71.1000,71.0200,71.1000,33922,0
UNH.US,5,20131113,210000,71.1000,71.1300,71.0900,71.1200,36878,0
UNH.US,5,20131113,210500,71.1200,71.1200,71.0600,71.0700,21919,0
UNH.US,5,20131113,211000,71.0700,71.0700,71.0100,71.0200,31831,0
UNH.US,5,20131113,211500,71.0200,71.0400,71.0200,71.0200,23734,0
UNH.US,5,20131113,212000,71.0200,71.0600,71.0100,71.0500,35103,0
UNH.US,5,20131113,212500,71.0400,71.0500,71.0000,71.0200,39258,0
UNH.US,5,20131113,213000,71.0100,71.0300,70.9700,70.9700,38995,0
UNH.US,5,20131113,213500,70.9800,70.9800,70.9200,70.9400,67749,0
UNH.US,5,20131113,214000,70.9400,71.0000,70.9400,70.9800,63288,0
UNH.US,5,20131113,214500,70.9900,71.0300,70.9200,70.9300,99499,0
UNH.US,5,20131113,215000,70.9400,70.9900,70.9200,70.9900,208186,0
UNH.US,5,20131113,215500,70.9900,71.0100,70.9400,70.9600,186667,0
UNH.US,5,20131113,220000,70.9700,71.0200,70.9600,71.0000,192778,0
UNH.US,5,20131113,220500,71.0200,71.0200,71.0100,71.0100,227904,0
UNH.US,5,20131114,153500,71.3400,71.5200,71.1800,71.3300,51647,0
UNH.US,5,20131114,154000,71.3300,71.6000,71.3000,71.4200,56155,0
UNH.US,5,20131114,154500,71.4200,71.4900,71.2500,71.3100,187978,0
UNH.US,5,20131114,155000,71.3000,71.3800,71.2500,71.2600,58066,0
UNH.US,5,20131114,155500,71.2800,71.3400,71.2200,71.2200,41570,0
UNH.US,5,20131114,160000,71.2400,71.3400,71.1900,71.2100,37778,0
UNH.US,5,20131114,160500,71.2400,71.2500,71.0900,71.2000,48738,0
UNH.US,5,20131114,161000,71.2100,71.2600,71.1000,71.1500,36852,0
UNH.US,5,20131114,161500,71.1500,71.2300,71.1000,71.2200,26006,0
UNH.US,5,20131114,162000,71.2100,71.3000,71.2000,71.2000,31857,0
UNH.US,5,20131114,162500,71.1900,71.2500,71.1400,71.2500,36051,0
UNH.US,5,20131114,163000,71.2400,71.2500,71.1000,71.1000,30451,0
UNH.US,5,20131114,163500,71.1400,71.2000,71.0600,71.1400,43208,0
UNH.US,5,20131114,164000,71.1400,71.2900,71.1400,71.2900,20048,0
UNH.US,5,20131114,164500,71.3000,71.3300,71.1900,71.3300,34606,0
UNH.US,5,20131114,165000,71.3300,71.4200,71.2700,71.3400,46433,0
UNH.US,5,20131114,165500,71.3500,71.3500,71.2800,71.2900,23082,0
UNH.US,5,20131114,170000,71.2900,71.3200,71.2600,71.2800,28635,0
UNH.US,5,20131114,170500,71.2900,71.3800,71.2700,71.3300,30579,0
UNH.US,5,20131114,171000,71.3300,71.3800,71.2800,71.3500,54173,0
UNH.US,5,20131114,171500,71.3400,71.3600,71.1900,71.2500,73296,0
UNH.US,5,20131114,172000,71.2500,71.2600,71.1800,71.2200,37326,0
UNH.US,5,20131114,172500,71.2300,71.2400,71.1900,71.2300,45336,0
UNH.US,5,20131114,173000,71.2400,71.2500,71.0700,71.0800,47206,0
UNH.US,5,20131114,173500,71.0900,71.1300,70.9400,71.0100,41506,0
UNH.US,5,20131114,174000,71.0100,71.0300,70.9400,71.0300,21238,0
UNH.US,5,20131114,174500,71.0300,71.0700,71.0000,71.0500,30440,0
UNH.US,5,20131114,175000,71.0500,71.1300,71.0000,71.0000,19419,0
UNH.US,5,20131114,175500,71.0100,71.1000,71.0000,71.0800,22728,0
UNH.US,5,20131114,180000,71.0900,71.1100,71.0400,71.0900,33930,0
UNH.US,5,20131114,180500,71.0900,71.1000,71.0600,71.0600,14104,0
UNH.US,5,20131114,181000,71.0600,71.1200,71.0500,71.0600,32773,0
UNH.US,5,20131114,181500,71.0500,71.1400,71.0500,71.0700,28253,0
UNH.US,5,20131114,182000,71.0700,71.0800,71.0300,71.0400,23350,0
UNH.US,5,20131114,182500,71.0500,71.0900,71.0400,71.0700,18291,0
UNH.US,5,20131114,183000,71.0800,71.1300,71.0500,71.0900,14104,0
UNH.US,5,20131114,183500,71.1000,71.1600,71.0900,71.1500,21128,0
UNH.US,5,20131114,184000,71.1500,71.1900,71.1500,71.1600,19157,0
UNH.US,5,20131114,184500,71.1600,71.1800,71.1400,71.1500,15786,0
UNH.US,5,20131114,185000,71.1400,71.1500,71.0900,71.1200,9683,0
UNH.US,5,20131114,185500,71.1400,71.1900,71.1300,71.1700,10628,0
UNH.US,5,20131114,190000,71.1800,71.1900,71.0900,71.1400,15798,0
UNH.US,5,20131114,190500,71.1500,71.2200,71.1500,71.2200,14648,0
UNH.US,5,20131114,191000,71.2400,71.2500,71.2100,71.2300,18147,0
UNH.US,5,20131114,191500,71.2300,71.2800,71.2200,71.2700,22970,0
UNH.US,5,20131114,192000,71.2600,71.3400,71.2500,71.3200,42843,0
UNH.US,5,20131114,192500,71.3300,71.3400,71.2200,71.3200,47551,0
UNH.US,5,20131114,193000,71.3300,71.3600,71.3100,71.3400,25083,0
UNH.US,5,20131114,193500,71.3400,71.4400,71.3300,71.4100,27592,0
UNH.US,5,20131114,194000,71.4100,71.4700,71.4100,71.4700,29344,0
UNH.US,5,20131114,194500,71.4600,71.4700,71.4300,71.4300,17826,0
UNH.US,5,20131114,195000,71.4300,71.4600,71.4000,71.4300,15945,0
UNH.US,5,20131114,195500,71.4400,71.4600,71.4100,71.4200,24469,0
UNH.US,5,20131114,200000,71.4300,71.4400,71.3700,71.4200,21322,0
UNH.US,5,20131114,200500,71.4200,71.4200,71.3300,71.3600,49073,0
UNH.US,5,20131114,201000,71.3600,71.4000,71.3300,71.4000,32105,0
UNH.US,5,20131114,201500,71.4000,71.4200,71.4000,71.4000,17658,0
UNH.US,5,20131114,202000,71.4100,71.4600,71.4000,71.4400,38969,0
UNH.US,5,20131114,202500,71.4400,71.4600,71.4200,71.4200,23318,0
UNH.US,5,20131114,203000,71.4100,71.4400,71.3900,71.4300,34280,0
UNH.US,5,20131114,203500,71.4200,71.4500,71.3800,71.3900,37954,0
UNH.US,5,20131114,204000,71.3800,71.4000,71.3200,71.3500,50621,0
UNH.US,5,20131114,204500,71.3600,71.4000,71.3200,71.3900,30063,0
UNH.US,5,20131114,205000,71.3800,71.3900,71.3300,71.3900,27957,0
UNH.US,5,20131114,205500,71.3900,71.4100,71.3200,71.4100,43229,0
UNH.US,5,20131114,210000,71.4100,71.4300,71.3900,71.4000,26900,0
UNH.US,5,20131114,210500,71.4100,71.4200,71.3600,71.3800,49831,0
UNH.US,5,20131114,211000,71.3800,71.4300,71.3800,71.3900,40624,0
UNH.US,5,20131114,211500,71.3900,71.4500,71.3800,71.4100,42744,0
UNH.US,5,20131114,212000,71.4200,71.4200,71.3600,71.3900,36946,0
UNH.US,5,20131114,212500,71.4000,71.4300,71.3800,71.4000,35249,0
UNH.US,5,20131114,213000,71.4100,71.4300,71.3700,71.4100,56937,0
UNH.US,5,20131114,213500,71.4100,71.4300,71.3900,71.4100,32654,0
UNH.US,5,20131114,214000,71.4100,71.4400,71.3800,71.4100,65770,0
UNH.US,5,20131114,214500,71.4100,71.4600,71.4100,71.4400,79516,0
UNH.US,5,20131114,215000,71.4400,71.4500,71.4200,71.4300,65415,0
UNH.US,5,20131114,215500,71.4400,71.4400,71.3900,71.4100,54046,0
UNH.US,5,20131114,220000,71.4200,71.4500,71.4100,71.4400,112812,0
UNH.US,5,20131114,220500,71.4400,71.4400,71.4300,71.4400,1151700,0
UNH.US,5,20131114,221000,71.4400,71.4400,71.4400,71.4400,2270,0
UNH.US,5,20131115,153500,71.0900,71.5700,71.0900,71.5300,219109,0
UNH.US,5,20131115,154000,71.5700,71.7000,71.4900,71.5900,82935,0
UNH.US,5,20131115,154500,71.5500,71.6400,71.4100,71.6200,47961,0
UNH.US,5,20131115,155000,71.6200,71.7000,71.6100,71.6800,92363,0
UNH.US,5,20131115,155500,71.6800,71.7400,71.5600,71.7200,155188,0
UNH.US,5,20131115,160000,71.7200,71.7300,71.5700,71.6200,105332,0
UNH.US,5,20131115,160500,71.6300,71.6500,71.4600,71.5400,37330,0
UNH.US,5,20131115,161000,71.5400,71.6300,71.4400,71.5000,96394,0
UNH.US,5,20131115,161500,71.4900,71.5200,71.4400,71.4800,41243,0
UNH.US,5,20131115,162000,71.4800,71.5000,71.4200,71.4400,33566,0
UNH.US,5,20131115,162500,71.4400,71.4500,71.3700,71.4500,24465,0
UNH.US,5,20131115,163000,71.4600,71.5100,71.4000,71.4200,30961,0
UNH.US,5,20131115,163500,71.4200,71.4400,71.3900,71.4000,18584,0
UNH.US,5,20131115,164000,71.4000,71.4600,71.3700,71.4400,20469,0
UNH.US,5,20131115,164500,71.4600,71.5100,71.4300,71.4900,42556,0
UNH.US,5,20131115,165000,71.4900,71.5100,71.4800,71.5100,49751,0
UNH.US,5,20131115,165500,71.5100,71.5100,71.4800,71.5000,41755,0
UNH.US,5,20131115,170000,71.4900,71.5400,71.4800,71.5400,82560,0
UNH.US,5,20131115,170500,71.5300,71.6300,71.5300,71.6300,21934,0
UNH.US,5,20131115,171000,71.6300,71.6400,71.5500,71.5600,32935,0
UNH.US,5,20131115,171500,71.5700,71.6200,71.5600,71.6000,33953,0
UNH.US,5,20131115,172000,71.6000,71.6500,71.5800,71.6400,38633,0
UNH.US,5,20131115,172500,71.6300,71.7200,71.6000,71.7200,41992,0
UNH.US,5,20131115,173000,71.7200,71.7200,71.6500,71.6600,49290,0
UNH.US,5,20131115,173500,71.6600,71.7100,71.6500,71.7100,41756,0
UNH.US,5,20131115,174000,71.7100,71.7100,71.6300,71.7100,51357,0
UNH.US,5,20131115,174500,71.7100,71.7100,71.6500,71.7100,27371,0
UNH.US,5,20131115,175000,71.7000,71.7100,71.6500,71.6600,25179,0
UNH.US,5,20131115,175500,71.6600,71.7100,71.6500,71.6500,35866,0
UNH.US,5,20131115,180000,71.6500,71.7100,71.6300,71.7000,27639,0
UNH.US,5,20131115,180500,71.7000,71.7100,71.6300,71.6300,35064,0
UNH.US,5,20131115,181000,71.6300,71.7100,71.6300,71.6800,29411,0
UNH.US,5,20131115,181500,71.6800,71.6900,71.6400,71.6700,26835,0
UNH.US,5,20131115,182000,71.6700,71.6800,71.6100,71.6800,21206,0
UNH.US,5,20131115,182500,71.6900,71.7000,71.6800,71.6900,10218,0
UNH.US,5,20131115,183000,71.7000,71.7100,71.6900,71.6900,16018,0
UNH.US,5,20131115,183500,71.6800,71.7000,71.6800,71.7000,13106,0
UNH.US,5,20131115,184000,71.7000,71.7500,71.6900,71.7500,59654,0
UNH.US,5,20131115,184500,71.7500,71.7500,71.6800,71.7400,26683,0
UNH.US,5,20131115,185000,71.7500,71.7500,71.7300,71.7500,11341,0
UNH.US,5,20131115,185500,71.7500,71.7500,71.7000,71.7000,21406,0
UNH.US,5,20131115,190000,71.7000,71.7400,71.6700,71.7000,13349,0
UNH.US,5,20131115,190500,71.7100,71.7500,71.7100,71.7500,12651,0
UNH.US,5,20131115,191000,71.7400,71.8000,71.7300,71.7900,24896,0
UNH.US,5,20131115,191500,71.7900,71.8400,71.7800,71.8300,17243,0
UNH.US,5,20131115,192000,71.8200,71.8500,71.7900,71.8400,20138,0
UNH.US,5,20131115,192500,71.8500,71.8800,71.7900,71.8700,43924,0
UNH.US,5,20131115,193000,71.8800,71.9300,71.8800,71.9000,22799,0
UNH.US,5,20131115,193500,71.9000,71.9100,71.8700,71.8900,15327,0
UNH.US,5,20131115,194000,71.8900,71.9200,71.8700,71.8800,18176,0
UNH.US,5,20131115,194500,71.8700,71.8700,71.8200,71.8200,14895,0
UNH.US,5,20131115,195000,71.8200,71.8700,71.8100,71.8700,39365,0
UNH.US,5,20131115,195500,71.8700,71.9500,71.8700,71.9400,38459,0
UNH.US,5,20131115,200000,71.9500,71.9600,71.9300,71.9400,29946,0
UNH.US,5,20131115,200500,71.9400,71.9500,71.8900,71.9000,17962,0
UNH.US,5,20131115,201000,71.9100,71.9100,71.8500,71.8600,16823,0
UNH.US,5,20131115,201500,71.8500,71.8900,71.8200,71.8200,49413,0
UNH.US,5,20131115,202000,71.8200,71.8700,71.8000,71.8600,12236,0
UNH.US,5,20131115,202500,71.8600,71.8800,71.8200,71.8200,19959,0
UNH.US,5,20131115,203000,71.8200,71.8500,71.7700,71.7700,23268,0
UNH.US,5,20131115,203500,71.7600,71.7900,71.7600,71.7900,16307,0
UNH.US,5,20131115,204000,71.7800,71.8200,71.7700,71.7800,19417,0
UNH.US,5,20131115,204500,71.7800,71.7900,71.7600,71.7700,11482,0
UNH.US,5,20131115,205000,71.7600,71.7700,71.7300,71.7600,15651,0
UNH.US,5,20131115,205500,71.7600,71.7600,71.7100,71.7200,20612,0
UNH.US,5,20131115,210000,71.7100,71.7200,71.7000,71.7200,18523,0
UNH.US,5,20131115,210500,71.7100,71.7700,71.7100,71.7300,23716,0
UNH.US,5,20131115,211000,71.7400,71.7800,71.7300,71.7800,18324,0
UNH.US,5,20131115,211500,71.7800,71.7900,71.7400,71.7600,9402,0
UNH.US,5,20131115,212000,71.7700,71.8100,71.7400,71.8100,16028,0
UNH.US,5,20131115,212500,71.8000,71.8200,71.7600,71.7900,21848,0
UNH.US,5,20131115,213000,71.8000,71.8200,71.7700,71.8000,24084,0
UNH.US,5,20131115,213500,71.8100,71.8200,71.7800,71.7900,28635,0
UNH.US,5,20131115,214000,71.7900,71.8300,71.7700,71.7800,50758,0
UNH.US,5,20131115,214500,71.7800,71.8200,71.7600,71.7700,47257,0
UNH.US,5,20131115,215000,71.7700,71.8000,71.7600,71.7900,32344,0
UNH.US,5,20131115,215500,71.7900,71.8100,71.7700,71.7900,53281,0
UNH.US,5,20131115,220000,71.8000,71.8700,71.7900,71.8600,144651,0
UNH.US,5,20131115,220500,71.8700,71.8700,71.8700,71.8700,708352,0
UNH.US,5,20131118,153500,71.9700,72.1000,71.8600,71.9100,112886,0
UNH.US,5,20131118,154000,71.9600,71.9800,71.8100,71.9600,34971,0
UNH.US,5,20131118,154500,71.9500,71.9700,71.6700,71.8700,38162,0
UNH.US,5,20131118,155000,71.8600,71.8700,71.6900,71.8300,58326,0
UNH.US,5,20131118,155500,71.8400,71.9400,71.7500,71.9300,64485,0
UNH.US,5,20131118,160000,71.9400,71.9600,71.7400,71.7500,64457,0
UNH.US,5,20131118,160500,71.7400,71.7800,71.6200,71.6200,58694,0
UNH.US,5,20131118,161000,71.6200,71.8000,71.6100,71.8000,43779,0
UNH.US,5,20131118,161500,71.8000,71.8300,71.7500,71.8000,25671,0
UNH.US,5,20131118,162000,71.8200,72.0000,71.8100,71.9700,31247,0
UNH.US,5,20131118,162500,71.9800,71.9900,71.7600,71.7900,58776,0
UNH.US,5,20131118,163000,71.7900,71.8500,71.7400,71.7800,22917,0
UNH.US,5,20131118,163500,71.7800,71.7900,71.6400,71.6600,27265,0
UNH.US,5,20131118,164000,71.6700,71.7700,71.6600,71.6800,24255,0
UNH.US,5,20131118,164500,71.6800,71.7200,71.6500,71.6500,27031,0
UNH.US,5,20131118,165000,71.6500,71.8000,71.6500,71.7700,26246,0
UNH.US,5,20131118,165500,71.7700,71.8200,71.7600,71.8000,23090,0
UNH.US,5,20131118,170000,71.7900,71.8000,71.7400,71.7600,27657,0
UNH.US,5,20131118,170500,71.7600,71.9100,71.7600,71.8900,42303,0
UNH.US,5,20131118,171000,71.9000,71.9600,71.8700,71.9400,77379,0
UNH.US,5,20131118,171500,71.9400,71.9400,71.8800,71.9100,44188,0
UNH.US,5,20131118,172000,71.9200,71.9800,71.9000,71.9600,46891,0
UNH.US,5,20131118,172500,71.9500,71.9900,71.9400,71.9800,12278,0
UNH.US,5,20131118,173000,71.9900,71.9900,71.8700,71.8800,47167,0
UNH.US,5,20131118,173500,71.8800,71.9200,71.8100,71.8100,21395,0
UNH.US,5,20131118,174000,71.8100,71.8900,71.7700,71.8500,47972,0
UNH.US,5,20131118,174500,71.8600,71.8700,71.8100,71.8600,36624,0
UNH.US,5,20131118,175000,71.8700,71.9000,71.8500,71.9000,15034,0
UNH.US,5,20131118,175500,71.9100,71.9900,71.9000,71.9200,33190,0
UNH.US,5,20131118,180000,71.9200,71.9400,71.8200,71.8200,29323,0
UNH.US,5,20131118,180500,71.8200,71.8200,71.7300,71.7400,31880,0
UNH.US,5,20131118,181000,71.7400,71.8000,71.7300,71.8000,20171,0
UNH.US,5,20131118,181500,71.7900,71.8000,71.7700,71.7900,17943,0
UNH.US,5,20131118,182000,71.7800,71.7900,71.7400,71.7400,17033,0
UNH.US,5,20131118,182500,71.7500,71.7500,71.6100,71.6100,57741,0
UNH.US,5,20131118,183000,71.6100,71.6300,71.5100,71.5100,48072,0
UNH.US,5,20131118,183500,71.5200,71.6300,71.5200,71.6100,27598,0
UNH.US,5,20131118,184000,71.6200,71.6600,71.5800,71.6600,47157,0
UNH.US,5,20131118,184500,71.6600,71.6700,71.6100,71.6400,29455,0
UNH.US,5,20131118,185000,71.6500,71.7000,71.6500,71.6800,17457,0
UNH.US,5,20131118,185500,71.6800,71.7300,71.6600,71.7100,19513,0
UNH.US,5,20131118,190000,71.7100,71.7100,71.6600,71.6600,12929,0
UNH.US,5,20131118,190500,71.6600,71.7400,71.6500,71.7100,29008,0
UNH.US,5,20131118,191000,71.7300,71.7400,71.7000,71.7200,11826,0
UNH.US,5,20131118,191500,71.7100,71.7500,71.6900,71.7500,18899,0
UNH.US,5,20131118,192000,71.7400,71.7500,71.7000,71.7000,24634,0
UNH.US,5,20131118,192500,71.7000,71.7100,71.6800,71.7000,21290,0
UNH.US,5,20131118,193000,71.7000,71.7300,71.6700,71.7000,19658,0
UNH.US,5,20131118,193500,71.7000,71.7200,71.6700,71.7200,19537,0
UNH.US,5,20131118,194000,71.7200,71.7300,71.6900,71.7100,22503,0
UNH.US,5,20131118,194500,71.7000,71.7200,71.6900,71.7100,13032,0
UNH.US,5,20131118,195000,71.7100,71.7400,71.6800,71.6800,25406,0
UNH.US,5,20131118,195500,71.6700,71.7200,71.6500,71.7100,26421,0
UNH.US,5,20131118,200000,71.7200,71.7400,71.6700,71.6900,22648,0
UNH.US,5,20131118,200500,71.6900,71.7400,71.6700,71.7000,24624,0
UNH.US,5,20131118,201000,71.7000,71.7100,71.6700,71.6900,14268,0
UNH.US,5,20131118,201500,71.7000,71.7300,71.6900,71.7200,30065,0
UNH.US,5,20131118,202000,71.7100,71.7500,71.7000,71.7500,14185,0
UNH.US,5,20131118,202500,71.7500,71.7800,71.6900,71.7000,56318,0
UNH.US,5,20131118,203000,71.7000,71.7300,71.6900,71.7200,44574,0
UNH.US,5,20131118,203500,71.7200,71.7300,71.6800,71.6900,37900,0
UNH.US,5,20131118,204000,71.6900,71.7100,71.6800,71.7000,18093,0
UNH.US,5,20131118,204500,71.6900,71.6900,71.6400,71.6900,25912,0
UNH.US,5,20131118,205000,71.6900,71.7100,71.6500,71.6900,35559,0
UNH.US,5,20131118,205500,71.6900,71.7100,71.6600,71.6900,32299,0
UNH.US,5,20131118,210000,71.6800,71.7000,71.6700,71.6900,24886,0
UNH.US,5,20131118,210500,71.7000,71.7100,71.6600,71.6900,23914,0
UNH.US,5,20131118,211000,71.7000,71.7000,71.6600,71.6600,39467,0
UNH.US,5,20131118,211500,71.6600,71.6800,71.5500,71.5500,60216,0
UNH.US,5,20131118,212000,71.5700,71.6000,71.5000,71.5700,43200,0
UNH.US,5,20131118,212500,71.5800,71.6100,71.5600,71.5800,29999,0
UNH.US,5,20131118,213000,71.5700,71.5800,71.5200,71.5600,48104,0
UNH.US,5,20131118,213500,71.5600,71.5600,71.5000,71.5600,57310,0
UNH.US,5,20131118,214000,71.5500,71.6100,71.5400,71.6100,44330,0
UNH.US,5,20131118,214500,71.6000,71.6500,71.5700,71.6000,83353,0
UNH.US,5,20131118,215000,71.6100,71.6300,71.5700,71.5700,144894,0
UNH.US,5,20131118,215500,71.5700,71.6300,71.5600,71.5700,58491,0
UNH.US,5,20131118,220000,71.5800,71.6800,71.5500,71.6700,87403,0
UNH.US,5,20131118,220500,71.6700,71.6800,71.6600,71.6800,223568,0
UNH.US,5,20131119,153500,71.7600,71.9100,71.6500,71.7500,197678,0
UNH.US,5,20131119,154000,71.7000,71.7500,71.5200,71.5200,28816,0
UNH.US,5,20131119,154500,71.5600,71.7100,71.5600,71.6000,18218,0
UNH.US,5,20131119,155000,71.6000,71.7100,71.5200,71.5900,133168,0
UNH.US,5,20131119,155500,71.5900,71.7000,71.5900,71.7000,31255,0
UNH.US,5,20131119,160000,71.7000,71.7200,71.6000,71.6600,26542,0
UNH.US,5,20131119,160500,71.6700,71.7500,71.6200,71.7100,32976,0
UNH.US,5,20131119,161000,71.7200,71.7400,71.6300,71.6300,31990,0
UNH.US,5,20131119,161500,71.6400,71.6900,71.6300,71.6600,21540,0
UNH.US,5,20131119,162000,71.6600,71.7400,71.6300,71.6300,50866,0
UNH.US,5,20131119,162500,71.6500,71.7400,71.6500,71.7200,34542,0
UNH.US,5,20131119,163000,71.7100,71.7100,71.6600,71.6700,25448,0
UNH.US,5,20131119,163500,71.6800,71.7000,71.6200,71.6300,25420,0
UNH.US,5,20131119,164000,71.6300,71.7100,71.5900,71.6800,50819,0
UNH.US,5,20131119,164500,71.6800,71.7300,71.6600,71.6900,28749,0
UNH.US,5,20131119,165000,71.6900,71.7500,71.6600,71.6700,36613,0
UNH.US,5,20131119,165500,71.6700,71.7300,71.6500,71.6900,39493,0
UNH.US,5,20131119,170000,71.6900,71.7300,71.6800,71.7100,48959,0
UNH.US,5,20131119,170500,71.7000,71.7100,71.6600,71.6600,22657,0
UNH.US,5,20131119,171000,71.6700,71.7200,71.6600,71.6600,29491,0
UNH.US,5,20131119,171500,71.6500,71.6800,71.6100,71.6500,26757,0
UNH.US,5,20131119,172000,71.6600,71.7000,71.6300,71.6700,17528,0
UNH.US,5,20131119,172500,71.6600,71.6800,71.5800,71.5800,26013,0
UNH.US,5,20131119,173000,71.5900,71.6100,71.5500,71.6100,23321,0
UNH.US,5,20131119,173500,71.6000,71.6500,71.5700,71.5900,31818,0
UNH.US,5,20131119,174000,71.6000,71.6700,71.6000,71.6200,72085,0
UNH.US,5,20131119,174500,71.6200,71.6200,71.5000,71.5100,15353,0
UNH.US,5,20131119,175000,71.5000,71.5200,71.4500,71.4900,42944,0
UNH.US,5,20131119,175500,71.5000,71.5800,71.5000,71.5800,26073,0
UNH.US,5,20131119,180000,71.5900,71.5900,71.5400,71.5500,15283,0
UNH.US,5,20131119,180500,71.5500,71.5600,71.4600,71.5100,25875,0
UNH.US,5,20131119,181000,71.5100,71.5800,71.4600,71.4700,62275,0
UNH.US,5,20131119,181500,71.4800,71.4800,71.3900,71.3900,36816,0
UNH.US,5,20131119,182000,71.3800,71.3900,71.3200,71.3500,57693,0
UNH.US,5,20131119,182500,71.3400,71.4300,71.3000,71.4300,29097,0
UNH.US,5,20131119,183000,71.4300,71.4400,71.3800,71.3800,34524,0
UNH.US,5,20131119,183500,71.3900,71.4300,71.3300,71.4100,43746,0
UNH.US,5,20131119,184000,71.4100,71.4100,71.3700,71.3900,31148,0
UNH.US,5,20131119,184500,71.4000,71.4500,71.3900,71.4500,34621,0
UNH.US,5,20131119,185000,71.4400,71.4800,71.4200,71.4800,26056,0
UNH.US,5,20131119,185500,71.4800,71.5100,71.4100,71.4100,24951,0
UNH.US,5,20131119,190000,71.4100,71.4100,71.3500,71.4000,25687,0
UNH.US,5,20131119,190500,71.4000,71.4300,71.3700,71.4200,18821,0
UNH.US,5,20131119,191000,71.4200,71.4300,71.3000,71.3400,18554,0
UNH.US,5,20131119,191500,71.3300,71.3400,71.2900,71.3000,17272,0
UNH.US,5,20131119,192000,71.3000,71.3800,71.2900,71.3700,17286,0
UNH.US,5,20131119,192500,71.3800,71.3800,71.3100,71.3200,19166,0
UNH.US,5,20131119,193000,71.3100,71.3400,71.2700,71.3000,25151,0
UNH.US,5,20131119,193500,71.2900,71.3200,71.2600,71.2800,31972,0
UNH.US,5,20131119,194000,71.2800,71.3600,71.2700,71.3100,37249,0
UNH.US,5,20131119,194500,71.3100,71.4100,71.3000,71.4100,26394,0
UNH.US,5,20131119,195000,71.4100,71.4300,71.3700,71.4200,18602,0
UNH.US,5,20131119,195500,71.4200,71.4200,71.3600,71.4100,27068,0
UNH.US,5,20131119,200000,71.4100,71.4400,71.3500,71.3500,31725,0
UNH.US,5,20131119,200500,71.3500,71.4600,71.3500,71.4200,41292,0
UNH.US,5,20131119,201000,71.4200,71.5000,71.4100,71.4100,42571,0
UNH.US,5,20131119,201500,71.4000,71.4800,71.3500,71.4700,34308,0
UNH.US,5,20131119,202000,71.4700,71.5100,71.4700,71.4900,25734,0
UNH.US,5,20131119,202500,71.5000,71.5100,71.4600,71.4900,27851,0
UNH.US,5,20131119,203000,71.4900,71.5100,71.4600,71.4700,22593,0
UNH.US,5,20131119,203500,71.4700,71.5100,71.4400,71.5000,43977,0
UNH.US,5,20131119,204000,71.4900,71.5300,71.4600,71.4900,72707,0
UNH.US,5,20131119,204500,71.4900,71.5100,71.4500,71.4800,25283,0
UNH.US,5,20131119,205000,71.4900,71.5200,71.4800,71.4900,44665,0
UNH.US,5,20131119,205500,71.4900,71.5100,71.4700,71.5000,18204,0
UNH.US,5,20131119,210000,71.4900,71.5100,71.4600,71.4900,28807,0
UNH.US,5,20131119,210500,71.4900,71.5900,71.4900,71.5600,59285,0
UNH.US,5,20131119,211000,71.5500,71.6900,71.5400,71.6900,61320,0
UNH.US,5,20131119,211500,71.6900,71.6900,71.6000,71.6300,61170,0
UNH.US,5,20131119,212000,71.6400,71.6600,71.6000,71.6300,56554,0
UNH.US,5,20131119,212500,71.6300,71.6500,71.5900,71.6400,63456,0
UNH.US,5,20131119,213000,71.6400,71.6700,71.6100,71.6600,143893,0
UNH.US,5,20131119,213500,71.6600,71.7000,71.6000,71.6000,85337,0
UNH.US,5,20131119,214000,71.6100,71.6500,71.6000,71.6100,55389,0
UNH.US,5,20131119,214500,71.6100,71.6500,71.5900,71.6100,110672,0
UNH.US,5,20131119,215000,71.6100,71.6400,71.5800,71.6100,92794,0
UNH.US,5,20131119,215500,71.6000,71.6300,71.5900,71.5900,96433,0
UNH.US,5,20131119,220000,71.6000,71.6200,71.5800,71.6100,184477,0
UNH.US,5,20131119,220500,71.6000,71.6100,71.6000,71.6100,163755,0
UNH.US,5,20131120,153500,71.8800,71.9200,71.6600,71.8900,112241,0
UNH.US,5,20131120,154000,71.8900,72.0200,71.7500,71.7500,57732,0
UNH.US,5,20131120,154500,71.7800,72.0000,71.7700,71.9700,40377,0
UNH.US,5,20131120,155000,72.0000,72.0400,71.7900,71.8500,58336,0
UNH.US,5,20131120,155500,71.8400,71.9700,71.7500,71.8500,87899,0
UNH.US,5,20131120,160000,71.8600,72.1700,71.8300,72.0700,67199,0
UNH.US,5,20131120,160500,72.0500,72.3400,72.0100,72.3100,80922,0
UNH.US,5,20131120,161000,72.3100,72.3100,72.1700,72.1800,44953,0
UNH.US,5,20131120,161500,72.2100,72.2200,72.0800,72.1400,48487,0
UNH.US,5,20131120,162000,72.1500,72.2600,72.0900,72.2300,61787,0
UNH.US,5,20131120,162500,72.2500,72.3500,72.1900,72.3400,84130,0
UNH.US,5,20131120,163000,72.3300,72.3600,71.9800,72.0600,64647,0
UNH.US,5,20131120,163500,72.0700,72.2400,72.0600,72.0600,51723,0
UNH.US,5,20131120,164000,72.0600,72.1300,71.9800,72.0800,48862,0
UNH.US,5,20131120,164500,72.0600,72.1200,72.0200,72.0700,54871,0
UNH.US,5,20131120,165000,72.0800,72.1100,72.0100,72.0400,37081,0
UNH.US,5,20131120,165500,72.0600,72.0800,72.0200,72.0300,30131,0
UNH.US,5,20131120,170000,72.0200,72.0700,72.0000,72.0600,26509,0
UNH.US,5,20131120,170500,72.0600,72.0600,72.0100,72.0500,30842,0
UNH.US,5,20131120,171000,72.0500,72.1900,72.0400,72.1800,30617,0
UNH.US,5,20131120,171500,72.1900,72.2200,72.1400,72.2000,99531,0
UNH.US,5,20131120,172000,72.1900,72.2100,72.1400,72.1900,29053,0
UNH.US,5,20131120,172500,72.2100,72.3700,72.1900,72.3600,60780,0
UNH.US,5,20131120,173000,72.3700,72.4400,72.3400,72.3400,42535,0
UNH.US,5,20131120,173500,72.3600,72.4000,72.3100,72.3600,42513,0
UNH.US,5,20131120,174000,72.3600,72.4300,72.3500,72.3800,59812,0
UNH.US,5,20131120,174500,72.3800,72.4900,72.3700,72.4500,52620,0
UNH.US,5,20131120,175000,72.4600,72.4800,72.4000,72.4200,45569,0
UNH.US,5,20131120,175500,72.4100,72.5300,72.4000,72.5300,65502,0
UNH.US,5,20131120,180000,72.5400,72.6400,72.4700,72.6400,78022,0
UNH.US,5,20131120,180500,72.6400,72.6400,72.5200,72.6000,87200,0
UNH.US,5,20131120,181000,72.6100,72.6300,72.5300,72.5700,36732,0
UNH.US,5,20131120,181500,72.5600,72.6000,72.5400,72.5700,23824,0
UNH.US,5,20131120,182000,72.5600,72.5600,72.4800,72.5400,17690,0
UNH.US,5,20131120,182500,72.5500,72.5900,72.5200,72.5700,26598,0
UNH.US,5,20131120,183000,72.5600,72.6400,72.5600,72.6300,53706,0
UNH.US,5,20131120,183500,72.6100,72.7200,72.6100,72.7200,80884,0
UNH.US,5,20131120,184000,72.7200,72.8600,72.7200,72.7400,94004,0
UNH.US,5,20131120,184500,72.7400,72.7400,72.6600,72.7300,31142,0
UNH.US,5,20131120,185000,72.7300,72.7800,72.7200,72.7400,43694,0
UNH.US,5,20131120,185500,72.7400,72.7500,72.7200,72.7300,23945,0
UNH.US,5,20131120,190000,72.7200,72.7900,72.7200,72.7800,35946,0
UNH.US,5,20131120,190500,72.7700,72.7800,72.6800,72.7000,64059,0
UNH.US,5,20131120,191000,72.7000,72.7100,72.6300,72.6400,29191,0
UNH.US,5,20131120,191500,72.6400,72.6400,72.5700,72.6100,25559,0
UNH.US,5,20131120,192000,72.6100,72.6100,72.4800,72.5000,100369,0
UNH.US,5,20131120,192500,72.4900,72.5400,72.4900,72.5300,13081,0
UNH.US,5,20131120,193000,72.5300,72.5500,72.4800,72.4900,36050,0
UNH.US,5,20131120,193500,72.4900,72.5300,72.4100,72.4200,59567,0
UNH.US,5,20131120,194000,72.4300,72.4300,72.3800,72.4000,28497,0
UNH.US,5,20131120,194500,72.4000,72.4500,72.3900,72.4000,17007,0
UNH.US,5,20131120,195000,72.4000,72.4400,72.4000,72.4300,15719,0
UNH.US,5,20131120,195500,72.4300,72.4500,72.4300,72.4400,23872,0
UNH.US,5,20131120,200000,72.4400,72.4400,72.3900,72.4300,32596,0
UNH.US,5,20131120,200500,72.4200,72.4700,72.2500,72.4500,61948,0
UNH.US,5,20131120,201000,72.4300,72.4600,72.3700,72.4300,27281,0
UNH.US,5,20131120,201500,72.4400,72.4500,72.3100,72.3500,39210,0
UNH.US,5,20131120,202000,72.3400,72.4100,72.3200,72.4000,31755,0
UNH.US,5,20131120,202500,72.3800,72.3800,72.2800,72.3400,45233,0
UNH.US,5,20131120,203000,72.3500,72.3500,72.2800,72.3000,28365,0
UNH.US,5,20131120,203500,72.2900,72.3000,72.2400,72.3000,32085,0
UNH.US,5,20131120,204000,72.2900,72.3000,72.1900,72.2200,45276,0
UNH.US,5,20131120,204500,72.2300,72.2300,72.0700,72.1600,98901,0
UNH.US,5,20131120,205000,72.1500,72.2400,72.1300,72.2100,35484,0
UNH.US,5,20131120,205500,72.2100,72.2300,72.1800,72.2300,29877,0
UNH.US,5,20131120,210000,72.2200,72.2200,72.1000,72.2100,43136,0
UNH.US,5,20131120,210500,72.2000,72.2000,72.0800,72.0800,31079,0
UNH.US,5,20131120,211000,72.0800,72.1200,71.9700,71.9700,64706,0
UNH.US,5,20131120,211500,71.9900,72.0100,71.9500,72.0000,62366,0
UNH.US,5,20131120,212000,72.0000,72.0100,71.9300,71.9700,43785,0
UNH.US,5,20131120,212500,71.9700,72.0600,71.9700,72.0200,51196,0
UNH.US,5,20131120,213000,72.0200,72.0200,71.9200,71.9600,95523,0
UNH.US,5,20131120,213500,71.9600,71.9700,71.8700,71.8900,68761,0
UNH.US,5,20131120,214000,71.8900,71.9500,71.8700,71.9500,37303,0
UNH.US,5,20131120,214500,71.9500,72.0200,71.9400,71.9700,41872,0
UNH.US,5,20131120,215000,71.9800,71.9900,71.9100,71.9600,131533,0
UNH.US,5,20131120,215500,71.9600,71.9700,71.9200,71.9700,109531,0
UNH.US,5,20131120,220000,71.9700,72.0800,71.9600,71.9800,299714,0
UNH.US,5,20131120,220500,71.9800,71.9800,71.9800,71.9800,735712,0
UNH.US,5,20131121,153500,72.3900,73.0500,72.3700,73.0300,180855,0
UNH.US,5,20131121,154000,73.0400,73.3700,73.0100,73.2700,150229,0
UNH.US,5,20131121,154500,73.2900,73.3300,73.1100,73.1300,136647,0
UNH.US,5,20131121,155000,73.1100,73.2000,73.0300,73.1700,179232,0
UNH.US,5,20131121,155500,73.1900,73.3500,73.1800,73.3000,87857,0
UNH.US,5,20131121,160000,73.3000,73.4400,73.2800,73.4000,90231,0
UNH.US,5,20131121,160500,73.4000,73.4400,73.2800,73.4000,51307,0
UNH.US,5,20131121,161000,73.4000,73.4700,73.3900,73.4500,43221,0
UNH.US,5,20131121,161500,73.4600,73.4900,73.4200,73.4900,56936,0
UNH.US,5,20131121,162000,73.5000,73.5100,73.4000,73.4700,73936,0
UNH.US,5,20131121,162500,73.4800,73.5400,73.4800,73.5000,71185,0
UNH.US,5,20131121,163000,73.5200,73.5200,73.4100,73.4900,58861,0
UNH.US,5,20131121,163500,73.4900,73.6000,73.4900,73.5500,56942,0
UNH.US,5,20131121,164000,73.5400,73.5900,73.5400,73.5900,24385,0
UNH.US,5,20131121,164500,73.5800,73.6800,73.5700,73.6100,50373,0
UNH.US,5,20131121,165000,73.6000,73.6600,73.5100,73.5200,48463,0
UNH.US,5,20131121,165500,73.5300,73.5300,73.2900,73.2900,123787,0
UNH.US,5,20131121,170000,73.3000,73.3600,73.2900,73.3000,61253,0
UNH.US,5,20131121,170500,73.3000,73.4200,73.2900,73.4200,49774,0
UNH.US,5,20131121,171000,73.4100,73.4400,73.3800,73.4100,45251,0
UNH.US,5,20131121,171500,73.4100,73.4100,73.3600,73.3600,41992,0
UNH.US,5,20131121,172000,73.3700,73.3900,73.3400,73.3700,35996,0
UNH.US,5,20131121,172500,73.3800,73.3900,73.3000,73.3100,26200,0
UNH.US,5,20131121,173000,73.3000,73.3800,73.2900,73.3800,28914,0
UNH.US,5,20131121,173500,73.3900,73.4000,73.3500,73.3800,39809,0
UNH.US,5,20131121,174000,73.3900,73.4300,73.3800,73.4000,26925,0
UNH.US,5,20131121,174500,73.4000,73.4800,73.4000,73.4800,49186,0
UNH.US,5,20131121,175000,73.4800,73.4900,73.3700,73.3800,35134,0
UNH.US,5,20131121,175500,73.3900,73.4000,73.3700,73.3800,13618,0
UNH.US,5,20131121,180000,73.3900,73.3900,73.3500,73.3800,20938,0
UNH.US,5,20131121,180500,73.3800,73.3800,73.2500,73.2700,27428,0
UNH.US,5,20131121,181000,73.2600,73.2700,73.1500,73.2000,19012,0
UNH.US,5,20131121,181500,73.2000,73.2000,73.1500,73.1800,13803,0
UNH.US,5,20131121,182000,73.1700,73.1800,73.1100,73.1200,16459,0
UNH.US,5,20131121,182500,73.1200,73.1200,72.9600,72.9600,44182,0
UNH.US,5,20131121,183000,72.9700,72.9800,72.8800,72.9500,31778,0
UNH.US,5,20131121,183500,72.9700,73.0900,72.9700,73.0800,27950,0
UNH.US,5,20131121,184000,73.0900,73.1700,73.0900,73.1500,36056,0
UNH.US,5,20131121,184500,73.1500,73.1700,73.1200,73.1700,21765,0
UNH.US,5,20131121,185000,73.1600,73.1600,73.0700,73.1300,23648,0
UNH.US,5,20131121,185500,73.1300,73.1300,73.1000,73.1000,17468,0
UNH.US,5,20131121,190000,73.1100,73.1100,73.0000,73.0200,37852,0
UNH.US,5,20131121,190500,73.0200,73.0400,73.0000,73.0000,41236,0
UNH.US,5,20131121,191000,73.0000,73.0500,72.9900,73.0500,21739,0
UNH.US,5,20131121,191500,73.0500,73.1000,73.0200,73.0800,56443,0
UNH.US,5,20131121,192000,73.0800,73.1300,73.0800,73.1200,19063,0
UNH.US,5,20131121,192500,73.1100,73.1300,73.1000,73.1100,9803,0
UNH.US,5,20131121,193000,73.1200,73.1400,73.1000,73.1000,14120,0
UNH.US,5,20131121,193500,73.1000,73.1100,73.0900,73.1100,11700,0
UNH.US,5,20131121,194000,73.1000,73.1000,73.0500,73.0500,21013,0
UNH.US,5,20131121,194500,73.0500,73.1200,73.0200,73.1100,19010,0
UNH.US,5,20131121,195000,73.1200,73.1200,73.0800,73.1000,15494,0
UNH.US,5,20131121,195500,73.1100,73.1100,73.0600,73.0700,11658,0
UNH.US,5,20131121,200000,73.0700,73.0800,73.0100,73.0300,29423,0
UNH.US,5,20131121,200500,73.0200,73.0600,73.0000,73.0000,37797,0
UNH.US,5,20131121,201000,73.0100,73.0300,73.0000,73.0200,14983,0
UNH.US,5,20131121,201500,73.0100,73.0600,73.0100,73.0100,20305,0
UNH.US,5,20131121,202000,73.0200,73.0200,73.0000,73.0000,15345,0
UNH.US,5,20131121,202500,73.0000,73.0300,73.0000,73.0000,29382,0
UNH.US,5,20131121,203000,73.0000,73.0300,72.9600,73.0100,45074,0
UNH.US,5,20131121,203500,73.0000,73.0400,72.9900,73.0400,33501,0
UNH.US,5,20131121,204000,73.0400,73.0500,73.0000,73.0100,33617,0
UNH.US,5,20131121,204500,73.0000,73.0700,73.0000,73.0600,39626,0
UNH.US,5,20131121,205000,73.0500,73.0700,73.0300,73.0300,27458,0
UNH.US,5,20131121,205500,73.0300,73.0400,73.0000,73.0000,40066,0
UNH.US,5,20131121,210000,73.0000,73.0200,72.9500,73.0200,37044,0
UNH.US,5,20131121,210500,73.0200,73.0900,73.0200,73.0900,38106,0
UNH.US,5,20131121,211000,73.0900,73.0900,73.0200,73.0300,40993,0
UNH.US,5,20131121,211500,73.0300,73.0400,73.0100,73.0200,36538,0
UNH.US,5,20131121,212000,73.0200,73.0600,73.0000,73.0300,50911,0
UNH.US,5,20131121,212500,73.0200,73.0300,72.9900,73.0000,33239,0
UNH.US,5,20131121,213000,73.0000,73.0000,72.9600,72.9900,48155,0
UNH.US,5,20131121,213500,72.9900,73.0100,72.9500,72.9600,49974,0
UNH.US,5,20131121,214000,72.9700,72.9800,72.9100,72.9200,84715,0
UNH.US,5,20131121,214500,72.9100,73.0100,72.9000,72.9800,88658,0
UNH.US,5,20131121,215000,72.9800,72.9900,72.8800,72.9100,97965,0
UNH.US,5,20131121,215500,72.9000,72.9200,72.8800,72.9100,108992,0
UNH.US,5,20131121,220000,72.9100,72.9500,72.8900,72.9100,154050,0
UNH.US,5,20131121,220500,72.9200,72.9200,72.9100,72.9100,223633,0
UNH.US,5,20131122,153500,72.9100,73.1800,72.8000,72.8800,37510,0
UNH.US,5,20131122,154000,72.8900,73.0400,72.8900,72.9900,50597,0
UNH.US,5,20131122,154500,73.0200,73.1000,72.9800,73.0600,30696,0
UNH.US,5,20131122,155000,73.0800,73.2500,73.0500,73.1200,36553,0
UNH.US,5,20131122,155500,73.1500,73.2000,73.0200,73.0300,33128,0
UNH.US,5,20131122,160000,73.0300,73.1500,73.0300,73.1400,16078,0
UNH.US,5,20131122,160500,73.1300,73.1300,72.9600,73.0000,59631,0
UNH.US,5,20131122,161000,73.0100,73.0200,72.9200,72.9700,100596,0
UNH.US,5,20131122,161500,72.9800,73.0700,72.9400,73.0200,36416,0
UNH.US,5,20131122,162000,73.0100,73.1600,73.0100,73.1300,31345,0
UNH.US,5,20131122,162500,73.1300,73.1800,73.0600,73.1600,27876,0
UNH.US,5,20131122,163000,73.1600,73.2400,73.1300,73.1600,31829,0
UNH.US,5,20131122,163500,73.1500,73.2000,73.1200,73.1200,18094,0
UNH.US,5,20131122,164000,73.1200,73.1800,73.0300,73.0600,45642,0
UNH.US,5,20131122,164500,73.0600,73.2000,73.0600,73.1900,22320,0
UNH.US,5,20131122,165000,73.2000,73.2100,73.1200,73.1300,31690,0
UNH.US,5,20131122,165500,73.1200,73.1500,73.0900,73.1300,27964,0
UNH.US,5,20131122,170000,73.1400,73.1600,73.0800,73.1000,49326,0
UNH.US,5,20131122,170500,73.1100,73.1300,73.0800,73.1100,29529,0
UNH.US,5,20131122,171000,73.1200,73.1300,73.0300,73.0300,22851,0
UNH.US,5,20131122,171500,73.0300,73.0700,73.0000,73.0500,33238,0
UNH.US,5,20131122,172000,73.0400,73.1100,73.0400,73.1000,13134,0
UNH.US,5,20131122,172500,73.0900,73.1200,73.0400,73.1200,17081,0
UNH.US,5,20131122,173000,73.1100,73.1100,73.0600,73.0700,25943,0
UNH.US,5,20131122,173500,73.0600,73.1600,73.0200,73.1600,20952,0
UNH.US,5,20131122,174000,73.1500,73.1600,73.1100,73.1600,29458,0
UNH.US,5,20131122,174500,73.1600,73.2400,73.1600,73.2300,22688,0
UNH.US,5,20131122,175000,73.2400,73.2400,73.1800,73.2100,18947,0
UNH.US,5,20131122,175500,73.2000,73.2500,73.2000,73.2400,13715,0
UNH.US,5,20131122,180000,73.2300,73.3000,73.2200,73.2700,20392,0
UNH.US,5,20131122,180500,73.2700,73.2800,73.2100,73.2100,63831,0
UNH.US,5,20131122,181000,73.2100,73.3100,73.2100,73.3100,24646,0
UNH.US,5,20131122,181500,73.3100,73.3900,73.2900,73.3700,13639,0
UNH.US,5,20131122,182000,73.3800,73.3800,73.3100,73.3100,23498,0
UNH.US,5,20131122,182500,73.3100,73.3100,73.2400,73.2700,15959,0
UNH.US,5,20131122,183000,73.2800,73.2900,73.2500,73.2600,27225,0
UNH.US,5,20131122,183500,73.2500,73.2600,73.2200,73.2500,15451,0
UNH.US,5,20131122,184000,73.2500,73.2500,73.1700,73.1700,19860,0
UNH.US,5,20131122,184500,73.1700,73.2600,73.1700,73.2600,13516,0
UNH.US,5,20131122,185000,73.2700,73.3100,73.2500,73.3100,21443,0
UNH.US,5,20131122,185500,73.3200,73.3200,73.2700,73.2900,12178,0
UNH.US,5,20131122,190000,73.2900,73.2900,73.1900,73.2500,92015,0
UNH.US,5,20131122,190500,73.2500,73.2600,73.2300,73.2500,60210,0
UNH.US,5,20131122,191000,73.2500,73.3200,73.2500,73.2800,23257,0
UNH.US,5,20131122,191500,73.2800,73.2800,73.2500,73.2700,16660,0
UNH.US,5,20131122,192000,73.2700,73.3200,73.2500,73.3200,12610,0
UNH.US,5,20131122,192500,73.3200,73.3400,73.3000,73.3300,15067,0
UNH.US,5,20131122,193000,73.3300,73.3500,73.3100,73.3400,20047,0
UNH.US,5,20131122,193500,73.3400,73.4000,73.3400,73.3900,18999,0
UNH.US,5,20131122,194000,73.3700,73.3700,73.3100,73.3200,14800,0
UNH.US,5,20131122,194500,73.3200,73.3300,73.3000,73.3200,12561,0
UNH.US,5,20131122,195000,73.3300,73.3700,73.3300,73.3500,15363,0
UNH.US,5,20131122,195500,73.3600,73.4300,73.3500,73.4200,21410,0
UNH.US,5,20131122,200000,73.4200,73.4700,73.4200,73.4500,18989,0
UNH.US,5,20131122,200500,73.4500,73.4800,73.4400,73.4600,16057,0
UNH.US,5,20131122,201000,73.4600,73.5200,73.4300,73.5200,69290,0
UNH.US,5,20131122,201500,73.5200,73.5300,73.4100,73.4100,19836,0
UNH.US,5,20131122,202000,73.4100,73.4900,73.4000,73.4900,22504,0
UNH.US,5,20131122,202500,73.5000,73.5100,73.3900,73.4000,43896,0
UNH.US,5,20131122,203000,73.4000,73.4300,73.3400,73.4300,33334,0
UNH.US,5,20131122,203500,73.4300,73.5100,73.4300,73.5100,28673,0
UNH.US,5,20131122,204000,73.5100,73.5500,73.4500,73.4500,17249,0
UNH.US,5,20131122,204500,73.4500,73.5100,73.4300,73.4700,34109,0
UNH.US,5,20131122,205000,73.4700,73.5300,73.4600,73.5100,24378,0
UNH.US,5,20131122,205500,73.5100,73.5600,73.4800,73.5500,31888,0
UNH.US,5,20131122,210000,73.5500,73.5800,73.5400,73.5700,17689,0
UNH.US,5,20131122,210500,73.5700,73.6600,73.5600,73.6600,21352,0
UNH.US,5,20131122,211000,73.6600,73.6900,73.6500,73.6700,28026,0
UNH.US,5,20131122,211500,73.6700,73.6700,73.6300,73.6500,26315,0
UNH.US,5,20131122,212000,73.6500,73.6800,73.6300,73.6600,29386,0
UNH.US,5,20131122,212500,73.6600,73.6600,73.6300,73.6400,24242,0
UNH.US,5,20131122,213000,73.6400,73.6800,73.6000,73.6000,38538,0
UNH.US,5,20131122,213500,73.6000,73.6100,73.5100,73.5100,55408,0
UNH.US,5,20131122,214000,73.5100,73.5400,73.4800,73.5300,60131,0
UNH.US,5,20131122,214500,73.5400,73.6100,73.5300,73.5800,41288,0
UNH.US,5,20131122,215000,73.5900,73.6500,73.5700,73.6400,52229,0
UNH.US,5,20131122,215500,73.6500,73.6700,73.6300,73.6500,105597,0
UNH.US,5,20131122,220000,73.6500,73.7500,73.6500,73.7400,235416,0
UNH.US,5,20131122,220500,73.7400,73.7400,73.7400,73.7400,597135,0
UNH.US,5,20131125,153500,74.0000,74.5600,73.9700,74.5600,102086,0
UNH.US,5,20131125,154000,74.5600,74.6600,74.4100,74.4100,61503,0
UNH.US,5,20131125,154500,74.4600,74.5900,74.3400,74.3500,38122,0
UNH.US,5,20131125,155000,74.3300,74.3800,74.1800,74.3000,50622,0
UNH.US,5,20131125,155500,74.3100,74.3800,74.2600,74.2800,31526,0
UNH.US,5,20131125,160000,74.2700,74.2900,74.2300,74.2500,20540,0
UNH.US,5,20131125,160500,74.2500,74.2500,74.0300,74.0300,52205,0
UNH.US,5,20131125,161000,74.0400,74.1600,74.0300,74.1100,35732,0
UNH.US,5,20131125,161500,74.1000,74.1100,73.9700,73.9700,24947,0
UNH.US,5,20131125,162000,73.9800,74.0400,73.9600,74.0400,24822,0
UNH.US,5,20131125,162500,74.0500,74.0700,73.9200,73.9200,39690,0
UNH.US,5,20131125,163000,73.9100,73.9700,73.7900,73.9500,53467,0
UNH.US,5,20131125,163500,73.9500,73.9700,73.8900,73.9400,29914,0
UNH.US,5,20131125,164000,73.9500,73.9600,73.8800,73.8800,25690,0
UNH.US,5,20131125,164500,73.8800,74.0000,73.8800,73.9800,33640,0
UNH.US,5,20131125,165000,74.0000,74.0000,73.9500,73.9600,16265,0
UNH.US,5,20131125,165500,73.9700,74.0400,73.9600,74.0400,44517,0
UNH.US,5,20131125,170000,74.0200,74.0800,74.0000,74.0600,37742,0
UNH.US,5,20131125,170500,74.0800,74.1400,74.0400,74.0800,31763,0
UNH.US,5,20131125,171000,74.0900,74.1500,74.0200,74.1400,64973,0
UNH.US,5,20131125,171500,74.1400,74.3500,74.1400,74.3300,28541,0
UNH.US,5,20131125,172000,74.3200,74.3700,74.3000,74.3100,36543,0
UNH.US,5,20131125,172500,74.3200,74.3400,74.2700,74.2700,24223,0
UNH.US,5,20131125,173000,74.2700,74.3500,74.2100,74.3500,33005,0
UNH.US,5,20131125,173500,74.3400,74.3700,74.3400,74.3700,15471,0
UNH.US,5,20131125,174000,74.3700,74.4100,74.3300,74.3700,23356,0
UNH.US,5,20131125,174500,74.3700,74.4200,74.3700,74.3900,14733,0
UNH.US,5,20131125,175000,74.4000,74.4600,74.3900,74.4500,13785,0
UNH.US,5,20131125,175500,74.4500,74.4600,74.3700,74.4100,22563,0
UNH.US,5,20131125,180000,74.4100,74.4100,74.3500,74.4100,20576,0
UNH.US,5,20131125,180500,74.4000,74.4200,74.3800,74.3900,14209,0
UNH.US,5,20131125,181000,74.3800,74.3800,74.3300,74.3800,37083,0
UNH.US,5,20131125,181500,74.3800,74.4200,74.3700,74.3700,30865,0
UNH.US,5,20131125,182000,74.3600,74.3600,74.2900,74.3400,57168,0
UNH.US,5,20131125,182500,74.3400,74.3400,74.2900,74.3100,33760,0
UNH.US,5,20131125,183000,74.3100,74.3200,74.2800,74.3000,47084,0
UNH.US,5,20131125,183500,74.3100,74.3400,74.2900,74.3000,29015,0
UNH.US,5,20131125,184000,74.3100,74.3500,74.3000,74.3000,19697,0
UNH.US,5,20131125,184500,74.3000,74.3100,74.2600,74.2800,23101,0
UNH.US,5,20131125,185000,74.2900,74.3400,74.2300,74.2900,31198,0
UNH.US,5,20131125,185500,74.2900,74.3200,74.2800,74.3100,15165,0
UNH.US,5,20131125,190000,74.3100,74.3500,74.2800,74.3100,27786,0
UNH.US,5,20131125,190500,74.3000,74.3100,74.1700,74.1800,30574,0
UNH.US,5,20131125,191000,74.1700,74.2000,74.0700,74.1300,69778,0
UNH.US,5,20131125,191500,74.1300,74.1500,74.1000,74.1100,26662,0
UNH.US,5,20131125,192000,74.1100,74.1900,74.1100,74.1800,18448,0
UNH.US,5,20131125,192500,74.1800,74.1900,74.1700,74.1800,15529,0
UNH.US,5,20131125,193000,74.1800,74.2000,74.1600,74.1700,17202,0
UNH.US,5,20131125,193500,74.1600,74.1700,74.1200,74.1400,36782,0
UNH.US,5,20131125,194000,74.1400,74.1700,74.1300,74.1500,48139,0
UNH.US,5,20131125,194500,74.1500,74.1900,74.1100,74.1300,36899,0
UNH.US,5,20131125,195000,74.1400,74.1500,74.1100,74.1100,18340,0
UNH.US,5,20131125,195500,74.1200,74.1200,74.0800,74.0800,22900,0
UNH.US,5,20131125,200000,74.0700,74.1400,74.0700,74.1400,22050,0
UNH.US,5,20131125,200500,74.1400,74.2000,74.1400,74.1800,38831,0
UNH.US,5,20131125,201000,74.1900,74.3000,74.1800,74.3000,32527,0
UNH.US,5,20131125,201500,74.3000,74.3500,74.3000,74.3300,138241,0
UNH.US,5,20131125,202000,74.3300,74.3300,74.2700,74.2800,13773,0
UNH.US,5,20131125,202500,74.2900,74.3800,74.2600,74.3600,23843,0
UNH.US,5,20131125,203000,74.3600,74.3800,74.3200,74.3600,16985,0
UNH.US,5,20131125,203500,74.3700,74.3700,74.3100,74.3200,69730,0
UNH.US,5,20131125,204000,74.3200,74.3600,74.3200,74.3600,11672,0
UNH.US,5,20131125,204500,74.3800,74.3800,74.3100,74.3200,15379,0
UNH.US,5,20131125,205000,74.3200,74.3400,74.2900,74.3300,13816,0
UNH.US,5,20131125,205500,74.3400,74.3600,74.2700,74.2900,154390,0
UNH.US,5,20131125,210000,74.2900,74.3200,74.2800,74.2800,18545,0
UNH.US,5,20131125,210500,74.2800,74.2800,74.2100,74.2100,11100,0
UNH.US,5,20131125,211000,74.2200,74.2300,74.1400,74.1800,50755,0
UNH.US,5,20131125,211500,74.1700,74.2100,74.1300,74.1300,64018,0
UNH.US,5,20131125,212000,74.1300,74.1600,74.0700,74.0700,22496,0
UNH.US,5,20131125,212500,74.0700,74.0700,74.0000,74.0100,30067,0
UNH.US,5,20131125,213000,74.0100,74.1000,74.0000,74.0700,21819,0
UNH.US,5,20131125,213500,74.0600,74.0700,73.9900,74.0200,39681,0
UNH.US,5,20131125,214000,74.0100,74.0100,73.9400,73.9600,22499,0
UNH.US,5,20131125,214500,73.9600,73.9800,73.9100,73.9700,47518,0
UNH.US,5,20131125,215000,73.9700,74.0100,73.9400,73.9900,67171,0
UNH.US,5,20131125,215500,73.9800,73.9900,73.9500,73.9800,86000,0
UNH.US,5,20131125,220000,73.9800,74.1000,73.9600,74.0800,143633,0
UNH.US,5,20131125,220500,74.0700,74.0700,74.0700,74.0700,3386859,0
UNH.US,5,20131126,153500,74.2100,74.8500,74.0500,74.3300,126892,0
UNH.US,5,20131126,154000,74.3700,74.5800,74.2600,74.3100,53144,0
UNH.US,5,20131126,154500,74.3300,74.5500,74.3000,74.3300,45889,0
UNH.US,5,20131126,155000,74.3700,74.5600,74.3200,74.5600,68113,0
UNH.US,5,20131126,155500,74.5600,74.7000,74.4900,74.5500,38544,0
UNH.US,5,20131126,160000,74.5600,74.6500,74.5300,74.5300,57597,0
UNH.US,5,20131126,160500,74.5200,74.5800,74.4500,74.5200,48351,0
UNH.US,5,20131126,161000,74.5400,74.5700,74.4600,74.5000,43439,0
UNH.US,5,20131126,161500,74.5100,74.6500,74.5100,74.5600,62748,0
UNH.US,5,20131126,162000,74.5900,74.6100,74.5200,74.5200,49574,0
UNH.US,5,20131126,162500,74.5200,74.6100,74.5100,74.5900,37336,0
UNH.US,5,20131126,163000,74.5800,74.6900,74.5700,74.6300,43329,0
UNH.US,5,20131126,163500,74.6300,74.6900,74.6200,74.6500,57419,0
UNH.US,5,20131126,164000,74.6500,74.8000,74.6100,74.7900,148655,0
UNH.US,5,20131126,164500,74.7700,74.8400,74.7300,74.8400,43336,0
UNH.US,5,20131126,165000,74.8400,74.9100,74.8100,74.8900,46404,0
UNH.US,5,20131126,165500,74.8900,74.8900,74.8100,74.8400,46943,0
UNH.US,5,20131126,170000,74.8400,74.8400,74.7400,74.7500,45734,0
UNH.US,5,20131126,170500,74.7600,74.8000,74.7200,74.7200,24759,0
UNH.US,5,20131126,171000,74.7200,74.8000,74.6800,74.8000,55037,0
UNH.US,5,20131126,171500,74.8000,74.8200,74.7400,74.8200,55539,0
UNH.US,5,20131126,172000,74.8300,74.9800,74.8300,74.9600,46241,0
UNH.US,5,20131126,172500,74.9600,74.9900,74.8800,74.8900,29603,0
UNH.US,5,20131126,173000,74.8800,74.9100,74.8200,74.8500,67590,0
UNH.US,5,20131126,173500,74.8300,74.9500,74.8200,74.8900,40692,0
UNH.US,5,20131126,174000,74.8800,74.8800,74.7100,74.7300,35310,0
UNH.US,5,20131126,174500,74.7200,74.8100,74.7100,74.7800,43707,0
UNH.US,5,20131126,175000,74.7900,74.8100,74.7400,74.7800,52141,0
UNH.US,5,20131126,175500,74.7900,74.8100,74.7400,74.7800,19785,0
UNH.US,5,20131126,180000,74.7800,74.7900,74.6700,74.7000,25815,0
UNH.US,5,20131126,180500,74.6900,74.7000,74.6400,74.6600,26271,0
UNH.US,5,20131126,181000,74.6600,74.6900,74.6100,74.6100,22190,0
UNH.US,5,20131126,181500,74.6200,74.6700,74.6100,74.6700,24818,0
UNH.US,5,20131126,182000,74.6700,74.6700,74.6500,74.6500,36408,0
UNH.US,5,20131126,182500,74.6500,74.7700,74.6400,74.7700,24651,0
UNH.US,5,20131126,183000,74.7700,74.8800,74.7600,74.8800,26480,0
UNH.US,5,20131126,183500,74.8900,74.9100,74.8200,74.8500,28312,0
UNH.US,5,20131126,184000,74.8400,74.9600,74.8400,74.9400,35948,0
UNH.US,5,20131126,184500,74.9400,74.9800,74.9200,74.9200,33416,0
UNH.US,5,20131126,185000,74.9100,74.9100,74.8600,74.8700,15299,0
UNH.US,5,20131126,185500,74.8600,74.9000,74.8500,74.8900,29524,0
UNH.US,5,20131126,190000,74.8800,74.8900,74.8500,74.8800,17593,0
UNH.US,5,20131126,190500,74.8800,74.8900,74.8400,74.8600,21112,0
UNH.US,5,20131126,191000,74.8700,74.9000,74.8300,74.8300,43063,0
UNH.US,5,20131126,191500,74.8200,74.8600,74.8100,74.8600,11134,0
UNH.US,5,20131126,192000,74.8600,74.8900,74.8400,74.8400,14039,0
UNH.US,5,20131126,192500,74.8400,74.8400,74.7600,74.7800,16517,0
UNH.US,5,20131126,193000,74.7700,74.7800,74.7300,74.7300,55565,0
UNH.US,5,20131126,193500,74.7300,74.7900,74.7300,74.7500,17848,0
UNH.US,5,20131126,194000,74.7500,74.7700,74.7300,74.7700,22058,0
UNH.US,5,20131126,194500,74.7700,74.8200,74.7700,74.7900,21672,0
UNH.US,5,20131126,195000,74.7900,74.8500,74.7800,74.8500,26527,0
UNH.US,5,20131126,195500,74.8500,74.8600,74.8200,74.8600,24708,0
UNH.US,5,20131126,200000,74.8600,74.8800,74.8300,74.8500,32372,0
UNH.US,5,20131126,200500,74.8400,74.8900,74.8200,74.8400,25368,0
UNH.US,5,20131126,201000,74.8400,74.8400,74.7600,74.8100,36569,0
UNH.US,5,20131126,201500,74.8100,74.8100,74.7100,74.7200,21266,0
UNH.US,5,20131126,202000,74.7200,74.7200,74.6700,74.6800,43466,0
UNH.US,5,20131126,202500,74.6800,74.7100,74.6700,74.6900,41225,0
UNH.US,5,20131126,203000,74.7000,74.7900,74.6700,74.7900,48413,0
UNH.US,5,20131126,203500,74.7900,74.8200,74.7700,74.8100,39961,0
UNH.US,5,20131126,204000,74.7900,74.7900,74.7600,74.7900,30174,0
UNH.US,5,20131126,204500,74.7900,74.8100,74.7400,74.7500,27879,0
UNH.US,5,20131126,205000,74.7500,74.7900,74.7400,74.7500,31402,0
UNH.US,5,20131126,205500,74.7600,74.8000,74.7500,74.7600,79477,0
UNH.US,5,20131126,210000,74.7700,74.8000,74.7500,74.7600,27925,0
UNH.US,5,20131126,210500,74.7500,74.7500,74.7000,74.7200,49283,0
UNH.US,5,20131126,211000,74.7200,74.7400,74.7100,74.7100,29239,0
UNH.US,5,20131126,211500,74.7100,74.7700,74.7100,74.7700,36407,0
UNH.US,5,20131126,212000,74.7700,74.7700,74.7400,74.7600,32317,0
UNH.US,5,20131126,212500,74.7600,74.7900,74.7200,74.7400,36091,0
UNH.US,5,20131126,213000,74.7400,74.7800,74.6900,74.7000,42404,0
UNH.US,5,20131126,213500,74.7000,74.7500,74.7000,74.7200,72359,0
UNH.US,5,20131126,214000,74.7300,74.7400,74.6800,74.7100,84130,0
UNH.US,5,20131126,214500,74.7100,74.7600,74.7000,74.7200,57533,0
UNH.US,5,20131126,215000,74.7300,74.7300,74.5600,74.5600,118703,0
UNH.US,5,20131126,215500,74.5600,74.6100,74.5500,74.5600,156983,0
UNH.US,5,20131126,220000,74.5600,74.5600,74.5100,74.5400,114750,0
UNH.US,5,20131126,220500,74.5200,74.5200,74.5200,74.5200,1998336,0
UNH.US,5,20131126,221500,74.5200,74.5200,74.5200,74.5200,10540,0
UNH.US,5,20131127,153500,74.6700,74.9300,74.6100,74.7700,33964,0
UNH.US,5,20131127,154000,74.7200,74.7500,74.4100,74.4400,37585,0
UNH.US,5,20131127,154500,74.4300,74.5600,74.3600,74.4300,38759,0
UNH.US,5,20131127,155000,74.4200,74.5900,74.4200,74.5700,42373,0
UNH.US,5,20131127,155500,74.5700,74.7400,74.5300,74.7400,23319,0
UNH.US,5,20131127,160000,74.7400,74.7800,74.5700,74.6200,55017,0
UNH.US,5,20131127,160500,74.6100,74.6300,74.3900,74.3900,84682,0
UNH.US,5,20131127,161000,74.3900,74.5700,74.3800,74.5300,41075,0
UNH.US,5,20131127,161500,74.5200,74.5500,74.3600,74.3600,54916,0
UNH.US,5,20131127,162000,74.3800,74.4100,74.3300,74.3400,47035,0
UNH.US,5,20131127,162500,74.3400,74.3500,74.2900,74.3200,22306,0
UNH.US,5,20131127,163000,74.3300,74.3500,74.2800,74.2800,26873,0
UNH.US,5,20131127,163500,74.2900,74.3300,74.2300,74.2400,63456,0
UNH.US,5,20131127,164000,74.2500,74.2800,74.1400,74.2300,83635,0
UNH.US,5,20131127,164500,74.2300,74.3000,74.2300,74.2300,24391,0
UNH.US,5,20131127,165000,74.2300,74.2900,74.1500,74.2200,48673,0
UNH.US,5,20131127,165500,74.2300,74.2600,74.1800,74.2200,26769,0
UNH.US,5,20131127,170000,74.2100,74.2800,74.2100,74.2400,35555,0
UNH.US,5,20131127,170500,74.2400,74.2400,74.1500,74.1700,42110,0
UNH.US,5,20131127,171000,74.1600,74.2000,74.0800,74.1100,39126,0
UNH.US,5,20131127,171500,74.1100,74.2400,74.1100,74.2400,13403,0
UNH.US,5,20131127,172000,74.2500,74.2900,74.2400,74.2500,19053,0
UNH.US,5,20131127,172500,74.2500,74.2800,74.2500,74.2800,10650,0
UNH.US,5,20131127,173000,74.2700,74.2700,74.2100,74.2100,21030,0
UNH.US,5,20131127,173500,74.2100,74.3100,74.2000,74.2800,18373,0
UNH.US,5,20131127,174000,74.2800,74.3300,74.2800,74.2900,24412,0
UNH.US,5,20131127,174500,74.2900,74.3500,74.2300,74.2700,74825,0
UNH.US,5,20131127,175000,74.2800,74.3100,74.2400,74.2600,59111,0
UNH.US,5,20131127,175500,74.2600,74.3100,74.2300,74.3000,56725,0
UNH.US,5,20131127,180000,74.2900,74.3000,74.2400,74.2400,71876,0
UNH.US,5,20131127,180500,74.2400,74.2500,74.1500,74.1600,46575,0
UNH.US,5,20131127,181000,74.1600,74.2500,74.1600,74.2500,40876,0
UNH.US,5,20131127,181500,74.2500,74.3000,74.2400,74.3000,25326,0
UNH.US,5,20131127,182000,74.3000,74.3900,74.2900,74.3800,41288,0
UNH.US,5,20131127,182500,74.3800,74.4000,74.3700,74.3700,37147,0
UNH.US,5,20131127,183000,74.3700,74.4100,74.3700,74.4000,41011,0
UNH.US,5,20131127,183500,74.4000,74.4000,74.3600,74.3700,22763,0
UNH.US,5,20131127,184000,74.3600,74.3600,74.3000,74.3100,12749,0
UNH.US,5,20131127,184500,74.3100,74.3800,74.3000,74.3700,11047,0
UNH.US,5,20131127,185000,74.3700,74.4000,74.3600,74.3600,42166,0
UNH.US,5,20131127,185500,74.3700,74.3800,74.3300,74.3500,22764,0
UNH.US,5,20131127,190000,74.3400,74.3700,74.3000,74.3300,38362,0
UNH.US,5,20131127,190500,74.3200,74.3700,74.3100,74.3600,27708,0
UNH.US,5,20131127,191000,74.3700,74.4000,74.3600,74.4000,35842,0
UNH.US,5,20131127,191500,74.3900,74.4100,74.3800,74.4000,49452,0
UNH.US,5,20131127,192000,74.4000,74.4000,74.3500,74.3600,36154,0
UNH.US,5,20131127,192500,74.3600,74.4100,74.3600,74.3900,64300,0
UNH.US,5,20131127,193000,74.3900,74.4000,74.3500,74.3500,31760,0
UNH.US,5,20131127,193500,74.3600,74.3700,74.3500,74.3700,20917,0
UNH.US,5,20131127,194000,74.3700,74.3900,74.3500,74.3600,19038,0
UNH.US,5,20131127,194500,74.3600,74.4000,74.3400,74.3900,97342,0
UNH.US,5,20131127,195000,74.3900,74.4600,74.3600,74.4500,117723,0
UNH.US,5,20131127,195500,74.4600,74.5300,74.4500,74.5100,28532,0
UNH.US,5,20131127,200000,74.5100,74.5800,74.5000,74.5800,21410,0
UNH.US,5,20131127,200500,74.5700,74.5700,74.5500,74.5500,12925,0
UNH.US,5,20131127,201000,74.5500,74.5600,74.5000,74.5200,28475,0
UNH.US,5,20131127,201500,74.5200,74.5300,74.4900,74.4900,24103,0
UNH.US,5,20131127,202000,74.4900,74.5000,74.4700,74.5000,21734,0
UNH.US,5,20131127,202500,74.5000,74.5100,74.4800,74.4900,27714,0
UNH.US,5,20131127,203000,74.4900,74.5000,74.4300,74.4300,20971,0
UNH.US,5,20131127,203500,74.4300,74.4900,74.4200,74.4800,22590,0
UNH.US,5,20131127,204000,74.4800,74.5100,74.4800,74.4900,26131,0
UNH.US,5,20131127,204500,74.5000,74.5000,74.4800,74.5000,14144,0
UNH.US,5,20131127,205000,74.5000,74.5000,74.4500,74.4500,16702,0
UNH.US,5,20131127,205500,74.4500,74.4900,74.4500,74.4800,18203,0
UNH.US,5,20131127,210000,74.4800,74.5000,74.4400,74.4600,19657,0
UNH.US,5,20131127,210500,74.4600,74.4600,74.4200,74.4300,15626,0
UNH.US,5,20131127,211000,74.4300,74.4400,74.4000,74.4400,21469,0
UNH.US,5,20131127,211500,74.4400,74.4500,74.4100,74.4100,26437,0
UNH.US,5,20131127,212000,74.4200,74.4300,74.3900,74.4000,29216,0
UNH.US,5,20131127,212500,74.4000,74.4300,74.3800,74.4300,33545,0
UNH.US,5,20131127,213000,74.4300,74.4300,74.3800,74.4000,30198,0
UNH.US,5,20131127,213500,74.4000,74.4100,74.3700,74.3800,34723,0
UNH.US,5,20131127,214000,74.3800,74.4100,74.3800,74.4000,98245,0
UNH.US,5,20131127,214500,74.4000,74.4000,74.3700,74.3800,49327,0
UNH.US,5,20131127,215000,74.3800,74.3800,74.3000,74.3100,71830,0
UNH.US,5,20131127,215500,74.3100,74.3900,74.3000,74.3800,84959,0
UNH.US,5,20131127,220000,74.3800,74.4100,74.3600,74.3700,116655,0
UNH.US,5,20131127,220500,74.3600,74.3600,74.3600,74.3600,3726975,0
UNH.US,5,20131129,153500,74.5900,74.7000,74.4600,74.6900,78655,0
UNH.US,5,20131129,154000,74.6900,74.7000,74.5000,74.5000,34128,0
UNH.US,5,20131129,154500,74.4800,74.5700,74.4400,74.4900,48299,0
UNH.US,5,20131129,155000,74.4900,74.5600,74.4800,74.5100,38128,0
UNH.US,5,20131129,155500,74.5000,74.5300,74.4500,74.5300,45181,0
UNH.US,5,20131129,160000,74.5200,74.5400,74.4900,74.5100,37719,0
UNH.US,5,20131129,160500,74.5200,74.5200,74.4300,74.4800,40099,0
UNH.US,5,20131129,161000,74.4700,74.5100,74.4600,74.5000,30580,0
UNH.US,5,20131129,161500,74.5000,74.5200,74.4400,74.5100,48119,0
UNH.US,5,20131129,162000,74.4800,74.5200,74.4700,74.5000,15980,0
UNH.US,5,20131129,162500,74.5000,74.5900,74.4900,74.5700,29650,0
UNH.US,5,20131129,163000,74.5900,74.6500,74.5800,74.6400,20158,0
UNH.US,5,20131129,163500,74.6600,74.8200,74.6600,74.7700,38809,0
UNH.US,5,20131129,164000,74.7700,74.8700,74.7500,74.8700,23740,0
UNH.US,5,20131129,164500,74.8800,74.8800,74.8300,74.8500,19715,0
UNH.US,5,20131129,165000,74.8400,74.8600,74.8000,74.8200,21729,0
UNH.US,5,20131129,165500,74.8200,74.8500,74.8100,74.8500,22433,0
UNH.US,5,20131129,170000,74.8600,74.9300,74.8500,74.8800,19982,0
UNH.US,5,20131129,170500,74.8800,74.8900,74.7400,74.7600,25498,0
UNH.US,5,20131129,171000,74.7700,74.7800,74.7100,74.7200,28034,0
UNH.US,5,20131129,171500,74.7200,74.7400,74.6900,74.6900,43241,0
UNH.US,5,20131129,172000,74.6900,74.7800,74.6800,74.7500,30187,0
UNH.US,5,20131129,172500,74.7500,74.7800,74.7200,74.7500,17460,0
UNH.US,5,20131129,173000,74.7500,74.7700,74.6800,74.7100,30104,0
UNH.US,5,20131129,173500,74.7200,74.7200,74.6700,74.7000,17343,0
UNH.US,5,20131129,174000,74.7000,74.7700,74.6900,74.6900,19278,0
UNH.US,5,20131129,174500,74.6900,74.7000,74.6600,74.6600,26317,0
UNH.US,5,20131129,175000,74.6600,74.7400,74.6600,74.7400,32778,0
UNH.US,5,20131129,175500,74.7300,74.7700,74.6700,74.7000,33096,0
UNH.US,5,20131129,180000,74.7000,74.7100,74.6600,74.6700,22490,0
UNH.US,5,20131129,180500,74.6700,74.6800,74.6600,74.6800,19873,0
UNH.US,5,20131129,181000,74.6800,74.6900,74.6600,74.6800,34797,0
UNH.US,5,20131129,181500,74.6800,74.6900,74.6500,74.6700,49460,0
UNH.US,5,20131129,182000,74.6700,74.6800,74.6600,74.6600,19705,0
UNH.US,5,20131129,182500,74.6700,74.6800,74.6500,74.6500,13978,0
UNH.US,5,20131129,183000,74.6500,74.6600,74.6200,74.6500,9710,0
UNH.US,5,20131129,183500,74.6300,74.6400,74.5500,74.5500,36544,0
UNH.US,5,20131129,184000,74.5600,74.5600,74.5300,74.5300,26356,0
UNH.US,5,20131129,184500,74.5400,74.5400,74.4600,74.4900,39478,0
UNH.US,5,20131129,185000,74.4900,74.5400,74.4300,74.4600,50380,0
UNH.US,5,20131129,185500,74.4500,74.4500,74.2300,74.3900,68822,0
UNH.US,5,20131129,190000,74.4000,74.5100,74.3500,74.4700,201743,0
UNH.US,5,20131129,190500,74.4800,74.4800,74.4800,74.4800,757400,0
UNH.US,5,20131202,153500,73.8400,74.4000,73.8400,74.1900,109745,0
UNH.US,5,20131202,154000,74.1800,74.3800,74.0200,74.3500,68907,0
UNH.US,5,20131202,154500,74.3700,74.4000,74.2100,74.2100,61863,0
UNH.US,5,20131202,155000,74.2100,74.2700,74.0000,74.0500,114354,0
UNH.US,5,20131202,155500,74.0200,74.0600,73.8900,74.0000,45236,0
UNH.US,5,20131202,160000,73.9900,74.1300,73.9900,74.0600,29132,0
UNH.US,5,20131202,160500,74.1200,74.3000,74.0300,74.2900,39660,0
UNH.US,5,20131202,161000,74.3200,74.3700,74.2100,74.3600,139769,0
UNH.US,5,20131202,161500,74.3600,74.4000,74.2700,74.3300,53165,0
UNH.US,5,20131202,162000,74.3400,74.4000,74.2800,74.3200,46084,0
UNH.US,5,20131202,162500,74.3200,74.4100,74.3200,74.4000,40730,0
UNH.US,5,20131202,163000,74.4000,74.4200,74.2300,74.4100,124966,0
UNH.US,5,20131202,163500,74.4200,74.4200,74.3200,74.3400,33248,0
UNH.US,5,20131202,164000,74.3400,74.4100,74.2700,74.4100,25873,0
UNH.US,5,20131202,164500,74.4000,74.4100,74.3500,74.4100,32800,0
UNH.US,5,20131202,165000,74.4000,74.4100,74.2800,74.3800,23185,0
UNH.US,5,20131202,165500,74.3800,74.4100,74.2800,74.4100,29581,0
UNH.US,5,20131202,170000,74.4100,74.4100,74.2900,74.3400,19247,0
UNH.US,5,20131202,170500,74.3400,74.3600,74.1900,74.2200,28746,0
UNH.US,5,20131202,171000,74.2200,74.3300,74.2200,74.2800,14780,0
UNH.US,5,20131202,171500,74.2800,74.4100,74.2700,74.4000,34118,0
UNH.US,5,20131202,172000,74.4000,74.4500,74.3500,74.3700,46865,0
UNH.US,5,20131202,172500,74.3800,74.4100,74.3600,74.3700,25105,0
UNH.US,5,20131202,173000,74.3800,74.3800,74.2800,74.2800,23734,0
UNH.US,5,20131202,173500,74.2800,74.3300,74.2700,74.3100,16501,0
UNH.US,5,20131202,174000,74.3100,74.3100,74.2500,74.2500,23255,0
UNH.US,5,20131202,174500,74.2500,74.2600,74.2000,74.2000,44453,0
UNH.US,5,20131202,175000,74.2100,74.2200,74.1500,74.1900,19902,0
UNH.US,5,20131202,175500,74.1900,74.2000,74.1200,74.1900,31734,0
UNH.US,5,20131202,180000,74.2000,74.2700,74.1500,74.1500,23352,0
UNH.US,5,20131202,180500,74.1500,74.2200,74.1300,74.1300,33949,0
UNH.US,5,20131202,181000,74.1300,74.1400,74.0700,74.1100,28210,0
UNH.US,5,20131202,181500,74.1100,74.1200,74.0400,74.0500,22576,0
UNH.US,5,20131202,182000,74.0600,74.1000,74.0500,74.0900,17875,0
UNH.US,5,20131202,182500,74.0800,74.1100,74.0300,74.1100,92149,0
UNH.US,5,20131202,183000,74.1200,74.1500,74.0900,74.1400,37206,0
UNH.US,5,20131202,183500,74.1300,74.2100,74.1300,74.2100,20141,0
UNH.US,5,20131202,184000,74.2100,74.2800,74.2000,74.2500,16363,0
UNH.US,5,20131202,184500,74.2400,74.2800,74.1700,74.2800,49000,0
UNH.US,5,20131202,185000,74.2800,74.3000,74.2200,74.2800,57399,0
UNH.US,5,20131202,185500,74.2800,74.3300,74.2700,74.3300,15903,0
UNH.US,5,20131202,190000,74.3300,74.4000,74.3300,74.3300,43150,0
UNH.US,5,20131202,190500,74.3300,74.4100,74.3200,74.4000,43598,0
UNH.US,5,20131202,191000,74.3900,74.4000,74.3600,74.3900,37056,0
UNH.US,5,20131202,191500,74.3900,74.4100,74.3600,74.3900,28432,0
UNH.US,5,20131202,192000,74.3900,74.4100,74.3800,74.4000,20552,0
UNH.US,5,20131202,192500,74.4000,74.4100,74.3800,74.4000,32524,0
UNH.US,5,20131202,193000,74.3900,74.4000,74.2900,74.3000,44789,0
UNH.US,5,20131202,193500,74.2900,74.3000,74.2300,74.2900,36908,0
UNH.US,5,20131202,194000,74.3000,74.3100,74.2900,74.3000,19093,0
UNH.US,5,20131202,194500,74.3100,74.3600,74.2900,74.3200,31281,0
UNH.US,5,20131202,195000,74.3200,74.3700,74.2800,74.3200,31659,0
UNH.US,5,20131202,195500,74.3200,74.3900,74.3200,74.3500,22356,0
UNH.US,5,20131202,200000,74.3500,74.4100,74.3500,74.3900,29405,0
UNH.US,5,20131202,200500,74.3800,74.4000,74.3400,74.3400,19975,0
UNH.US,5,20131202,201000,74.3400,74.3700,74.3300,74.3600,43002,0
UNH.US,5,20131202,201500,74.3600,74.4000,74.3500,74.3800,25568,0
UNH.US,5,20131202,202000,74.3800,74.4100,74.3400,74.4000,34283,0
UNH.US,5,20131202,202500,74.3900,74.4100,74.3600,74.4000,33823,0
UNH.US,5,20131202,203000,74.4000,74.4100,74.3800,74.4000,44376,0
UNH.US,5,20131202,203500,74.4000,74.4000,74.3400,74.3600,31330,0
UNH.US,5,20131202,204000,74.3600,74.3900,74.3500,74.3900,36576,0
UNH.US,5,20131202,204500,74.3700,74.4000,74.3700,74.3800,27509,0
UNH.US,5,20131202,205000,74.3700,74.4100,74.3700,74.3900,40640,0
UNH.US,5,20131202,205500,74.3900,74.4100,74.3700,74.3800,64102,0
UNH.US,5,20131202,210000,74.3800,74.4000,74.3700,74.3900,25219,0
UNH.US,5,20131202,210500,74.3800,74.4000,74.3500,74.3700,29881,0
UNH.US,5,20131202,211000,74.3700,74.3800,74.3400,74.3500,29020,0
UNH.US,5,20131202,211500,74.3500,74.3700,74.3400,74.3700,25969,0
UNH.US,5,20131202,212000,74.3700,74.4000,74.3700,74.3800,23512,0
UNH.US,5,20131202,212500,74.3800,74.3900,74.3500,74.3800,33975,0
UNH.US,5,20131202,213000,74.3800,74.3900,74.2700,74.2900,38662,0
UNH.US,5,20131202,213500,74.2800,74.2800,74.1600,74.2000,58102,0
UNH.US,5,20131202,214000,74.2000,74.2400,74.1900,74.1900,58780,0
UNH.US,5,20131202,214500,74.2000,74.2000,74.1200,74.1500,89920,0
UNH.US,5,20131202,215000,74.1400,74.2100,74.1200,74.1700,111566,0
UNH.US,5,20131202,215500,74.1700,74.1900,74.0700,74.0900,136964,0
UNH.US,5,20131202,220000,74.0900,74.1700,74.0600,74.1500,216236,0
UNH.US,5,20131202,220500,74.1600,74.1600,74.1600,74.1600,5557260,0
UNH.US,5,20131203,153500,74.1400,74.1400,72.9700,72.9700,186344,0
UNH.US,5,20131203,154000,72.9500,73.5900,72.9200,73.5500,71624,0
UNH.US,5,20131203,154500,73.6000,73.8600,73.5500,73.7800,68034,0
UNH.US,5,20131203,155000,73.7800,73.8100,73.5200,73.6600,54229,0
UNH.US,5,20131203,155500,73.6600,73.7400,73.4400,73.4400,85051,0
UNH.US,5,20131203,160000,73.4600,73.5300,73.2900,73.3600,55331,0
UNH.US,5,20131203,160500,73.3500,73.4100,73.2800,73.3300,98237,0
UNH.US,5,20131203,161000,73.3700,73.3700,73.1800,73.2000,73690,0
UNH.US,5,20131203,161500,73.2000,73.3400,73.2000,73.2600,117743,0
UNH.US,5,20131203,162000,73.2600,73.3300,73.2300,73.3300,34721,0
UNH.US,5,20131203,162500,73.3400,73.4300,73.2800,73.4100,70971,0
UNH.US,5,20131203,163000,73.4300,73.5000,73.3600,73.3700,53673,0
UNH.US,5,20131203,163500,73.3600,73.4000,73.3200,73.3500,46192,0
UNH.US,5,20131203,164000,73.3600,73.3700,73.2400,73.3000,32528,0
UNH.US,5,20131203,164500,73.2900,73.3200,73.2400,73.2900,39919,0
UNH.US,5,20131203,165000,73.3100,73.3400,73.2700,73.2700,45452,0
UNH.US,5,20131203,165500,73.2900,73.3300,73.2400,73.3000,42839,0
UNH.US,5,20131203,170000,73.3000,73.4100,73.2900,73.3700,37847,0
UNH.US,5,20131203,170500,73.3700,73.3700,73.2600,73.2700,38108,0
UNH.US,5,20131203,171000,73.2700,73.3300,73.2300,73.2400,54193,0
UNH.US,5,20131203,171500,73.2400,73.2800,73.2200,73.2600,29210,0
UNH.US,5,20131203,172000,73.2600,73.2600,73.1500,73.1800,46509,0
UNH.US,5,20131203,172500,73.1900,73.2800,73.1600,73.2400,46253,0
UNH.US,5,20131203,173000,73.2300,73.2400,73.1200,73.1900,34209,0
UNH.US,5,20131203,173500,73.2000,73.2000,73.0800,73.0800,45535,0
UNH.US,5,20131203,174000,73.0700,73.1000,73.0100,73.0400,31060,0
UNH.US,5,20131203,174500,73.0500,73.1100,73.0400,73.0800,35600,0
UNH.US,5,20131203,175000,73.0900,73.1300,73.0400,73.1100,45046,0
UNH.US,5,20131203,175500,73.1000,73.1800,73.0800,73.1800,24088,0
UNH.US,5,20131203,180000,73.1800,73.3600,73.1800,73.3500,38534,0
UNH.US,5,20131203,180500,73.3400,73.3400,73.2300,73.2700,35571,0
UNH.US,5,20131203,181000,73.2700,73.3800,73.2700,73.3800,34009,0
UNH.US,5,20131203,181500,73.3800,73.4000,73.3400,73.3700,26767,0
UNH.US,5,20131203,182000,73.3800,73.3800,73.3400,73.3700,24323,0
UNH.US,5,20131203,182500,73.3700,73.4600,73.3700,73.4000,28255,0
UNH.US,5,20131203,183000,73.3900,73.4400,73.3400,73.3500,39261,0
UNH.US,5,20131203,183500,73.3400,73.4400,73.3400,73.4200,28725,0
UNH.US,5,20131203,184000,73.4200,73.5600,73.4200,73.5600,40018,0
UNH.US,5,20131203,184500,73.5500,73.5700,73.4900,73.5000,14943,0
UNH.US,5,20131203,185000,73.4900,73.5300,73.4800,73.5000,22922,0
UNH.US,5,20131203,185500,73.5000,73.6000,73.4900,73.5900,41197,0
UNH.US,5,20131203,190000,73.5900,73.6700,73.5900,73.6600,29571,0
UNH.US,5,20131203,190500,73.6500,73.6600,73.5500,73.5600,41173,0
UNH.US,5,20131203,191000,73.5700,73.6200,73.5400,73.6100,21426,0
UNH.US,5,20131203,191500,73.6100,73.6700,73.6100,73.6600,20702,0
UNH.US,5,20131203,192000,73.6700,73.6800,73.6400,73.6500,19516,0
UNH.US,5,20131203,192500,73.6500,73.7300,73.5600,73.5600,39906,0
UNH.US,5,20131203,193000,73.5700,73.6000,73.5000,73.6000,29559,0
UNH.US,5,20131203,193500,73.6000,73.6700,73.5900,73.6700,24218,0
UNH.US,5,20131203,194000,73.6700,73.7300,73.6700,73.7100,39062,0
UNH.US,5,20131203,194500,73.6900,73.7400,73.6600,73.6800,80047,0
UNH.US,5,20131203,195000,73.6800,73.7300,73.6800,73.7200,25863,0
UNH.US,5,20131203,195500,73.7100,73.7100,73.6500,73.7000,24168,0
UNH.US,5,20131203,200000,73.7000,73.7700,73.6400,73.6600,53732,0
UNH.US,5,20131203,200500,73.6400,73.6400,73.5300,73.5600,32672,0
UNH.US,5,20131203,201000,73.5600,73.5900,73.5300,73.5400,39078,0
UNH.US,5,20131203,201500,73.5300,73.6100,73.5300,73.6100,25646,0
UNH.US,5,20131203,202000,73.6100,73.6100,73.5200,73.5700,43852,0
UNH.US,5,20131203,202500,73.5600,73.5600,73.5200,73.5300,41740,0
UNH.US,5,20131203,203000,73.5300,73.6500,73.5200,73.6500,23251,0
UNH.US,5,20131203,203500,73.6400,73.7100,73.6200,73.6900,34399,0
UNH.US,5,20131203,204000,73.6800,73.8000,73.6800,73.7700,34528,0
UNH.US,5,20131203,204500,73.7600,73.7700,73.7300,73.7400,22117,0
UNH.US,5,20131203,205000,73.7500,73.7900,73.7300,73.7700,22473,0
UNH.US,5,20131203,205500,73.7800,73.8000,73.7400,73.7900,23881,0
UNH.US,5,20131203,210000,73.8000,73.8600,73.7900,73.8500,46784,0
UNH.US,5,20131203,210500,73.8500,73.8800,73.8300,73.8400,48429,0
UNH.US,5,20131203,211000,73.8400,73.8500,73.7100,73.7100,33587,0
UNH.US,5,20131203,211500,73.7100,73.7200,73.6300,73.6400,44783,0
UNH.US,5,20131203,212000,73.6400,73.7200,73.6400,73.7000,43612,0
UNH.US,5,20131203,212500,73.6900,73.7200,73.6600,73.6600,48110,0
UNH.US,5,20131203,213000,73.6600,73.6700,73.6100,73.6400,40130,0
UNH.US,5,20131203,213500,73.6300,73.7500,73.6300,73.7300,50045,0
UNH.US,5,20131203,214000,73.7300,73.7400,73.6600,73.6700,49458,0
UNH.US,5,20131203,214500,73.6600,73.6700,73.6100,73.6400,69306,0
UNH.US,5,20131203,215000,73.6400,73.6500,73.5800,73.6400,200137,0
UNH.US,5,20131203,215500,73.6400,73.6500,73.6300,73.6400,97965,0
UNH.US,5,20131203,220000,73.6400,73.7600,73.6400,73.7300,190267,0
UNH.US,5,20131203,220500,73.7300,73.7300,73.7300,73.7300,1559565,0
UNH.US,5,20131204,153500,73.0200,73.2200,72.5600,72.9600,125071,0
UNH.US,5,20131204,154000,72.9600,73.2000,72.9000,73.1200,96255,0
UNH.US,5,20131204,154500,73.2300,73.4000,73.1700,73.4000,199766,0
UNH.US,5,20131204,155000,73.3900,73.4200,73.3000,73.4100,56525,0
UNH.US,5,20131204,155500,73.4100,73.7400,73.3100,73.7400,98265,0
UNH.US,5,20131204,160000,73.7000,73.8500,73.5900,73.8100,158854,0
UNH.US,5,20131204,160500,73.8100,73.8500,73.6800,73.7400,186907,0
UNH.US,5,20131204,161000,73.7600,74.1700,73.7500,74.1500,52407,0
UNH.US,5,20131204,161500,74.1400,74.3500,74.1000,74.1800,118896,0
UNH.US,5,20131204,162000,74.1800,74.4100,74.1200,74.3500,262643,0
UNH.US,5,20131204,162500,74.3500,74.4100,74.2400,74.3900,115936,0
UNH.US,5,20131204,163000,74.3800,74.4000,74.2100,74.2800,61997,0
UNH.US,5,20131204,163500,74.2600,74.3000,74.0000,74.0200,67245,0
UNH.US,5,20131204,164000,74.0300,74.2000,74.0100,74.2000,47801,0
UNH.US,5,20131204,164500,74.2000,74.3200,74.1900,74.2100,49901,0
UNH.US,5,20131204,165000,74.2200,74.3200,74.2100,74.2800,30358,0
UNH.US,5,20131204,165500,74.2900,74.3500,74.2500,74.2800,72582,0
UNH.US,5,20131204,170000,74.2700,74.3300,74.1800,74.2500,42773,0
UNH.US,5,20131204,170500,74.2100,74.2400,74.0400,74.0400,56412,0
UNH.US,5,20131204,171000,74.0300,74.0700,73.9900,74.0200,32285,0
UNH.US,5,20131204,171500,74.0300,74.0400,73.9400,74.0000,30783,0
UNH.US,5,20131204,172000,74.0000,74.0100,73.9100,73.9100,33799,0
UNH.US,5,20131204,172500,73.9000,73.9500,73.8400,73.8500,44673,0
UNH.US,5,20131204,173000,73.8400,73.8500,73.7600,73.7800,50995,0
UNH.US,5,20131204,173500,73.7600,73.8100,73.7200,73.7200,20683,0
UNH.US,5,20131204,174000,73.7300,73.7300,73.6200,73.6500,36549,0
UNH.US,5,20131204,174500,73.6400,73.6800,73.6200,73.6700,46656,0
UNH.US,5,20131204,175000,73.6700,73.8100,73.5900,73.6000,38727,0
UNH.US,5,20131204,175500,73.5700,73.6400,73.5400,73.6200,60545,0
UNH.US,5,20131204,180000,73.6200,73.7100,73.6200,73.6500,20549,0
UNH.US,5,20131204,180500,73.6500,73.6600,73.4500,73.4600,58599,0
UNH.US,5,20131204,181000,73.4500,73.4900,73.3900,73.4400,16305,0
UNH.US,5,20131204,181500,73.4500,73.5400,73.3800,73.4100,19671,0
UNH.US,5,20131204,182000,73.4300,73.4600,73.3800,73.4000,21822,0
UNH.US,5,20131204,182500,73.3900,73.4600,73.3500,73.3900,19115,0
UNH.US,5,20131204,183000,73.4100,73.4100,73.3700,73.3900,29054,0
UNH.US,5,20131204,183500,73.4000,73.4800,73.3700,73.4700,13065,0
UNH.US,5,20131204,184000,73.4700,73.5600,73.4000,73.4000,62479,0
UNH.US,5,20131204,184500,73.4100,73.4400,73.3700,73.4100,14210,0
UNH.US,5,20131204,185000,73.3900,73.4700,73.3700,73.3800,14760,0
UNH.US,5,20131204,185500,73.3800,73.4600,73.3600,73.3600,38180,0
UNH.US,5,20131204,190000,73.3700,73.3800,73.2900,73.3000,39467,0
UNH.US,5,20131204,190500,73.3000,73.3800,73.2900,73.3300,15258,0
UNH.US,5,20131204,191000,73.3300,73.3900,73.2900,73.3300,73479,0
UNH.US,5,20131204,191500,73.3300,73.3500,73.1700,73.1700,16754,0
UNH.US,5,20131204,192000,73.1700,73.1900,73.1100,73.1900,32267,0
UNH.US,5,20131204,192500,73.1900,73.2700,73.1200,73.1700,55487,0
UNH.US,5,20131204,193000,73.1600,73.2000,72.9700,73.0000,55985,0
UNH.US,5,20131204,193500,72.9700,73.0300,72.8500,73.0000,59904,0
UNH.US,5,20131204,194000,73.0200,73.0400,72.9500,73.0400,30257,0
UNH.US,5,20131204,194500,73.0300,73.0300,72.9700,73.0000,18704,0
UNH.US,5,20131204,195000,73.0000,73.0500,72.9600,73.0000,41223,0
UNH.US,5,20131204,195500,73.0000,73.0500,72.9800,73.0400,17471,0
UNH.US,5,20131204,200000,73.0500,73.1000,73.0200,73.0600,20831,0
UNH.US,5,20131204,200500,73.0600,73.1100,73.0400,73.1000,128902,0
UNH.US,5,20131204,201000,73.1000,73.1400,73.0600,73.0700,37210,0
UNH.US,5,20131204,201500,73.0700,73.1900,73.0700,73.1400,22211,0
UNH.US,5,20131204,202000,73.1500,73.2300,73.1400,73.1800,21586,0
UNH.US,5,20131204,202500,73.1700,73.2200,73.1500,73.2200,22947,0
UNH.US,5,20131204,203000,73.2100,73.3300,73.2000,73.2900,60019,0
UNH.US,5,20131204,203500,73.3000,73.3100,73.2200,73.2300,59124,0
UNH.US,5,20131204,204000,73.2300,73.2600,73.1800,73.2400,43368,0
UNH.US,5,20131204,204500,73.2500,73.2700,73.2200,73.2400,28138,0
UNH.US,5,20131204,205000,73.2500,73.2600,73.2200,73.2500,33760,0
UNH.US,5,20131204,205500,73.2400,73.2500,73.1400,73.1400,22964,0
UNH.US,5,20131204,210000,73.1400,73.2300,73.0900,73.2000,63919,0
UNH.US,5,20131204,210500,73.1900,73.2300,73.1900,73.2100,36340,0
UNH.US,5,20131204,211000,73.2100,73.2300,73.1900,73.2100,50449,0
UNH.US,5,20131204,211500,73.2200,73.3100,73.2100,73.3000,60041,0
UNH.US,5,20131204,212000,73.3000,73.3300,73.2800,73.3300,118153,0
UNH.US,5,20131204,212500,73.3400,73.4800,73.3300,73.4800,53703,0
UNH.US,5,20131204,213000,73.4800,73.5000,73.4200,73.4400,54768,0
UNH.US,5,20131204,213500,73.4400,73.6100,73.4100,73.6000,78880,0
UNH.US,5,20131204,214000,73.6100,73.7400,73.6100,73.7400,81348,0
UNH.US,5,20131204,214500,73.7400,73.8500,73.7100,73.8200,135388,0
UNH.US,5,20131204,215000,73.8100,73.8300,73.7400,73.8200,84010,0
UNH.US,5,20131204,215500,73.8100,73.8500,73.7100,73.7800,164167,0
UNH.US,5,20131204,220000,73.7900,73.8000,73.6200,73.6400,190198,0
UNH.US,5,20131204,220500,73.6500,73.6500,73.6500,73.6500,291897,0
UNH.US,5,20131205,153500,73.4900,73.6000,73.0900,73.3400,48390,0
UNH.US,5,20131205,154000,73.3100,73.5000,73.2600,73.4100,69517,0
UNH.US,5,20131205,154500,73.4100,73.4400,73.1200,73.2000,46942,0
UNH.US,5,20131205,155000,73.1900,73.2700,73.1000,73.2700,31236,0
UNH.US,5,20131205,155500,73.2800,73.4100,73.2000,73.3400,30362,0
UNH.US,5,20131205,160000,73.3400,73.4100,73.2000,73.4000,114550,0
UNH.US,5,20131205,160500,73.4000,73.6300,73.3300,73.6300,54685,0
UNH.US,5,20131205,161000,73.6400,73.6800,73.5200,73.5800,75822,0
UNH.US,5,20131205,161500,73.5600,73.5700,73.3600,73.3600,67595,0
UNH.US,5,20131205,162000,73.3600,73.3900,73.2700,73.3700,42042,0
UNH.US,5,20131205,162500,73.3700,73.3700,73.2200,73.2500,28447,0
UNH.US,5,20131205,163000,73.2400,73.3800,73.2200,73.2700,26198,0
UNH.US,5,20131205,163500,73.2700,73.3200,73.1800,73.2000,35931,0
UNH.US,5,20131205,164000,73.2000,73.2900,73.1600,73.2900,24826,0
UNH.US,5,20131205,164500,73.2900,73.2900,73.0400,73.0600,48025,0
UNH.US,5,20131205,165000,73.0600,73.0600,72.9100,72.9500,41562,0
UNH.US,5,20131205,165500,72.9700,73.0200,72.9500,73.0200,30778,0
UNH.US,5,20131205,170000,73.0100,73.0600,72.9900,73.0000,28509,0
UNH.US,5,20131205,170500,73.0200,73.0500,72.9600,73.0100,30771,0
UNH.US,5,20131205,171000,73.0200,73.0200,72.9100,72.9400,24145,0
UNH.US,5,20131205,171500,72.9300,72.9800,72.9000,72.9500,24885,0
UNH.US,5,20131205,172000,72.9500,73.0500,72.9200,73.0200,20187,0
UNH.US,5,20131205,172500,72.9800,73.0900,72.9700,73.0700,22346,0
UNH.US,5,20131205,173000,73.0700,73.0900,73.0100,73.0300,32368,0
UNH.US,5,20131205,173500,73.0100,73.0400,72.9600,72.9600,22173,0
UNH.US,5,20131205,174000,72.9600,72.9900,72.9100,72.9900,18043,0
UNH.US,5,20131205,174500,72.9900,73.0200,72.9200,72.9800,16827,0
UNH.US,5,20131205,175000,72.9800,73.0000,72.9100,72.9500,16149,0
UNH.US,5,20131205,175500,72.9500,73.0300,72.9400,73.0300,18709,0
UNH.US,5,20131205,180000,73.0300,73.0300,72.9300,73.0000,18590,0
UNH.US,5,20131205,180500,73.0100,73.1400,73.0100,73.1300,26568,0
UNH.US,5,20131205,181000,73.1400,73.2000,73.1300,73.2000,27051,0
UNH.US,5,20131205,181500,73.2000,73.3000,73.2000,73.2800,29282,0
UNH.US,5,20131205,182000,73.2900,73.3000,73.2300,73.2600,20350,0
UNH.US,5,20131205,182500,73.2500,73.2500,73.2200,73.2300,21090,0
UNH.US,5,20131205,183000,73.2300,73.3500,73.2300,73.2500,25433,0
UNH.US,5,20131205,183500,73.2400,73.2800,73.2100,73.2200,21644,0
UNH.US,5,20131205,184000,73.2300,73.2300,73.0800,73.1000,106314,0
UNH.US,5,20131205,184500,73.1000,73.1100,73.0000,73.0000,39402,0
UNH.US,5,20131205,185000,73.0000,73.0000,72.9600,73.0000,32344,0
UNH.US,5,20131205,185500,72.9900,73.0000,72.9800,73.0000,24320,0
UNH.US,5,20131205,190000,73.0000,73.0000,72.9500,72.9500,36251,0
UNH.US,5,20131205,190500,72.9500,72.9800,72.9400,72.9600,20079,0
UNH.US,5,20131205,191000,72.9700,72.9700,72.9200,72.9300,13096,0
UNH.US,5,20131205,191500,72.9300,72.9500,72.9000,72.9000,22976,0
UNH.US,5,20131205,192000,72.9000,72.9000,72.8000,72.8200,26819,0
UNH.US,5,20131205,192500,72.8300,72.8400,72.6100,72.6400,86814,0
UNH.US,5,20131205,193000,72.6500,72.7600,72.5400,72.7300,107155,0
UNH.US,5,20131205,193500,72.7300,72.8000,72.7300,72.7900,24697,0
UNH.US,5,20131205,194000,72.7800,72.8500,72.7800,72.8500,15388,0
UNH.US,5,20131205,194500,72.8600,72.8800,72.7900,72.8300,30620,0
UNH.US,5,20131205,195000,72.8300,72.8400,72.7900,72.8100,29476,0
UNH.US,5,20131205,195500,72.8200,72.8300,72.7900,72.8000,22583,0
UNH.US,5,20131205,200000,72.8000,72.8600,72.8000,72.8500,21302,0
UNH.US,5,20131205,200500,72.8500,72.9000,72.8400,72.8800,25652,0
UNH.US,5,20131205,201000,72.8800,72.8800,72.8000,72.8000,23347,0
UNH.US,5,20131205,201500,72.8100,72.8200,72.7400,72.7700,46463,0
UNH.US,5,20131205,202000,72.7700,72.8100,72.7600,72.7800,25190,0
UNH.US,5,20131205,202500,72.7700,72.8100,72.7000,72.7000,18744,0
UNH.US,5,20131205,203000,72.7000,72.7400,72.6800,72.7300,24024,0
UNH.US,5,20131205,203500,72.7500,72.7800,72.7200,72.7200,29768,0
UNH.US,5,20131205,204000,72.7000,72.7800,72.6900,72.7700,37638,0
UNH.US,5,20131205,204500,72.7700,72.8500,72.7400,72.8400,34951,0
UNH.US,5,20131205,205000,72.8300,72.8800,72.7800,72.7900,26120,0
UNH.US,5,20131205,205500,72.7900,72.8000,72.7300,72.7500,43152,0
UNH.US,5,20131205,210000,72.7500,72.8100,72.7300,72.7900,29229,0
UNH.US,5,20131205,210500,72.7900,72.8100,72.7400,72.8100,22798,0
UNH.US,5,20131205,211000,72.8000,72.8900,72.7800,72.8300,90392,0
UNH.US,5,20131205,211500,72.8200,72.8700,72.7800,72.8500,31612,0
UNH.US,5,20131205,212000,72.8700,72.8700,72.7900,72.8300,28647,0
UNH.US,5,20131205,212500,72.8200,72.8700,72.7800,72.8500,56700,0
UNH.US,5,20131205,213000,72.8500,72.9100,72.8500,72.8700,47057,0
UNH.US,5,20131205,213500,72.8700,72.9500,72.8200,72.9300,68312,0
UNH.US,5,20131205,214000,72.9300,72.9600,72.9100,72.9300,92732,0
UNH.US,5,20131205,214500,72.9200,72.9300,72.8400,72.8500,100600,0
UNH.US,5,20131205,215000,72.8500,72.8800,72.7900,72.8100,142528,0
UNH.US,5,20131205,215500,72.8000,72.8200,72.7400,72.8200,151853,0
UNH.US,5,20131205,220000,72.8200,72.8200,72.6700,72.7500,167846,0
UNH.US,5,20131205,220500,72.7500,72.7500,72.7500,72.7500,674364,0
UNH.US,5,20131206,153500,73.2300,73.5800,73.2000,73.3700,54186,0
UNH.US,5,20131206,154000,73.3600,73.5000,73.2100,73.3300,40318,0
UNH.US,5,20131206,154500,73.3800,73.7200,73.3800,73.5800,44959,0
UNH.US,5,20131206,155000,73.5700,73.6900,73.5400,73.5700,30917,0
UNH.US,5,20131206,155500,73.5800,73.6700,73.4700,73.6100,70425,0
UNH.US,5,20131206,160000,73.6000,73.7100,73.5300,73.5300,25351,0
UNH.US,5,20131206,160500,73.5500,73.6600,73.5100,73.6500,21343,0
UNH.US,5,20131206,161000,73.6800,73.6800,73.4800,73.5000,76816,0
UNH.US,5,20131206,161500,73.4800,73.5000,73.3700,73.4000,32452,0
UNH.US,5,20131206,162000,73.4000,73.5300,73.4000,73.5000,43190,0
UNH.US,5,20131206,162500,73.5200,73.5500,73.4100,73.4700,73223,0
UNH.US,5,20131206,163000,73.4600,73.5000,73.3800,73.3900,27376,0
UNH.US,5,20131206,163500,73.3900,73.5100,73.3300,73.4500,92481,0
UNH.US,5,20131206,164000,73.4500,73.5100,73.3800,73.3800,40348,0
UNH.US,5,20131206,164500,73.3800,73.4000,73.2300,73.2300,16398,0
UNH.US,5,20131206,165000,73.2400,73.2400,73.1500,73.1700,32280,0
UNH.US,5,20131206,165500,73.1600,73.2100,73.1400,73.2100,23735,0
UNH.US,5,20131206,170000,73.2100,73.2700,73.1500,73.1700,14722,0
UNH.US,5,20131206,170500,73.1700,73.1900,73.1300,73.1900,16264,0
UNH.US,5,20131206,171000,73.1800,73.2200,73.1200,73.1300,18233,0
UNH.US,5,20131206,171500,73.1400,73.2000,73.1100,73.1700,17697,0
UNH.US,5,20131206,172000,73.2000,73.2000,73.1000,73.1100,14406,0
UNH.US,5,20131206,172500,73.0800,73.1300,73.0600,73.0800,19260,0
UNH.US,5,20131206,173000,73.0800,73.0800,72.9900,73.0100,24981,0
UNH.US,5,20131206,173500,73.0100,73.0800,73.0000,73.0600,43817,0
UNH.US,5,20131206,174000,73.0700,73.1300,73.0600,73.1100,14409,0
UNH.US,5,20131206,174500,73.1000,73.1800,73.1000,73.1200,22876,0
UNH.US,5,20131206,175000,73.1200,73.1500,73.1000,73.1500,19470,0
UNH.US,5,20131206,175500,73.1600,73.1600,73.0500,73.0500,13968,0
UNH.US,5,20131206,180000,73.0600,73.1500,73.0400,73.1200,18580,0
UNH.US,5,20131206,180500,73.1300,73.1900,73.1300,73.1700,12494,0
UNH.US,5,20131206,181000,73.1700,73.1800,73.0900,73.1000,16230,0
UNH.US,5,20131206,181500,73.1000,73.1100,73.0300,73.0300,19240,0
UNH.US,5,20131206,182000,73.0200,73.0200,72.9600,72.9900,33173,0
UNH.US,5,20131206,182500,73.0000,73.0400,72.9900,73.0400,16646,0
UNH.US,5,20131206,183000,73.0400,73.0400,72.8400,72.9700,92499,0
UNH.US,5,20131206,183500,72.9700,73.0900,72.9700,73.0700,41878,0
UNH.US,5,20131206,184000,73.0700,73.1700,73.0200,73.1600,50925,0
UNH.US,5,20131206,184500,73.1700,73.2000,73.0800,73.0900,30718,0
UNH.US,5,20131206,185000,73.1100,73.1500,73.1100,73.1200,11013,0
UNH.US,5,20131206,185500,73.1200,73.1400,73.1000,73.1000,15636,0
UNH.US,5,20131206,190000,73.1000,73.1900,73.1000,73.1800,13215,0
UNH.US,5,20131206,190500,73.1800,73.2100,73.1700,73.2100,38149,0
UNH.US,5,20131206,191000,73.2000,73.2200,73.1100,73.1400,21850,0
UNH.US,5,20131206,191500,73.1400,73.1600,73.1200,73.1300,11556,0
UNH.US,5,20131206,192000,73.1200,73.1600,73.1000,73.1600,19354,0
UNH.US,5,20131206,192500,73.1600,73.2200,73.1600,73.2100,18348,0
UNH.US,5,20131206,193000,73.2100,73.2200,73.1800,73.1900,31380,0
UNH.US,5,20131206,193500,73.1900,73.2100,73.1500,73.1600,17358,0
UNH.US,5,20131206,194000,73.1600,73.2100,73.1400,73.1800,41765,0
UNH.US,5,20131206,194500,73.1900,73.2300,73.1600,73.2100,51586,0
UNH.US,5,20131206,195000,73.2200,73.2600,73.2100,73.2400,17309,0
UNH.US,5,20131206,195500,73.2400,73.2400,73.1900,73.2000,22207,0
UNH.US,5,20131206,200000,73.2000,73.2600,73.2000,73.2400,16627,0
UNH.US,5,20131206,200500,73.2400,73.2700,73.2200,73.2200,22252,0
UNH.US,5,20131206,201000,73.2200,73.2300,73.1800,73.2200,19922,0
UNH.US,5,20131206,201500,73.2200,73.2600,73.2000,73.2000,18202,0
UNH.US,5,20131206,202000,73.1900,73.2400,73.1800,73.2200,24889,0
UNH.US,5,20131206,202500,73.2200,73.2400,73.2100,73.2200,14062,0
UNH.US,5,20131206,203000,73.2100,73.3200,73.2000,73.3100,20082,0
UNH.US,5,20131206,203500,73.3200,73.3600,73.3000,73.3500,25741,0
UNH.US,5,20131206,204000,73.3500,73.4500,73.3300,73.4500,29530,0
UNH.US,5,20131206,204500,73.4500,73.4600,73.4000,73.4300,28526,0
UNH.US,5,20131206,205000,73.4400,73.4700,73.4300,73.4600,29890,0
UNH.US,5,20131206,205500,73.4700,73.5100,73.4600,73.4900,63951,0
UNH.US,5,20131206,210000,73.5000,73.5400,73.4900,73.5400,32455,0
UNH.US,5,20131206,210500,73.5400,73.5600,73.4800,73.4900,36453,0
UNH.US,5,20131206,211000,73.4900,73.5000,73.4500,73.4700,39973,0
UNH.US,5,20131206,211500,73.4600,73.4600,73.3800,73.3800,41641,0
UNH.US,5,20131206,212000,73.3800,73.3900,73.3500,73.3500,54203,0
UNH.US,5,20131206,212500,73.3600,73.3900,73.3400,73.3600,50581,0
UNH.US,5,20131206,213000,73.3600,73.4300,73.3400,73.4300,40115,0
UNH.US,5,20131206,213500,73.4300,73.4800,73.4300,73.4800,53503,0
UNH.US,5,20131206,214000,73.4700,73.4700,73.3600,73.3900,60916,0
UNH.US,5,20131206,214500,73.3900,73.4800,73.3900,73.4600,41353,0
UNH.US,5,20131206,215000,73.4600,73.4800,73.4200,73.4300,96191,0
UNH.US,5,20131206,215500,73.4300,73.5100,73.4200,73.5100,81223,0
UNH.US,5,20131206,220000,73.5000,73.5300,73.4600,73.5100,163701,0
UNH.US,5,20131206,220500,73.5000,73.5000,73.5000,73.5000,1553792,0
UNH.US,5,20131209,153500,73.5000,73.9500,73.4300,73.7200,185314,0
UNH.US,5,20131209,154000,73.7000,73.7500,73.4900,73.6500,98683,0
UNH.US,5,20131209,154500,73.6700,73.9700,73.5600,73.9700,75832,0
UNH.US,5,20131209,155000,73.9600,74.0900,73.9300,74.0300,59591,0
UNH.US,5,20131209,155500,74.0300,74.0300,73.8900,73.9600,68371,0
UNH.US,5,20131209,160000,73.9600,74.1200,73.9300,74.0800,70312,0
UNH.US,5,20131209,160500,74.1200,74.2700,73.9800,74.2600,118489,0
UNH.US,5,20131209,161000,74.2600,74.3100,74.1800,74.2500,37362,0
UNH.US,5,20131209,161500,74.2600,74.2600,74.1800,74.2200,46579,0
UNH.US,5,20131209,162000,74.2000,74.2700,74.1600,74.1600,38221,0
UNH.US,5,20131209,162500,74.1600,74.1900,74.0300,74.1100,47565,0
UNH.US,5,20131209,163000,74.1300,74.1500,74.0800,74.0800,95848,0
UNH.US,5,20131209,163500,74.0800,74.1900,74.0600,74.1100,29575,0
UNH.US,5,20131209,164000,74.1100,74.1900,74.0700,74.1900,35219,0
UNH.US,5,20131209,164500,74.1900,74.2000,74.1200,74.1600,25230,0
UNH.US,5,20131209,165000,74.1400,74.1500,74.0800,74.1300,37188,0
UNH.US,5,20131209,165500,74.1500,74.2000,74.1100,74.1700,61980,0
UNH.US,5,20131209,170000,74.1700,74.1900,74.1000,74.1000,26957,0
UNH.US,5,20131209,170500,74.1000,74.1200,74.0200,74.0400,31491,0
UNH.US,5,20131209,171000,74.0400,74.0600,73.9800,74.0500,61127,0
UNH.US,5,20131209,171500,74.0400,74.1200,74.0200,74.1100,37550,0
UNH.US,5,20131209,172000,74.1100,74.1200,74.0300,74.0700,31258,0
UNH.US,5,20131209,172500,74.0600,74.0900,74.0300,74.0600,47076,0
UNH.US,5,20131209,173000,74.0400,74.0800,74.0300,74.0300,34625,0
UNH.US,5,20131209,173500,74.0400,74.0600,74.0300,74.0500,24476,0
UNH.US,5,20131209,174000,74.0600,74.0600,74.0000,74.0000,72985,0
UNH.US,5,20131209,174500,74.0000,74.0000,73.9400,74.0000,35444,0
UNH.US,5,20131209,175000,74.0000,74.0000,73.9600,73.9900,50175,0
UNH.US,5,20131209,175500,74.0000,74.0000,73.9000,73.9000,27507,0
UNH.US,5,20131209,180000,73.9100,73.9700,73.9100,73.9700,22484,0
UNH.US,5,20131209,180500,73.9700,73.9900,73.9500,73.9600,24656,0
UNH.US,5,20131209,181000,73.9500,74.0000,73.9100,73.9900,31156,0
UNH.US,5,20131209,181500,73.9900,73.9900,73.9100,73.9600,21590,0
UNH.US,5,20131209,182000,73.9700,73.9900,73.9600,73.9900,27279,0
UNH.US,5,20131209,182500,73.9900,74.0000,73.9600,73.9700,31359,0
UNH.US,5,20131209,183000,73.9700,73.9900,73.9500,73.9800,21365,0
UNH.US,5,20131209,183500,73.9800,73.9800,73.8900,73.9100,43150,0
UNH.US,5,20131209,184000,73.9100,73.9200,73.8900,73.8900,12861,0
UNH.US,5,20131209,184500,73.9000,73.9100,73.8700,73.9100,39964,0
UNH.US,5,20131209,185000,73.9100,73.9500,73.9100,73.9500,30227,0
UNH.US,5,20131209,185500,73.9500,73.9500,73.9100,73.9200,27551,0
UNH.US,5,20131209,190000,73.9200,73.9300,73.8500,73.9100,37997,0
UNH.US,5,20131209,190500,73.9100,73.9400,73.8800,73.8800,35819,0
UNH.US,5,20131209,191000,73.8800,73.8900,73.8300,73.8900,28096,0
UNH.US,5,20131209,191500,73.8800,73.9300,73.8800,73.9200,30970,0
UNH.US,5,20131209,192000,73.9200,73.9400,73.9000,73.9300,43978,0
UNH.US,5,20131209,192500,73.9300,73.9700,73.9100,73.9400,43406,0
UNH.US,5,20131209,193000,73.9400,73.9900,73.9100,73.9200,33114,0
UNH.US,5,20131209,193500,73.9100,73.9300,73.8900,73.9200,34360,0
UNH.US,5,20131209,194000,73.9200,73.9200,73.8700,73.8900,37180,0
UNH.US,5,20131209,194500,73.9000,73.9700,73.9000,73.9600,34100,0
UNH.US,5,20131209,195000,73.9700,73.9800,73.9300,73.9800,23833,0
UNH.US,5,20131209,195500,73.9700,74.0000,73.9100,73.9300,38562,0
UNH.US,5,20131209,200000,73.9300,73.9800,73.9300,73.9800,27707,0
UNH.US,5,20131209,200500,73.9700,74.0000,73.9400,73.9800,33656,0
UNH.US,5,20131209,201000,73.9800,74.0000,73.9700,73.9900,45228,0
UNH.US,5,20131209,201500,74.0000,74.0000,73.9800,74.0000,36032,0
UNH.US,5,20131209,202000,74.0000,74.0100,73.9400,73.9400,21670,0
UNH.US,5,20131209,202500,73.9400,73.9500,73.9100,73.9400,21304,0
UNH.US,5,20131209,203000,73.9400,73.9900,73.9400,73.9600,35239,0
UNH.US,5,20131209,203500,73.9600,73.9700,73.9200,73.9700,23966,0
UNH.US,5,20131209,204000,73.9700,73.9900,73.9200,73.9200,28499,0
UNH.US,5,20131209,204500,73.9300,73.9900,73.9200,73.9600,27863,0
UNH.US,5,20131209,205000,73.9500,73.9500,73.8700,73.8800,28739,0
UNH.US,5,20131209,205500,73.8900,73.8900,73.7900,73.7900,24268,0
UNH.US,5,20131209,210000,73.8000,73.8200,73.7700,73.8200,52238,0
UNH.US,5,20131209,210500,73.8200,73.8300,73.7600,73.7800,25685,0
UNH.US,5,20131209,211000,73.7900,73.7900,73.7000,73.7200,40178,0
UNH.US,5,20131209,211500,73.7200,73.7600,73.7100,73.7300,53948,0
UNH.US,5,20131209,212000,73.7200,73.7300,73.6400,73.6500,25669,0
UNH.US,5,20131209,212500,73.6400,73.6500,73.5900,73.6400,51517,0
UNH.US,5,20131209,213000,73.6300,73.6400,73.5700,73.5800,34098,0
UNH.US,5,20131209,213500,73.6000,73.6800,73.5900,73.6300,70538,0
UNH.US,5,20131209,214000,73.6300,73.6800,73.6100,73.6200,54207,0
UNH.US,5,20131209,214500,73.6200,73.6700,73.6100,73.6500,121969,0
UNH.US,5,20131209,215000,73.6400,73.7100,73.6300,73.6900,136454,0
UNH.US,5,20131209,215500,73.6900,73.7100,73.6800,73.7000,180278,0
UNH.US,5,20131209,220000,73.6900,73.7400,73.6800,73.7300,358063,0
UNH.US,5,20131209,220500,73.7300,73.7300,73.7200,73.7200,783974,0
