<TICKER>,<PER>,<DTYYYYMMDD>,<TIME>,<OPEN>,<HIGH>,<LOW>,<CLOSE>,<VOL>,<OPENINT>
VSH.US,5,20131112,153500,12.1900,12.2100,12.1900,12.2100,800,0
VSH.US,5,20131112,154000,12.2400,12.2800,12.2400,12.2600,1100,0
VSH.US,5,20131112,154500,12.2400,12.2900,12.2400,12.2600,1400,0
VSH.US,5,20131112,155000,12.2700,12.2700,12.2400,12.2600,1600,0
VSH.US,5,20131112,155500,12.2600,12.2800,12.2500,12.2700,6100,0
VSH.US,5,20131112,160000,12.2600,12.2700,12.2400,12.2600,4969,0
VSH.US,5,20131112,160500,12.2700,12.2700,12.2000,12.2200,10891,0
VSH.US,5,20131112,161000,12.2200,12.2600,12.2200,12.2600,8100,0
VSH.US,5,20131112,161500,12.2600,12.2700,12.2500,12.2500,2540,0
VSH.US,5,20131112,162000,12.2400,12.2800,12.2400,12.2800,4900,0
VSH.US,5,20131112,162500,12.2700,12.2800,12.2700,12.2800,7104,0
VSH.US,5,20131112,163000,12.2800,12.2800,12.2700,12.2800,2241,0
VSH.US,5,20131112,163500,12.2800,12.2800,12.2500,12.2600,4955,0
VSH.US,5,20131112,164000,12.2700,12.2700,12.2600,12.2700,2600,0
VSH.US,5,20131112,164500,12.2700,12.2800,12.2600,12.2800,6200,0
VSH.US,5,20131112,165000,12.2700,12.2800,12.2700,12.2700,3400,0
VSH.US,5,20131112,165500,12.2700,12.2700,12.2600,12.2600,3300,0
VSH.US,5,20131112,170000,12.2600,12.2700,12.2500,12.2500,4350,0
VSH.US,5,20131112,170500,12.2600,12.2800,12.2600,12.2700,14135,0
VSH.US,5,20131112,171000,12.2800,12.2800,12.2500,12.2500,4800,0
VSH.US,5,20131112,171500,12.2500,12.2900,12.2500,12.2700,6997,0
VSH.US,5,20131112,172000,12.2700,12.2900,12.2700,12.2800,2300,0
VSH.US,5,20131112,172500,12.2900,12.3100,12.2800,12.2800,23115,0
VSH.US,5,20131112,173000,12.2800,12.2900,12.2700,12.2800,6952,0
VSH.US,5,20131112,173500,12.2700,12.2900,12.2700,12.2800,14570,0
VSH.US,5,20131112,174000,12.2800,12.2900,12.2600,12.2700,6000,0
VSH.US,5,20131112,174500,12.2500,12.2500,12.2400,12.2400,1600,0
VSH.US,5,20131112,175000,12.2500,12.2500,12.2300,12.2400,3180,0
VSH.US,5,20131112,175500,12.2500,12.2500,12.2200,12.2200,2800,0
VSH.US,5,20131112,180000,12.2200,12.2200,12.1900,12.1900,11906,0
VSH.US,5,20131112,180500,12.1900,12.2000,12.1700,12.2000,4205,0
VSH.US,5,20131112,181000,12.1900,12.1900,12.1400,12.1600,9970,0
VSH.US,5,20131112,181500,12.1600,12.1900,12.1500,12.1800,2700,0
VSH.US,5,20131112,182000,12.1800,12.2000,12.1800,12.1900,4100,0
VSH.US,5,20131112,182500,12.2000,12.2000,12.1700,12.1900,3014,0
VSH.US,5,20131112,183000,12.1900,12.2100,12.1900,12.2100,3600,0
VSH.US,5,20131112,183500,12.2000,12.2100,12.1700,12.1800,4100,0
VSH.US,5,20131112,184000,12.1900,12.2000,12.1800,12.1900,3100,0
VSH.US,5,20131112,184500,12.2000,12.2000,12.2000,12.2000,400,0
VSH.US,5,20131112,185000,12.1900,12.2000,12.1900,12.1900,14400,0
VSH.US,5,20131112,185500,12.1900,12.2300,12.1900,12.2200,10351,0
VSH.US,5,20131112,190000,12.2200,12.2200,12.2000,12.2100,31910,0
VSH.US,5,20131112,190500,12.2100,12.2100,12.1900,12.2000,6956,0
VSH.US,5,20131112,191000,12.1900,12.2000,12.1900,12.2000,1400,0
VSH.US,5,20131112,191500,12.2000,12.2200,12.2000,12.2200,6891,0
VSH.US,5,20131112,192000,12.2200,12.2300,12.2200,12.2200,2500,0
VSH.US,5,20131112,192500,12.2300,12.2300,12.2300,12.2300,200,0
VSH.US,5,20131112,193000,12.2300,12.2300,12.2100,12.2100,4168,0
VSH.US,5,20131112,193500,12.2100,12.2200,12.2000,12.2000,2900,0
VSH.US,5,20131112,194000,12.1900,12.2000,12.1800,12.1800,3600,0
VSH.US,5,20131112,194500,12.1900,12.2000,12.1800,12.2000,2800,0
VSH.US,5,20131112,195000,12.2000,12.2200,12.2000,12.2100,2299,0
VSH.US,5,20131112,195500,12.2100,12.2100,12.1900,12.1900,2200,0
VSH.US,5,20131112,200000,12.1900,12.1900,12.1900,12.1900,400,0
VSH.US,5,20131112,200500,12.1900,12.2000,12.1800,12.1900,1400,0
VSH.US,5,20131112,201000,12.1800,12.1800,12.1800,12.1800,1200,0
VSH.US,5,20131112,201500,12.1800,12.1900,12.1800,12.1900,4800,0
VSH.US,5,20131112,202000,12.1800,12.1900,12.1800,12.1900,3568,0
VSH.US,5,20131112,202500,12.1800,12.2100,12.1800,12.2100,13103,0
VSH.US,5,20131112,203000,12.2100,12.2100,12.1800,12.1800,3000,0
VSH.US,5,20131112,203500,12.1700,12.1700,12.1600,12.1600,5500,0
VSH.US,5,20131112,204000,12.1700,12.1800,12.1700,12.1700,7477,0
VSH.US,5,20131112,204500,12.1800,12.1800,12.1700,12.1700,3678,0
VSH.US,5,20131112,205000,12.1700,12.1700,12.1500,12.1700,9700,0
VSH.US,5,20131112,205500,12.1800,12.1800,12.1600,12.1600,9200,0
VSH.US,5,20131112,210000,12.1600,12.2000,12.1600,12.2000,5200,0
VSH.US,5,20131112,210500,12.2000,12.2000,12.1800,12.1800,4478,0
VSH.US,5,20131112,211000,12.1900,12.2000,12.1800,12.1800,9600,0
VSH.US,5,20131112,211500,12.1700,12.1900,12.1600,12.1800,10920,0
VSH.US,5,20131112,212000,12.1800,12.2000,12.1800,12.1800,11737,0
VSH.US,5,20131112,212500,12.1800,12.2000,12.1700,12.1700,10382,0
VSH.US,5,20131112,213000,12.1700,12.1800,12.1700,12.1700,2300,0
VSH.US,5,20131112,213500,12.1700,12.2000,12.1700,12.1900,10484,0
VSH.US,5,20131112,214000,12.1900,12.2100,12.1800,12.1900,12198,0
VSH.US,5,20131112,214500,12.1900,12.2000,12.1800,12.1800,8303,0
VSH.US,5,20131112,215000,12.1800,12.1900,12.1500,12.1900,32991,0
VSH.US,5,20131112,215500,12.1800,12.1900,12.1500,12.1600,31948,0
VSH.US,5,20131112,220000,12.1500,12.1900,12.1500,12.1900,65833,0
VSH.US,5,20131112,220500,12.1900,12.1900,12.1900,12.1900,57872,0
VSH.US,5,20131113,153500,12.1300,12.1300,12.1100,12.1200,1700,0
VSH.US,5,20131113,154000,12.1200,12.1400,12.1200,12.1200,1400,0
VSH.US,5,20131113,154500,12.1200,12.1300,12.1200,12.1300,1250,0
VSH.US,5,20131113,155000,12.1300,12.1700,12.1300,12.1700,4560,0
VSH.US,5,20131113,155500,12.1600,12.1700,12.1200,12.1600,21532,0
VSH.US,5,20131113,160000,12.1500,12.1800,12.1300,12.1700,9687,0
VSH.US,5,20131113,160500,12.1900,12.2000,12.1500,12.1500,3600,0
VSH.US,5,20131113,161000,12.1500,12.1600,12.1300,12.1400,4100,0
VSH.US,5,20131113,161500,12.1400,12.1800,12.1300,12.1700,26597,0
VSH.US,5,20131113,162000,12.1700,12.1900,12.1700,12.1800,7900,0
VSH.US,5,20131113,162500,12.1800,12.2000,12.1800,12.1800,3637,0
VSH.US,5,20131113,163000,12.1800,12.2300,12.1800,12.2300,2814,0
VSH.US,5,20131113,163500,12.2200,12.2400,12.2200,12.2400,9124,0
VSH.US,5,20131113,164000,12.2400,12.2500,12.2300,12.2500,11277,0
VSH.US,5,20131113,164500,12.2400,12.2700,12.2400,12.2500,6701,0
VSH.US,5,20131113,165000,12.2500,12.2800,12.2500,12.2600,14215,0
VSH.US,5,20131113,165500,12.2500,12.2600,12.2500,12.2500,1000,0
VSH.US,5,20131113,170000,12.2500,12.2600,12.2500,12.2600,2300,0
VSH.US,5,20131113,170500,12.2500,12.2500,12.2400,12.2500,6700,0
VSH.US,5,20131113,171000,12.2600,12.2600,12.2400,12.2400,3160,0
VSH.US,5,20131113,171500,12.2400,12.2500,12.2300,12.2300,2300,0
VSH.US,5,20131113,172000,12.2300,12.2400,12.2100,12.2100,4900,0
VSH.US,5,20131113,172500,12.2100,12.2600,12.2100,12.2500,7201,0
VSH.US,5,20131113,173000,12.2500,12.2500,12.2400,12.2500,1800,0
VSH.US,5,20131113,173500,12.2400,12.2500,12.2300,12.2400,2200,0
VSH.US,5,20131113,174000,12.2300,12.2300,12.2000,12.2100,3400,0
VSH.US,5,20131113,174500,12.2000,12.2100,12.1800,12.1900,1400,0
VSH.US,5,20131113,175000,12.1900,12.2200,12.1800,12.2100,7805,0
VSH.US,5,20131113,175500,12.2100,12.2300,12.2100,12.2300,1800,0
VSH.US,5,20131113,180000,12.2300,12.2700,12.2200,12.2400,62052,0
VSH.US,5,20131113,180500,12.2400,12.2600,12.2400,12.2500,23211,0
VSH.US,5,20131113,181000,12.2500,12.2600,12.2500,12.2600,3056,0
VSH.US,5,20131113,181500,12.2600,12.2800,12.2500,12.2600,9874,0
VSH.US,5,20131113,182000,12.2800,12.3300,12.2800,12.3100,10348,0
VSH.US,5,20131113,182500,12.3200,12.3300,12.3100,12.3100,20691,0
VSH.US,5,20131113,183000,12.3300,12.3300,12.3000,12.3300,11188,0
VSH.US,5,20131113,183500,12.3200,12.3300,12.3100,12.3200,5850,0
VSH.US,5,20131113,184000,12.3100,12.3300,12.3100,12.3300,2600,0
VSH.US,5,20131113,184500,12.3300,12.3300,12.3200,12.3300,1700,0
VSH.US,5,20131113,185000,12.3300,12.3400,12.3300,12.3400,1300,0
VSH.US,5,20131113,185500,12.3400,12.3600,12.3300,12.3600,7711,0
VSH.US,5,20131113,190000,12.3500,12.3600,12.3500,12.3500,500,0
VSH.US,5,20131113,190500,12.3500,12.3800,12.3500,12.3800,25014,0
VSH.US,5,20131113,191000,12.3700,12.4000,12.3700,12.3900,14155,0
VSH.US,5,20131113,191500,12.3900,12.4000,12.3800,12.3800,9999,0
VSH.US,5,20131113,192000,12.3800,12.3900,12.3800,12.3800,4100,0
VSH.US,5,20131113,192500,12.3900,12.4000,12.3900,12.3900,1720,0
VSH.US,5,20131113,193000,12.3900,12.4000,12.3900,12.3900,8699,0
VSH.US,5,20131113,193500,12.4000,12.4000,12.3900,12.4000,10500,0
VSH.US,5,20131113,194000,12.4000,12.4000,12.3800,12.3800,4900,0
VSH.US,5,20131113,194500,12.3800,12.3900,12.3800,12.3900,811,0
VSH.US,5,20131113,195000,12.3900,12.4100,12.3900,12.4100,4600,0
VSH.US,5,20131113,195500,12.4000,12.4100,12.4000,12.4000,300,0
VSH.US,5,20131113,200000,12.4000,12.4000,12.4000,12.4000,2910,0
VSH.US,5,20131113,200500,12.4000,12.4100,12.4000,12.4000,22909,0
VSH.US,5,20131113,201000,12.4000,12.4100,12.4000,12.4100,300,0
VSH.US,5,20131113,201500,12.4000,12.4200,12.4000,12.4200,7815,0
VSH.US,5,20131113,202000,12.4100,12.4100,12.4000,12.4000,1200,0
VSH.US,5,20131113,202500,12.4100,12.4200,12.4100,12.4200,6120,0
VSH.US,5,20131113,203000,12.4100,12.4100,12.4000,12.4000,3338,0
VSH.US,5,20131113,203500,12.4000,12.4100,12.4000,12.4000,11484,0
VSH.US,5,20131113,204000,12.4000,12.4100,12.3900,12.4100,16525,0
VSH.US,5,20131113,204500,12.4000,12.4100,12.4000,12.4000,2100,0
VSH.US,5,20131113,205000,12.4000,12.4100,12.4000,12.4000,2000,0
VSH.US,5,20131113,205500,12.4000,12.4100,12.3900,12.4000,7299,0
VSH.US,5,20131113,210000,12.4000,12.4100,12.4000,12.4100,7151,0
VSH.US,5,20131113,210500,12.4000,12.4100,12.4000,12.4100,3180,0
VSH.US,5,20131113,211000,12.4100,12.4100,12.4000,12.4000,6800,0
VSH.US,5,20131113,211500,12.4100,12.4100,12.4000,12.4100,4900,0
VSH.US,5,20131113,212000,12.4100,12.4200,12.4000,12.4200,9079,0
VSH.US,5,20131113,212500,12.4100,12.4200,12.4100,12.4200,4499,0
VSH.US,5,20131113,213000,12.4100,12.4400,12.4100,12.4400,15649,0
VSH.US,5,20131113,213500,12.4300,12.4400,12.4300,12.4300,8199,0
VSH.US,5,20131113,214000,12.4300,12.4700,12.4300,12.4500,22018,0
VSH.US,5,20131113,214500,12.4600,12.4600,12.4400,12.4500,15251,0
VSH.US,5,20131113,215000,12.4500,12.4600,12.4400,12.4400,49695,0
VSH.US,5,20131113,215500,12.4400,12.4500,12.4200,12.4300,26692,0
VSH.US,5,20131113,220000,12.4200,12.4400,12.4200,12.4400,64086,0
VSH.US,5,20131113,220500,12.4400,12.4400,12.4400,12.4400,21122,0
VSH.US,5,20131114,153500,12.4500,12.4700,12.4400,12.4600,1310,0
VSH.US,5,20131114,154000,12.4500,12.4600,12.4400,12.4600,4100,0
VSH.US,5,20131114,154500,12.4600,12.4700,12.4400,12.4400,5875,0
VSH.US,5,20131114,155000,12.4500,12.4800,12.4400,12.4600,8645,0
VSH.US,5,20131114,155500,12.4400,12.4400,12.4200,12.4300,3099,0
VSH.US,5,20131114,160000,12.4300,12.4700,12.4200,12.4400,68701,0
VSH.US,5,20131114,160500,12.4400,12.4600,12.4400,12.4600,21254,0
VSH.US,5,20131114,161000,12.4500,12.4500,12.4000,12.4100,19201,0
VSH.US,5,20131114,161500,12.4200,12.4400,12.4100,12.4400,3300,0
VSH.US,5,20131114,162000,12.4300,12.4400,12.4300,12.4300,2900,0
VSH.US,5,20131114,162500,12.4300,12.4400,12.4200,12.4300,13500,0
VSH.US,5,20131114,163000,12.4400,12.4500,12.4300,12.4500,5500,0
VSH.US,5,20131114,163500,12.4500,12.4800,12.4500,12.4800,4800,0
VSH.US,5,20131114,164000,12.4700,12.4700,12.4400,12.4600,14492,0
VSH.US,5,20131114,164500,12.4700,12.4700,12.4500,12.4600,3100,0
VSH.US,5,20131114,165000,12.4600,12.4800,12.4600,12.4700,5998,0
VSH.US,5,20131114,165500,12.4500,12.4800,12.4500,12.4700,9900,0
VSH.US,5,20131114,170000,12.4800,12.4900,12.4800,12.4800,7562,0
VSH.US,5,20131114,170500,12.4800,12.4900,12.4800,12.4800,4600,0
VSH.US,5,20131114,171000,12.4800,12.4900,12.4700,12.4800,7205,0
VSH.US,5,20131114,171500,12.4800,12.4900,12.4800,12.4800,3734,0
VSH.US,5,20131114,172000,12.4800,12.5000,12.4700,12.4700,18975,0
VSH.US,5,20131114,172500,12.4700,12.4800,12.4700,12.4700,8900,0
VSH.US,5,20131114,173000,12.4700,12.4800,12.4700,12.4700,4093,0
VSH.US,5,20131114,173500,12.4700,12.4700,12.4700,12.4700,2000,0
VSH.US,5,20131114,174000,12.4700,12.4700,12.4700,12.4700,2872,0
VSH.US,5,20131114,174500,12.4700,12.4800,12.4600,12.4800,7525,0
VSH.US,5,20131114,175000,12.4800,12.5100,12.4800,12.4900,5542,0
VSH.US,5,20131114,175500,12.4900,12.4900,12.4800,12.4800,4200,0
VSH.US,5,20131114,180000,12.4900,12.4900,12.4700,12.4700,7557,0
VSH.US,5,20131114,180500,12.4700,12.4800,12.4600,12.4600,1800,0
VSH.US,5,20131114,181000,12.4700,12.4800,12.4700,12.4700,6000,0
VSH.US,5,20131114,181500,12.4700,12.4800,12.4700,12.4800,5300,0
VSH.US,5,20131114,182000,12.4800,12.4800,12.4600,12.4700,3801,0
VSH.US,5,20131114,182500,12.4700,12.4900,12.4700,12.4900,6000,0
VSH.US,5,20131114,183000,12.4900,12.5000,12.4800,12.4800,10353,0
VSH.US,5,20131114,183500,12.4800,12.4900,12.4800,12.4900,4348,0
VSH.US,5,20131114,184000,12.4900,12.5000,12.4800,12.4800,5999,0
VSH.US,5,20131114,184500,12.4900,12.5100,12.4900,12.5100,5759,0
VSH.US,5,20131114,185000,12.5100,12.5200,12.5000,12.5000,700,0
VSH.US,5,20131114,185500,12.4900,12.5000,12.4900,12.5000,4034,0
VSH.US,5,20131114,190000,12.5000,12.5000,12.4700,12.4700,8452,0
VSH.US,5,20131114,190500,12.4800,12.5000,12.4700,12.5000,3899,0
VSH.US,5,20131114,191000,12.4900,12.4900,12.4800,12.4900,5141,0
VSH.US,5,20131114,191500,12.4800,12.4900,12.4800,12.4900,3411,0
VSH.US,5,20131114,192000,12.4900,12.4900,12.4900,12.4900,1300,0
VSH.US,5,20131114,192500,12.5000,12.5100,12.4900,12.4900,3875,0
VSH.US,5,20131114,193000,12.4900,12.4900,12.4800,12.4800,4097,0
VSH.US,5,20131114,193500,12.4900,12.4900,12.4800,12.4800,1900,0
VSH.US,5,20131114,194000,12.4800,12.4900,12.4800,12.4900,1000,0
VSH.US,5,20131114,194500,12.4900,12.4900,12.4800,12.4800,5742,0
VSH.US,5,20131114,195000,12.4800,12.4900,12.4800,12.4900,2548,0
VSH.US,5,20131114,195500,12.4900,12.4900,12.4700,12.4700,3000,0
VSH.US,5,20131114,200000,12.4700,12.4800,12.4700,12.4800,6944,0
VSH.US,5,20131114,200500,12.4800,12.4900,12.4800,12.4900,6100,0
VSH.US,5,20131114,201000,12.4900,12.4900,12.4700,12.4700,2600,0
VSH.US,5,20131114,201500,12.4700,12.4800,12.4700,12.4800,2511,0
VSH.US,5,20131114,202000,12.4800,12.4900,12.4800,12.4800,1940,0
VSH.US,5,20131114,202500,12.4900,12.5100,12.4800,12.5100,6308,0
VSH.US,5,20131114,203000,12.5000,12.5200,12.5000,12.5200,10283,0
VSH.US,5,20131114,203500,12.5100,12.5100,12.4800,12.4800,6400,0
VSH.US,5,20131114,204000,12.4700,12.4700,12.4700,12.4700,600,0
VSH.US,5,20131114,204500,12.4700,12.5100,12.4700,12.5100,11856,0
VSH.US,5,20131114,205000,12.5100,12.5200,12.5100,12.5200,7468,0
VSH.US,5,20131114,205500,12.5200,12.5200,12.5200,12.5200,2318,0
VSH.US,5,20131114,210000,12.5100,12.5300,12.5100,12.5200,12640,0
VSH.US,5,20131114,210500,12.5200,12.5400,12.5200,12.5300,6100,0
VSH.US,5,20131114,211000,12.5300,12.5600,12.5300,12.5500,16421,0
VSH.US,5,20131114,211500,12.5500,12.5600,12.5400,12.5600,15089,0
VSH.US,5,20131114,212000,12.5600,12.5600,12.5400,12.5600,31188,0
VSH.US,5,20131114,212500,12.5600,12.5600,12.5500,12.5600,8365,0
VSH.US,5,20131114,213000,12.5600,12.5800,12.5500,12.5800,17806,0
VSH.US,5,20131114,213500,12.5700,12.5800,12.5700,12.5800,37244,0
VSH.US,5,20131114,214000,12.5800,12.5900,12.5700,12.5700,21169,0
VSH.US,5,20131114,214500,12.5700,12.5800,12.5700,12.5800,18448,0
VSH.US,5,20131114,215000,12.5800,12.5900,12.5700,12.5900,36441,0
VSH.US,5,20131114,215500,12.5900,12.5900,12.5800,12.5900,37960,0
VSH.US,5,20131114,220000,12.5800,12.6100,12.5700,12.6100,162301,0
VSH.US,5,20131114,220500,12.6000,12.6000,12.6000,12.6000,41082,0
VSH.US,5,20131115,153500,12.6600,12.6800,12.6300,12.6800,5100,0
VSH.US,5,20131115,154000,12.6700,12.6700,12.6300,12.6500,7995,0
VSH.US,5,20131115,154500,12.6400,12.7000,12.6400,12.7000,18686,0
VSH.US,5,20131115,155000,12.6900,12.7200,12.6900,12.7100,6700,0
VSH.US,5,20131115,155500,12.7000,12.7000,12.6600,12.6600,9700,0
VSH.US,5,20131115,160000,12.6500,12.7600,12.6300,12.7500,36458,0
VSH.US,5,20131115,160500,12.7500,12.7500,12.7200,12.7200,29885,0
VSH.US,5,20131115,161000,12.7200,12.7200,12.6800,12.6800,22950,0
VSH.US,5,20131115,161500,12.6700,12.7000,12.6700,12.7000,8319,0
VSH.US,5,20131115,162000,12.6900,12.7000,12.6300,12.6300,7257,0
VSH.US,5,20131115,162500,12.6400,12.6800,12.6400,12.6800,14721,0
VSH.US,5,20131115,163000,12.6600,12.7000,12.6600,12.6800,26064,0
VSH.US,5,20131115,163500,12.6900,12.7200,12.6900,12.7100,18588,0
VSH.US,5,20131115,164000,12.7100,12.7100,12.6900,12.7000,23700,0
VSH.US,5,20131115,164500,12.6900,12.7000,12.6800,12.6800,7199,0
VSH.US,5,20131115,165000,12.6800,12.7000,12.6700,12.7000,20539,0
VSH.US,5,20131115,165500,12.6900,12.7000,12.6600,12.6700,30260,0
VSH.US,5,20131115,170000,12.6600,12.6700,12.6400,12.6700,5600,0
VSH.US,5,20131115,170500,12.6700,12.6900,12.6700,12.6900,5141,0
VSH.US,5,20131115,171000,12.6800,12.6800,12.6700,12.6800,2100,0
VSH.US,5,20131115,171500,12.6700,12.7100,12.6700,12.7000,14562,0
VSH.US,5,20131115,172000,12.7100,12.7200,12.7000,12.7000,14142,0
VSH.US,5,20131115,172500,12.7000,12.7200,12.6900,12.6900,12186,0
VSH.US,5,20131115,173000,12.6800,12.6900,12.6600,12.6800,12223,0
VSH.US,5,20131115,173500,12.6900,12.7100,12.6800,12.7000,24099,0
VSH.US,5,20131115,174000,12.6900,12.7000,12.6900,12.6900,8000,0
VSH.US,5,20131115,174500,12.6900,12.7000,12.6800,12.6900,22449,0
VSH.US,5,20131115,175000,12.6900,12.7300,12.6900,12.7200,13213,0
VSH.US,5,20131115,175500,12.7200,12.7200,12.6500,12.6500,14107,0
VSH.US,5,20131115,180000,12.6500,12.6600,12.6500,12.6600,3200,0
VSH.US,5,20131115,180500,12.6600,12.6600,12.6500,12.6500,700,0
VSH.US,5,20131115,181000,12.6500,12.6700,12.6500,12.6700,8600,0
VSH.US,5,20131115,181500,12.6700,12.6700,12.6700,12.6700,900,0
VSH.US,5,20131115,182000,12.6700,12.7000,12.6700,12.7000,10600,0
VSH.US,5,20131115,182500,12.6900,12.6900,12.6700,12.6700,2943,0
VSH.US,5,20131115,183000,12.6700,12.6800,12.6700,12.6700,4200,0
VSH.US,5,20131115,183500,12.6700,12.6800,12.6600,12.6600,11787,0
VSH.US,5,20131115,184000,12.6500,12.6600,12.6500,12.6600,2305,0
VSH.US,5,20131115,184500,12.6600,12.6700,12.6500,12.6600,5100,0
VSH.US,5,20131115,185000,12.6600,12.6700,12.6500,12.6600,1900,0
VSH.US,5,20131115,185500,12.6500,12.6600,12.6500,12.6500,1100,0
VSH.US,5,20131115,190000,12.6500,12.6800,12.6500,12.6800,18700,0
VSH.US,5,20131115,190500,12.6800,12.6900,12.6700,12.6800,3900,0
VSH.US,5,20131115,191000,12.6900,12.6900,12.6800,12.6900,1200,0
VSH.US,5,20131115,191500,12.6900,12.7100,12.6800,12.7100,19505,0
VSH.US,5,20131115,192000,12.7100,12.7100,12.6900,12.7000,22458,0
VSH.US,5,20131115,192500,12.7000,12.7100,12.6900,12.6900,18250,0
VSH.US,5,20131115,193000,12.7000,12.7000,12.6900,12.6900,500,0
VSH.US,5,20131115,193500,12.6900,12.7000,12.6900,12.7000,3185,0
VSH.US,5,20131115,194000,12.7000,12.7000,12.6900,12.7000,1250,0
VSH.US,5,20131115,194500,12.7000,12.7000,12.6900,12.6900,4600,0
VSH.US,5,20131115,195000,12.6900,12.7000,12.6900,12.7000,5700,0
VSH.US,5,20131115,195500,12.7000,12.7000,12.6900,12.6900,6766,0
VSH.US,5,20131115,200000,12.6900,12.7000,12.6900,12.6900,3275,0
VSH.US,5,20131115,200500,12.6900,12.7100,12.6900,12.7000,11139,0
VSH.US,5,20131115,201000,12.7100,12.7100,12.6900,12.6900,35075,0
VSH.US,5,20131115,201500,12.6900,12.6900,12.6700,12.6700,6500,0
VSH.US,5,20131115,202000,12.6600,12.6600,12.6500,12.6500,1570,0
VSH.US,5,20131115,202500,12.6600,12.6600,12.6500,12.6600,2487,0
VSH.US,5,20131115,203000,12.6500,12.6500,12.6500,12.6500,2100,0
VSH.US,5,20131115,203500,12.6500,12.6600,12.6400,12.6600,14462,0
VSH.US,5,20131115,204000,12.6500,12.6500,12.6400,12.6400,1600,0
VSH.US,5,20131115,204500,12.6400,12.6600,12.6400,12.6600,61299,0
VSH.US,5,20131115,205000,12.6600,12.6600,12.6600,12.6600,1300,0
VSH.US,5,20131115,205500,12.6600,12.6600,12.6500,12.6600,5936,0
VSH.US,5,20131115,210000,12.6600,12.6600,12.6500,12.6500,3666,0
VSH.US,5,20131115,210500,12.6600,12.6700,12.6600,12.6600,1300,0
VSH.US,5,20131115,211000,12.6600,12.6700,12.6600,12.6700,1250,0
VSH.US,5,20131115,211500,12.6600,12.6700,12.6500,12.6700,23780,0
VSH.US,5,20131115,212000,12.6700,12.6700,12.6600,12.6700,500,0
VSH.US,5,20131115,212500,12.6600,12.6700,12.6600,12.6700,10088,0
VSH.US,5,20131115,213000,12.6600,12.6700,12.6600,12.6700,6850,0
VSH.US,5,20131115,213500,12.6600,12.6800,12.6600,12.6800,15300,0
VSH.US,5,20131115,214000,12.6800,12.7000,12.6700,12.7000,24385,0
VSH.US,5,20131115,214500,12.6900,12.6900,12.6800,12.6900,14193,0
VSH.US,5,20131115,215000,12.6800,12.6900,12.6800,12.6800,11194,0
VSH.US,5,20131115,215500,12.6900,12.6900,12.6800,12.6900,14118,0
VSH.US,5,20131115,220000,12.6900,12.6900,12.6700,12.6800,53071,0
VSH.US,5,20131115,220500,12.6800,12.6800,12.6800,12.6800,30246,0
VSH.US,5,20131118,153500,12.7100,12.7500,12.7000,12.7400,5987,0
VSH.US,5,20131118,154000,12.7400,12.7700,12.7200,12.7200,26259,0
VSH.US,5,20131118,154500,12.7100,12.7200,12.6900,12.6900,13600,0
VSH.US,5,20131118,155000,12.6700,12.7000,12.6700,12.6900,10600,0
VSH.US,5,20131118,155500,12.6800,12.7100,12.6800,12.7000,11700,0
VSH.US,5,20131118,160000,12.7000,12.7100,12.6800,12.6900,11454,0
VSH.US,5,20131118,160500,12.7000,12.7100,12.6900,12.7000,7413,0
VSH.US,5,20131118,161000,12.6900,12.7400,12.6900,12.7400,7200,0
VSH.US,5,20131118,161500,12.7300,12.7300,12.7100,12.7200,5300,0
VSH.US,5,20131118,162000,12.7200,12.7300,12.7200,12.7300,2200,0
VSH.US,5,20131118,162500,12.7400,12.7600,12.7400,12.7500,8998,0
VSH.US,5,20131118,163000,12.7500,12.7500,12.7200,12.7200,10022,0
VSH.US,5,20131118,163500,12.7200,12.7200,12.7000,12.7000,16921,0
VSH.US,5,20131118,164000,12.7100,12.7400,12.7000,12.7400,8699,0
VSH.US,5,20131118,164500,12.7400,12.7400,12.7000,12.7300,19222,0
VSH.US,5,20131118,165000,12.7400,12.7400,12.7300,12.7400,1288,0
VSH.US,5,20131118,165500,12.7300,12.7400,12.7200,12.7200,5012,0
VSH.US,5,20131118,170000,12.7200,12.7300,12.7200,12.7300,9400,0
VSH.US,5,20131118,170500,12.7300,12.7300,12.7000,12.7200,28201,0
VSH.US,5,20131118,171000,12.7400,12.7500,12.7400,12.7500,16111,0
VSH.US,5,20131118,171500,12.7500,12.7600,12.7500,12.7500,35448,0
VSH.US,5,20131118,172000,12.7500,12.8200,12.7500,12.7800,26019,0
VSH.US,5,20131118,172500,12.7700,12.7800,12.7500,12.7700,7364,0
VSH.US,5,20131118,173000,12.7700,12.7700,12.7300,12.7400,3300,0
VSH.US,5,20131118,173500,12.7400,12.7400,12.7300,12.7300,818,0
VSH.US,5,20131118,174000,12.7200,12.7200,12.7000,12.7000,6500,0
VSH.US,5,20131118,174500,12.7000,12.7200,12.7000,12.7000,23590,0
VSH.US,5,20131118,175000,12.7100,12.7100,12.6800,12.6800,10729,0
VSH.US,5,20131118,175500,12.6900,12.7100,12.6800,12.7000,10201,0
VSH.US,5,20131118,180000,12.7000,12.7300,12.7000,12.7000,11435,0
VSH.US,5,20131118,180500,12.7000,12.7000,12.7000,12.7000,9800,0
VSH.US,5,20131118,181000,12.7000,12.7000,12.7000,12.7000,7600,0
VSH.US,5,20131118,181500,12.7000,12.7000,12.7000,12.7000,5100,0
VSH.US,5,20131118,182000,12.7000,12.7000,12.7000,12.7000,2100,0
VSH.US,5,20131118,182500,12.7000,12.7100,12.7000,12.7100,2339,0
VSH.US,5,20131118,183000,12.7000,12.7000,12.7000,12.7000,7100,0
VSH.US,5,20131118,183500,12.7100,12.7200,12.7000,12.7000,13961,0
VSH.US,5,20131118,184000,12.7000,12.7000,12.6800,12.6800,18350,0
VSH.US,5,20131118,184500,12.6800,12.7000,12.6800,12.6900,2300,0
VSH.US,5,20131118,185000,12.6900,12.7000,12.6900,12.7000,349,0
VSH.US,5,20131118,185500,12.7000,12.7000,12.6900,12.7000,9124,0
VSH.US,5,20131118,190000,12.7000,12.7000,12.6900,12.7000,17272,0
VSH.US,5,20131118,190500,12.7000,12.7000,12.6900,12.7000,600,0
VSH.US,5,20131118,191000,12.7000,12.7000,12.6900,12.7000,2950,0
VSH.US,5,20131118,191500,12.6900,12.6900,12.6900,12.6900,400,0
VSH.US,5,20131118,192000,12.7000,12.7000,12.7000,12.7000,1900,0
VSH.US,5,20131118,192500,12.7000,12.7000,12.7000,12.7000,100,0
VSH.US,5,20131118,193000,12.6900,12.7000,12.6900,12.6900,920,0
VSH.US,5,20131118,193500,12.7000,12.7000,12.6900,12.6900,800,0
VSH.US,5,20131118,194000,12.7000,12.7000,12.6900,12.6900,526,0
VSH.US,5,20131118,194500,12.6900,12.7000,12.6900,12.6900,1100,0
VSH.US,5,20131118,195000,12.6900,12.7000,12.6900,12.6900,6870,0
VSH.US,5,20131118,195500,12.6900,12.7000,12.6900,12.6900,20640,0
VSH.US,5,20131118,200000,12.7000,12.7000,12.7000,12.7000,9739,0
VSH.US,5,20131118,200500,12.7000,12.7300,12.6900,12.7300,16894,0
VSH.US,5,20131118,201000,12.7400,12.7400,12.7000,12.7100,17849,0
VSH.US,5,20131118,201500,12.7100,12.7200,12.7100,12.7100,2700,0
VSH.US,5,20131118,202000,12.7100,12.7100,12.7000,12.7000,12600,0
VSH.US,5,20131118,202500,12.7000,12.7000,12.6900,12.6900,3289,0
VSH.US,5,20131118,203000,12.6900,12.7000,12.6900,12.7000,12595,0
VSH.US,5,20131118,203500,12.7000,12.7000,12.6900,12.7000,5800,0
VSH.US,5,20131118,204000,12.7000,12.7000,12.6900,12.7000,9600,0
VSH.US,5,20131118,204500,12.7000,12.7000,12.6900,12.7000,17702,0
VSH.US,5,20131118,205000,12.6900,12.7000,12.6800,12.6800,11000,0
VSH.US,5,20131118,205500,12.6800,12.6800,12.6700,12.6700,8700,0
VSH.US,5,20131118,210000,12.6700,12.6800,12.6700,12.6700,5385,0
VSH.US,5,20131118,210500,12.6600,12.6600,12.6300,12.6300,3500,0
VSH.US,5,20131118,211000,12.6400,12.6500,12.6200,12.6200,4500,0
VSH.US,5,20131118,211500,12.6100,12.6100,12.5900,12.5900,9700,0
VSH.US,5,20131118,212000,12.5900,12.6100,12.5800,12.6100,15956,0
VSH.US,5,20131118,212500,12.6100,12.6200,12.5800,12.5800,7418,0
VSH.US,5,20131118,213000,12.5900,12.6100,12.5800,12.6000,32282,0
VSH.US,5,20131118,213500,12.5900,12.6000,12.5800,12.5900,14769,0
VSH.US,5,20131118,214000,12.5800,12.5900,12.5800,12.5900,4800,0
VSH.US,5,20131118,214500,12.5900,12.6000,12.5800,12.6000,9077,0
VSH.US,5,20131118,215000,12.6100,12.6100,12.5800,12.6000,41045,0
VSH.US,5,20131118,215500,12.5900,12.6000,12.5900,12.5900,21665,0
VSH.US,5,20131118,220000,12.5900,12.6000,12.5700,12.5800,82764,0
VSH.US,5,20131118,220500,12.5900,12.5900,12.5900,12.5900,90073,0
VSH.US,5,20131119,153500,12.5300,12.6900,12.5000,12.5000,16733,0
VSH.US,5,20131119,154000,12.5000,12.5500,12.5000,12.5500,5469,0
VSH.US,5,20131119,154500,12.5400,12.5500,12.5100,12.5200,5400,0
VSH.US,5,20131119,155000,12.5100,12.5200,12.4900,12.5100,13807,0
VSH.US,5,20131119,155500,12.5000,12.5500,12.5000,12.5500,27091,0
VSH.US,5,20131119,160000,12.5500,12.5500,12.4900,12.5000,7812,0
VSH.US,5,20131119,160500,12.5000,12.5000,12.4900,12.5000,8100,0
VSH.US,5,20131119,161000,12.5000,12.5000,12.4800,12.4900,7200,0
VSH.US,5,20131119,161500,12.4900,12.4900,12.4700,12.4700,6400,0
VSH.US,5,20131119,162000,12.4800,12.5000,12.4700,12.4700,18300,0
VSH.US,5,20131119,162500,12.4800,12.4900,12.4600,12.4700,8000,0
VSH.US,5,20131119,163000,12.4600,12.4700,12.4300,12.4300,11646,0
VSH.US,5,20131119,163500,12.4400,12.4400,12.4300,12.4400,5783,0
VSH.US,5,20131119,164000,12.4500,12.4800,12.4400,12.4800,5047,0
VSH.US,5,20131119,164500,12.4900,12.4900,12.4800,12.4800,1900,0
VSH.US,5,20131119,165000,12.4700,12.4800,12.4400,12.4400,2400,0
VSH.US,5,20131119,165500,12.4400,12.4400,12.4400,12.4400,1900,0
VSH.US,5,20131119,170000,12.4500,12.4500,12.4400,12.4400,6500,0
VSH.US,5,20131119,170500,12.4400,12.4600,12.4300,12.4300,10387,0
VSH.US,5,20131119,171000,12.4400,12.4700,12.4400,12.4600,7084,0
VSH.US,5,20131119,171500,12.4500,12.4500,12.4300,12.4300,2200,0
VSH.US,5,20131119,172000,12.4400,12.4400,12.4300,12.4400,2500,0
VSH.US,5,20131119,172500,12.4300,12.4400,12.4300,12.4300,3300,0
VSH.US,5,20131119,173000,12.4300,12.4400,12.4200,12.4200,5680,0
VSH.US,5,20131119,173500,12.4200,12.4300,12.4100,12.4100,6455,0
VSH.US,5,20131119,174000,12.4100,12.4200,12.4100,12.4100,2900,0
VSH.US,5,20131119,174500,12.4100,12.4100,12.4000,12.4100,14589,0
VSH.US,5,20131119,175000,12.4000,12.4100,12.4000,12.4000,1900,0
VSH.US,5,20131119,175500,12.4000,12.4100,12.4000,12.4100,3700,0
VSH.US,5,20131119,180000,12.4000,12.4100,12.4000,12.4000,4500,0
VSH.US,5,20131119,180500,12.4000,12.4300,12.4000,12.4300,10708,0
VSH.US,5,20131119,181000,12.4300,12.4600,12.4300,12.4400,10098,0
VSH.US,5,20131119,181500,12.4300,12.4300,12.4200,12.4200,5700,0
VSH.US,5,20131119,182000,12.4200,12.4300,12.4100,12.4200,10548,0
VSH.US,5,20131119,182500,12.4200,12.4300,12.4100,12.4300,11953,0
VSH.US,5,20131119,183000,12.4300,12.4300,12.4100,12.4100,3687,0
VSH.US,5,20131119,183500,12.4100,12.4200,12.4000,12.4200,9900,0
VSH.US,5,20131119,184000,12.4200,12.4200,12.4100,12.4100,2600,0
VSH.US,5,20131119,184500,12.4100,12.4100,12.4000,12.4000,4300,0
VSH.US,5,20131119,185000,12.4000,12.4100,12.4000,12.4100,4400,0
VSH.US,5,20131119,185500,12.4100,12.4100,12.4000,12.4100,9790,0
VSH.US,5,20131119,190000,12.4100,12.4100,12.3900,12.3900,8346,0
VSH.US,5,20131119,190500,12.3900,12.4000,12.3800,12.3800,5000,0
VSH.US,5,20131119,191000,12.3900,12.4100,12.3800,12.4000,11728,0
VSH.US,5,20131119,191500,12.4100,12.4100,12.3900,12.4000,9010,0
VSH.US,5,20131119,192000,12.4000,12.4200,12.3900,12.4000,17380,0
VSH.US,5,20131119,192500,12.3900,12.3900,12.3800,12.3900,17901,0
VSH.US,5,20131119,193000,12.3800,12.4000,12.3800,12.4000,22713,0
VSH.US,5,20131119,193500,12.3900,12.4200,12.3800,12.4100,30326,0
VSH.US,5,20131119,194000,12.4100,12.4100,12.3600,12.3600,12681,0
VSH.US,5,20131119,194500,12.3600,12.4100,12.3600,12.4000,15525,0
VSH.US,5,20131119,195000,12.4000,12.4000,12.3700,12.4000,6200,0
VSH.US,5,20131119,195500,12.4000,12.4100,12.3700,12.3900,9665,0
VSH.US,5,20131119,200000,12.3900,12.4000,12.3800,12.3800,13537,0
VSH.US,5,20131119,200500,12.3800,12.4100,12.3800,12.3900,12099,0
VSH.US,5,20131119,201000,12.3800,12.4100,12.3800,12.3900,16216,0
VSH.US,5,20131119,201500,12.3800,12.3900,12.3700,12.3700,3700,0
VSH.US,5,20131119,202000,12.3800,12.3800,12.3600,12.3700,2337,0
VSH.US,5,20131119,202500,12.3600,12.3600,12.3500,12.3500,4400,0
VSH.US,5,20131119,203000,12.3500,12.3600,12.3500,12.3600,6300,0
VSH.US,5,20131119,203500,12.3500,12.3600,12.3400,12.3400,10599,0
VSH.US,5,20131119,204000,12.3400,12.3700,12.3400,12.3700,7300,0
VSH.US,5,20131119,204500,12.3800,12.3800,12.3800,12.3800,3805,0
VSH.US,5,20131119,205000,12.3700,12.3700,12.3400,12.3400,2397,0
VSH.US,5,20131119,205500,12.3400,12.3400,12.3400,12.3400,4353,0
VSH.US,5,20131119,210000,12.3400,12.3400,12.3200,12.3200,8568,0
VSH.US,5,20131119,210500,12.3200,12.3300,12.3200,12.3200,4300,0
VSH.US,5,20131119,211000,12.3200,12.3300,12.3100,12.3100,10411,0
VSH.US,5,20131119,211500,12.3100,12.3300,12.3100,12.3200,9500,0
VSH.US,5,20131119,212000,12.3300,12.3500,12.3300,12.3500,11001,0
VSH.US,5,20131119,212500,12.3400,12.3500,12.3400,12.3400,8040,0
VSH.US,5,20131119,213000,12.3400,12.3500,12.3400,12.3400,11394,0
VSH.US,5,20131119,213500,12.3400,12.3500,12.3300,12.3300,23573,0
VSH.US,5,20131119,214000,12.3400,12.3400,12.3300,12.3300,18256,0
VSH.US,5,20131119,214500,12.3300,12.3400,12.3300,12.3300,29897,0
VSH.US,5,20131119,215000,12.3400,12.3400,12.3300,12.3300,18513,0
VSH.US,5,20131119,215500,12.3300,12.3400,12.3300,12.3400,27475,0
VSH.US,5,20131119,220000,12.3300,12.3400,12.3300,12.3400,134883,0
VSH.US,5,20131119,220500,12.3300,12.3400,12.3300,12.3400,18391,0
VSH.US,5,20131120,153500,12.4100,12.4100,12.3600,12.3800,10737,0
VSH.US,5,20131120,154000,12.3700,12.4000,12.3700,12.3900,7300,0
VSH.US,5,20131120,154500,12.3900,12.3900,12.3300,12.3400,5122,0
VSH.US,5,20131120,155000,12.3400,12.3400,12.2600,12.3300,10310,0
VSH.US,5,20131120,155500,12.3300,12.3400,12.2900,12.2900,1690,0
VSH.US,5,20131120,160000,12.2800,12.3700,12.2800,12.3400,6805,0
VSH.US,5,20131120,160500,12.3100,12.3100,12.3100,12.3100,800,0
VSH.US,5,20131120,161000,12.3100,12.3100,12.3000,12.3100,1200,0
VSH.US,5,20131120,161500,12.3200,12.3400,12.3200,12.3400,700,0
VSH.US,5,20131120,162000,12.3300,12.3400,12.3300,12.3400,1800,0
VSH.US,5,20131120,162500,12.3400,12.4200,12.3400,12.3900,24066,0
VSH.US,5,20131120,163000,12.3900,12.4000,12.3600,12.3700,11074,0
VSH.US,5,20131120,163500,12.3700,12.3800,12.3600,12.3600,1500,0
VSH.US,5,20131120,164000,12.3600,12.3800,12.3500,12.3800,6200,0
VSH.US,5,20131120,164500,12.3800,12.3900,12.3700,12.3700,8760,0
VSH.US,5,20131120,165000,12.3700,12.3900,12.3700,12.3800,4300,0
VSH.US,5,20131120,165500,12.3900,12.3900,12.3800,12.3900,7800,0
VSH.US,5,20131120,170000,12.3900,12.3900,12.3600,12.3700,3500,0
VSH.US,5,20131120,170500,12.3700,12.3800,12.3500,12.3600,5300,0
VSH.US,5,20131120,171000,12.3500,12.4000,12.3500,12.3700,15150,0
VSH.US,5,20131120,171500,12.3800,12.3900,12.3600,12.3600,4790,0
VSH.US,5,20131120,172000,12.3600,12.3600,12.3500,12.3500,1000,0
VSH.US,5,20131120,172500,12.3500,12.3900,12.3300,12.3500,33900,0
VSH.US,5,20131120,173000,12.3600,12.3700,12.3200,12.3600,18268,0
VSH.US,5,20131120,173500,12.3600,12.3700,12.3600,12.3600,2100,0
VSH.US,5,20131120,174000,12.3600,12.3600,12.3400,12.3400,8601,0
VSH.US,5,20131120,174500,12.3300,12.3300,12.3300,12.3300,1600,0
VSH.US,5,20131120,175000,12.3200,12.3400,12.3200,12.3400,2873,0
VSH.US,5,20131120,175500,12.3300,12.3300,12.3200,12.3300,400,0
VSH.US,5,20131120,180000,12.3300,12.3400,12.3300,12.3300,1600,0
VSH.US,5,20131120,180500,12.3400,12.3600,12.3300,12.3500,5600,0
VSH.US,5,20131120,181000,12.3600,12.3600,12.3400,12.3400,4191,0
VSH.US,5,20131120,181500,12.3400,12.3500,12.3400,12.3500,500,0
VSH.US,5,20131120,182000,12.3400,12.3500,12.3400,12.3400,2899,0
VSH.US,5,20131120,182500,12.3500,12.3500,12.3400,12.3500,5600,0
VSH.US,5,20131120,183000,12.3500,12.3500,12.3300,12.3300,5605,0
VSH.US,5,20131120,183500,12.3400,12.3400,12.3300,12.3400,2900,0
VSH.US,5,20131120,184000,12.3300,12.3400,12.3300,12.3400,400,0
VSH.US,5,20131120,184500,12.3400,12.3400,12.3300,12.3300,3820,0
VSH.US,5,20131120,185500,12.3400,12.3400,12.3300,12.3400,2707,0
VSH.US,5,20131120,190000,12.3400,12.3400,12.3300,12.3400,1500,0
VSH.US,5,20131120,190500,12.3400,12.3500,12.3400,12.3500,1700,0
VSH.US,5,20131120,191000,12.3500,12.3500,12.3400,12.3500,5000,0
VSH.US,5,20131120,191500,12.3500,12.3500,12.3400,12.3400,675,0
VSH.US,5,20131120,192000,12.3500,12.3500,12.3300,12.3300,4606,0
VSH.US,5,20131120,192500,12.3400,12.3400,12.3200,12.3200,8140,0
VSH.US,5,20131120,193000,12.3300,12.3300,12.3200,12.3300,400,0
VSH.US,5,20131120,193500,12.3200,12.3300,12.3200,12.3200,600,0
VSH.US,5,20131120,194000,12.3300,12.3300,12.3200,12.3300,3400,0
VSH.US,5,20131120,194500,12.3300,12.3500,12.3200,12.3500,6400,0
VSH.US,5,20131120,195000,12.3500,12.3500,12.3400,12.3500,8161,0
VSH.US,5,20131120,195500,12.3500,12.3500,12.3400,12.3500,2800,0
VSH.US,5,20131120,200000,12.3500,12.3500,12.3400,12.3500,1800,0
VSH.US,5,20131120,200500,12.3400,12.3800,12.3300,12.3600,34187,0
VSH.US,5,20131120,201000,12.3600,12.3600,12.3300,12.3500,6400,0
VSH.US,5,20131120,201500,12.3500,12.3500,12.3200,12.3400,14449,0
VSH.US,5,20131120,202000,12.3400,12.3600,12.3400,12.3600,4800,0
VSH.US,5,20131120,202500,12.3600,12.3700,12.3300,12.3500,12552,0
VSH.US,5,20131120,203000,12.3400,12.3500,12.3400,12.3400,10300,0
VSH.US,5,20131120,203500,12.3400,12.3500,12.3400,12.3500,5000,0
VSH.US,5,20131120,204000,12.3500,12.3500,12.3200,12.3200,7002,0
VSH.US,5,20131120,204500,12.3300,12.3400,12.3200,12.3400,4900,0
VSH.US,5,20131120,205000,12.3400,12.3400,12.3200,12.3400,3311,0
VSH.US,5,20131120,205500,12.3300,12.3300,12.3100,12.3100,2398,0
VSH.US,5,20131120,210000,12.3200,12.3300,12.3200,12.3300,2300,0
VSH.US,5,20131120,210500,12.3200,12.3300,12.3000,12.3000,12069,0
VSH.US,5,20131120,211000,12.3000,12.3100,12.2900,12.3000,26400,0
VSH.US,5,20131120,211500,12.3000,12.3100,12.2900,12.3100,5396,0
VSH.US,5,20131120,212000,12.3100,12.3200,12.3000,12.3100,9111,0
VSH.US,5,20131120,212500,12.3100,12.3400,12.3000,12.3400,19267,0
VSH.US,5,20131120,213000,12.3400,12.3400,12.3300,12.3300,3200,0
VSH.US,5,20131120,213500,12.3400,12.3400,12.3100,12.3100,9548,0
VSH.US,5,20131120,214000,12.3100,12.3200,12.3100,12.3200,1900,0
VSH.US,5,20131120,214500,12.3200,12.3400,12.3100,12.3400,28218,0
VSH.US,5,20131120,215000,12.3400,12.3500,12.3200,12.3300,18359,0
VSH.US,5,20131120,215500,12.3200,12.3300,12.3200,12.3200,11351,0
VSH.US,5,20131120,220000,12.3300,12.3400,12.3200,12.3300,42222,0
VSH.US,5,20131120,220500,12.3300,12.3300,12.3300,12.3300,42216,0
VSH.US,5,20131121,153500,12.3900,12.4100,12.3500,12.3600,3300,0
VSH.US,5,20131121,154000,12.4000,12.4300,12.4000,12.4100,4500,0
VSH.US,5,20131121,154500,12.4100,12.4200,12.4000,12.4000,4800,0
VSH.US,5,20131121,155000,12.4000,12.4200,12.3900,12.4000,13769,0
VSH.US,5,20131121,155500,12.4000,12.4200,12.3800,12.4100,22287,0
VSH.US,5,20131121,160000,12.4200,12.4500,12.4100,12.4500,15350,0
VSH.US,5,20131121,160500,12.4600,12.4700,12.4200,12.4200,12751,0
VSH.US,5,20131121,161000,12.4300,12.4300,12.4000,12.4100,10400,0
VSH.US,5,20131121,161500,12.4200,12.4300,12.4200,12.4300,1550,0
VSH.US,5,20131121,162000,12.4300,12.4700,12.4300,12.4700,12977,0
VSH.US,5,20131121,162500,12.4700,12.4900,12.4300,12.4300,13454,0
VSH.US,5,20131121,163000,12.4400,12.4600,12.4100,12.4400,39250,0
VSH.US,5,20131121,163500,12.4400,12.4800,12.4300,12.4300,13898,0
VSH.US,5,20131121,164000,12.4300,12.4300,12.4000,12.4100,18300,0
VSH.US,5,20131121,164500,12.4200,12.4400,12.4100,12.4300,8201,0
VSH.US,5,20131121,165000,12.4400,12.4400,12.4200,12.4200,13560,0
VSH.US,5,20131121,165500,12.4200,12.4600,12.4100,12.4400,16332,0
VSH.US,5,20131121,170000,12.4500,12.4500,12.4200,12.4300,7287,0
VSH.US,5,20131121,170500,12.4400,12.4400,12.4300,12.4400,1300,0
VSH.US,5,20131121,171000,12.4400,12.4400,12.4100,12.4200,6900,0
VSH.US,5,20131121,171500,12.4200,12.4200,12.4100,12.4200,15673,0
VSH.US,5,20131121,172000,12.4200,12.4200,12.4100,12.4200,18500,0
VSH.US,5,20131121,172500,12.4100,12.4200,12.4100,12.4200,5150,0
VSH.US,5,20131121,173000,12.4100,12.4200,12.4100,12.4100,7588,0
VSH.US,5,20131121,173500,12.4200,12.4200,12.4000,12.4100,18439,0
VSH.US,5,20131121,174000,12.4100,12.4200,12.4100,12.4100,2500,0
VSH.US,5,20131121,174500,12.4200,12.4200,12.4000,12.4100,16493,0
VSH.US,5,20131121,175000,12.4200,12.4200,12.4100,12.4100,600,0
VSH.US,5,20131121,175500,12.4100,12.4200,12.4100,12.4100,1300,0
VSH.US,5,20131121,180000,12.4100,12.4200,12.4100,12.4100,8100,0
VSH.US,5,20131121,180500,12.4100,12.4100,12.4100,12.4100,1130,0
VSH.US,5,20131121,181000,12.4100,12.4100,12.4100,12.4100,6500,0
VSH.US,5,20131121,181500,12.4100,12.4100,12.4000,12.4000,5658,0
VSH.US,5,20131121,182000,12.4000,12.4400,12.4000,12.4300,29243,0
VSH.US,5,20131121,182500,12.4400,12.4400,12.4300,12.4400,600,0
VSH.US,5,20131121,183000,12.4300,12.4400,12.4300,12.4300,3878,0
VSH.US,5,20131121,183500,12.4300,12.4300,12.4200,12.4200,2832,0
VSH.US,5,20131121,184000,12.4200,12.4200,12.4200,12.4200,800,0
VSH.US,5,20131121,184500,12.4200,12.4200,12.4200,12.4200,1200,0
VSH.US,5,20131121,185000,12.4200,12.4200,12.4000,12.4000,9655,0
VSH.US,5,20131121,185500,12.3900,12.4200,12.3900,12.4200,15588,0
VSH.US,5,20131121,190000,12.4300,12.4400,12.4200,12.4400,15913,0
VSH.US,5,20131121,190500,12.4300,12.4300,12.4200,12.4300,5800,0
VSH.US,5,20131121,191000,12.4400,12.4500,12.4300,12.4500,5360,0
VSH.US,5,20131121,191500,12.4500,12.4600,12.4500,12.4600,3700,0
VSH.US,5,20131121,192000,12.4600,12.4700,12.4600,12.4600,8200,0
VSH.US,5,20131121,192500,12.4700,12.4700,12.4600,12.4600,1200,0
VSH.US,5,20131121,193000,12.4600,12.4700,12.4500,12.4500,3220,0
VSH.US,5,20131121,193500,12.4500,12.4500,12.4400,12.4500,2810,0
VSH.US,5,20131121,194000,12.4400,12.4500,12.4400,12.4400,700,0
VSH.US,5,20131121,194500,12.4400,12.4600,12.4400,12.4500,8848,0
VSH.US,5,20131121,195000,12.4600,12.4700,12.4600,12.4600,4500,0
VSH.US,5,20131121,195500,12.4600,12.4700,12.4600,12.4600,7400,0
VSH.US,5,20131121,200000,12.4600,12.4700,12.4400,12.4500,10160,0
VSH.US,5,20131121,200500,12.4500,12.4700,12.4500,12.4500,10368,0
VSH.US,5,20131121,201000,12.4500,12.4600,12.4500,12.4500,1900,0
VSH.US,5,20131121,201500,12.4500,12.4600,12.4500,12.4500,13300,0
VSH.US,5,20131121,202000,12.4500,12.4600,12.4500,12.4500,1000,0
VSH.US,5,20131121,202500,12.4500,12.4600,12.4400,12.4400,10800,0
VSH.US,5,20131121,203000,12.4400,12.4500,12.4400,12.4400,6300,0
VSH.US,5,20131121,203500,12.4400,12.4500,12.4300,12.4300,10340,0
VSH.US,5,20131121,204000,12.4300,12.4400,12.4300,12.4300,5500,0
VSH.US,5,20131121,204500,12.4300,12.4800,12.4300,12.4700,25775,0
VSH.US,5,20131121,205000,12.4800,12.4800,12.4700,12.4800,5837,0
VSH.US,5,20131121,205500,12.4700,12.4700,12.4500,12.4500,13230,0
VSH.US,5,20131121,210000,12.4500,12.4700,12.4500,12.4600,20300,0
VSH.US,5,20131121,210500,12.4700,12.4700,12.4600,12.4600,2369,0
VSH.US,5,20131121,211000,12.4600,12.5000,12.4600,12.5000,14139,0
VSH.US,5,20131121,211500,12.4900,12.4900,12.4800,12.4800,9852,0
VSH.US,5,20131121,212000,12.4900,12.4900,12.4700,12.4800,12539,0
VSH.US,5,20131121,212500,12.4800,12.4800,12.4600,12.4600,7025,0
VSH.US,5,20131121,213000,12.4600,12.4700,12.4600,12.4600,2819,0
VSH.US,5,20131121,213500,12.4600,12.5000,12.4600,12.4900,27430,0
VSH.US,5,20131121,214000,12.4900,12.4900,12.4600,12.4600,9507,0
VSH.US,5,20131121,214500,12.4600,12.4600,12.4500,12.4500,6338,0
VSH.US,5,20131121,215000,12.4500,12.4600,12.4400,12.4600,22471,0
VSH.US,5,20131121,215500,12.4500,12.4600,12.4400,12.4500,24084,0
VSH.US,5,20131121,220000,12.4500,12.4800,12.4400,12.4800,66691,0
VSH.US,5,20131121,220500,12.4800,12.4800,12.4800,12.4800,100257,0
VSH.US,5,20131122,153500,12.5000,12.5500,12.4800,12.5500,14636,0
VSH.US,5,20131122,154000,12.5500,12.5600,12.5200,12.5200,6300,0
VSH.US,5,20131122,154500,12.5300,12.5300,12.5200,12.5200,1700,0
VSH.US,5,20131122,155000,12.5200,12.5200,12.5200,12.5200,1500,0
VSH.US,5,20131122,155500,12.5200,12.5200,12.5200,12.5200,100,0
VSH.US,5,20131122,160000,12.5200,12.5300,12.5200,12.5200,3600,0
VSH.US,5,20131122,160500,12.5200,12.5200,12.5000,12.5000,9301,0
VSH.US,5,20131122,161000,12.4900,12.5000,12.4900,12.4900,2500,0
VSH.US,5,20131122,161500,12.4800,12.5000,12.4800,12.5000,3800,0
VSH.US,5,20131122,162000,12.5000,12.5100,12.5000,12.5000,2000,0
VSH.US,5,20131122,162500,12.5100,12.5200,12.4900,12.5000,8218,0
VSH.US,5,20131122,163000,12.5000,12.5200,12.5000,12.5200,2691,0
VSH.US,5,20131122,163500,12.5200,12.5200,12.5200,12.5200,100,0
VSH.US,5,20131122,164000,12.5100,12.5400,12.5000,12.5300,15116,0
VSH.US,5,20131122,164500,12.5300,12.5300,12.5300,12.5300,100,0
VSH.US,5,20131122,165000,12.5200,12.5400,12.5000,12.5400,11424,0
VSH.US,5,20131122,165500,12.5300,12.5300,12.5100,12.5100,2300,0
VSH.US,5,20131122,170000,12.5200,12.5300,12.5200,12.5300,3300,0
VSH.US,5,20131122,170500,12.5200,12.5200,12.5200,12.5200,300,0
VSH.US,5,20131122,171000,12.5200,12.5200,12.5100,12.5100,1494,0
VSH.US,5,20131122,171500,12.5000,12.5000,12.5000,12.5000,2500,0
VSH.US,5,20131122,172000,12.5000,12.5100,12.5000,12.5100,1600,0
VSH.US,5,20131122,172500,12.5100,12.5300,12.5100,12.5300,2200,0
VSH.US,5,20131122,173000,12.5200,12.5300,12.5200,12.5200,1500,0
VSH.US,5,20131122,173500,12.5100,12.5200,12.5100,12.5100,4984,0
VSH.US,5,20131122,174000,12.5200,12.5200,12.5100,12.5200,6600,0
VSH.US,5,20131122,174500,12.5200,12.5300,12.5100,12.5200,3125,0
VSH.US,5,20131122,175000,12.5300,12.5400,12.5300,12.5300,3418,0
VSH.US,5,20131122,175500,12.5400,12.5400,12.5300,12.5300,300,0
VSH.US,5,20131122,180000,12.5400,12.5500,12.5400,12.5500,4600,0
VSH.US,5,20131122,180500,12.5500,12.5500,12.5300,12.5400,6400,0
VSH.US,5,20131122,181000,12.5400,12.5400,12.5300,12.5300,1700,0
VSH.US,5,20131122,181500,12.5400,12.5500,12.5300,12.5500,8820,0
VSH.US,5,20131122,182000,12.5600,12.5800,12.5500,12.5800,5294,0
VSH.US,5,20131122,182500,12.5800,12.5800,12.5700,12.5700,1598,0
VSH.US,5,20131122,183000,12.5700,12.5700,12.5600,12.5600,2400,0
VSH.US,5,20131122,183500,12.5500,12.5500,12.5500,12.5500,2000,0
VSH.US,5,20131122,184000,12.5500,12.5500,12.5500,12.5500,800,0
VSH.US,5,20131122,184500,12.5500,12.5800,12.5500,12.5700,3600,0
VSH.US,5,20131122,185000,12.5800,12.5800,12.5700,12.5800,3800,0
VSH.US,5,20131122,185500,12.5700,12.5800,12.5700,12.5800,954,0
VSH.US,5,20131122,190000,12.5700,12.5800,12.5700,12.5800,1583,0
VSH.US,5,20131122,190500,12.5700,12.5800,12.5700,12.5700,3200,0
VSH.US,5,20131122,191000,12.5700,12.5800,12.5600,12.5600,6400,0
VSH.US,5,20131122,191500,12.5600,12.5600,12.5600,12.5600,400,0
VSH.US,5,20131122,192000,12.5600,12.5700,12.5600,12.5700,1538,0
VSH.US,5,20131122,192500,12.5700,12.5700,12.5600,12.5600,1500,0
VSH.US,5,20131122,193000,12.5600,12.5800,12.5600,12.5800,9987,0
VSH.US,5,20131122,193500,12.5800,12.5800,12.5600,12.5600,2983,0
VSH.US,5,20131122,194000,12.5700,12.5800,12.5600,12.5600,1484,0
VSH.US,5,20131122,194500,12.5600,12.5600,12.5300,12.5300,6984,0
VSH.US,5,20131122,195000,12.5300,12.5300,12.5300,12.5300,200,0
VSH.US,5,20131122,195500,12.5300,12.5300,12.5300,12.5300,1600,0
VSH.US,5,20131122,200000,12.5300,12.5400,12.5300,12.5400,5200,0
VSH.US,5,20131122,200500,12.5300,12.5400,12.5200,12.5300,5012,0
VSH.US,5,20131122,201000,12.5300,12.5300,12.5200,12.5200,3100,0
VSH.US,5,20131122,201500,12.5300,12.5400,12.5300,12.5400,1760,0
VSH.US,5,20131122,202000,12.5400,12.5400,12.5300,12.5300,900,0
VSH.US,5,20131122,202500,12.5400,12.5400,12.5300,12.5300,1407,0
VSH.US,5,20131122,203000,12.5300,12.5500,12.5300,12.5400,1800,0
VSH.US,5,20131122,203500,12.5400,12.5500,12.5300,12.5300,2100,0
VSH.US,5,20131122,204000,12.5400,12.5500,12.5400,12.5500,2454,0
VSH.US,5,20131122,204500,12.5500,12.5500,12.5400,12.5500,1500,0
VSH.US,5,20131122,205000,12.5500,12.5500,12.5400,12.5500,1585,0
VSH.US,5,20131122,205500,12.5400,12.5500,12.5400,12.5400,1800,0
VSH.US,5,20131122,210000,12.5400,12.5500,12.5400,12.5500,4113,0
VSH.US,5,20131122,210500,12.5500,12.5500,12.5400,12.5400,6399,0
VSH.US,5,20131122,211000,12.5500,12.5500,12.5400,12.5500,2263,0
VSH.US,5,20131122,211500,12.5500,12.5500,12.5400,12.5400,1700,0
VSH.US,5,20131122,212000,12.5500,12.5500,12.5400,12.5500,2520,0
VSH.US,5,20131122,212500,12.5400,12.5500,12.5400,12.5500,1700,0
VSH.US,5,20131122,213000,12.5400,12.5500,12.5400,12.5400,2700,0
VSH.US,5,20131122,213500,12.5400,12.5700,12.5400,12.5700,52007,0
VSH.US,5,20131122,214000,12.5700,12.5900,12.5700,12.5700,4110,0
VSH.US,5,20131122,214500,12.5700,12.5700,12.5600,12.5700,3810,0
VSH.US,5,20131122,215000,12.5600,12.5700,12.5400,12.5500,7100,0
VSH.US,5,20131122,215500,12.5400,12.5500,12.5400,12.5500,7390,0
VSH.US,5,20131122,220000,12.5400,12.5700,12.5400,12.5600,22687,0
VSH.US,5,20131122,220500,12.5700,12.5700,12.5700,12.5700,10591,0
VSH.US,5,20131125,153500,12.5800,12.5800,12.5700,12.5700,700,0
VSH.US,5,20131125,154000,12.5600,12.5700,12.5600,12.5700,1100,0
VSH.US,5,20131125,154500,12.5500,12.5600,12.5400,12.5500,2400,0
VSH.US,5,20131125,155000,12.5600,12.5800,12.5600,12.5700,2100,0
VSH.US,5,20131125,155500,12.5600,12.5600,12.5400,12.5400,1900,0
VSH.US,5,20131125,160000,12.5100,12.5300,12.5100,12.5300,500,0
VSH.US,5,20131125,160500,12.5000,12.5200,12.4900,12.4900,500,0
VSH.US,5,20131125,161000,12.5000,12.5500,12.4900,12.5500,13640,0
VSH.US,5,20131125,161500,12.5500,12.5600,12.5500,12.5500,600,0
VSH.US,5,20131125,162000,12.5400,12.5500,12.5200,12.5500,3247,0
VSH.US,5,20131125,162500,12.5400,12.5400,12.5000,12.5000,8900,0
VSH.US,5,20131125,163000,12.4900,12.5200,12.4900,12.5100,1800,0
VSH.US,5,20131125,163500,12.5100,12.5200,12.5000,12.5200,1900,0
VSH.US,5,20131125,164000,12.5200,12.5400,12.5200,12.5400,3970,0
VSH.US,5,20131125,164500,12.5400,12.5500,12.5400,12.5500,600,0
VSH.US,5,20131125,165000,12.5500,12.5600,12.5400,12.5600,2777,0
VSH.US,5,20131125,165500,12.5600,12.5600,12.5600,12.5600,500,0
VSH.US,5,20131125,170000,12.5600,12.5600,12.5400,12.5400,900,0
VSH.US,5,20131125,170500,12.5500,12.5500,12.5300,12.5300,1300,0
VSH.US,5,20131125,171000,12.5300,12.5400,12.5300,12.5400,400,0
VSH.US,5,20131125,171500,12.5400,12.5400,12.5300,12.5400,300,0
VSH.US,5,20131125,172000,12.5300,12.5400,12.5200,12.5300,74457,0
VSH.US,5,20131125,172500,12.5300,12.5500,12.5300,12.5500,5300,0
VSH.US,5,20131125,173000,12.5600,12.6200,12.5600,12.6200,33901,0
VSH.US,5,20131125,173500,12.6100,12.6300,12.6100,12.6300,2400,0
VSH.US,5,20131125,174000,12.6300,12.6400,12.6300,12.6400,800,0
VSH.US,5,20131125,174500,12.6300,12.6500,12.6300,12.6400,6046,0
VSH.US,5,20131125,175000,12.6300,12.6500,12.6300,12.6400,900,0
VSH.US,5,20131125,175500,12.6500,12.6800,12.6400,12.6800,8382,0
VSH.US,5,20131125,180000,12.6800,12.6900,12.6800,12.6900,2900,0
VSH.US,5,20131125,180500,12.6800,12.6900,12.6800,12.6900,3300,0
VSH.US,5,20131125,181000,12.6800,12.6900,12.6700,12.6800,7600,0
VSH.US,5,20131125,181500,12.6800,12.6800,12.6800,12.6800,1500,0
VSH.US,5,20131125,182000,12.6700,12.6700,12.6600,12.6600,2288,0
VSH.US,5,20131125,182500,12.6700,12.6700,12.6600,12.6600,1697,0
VSH.US,5,20131125,183500,12.6600,12.6700,12.6600,12.6600,2300,0
VSH.US,5,20131125,184000,12.6700,12.6800,12.6700,12.6800,3803,0
VSH.US,5,20131125,184500,12.6700,12.6700,12.6700,12.6700,600,0
VSH.US,5,20131125,185000,12.6600,12.6700,12.6600,12.6600,400,0
VSH.US,5,20131125,185500,12.6600,12.6600,12.6600,12.6600,200,0
VSH.US,5,20131125,190000,12.6600,12.6600,12.6600,12.6600,300,0
VSH.US,5,20131125,190500,12.6600,12.6600,12.6600,12.6600,700,0
VSH.US,5,20131125,191000,12.6600,12.6600,12.6500,12.6500,400,0
VSH.US,5,20131125,191500,12.6400,12.6400,12.6400,12.6400,358,0
VSH.US,5,20131125,192000,12.6400,12.6400,12.6400,12.6400,2300,0
VSH.US,5,20131125,192500,12.6400,12.6400,12.6400,12.6400,400,0
VSH.US,5,20131125,193000,12.6400,12.6400,12.6300,12.6400,3300,0
VSH.US,5,20131125,193500,12.6500,12.6500,12.6400,12.6400,420,0
VSH.US,5,20131125,194000,12.6400,12.6500,12.6400,12.6400,800,0
VSH.US,5,20131125,194500,12.6500,12.6500,12.6500,12.6500,4810,0
VSH.US,5,20131125,195000,12.6600,12.6700,12.6600,12.6700,4800,0
VSH.US,5,20131125,195500,12.6700,12.6700,12.6700,12.6700,1100,0
VSH.US,5,20131125,200000,12.6800,12.6800,12.6600,12.6600,909,0
VSH.US,5,20131125,200500,12.6600,12.6600,12.6600,12.6600,100,0
VSH.US,5,20131125,201000,12.6600,12.6600,12.6600,12.6600,700,0
VSH.US,5,20131125,201500,12.6600,12.6900,12.6500,12.6800,14947,0
VSH.US,5,20131125,202000,12.6800,12.6900,12.6800,12.6900,2600,0
VSH.US,5,20131125,202500,12.6800,12.6900,12.6700,12.6800,4600,0
VSH.US,5,20131125,203000,12.6800,12.7000,12.6800,12.7000,4800,0
VSH.US,5,20131125,203500,12.6900,12.7000,12.6900,12.6900,5719,0
VSH.US,5,20131125,204000,12.6900,12.7000,12.6900,12.6900,700,0
VSH.US,5,20131125,204500,12.6900,12.6900,12.6800,12.6800,6279,0
VSH.US,5,20131125,205000,12.6900,12.6900,12.6600,12.6700,6495,0
VSH.US,5,20131125,205500,12.6700,12.6800,12.6700,12.6800,4395,0
VSH.US,5,20131125,210000,12.6800,12.6900,12.6800,12.6900,3192,0
VSH.US,5,20131125,210500,12.6900,12.6900,12.6800,12.6800,13954,0
VSH.US,5,20131125,211000,12.6900,12.6900,12.6800,12.6800,1500,0
VSH.US,5,20131125,211500,12.6700,12.6700,12.6300,12.6300,7103,0
VSH.US,5,20131125,212000,12.6400,12.6400,12.6200,12.6400,12315,0
VSH.US,5,20131125,212500,12.6400,12.6400,12.6200,12.6200,4792,0
VSH.US,5,20131125,213000,12.6200,12.6300,12.6100,12.6300,5436,0
VSH.US,5,20131125,213500,12.6300,12.6300,12.6200,12.6200,600,0
VSH.US,5,20131125,214000,12.6200,12.6400,12.6200,12.6200,17329,0
VSH.US,5,20131125,214500,12.6300,12.6400,12.6200,12.6400,5386,0
VSH.US,5,20131125,215000,12.6300,12.6400,12.6300,12.6400,1900,0
VSH.US,5,20131125,215500,12.6400,12.6400,12.6200,12.6200,19955,0
VSH.US,5,20131125,220000,12.6200,12.6500,12.6200,12.6500,41704,0
VSH.US,5,20131125,220500,12.6500,12.6500,12.6500,12.6500,29472,0
VSH.US,5,20131126,153500,12.6900,12.7200,12.6600,12.7200,5500,0
VSH.US,5,20131126,154000,12.7300,12.7300,12.7100,12.7100,4699,0
VSH.US,5,20131126,154500,12.7000,12.7100,12.6900,12.6900,6607,0
VSH.US,5,20131126,155000,12.6800,12.6900,12.6700,12.6700,4043,0
VSH.US,5,20131126,155500,12.6700,12.6800,12.6700,12.6700,500,0
VSH.US,5,20131126,160000,12.6700,12.7000,12.6600,12.6800,9929,0
VSH.US,5,20131126,160500,12.6800,12.7100,12.6700,12.7100,8885,0
VSH.US,5,20131126,161000,12.7100,12.7100,12.6900,12.7100,9250,0
VSH.US,5,20131126,161500,12.7100,12.7300,12.7100,12.7200,2200,0
VSH.US,5,20131126,162000,12.7200,12.7300,12.7100,12.7200,4096,0
VSH.US,5,20131126,162500,12.7200,12.7500,12.7200,12.7500,5993,0
VSH.US,5,20131126,163000,12.7500,12.7500,12.7400,12.7400,4200,0
VSH.US,5,20131126,163500,12.7400,12.7500,12.7300,12.7300,3100,0
VSH.US,5,20131126,164000,12.7300,12.7500,12.7300,12.7400,4602,0
VSH.US,5,20131126,164500,12.7400,12.7500,12.7300,12.7300,5600,0
VSH.US,5,20131126,165000,12.7300,12.7300,12.7100,12.7100,2517,0
VSH.US,5,20131126,165500,12.7100,12.7300,12.7100,12.7300,9803,0
VSH.US,5,20131126,170000,12.7300,12.7400,12.7200,12.7300,1200,0
VSH.US,5,20131126,170500,12.7200,12.7500,12.7200,12.7400,4090,0
VSH.US,5,20131126,171000,12.7400,12.7400,12.7300,12.7300,2116,0
VSH.US,5,20131126,171500,12.7300,12.7400,12.7300,12.7300,2100,0
VSH.US,5,20131126,172000,12.7300,12.7300,12.7300,12.7300,2200,0
VSH.US,5,20131126,172500,12.7300,12.7400,12.7300,12.7300,2200,0
VSH.US,5,20131126,173000,12.7300,12.7400,12.7200,12.7200,8372,0
VSH.US,5,20131126,173500,12.7200,12.7300,12.7100,12.7100,6490,0
VSH.US,5,20131126,174000,12.7100,12.7200,12.7100,12.7200,6408,0
VSH.US,5,20131126,174500,12.7100,12.7200,12.7100,12.7100,2200,0
VSH.US,5,20131126,175000,12.7100,12.7200,12.7000,12.7000,2298,0
VSH.US,5,20131126,175500,12.7000,12.7100,12.6900,12.6900,6256,0
VSH.US,5,20131126,180000,12.6900,12.6900,12.6800,12.6800,3500,0
VSH.US,5,20131126,180500,12.6800,12.7100,12.6600,12.7100,12977,0
VSH.US,5,20131126,181000,12.7000,12.7100,12.7000,12.7100,200,0
VSH.US,5,20131126,181500,12.7100,12.7400,12.7100,12.7400,4100,0
VSH.US,5,20131126,182000,12.7400,12.7400,12.7400,12.7400,800,0
VSH.US,5,20131126,182500,12.7400,12.7500,12.7200,12.7300,6600,0
VSH.US,5,20131126,183000,12.7200,12.7300,12.7200,12.7200,900,0
VSH.US,5,20131126,183500,12.7200,12.7200,12.7200,12.7200,200,0
VSH.US,5,20131126,184000,12.7200,12.7400,12.7200,12.7400,3686,0
VSH.US,5,20131126,184500,12.7400,12.7400,12.7300,12.7300,3200,0
VSH.US,5,20131126,185000,12.7400,12.7400,12.7300,12.7300,200,0
VSH.US,5,20131126,185500,12.7300,12.7400,12.7300,12.7300,1049,0
VSH.US,5,20131126,190000,12.7300,12.7400,12.7300,12.7300,3100,0
VSH.US,5,20131126,190500,12.7200,12.7200,12.7200,12.7200,300,0
VSH.US,5,20131126,191000,12.7100,12.7100,12.7000,12.7000,700,0
VSH.US,5,20131126,191500,12.7000,12.7200,12.6900,12.7200,11487,0
VSH.US,5,20131126,192000,12.7300,12.7300,12.7200,12.7300,1100,0
VSH.US,5,20131126,192500,12.7200,12.7200,12.7200,12.7200,1544,0
VSH.US,5,20131126,193000,12.7200,12.7300,12.6900,12.6900,900,0
VSH.US,5,20131126,193500,12.7000,12.7200,12.7000,12.7200,5800,0
VSH.US,5,20131126,194000,12.7100,12.7200,12.6900,12.6900,1640,0
VSH.US,5,20131126,194500,12.7000,12.7300,12.7000,12.7100,11836,0
VSH.US,5,20131126,195000,12.7000,12.7100,12.6900,12.7000,903,0
VSH.US,5,20131126,195500,12.7000,12.7300,12.6900,12.7200,8050,0
VSH.US,5,20131126,200000,12.7300,12.7300,12.7300,12.7300,500,0
VSH.US,5,20131126,200500,12.7200,12.7300,12.7100,12.7300,3700,0
VSH.US,5,20131126,201000,12.7300,12.7300,12.7200,12.7300,1853,0
VSH.US,5,20131126,201500,12.7300,12.7300,12.7200,12.7300,2100,0
VSH.US,5,20131126,202000,12.7300,12.7300,12.7200,12.7300,1500,0
VSH.US,5,20131126,202500,12.7300,12.7500,12.7200,12.7500,7916,0
VSH.US,5,20131126,203000,12.7400,12.7500,12.7400,12.7400,2200,0
VSH.US,5,20131126,203500,12.7500,12.7500,12.7400,12.7500,7107,0
VSH.US,5,20131126,204000,12.7400,12.7500,12.7400,12.7400,6570,0
VSH.US,5,20131126,204500,12.7300,12.7400,12.7300,12.7300,1100,0
VSH.US,5,20131126,205000,12.7300,12.7600,12.7300,12.7500,11160,0
VSH.US,5,20131126,205500,12.7600,12.7600,12.7500,12.7600,2700,0
VSH.US,5,20131126,210000,12.7600,12.7600,12.7500,12.7600,400,0
VSH.US,5,20131126,210500,12.7500,12.7600,12.7500,12.7500,6699,0
VSH.US,5,20131126,211000,12.7400,12.7600,12.7300,12.7600,11256,0
VSH.US,5,20131126,211500,12.7600,12.7600,12.7500,12.7500,2100,0
VSH.US,5,20131126,212000,12.7600,12.7600,12.7400,12.7600,9308,0
VSH.US,5,20131126,212500,12.7600,12.7600,12.7500,12.7600,2100,0
VSH.US,5,20131126,213000,12.7600,12.8000,12.7500,12.7900,88394,0
VSH.US,5,20131126,213500,12.7800,12.7900,12.7600,12.7900,12697,0
VSH.US,5,20131126,214000,12.7900,12.7900,12.7800,12.7800,1800,0
VSH.US,5,20131126,214500,12.7800,12.7900,12.7800,12.7800,3800,0
VSH.US,5,20131126,215000,12.7800,12.7800,12.7600,12.7600,22280,0
VSH.US,5,20131126,215500,12.7600,12.7700,12.7400,12.7400,24834,0
VSH.US,5,20131126,220000,12.7300,12.7400,12.7200,12.7300,45124,0
VSH.US,5,20131126,220500,12.7300,12.7300,12.7300,12.7300,47562,0
VSH.US,5,20131127,153500,12.6800,12.7700,12.6800,12.7100,800,0
VSH.US,5,20131127,154000,12.7000,12.7100,12.6900,12.7100,1200,0
VSH.US,5,20131127,154500,12.7200,12.7500,12.7200,12.7500,800,0
VSH.US,5,20131127,155000,12.7400,12.7400,12.6900,12.7200,1600,0
VSH.US,5,20131127,155500,12.7200,12.7600,12.7200,12.7600,2000,0
VSH.US,5,20131127,160000,12.7600,12.7700,12.7500,12.7500,6100,0
VSH.US,5,20131127,160500,12.7600,12.7600,12.7200,12.7500,5486,0
VSH.US,5,20131127,161000,12.7500,12.7700,12.7400,12.7500,4700,0
VSH.US,5,20131127,161500,12.7600,12.7700,12.7500,12.7600,4966,0
VSH.US,5,20131127,162000,12.7700,12.7700,12.7500,12.7600,3900,0
VSH.US,5,20131127,162500,12.7600,12.7700,12.7600,12.7600,1000,0
VSH.US,5,20131127,163000,12.7600,12.7600,12.7600,12.7600,200,0
VSH.US,5,20131127,163500,12.7500,12.7600,12.7400,12.7400,2033,0
VSH.US,5,20131127,164000,12.7600,12.7700,12.7500,12.7700,2100,0
VSH.US,5,20131127,164500,12.7600,12.7700,12.7600,12.7600,3000,0
VSH.US,5,20131127,165000,12.7600,12.7700,12.7600,12.7700,3100,0
VSH.US,5,20131127,165500,12.7700,12.7700,12.7600,12.7700,1700,0
VSH.US,5,20131127,170000,12.7700,12.7700,12.7600,12.7700,2355,0
VSH.US,5,20131127,170500,12.7600,12.7700,12.7600,12.7700,600,0
VSH.US,5,20131127,171000,12.7700,12.7700,12.7600,12.7700,1700,0
VSH.US,5,20131127,171500,12.7700,12.7700,12.7500,12.7500,2401,0
VSH.US,5,20131127,172000,12.7600,12.7700,12.7500,12.7600,7209,0
VSH.US,5,20131127,172500,12.7600,12.7700,12.7500,12.7600,1700,0
VSH.US,5,20131127,173000,12.7700,12.7700,12.7500,12.7700,3200,0
VSH.US,5,20131127,173500,12.7700,12.7700,12.7600,12.7600,2150,0
VSH.US,5,20131127,174000,12.7600,12.7700,12.7600,12.7600,6383,0
VSH.US,5,20131127,174500,12.7500,12.7600,12.7500,12.7500,3200,0
VSH.US,5,20131127,175000,12.7500,12.7600,12.7500,12.7500,880,0
VSH.US,5,20131127,175500,12.7600,12.7600,12.7300,12.7300,3300,0
VSH.US,5,20131127,180000,12.7300,12.7400,12.7200,12.7200,2900,0
VSH.US,5,20131127,180500,12.7200,12.7400,12.7100,12.7400,9103,0
VSH.US,5,20131127,181000,12.7400,12.7500,12.7300,12.7500,3569,0
VSH.US,5,20131127,181500,12.7500,12.7500,12.7400,12.7500,1300,0
VSH.US,5,20131127,182000,12.7500,12.7500,12.7400,12.7400,1100,0
VSH.US,5,20131127,182500,12.7400,12.7500,12.7400,12.7500,300,0
VSH.US,5,20131127,183000,12.7500,12.7500,12.7200,12.7500,19180,0
VSH.US,5,20131127,183500,12.7500,12.7600,12.7400,12.7500,6117,0
VSH.US,5,20131127,184000,12.7500,12.7700,12.7400,12.7600,7745,0
VSH.US,5,20131127,184500,12.7600,12.7700,12.7600,12.7700,1000,0
VSH.US,5,20131127,185000,12.7700,12.7700,12.7500,12.7600,3945,0
VSH.US,5,20131127,185500,12.7600,12.7600,12.7400,12.7500,5200,0
VSH.US,5,20131127,190000,12.7600,12.7600,12.7500,12.7500,2341,0
VSH.US,5,20131127,190500,12.7500,12.7600,12.7400,12.7600,2750,0
VSH.US,5,20131127,191000,12.7600,12.7600,12.7500,12.7600,500,0
VSH.US,5,20131127,191500,12.7500,12.7500,12.7500,12.7500,326,0
VSH.US,5,20131127,192000,12.7500,12.7500,12.7400,12.7500,800,0
VSH.US,5,20131127,192500,12.7400,12.7500,12.7300,12.7500,11311,0
VSH.US,5,20131127,193000,12.7500,12.7800,12.7500,12.7600,19564,0
VSH.US,5,20131127,193500,12.7700,12.7800,12.7700,12.7700,7577,0
VSH.US,5,20131127,194000,12.7800,12.7800,12.7700,12.7800,2000,0
VSH.US,5,20131127,194500,12.7700,12.7800,12.7700,12.7800,13300,0
VSH.US,5,20131127,195000,12.7800,12.7900,12.7600,12.7600,10249,0
VSH.US,5,20131127,195500,12.7600,12.7600,12.7400,12.7400,1600,0
VSH.US,5,20131127,200000,12.7400,12.7400,12.7300,12.7300,1100,0
VSH.US,5,20131127,200500,12.7300,12.7600,12.7300,12.7600,14210,0
VSH.US,5,20131127,201000,12.7500,12.7600,12.7500,12.7600,1500,0
VSH.US,5,20131127,201500,12.7600,12.7600,12.7500,12.7600,2500,0
VSH.US,5,20131127,202000,12.7500,12.7600,12.7500,12.7600,1461,0
VSH.US,5,20131127,202500,12.7600,12.7600,12.7500,12.7600,1100,0
VSH.US,5,20131127,203000,12.7600,12.7600,12.7400,12.7500,6395,0
VSH.US,5,20131127,203500,12.7400,12.7800,12.7400,12.7700,10183,0
VSH.US,5,20131127,204000,12.7700,12.7800,12.7700,12.7700,5600,0
VSH.US,5,20131127,204500,12.7800,12.7800,12.7700,12.7800,800,0
VSH.US,5,20131127,205000,12.7800,12.8100,12.7700,12.8100,7074,0
VSH.US,5,20131127,205500,12.8000,12.8000,12.7900,12.7900,3300,0
VSH.US,5,20131127,210000,12.7900,12.8000,12.7900,12.8000,3995,0
VSH.US,5,20131127,210500,12.7900,12.7900,12.7800,12.7900,2281,0
VSH.US,5,20131127,211000,12.7900,12.8100,12.7800,12.8100,8308,0
VSH.US,5,20131127,211500,12.8000,12.8100,12.7800,12.8000,7673,0
VSH.US,5,20131127,212000,12.7900,12.8000,12.7900,12.7900,2700,0
VSH.US,5,20131127,212500,12.7900,12.8000,12.7900,12.7900,3400,0
VSH.US,5,20131127,213000,12.7900,12.8100,12.7900,12.8100,13382,0
VSH.US,5,20131127,213500,12.8000,12.8200,12.7900,12.8000,16498,0
VSH.US,5,20131127,214000,12.8000,12.8100,12.8000,12.8000,6920,0
VSH.US,5,20131127,214500,12.8000,12.8100,12.8000,12.8100,3699,0
VSH.US,5,20131127,215000,12.8000,12.8300,12.8000,12.8300,17524,0
VSH.US,5,20131127,215500,12.8300,12.8400,12.8200,12.8400,18100,0
VSH.US,5,20131127,220000,12.8300,12.8400,12.8000,12.8000,80970,0
VSH.US,5,20131127,220500,12.8100,12.8100,12.8100,12.8100,42004,0
VSH.US,5,20131129,153500,12.7900,12.8100,12.7400,12.7800,3400,0
VSH.US,5,20131129,154000,12.7800,12.8200,12.7800,12.7800,2600,0
VSH.US,5,20131129,154500,12.7800,12.8100,12.7800,12.8100,1992,0
VSH.US,5,20131129,155000,12.8000,12.8100,12.7800,12.8100,6036,0
VSH.US,5,20131129,155500,12.8000,12.8100,12.7800,12.8100,7971,0
VSH.US,5,20131129,160000,12.8000,12.8100,12.8000,12.8100,4000,0
VSH.US,5,20131129,160500,12.7900,12.7900,12.7800,12.7900,4385,0
VSH.US,5,20131129,161000,12.7800,12.8200,12.7800,12.8100,3615,0
VSH.US,5,20131129,161500,12.8200,12.8200,12.8100,12.8200,800,0
VSH.US,5,20131129,162000,12.8100,12.8700,12.8100,12.8700,17890,0
VSH.US,5,20131129,162500,12.8700,12.9100,12.8700,12.9000,4192,0
VSH.US,5,20131129,163000,12.9000,12.9100,12.9000,12.9100,3613,0
VSH.US,5,20131129,163500,12.9100,12.9100,12.9000,12.9000,600,0
VSH.US,5,20131129,164000,12.9000,12.9000,12.8800,12.8800,5100,0
VSH.US,5,20131129,164500,12.8800,12.8800,12.8500,12.8600,1700,0
VSH.US,5,20131129,165000,12.8500,12.8700,12.8500,12.8600,1327,0
VSH.US,5,20131129,165500,12.8600,12.8700,12.8500,12.8600,3680,0
VSH.US,5,20131129,170000,12.8600,12.9100,12.8600,12.9000,20541,0
VSH.US,5,20131129,170500,12.9000,12.9000,12.8800,12.9000,7824,0
VSH.US,5,20131129,171000,12.9000,12.9100,12.9000,12.9100,4700,0
VSH.US,5,20131129,171500,12.9100,12.9100,12.9000,12.9100,800,0
VSH.US,5,20131129,172000,12.9000,12.9100,12.9000,12.9000,1900,0
VSH.US,5,20131129,172500,12.9100,12.9100,12.9000,12.9100,2900,0
VSH.US,5,20131129,173000,12.9100,12.9200,12.9000,12.9100,8151,0
VSH.US,5,20131129,173500,12.9000,12.9200,12.9000,12.9200,4100,0
VSH.US,5,20131129,174000,12.9200,12.9500,12.9100,12.9500,5300,0
VSH.US,5,20131129,174500,12.9500,12.9900,12.9500,12.9900,14520,0
VSH.US,5,20131129,175000,12.9900,12.9900,12.9800,12.9900,1401,0
VSH.US,5,20131129,175500,12.9900,13.0000,12.9900,13.0000,9512,0
VSH.US,5,20131129,180000,13.0000,13.0100,13.0000,13.0100,5111,0
VSH.US,5,20131129,180500,13.0100,13.0100,13.0000,13.0100,1800,0
VSH.US,5,20131129,181000,13.0000,13.0100,13.0000,13.0000,6800,0
VSH.US,5,20131129,181500,13.0000,13.0000,12.9800,12.9900,4483,0
VSH.US,5,20131129,182000,12.9800,12.9900,12.9600,12.9700,2400,0
VSH.US,5,20131129,182500,12.9600,12.9600,12.9400,12.9400,4535,0
VSH.US,5,20131129,183000,12.9400,12.9400,12.9300,12.9300,2627,0
VSH.US,5,20131129,183500,12.9400,12.9400,12.9300,12.9400,2900,0
VSH.US,5,20131129,184000,12.9400,12.9400,12.9300,12.9300,4251,0
VSH.US,5,20131129,184500,12.9200,12.9400,12.9200,12.9400,12613,0
VSH.US,5,20131129,185000,12.9400,12.9800,12.9400,12.9800,22132,0
VSH.US,5,20131129,185500,12.9800,12.9800,12.9400,12.9800,21966,0
VSH.US,5,20131129,190000,12.9800,12.9800,12.8900,12.9300,91641,0
VSH.US,5,20131129,190500,12.9300,12.9300,12.9300,12.9300,153720,0
VSH.US,5,20131202,153500,12.9200,13.0000,12.8600,12.8600,7100,0
VSH.US,5,20131202,154000,12.8500,12.8600,12.8300,12.8400,2600,0
VSH.US,5,20131202,154500,12.8400,12.8400,12.7800,12.7900,3940,0
VSH.US,5,20131202,155000,12.7600,12.7700,12.7500,12.7700,6000,0
VSH.US,5,20131202,155500,12.7700,12.8400,12.7700,12.8400,6492,0
VSH.US,5,20131202,160000,12.8400,12.9500,12.8100,12.8500,5600,0
VSH.US,5,20131202,160500,12.8500,12.9700,12.8400,12.9400,15625,0
VSH.US,5,20131202,161000,12.9400,12.9900,12.9400,12.9900,12785,0
VSH.US,5,20131202,161500,12.9800,13.0200,12.9700,12.9800,12285,0
VSH.US,5,20131202,162000,12.9900,13.0100,12.9800,12.9900,8522,0
VSH.US,5,20131202,162500,13.0000,13.0200,13.0000,13.0000,6280,0
VSH.US,5,20131202,163000,12.9900,13.0000,12.9800,12.9800,6011,0
VSH.US,5,20131202,163500,12.9800,12.9900,12.9800,12.9900,1000,0
VSH.US,5,20131202,164000,12.9900,13.0000,12.9800,12.9900,3900,0
VSH.US,5,20131202,164500,13.0000,13.0000,12.9900,12.9900,4562,0
VSH.US,5,20131202,165000,12.9900,13.0200,12.9900,13.0200,7789,0
VSH.US,5,20131202,165500,13.0300,13.0400,13.0200,13.0300,3761,0
VSH.US,5,20131202,170000,13.0300,13.0400,13.0300,13.0400,2400,0
VSH.US,5,20131202,170500,13.0400,13.0500,13.0300,13.0400,5100,0
VSH.US,5,20131202,171000,13.0300,13.0300,13.0300,13.0300,1100,0
VSH.US,5,20131202,171500,13.0300,13.0600,13.0300,13.0600,6600,0
VSH.US,5,20131202,172000,13.0500,13.0500,13.0300,13.0300,5100,0
VSH.US,5,20131202,172500,13.0400,13.0400,13.0300,13.0400,2000,0
VSH.US,5,20131202,173000,13.0300,13.0300,12.9900,12.9900,6610,0
VSH.US,5,20131202,173500,13.0100,13.0300,13.0000,13.0100,4497,0
VSH.US,5,20131202,174000,13.0100,13.0200,13.0000,13.0000,2200,0
VSH.US,5,20131202,174500,13.0000,13.0000,12.9800,12.9900,2500,0
VSH.US,5,20131202,175000,12.9900,12.9900,12.9700,12.9900,3528,0
VSH.US,5,20131202,175500,12.9900,13.0100,12.9800,13.0100,8416,0
VSH.US,5,20131202,180000,13.0100,13.0500,13.0100,13.0300,8090,0
VSH.US,5,20131202,180500,13.0200,13.0300,13.0200,13.0300,2300,0
VSH.US,5,20131202,181000,13.0300,13.0300,13.0300,13.0300,2100,0
VSH.US,5,20131202,181500,13.0300,13.0300,13.0300,13.0300,3100,0
VSH.US,5,20131202,182000,13.0200,13.0300,13.0200,13.0200,2600,0
VSH.US,5,20131202,182500,13.0200,13.0400,13.0200,13.0400,3211,0
VSH.US,5,20131202,183000,13.0400,13.0400,13.0300,13.0300,1700,0
VSH.US,5,20131202,183500,13.0300,13.0300,13.0100,13.0200,1800,0
VSH.US,5,20131202,184000,13.0300,13.0300,13.0100,13.0100,900,0
VSH.US,5,20131202,184500,13.0200,13.0300,13.0200,13.0300,2700,0
VSH.US,5,20131202,185000,13.0300,13.0400,13.0300,13.0300,2600,0
VSH.US,5,20131202,185500,13.0300,13.0300,13.0300,13.0300,1300,0
VSH.US,5,20131202,190000,13.0400,13.0400,13.0300,13.0400,800,0
VSH.US,5,20131202,190500,13.0400,13.0400,13.0100,13.0100,3364,0
VSH.US,5,20131202,191000,13.0100,13.0100,13.0100,13.0100,1000,0
VSH.US,5,20131202,191500,13.0100,13.0200,12.9900,12.9900,4300,0
VSH.US,5,20131202,192000,12.9900,13.0000,12.9800,12.9900,2501,0
VSH.US,5,20131202,192500,12.9900,13.0000,12.9900,13.0000,4100,0
VSH.US,5,20131202,193000,12.9900,12.9900,12.9800,12.9800,1100,0
VSH.US,5,20131202,193500,12.9700,12.9800,12.9500,12.9800,4200,0
VSH.US,5,20131202,194000,12.9900,12.9900,12.9800,12.9800,600,0
VSH.US,5,20131202,194500,12.9900,12.9900,12.9800,12.9800,2818,0
VSH.US,5,20131202,195000,12.9800,12.9800,12.9700,12.9700,1600,0
VSH.US,5,20131202,195500,12.9700,12.9900,12.9700,12.9800,7859,0
VSH.US,5,20131202,200000,12.9800,13.0000,12.9800,13.0000,2200,0
VSH.US,5,20131202,200500,13.0000,13.0000,12.9700,12.9700,5311,0
VSH.US,5,20131202,201000,12.9700,12.9700,12.9500,12.9500,7292,0
VSH.US,5,20131202,201500,12.9500,12.9500,12.9500,12.9500,1600,0
VSH.US,5,20131202,202000,12.9500,12.9700,12.9500,12.9700,4090,0
VSH.US,5,20131202,202500,12.9600,12.9600,12.9500,12.9500,3220,0
VSH.US,5,20131202,203000,12.9400,12.9500,12.9400,12.9500,1009,0
VSH.US,5,20131202,203500,12.9500,12.9600,12.9400,12.9400,3300,0
VSH.US,5,20131202,204000,12.9400,12.9400,12.9300,12.9400,2938,0
VSH.US,5,20131202,204500,12.9400,12.9400,12.9300,12.9300,2316,0
VSH.US,5,20131202,205000,12.9200,12.9400,12.9100,12.9400,6712,0
VSH.US,5,20131202,205500,12.9300,12.9400,12.9300,12.9400,1217,0
VSH.US,5,20131202,210000,12.9300,12.9400,12.9200,12.9300,2386,0
VSH.US,5,20131202,210500,12.9300,12.9300,12.9300,12.9300,2200,0
VSH.US,5,20131202,211000,12.9300,12.9300,12.9200,12.9200,400,0
VSH.US,5,20131202,211500,12.9300,12.9400,12.9200,12.9300,22185,0
VSH.US,5,20131202,212000,12.9400,12.9700,12.9400,12.9700,3800,0
VSH.US,5,20131202,212500,12.9600,12.9600,12.9500,12.9600,2401,0
VSH.US,5,20131202,213000,12.9600,12.9600,12.9300,12.9400,9203,0
VSH.US,5,20131202,213500,12.9400,12.9400,12.9300,12.9400,9514,0
VSH.US,5,20131202,214000,12.9400,12.9400,12.9300,12.9300,2300,0
VSH.US,5,20131202,214500,12.9300,12.9400,12.9300,12.9300,3900,0
VSH.US,5,20131202,215000,12.9200,12.9300,12.9100,12.9300,27497,0
VSH.US,5,20131202,215500,12.9300,12.9300,12.9200,12.9200,10371,0
VSH.US,5,20131202,220000,12.9200,12.9300,12.9000,12.9200,57306,0
VSH.US,5,20131202,220500,12.9200,12.9200,12.9200,12.9200,51469,0
VSH.US,5,20131203,153500,12.9200,12.9300,12.7900,12.8800,11655,0
VSH.US,5,20131203,154000,12.9100,12.9400,12.8500,12.8600,5373,0
VSH.US,5,20131203,154500,12.8500,12.8500,12.8100,12.8400,8251,0
VSH.US,5,20131203,155000,12.8500,12.8600,12.8300,12.8400,8000,0
VSH.US,5,20131203,155500,12.8400,12.8600,12.8400,12.8400,3900,0
VSH.US,5,20131203,160000,12.8300,12.8500,12.8100,12.8400,26049,0
VSH.US,5,20131203,160500,12.8300,12.8700,12.8100,12.8200,28100,0
VSH.US,5,20131203,161000,12.8300,12.8400,12.7700,12.7800,11126,0
VSH.US,5,20131203,161500,12.7700,12.7900,12.7000,12.7000,32372,0
VSH.US,5,20131203,162000,12.7000,12.7400,12.6900,12.7100,7900,0
VSH.US,5,20131203,162500,12.7200,12.7400,12.7000,12.7200,11729,0
VSH.US,5,20131203,163000,12.7200,12.7200,12.7000,12.7200,4300,0
VSH.US,5,20131203,163500,12.7300,12.7600,12.7300,12.7500,3600,0
VSH.US,5,20131203,164000,12.7600,12.7800,12.7500,12.7700,11900,0
VSH.US,5,20131203,164500,12.7700,12.7700,12.7700,12.7700,700,0
VSH.US,5,20131203,165000,12.7700,12.7800,12.7600,12.7600,9300,0
VSH.US,5,20131203,165500,12.7600,12.7600,12.7500,12.7500,1700,0
VSH.US,5,20131203,170000,12.7500,12.7600,12.7400,12.7400,2700,0
VSH.US,5,20131203,170500,12.7500,12.7500,12.7400,12.7500,7450,0
VSH.US,5,20131203,171000,12.7400,12.7700,12.7400,12.7700,9200,0
VSH.US,5,20131203,171500,12.7700,12.7800,12.7700,12.7800,5300,0
VSH.US,5,20131203,172000,12.7800,12.7800,12.7400,12.7400,11444,0
VSH.US,5,20131203,172500,12.7500,12.7500,12.6900,12.7200,54551,0
VSH.US,5,20131203,173000,12.7200,12.7200,12.7000,12.7000,37083,0
VSH.US,5,20131203,173500,12.7000,12.7100,12.7000,12.7000,6200,0
VSH.US,5,20131203,174000,12.7000,12.7100,12.6200,12.6500,83979,0
VSH.US,5,20131203,174500,12.6500,12.7000,12.6500,12.6900,21133,0
VSH.US,5,20131203,175000,12.6900,12.7000,12.6500,12.6700,36901,0
VSH.US,5,20131203,175500,12.6700,12.6700,12.6100,12.6300,23600,0
VSH.US,5,20131203,180000,12.6400,12.6400,12.6300,12.6300,3987,0
VSH.US,5,20131203,180500,12.6300,12.6400,12.6200,12.6400,11250,0
VSH.US,5,20131203,181000,12.6400,12.6500,12.6200,12.6400,3400,0
VSH.US,5,20131203,181500,12.6500,12.6500,12.6200,12.6200,10800,0
VSH.US,5,20131203,182000,12.6300,12.6600,12.6300,12.6500,7900,0
VSH.US,5,20131203,182500,12.6600,12.6600,12.6500,12.6500,300,0
VSH.US,5,20131203,183000,12.6600,12.6700,12.6500,12.6500,9800,0
VSH.US,5,20131203,183500,12.6500,12.6600,12.6500,12.6500,5300,0
VSH.US,5,20131203,184000,12.6600,12.6800,12.6500,12.6800,21600,0
VSH.US,5,20131203,184500,12.6800,12.6900,12.6800,12.6900,9033,0
VSH.US,5,20131203,185000,12.6800,12.6900,12.6500,12.6500,4900,0
VSH.US,5,20131203,185500,12.6600,12.6700,12.6600,12.6600,1100,0
VSH.US,5,20131203,190000,12.6600,12.6600,12.6500,12.6600,1500,0
VSH.US,5,20131203,190500,12.6500,12.6600,12.6400,12.6500,19700,0
VSH.US,5,20131203,191000,12.6500,12.6500,12.6500,12.6500,1300,0
VSH.US,5,20131203,191500,12.6600,12.6600,12.6400,12.6400,6229,0
VSH.US,5,20131203,192000,12.6500,12.6600,12.6400,12.6600,16350,0
VSH.US,5,20131203,192500,12.6600,12.6900,12.6500,12.6500,9499,0
VSH.US,5,20131203,193000,12.6500,12.6700,12.6500,12.6600,6200,0
VSH.US,5,20131203,193500,12.6600,12.6700,12.6600,12.6600,6500,0
VSH.US,5,20131203,194000,12.6600,12.6600,12.6400,12.6500,9415,0
VSH.US,5,20131203,194500,12.6400,12.6600,12.6300,12.6400,27515,0
VSH.US,5,20131203,195000,12.6500,12.6500,12.6400,12.6400,600,0
VSH.US,5,20131203,195500,12.6500,12.6600,12.6400,12.6600,1700,0
VSH.US,5,20131203,200000,12.6500,12.6600,12.6500,12.6500,1009,0
VSH.US,5,20131203,200500,12.6500,12.6600,12.6400,12.6400,3209,0
VSH.US,5,20131203,201000,12.6400,12.6500,12.6400,12.6400,1600,0
VSH.US,5,20131203,201500,12.6400,12.6500,12.6300,12.6300,7000,0
VSH.US,5,20131203,202000,12.6300,12.6300,12.5900,12.5900,5500,0
VSH.US,5,20131203,202500,12.6000,12.6100,12.5900,12.6000,5077,0
VSH.US,5,20131203,203000,12.6100,12.6200,12.6000,12.6000,6896,0
VSH.US,5,20131203,203500,12.6000,12.6100,12.5900,12.6100,11875,0
VSH.US,5,20131203,204000,12.6000,12.6100,12.6000,12.6000,2339,0
VSH.US,5,20131203,204500,12.6000,12.6100,12.5900,12.5900,8309,0
VSH.US,5,20131203,205000,12.6000,12.6000,12.5900,12.6000,11321,0
VSH.US,5,20131203,205500,12.6000,12.6100,12.5900,12.6100,6932,0
VSH.US,5,20131203,210000,12.6000,12.6100,12.6000,12.6000,20415,0
VSH.US,5,20131203,210500,12.5900,12.6000,12.5900,12.5900,900,0
VSH.US,5,20131203,211000,12.6000,12.6000,12.5900,12.6000,9510,0
VSH.US,5,20131203,211500,12.5900,12.6000,12.5800,12.5900,23900,0
VSH.US,5,20131203,212000,12.5900,12.5900,12.5300,12.5300,20779,0
VSH.US,5,20131203,212500,12.5400,12.5400,12.5100,12.5200,21600,0
VSH.US,5,20131203,213000,12.5300,12.5300,12.5100,12.5200,7400,0
VSH.US,5,20131203,213500,12.5200,12.5200,12.5000,12.5100,25303,0
VSH.US,5,20131203,214000,12.5100,12.5100,12.4700,12.4700,32488,0
VSH.US,5,20131203,214500,12.4700,12.5000,12.4500,12.5000,29936,0
VSH.US,5,20131203,215000,12.4900,12.5000,12.4800,12.4800,21117,0
VSH.US,5,20131203,215500,12.4800,12.4900,12.4500,12.4500,62535,0
VSH.US,5,20131203,220000,12.4400,12.4700,12.4400,12.4600,99382,0
VSH.US,5,20131203,220500,12.4500,12.4500,12.4500,12.4500,156586,0
VSH.US,5,20131204,153500,12.3400,12.3600,12.3100,12.3100,4899,0
VSH.US,5,20131204,154000,12.3100,12.3400,12.3100,12.3300,4600,0
VSH.US,5,20131204,154500,12.3500,12.3600,12.3300,12.3400,7335,0
VSH.US,5,20131204,155000,12.3300,12.3400,12.3100,12.3200,3700,0
VSH.US,5,20131204,155500,12.3200,12.3200,12.2100,12.2300,35814,0
VSH.US,5,20131204,160000,12.2400,12.2600,12.2300,12.2500,16275,0
VSH.US,5,20131204,160500,12.2600,12.3500,12.2500,12.2700,27109,0
VSH.US,5,20131204,161000,12.2700,12.3300,12.2700,12.2900,23187,0
VSH.US,5,20131204,161500,12.2800,12.3100,12.2700,12.3100,12659,0
VSH.US,5,20131204,162000,12.3200,12.3500,12.3200,12.3400,5200,0
VSH.US,5,20131204,162500,12.3500,12.3500,12.3200,12.3400,30845,0
VSH.US,5,20131204,163000,12.3400,12.3500,12.3300,12.3300,19802,0
VSH.US,5,20131204,163500,12.3400,12.3400,12.3300,12.3300,6600,0
VSH.US,5,20131204,164000,12.3200,12.3300,12.3200,12.3200,6004,0
VSH.US,5,20131204,164500,12.3200,12.3300,12.3000,12.3100,26106,0
VSH.US,5,20131204,165000,12.3100,12.3100,12.3000,12.3100,21149,0
VSH.US,5,20131204,165500,12.3100,12.3200,12.3000,12.3000,9996,0
VSH.US,5,20131204,170000,12.3100,12.3200,12.3000,12.3100,10141,0
VSH.US,5,20131204,170500,12.3200,12.3300,12.3200,12.3300,34876,0
VSH.US,5,20131204,171000,12.3200,12.3400,12.3200,12.3400,4800,0
VSH.US,5,20131204,171500,12.3300,12.3400,12.3300,12.3400,3100,0
VSH.US,5,20131204,172000,12.3400,12.3700,12.3300,12.3700,11860,0
VSH.US,5,20131204,172500,12.3700,12.3800,12.3700,12.3700,6300,0
VSH.US,5,20131204,173000,12.3600,12.3700,12.3400,12.3500,9969,0
VSH.US,5,20131204,173500,12.3500,12.3600,12.3400,12.3500,18415,0
VSH.US,5,20131204,174000,12.3400,12.3500,12.3400,12.3400,8417,0
VSH.US,5,20131204,174500,12.3400,12.3500,12.3400,12.3500,6662,0
VSH.US,5,20131204,175000,12.3400,12.3500,12.3300,12.3400,47938,0
VSH.US,5,20131204,175500,12.3400,12.3600,12.3300,12.3500,33180,0
VSH.US,5,20131204,180000,12.3500,12.3600,12.3500,12.3600,17309,0
VSH.US,5,20131204,180500,12.3500,12.3600,12.3500,12.3600,7526,0
VSH.US,5,20131204,181000,12.3600,12.3600,12.3500,12.3600,6340,0
VSH.US,5,20131204,181500,12.3600,12.3600,12.3300,12.3400,12283,0
VSH.US,5,20131204,182000,12.3500,12.3500,12.3400,12.3500,1300,0
VSH.US,5,20131204,182500,12.3400,12.3500,12.3300,12.3400,13106,0
VSH.US,5,20131204,183000,12.3400,12.3500,12.3400,12.3500,2200,0
VSH.US,5,20131204,183500,12.3500,12.3500,12.3400,12.3500,16601,0
VSH.US,5,20131204,184000,12.3600,12.3600,12.3500,12.3600,4400,0
VSH.US,5,20131204,184500,12.3600,12.3600,12.3500,12.3600,1500,0
VSH.US,5,20131204,185000,12.3500,12.3700,12.3500,12.3600,6844,0
VSH.US,5,20131204,185500,12.3500,12.3600,12.3500,12.3600,2100,0
VSH.US,5,20131204,190000,12.3600,12.3600,12.3600,12.3600,1800,0
VSH.US,5,20131204,190500,12.3600,12.3600,12.3500,12.3600,3000,0
VSH.US,5,20131204,191000,12.3600,12.3600,12.3600,12.3600,3500,0
VSH.US,5,20131204,191500,12.3600,12.3600,12.3600,12.3600,1300,0
VSH.US,5,20131204,192000,12.3600,12.3600,12.3300,12.3600,17965,0
VSH.US,5,20131204,192500,12.3700,12.3900,12.3400,12.3600,23896,0
VSH.US,5,20131204,193000,12.3600,12.3800,12.3500,12.3500,6129,0
VSH.US,5,20131204,193500,12.3400,12.3600,12.3300,12.3600,36057,0
VSH.US,5,20131204,194000,12.3600,12.3700,12.3600,12.3700,2905,0
VSH.US,5,20131204,194500,12.3700,12.3700,12.3700,12.3700,1300,0
VSH.US,5,20131204,195000,12.3700,12.3700,12.3600,12.3700,2254,0
VSH.US,5,20131204,195500,12.3600,12.3600,12.3600,12.3600,7447,0
VSH.US,5,20131204,200000,12.3700,12.3700,12.3600,12.3600,800,0
VSH.US,5,20131204,200500,12.3700,12.3800,12.3600,12.3800,10690,0
VSH.US,5,20131204,201000,12.3800,12.3800,12.3800,12.3800,2735,0
VSH.US,5,20131204,201500,12.3800,12.4000,12.3800,12.4000,13862,0
VSH.US,5,20131204,202000,12.4000,12.4000,12.3900,12.4000,19658,0
VSH.US,5,20131204,202500,12.4000,12.4000,12.3900,12.4000,700,0
VSH.US,5,20131204,203000,12.3900,12.4000,12.3900,12.4000,6400,0
VSH.US,5,20131204,203500,12.4000,12.4200,12.3900,12.4000,14594,0
VSH.US,5,20131204,204000,12.4000,12.4000,12.3900,12.4000,43920,0
VSH.US,5,20131204,204500,12.4000,12.4000,12.4000,12.4000,2100,0
VSH.US,5,20131204,205000,12.3900,12.4000,12.3800,12.3800,64805,0
VSH.US,5,20131204,205500,12.3800,12.4000,12.3800,12.3900,30800,0
VSH.US,5,20131204,210000,12.3900,12.3900,12.3800,12.3800,5861,0
VSH.US,5,20131204,210500,12.3800,12.3900,12.3500,12.3600,12850,0
VSH.US,5,20131204,211000,12.3600,12.3700,12.3500,12.3700,6956,0
VSH.US,5,20131204,211500,12.3600,12.3700,12.3500,12.3500,16828,0
VSH.US,5,20131204,212000,12.3500,12.4000,12.3500,12.4000,14793,0
VSH.US,5,20131204,212500,12.4000,12.4000,12.3900,12.3900,11425,0
VSH.US,5,20131204,213000,12.3900,12.4000,12.3900,12.4000,5240,0
VSH.US,5,20131204,213500,12.4000,12.4000,12.3900,12.4000,13812,0
VSH.US,5,20131204,214000,12.4000,12.4000,12.3900,12.3900,13142,0
VSH.US,5,20131204,214500,12.4000,12.4400,12.3900,12.4000,55435,0
VSH.US,5,20131204,215000,12.3900,12.4000,12.3700,12.3700,365721,0
VSH.US,5,20131204,215500,12.3700,12.3800,12.3600,12.3700,31478,0
VSH.US,5,20131204,220000,12.3600,12.3700,12.3300,12.3300,86274,0
VSH.US,5,20131204,220500,12.3400,12.3400,12.3400,12.3400,160898,0
VSH.US,5,20131205,153500,12.3100,12.3600,12.2500,12.3300,12606,0
VSH.US,5,20131205,154000,12.3400,12.3700,12.3200,12.3300,9501,0
VSH.US,5,20131205,154500,12.3100,12.3300,12.2700,12.2700,17750,0
VSH.US,5,20131205,155000,12.2700,12.2900,12.2500,12.2900,7097,0
VSH.US,5,20131205,155500,12.2900,12.3100,12.2800,12.2900,1800,0
VSH.US,5,20131205,160000,12.3000,12.3300,12.3000,12.3100,6800,0
VSH.US,5,20131205,160500,12.3200,12.3500,12.3100,12.3400,5400,0
VSH.US,5,20131205,161000,12.3300,12.3500,12.3200,12.3300,4535,0
VSH.US,5,20131205,161500,12.3200,12.3200,12.3000,12.3200,3300,0
VSH.US,5,20131205,162000,12.3200,12.3300,12.3200,12.3300,3200,0
VSH.US,5,20131205,162500,12.3300,12.3300,12.3200,12.3200,5900,0
VSH.US,5,20131205,163000,12.3200,12.3500,12.3200,12.3500,4744,0
VSH.US,5,20131205,163500,12.3500,12.3600,12.3400,12.3400,8518,0
VSH.US,5,20131205,164000,12.3500,12.3700,12.3500,12.3700,12575,0
VSH.US,5,20131205,164500,12.3800,12.3900,12.3700,12.3700,5429,0
VSH.US,5,20131205,165000,12.3700,12.3900,12.3400,12.3500,40660,0
VSH.US,5,20131205,165500,12.3500,12.3600,12.3400,12.3500,10098,0
VSH.US,5,20131205,170000,12.3500,12.3700,12.3500,12.3500,5102,0
VSH.US,5,20131205,170500,12.3500,12.3700,12.3400,12.3700,4318,0
VSH.US,5,20131205,171000,12.3700,12.3800,12.3500,12.3500,4200,0
VSH.US,5,20131205,171500,12.3500,12.3500,12.3400,12.3500,800,0
VSH.US,5,20131205,172000,12.3400,12.3700,12.3400,12.3700,3716,0
VSH.US,5,20131205,172500,12.3800,12.3800,12.3500,12.3500,7583,0
VSH.US,5,20131205,173000,12.3500,12.3500,12.3300,12.3300,4100,0
VSH.US,5,20131205,173500,12.3300,12.3300,12.3100,12.3100,2200,0
VSH.US,5,20131205,174000,12.3100,12.3100,12.2900,12.3000,4750,0
VSH.US,5,20131205,174500,12.3000,12.3000,12.2800,12.2900,9018,0
VSH.US,5,20131205,175000,12.2900,12.3000,12.2900,12.3000,1900,0
VSH.US,5,20131205,175500,12.2900,12.3100,12.2900,12.3100,3528,0
VSH.US,5,20131205,180000,12.3100,12.3100,12.3000,12.3100,1200,0
VSH.US,5,20131205,180500,12.3100,12.3200,12.3000,12.3200,3057,0
VSH.US,5,20131205,181000,12.3200,12.3300,12.3200,12.3200,2000,0
VSH.US,5,20131205,181500,12.3200,12.3300,12.3200,12.3300,900,0
VSH.US,5,20131205,182000,12.3200,12.3300,12.3200,12.3300,800,0
VSH.US,5,20131205,182500,12.3200,12.3300,12.3100,12.3100,7431,0
VSH.US,5,20131205,183000,12.3100,12.3200,12.3000,12.3000,2600,0
VSH.US,5,20131205,183500,12.3000,12.3000,12.3000,12.3000,900,0
VSH.US,5,20131205,184000,12.3100,12.3100,12.2900,12.3000,8151,0
VSH.US,5,20131205,184500,12.3100,12.3200,12.3000,12.3200,5402,0
VSH.US,5,20131205,185000,12.3200,12.3200,12.3000,12.3000,6805,0
VSH.US,5,20131205,185500,12.3000,12.3100,12.3000,12.3000,1100,0
VSH.US,5,20131205,190000,12.3100,12.3100,12.2900,12.2900,12449,0
VSH.US,5,20131205,190500,12.2900,12.3000,12.2800,12.2800,2400,0
VSH.US,5,20131205,191000,12.2800,12.3000,12.2800,12.3000,5061,0
VSH.US,5,20131205,191500,12.2900,12.3000,12.2900,12.3000,2000,0
VSH.US,5,20131205,192000,12.2900,12.3000,12.2800,12.2800,4600,0
VSH.US,5,20131205,192500,12.2800,12.2900,12.2700,12.2900,7000,0
VSH.US,5,20131205,193000,12.2900,12.2900,12.2700,12.2700,4832,0
VSH.US,5,20131205,193500,12.2700,12.2800,12.2700,12.2800,1500,0
VSH.US,5,20131205,194000,12.2800,12.2800,12.2700,12.2700,1300,0
VSH.US,5,20131205,194500,12.2800,12.2800,12.2700,12.2800,3952,0
VSH.US,5,20131205,195000,12.2800,12.2900,12.2700,12.2800,5500,0
VSH.US,5,20131205,195500,12.2800,12.3000,12.2800,12.3000,8500,0
VSH.US,5,20131205,200000,12.3000,12.3000,12.2900,12.3000,1900,0
VSH.US,5,20131205,200500,12.3000,12.3100,12.2900,12.3100,3992,0
VSH.US,5,20131205,201000,12.3100,12.3100,12.3000,12.3000,2700,0
VSH.US,5,20131205,201500,12.3100,12.3100,12.2800,12.2800,12700,0
VSH.US,5,20131205,202000,12.2800,12.2800,12.2700,12.2700,1700,0
VSH.US,5,20131205,202500,12.2700,12.2900,12.2700,12.2900,4054,0
VSH.US,5,20131205,203000,12.2800,12.2900,12.2800,12.2800,2419,0
VSH.US,5,20131205,203500,12.2900,12.3000,12.2800,12.3000,3400,0
VSH.US,5,20131205,204000,12.2900,12.3000,12.2900,12.3000,2300,0
VSH.US,5,20131205,204500,12.3100,12.3200,12.3100,12.3200,3611,0
VSH.US,5,20131205,205000,12.3200,12.3400,12.3200,12.3400,9600,0
VSH.US,5,20131205,205500,12.3400,12.3400,12.3300,12.3300,2900,0
VSH.US,5,20131205,210000,12.3400,12.3400,12.3000,12.3000,6468,0
VSH.US,5,20131205,210500,12.3000,12.3200,12.2900,12.3000,9491,0
VSH.US,5,20131205,211000,12.3000,12.3300,12.3000,12.3300,4100,0
VSH.US,5,20131205,211500,12.3200,12.3300,12.3100,12.3300,7816,0
VSH.US,5,20131205,212000,12.3300,12.3300,12.3200,12.3300,3300,0
VSH.US,5,20131205,212500,12.3300,12.3400,12.3200,12.3400,9186,0
VSH.US,5,20131205,213000,12.3400,12.3400,12.3300,12.3400,4331,0
VSH.US,5,20131205,213500,12.3400,12.3600,12.3300,12.3600,12625,0
VSH.US,5,20131205,214000,12.3600,12.3700,12.3500,12.3600,10567,0
VSH.US,5,20131205,214500,12.3500,12.3700,12.3400,12.3500,17141,0
VSH.US,5,20131205,215000,12.3500,12.3500,12.3400,12.3500,15629,0
VSH.US,5,20131205,215500,12.3500,12.3700,12.3500,12.3600,32907,0
VSH.US,5,20131205,220000,12.3700,12.3700,12.3600,12.3600,60798,0
VSH.US,5,20131205,220500,12.3700,12.3700,12.3700,12.3700,134204,0
VSH.US,5,20131206,153500,12.5000,12.5300,12.4800,12.4800,900,0
VSH.US,5,20131206,154000,12.4800,12.5000,12.4800,12.5000,962,0
VSH.US,5,20131206,154500,12.5000,12.5000,12.4600,12.4600,9243,0
VSH.US,5,20131206,155000,12.4700,12.4700,12.4300,12.4300,3780,0
VSH.US,5,20131206,155500,12.4300,12.4400,12.3800,12.4300,13835,0
VSH.US,5,20131206,160000,12.4400,12.4600,12.4400,12.4500,9010,0
VSH.US,5,20131206,160500,12.4400,12.4700,12.4300,12.4400,11700,0
VSH.US,5,20131206,161000,12.4400,12.4600,12.4200,12.4600,4600,0
VSH.US,5,20131206,161500,12.4600,12.4600,12.4300,12.4400,9051,0
VSH.US,5,20131206,162000,12.4300,12.4700,12.4300,12.4700,2600,0
VSH.US,5,20131206,162500,12.4600,12.4700,12.4200,12.4300,10581,0
VSH.US,5,20131206,163000,12.4300,12.4300,12.4100,12.4100,3582,0
VSH.US,5,20131206,163500,12.4100,12.4200,12.4000,12.4200,9374,0
VSH.US,5,20131206,164000,12.4100,12.4700,12.4100,12.4500,6485,0
VSH.US,5,20131206,164500,12.4600,12.4600,12.4400,12.4400,5600,0
VSH.US,5,20131206,165000,12.4400,12.4600,12.4300,12.4600,3500,0
VSH.US,5,20131206,165500,12.4600,12.4700,12.4500,12.4500,2500,0
VSH.US,5,20131206,170000,12.4600,12.4900,12.4600,12.4700,5200,0
VSH.US,5,20131206,170500,12.4700,12.4800,12.4600,12.4700,5400,0
VSH.US,5,20131206,171000,12.4700,12.4700,12.4500,12.4500,6299,0
VSH.US,5,20131206,171500,12.4500,12.4700,12.4400,12.4700,10809,0
VSH.US,5,20131206,172000,12.4700,12.4800,12.4600,12.4600,5400,0
VSH.US,5,20131206,172500,12.4500,12.4600,12.4400,12.4500,5125,0
VSH.US,5,20131206,173000,12.4600,12.4600,12.4500,12.4500,1000,0
VSH.US,5,20131206,173500,12.4500,12.5000,12.4500,12.5000,4114,0
VSH.US,5,20131206,174000,12.5000,12.5000,12.4900,12.4900,2000,0
VSH.US,5,20131206,174500,12.4900,12.5000,12.4900,12.4900,5841,0
VSH.US,5,20131206,175000,12.5000,12.5000,12.4900,12.5000,7648,0
VSH.US,5,20131206,175500,12.5100,12.5100,12.4800,12.4800,5000,0
VSH.US,5,20131206,180000,12.4900,12.4900,12.4800,12.4900,5000,0
VSH.US,5,20131206,180500,12.5000,12.5000,12.4900,12.4900,1200,0
VSH.US,5,20131206,181000,12.4900,12.5000,12.4900,12.4900,1100,0
VSH.US,5,20131206,181500,12.4900,12.5000,12.4700,12.4700,4900,0
VSH.US,5,20131206,182000,12.4800,12.4800,12.4700,12.4800,1525,0
VSH.US,5,20131206,182500,12.4700,12.4800,12.4700,12.4700,2800,0
VSH.US,5,20131206,183000,12.4800,12.4800,12.4700,12.4700,1300,0
VSH.US,5,20131206,183500,12.4700,12.4900,12.4700,12.4900,4429,0
VSH.US,5,20131206,184000,12.4900,12.5200,12.4800,12.5200,6649,0
VSH.US,5,20131206,184500,12.5200,12.5300,12.5200,12.5200,3600,0
VSH.US,5,20131206,185000,12.5300,12.5300,12.5200,12.5200,4905,0
VSH.US,5,20131206,185500,12.5300,12.5300,12.5200,12.5200,1300,0
VSH.US,5,20131206,190000,12.5300,12.5600,12.5200,12.5500,10744,0
VSH.US,5,20131206,190500,12.5500,12.5600,12.5400,12.5600,5395,0
VSH.US,5,20131206,191000,12.5500,12.5600,12.5500,12.5500,1300,0
VSH.US,5,20131206,191500,12.5500,12.5500,12.5300,12.5400,5600,0
VSH.US,5,20131206,192000,12.5400,12.5400,12.5300,12.5300,1411,0
VSH.US,5,20131206,192500,12.5400,12.5400,12.5300,12.5400,2395,0
VSH.US,5,20131206,193000,12.5300,12.5400,12.5300,12.5400,2400,0
VSH.US,5,20131206,193500,12.5300,12.5300,12.5300,12.5300,4700,0
VSH.US,5,20131206,194000,12.5300,12.5500,12.5300,12.5400,3855,0
VSH.US,5,20131206,194500,12.5500,12.5700,12.5500,12.5600,9500,0
VSH.US,5,20131206,195000,12.5700,12.5700,12.5600,12.5700,2278,0
VSH.US,5,20131206,195500,12.5700,12.5700,12.5600,12.5600,4035,0
VSH.US,5,20131206,200000,12.5600,12.5600,12.5400,12.5400,9232,0
VSH.US,5,20131206,200500,12.5300,12.5500,12.5300,12.5500,3602,0
VSH.US,5,20131206,201000,12.5400,12.5500,12.5400,12.5500,3700,0
VSH.US,5,20131206,201500,12.5400,12.5500,12.5400,12.5500,1700,0
VSH.US,5,20131206,202000,12.5400,12.5500,12.5300,12.5400,3689,0
VSH.US,5,20131206,202500,12.5300,12.5400,12.5300,12.5400,2200,0
VSH.US,5,20131206,203000,12.5300,12.5400,12.5300,12.5400,1900,0
VSH.US,5,20131206,203500,12.5300,12.5400,12.5300,12.5400,1700,0
VSH.US,5,20131206,204000,12.5300,12.5400,12.5300,12.5400,2811,0
VSH.US,5,20131206,204500,12.5300,12.5400,12.5300,12.5300,1600,0
VSH.US,5,20131206,205000,12.5400,12.5400,12.5200,12.5300,7389,0
VSH.US,5,20131206,205500,12.5200,12.5300,12.5100,12.5100,6462,0
VSH.US,5,20131206,210000,12.5100,12.5100,12.5000,12.5000,6800,0
VSH.US,5,20131206,210500,12.5000,12.5100,12.4800,12.4900,9591,0
VSH.US,5,20131206,211000,12.4900,12.5000,12.4900,12.5000,3110,0
VSH.US,5,20131206,211500,12.4900,12.5000,12.4900,12.5000,2665,0
VSH.US,5,20131206,212000,12.4900,12.5000,12.4900,12.5000,2833,0
VSH.US,5,20131206,212500,12.5000,12.5000,12.4900,12.5000,3708,0
VSH.US,5,20131206,213000,12.5000,12.5000,12.4900,12.5000,4900,0
VSH.US,5,20131206,213500,12.5000,12.5000,12.4900,12.5000,3854,0
VSH.US,5,20131206,214000,12.5000,12.5000,12.4700,12.4700,20342,0
VSH.US,5,20131206,214500,12.4700,12.5000,12.4700,12.5000,10591,0
VSH.US,5,20131206,215000,12.4900,12.4900,12.4800,12.4900,6717,0
VSH.US,5,20131206,215500,12.4900,12.5300,12.4800,12.5300,14529,0
VSH.US,5,20131206,220000,12.5200,12.5400,12.5200,12.5300,38801,0
VSH.US,5,20131206,220500,12.5300,12.5300,12.5300,12.5300,97576,0
VSH.US,5,20131209,153500,12.5600,12.5600,12.5000,12.5000,12431,0
VSH.US,5,20131209,154000,12.5200,12.5300,12.5100,12.5300,7200,0
VSH.US,5,20131209,154500,12.5300,12.5500,12.5200,12.5500,6720,0
VSH.US,5,20131209,155000,12.5700,12.5800,12.5700,12.5700,8101,0
VSH.US,5,20131209,155500,12.5800,12.6000,12.5800,12.6000,5396,0
VSH.US,5,20131209,160000,12.6000,12.6200,12.6000,12.6200,5100,0
VSH.US,5,20131209,160500,12.6200,12.6200,12.5800,12.5800,5496,0
VSH.US,5,20131209,161000,12.5900,12.5900,12.5500,12.5600,5000,0
VSH.US,5,20131209,161500,12.5500,12.5600,12.5500,12.5600,4819,0
VSH.US,5,20131209,162000,12.5500,12.5500,12.5300,12.5300,5850,0
VSH.US,5,20131209,162500,12.5300,12.5400,12.5300,12.5400,2700,0
VSH.US,5,20131209,163000,12.5300,12.5300,12.5200,12.5300,4300,0
VSH.US,5,20131209,163500,12.5200,12.5500,12.5000,12.5400,13100,0
VSH.US,5,20131209,164000,12.5300,12.5400,12.5300,12.5400,3140,0
VSH.US,5,20131209,164500,12.5400,12.5600,12.5400,12.5500,2300,0
VSH.US,5,20131209,165000,12.5500,12.5500,12.5300,12.5300,2718,0
VSH.US,5,20131209,165500,12.5200,12.5400,12.5200,12.5400,5565,0
VSH.US,5,20131209,170000,12.5400,12.5600,12.5300,12.5600,8580,0
VSH.US,5,20131209,170500,12.5500,12.5500,12.5500,12.5500,1300,0
VSH.US,5,20131209,171000,12.5500,12.5600,12.5500,12.5500,1535,0
VSH.US,5,20131209,171500,12.5600,12.5600,12.5400,12.5600,11400,0
VSH.US,5,20131209,172000,12.5600,12.5700,12.5500,12.5600,4800,0
VSH.US,5,20131209,172500,12.5500,12.5600,12.5500,12.5500,3300,0
VSH.US,5,20131209,173000,12.5500,12.5800,12.5500,12.5800,9600,0
VSH.US,5,20131209,173500,12.5800,12.5800,12.5500,12.5500,4418,0
VSH.US,5,20131209,174000,12.5400,12.5500,12.5200,12.5200,2100,0
VSH.US,5,20131209,174500,12.5300,12.5300,12.5200,12.5300,1800,0
VSH.US,5,20131209,175000,12.5200,12.5300,12.5000,12.5000,5300,0
VSH.US,5,20131209,175500,12.5000,12.5200,12.5000,12.5100,8113,0
VSH.US,5,20131209,180000,12.5000,12.5100,12.5000,12.5100,9219,0
VSH.US,5,20131209,180500,12.5100,12.5400,12.5100,12.5400,8300,0
VSH.US,5,20131209,181000,12.5400,12.5600,12.5300,12.5500,3600,0
VSH.US,5,20131209,181500,12.5600,12.5600,12.5500,12.5600,5436,0
VSH.US,5,20131209,182000,12.5600,12.5700,12.5600,12.5600,3522,0
VSH.US,5,20131209,182500,12.5500,12.5500,12.5400,12.5500,6800,0
VSH.US,5,20131209,183000,12.5500,12.5500,12.5500,12.5500,200,0
VSH.US,5,20131209,183500,12.5500,12.5600,12.5500,12.5600,4498,0
VSH.US,5,20131209,184000,12.5600,12.5700,12.5600,12.5700,1000,0
VSH.US,5,20131209,184500,12.5600,12.5900,12.5600,12.5900,3400,0
VSH.US,5,20131209,185000,12.5900,12.6000,12.5800,12.5900,9947,0
VSH.US,5,20131209,185500,12.5800,12.5900,12.5800,12.5800,1600,0
VSH.US,5,20131209,190000,12.5800,12.6000,12.5800,12.5900,9170,0
VSH.US,5,20131209,190500,12.5900,12.5900,12.5700,12.5700,2114,0
VSH.US,5,20131209,191000,12.5700,12.5900,12.5600,12.5900,8082,0
VSH.US,5,20131209,191500,12.5900,12.5900,12.5700,12.5700,4900,0
VSH.US,5,20131209,192000,12.5800,12.5800,12.5600,12.5800,4000,0
VSH.US,5,20131209,192500,12.5800,12.6000,12.5800,12.6000,5200,0
VSH.US,5,20131209,193000,12.5900,12.6000,12.5900,12.5900,3143,0
VSH.US,5,20131209,193500,12.5900,12.5900,12.5900,12.5900,5700,0
VSH.US,5,20131209,194000,12.5800,12.5900,12.5800,12.5900,2150,0
VSH.US,5,20131209,194500,12.5900,12.6100,12.5900,12.6100,3000,0
VSH.US,5,20131209,195000,12.6100,12.6100,12.5900,12.5900,3717,0
VSH.US,5,20131209,195500,12.6000,12.6000,12.5800,12.5800,2200,0
VSH.US,5,20131209,200000,12.5900,12.5900,12.5800,12.5800,6766,0
VSH.US,5,20131209,200500,12.5800,12.5800,12.5600,12.5700,2512,0
VSH.US,5,20131209,201000,12.5600,12.6000,12.5600,12.6000,11121,0
VSH.US,5,20131209,201500,12.6000,12.6200,12.5900,12.6200,5208,0
VSH.US,5,20131209,202000,12.6200,12.6200,12.5900,12.5900,4638,0
VSH.US,5,20131209,202500,12.5900,12.5900,12.5800,12.5800,1910,0
VSH.US,5,20131209,203000,12.5800,12.5900,12.5700,12.5900,7317,0
VSH.US,5,20131209,203500,12.5900,12.5900,12.5900,12.5900,7400,0
VSH.US,5,20131209,204000,12.5900,12.5900,12.5800,12.5900,9112,0
VSH.US,5,20131209,204500,12.5900,12.5900,12.5800,12.5800,1742,0
VSH.US,5,20131209,205000,12.5900,12.5900,12.5800,12.5900,9116,0
VSH.US,5,20131209,205500,12.6000,12.6000,12.5900,12.5900,800,0
VSH.US,5,20131209,210000,12.6000,12.6000,12.5900,12.6000,14335,0
VSH.US,5,20131209,210500,12.5900,12.6000,12.5900,12.6000,1500,0
VSH.US,5,20131209,211000,12.6000,12.6000,12.5900,12.6000,10400,0
VSH.US,5,20131209,211500,12.6000,12.6100,12.5900,12.6100,13626,0
VSH.US,5,20131209,212000,12.6100,12.6100,12.6000,12.6100,2985,0
VSH.US,5,20131209,212500,12.6000,12.6200,12.6000,12.6000,15272,0
VSH.US,5,20131209,213000,12.6000,12.6000,12.5700,12.5700,14300,0
VSH.US,5,20131209,213500,12.5700,12.5900,12.5700,12.5800,12722,0
VSH.US,5,20131209,214000,12.5900,12.5900,12.5800,12.5900,12256,0
VSH.US,5,20131209,214500,12.5900,12.5900,12.5800,12.5900,13100,0
VSH.US,5,20131209,215000,12.5900,12.6300,12.5900,12.6300,39120,0
VSH.US,5,20131209,215500,12.6300,12.6300,12.6000,12.6000,39660,0
VSH.US,5,20131209,220000,12.6000,12.6100,12.5700,12.5800,76314,0
VSH.US,5,20131209,220500,12.5800,12.5900,12.5800,12.5900,110532,0
