<TICKER>,<PER>,<DTYYYYMMDD>,<TIME>,<OPEN>,<HIGH>,<LOW>,<CLOSE>,<VOL>,<OPENINT>
WCIC.US,5,20131112,153500,17.8200,18.0000,17.8100,17.9900,1401,0
WCIC.US,5,20131112,154000,17.8800,17.9500,17.8800,17.8800,980,0
WCIC.US,5,20131112,154500,17.8800,17.8800,17.7000,17.7000,2100,0
WCIC.US,5,20131112,155000,17.7500,17.7500,17.5500,17.6100,1200,0
WCIC.US,5,20131112,155500,17.5100,17.5500,17.5100,17.5500,300,0
WCIC.US,5,20131112,160000,17.5000,17.5000,17.4200,17.4200,1000,0
WCIC.US,5,20131112,160500,17.4200,17.4600,17.3200,17.4100,1100,0
WCIC.US,5,20131112,161000,17.3000,17.3200,17.1500,17.1700,3400,0
WCIC.US,5,20131112,161500,17.2500,17.2500,17.1700,17.2500,1400,0
WCIC.US,5,20131112,162000,17.3000,17.3000,17.3000,17.3000,300,0
WCIC.US,5,20131112,163000,17.3100,17.3600,17.3100,17.3600,1100,0
WCIC.US,5,20131112,163500,17.4000,17.4000,17.3800,17.3800,1100,0
WCIC.US,5,20131112,165000,17.4100,17.4900,17.3700,17.3700,1007,0
WCIC.US,5,20131112,165500,17.3700,17.3700,17.3700,17.3700,100,0
WCIC.US,5,20131112,170000,17.4100,17.5300,17.4000,17.4000,2300,0
WCIC.US,5,20131112,170500,17.4000,17.4000,17.4000,17.4000,1300,0
WCIC.US,5,20131112,171000,17.4500,17.4500,17.4000,17.4000,200,0
WCIC.US,5,20131112,171500,17.4000,17.4000,17.4000,17.4000,100,0
WCIC.US,5,20131112,172000,17.4500,17.4500,17.3900,17.3900,2050,0
WCIC.US,5,20131112,172500,17.3900,17.4300,17.3900,17.4100,1250,0
WCIC.US,5,20131112,173500,17.4000,17.4000,17.4000,17.4000,300,0
WCIC.US,5,20131112,174500,17.3800,17.3900,17.3800,17.3900,300,0
WCIC.US,5,20131112,175000,17.4000,17.5200,17.3700,17.5200,1650,0
WCIC.US,5,20131112,175500,17.4400,17.5100,17.4400,17.5100,1300,0
WCIC.US,5,20131112,180000,17.4100,17.4100,17.4100,17.4100,100,0
WCIC.US,5,20131112,181000,17.4200,17.4500,17.4200,17.4500,200,0
WCIC.US,5,20131112,181500,17.4100,17.4100,17.4100,17.4100,100,0
WCIC.US,5,20131112,182000,17.4100,17.4100,17.4100,17.4100,400,0
WCIC.US,5,20131112,182500,17.4000,17.4400,17.4000,17.4000,500,0
WCIC.US,5,20131112,183000,17.4000,17.4000,17.4000,17.4000,100,0
WCIC.US,5,20131112,183500,17.4000,17.4000,17.4000,17.4000,100,0
WCIC.US,5,20131112,184500,17.4900,17.4900,17.4000,17.4100,700,0
WCIC.US,5,20131112,185000,17.4000,17.4000,17.4000,17.4000,100,0
WCIC.US,5,20131112,185500,17.4000,17.4300,17.4000,17.4200,500,0
WCIC.US,5,20131112,190000,17.4000,17.4000,17.4000,17.4000,100,0
WCIC.US,5,20131112,190500,17.4000,17.4000,17.2000,17.2000,1100,0
WCIC.US,5,20131112,191000,17.2800,17.2800,17.1500,17.1500,900,0
WCIC.US,5,20131112,191500,17.2200,17.2200,17.2200,17.2200,1250,0
WCIC.US,5,20131112,192000,17.1500,17.2100,17.1000,17.1500,400,0
WCIC.US,5,20131112,192500,17.2200,17.2200,17.2000,17.2000,1600,0
WCIC.US,5,20131112,193000,17.1500,17.1500,17.1500,17.1500,100,0
WCIC.US,5,20131112,193500,17.1500,17.1500,17.1500,17.1500,300,0
WCIC.US,5,20131112,194000,17.1500,17.1500,17.1500,17.1500,400,0
WCIC.US,5,20131112,194500,17.1300,17.1900,17.1300,17.1800,600,0
WCIC.US,5,20131112,195500,17.1800,17.1800,17.0500,17.0500,200,0
WCIC.US,5,20131112,200500,17.1400,17.1500,17.0500,17.0500,1450,0
WCIC.US,5,20131112,201000,17.0400,17.0400,17.0400,17.0400,100,0
WCIC.US,5,20131112,201500,17.0500,17.0700,17.0500,17.0700,300,0
WCIC.US,5,20131112,202000,16.9500,17.0000,16.9300,17.0000,300,0
WCIC.US,5,20131112,203000,16.9400,16.9400,16.9400,16.9400,100,0
WCIC.US,5,20131112,203500,17.0500,17.0500,16.9400,16.9400,200,0
WCIC.US,5,20131112,204000,16.9300,16.9300,16.9300,16.9300,100,0
WCIC.US,5,20131112,204500,16.9300,16.9300,16.7700,16.9000,1100,0
WCIC.US,5,20131112,205000,16.9000,16.9000,16.9000,16.9000,100,0
WCIC.US,5,20131112,205500,16.9000,16.9000,16.9000,16.9000,100,0
WCIC.US,5,20131112,210500,17.0400,17.0500,16.9800,17.0300,1000,0
WCIC.US,5,20131112,211000,17.0600,17.0600,17.0400,17.0400,200,0
WCIC.US,5,20131112,211500,17.0300,17.0300,17.0300,17.0300,300,0
WCIC.US,5,20131112,212000,17.0500,17.0500,17.0500,17.0500,100,0
WCIC.US,5,20131112,212500,17.1300,17.1300,17.1300,17.1300,100,0
WCIC.US,5,20131112,213500,17.1000,17.1000,17.1000,17.1000,100,0
WCIC.US,5,20131112,214000,17.1500,17.1900,17.0700,17.1400,1100,0
WCIC.US,5,20131112,214500,17.1200,17.1400,17.0900,17.1200,1200,0
WCIC.US,5,20131112,215000,17.1500,17.1500,17.0700,17.1100,6400,0
WCIC.US,5,20131112,215500,17.1000,17.1700,17.0700,17.1100,8360,0
WCIC.US,5,20131112,220000,17.1900,17.2000,17.0600,17.1200,3664,0
WCIC.US,5,20131112,221000,17.0900,17.0900,17.0900,17.0900,1858,0
WCIC.US,5,20131113,153500,17.0600,17.2200,17.0600,17.2200,200,0
WCIC.US,5,20131113,154000,17.2500,17.6600,17.2500,17.6600,500,0
WCIC.US,5,20131113,154500,17.4600,17.6500,17.4400,17.6500,300,0
WCIC.US,5,20131113,155000,17.6800,17.9200,17.6800,17.9200,1666,0
WCIC.US,5,20131113,155500,17.9100,18.4600,17.8900,18.2200,6900,0
WCIC.US,5,20131113,160000,18.4100,18.8300,18.1700,18.8100,6025,0
WCIC.US,5,20131113,160500,18.7100,18.8000,18.3200,18.3200,2550,0
WCIC.US,5,20131113,161000,18.0200,18.1000,17.7000,17.7900,4683,0
WCIC.US,5,20131113,161500,17.7800,17.7800,17.6200,17.6200,1600,0
WCIC.US,5,20131113,162000,17.6900,17.7100,17.6900,17.7100,600,0
WCIC.US,5,20131113,163000,17.8000,18.0100,17.8000,18.0000,1500,0
WCIC.US,5,20131113,163500,18.0100,18.2000,17.9000,17.9000,2900,0
WCIC.US,5,20131113,164000,17.9800,18.0400,17.9800,18.0300,1700,0
WCIC.US,5,20131113,164500,17.9200,18.0100,17.9200,18.0000,2356,0
WCIC.US,5,20131113,165000,18.0500,18.0500,18.0500,18.0500,100,0
WCIC.US,5,20131113,170000,18.0900,18.1600,18.0900,18.1400,700,0
WCIC.US,5,20131113,170500,18.1700,18.2900,18.1700,18.2500,900,0
WCIC.US,5,20131113,171000,18.2600,18.2800,18.2000,18.2800,4600,0
WCIC.US,5,20131113,171500,18.2400,18.2400,18.2000,18.2000,300,0
WCIC.US,5,20131113,172000,18.1400,18.1400,17.8200,17.8200,1100,0
WCIC.US,5,20131113,173000,17.7500,17.7500,17.7400,17.7400,400,0
WCIC.US,5,20131113,174500,17.8400,17.8500,17.8400,17.8500,300,0
WCIC.US,5,20131113,175000,17.9300,17.9300,17.8300,17.9300,400,0
WCIC.US,5,20131113,175500,17.9100,18.1500,17.9100,18.1500,1500,0
WCIC.US,5,20131113,180000,18.0600,18.0600,18.0500,18.0500,300,0
WCIC.US,5,20131113,180500,18.0500,18.0500,18.0500,18.0500,100,0
WCIC.US,5,20131113,181000,18.0800,18.2300,18.0800,18.2100,900,0
WCIC.US,5,20131113,181500,18.1600,18.1600,18.1100,18.1100,400,0
WCIC.US,5,20131113,182000,18.0800,18.0800,18.0400,18.0600,400,0
WCIC.US,5,20131113,182500,18.0000,18.1000,18.0000,18.1000,1100,0
WCIC.US,5,20131113,183000,18.0000,18.0000,18.0000,18.0000,100,0
WCIC.US,5,20131113,183500,18.1000,18.1000,18.1000,18.1000,100,0
WCIC.US,5,20131113,184500,18.0800,18.0800,17.9500,17.9500,1700,0
WCIC.US,5,20131113,185000,17.9500,17.9500,17.7900,17.7900,500,0
WCIC.US,5,20131113,190000,17.8100,17.8100,17.8100,17.8100,100,0
WCIC.US,5,20131113,190500,17.7900,17.9000,17.7900,17.9000,200,0
WCIC.US,5,20131113,191000,17.8800,17.8800,17.8100,17.8100,200,0
WCIC.US,5,20131113,191500,17.8400,17.8400,17.8400,17.8400,100,0
WCIC.US,5,20131113,192000,17.8000,17.8000,17.7900,17.7900,400,0
WCIC.US,5,20131113,193000,17.9100,17.9100,17.7900,17.7900,575,0
WCIC.US,5,20131113,193500,17.8000,17.8000,17.8000,17.8000,300,0
WCIC.US,5,20131113,194000,17.8700,17.9900,17.8400,17.9900,900,0
WCIC.US,5,20131113,195500,18.0700,18.0700,18.0700,18.0700,100,0
WCIC.US,5,20131113,200000,17.9200,17.9200,17.9200,17.9200,100,0
WCIC.US,5,20131113,201000,17.9400,17.9400,17.8800,17.8800,400,0
WCIC.US,5,20131113,202000,17.8500,17.9600,17.8500,17.9600,300,0
WCIC.US,5,20131113,202500,17.9400,17.9400,17.9400,17.9400,100,0
WCIC.US,5,20131113,204000,17.8500,17.8500,17.8500,17.8500,100,0
WCIC.US,5,20131113,205000,17.9000,17.9000,17.9000,17.9000,100,0
WCIC.US,5,20131113,205500,17.8000,17.8700,17.7900,17.7900,1300,0
WCIC.US,5,20131113,211000,17.7900,17.8000,17.7900,17.7900,1200,0
WCIC.US,5,20131113,211500,17.8000,17.8000,17.7900,17.7900,200,0
WCIC.US,5,20131113,212000,17.7900,17.7900,17.6400,17.6500,1400,0
WCIC.US,5,20131113,213000,17.7400,17.7400,17.7400,17.7400,100,0
WCIC.US,5,20131113,214500,17.7600,17.7800,17.6900,17.6900,1000,0
WCIC.US,5,20131113,215000,17.7600,17.7600,17.6800,17.6800,1200,0
WCIC.US,5,20131113,215500,17.7700,17.7700,17.6800,17.6800,300,0
WCIC.US,5,20131113,220000,17.7600,17.7800,17.6400,17.7700,5511,0
WCIC.US,5,20131113,220500,17.7500,17.7500,17.7500,17.7500,3528,0
WCIC.US,5,20131114,154000,17.7600,17.7600,17.7600,17.7600,100,0
WCIC.US,5,20131114,154500,17.8500,17.9500,17.8500,17.8500,1300,0
WCIC.US,5,20131114,155000,17.8500,17.8500,17.8500,17.8500,200,0
WCIC.US,5,20131114,161500,17.8200,17.8800,17.7800,17.7800,1600,0
WCIC.US,5,20131114,162000,17.8000,17.8600,17.8000,17.8000,1000,0
WCIC.US,5,20131114,162500,17.8000,17.8000,17.8000,17.8000,500,0
WCIC.US,5,20131114,163000,17.7800,17.7900,17.7800,17.7800,1000,0
WCIC.US,5,20131114,163500,17.7800,17.8000,17.7800,17.7800,500,0
WCIC.US,5,20131114,164000,17.6600,17.6600,17.6600,17.6600,100,0
WCIC.US,5,20131114,164500,17.6600,17.6600,17.6300,17.6300,1600,0
WCIC.US,5,20131114,165000,17.6400,17.6500,17.5200,17.5200,500,0
WCIC.US,5,20131114,170000,17.6200,17.6200,17.5200,17.5200,200,0
WCIC.US,5,20131114,170500,17.5100,17.5200,17.5100,17.5200,200,0
WCIC.US,5,20131114,171000,17.5100,17.5200,17.5100,17.5100,600,0
WCIC.US,5,20131114,171500,17.5200,17.5200,17.5200,17.5200,200,0
WCIC.US,5,20131114,172000,17.5200,17.5500,17.5100,17.5500,400,0
WCIC.US,5,20131114,172500,17.5500,17.8500,17.5500,17.7300,4600,0
WCIC.US,5,20131114,173000,17.7400,17.8500,17.7400,17.8500,4000,0
WCIC.US,5,20131114,175000,17.7100,17.7100,17.6700,17.6700,2975,0
WCIC.US,5,20131114,175500,17.5400,17.5400,17.5400,17.5400,100,0
WCIC.US,5,20131114,180000,17.5300,17.7100,17.5000,17.7100,1300,0
WCIC.US,5,20131114,181500,17.7300,17.7500,17.7300,17.7500,1300,0
WCIC.US,5,20131114,182500,17.7700,17.8000,17.7700,17.8000,2000,0
WCIC.US,5,20131114,183000,17.8000,17.8100,17.7500,17.7700,2800,0
WCIC.US,5,20131114,184000,17.8100,17.8600,17.7600,17.7600,3820,0
WCIC.US,5,20131114,184500,17.7600,17.8100,17.7600,17.8100,1200,0
WCIC.US,5,20131114,190000,17.8000,17.8000,17.8000,17.8000,100,0
WCIC.US,5,20131114,190500,17.7200,17.8400,17.7100,17.7500,2814,0
WCIC.US,5,20131114,191000,17.7500,17.7500,17.7500,17.7500,100,0
WCIC.US,5,20131114,192000,17.6900,17.6900,17.6900,17.6900,100,0
WCIC.US,5,20131114,192500,17.7100,17.7100,17.7100,17.7100,100,0
WCIC.US,5,20131114,193000,17.7000,17.7000,17.7000,17.7000,100,0
WCIC.US,5,20131114,193500,17.7400,17.7400,17.7400,17.7400,100,0
WCIC.US,5,20131114,194000,17.6700,17.6900,17.6700,17.6900,200,0
WCIC.US,5,20131114,194500,17.7100,17.7100,17.7100,17.7100,200,0
WCIC.US,5,20131114,195000,17.6300,17.6300,17.6300,17.6300,100,0
WCIC.US,5,20131114,200500,17.7100,17.7100,17.6300,17.6300,400,0
WCIC.US,5,20131114,201000,17.6700,17.7200,17.6700,17.7200,200,0
WCIC.US,5,20131114,202500,17.7500,17.7500,17.6400,17.6400,300,0
WCIC.US,5,20131114,203000,17.6500,17.6500,17.5200,17.5200,1100,0
WCIC.US,5,20131114,203500,17.5000,17.5000,17.4300,17.5000,300,0
WCIC.US,5,20131114,204500,17.4300,17.5600,17.4300,17.5600,400,0
WCIC.US,5,20131114,205000,17.5000,17.5700,17.5000,17.5700,200,0
WCIC.US,5,20131114,205500,17.4800,17.5000,17.4800,17.4800,500,0
WCIC.US,5,20131114,211000,17.5700,17.5700,17.4800,17.4800,2400,0
WCIC.US,5,20131114,211500,17.4300,17.4300,17.4300,17.4300,100,0
WCIC.US,5,20131114,212000,17.4800,17.5400,17.4800,17.5000,1550,0
WCIC.US,5,20131114,213000,17.4600,17.8100,17.4600,17.8100,3602,0
WCIC.US,5,20131114,213500,17.6600,17.7000,17.6400,17.6400,1600,0
WCIC.US,5,20131114,214000,17.6400,17.6400,17.6400,17.6400,100,0
WCIC.US,5,20131114,214500,17.6500,17.6500,17.5300,17.5400,2000,0
WCIC.US,5,20131114,215000,17.5400,17.5500,17.5200,17.5500,600,0
WCIC.US,5,20131114,215500,17.5900,17.6200,17.5100,17.5900,5565,0
WCIC.US,5,20131114,220000,17.6300,17.6500,17.5000,17.5600,5298,0
WCIC.US,5,20131114,220500,17.6000,17.6000,17.6000,17.6000,8941,0
WCIC.US,5,20131115,153500,17.5000,17.5300,17.5000,17.5300,600,0
WCIC.US,5,20131115,154000,17.5400,17.5400,17.5400,17.5400,100,0
WCIC.US,5,20131115,154500,17.6000,17.6000,17.6000,17.6000,100,0
WCIC.US,5,20131115,155000,17.7500,17.7500,17.7500,17.7500,100,0
WCIC.US,5,20131115,161000,17.7000,17.7000,17.5500,17.5800,2489,0
WCIC.US,5,20131115,162500,17.5900,17.5900,17.5900,17.5900,100,0
WCIC.US,5,20131115,163000,17.5900,17.6000,17.4900,17.4900,400,0
WCIC.US,5,20131115,163500,17.5800,17.5800,17.5800,17.5800,100,0
WCIC.US,5,20131115,164500,17.5900,17.6000,17.5300,17.5600,1711,0
WCIC.US,5,20131115,165000,17.6400,17.6400,17.5500,17.5500,900,0
WCIC.US,5,20131115,165500,17.5800,17.7300,17.5500,17.5500,1200,0
WCIC.US,5,20131115,170000,17.5500,17.5500,17.5400,17.5500,900,0
WCIC.US,5,20131115,170500,17.5500,17.5500,17.5500,17.5500,700,0
WCIC.US,5,20131115,171000,17.5500,17.5500,17.5500,17.5500,300,0
WCIC.US,5,20131115,171500,17.6100,17.7500,17.5900,17.5900,9863,0
WCIC.US,5,20131115,172000,17.5900,17.5900,17.5900,17.5900,700,0
WCIC.US,5,20131115,172500,17.7300,17.7500,17.5900,17.5900,4750,0
WCIC.US,5,20131115,173000,17.5900,17.7600,17.5900,17.5900,2100,0
WCIC.US,5,20131115,173500,17.6300,17.6300,17.5900,17.5900,200,0
WCIC.US,5,20131115,174000,17.6200,17.6200,17.5900,17.5900,200,0
WCIC.US,5,20131115,174500,17.5900,17.5900,17.5100,17.5100,1380,0
WCIC.US,5,20131115,175000,17.5800,17.6200,17.5800,17.6200,200,0
WCIC.US,5,20131115,175500,17.5900,17.5900,17.5900,17.5900,100,0
WCIC.US,5,20131115,180000,17.6300,17.7200,17.6200,17.7200,700,0
WCIC.US,5,20131115,180500,17.8200,17.8200,17.8200,17.8200,100,0
WCIC.US,5,20131115,181000,17.7200,17.7200,17.7200,17.7200,1200,0
WCIC.US,5,20131115,181500,17.9000,17.9000,17.8000,17.8000,200,0
WCIC.US,5,20131115,182000,17.8200,17.8200,17.8200,17.8200,100,0
WCIC.US,5,20131115,182500,17.9400,17.9400,17.7800,17.7800,300,0
WCIC.US,5,20131115,183500,17.8000,17.8000,17.7000,17.7000,200,0
WCIC.US,5,20131115,184500,17.6400,17.6400,17.6400,17.6400,100,0
WCIC.US,5,20131115,185500,17.6900,17.6900,17.5800,17.5800,300,0
WCIC.US,5,20131115,190000,17.5800,17.5800,17.5800,17.5800,100,0
WCIC.US,5,20131115,191000,17.7300,17.7300,17.7300,17.7300,200,0
WCIC.US,5,20131115,191500,17.7300,17.7300,17.7200,17.7200,200,0
WCIC.US,5,20131115,192500,17.7700,17.7700,17.7700,17.7700,120,0
WCIC.US,5,20131115,193000,17.7800,17.8800,17.7600,17.8300,799,0
WCIC.US,5,20131115,194500,17.9500,17.9500,17.7800,17.7800,1125,0
WCIC.US,5,20131115,200500,17.7700,17.7700,17.7700,17.7700,100,0
WCIC.US,5,20131115,202000,17.7600,17.7600,17.7600,17.7600,100,0
WCIC.US,5,20131115,202500,17.7600,17.7600,17.7600,17.7600,100,0
WCIC.US,5,20131115,203500,17.7800,17.7800,17.7500,17.7500,400,0
WCIC.US,5,20131115,204000,17.7500,17.7800,17.6200,17.6300,1600,0
WCIC.US,5,20131115,205000,17.5400,17.7500,17.5200,17.6300,1000,0
WCIC.US,5,20131115,205500,17.8100,17.8100,17.6300,17.6300,660,0
WCIC.US,5,20131115,211000,17.7700,17.7700,17.7700,17.7700,100,0
WCIC.US,5,20131115,211500,17.7500,17.7700,17.7500,17.7700,200,0
WCIC.US,5,20131115,212000,17.7000,17.7000,17.7000,17.7000,100,0
WCIC.US,5,20131115,212500,17.7400,17.7400,17.7100,17.7100,200,0
WCIC.US,5,20131115,213000,17.7300,17.7500,17.7200,17.7500,500,0
WCIC.US,5,20131115,214000,17.7500,17.7500,17.7300,17.7500,379,0
WCIC.US,5,20131115,214500,17.7000,17.7000,17.5800,17.5800,300,0
WCIC.US,5,20131115,215000,17.5800,17.7200,17.5800,17.7200,300,0
WCIC.US,5,20131115,215500,17.6600,17.7700,17.6300,17.6500,2072,0
WCIC.US,5,20131115,220000,17.7200,17.8200,17.5500,17.7100,9955,0
WCIC.US,5,20131115,220500,17.6700,17.6700,17.6700,17.6700,3304,0
WCIC.US,5,20131118,154000,17.7500,17.7500,17.7500,17.7500,100,0
WCIC.US,5,20131118,154500,17.7800,17.7800,17.7800,17.7800,100,0
WCIC.US,5,20131118,155000,17.4700,17.7500,17.4700,17.7300,800,0
WCIC.US,5,20131118,155500,17.7400,17.9100,17.7400,17.9100,300,0
WCIC.US,5,20131118,160000,18.1500,18.2400,18.1500,18.2400,1000,0
WCIC.US,5,20131118,161000,18.4500,18.4500,18.4500,18.4500,300,0
WCIC.US,5,20131118,161500,18.4700,18.5100,18.4700,18.5100,1200,0
WCIC.US,5,20131118,162000,18.5000,18.5000,18.5000,18.5000,100,0
WCIC.US,5,20131118,163000,18.6200,18.6200,18.6200,18.6200,100,0
WCIC.US,5,20131118,163500,18.3600,18.3600,18.3300,18.3300,626,0
WCIC.US,5,20131118,165500,18.2900,18.2900,18.2900,18.2900,100,0
WCIC.US,5,20131118,170000,18.2400,18.2500,18.2400,18.2400,1900,0
WCIC.US,5,20131118,170500,18.2400,18.2400,17.9800,18.1200,1174,0
WCIC.US,5,20131118,171000,17.9800,17.9800,17.9800,17.9800,100,0
WCIC.US,5,20131118,172000,18.0200,18.0200,18.0200,18.0200,100,0
WCIC.US,5,20131118,172500,18.0700,18.0700,18.0700,18.0700,500,0
WCIC.US,5,20131118,173500,18.0300,18.1800,18.0200,18.1800,500,0
WCIC.US,5,20131118,174500,18.0000,18.0800,18.0000,18.0800,400,0
WCIC.US,5,20131118,175000,18.0600,18.0600,18.0600,18.0600,100,0
WCIC.US,5,20131118,181000,18.0900,18.1400,18.0500,18.0500,500,0
WCIC.US,5,20131118,181500,18.0200,18.0300,18.0100,18.0300,400,0
WCIC.US,5,20131118,182000,18.0100,18.0300,18.0100,18.0300,200,0
WCIC.US,5,20131118,183500,17.9200,17.9200,17.9200,17.9200,100,0
WCIC.US,5,20131118,185000,17.8700,17.9100,17.8700,17.9100,200,0
WCIC.US,5,20131118,185500,17.8400,17.8800,17.8400,17.8800,200,0
WCIC.US,5,20131118,191500,17.8300,17.8300,17.8100,17.8100,200,0
WCIC.US,5,20131118,192000,17.8200,17.8200,17.8200,17.8200,200,0
WCIC.US,5,20131118,193500,17.8800,18.0000,17.8800,17.8900,1682,0
WCIC.US,5,20131118,194000,17.8900,17.8900,17.8900,17.8900,100,0
WCIC.US,5,20131118,194500,17.8900,17.9000,17.8900,17.9000,400,0
WCIC.US,5,20131118,195000,17.9100,17.9100,17.9100,17.9100,100,0
WCIC.US,5,20131118,200000,17.8800,17.8800,17.8700,17.8700,600,0
WCIC.US,5,20131118,200500,17.8300,17.8400,17.8300,17.8400,200,0
WCIC.US,5,20131118,202000,17.8400,17.8400,17.8400,17.8400,100,0
WCIC.US,5,20131118,203000,17.9900,17.9900,17.9900,17.9900,100,0
WCIC.US,5,20131118,203500,17.9400,17.9400,17.8400,17.8400,800,0
WCIC.US,5,20131118,204000,17.8800,17.8800,17.8500,17.8500,200,0
WCIC.US,5,20131118,204500,17.8500,17.8500,17.8500,17.8500,200,0
WCIC.US,5,20131118,205000,17.8500,17.9900,17.8500,17.9900,400,0
WCIC.US,5,20131118,205500,17.8700,17.8700,17.8700,17.8700,100,0
WCIC.US,5,20131118,210500,17.8700,17.8700,17.8700,17.8700,200,0
WCIC.US,5,20131118,211500,17.8700,17.8700,17.8100,17.8500,500,0
WCIC.US,5,20131118,212000,17.9000,17.9000,17.9000,17.9000,100,0
WCIC.US,5,20131118,212500,17.8000,17.8000,17.8000,17.8000,100,0
WCIC.US,5,20131118,213000,17.9100,17.9100,17.8000,17.8900,500,0
WCIC.US,5,20131118,213500,17.8000,17.8500,17.7800,17.8100,1301,0
WCIC.US,5,20131118,214000,17.8400,17.8400,17.8400,17.8400,300,0
WCIC.US,5,20131118,214500,17.8000,17.8400,17.8000,17.8400,200,0
WCIC.US,5,20131118,215000,17.8300,17.9800,17.8300,17.9800,700,0
WCIC.US,5,20131118,215500,17.9900,18.0000,17.9100,17.9800,2400,0
WCIC.US,5,20131118,220000,17.9800,18.0000,17.9700,17.9700,770,0
WCIC.US,5,20131118,220500,17.8600,17.8600,17.8600,17.8600,1302,0
WCIC.US,5,20131119,153500,17.9800,17.9800,17.9400,17.9400,1850,0
WCIC.US,5,20131119,154500,17.9500,17.9500,17.9500,17.9500,100,0
WCIC.US,5,20131119,155500,17.9600,17.9600,17.9600,17.9600,200,0
WCIC.US,5,20131119,160500,18.0000,18.0000,18.0000,18.0000,200,0
WCIC.US,5,20131119,161000,18.0000,18.0000,17.9700,17.9700,700,0
WCIC.US,5,20131119,161500,17.9600,17.9600,17.9600,17.9600,100,0
WCIC.US,5,20131119,162000,17.9600,17.9600,17.9600,17.9600,100,0
WCIC.US,5,20131119,163000,17.9600,17.9600,17.9600,17.9600,200,0
WCIC.US,5,20131119,163500,17.9900,17.9900,17.9900,17.9900,100,0
WCIC.US,5,20131119,164000,18.0000,18.0000,17.9600,17.9600,400,0
WCIC.US,5,20131119,165000,18.0000,18.0000,17.9900,18.0000,300,0
WCIC.US,5,20131119,165500,17.9900,18.0000,17.9900,18.0000,400,0
WCIC.US,5,20131119,170000,18.0000,18.0000,18.0000,18.0000,100,0
WCIC.US,5,20131119,170500,18.1500,18.1500,18.1500,18.1500,100,0
WCIC.US,5,20131119,171000,18.1600,18.1600,18.1600,18.1600,100,0
WCIC.US,5,20131119,171500,18.1500,18.1500,18.1500,18.1500,100,0
WCIC.US,5,20131119,172000,18.2200,18.2200,18.0900,18.1000,3350,0
WCIC.US,5,20131119,175000,17.9800,18.0100,17.9800,18.0100,400,0
WCIC.US,5,20131119,180500,18.0000,18.0000,18.0000,18.0000,200,0
WCIC.US,5,20131119,181000,18.0200,18.0300,18.0200,18.0300,200,0
WCIC.US,5,20131119,182000,18.0300,18.0300,18.0300,18.0300,100,0
WCIC.US,5,20131119,182500,18.0300,18.0300,18.0300,18.0300,200,0
WCIC.US,5,20131119,183000,18.0700,18.0700,18.0600,18.0600,200,0
WCIC.US,5,20131119,185000,18.1200,18.1200,18.1200,18.1200,100,0
WCIC.US,5,20131119,185500,18.1300,18.1300,18.0900,18.0900,600,0
WCIC.US,5,20131119,190500,17.9900,17.9900,17.9600,17.9600,200,0
WCIC.US,5,20131119,191500,17.8800,17.8800,17.8300,17.8300,200,0
WCIC.US,5,20131119,192000,17.7200,17.7400,17.7200,17.7400,200,0
WCIC.US,5,20131119,192500,17.7600,17.7800,17.7600,17.7800,300,0
WCIC.US,5,20131119,193000,17.7800,17.7800,17.7800,17.7800,200,0
WCIC.US,5,20131119,195000,17.8900,17.8900,17.8800,17.8800,200,0
WCIC.US,5,20131119,200000,17.8800,17.8800,17.8800,17.8800,100,0
WCIC.US,5,20131119,200500,17.8800,17.8900,17.8800,17.8800,531,0
WCIC.US,5,20131119,201000,17.8600,17.8600,17.6700,17.6700,500,0
WCIC.US,5,20131119,201500,17.5500,17.5500,17.5500,17.5500,100,0
WCIC.US,5,20131119,203000,17.5100,17.5100,17.5100,17.5100,100,0
WCIC.US,5,20131119,204000,17.6300,17.6300,17.6300,17.6300,100,0
WCIC.US,5,20131119,204500,17.6300,17.6300,17.6300,17.6300,200,0
WCIC.US,5,20131119,205000,17.6200,17.7200,17.6200,17.7200,300,0
WCIC.US,5,20131119,205500,17.7200,17.7200,17.7200,17.7200,300,0
WCIC.US,5,20131119,210000,17.6200,17.6200,17.6200,17.6200,100,0
WCIC.US,5,20131119,211000,17.6000,17.6000,17.6000,17.6000,200,0
WCIC.US,5,20131119,211500,17.5400,17.6500,17.5400,17.6500,1100,0
WCIC.US,5,20131119,212000,17.6200,17.6200,17.6200,17.6200,100,0
WCIC.US,5,20131119,212500,17.6100,17.6100,17.6100,17.6100,100,0
WCIC.US,5,20131119,213000,17.5200,17.6100,17.5200,17.6100,200,0
WCIC.US,5,20131119,213500,17.5700,17.5800,17.5500,17.5800,400,0
WCIC.US,5,20131119,214500,17.6500,17.6900,17.6200,17.6200,600,0
WCIC.US,5,20131119,215000,17.5900,17.5900,17.5900,17.5900,100,0
WCIC.US,5,20131119,215500,17.6200,17.6200,17.5800,17.6000,300,0
WCIC.US,5,20131119,220000,17.5900,17.7200,17.5900,17.7200,1100,0
WCIC.US,5,20131119,220500,17.6700,17.6700,17.6700,17.6700,1255,0
WCIC.US,5,20131120,153500,17.9000,17.9500,17.4900,17.8800,1600,0
WCIC.US,5,20131120,154000,17.8000,17.8000,17.8000,17.8000,200,0
WCIC.US,5,20131120,154500,17.7400,17.7900,17.7200,17.7800,9000,0
WCIC.US,5,20131120,155000,17.9000,17.9000,17.7600,17.7600,900,0
WCIC.US,5,20131120,155500,17.8900,17.9000,17.7900,17.8200,2800,0
WCIC.US,5,20131120,160000,17.9000,17.9100,17.7900,17.9100,2100,0
WCIC.US,5,20131120,160500,17.9200,18.0200,17.8000,17.8200,3600,0
WCIC.US,5,20131120,161000,17.9100,17.9200,17.8200,17.8200,3000,0
WCIC.US,5,20131120,161500,17.9200,18.0100,17.8600,17.8600,1100,0
WCIC.US,5,20131120,162000,17.9300,17.9300,17.9000,17.9200,400,0
WCIC.US,5,20131120,162500,17.9100,18.0900,17.9000,17.9700,1100,0
WCIC.US,5,20131120,163000,18.2000,18.2000,18.0100,18.1800,500,0
WCIC.US,5,20131120,163500,18.0900,18.0900,18.0800,18.0800,200,0
WCIC.US,5,20131120,164000,18.0600,18.0600,18.0000,18.0000,200,0
WCIC.US,5,20131120,164500,18.0400,18.0500,18.0400,18.0500,200,0
WCIC.US,5,20131120,165000,18.0200,18.0300,18.0200,18.0300,200,0
WCIC.US,5,20131120,165500,18.0000,18.0000,18.0000,18.0000,390,0
WCIC.US,5,20131120,170000,17.9700,17.9700,17.8800,17.9700,400,0
WCIC.US,5,20131120,170500,17.9400,17.9400,17.8600,17.8600,200,0
WCIC.US,5,20131120,172000,17.9800,17.9800,17.9800,17.9800,100,0
WCIC.US,5,20131120,172500,17.8600,17.8600,17.8600,17.8600,100,0
WCIC.US,5,20131120,173000,17.8700,17.8700,17.8700,17.8700,100,0
WCIC.US,5,20131120,173500,17.9200,17.9800,17.9200,17.9800,200,0
WCIC.US,5,20131120,174000,17.9800,18.0400,17.9800,18.0400,800,0
WCIC.US,5,20131120,174500,18.1400,18.4900,18.0100,18.3700,4600,0
WCIC.US,5,20131120,175000,18.4500,18.4800,18.3200,18.3700,4200,0
WCIC.US,5,20131120,180000,18.2500,18.2500,18.2500,18.2500,200,0
WCIC.US,5,20131120,181000,18.3700,18.3700,18.3700,18.3700,200,0
WCIC.US,5,20131120,181500,18.4300,18.5000,18.3800,18.3800,500,0
WCIC.US,5,20131120,182500,18.4000,18.4200,18.4000,18.4200,300,0
WCIC.US,5,20131120,183000,18.3900,18.3900,18.3900,18.3900,200,0
WCIC.US,5,20131120,183500,18.3700,18.3700,18.3700,18.3700,100,0
WCIC.US,5,20131120,184000,18.2600,18.2600,18.0500,18.0500,1000,0
WCIC.US,5,20131120,184500,18.1500,18.1500,18.1500,18.1500,100,0
WCIC.US,5,20131120,185000,18.1200,18.1200,18.1200,18.1200,100,0
WCIC.US,5,20131120,190000,18.0600,18.1500,18.0500,18.1500,600,0
WCIC.US,5,20131120,190500,18.1600,18.1600,18.0300,18.0300,200,0
WCIC.US,5,20131120,191500,18.0400,18.0600,18.0400,18.0600,200,0
WCIC.US,5,20131120,192000,18.1500,18.1500,18.1500,18.1500,100,0
WCIC.US,5,20131120,192500,18.1100,18.1100,18.1100,18.1100,100,0
WCIC.US,5,20131120,193000,18.0500,18.1500,18.0500,18.1500,200,0
WCIC.US,5,20131120,193500,18.0700,18.0700,18.0400,18.0400,600,0
WCIC.US,5,20131120,194000,18.1100,18.1400,17.9700,17.9700,7700,0
WCIC.US,5,20131120,194500,18.0100,18.0100,17.9500,18.0100,2300,0
WCIC.US,5,20131120,195000,18.0500,18.1500,18.0100,18.0500,800,0
WCIC.US,5,20131120,195500,18.0900,18.0900,18.0900,18.0900,100,0
WCIC.US,5,20131120,200000,18.0900,18.0900,18.0900,18.0900,100,0
WCIC.US,5,20131120,200500,18.0700,18.0700,18.0700,18.0700,100,0
WCIC.US,5,20131120,201000,18.1000,18.2300,18.0800,18.0900,3900,0
WCIC.US,5,20131120,201500,18.1700,18.1700,18.1600,18.1600,200,0
WCIC.US,5,20131120,202000,18.1600,18.2300,18.1600,18.2300,300,0
WCIC.US,5,20131120,202500,18.2200,18.4200,18.1800,18.4200,3200,0
WCIC.US,5,20131120,203000,18.4100,18.5600,18.4100,18.5600,500,0
WCIC.US,5,20131120,203500,18.5000,18.5000,18.5000,18.5000,100,0
WCIC.US,5,20131120,204000,18.5000,18.5000,18.4500,18.4500,200,0
WCIC.US,5,20131120,204500,18.4000,18.4100,18.3300,18.3300,700,0
WCIC.US,5,20131120,205000,18.3600,18.3600,18.3600,18.3600,100,0
WCIC.US,5,20131120,205500,18.2600,18.2600,18.2600,18.2600,100,0
WCIC.US,5,20131120,210000,18.2600,18.2600,18.2600,18.2600,200,0
WCIC.US,5,20131120,210500,18.2000,18.2000,18.2000,18.2000,200,0
WCIC.US,5,20131120,211000,18.1900,18.1900,18.0500,18.1200,1800,0
WCIC.US,5,20131120,211500,18.1200,18.1900,18.0300,18.1500,2300,0
WCIC.US,5,20131120,212000,18.1500,18.3300,18.1200,18.3300,2300,0
WCIC.US,5,20131120,213000,18.2100,18.2100,18.2100,18.2100,400,0
WCIC.US,5,20131120,214000,18.2100,18.2500,18.2100,18.2100,1200,0
WCIC.US,5,20131120,214500,18.2200,18.2600,18.2200,18.2600,200,0
WCIC.US,5,20131120,215000,18.2600,18.4700,18.2100,18.4200,700,0
WCIC.US,5,20131120,215500,18.4200,18.4200,18.3300,18.3900,1100,0
WCIC.US,5,20131120,220000,18.3900,18.4300,18.3900,18.3900,1200,0
WCIC.US,5,20131120,220500,18.3700,18.3700,18.3700,18.3700,6316,0
WCIC.US,5,20131121,160000,18.3400,18.3400,18.2200,18.2700,1860,0
WCIC.US,5,20131121,160500,18.2300,18.2300,18.2300,18.2300,1234,0
WCIC.US,5,20131121,162500,18.3600,18.3600,18.3600,18.3600,100,0
WCIC.US,5,20131121,163500,18.3700,18.3700,18.3600,18.3600,300,0
WCIC.US,5,20131121,164000,18.4200,18.5000,18.4200,18.4200,1638,0
WCIC.US,5,20131121,164500,18.4500,18.4600,18.3500,18.3500,3599,0
WCIC.US,5,20131121,170000,18.5100,18.5200,18.4300,18.4300,3005,0
WCIC.US,5,20131121,170500,18.4300,18.4300,18.4300,18.4300,200,0
WCIC.US,5,20131121,172000,18.5000,18.5000,18.5000,18.5000,100,0
WCIC.US,5,20131121,172500,18.4500,18.5000,18.4500,18.5000,650,0
WCIC.US,5,20131121,173000,18.5000,18.5000,18.4000,18.4200,1500,0
WCIC.US,5,20131121,173500,18.4000,18.4200,18.2500,18.2500,2301,0
WCIC.US,5,20131121,174000,18.2500,18.2500,18.2500,18.2500,100,0
WCIC.US,5,20131121,174500,18.1400,18.2000,18.1400,18.2000,200,0
WCIC.US,5,20131121,175000,18.1200,18.1200,18.1200,18.1200,100,0
WCIC.US,5,20131121,175500,18.0200,18.0200,17.9500,18.0100,2000,0
WCIC.US,5,20131121,181000,17.8400,17.8400,17.8400,17.8400,100,0
WCIC.US,5,20131121,181500,17.9100,17.9100,17.9100,17.9100,100,0
WCIC.US,5,20131121,182500,17.9600,17.9600,17.9600,17.9600,1960,0
WCIC.US,5,20131121,183000,17.9600,17.9600,17.9600,17.9600,100,0
WCIC.US,5,20131121,185500,17.9500,17.9500,17.8900,17.8900,1171,0
WCIC.US,5,20131121,190000,17.9600,17.9600,17.9600,17.9600,100,0
WCIC.US,5,20131121,193500,17.9600,17.9600,17.9600,17.9600,1551,0
WCIC.US,5,20131121,194000,17.9600,17.9600,17.9600,17.9600,100,0
WCIC.US,5,20131121,194500,17.9600,17.9600,17.9600,17.9600,400,0
WCIC.US,5,20131121,200500,17.9700,17.9700,17.9700,17.9700,100,0
WCIC.US,5,20131121,201000,18.0100,18.0100,17.9900,17.9900,1499,0
WCIC.US,5,20131121,201500,18.0100,18.0100,17.9700,17.9700,300,0
WCIC.US,5,20131121,202000,18.0100,18.0100,18.0000,18.0100,2005,0
WCIC.US,5,20131121,202500,18.0100,18.0100,18.0100,18.0100,400,0
WCIC.US,5,20131121,203500,17.9800,18.0400,17.9400,17.9400,1400,0
WCIC.US,5,20131121,204500,17.9800,17.9800,17.8500,17.8500,907,0
WCIC.US,5,20131121,205000,17.9300,17.9300,17.9000,17.9300,2280,0
WCIC.US,5,20131121,210000,17.9300,17.9300,17.9300,17.9300,100,0
WCIC.US,5,20131121,210500,17.9300,17.9300,17.9100,17.9100,3295,0
WCIC.US,5,20131121,211000,17.9300,17.9300,17.9300,17.9300,800,0
WCIC.US,5,20131121,211500,17.9200,17.9200,17.9200,17.9200,200,0
WCIC.US,5,20131121,212000,17.9300,18.0000,17.8400,17.8400,5227,0
WCIC.US,5,20131121,213000,17.8800,18.3000,17.8700,18.1700,3841,0
WCIC.US,5,20131121,213500,18.1300,18.1300,18.0400,18.0400,2500,0
WCIC.US,5,20131121,214500,18.1000,18.1000,18.1000,18.1000,800,0
WCIC.US,5,20131121,215500,18.3500,18.3500,18.3500,18.3500,100,0
WCIC.US,5,20131121,220000,18.3400,18.4100,18.2900,18.2900,1600,0
WCIC.US,5,20131121,220500,18.4100,18.4100,18.4100,18.4100,2799,0
WCIC.US,5,20131122,153500,18.2700,18.3500,18.2700,18.3300,1400,0
WCIC.US,5,20131122,154000,18.4800,18.4800,18.3300,18.3300,200,0
WCIC.US,5,20131122,155000,18.2800,18.4700,18.2500,18.2700,4900,0
WCIC.US,5,20131122,155500,18.2900,18.4500,18.2500,18.4200,2100,0
WCIC.US,5,20131122,160500,18.4100,18.4100,18.3000,18.3000,8568,0
WCIC.US,5,20131122,161000,18.2800,18.3000,18.2700,18.2700,700,0
WCIC.US,5,20131122,162000,18.4800,18.4800,18.2800,18.2800,400,0
WCIC.US,5,20131122,162500,18.1700,18.4100,18.1700,18.4100,700,0
WCIC.US,5,20131122,163500,18.4300,18.4300,18.3600,18.3600,200,0
WCIC.US,5,20131122,164000,18.2700,18.2700,18.2500,18.2500,200,0
WCIC.US,5,20131122,164500,18.1800,18.1800,18.1800,18.1800,200,0
WCIC.US,5,20131122,170000,18.3500,18.3500,18.1800,18.1800,300,0
WCIC.US,5,20131122,170500,18.2000,18.2000,18.1000,18.1000,500,0
WCIC.US,5,20131122,173000,18.4800,18.4800,18.4800,18.4800,100,0
WCIC.US,5,20131122,174000,18.3000,18.3000,18.2800,18.2900,2254,0
WCIC.US,5,20131122,175000,18.4000,18.4000,18.4000,18.4000,1200,0
WCIC.US,5,20131122,175500,18.4000,18.4000,18.4000,18.4000,3800,0
WCIC.US,5,20131122,180000,18.3500,18.3500,18.3500,18.3500,100,0
WCIC.US,5,20131122,180500,18.4900,18.4900,18.4900,18.4900,100,0
WCIC.US,5,20131122,181000,18.3600,18.3600,18.3600,18.3600,100,0
WCIC.US,5,20131122,181500,18.4800,18.4800,18.4800,18.4800,100,0
WCIC.US,5,20131122,182000,18.4900,18.4900,18.4900,18.4900,100,0
WCIC.US,5,20131122,182500,18.5000,18.5000,18.5000,18.5000,100,0
WCIC.US,5,20131122,183500,18.4000,18.4000,18.4000,18.4000,100,0
WCIC.US,5,20131122,184000,18.3700,18.3700,18.3700,18.3700,100,0
WCIC.US,5,20131122,185000,18.4900,18.4900,18.4900,18.4900,100,0
WCIC.US,5,20131122,191000,18.3900,18.3900,18.3900,18.3900,100,0
WCIC.US,5,20131122,193500,18.4200,18.4900,18.4200,18.4900,200,0
WCIC.US,5,20131122,194500,18.5000,18.5000,18.5000,18.5000,200,0
WCIC.US,5,20131122,195500,18.4400,18.4500,18.4400,18.4500,1100,0
WCIC.US,5,20131122,200500,18.4700,18.4700,18.4700,18.4700,100,0
WCIC.US,5,20131122,201000,18.4700,18.4700,18.4700,18.4700,9300,0
WCIC.US,5,20131122,201500,18.5000,18.5000,18.4400,18.4400,300,0
WCIC.US,5,20131122,202000,18.5000,18.5000,18.5000,18.5000,100,0
WCIC.US,5,20131122,202500,18.5000,18.5000,18.4500,18.4500,200,0
WCIC.US,5,20131122,203000,18.4500,18.5000,18.4500,18.5000,700,0
WCIC.US,5,20131122,204000,18.5000,18.5000,18.4800,18.5000,1363,0
WCIC.US,5,20131122,205000,18.5000,18.5000,18.5000,18.5000,100,0
WCIC.US,5,20131122,211000,18.5000,18.5200,18.4800,18.5200,78000,0
WCIC.US,5,20131122,211500,18.5500,18.5500,18.4800,18.4800,1200,0
WCIC.US,5,20131122,212000,18.4800,18.4800,18.4800,18.4800,638,0
WCIC.US,5,20131122,213000,18.3800,18.5200,18.3800,18.5000,1700,0
WCIC.US,5,20131122,213500,18.4800,18.4900,18.4000,18.4600,3300,0
WCIC.US,5,20131122,214000,18.4900,18.4900,18.4800,18.4800,500,0
WCIC.US,5,20131122,214500,18.4300,18.4300,18.4300,18.4300,100,0
WCIC.US,5,20131122,215000,18.5000,18.5000,18.5000,18.5000,200,0
WCIC.US,5,20131122,215500,18.4500,18.5200,18.4500,18.5000,5643,0
WCIC.US,5,20131122,220000,18.5000,18.5400,18.5000,18.5000,600,0
WCIC.US,5,20131122,221000,18.5400,18.5400,18.5400,18.5400,1705,0
WCIC.US,5,20131125,153500,18.7000,18.7000,18.7000,18.7000,100,0
WCIC.US,5,20131125,154000,18.7500,18.7500,18.7500,18.7500,1000,0
WCIC.US,5,20131125,154500,18.5300,18.5300,18.5300,18.5300,72500,0
WCIC.US,5,20131125,155000,18.7000,18.7500,18.7000,18.7500,200,0
WCIC.US,5,20131125,155500,18.7300,18.7500,18.7300,18.7500,800,0
WCIC.US,5,20131125,160000,18.7400,19.0900,18.7400,19.0900,3293,0
WCIC.US,5,20131125,161000,19.1500,19.4400,19.1500,19.4400,1036,0
WCIC.US,5,20131125,161500,19.5500,19.5500,19.5400,19.5400,200,0
WCIC.US,5,20131125,162000,19.5600,19.5600,19.3500,19.3500,3100,0
WCIC.US,5,20131125,162500,19.3600,19.4100,19.3500,19.3600,3200,0
WCIC.US,5,20131125,163000,19.3800,19.4900,19.3800,19.4000,500,0
WCIC.US,5,20131125,163500,19.5000,19.5400,19.4800,19.4800,1900,0
WCIC.US,5,20131125,164000,19.5400,19.5400,19.5400,19.5400,200,0
WCIC.US,5,20131125,165000,19.4900,19.5500,19.4900,19.5500,200,0
WCIC.US,5,20131125,165500,19.5700,19.5800,19.5700,19.5800,200,0
WCIC.US,5,20131125,170000,19.6200,19.6200,19.4800,19.4800,500,0
WCIC.US,5,20131125,171000,19.6300,19.7500,19.6300,19.7500,2800,0
WCIC.US,5,20131125,172000,19.7500,19.7600,19.7300,19.7600,300,0
WCIC.US,5,20131125,172500,19.7800,19.7800,19.7100,19.7100,400,0
WCIC.US,5,20131125,173000,19.7200,19.8000,19.6500,19.6500,1432,0
WCIC.US,5,20131125,173500,19.6300,19.6800,19.5900,19.6800,600,0
WCIC.US,5,20131125,174000,19.6500,19.6500,19.6100,19.6100,400,0
WCIC.US,5,20131125,175000,19.6400,19.6400,19.6400,19.6400,300,0
WCIC.US,5,20131125,180000,19.7100,19.7100,19.3200,19.3500,4000,0
WCIC.US,5,20131125,181000,19.4000,19.4000,19.4000,19.4000,100,0
WCIC.US,5,20131125,182000,19.4300,19.4300,19.4300,19.4300,200,0
WCIC.US,5,20131125,182500,19.4500,19.5000,19.4500,19.5000,780,0
WCIC.US,5,20131125,183000,19.5500,19.5500,19.5400,19.5500,600,0
WCIC.US,5,20131125,183500,19.5300,19.5900,19.5300,19.5800,900,0
WCIC.US,5,20131125,184500,19.5300,19.5300,19.4500,19.5000,1558,0
WCIC.US,5,20131125,185000,19.5000,19.5000,19.5000,19.5000,200,0
WCIC.US,5,20131125,185500,19.5000,19.5000,19.4500,19.4500,600,0
WCIC.US,5,20131125,190000,19.4600,19.4900,19.4600,19.4900,500,0
WCIC.US,5,20131125,191000,19.4800,19.4800,19.4800,19.4800,100,0
WCIC.US,5,20131125,191500,19.4800,19.4800,19.4200,19.4200,785,0
WCIC.US,5,20131125,192000,19.4500,19.4900,19.4500,19.4900,300,0
WCIC.US,5,20131125,192500,19.4900,19.4900,19.4900,19.4900,100,0
WCIC.US,5,20131125,193000,19.4800,19.4800,19.4700,19.4800,400,0
WCIC.US,5,20131125,193500,19.4300,19.4300,19.4300,19.4300,100,0
WCIC.US,5,20131125,194000,19.4500,19.4500,19.4500,19.4500,100,0
WCIC.US,5,20131125,195500,19.4800,19.5000,19.4800,19.5000,1100,0
WCIC.US,5,20131125,200000,19.4800,19.4800,19.4500,19.4500,400,0
WCIC.US,5,20131125,202000,19.4700,19.4700,19.4700,19.4700,100,0
WCIC.US,5,20131125,202500,19.4900,19.4900,19.4900,19.4900,100,0
WCIC.US,5,20131125,203500,19.5000,19.5000,19.4600,19.4600,1483,0
WCIC.US,5,20131125,204500,19.4100,19.4100,19.4100,19.4100,200,0
WCIC.US,5,20131125,205000,19.4700,19.4700,19.4700,19.4700,100,0
WCIC.US,5,20131125,205500,19.4800,19.4800,19.4800,19.4800,200,0
WCIC.US,5,20131125,210000,19.4800,19.5000,19.4800,19.4900,400,0
WCIC.US,5,20131125,211000,19.4900,19.4900,19.3500,19.3500,200,0
WCIC.US,5,20131125,211500,19.4200,19.4200,19.4200,19.4200,100,0
WCIC.US,5,20131125,212500,19.4400,19.4400,19.4400,19.4400,100,0
WCIC.US,5,20131125,213500,19.4800,19.5000,19.3800,19.3800,5200,0
WCIC.US,5,20131125,214000,19.5000,19.5000,19.5000,19.5000,200,0
WCIC.US,5,20131125,214500,19.5000,19.5900,19.5000,19.5100,2100,0
WCIC.US,5,20131125,215000,19.5800,19.5800,19.4900,19.5300,864,0
WCIC.US,5,20131125,215500,19.4800,19.4800,19.2900,19.2900,500,0
WCIC.US,5,20131125,220000,19.2900,19.4900,19.2900,19.4900,1272,0
WCIC.US,5,20131125,220500,19.4900,19.4900,19.4900,19.4900,1961,0
WCIC.US,5,20131126,153500,19.5300,19.5300,19.5100,19.5300,1000,0
WCIC.US,5,20131126,154000,19.5700,19.5700,19.5700,19.5700,200,0
WCIC.US,5,20131126,155500,19.5800,19.5800,19.5800,19.5800,200,0
WCIC.US,5,20131126,160000,19.5500,19.5500,19.5000,19.5000,1000,0
WCIC.US,5,20131126,160500,19.5000,19.5000,19.5000,19.5000,600,0
WCIC.US,5,20131126,161000,19.5000,19.5000,19.5000,19.5000,1000,0
WCIC.US,5,20131126,161500,19.5000,19.5000,19.5000,19.5000,395,0
WCIC.US,5,20131126,162000,19.5000,19.5000,19.4900,19.5000,800,0
WCIC.US,5,20131126,163000,19.5000,19.5000,19.5000,19.5000,500,0
WCIC.US,5,20131126,163500,19.5000,19.5500,19.5000,19.5100,1500,0
WCIC.US,5,20131126,164000,19.5200,19.5200,19.5200,19.5200,100,0
WCIC.US,5,20131126,164500,19.6100,19.7100,19.6100,19.6300,1175,0
WCIC.US,5,20131126,165000,19.6500,19.7900,19.5800,19.5800,2425,0
WCIC.US,5,20131126,165500,19.6000,19.6000,19.6000,19.6000,100,0
WCIC.US,5,20131126,170000,19.6700,19.6700,19.6000,19.6000,2000,0
WCIC.US,5,20131126,171500,19.5000,19.7800,19.5000,19.7100,14600,0
WCIC.US,5,20131126,172000,19.8000,19.8000,19.7700,19.7800,300,0
WCIC.US,5,20131126,172500,19.6300,19.6300,19.6300,19.6300,100,0
WCIC.US,5,20131126,173500,19.5300,19.5300,19.5300,19.5300,100,0
WCIC.US,5,20131126,174000,19.4700,19.4700,19.4700,19.4700,100,0
WCIC.US,5,20131126,175500,19.6100,19.6100,19.5500,19.5500,200,0
WCIC.US,5,20131126,181000,19.5500,19.5500,19.4100,19.4100,287,0
WCIC.US,5,20131126,182500,19.6500,19.6500,19.5300,19.5300,2100,0
WCIC.US,5,20131126,184000,19.4800,19.4800,19.4800,19.4800,200,0
WCIC.US,5,20131126,185500,19.6500,19.6600,19.6500,19.6600,557,0
WCIC.US,5,20131126,190000,19.6800,19.7000,19.6600,19.6600,1100,0
WCIC.US,5,20131126,191000,19.7500,19.7500,19.7500,19.7500,100,0
WCIC.US,5,20131126,193500,19.7500,19.8500,19.7500,19.8000,500,0
WCIC.US,5,20131126,194500,19.8000,19.8000,19.8000,19.8000,100,0
WCIC.US,5,20131126,195000,19.7900,19.8300,19.7900,19.8300,800,0
WCIC.US,5,20131126,195500,19.8300,19.8300,19.8200,19.8300,300,0
WCIC.US,5,20131126,201000,19.8400,19.8800,19.8300,19.8600,800,0
WCIC.US,5,20131126,201500,19.8500,19.8500,19.8500,19.8500,400,0
WCIC.US,5,20131126,202000,19.7800,19.7800,19.7100,19.7100,300,0
WCIC.US,5,20131126,202500,19.6300,19.6300,19.6300,19.6300,100,0
WCIC.US,5,20131126,204500,19.5100,19.5900,19.5100,19.5300,800,0
WCIC.US,5,20131126,210000,19.6100,19.6600,19.5900,19.6600,400,0
WCIC.US,5,20131126,210500,19.5400,19.5400,19.5400,19.5400,100,0
WCIC.US,5,20131126,211500,19.5000,19.5000,19.5000,19.5000,100,0
WCIC.US,5,20131126,212000,19.4900,19.4900,19.4900,19.4900,100,0
WCIC.US,5,20131126,213000,19.7000,19.7100,19.6400,19.7000,1840,0
WCIC.US,5,20131126,213500,19.7100,19.7100,19.6500,19.6900,2000,0
WCIC.US,5,20131126,214000,19.6900,19.6900,19.6600,19.6600,700,0
WCIC.US,5,20131126,214500,19.6800,19.6800,19.6000,19.6000,400,0
WCIC.US,5,20131126,215000,19.6100,19.6100,19.5800,19.6100,600,0
WCIC.US,5,20131126,215500,19.6200,19.6200,19.5000,19.5100,400,0
WCIC.US,5,20131126,220000,19.5400,19.7400,19.4000,19.4900,2773,0
WCIC.US,5,20131126,221000,19.5000,19.5000,19.5000,19.5000,15048,0
WCIC.US,5,20131127,153500,19.5700,19.5700,19.5700,19.5700,201,0
WCIC.US,5,20131127,160500,19.4500,19.4500,19.4500,19.4500,100,0
WCIC.US,5,20131127,162000,19.3900,19.3900,19.3900,19.3900,100,0
WCIC.US,5,20131127,162500,19.7500,19.7500,19.7500,19.7500,200,0
WCIC.US,5,20131127,163500,19.6700,19.6700,19.6000,19.6000,900,0
WCIC.US,5,20131127,164500,19.5000,19.5000,19.5000,19.5000,100,0
WCIC.US,5,20131127,170000,19.4100,19.4100,19.4100,19.4100,100,0
WCIC.US,5,20131127,170500,19.5900,19.5900,19.4800,19.4800,200,0
WCIC.US,5,20131127,171000,19.3800,19.3800,19.2600,19.2600,200,0
WCIC.US,5,20131127,171500,19.2800,19.2800,19.2800,19.2800,100,0
WCIC.US,5,20131127,172000,19.2800,19.3500,19.2800,19.3400,1600,0
WCIC.US,5,20131127,172500,19.2900,19.5100,19.2900,19.5100,400,0
WCIC.US,5,20131127,173500,19.4400,19.6100,19.4200,19.5500,1300,0
WCIC.US,5,20131127,174000,19.5500,19.7300,19.5500,19.7200,1000,0
WCIC.US,5,20131127,174500,19.6800,19.7500,19.6800,19.7400,2100,0
WCIC.US,5,20131127,175000,19.7200,19.7200,19.7200,19.7200,100,0
WCIC.US,5,20131127,180000,19.7500,19.7500,19.7500,19.7500,200,0
WCIC.US,5,20131127,180500,19.6400,19.6400,19.6400,19.6400,200,0
WCIC.US,5,20131127,181000,19.6100,19.6100,19.4300,19.4300,700,0
WCIC.US,5,20131127,181500,19.4400,19.5000,19.4400,19.5000,200,0
WCIC.US,5,20131127,182000,19.4900,19.4900,19.4900,19.4900,100,0
WCIC.US,5,20131127,182500,19.6200,19.6600,19.5800,19.5800,400,0
WCIC.US,5,20131127,183000,19.7000,19.7000,19.6900,19.6900,200,0
WCIC.US,5,20131127,183500,19.7000,19.7000,19.7000,19.7000,100,0
WCIC.US,5,20131127,184000,19.6800,19.6800,19.6800,19.6800,100,0
WCIC.US,5,20131127,184500,19.7500,19.8100,19.7500,19.8100,596,0
WCIC.US,5,20131127,185000,19.7900,19.8200,19.6900,19.6900,1000,0
WCIC.US,5,20131127,185500,19.6200,19.6200,19.6200,19.6200,200,0
WCIC.US,5,20131127,190000,19.6200,19.6200,19.6200,19.6200,100,0
WCIC.US,5,20131127,190500,19.6500,19.6500,19.4300,19.5000,1400,0
WCIC.US,5,20131127,191000,19.5400,19.6500,19.5400,19.6500,300,0
WCIC.US,5,20131127,191500,19.5700,19.5700,19.5700,19.5700,200,0
WCIC.US,5,20131127,192500,19.5700,19.6600,19.5600,19.5800,400,0
WCIC.US,5,20131127,193000,19.4800,19.5800,19.4800,19.5800,200,0
WCIC.US,5,20131127,193500,19.5900,19.5900,19.5600,19.5600,300,0
WCIC.US,5,20131127,194000,19.4800,19.4800,19.4300,19.4300,200,0
WCIC.US,5,20131127,194500,19.6200,19.6200,19.4500,19.5100,300,0
WCIC.US,5,20131127,195000,19.4600,19.5500,19.4400,19.4900,1400,0
WCIC.US,5,20131127,195500,19.4700,19.4800,19.4700,19.4800,200,0
WCIC.US,5,20131127,200000,19.4200,19.4200,19.4200,19.4200,100,0
WCIC.US,5,20131127,200500,19.4100,19.5100,19.4100,19.5100,200,0
WCIC.US,5,20131127,201000,19.4200,19.4200,19.3900,19.3900,200,0
WCIC.US,5,20131127,201500,19.4400,19.4500,19.4400,19.4500,200,0
WCIC.US,5,20131127,202000,19.4500,19.6600,19.4500,19.6600,400,0
WCIC.US,5,20131127,202500,19.5500,19.5500,19.4800,19.4800,200,0
WCIC.US,5,20131127,203000,19.3900,19.3900,19.3900,19.3900,100,0
WCIC.US,5,20131127,203500,19.3800,19.4700,19.3800,19.4300,1100,0
WCIC.US,5,20131127,204000,19.4200,19.4300,19.4200,19.4300,200,0
WCIC.US,5,20131127,204500,19.4300,19.4300,19.3700,19.3700,200,0
WCIC.US,5,20131127,205000,19.2800,19.3100,19.2800,19.3100,200,0
WCIC.US,5,20131127,205500,19.2400,19.2500,19.2400,19.2500,300,0
WCIC.US,5,20131127,210000,19.3900,19.4100,19.2800,19.2900,500,0
WCIC.US,5,20131127,210500,19.3200,19.4200,19.2500,19.4200,1300,0
WCIC.US,5,20131127,211000,19.4700,19.5500,19.4700,19.5400,400,0
WCIC.US,5,20131127,211500,19.5500,19.6800,19.5200,19.5200,600,0
WCIC.US,5,20131127,212000,19.5500,19.7400,19.5500,19.7400,400,0
WCIC.US,5,20131127,212500,19.6300,19.6400,19.5200,19.5200,700,0
WCIC.US,5,20131127,213000,19.5300,19.5400,19.3500,19.3500,1300,0
WCIC.US,5,20131127,213500,19.2600,19.3600,19.2200,19.2400,1300,0
WCIC.US,5,20131127,214000,19.2500,19.2600,19.0500,19.2100,1200,0
WCIC.US,5,20131127,214500,19.2000,19.2500,19.1700,19.2400,900,0
WCIC.US,5,20131127,215000,19.2400,19.2600,19.0200,19.1200,2400,0
WCIC.US,5,20131127,215500,19.0900,19.1800,19.0900,19.1800,2500,0
WCIC.US,5,20131127,220000,19.2500,19.3600,19.0100,19.2600,3002,0
WCIC.US,5,20131127,220500,19.1700,19.1700,19.1700,19.1700,7602,0
WCIC.US,5,20131129,162000,19.5900,19.5900,19.5900,19.5900,115,0
WCIC.US,5,20131129,171000,19.6400,19.6500,19.5800,19.6500,500,0
WCIC.US,5,20131129,171500,19.7000,19.7000,19.5300,19.5300,500,0
WCIC.US,5,20131129,172000,19.5100,19.5100,19.5100,19.5100,100,0
WCIC.US,5,20131129,172500,19.5200,19.5200,19.4600,19.4600,400,0
WCIC.US,5,20131129,175000,19.3200,19.3200,19.3200,19.3200,100,0
WCIC.US,5,20131129,175500,19.2100,19.2100,19.2100,19.2100,100,0
WCIC.US,5,20131129,180000,19.1700,19.1700,19.1700,19.1700,100,0
WCIC.US,5,20131129,180500,19.0300,19.3100,19.0300,19.3100,400,0
WCIC.US,5,20131129,181500,19.2800,19.2800,19.2800,19.2800,300,0
WCIC.US,5,20131129,182500,19.1800,19.1800,19.1800,19.1800,100,0
WCIC.US,5,20131129,183500,19.2800,19.4300,19.2800,19.4300,300,0
WCIC.US,5,20131129,184000,19.3100,19.3100,19.3100,19.3100,100,0
WCIC.US,5,20131129,184500,19.3000,19.3000,19.3000,19.3000,100,0
WCIC.US,5,20131129,185000,19.4200,19.4300,19.2800,19.2800,400,0
WCIC.US,5,20131129,185500,19.3100,19.3100,19.3100,19.3100,100,0
WCIC.US,5,20131129,190000,19.3100,19.4500,19.3100,19.3500,1300,0
WCIC.US,5,20131129,190500,19.4500,19.4500,19.4500,19.4500,5262,0
WCIC.US,5,20131202,153500,19.5600,19.5600,19.5600,19.5600,100,0
WCIC.US,5,20131202,155000,19.6000,19.6000,19.5500,19.5500,200,0
WCIC.US,5,20131202,160000,19.6400,19.8600,19.6400,19.6600,500,0
WCIC.US,5,20131202,160500,19.6800,19.6800,19.6400,19.6400,700,0
WCIC.US,5,20131202,161500,19.5400,19.5500,19.5400,19.5500,200,0
WCIC.US,5,20131202,162000,19.5400,19.5400,19.5100,19.5100,294,0
WCIC.US,5,20131202,162500,19.6700,19.6700,19.6700,19.6700,100,0
WCIC.US,5,20131202,164000,19.6600,19.6600,19.6600,19.6600,100,0
WCIC.US,5,20131202,165500,19.5600,19.5600,19.5600,19.5600,200,0
WCIC.US,5,20131202,170000,19.4700,19.4700,19.4700,19.4700,100,0
WCIC.US,5,20131202,171500,19.5100,19.5100,19.5100,19.5100,100,0
WCIC.US,5,20131202,173000,19.4500,19.4500,19.3200,19.4500,1700,0
WCIC.US,5,20131202,173500,19.3800,19.4500,19.3800,19.4500,500,0
WCIC.US,5,20131202,174000,19.3800,19.4500,19.2500,19.4500,1091,0
WCIC.US,5,20131202,175000,19.4500,19.4500,19.3700,19.3700,200,0
WCIC.US,5,20131202,175500,19.4700,19.4700,19.4700,19.4700,100,0
WCIC.US,5,20131202,180000,19.6200,19.6200,19.5300,19.5400,2900,0
WCIC.US,5,20131202,180500,19.6000,19.6000,19.5700,19.5700,300,0
WCIC.US,5,20131202,181000,19.5500,19.5500,19.5500,19.5500,100,0
WCIC.US,5,20131202,181500,19.4700,19.4700,19.3800,19.3800,400,0
WCIC.US,5,20131202,182000,19.4700,19.4700,19.4200,19.4200,200,0
WCIC.US,5,20131202,182500,19.3700,19.3700,19.3500,19.3600,300,0
WCIC.US,5,20131202,183000,19.3700,19.3700,19.3700,19.3700,100,0
WCIC.US,5,20131202,183500,19.3800,19.4200,19.3800,19.4200,200,0
WCIC.US,5,20131202,184000,19.4300,19.4500,19.4300,19.4500,200,0
WCIC.US,5,20131202,185000,19.5700,19.5700,19.5500,19.5500,200,0
WCIC.US,5,20131202,190500,19.5200,19.5200,19.5200,19.5200,100,0
WCIC.US,5,20131202,191000,19.5200,19.5800,19.4500,19.5800,600,0
WCIC.US,5,20131202,191500,19.5600,19.5600,19.5600,19.5600,200,0
WCIC.US,5,20131202,193000,19.5300,19.5700,19.5300,19.5700,300,0
WCIC.US,5,20131202,193500,19.5500,19.6000,19.5500,19.5800,600,0
WCIC.US,5,20131202,201500,19.5100,19.5100,19.5000,19.5000,400,0
WCIC.US,5,20131202,202000,19.4600,19.5100,19.4600,19.5100,200,0
WCIC.US,5,20131202,203000,19.5400,19.5400,19.5400,19.5400,100,0
WCIC.US,5,20131202,203500,19.5200,19.5200,19.5200,19.5200,100,0
WCIC.US,5,20131202,204500,19.4000,19.4000,19.3000,19.3000,800,0
WCIC.US,5,20131202,205500,19.3100,19.3100,19.3100,19.3100,100,0
WCIC.US,5,20131202,210500,19.3600,19.3900,19.3000,19.3900,800,0
WCIC.US,5,20131202,211000,19.4000,19.4000,19.4000,19.4000,200,0
WCIC.US,5,20131202,211500,19.4000,19.4000,19.3300,19.3400,300,0
WCIC.US,5,20131202,212000,19.4000,19.5200,19.4000,19.5200,1301,0
WCIC.US,5,20131202,212500,19.5700,19.5700,19.5700,19.5700,100,0
WCIC.US,5,20131202,213000,19.5800,19.5900,19.5700,19.5900,500,0
WCIC.US,5,20131202,214500,19.6700,19.6700,19.5700,19.5700,500,0
WCIC.US,5,20131202,215000,19.4400,19.4900,19.4200,19.4700,400,0
WCIC.US,5,20131202,215500,19.6200,19.6200,19.5200,19.5200,700,0
WCIC.US,5,20131202,220000,19.4700,19.6200,19.4500,19.4500,900,0
WCIC.US,5,20131202,220500,19.5500,19.5500,19.5500,19.5500,2218,0
WCIC.US,5,20131203,164000,19.5600,19.5600,19.4500,19.4500,500,0
WCIC.US,5,20131203,170000,19.4500,19.4500,19.4500,19.4500,100,0
WCIC.US,5,20131203,171500,19.5500,19.5500,19.5500,19.5500,100,0
WCIC.US,5,20131203,172000,19.5500,19.5500,19.5500,19.5500,100,0
WCIC.US,5,20131203,173000,19.3900,19.3900,19.3900,19.3900,400,0
WCIC.US,5,20131203,173500,19.3100,19.3100,19.3100,19.3100,300,0
WCIC.US,5,20131203,174500,19.2600,19.2600,19.2600,19.2600,100,0
WCIC.US,5,20131203,175500,19.2500,19.2500,19.2500,19.2500,200,0
WCIC.US,5,20131203,180000,19.3300,19.3300,19.2500,19.2900,700,0
WCIC.US,5,20131203,180500,19.3400,19.3400,19.3000,19.3000,400,0
WCIC.US,5,20131203,181000,19.3200,19.3200,19.3200,19.3200,100,0
WCIC.US,5,20131203,181500,19.3100,19.3200,19.3100,19.3200,600,0
WCIC.US,5,20131203,182000,19.2500,19.2800,19.2500,19.2500,800,0
WCIC.US,5,20131203,182500,19.2500,19.2500,19.2500,19.2500,200,0
WCIC.US,5,20131203,184500,19.2700,19.2700,19.2700,19.2700,300,0
WCIC.US,5,20131203,185500,19.2600,19.2600,19.2600,19.2600,100,0
WCIC.US,5,20131203,190000,19.3900,19.3900,19.3900,19.3900,400,0
WCIC.US,5,20131203,191500,19.3000,19.3000,19.3000,19.3000,100,0
WCIC.US,5,20131203,192500,19.2400,19.2400,19.2400,19.2400,100,0
WCIC.US,5,20131203,193000,19.2400,19.2400,19.2400,19.2400,100,0
WCIC.US,5,20131203,193500,19.1600,19.1600,19.1600,19.1600,100,0
WCIC.US,5,20131203,194000,19.0700,19.0700,19.0700,19.0700,500,0
WCIC.US,5,20131203,194500,19.1700,19.1700,19.0000,19.0000,200,0
WCIC.US,5,20131203,195500,19.0100,19.0100,18.9900,18.9900,900,0
WCIC.US,5,20131203,200500,18.8400,18.8400,18.8000,18.8000,350,0
WCIC.US,5,20131203,201000,18.8900,18.8900,18.8900,18.8900,100,0
WCIC.US,5,20131203,201500,18.8900,18.8900,18.8900,18.8900,500,0
WCIC.US,5,20131203,202000,18.9300,18.9300,18.9300,18.9300,100,0
WCIC.US,5,20131203,202500,18.7500,18.7500,18.7500,18.7500,400,0
WCIC.US,5,20131203,204500,18.8600,18.8600,18.7600,18.8100,1900,0
WCIC.US,5,20131203,205000,18.7900,18.9600,18.7900,18.9600,800,0
WCIC.US,5,20131203,205500,18.9500,18.9500,18.9500,18.9500,100,0
WCIC.US,5,20131203,211500,18.8600,18.8600,18.8600,18.8600,200,0
WCIC.US,5,20131203,212500,18.8500,18.8500,18.8500,18.8500,100,0
WCIC.US,5,20131203,213000,18.8400,18.8400,18.8400,18.8400,100,0
WCIC.US,5,20131203,213500,18.8500,18.8500,18.8500,18.8500,200,0
WCIC.US,5,20131203,214000,18.8500,18.8500,18.8500,18.8500,300,0
WCIC.US,5,20131203,214500,18.8500,18.8500,18.8500,18.8500,100,0
WCIC.US,5,20131203,215000,18.8500,19.0700,18.8500,19.0700,1209,0
WCIC.US,5,20131203,215500,19.1500,19.1500,18.9800,19.0700,400,0
WCIC.US,5,20131203,220000,19.0500,19.1600,19.0000,19.0000,918,0
WCIC.US,5,20131203,220500,18.9800,18.9800,18.9800,18.9800,3454,0
WCIC.US,5,20131204,154500,18.7900,19.0300,18.7800,19.0300,1600,0
WCIC.US,5,20131204,155500,18.9000,18.9000,18.9000,18.9000,200,0
WCIC.US,5,20131204,161000,19.0100,19.0100,19.0100,19.0100,200,0
WCIC.US,5,20131204,161500,19.0200,19.0200,19.0200,19.0200,100,0
WCIC.US,5,20131204,162000,19.0300,19.2300,18.9100,19.2300,1400,0
WCIC.US,5,20131204,163500,19.2700,19.2700,19.2300,19.2400,1354,0
WCIC.US,5,20131204,164000,19.2300,19.3800,19.2300,19.3800,400,0
WCIC.US,5,20131204,165500,19.4100,19.4600,19.4100,19.4600,200,0
WCIC.US,5,20131204,170500,19.5200,19.5200,19.5200,19.5200,200,0
WCIC.US,5,20131204,171000,19.5500,19.5500,19.5500,19.5500,100,0
WCIC.US,5,20131204,171500,19.5800,19.5800,19.5800,19.5800,100,0
WCIC.US,5,20131204,172000,19.5000,19.5500,19.4900,19.5500,600,0
WCIC.US,5,20131204,172500,19.4800,19.5200,19.4800,19.5200,200,0
WCIC.US,5,20131204,175000,19.4500,19.4600,19.4500,19.4600,400,0
WCIC.US,5,20131204,175500,19.3200,19.4800,19.3200,19.4800,500,0
WCIC.US,5,20131204,180500,19.4700,19.4700,19.4700,19.4700,100,0
WCIC.US,5,20131204,181000,19.3300,19.3300,19.3300,19.3300,100,0
WCIC.US,5,20131204,181500,19.4400,19.4400,19.4400,19.4400,100,0
WCIC.US,5,20131204,182000,19.2700,19.4100,19.2700,19.4100,700,0
WCIC.US,5,20131204,182500,19.3700,19.4000,19.3000,19.4000,400,0
WCIC.US,5,20131204,183000,19.4500,19.4500,19.4500,19.4500,200,0
WCIC.US,5,20131204,184000,19.4500,19.4500,19.4500,19.4500,100,0
WCIC.US,5,20131204,184500,19.4400,19.4400,19.4400,19.4400,100,0
WCIC.US,5,20131204,185000,19.3900,19.3900,19.3900,19.3900,100,0
WCIC.US,5,20131204,185500,19.3800,19.3800,19.3800,19.3800,300,0
WCIC.US,5,20131204,190000,19.3700,19.3700,19.3700,19.3700,100,0
WCIC.US,5,20131204,191000,19.2800,19.2800,19.2000,19.2000,200,0
WCIC.US,5,20131204,191500,19.2800,19.2800,19.2800,19.2800,100,0
WCIC.US,5,20131204,192500,19.1400,19.1400,19.1400,19.1400,100,0
WCIC.US,5,20131204,193500,19.0000,19.0000,18.9900,19.0000,500,0
WCIC.US,5,20131204,194000,18.9400,18.9400,18.9400,18.9400,100,0
WCIC.US,5,20131204,194500,18.9800,18.9800,18.9800,18.9800,100,0
WCIC.US,5,20131204,195000,19.0000,19.0000,19.0000,19.0000,200,0
WCIC.US,5,20131204,195500,18.8800,18.8800,18.8800,18.8800,100,0
WCIC.US,5,20131204,201000,18.9900,18.9900,18.9900,18.9900,100,0
WCIC.US,5,20131204,202000,19.1100,19.1100,19.1100,19.1100,100,0
WCIC.US,5,20131204,202500,19.1800,19.2000,19.1400,19.2000,500,0
WCIC.US,5,20131204,203000,19.2100,19.2800,19.2100,19.2800,200,0
WCIC.US,5,20131204,205000,19.1900,19.2000,19.1900,19.2000,600,0
WCIC.US,5,20131204,205500,19.1300,19.1300,19.1200,19.1200,300,0
WCIC.US,5,20131204,212000,19.0300,19.0300,19.0300,19.0300,100,0
WCIC.US,5,20131204,212500,19.1100,19.1100,19.1100,19.1100,100,0
WCIC.US,5,20131204,213000,19.1400,19.2600,19.1400,19.2600,300,0
WCIC.US,5,20131204,214000,19.2000,19.2000,19.2000,19.2000,400,0
WCIC.US,5,20131204,214500,19.2000,19.2000,19.2000,19.2000,200,0
WCIC.US,5,20131204,215500,19.1700,19.1700,19.1700,19.1700,100,0
WCIC.US,5,20131204,220000,19.0400,19.1100,19.0400,19.0500,1590,0
WCIC.US,5,20131204,221000,19.0300,19.0300,19.0300,19.0300,2129,0
WCIC.US,5,20131205,153500,19.4600,19.4600,19.4600,19.4600,100,0
WCIC.US,5,20131205,154000,19.3600,19.4000,19.3600,19.4000,200,0
WCIC.US,5,20131205,155500,19.4100,19.4100,19.4100,19.4100,129,0
WCIC.US,5,20131205,160500,19.2800,19.2800,19.2800,19.2800,200,0
WCIC.US,5,20131205,161500,19.4900,19.4900,19.4900,19.4900,100,0
WCIC.US,5,20131205,163000,19.5000,19.5000,19.5000,19.5000,250,0
WCIC.US,5,20131205,165500,19.5000,19.5000,19.4800,19.4800,200,0
WCIC.US,5,20131205,170000,19.5900,19.6400,19.5300,19.6400,300,0
WCIC.US,5,20131205,170500,19.6400,19.6400,19.6400,19.6400,100,0
WCIC.US,5,20131205,171000,19.7100,19.7100,19.7100,19.7100,100,0
WCIC.US,5,20131205,171500,19.6000,19.6000,19.5500,19.5500,200,0
WCIC.US,5,20131205,174000,19.4000,19.4000,19.4000,19.4000,100,0
WCIC.US,5,20131205,174500,19.3900,19.3900,19.3900,19.3900,100,0
WCIC.US,5,20131205,180000,19.5000,19.5000,19.4900,19.5000,2409,0
WCIC.US,5,20131205,180500,19.5700,19.5700,19.5700,19.5700,100,0
WCIC.US,5,20131205,181000,19.4700,19.4700,19.4700,19.4700,100,0
WCIC.US,5,20131205,181500,19.5600,19.5600,19.5600,19.5600,100,0
WCIC.US,5,20131205,182000,19.5700,19.5700,19.5700,19.5700,100,0
WCIC.US,5,20131205,184000,19.5700,19.5700,19.5000,19.5000,1000,0
WCIC.US,5,20131205,184500,19.5500,19.5500,19.5500,19.5500,100,0
WCIC.US,5,20131205,185500,19.4300,19.5500,19.2600,19.2600,2465,0
WCIC.US,5,20131205,191000,19.4100,19.4800,19.3800,19.4800,400,0
WCIC.US,5,20131205,192000,19.3400,19.3400,19.3300,19.3300,300,0
WCIC.US,5,20131205,193000,19.3800,19.3900,19.3800,19.3900,500,0
WCIC.US,5,20131205,193500,19.4000,19.4000,19.4000,19.4000,100,0
WCIC.US,5,20131205,194500,19.4800,19.4800,19.3200,19.3200,600,0
WCIC.US,5,20131205,195500,19.3100,19.3300,19.3100,19.3300,400,0
WCIC.US,5,20131205,200500,19.4200,19.4200,19.4200,19.4200,100,0
WCIC.US,5,20131205,201000,19.3900,19.3900,19.3900,19.3900,100,0
WCIC.US,5,20131205,202000,19.3900,19.3900,19.3900,19.3900,100,0
WCIC.US,5,20131205,202500,19.3900,19.3900,19.3900,19.3900,100,0
WCIC.US,5,20131205,203000,19.4000,19.4700,19.4000,19.4700,200,0
WCIC.US,5,20131205,205500,19.4500,19.4500,19.4200,19.4200,200,0
WCIC.US,5,20131205,211500,19.3800,19.3800,19.3800,19.3800,100,0
WCIC.US,5,20131205,212500,19.4700,19.4700,19.4700,19.4700,186,0
WCIC.US,5,20131205,213500,19.4600,19.4600,19.4600,19.4600,200,0
WCIC.US,5,20131205,214000,19.4700,19.4700,19.4700,19.4700,100,0
WCIC.US,5,20131205,214500,19.3900,19.4100,19.3900,19.4000,300,0
WCIC.US,5,20131205,215000,19.4200,19.4300,19.4200,19.4300,200,0
WCIC.US,5,20131205,215500,19.4900,19.4900,19.4900,19.4900,100,0
WCIC.US,5,20131205,220000,19.5600,19.5800,19.4400,19.5800,400,0
WCIC.US,5,20131205,221000,19.5000,19.5000,19.5000,19.5000,885,0
WCIC.US,5,20131206,153500,19.8900,19.8900,19.8900,19.8900,200,0
WCIC.US,5,20131206,154000,19.7500,19.7500,19.7500,19.7500,300,0
WCIC.US,5,20131206,154500,19.7600,19.7700,19.6400,19.7500,2000,0
WCIC.US,5,20131206,155000,19.7500,19.7500,19.7500,19.7500,100,0
WCIC.US,5,20131206,155500,19.7600,19.7600,19.7600,19.7600,100,0
WCIC.US,5,20131206,160500,19.7300,19.7500,19.7300,19.7500,200,0
WCIC.US,5,20131206,161000,19.6400,19.6400,19.6400,19.6400,100,0
WCIC.US,5,20131206,162000,19.7500,19.7500,19.6100,19.6300,600,0
WCIC.US,5,20131206,162500,19.6900,19.7300,19.6500,19.6500,300,0
WCIC.US,5,20131206,163000,19.6400,19.6400,19.5800,19.5800,400,0
WCIC.US,5,20131206,163500,19.6200,19.6200,19.6200,19.6200,100,0
WCIC.US,5,20131206,164000,19.6200,19.6600,19.6200,19.6600,200,0
WCIC.US,5,20131206,164500,19.6200,19.6700,19.5300,19.5700,800,0
WCIC.US,5,20131206,165000,19.5600,19.5600,19.4700,19.4700,200,0
WCIC.US,5,20131206,170000,19.5100,19.5300,19.5100,19.5300,200,0
WCIC.US,5,20131206,170500,19.5300,19.5300,19.5300,19.5300,100,0
WCIC.US,5,20131206,171500,19.5000,19.5000,19.5000,19.5000,200,0
WCIC.US,5,20131206,173000,19.5400,19.5400,19.5200,19.5200,200,0
WCIC.US,5,20131206,173500,19.5000,19.5000,19.5000,19.5000,100,0
WCIC.US,5,20131206,174000,19.4500,19.5000,19.4300,19.5000,800,0
WCIC.US,5,20131206,175000,19.5500,19.5500,19.5500,19.5500,300,0
WCIC.US,5,20131206,180000,19.5500,19.5500,19.5500,19.5500,100,0
WCIC.US,5,20131206,180500,19.5500,19.5500,19.5200,19.5400,500,0
WCIC.US,5,20131206,181500,19.5500,19.5500,19.5500,19.5500,100,0
WCIC.US,5,20131206,182500,19.5000,19.5000,19.5000,19.5000,200,0
WCIC.US,5,20131206,183500,19.5100,19.5200,19.5100,19.5200,200,0
WCIC.US,5,20131206,184000,19.5100,19.5100,19.5000,19.5100,800,0
WCIC.US,5,20131206,184500,19.5100,19.5600,19.5100,19.5400,500,0
WCIC.US,5,20131206,185000,19.5500,19.5600,19.5000,19.5000,1000,0
WCIC.US,5,20131206,185500,19.5000,19.5000,19.5000,19.5000,702,0
WCIC.US,5,20131206,190000,19.5000,19.5000,19.5000,19.5000,1600,0
WCIC.US,5,20131206,190500,19.5000,19.5000,19.5000,19.5000,400,0
WCIC.US,5,20131206,191000,19.5000,19.5000,19.5000,19.5000,200,0
WCIC.US,5,20131206,191500,19.5000,19.5100,19.5000,19.5000,400,0
WCIC.US,5,20131206,192000,19.5000,19.5000,19.4800,19.4800,401,0
WCIC.US,5,20131206,192500,19.3100,19.3100,19.3100,19.3100,100,0
WCIC.US,5,20131206,194000,19.2500,19.2500,19.2500,19.2500,100,0
WCIC.US,5,20131206,195500,19.3000,19.3000,19.3000,19.3000,200,0
WCIC.US,5,20131206,204000,19.4300,19.4500,19.3600,19.3600,525,0
WCIC.US,5,20131206,204500,19.3800,19.4600,19.3300,19.4500,500,0
WCIC.US,5,20131206,205000,19.4800,19.4800,19.4800,19.4800,100,0
WCIC.US,5,20131206,205500,19.4800,19.4800,19.4800,19.4800,100,0
WCIC.US,5,20131206,211000,19.4800,19.5000,19.4800,19.5000,200,0
WCIC.US,5,20131206,211500,19.4700,19.4700,19.4700,19.4700,100,0
WCIC.US,5,20131206,212000,19.5000,19.5600,19.5000,19.5400,10765,0
WCIC.US,5,20131206,212500,19.4800,19.5800,19.4800,19.5800,495,0
WCIC.US,5,20131206,214000,19.4900,19.4900,19.4400,19.4900,300,0
WCIC.US,5,20131206,214500,19.5000,19.5000,19.5000,19.5000,210,0
WCIC.US,5,20131206,215000,19.5000,19.6100,19.5000,19.5500,1700,0
WCIC.US,5,20131206,215500,19.5000,19.5300,19.1600,19.2000,1539,0
WCIC.US,5,20131206,220000,19.2600,19.2600,19.0300,19.1800,3569,0
WCIC.US,5,20131206,220500,19.3400,19.3400,19.3400,19.3400,252,0
WCIC.US,5,20131206,221000,19.1900,19.1900,19.1900,19.1900,832,0
WCIC.US,5,20131209,153500,19.0700,19.5300,19.0700,19.5300,1500,0
WCIC.US,5,20131209,154500,19.3000,19.3000,19.3000,19.3000,400,0
WCIC.US,5,20131209,155000,19.3000,19.3000,19.3000,19.3000,300,0
WCIC.US,5,20131209,155500,19.2200,19.2200,19.2200,19.2200,200,0
WCIC.US,5,20131209,160000,19.1100,19.1100,19.1100,19.1100,900,0
WCIC.US,5,20131209,160500,19.1400,19.1400,19.1400,19.1400,200,0
WCIC.US,5,20131209,161000,19.1000,19.1000,18.9700,18.9700,1100,0
WCIC.US,5,20131209,162000,19.1600,19.1600,19.1600,19.1600,100,0
WCIC.US,5,20131209,162500,19.2700,19.2700,19.2700,19.2700,200,0
WCIC.US,5,20131209,163500,19.2700,19.2700,19.2700,19.2700,346,0
WCIC.US,5,20131209,165000,19.2900,19.2900,19.2900,19.2900,300,0
WCIC.US,5,20131209,170000,19.4000,19.4000,19.3000,19.3000,500,0
WCIC.US,5,20131209,171500,19.3700,19.4800,19.3700,19.4200,1600,0
WCIC.US,5,20131209,172000,19.5700,19.6000,19.5600,19.6000,300,0
WCIC.US,5,20131209,172500,19.5700,19.5700,19.3600,19.4400,1200,0
WCIC.US,5,20131209,173000,19.3900,19.5100,19.3600,19.4700,3800,0
WCIC.US,5,20131209,173500,19.3800,19.5100,19.3700,19.5100,3000,0
WCIC.US,5,20131209,174000,19.4900,19.4900,19.3200,19.4100,1717,0
WCIC.US,5,20131209,174500,19.3400,19.6100,19.3400,19.6000,7200,0
WCIC.US,5,20131209,175000,19.5900,19.6100,19.4900,19.5100,4602,0
WCIC.US,5,20131209,175500,19.5400,19.5400,19.3900,19.4200,3500,0
WCIC.US,5,20131209,180000,19.3800,19.4900,19.3300,19.3500,1500,0
WCIC.US,5,20131209,180500,19.2200,19.2200,19.2200,19.2200,200,0
WCIC.US,5,20131209,181000,19.2000,19.2000,19.0000,19.0000,1414,0
WCIC.US,5,20131209,181500,19.1000,19.1000,18.9400,19.0800,1607,0
WCIC.US,5,20131209,182000,19.1900,19.2600,19.1800,19.2600,1300,0
WCIC.US,5,20131209,183000,19.1800,19.1800,19.1800,19.1800,3035,0
WCIC.US,5,20131209,183500,19.3400,19.3400,19.3400,19.3400,500,0
WCIC.US,5,20131209,184000,19.3400,19.3400,19.3400,19.3400,656,0
WCIC.US,5,20131209,184500,19.4800,19.4800,19.4800,19.4800,100,0
WCIC.US,5,20131209,185000,19.5000,19.5000,19.5000,19.5000,100,0
WCIC.US,5,20131209,190500,19.5200,19.5200,19.5000,19.5100,500,0
WCIC.US,5,20131209,192000,19.5100,19.5100,19.5100,19.5100,100,0
WCIC.US,5,20131209,192500,19.5200,19.5200,19.5200,19.5200,100,0
WCIC.US,5,20131209,193000,19.5100,19.5100,19.5100,19.5100,100,0
WCIC.US,5,20131209,194500,19.5200,19.5200,19.5200,19.5200,300,0
WCIC.US,5,20131209,195500,19.5100,19.5600,19.4800,19.5000,1000,0
WCIC.US,5,20131209,200000,19.5200,19.5200,19.5200,19.5200,300,0
WCIC.US,5,20131209,200500,19.7200,19.7200,19.5100,19.5100,1700,0
WCIC.US,5,20131209,201500,19.5200,19.5200,19.5200,19.5200,600,0
WCIC.US,5,20131209,204000,19.4400,19.4400,19.3300,19.3300,700,0
WCIC.US,5,20131209,205000,19.3400,19.3400,19.3400,19.3400,1400,0
WCIC.US,5,20131209,212000,19.5100,19.5100,19.4600,19.4600,800,0
WCIC.US,5,20131209,212500,19.5500,19.5500,19.5500,19.5500,1200,0
WCIC.US,5,20131209,214000,19.5000,19.5000,19.5000,19.5000,1200,0
WCIC.US,5,20131209,214500,19.5100,19.5100,19.5100,19.5100,1100,0
WCIC.US,5,20131209,215000,19.5500,19.5500,19.5000,19.5000,1500,0
WCIC.US,5,20131209,215500,19.5700,19.5800,19.5700,19.5800,1100,0
WCIC.US,5,20131209,220000,19.5100,19.6300,19.4900,19.6300,10514,0
WCIC.US,5,20131209,220500,19.6300,19.6300,19.6300,19.6300,1768,0
