<TICKER>,<PER>,<DTYYYYMMDD>,<TIME>,<OPEN>,<HIGH>,<LOW>,<CLOSE>,<VOL>,<OPENINT>
ZB-H.US,5,20131112,161000,21.2700,21.2700,21.2700,21.2700,305,0
ZB-H.US,5,20131112,163500,21.3500,21.4300,21.3500,21.4300,600,0
ZB-H.US,5,20131112,165000,21.4100,21.4100,21.4100,21.4100,200,0
ZB-H.US,5,20131112,170500,21.2700,21.2700,21.2700,21.2700,2600,0
ZB-H.US,5,20131112,171000,21.2700,21.2700,21.2700,21.2700,1459,0
ZB-H.US,5,20131112,175000,21.2900,21.2900,21.2900,21.2900,442,0
ZB-H.US,5,20131112,180500,21.2900,21.2900,21.2900,21.2900,800,0
ZB-H.US,5,20131112,181000,21.2900,21.2900,21.2600,21.2600,200,0
ZB-H.US,5,20131112,181500,21.2600,21.2600,21.2000,21.2000,1271,0
ZB-H.US,5,20131112,184500,21.2900,21.3000,21.2600,21.3000,5094,0
ZB-H.US,5,20131112,185000,21.3500,21.3500,21.3500,21.3500,460,0
ZB-H.US,5,20131112,200500,21.2600,21.2600,21.2600,21.2600,324,0
ZB-H.US,5,20131112,205000,21.2200,21.2200,21.2200,21.2200,120,0
ZB-H.US,5,20131112,215000,21.2000,21.2900,21.2000,21.2000,3614,0
ZB-H.US,5,20131112,215500,21.2000,21.2000,21.2000,21.2000,122,0
ZB-H.US,5,20131113,154500,21.3500,21.3500,21.3500,21.3500,700,0
ZB-H.US,5,20131113,160500,21.2500,21.2500,21.2500,21.2500,200,0
ZB-H.US,5,20131113,161500,21.2500,21.2500,21.2500,21.2500,500,0
ZB-H.US,5,20131113,162000,21.2000,21.2000,21.2000,21.2000,1000,0
ZB-H.US,5,20131113,163500,21.2000,21.2000,21.2000,21.2000,1000,0
ZB-H.US,5,20131113,171000,21.2000,21.2000,21.2000,21.2000,973,0
ZB-H.US,5,20131113,172500,21.2000,21.2000,21.2000,21.2000,400,0
ZB-H.US,5,20131113,174500,21.2000,21.2000,21.2000,21.2000,888,0
ZB-H.US,5,20131113,181000,21.2000,21.2000,21.2000,21.2000,300,0
ZB-H.US,5,20131113,184500,21.1900,21.2000,21.1800,21.1800,1100,0
ZB-H.US,5,20131113,192500,21.1200,21.1200,21.1200,21.1200,1000,0
ZB-H.US,5,20131113,193000,21.1200,21.1200,21.1200,21.1200,100,0
ZB-H.US,5,20131113,201000,21.1200,21.1200,21.1200,21.1200,300,0
ZB-H.US,5,20131113,201500,21.1100,21.1100,21.1100,21.1100,1000,0
ZB-H.US,5,20131113,202000,21.1000,21.1100,21.1000,21.1000,1400,0
ZB-H.US,5,20131113,210000,21.0400,21.0400,21.0300,21.0300,1660,0
ZB-H.US,5,20131113,212000,21.0600,21.0800,21.0600,21.0800,1576,0
ZB-H.US,5,20131114,155500,21.0800,21.0800,21.0800,21.0800,200,0
ZB-H.US,5,20131114,160500,21.1000,21.1000,21.1000,21.1000,300,0
ZB-H.US,5,20131114,170000,21.0900,21.0900,21.0800,21.0800,500,0
ZB-H.US,5,20131114,173000,21.0800,21.0800,21.0800,21.0800,300,0
ZB-H.US,5,20131114,173500,21.0600,21.0600,21.0600,21.0600,500,0
ZB-H.US,5,20131114,174500,21.0800,21.0800,21.0800,21.0800,600,0
ZB-H.US,5,20131114,181000,21.0600,21.0600,21.0500,21.0500,200,0
ZB-H.US,5,20131114,183500,21.1400,21.1500,21.1400,21.1500,1000,0
ZB-H.US,5,20131114,184000,21.1500,21.1500,21.1500,21.1500,100,0
ZB-H.US,5,20131114,195000,21.1500,21.1500,21.1500,21.1500,1429,0
ZB-H.US,5,20131114,195500,21.1500,21.1700,21.1500,21.1700,1800,0
ZB-H.US,5,20131114,212500,21.1500,21.1500,21.1400,21.1400,420,0
ZB-H.US,5,20131114,213000,21.1000,21.1000,21.1000,21.1000,1550,0
ZB-H.US,5,20131114,215000,21.0600,21.0600,21.0600,21.0600,554,0
ZB-H.US,5,20131115,153500,21.1200,21.1200,21.1200,21.1200,154,0
ZB-H.US,5,20131115,163500,21.1400,21.1400,21.1400,21.1400,650,0
ZB-H.US,5,20131115,164000,21.1500,21.1500,21.1500,21.1500,200,0
ZB-H.US,5,20131115,165000,21.1500,21.1500,21.1500,21.1500,1166,0
ZB-H.US,5,20131115,170000,21.1200,21.1200,21.1200,21.1200,1900,0
ZB-H.US,5,20131115,171500,21.1000,21.1000,21.1000,21.1000,1100,0
ZB-H.US,5,20131115,172500,21.1500,21.1500,21.1500,21.1500,550,0
ZB-H.US,5,20131115,180500,21.1000,21.1000,21.1000,21.1000,2910,0
ZB-H.US,5,20131115,182000,21.0800,21.0800,21.0800,21.0800,100,0
ZB-H.US,5,20131115,182500,21.0500,21.0500,21.0500,21.0500,454,0
ZB-H.US,5,20131115,184000,21.0800,21.0800,21.0600,21.0600,500,0
ZB-H.US,5,20131115,190500,21.0500,21.0500,21.0500,21.0500,500,0
ZB-H.US,5,20131115,192500,21.0500,21.0500,21.0500,21.0500,1500,0
ZB-H.US,5,20131115,194500,21.0500,21.0500,21.0500,21.0500,200,0
ZB-H.US,5,20131115,200000,21.0800,21.0800,21.0800,21.0800,500,0
ZB-H.US,5,20131115,201500,21.0800,21.1100,21.0800,21.1100,350,0
ZB-H.US,5,20131115,202000,21.0800,21.0800,21.0800,21.0800,350,0
ZB-H.US,5,20131115,204000,21.0800,21.0800,21.0800,21.0800,700,0
ZB-H.US,5,20131115,214500,21.0800,21.0800,21.0800,21.0800,400,0
ZB-H.US,5,20131115,215000,21.0700,21.0800,21.0700,21.0800,303,0
ZB-H.US,5,20131118,164000,21.0800,21.0800,21.0800,21.0800,1500,0
ZB-H.US,5,20131118,165000,21.1200,21.1200,21.1200,21.1200,2400,0
ZB-H.US,5,20131118,165500,21.0900,21.1000,21.0900,21.1000,1600,0
ZB-H.US,5,20131118,170500,21.1000,21.1000,21.1000,21.1000,1700,0
ZB-H.US,5,20131118,173500,21.1300,21.1300,21.1100,21.1100,300,0
ZB-H.US,5,20131118,182500,21.1300,21.1300,21.1000,21.1000,800,0
ZB-H.US,5,20131118,184500,21.1200,21.1200,21.1200,21.1200,500,0
ZB-H.US,5,20131118,190000,21.1000,21.1000,21.1000,21.1000,4000,0
ZB-H.US,5,20131118,191500,21.1000,21.1000,21.0900,21.0900,975,0
ZB-H.US,5,20131118,192000,21.1000,21.1000,21.1000,21.1000,1100,0
ZB-H.US,5,20131118,192500,21.1000,21.1000,21.1000,21.1000,1500,0
ZB-H.US,5,20131118,193000,21.0900,21.1000,21.0900,21.1000,1000,0
ZB-H.US,5,20131118,194500,21.1400,21.1400,21.1400,21.1400,300,0
ZB-H.US,5,20131118,202000,21.0900,21.0900,21.0900,21.0900,100,0
ZB-H.US,5,20131118,202500,21.0900,21.0900,21.0800,21.0800,1900,0
ZB-H.US,5,20131118,212000,21.0900,21.0900,21.0900,21.0900,400,0
ZB-H.US,5,20131118,213000,21.0800,21.0800,21.0800,21.0800,200,0
ZB-H.US,5,20131118,214000,21.0800,21.0800,21.0800,21.0800,600,0
ZB-H.US,5,20131118,215000,21.0900,21.0900,21.0900,21.0900,200,0
ZB-H.US,5,20131118,215500,21.0900,21.0900,21.0900,21.0900,1660,0
ZB-H.US,5,20131119,160500,21.0800,21.0800,21.0800,21.0800,461,0
ZB-H.US,5,20131119,165500,21.0900,21.1000,21.0900,21.0900,1119,0
ZB-H.US,5,20131119,173000,21.1000,21.1000,21.1000,21.1000,800,0
ZB-H.US,5,20131119,174000,21.1300,21.1300,21.1300,21.1300,235,0
ZB-H.US,5,20131119,194500,21.1600,21.1600,21.1600,21.1600,388,0
ZB-H.US,5,20131119,200000,21.0900,21.0900,21.0900,21.0900,1300,0
ZB-H.US,5,20131119,201500,21.1200,21.1200,21.1200,21.1200,1175,0
ZB-H.US,5,20131119,212500,21.0900,21.0900,21.0900,21.0900,800,0
ZB-H.US,5,20131119,214500,21.0900,21.0900,21.0900,21.0900,400,0
ZB-H.US,5,20131119,215500,21.0900,21.0900,21.0900,21.0900,544,0
ZB-H.US,5,20131120,153500,21.1700,21.1700,21.1700,21.1700,150,0
ZB-H.US,5,20131120,161000,21.0900,21.0900,21.0900,21.0900,1000,0
ZB-H.US,5,20131120,162000,21.0900,21.0900,21.0900,21.0900,1401,0
ZB-H.US,5,20131120,162500,21.0900,21.1300,21.0900,21.1300,1967,0
ZB-H.US,5,20131120,164000,21.0700,21.1000,21.0700,21.1000,850,0
ZB-H.US,5,20131120,172000,21.0700,21.0700,21.0700,21.0700,1700,0
ZB-H.US,5,20131120,174000,21.0700,21.0700,21.0700,21.0700,350,0
ZB-H.US,5,20131120,182500,21.1100,21.1100,21.1100,21.1100,250,0
ZB-H.US,5,20131120,184500,21.1300,21.1300,21.1300,21.1300,500,0
ZB-H.US,5,20131120,190000,21.0700,21.0700,21.0700,21.0700,1000,0
ZB-H.US,5,20131120,192000,21.1300,21.1300,21.1300,21.1300,900,0
ZB-H.US,5,20131120,202000,21.0700,21.0700,21.0700,21.0700,495,0
ZB-H.US,5,20131120,202500,21.0700,21.0700,21.0700,21.0700,456,0
ZB-H.US,5,20131120,203500,21.0600,21.0700,21.0500,21.0500,1300,0
ZB-H.US,5,20131120,204000,21.1000,21.1000,21.1000,21.1000,1063,0
ZB-H.US,5,20131120,205000,21.0500,21.0500,21.0500,21.0500,950,0
ZB-H.US,5,20131120,210500,21.0300,21.0600,21.0300,21.0600,1100,0
ZB-H.US,5,20131121,154000,21.1000,21.1000,21.1000,21.1000,900,0
ZB-H.US,5,20131121,164000,21.0900,21.0900,21.0600,21.0600,458,0
ZB-H.US,5,20131121,172000,21.0600,21.0600,21.0600,21.0600,200,0
ZB-H.US,5,20131121,173500,21.1300,21.1300,21.1300,21.1300,400,0
ZB-H.US,5,20131121,174000,21.1000,21.1000,21.1000,21.1000,600,0
ZB-H.US,5,20131121,174500,21.1000,21.1000,21.1000,21.1000,200,0
ZB-H.US,5,20131121,180000,21.0800,21.0800,21.0800,21.0800,1000,0
ZB-H.US,5,20131121,180500,21.0800,21.0900,21.0800,21.0900,722,0
ZB-H.US,5,20131121,183500,21.1200,21.1200,21.1200,21.1200,400,0
ZB-H.US,5,20131121,194000,21.1000,21.1000,21.1000,21.1000,200,0
ZB-H.US,5,20131121,213000,21.1200,21.1200,21.1200,21.1200,700,0
ZB-H.US,5,20131121,214500,21.1000,21.1000,21.1000,21.1000,1500,0
ZB-H.US,5,20131121,215000,21.1200,21.1200,21.1200,21.1200,500,0
ZB-H.US,5,20131121,215500,21.1000,21.1000,21.1000,21.1000,100,0
ZB-H.US,5,20131122,153500,21.1000,21.1000,21.1000,21.1000,300,0
ZB-H.US,5,20131122,160500,21.1300,21.1300,21.1300,21.1300,890,0
ZB-H.US,5,20131122,161000,21.1300,21.1300,21.1300,21.1300,100,0
ZB-H.US,5,20131122,161500,21.1100,21.1100,21.1100,21.1100,200,0
ZB-H.US,5,20131122,163000,21.1300,21.1300,21.1000,21.1000,2800,0
ZB-H.US,5,20131122,164500,21.1300,21.1300,21.1300,21.1300,700,0
ZB-H.US,5,20131122,165500,21.1100,21.1300,21.1100,21.1300,1054,0
ZB-H.US,5,20131122,180000,21.0900,21.1000,21.0900,21.1000,3250,0
ZB-H.US,5,20131122,182000,21.1000,21.1000,21.1000,21.1000,300,0
ZB-H.US,5,20131122,182500,21.0600,21.0600,21.0600,21.0600,1242,0
ZB-H.US,5,20131122,183500,21.1000,21.1000,21.1000,21.1000,5363,0
ZB-H.US,5,20131122,185000,21.1000,21.1000,21.1000,21.1000,100,0
ZB-H.US,5,20131122,185500,21.1100,21.1100,21.1000,21.1000,700,0
ZB-H.US,5,20131122,190000,21.1000,21.1100,21.1000,21.1100,244,0
ZB-H.US,5,20131122,191000,21.1000,21.1000,21.1000,21.1000,1900,0
ZB-H.US,5,20131122,193000,21.1200,21.1200,21.1200,21.1200,400,0
ZB-H.US,5,20131122,195500,21.1200,21.1400,21.1200,21.1400,700,0
ZB-H.US,5,20131122,201000,21.1800,21.1800,21.1800,21.1800,500,0
ZB-H.US,5,20131122,203000,21.1300,21.1500,21.1300,21.1500,497,0
ZB-H.US,5,20131122,204000,21.0700,21.1900,21.0700,21.1900,3882,0
ZB-H.US,5,20131122,211000,21.1600,21.1600,21.1200,21.1200,1200,0
ZB-H.US,5,20131122,213000,21.1800,21.1900,21.1800,21.1900,900,0
ZB-H.US,5,20131122,214500,21.2000,21.2000,21.2000,21.2000,100,0
ZB-H.US,5,20131122,215500,21.1900,21.2000,21.1900,21.2000,800,0
ZB-H.US,5,20131122,220000,21.1900,21.2000,21.1900,21.2000,1303,0
ZB-H.US,5,20131122,221000,21.1200,21.1200,21.1200,21.1200,1404,0
ZB-H.US,5,20131125,154000,21.1200,21.2300,21.1200,21.2300,1800,0
ZB-H.US,5,20131125,154500,21.2300,21.2300,21.2200,21.2300,500,0
ZB-H.US,5,20131125,160000,21.1900,21.1900,21.1900,21.1900,200,0
ZB-H.US,5,20131125,173000,21.1300,21.1300,21.1300,21.1300,100,0
ZB-H.US,5,20131125,181000,21.1500,21.1500,21.1500,21.1500,1000,0
ZB-H.US,5,20131125,184500,21.2300,21.2300,21.2300,21.2300,600,0
ZB-H.US,5,20131125,185500,21.2300,21.2300,21.2200,21.2300,1700,0
ZB-H.US,5,20131125,190500,21.1700,21.1700,21.1700,21.1700,300,0
ZB-H.US,5,20131125,201500,21.2300,21.2400,21.2300,21.2400,506,0
ZB-H.US,5,20131125,205000,21.1700,21.1700,21.1700,21.1700,550,0
ZB-H.US,5,20131125,205500,21.2500,21.2500,21.2500,21.2500,230,0
ZB-H.US,5,20131125,211000,21.2500,21.3000,21.2400,21.3000,4366,0
ZB-H.US,5,20131125,214500,21.4000,21.4000,21.4000,21.4000,1000,0
ZB-H.US,5,20131126,153500,21.1600,21.1600,21.1600,21.1600,100,0
ZB-H.US,5,20131126,154000,21.1600,21.1600,21.1600,21.1600,100,0
ZB-H.US,5,20131126,163000,21.1200,21.1200,21.0700,21.0700,1800,0
ZB-H.US,5,20131126,165000,21.0300,21.0300,21.0300,21.0300,173,0
ZB-H.US,5,20131126,171000,21.0700,21.0700,21.0700,21.0700,100,0
ZB-H.US,5,20131126,171500,21.0200,21.0200,21.0200,21.0200,1000,0
ZB-H.US,5,20131126,172500,21.0300,21.0300,21.0300,21.0300,200,0
ZB-H.US,5,20131126,173500,21.0200,21.0200,21.0000,21.0000,1000,0
ZB-H.US,5,20131126,184000,21.0200,21.0200,21.0200,21.0200,700,0
ZB-H.US,5,20131126,185000,21.0000,21.0000,21.0000,21.0000,1000,0
ZB-H.US,5,20131126,185500,21.0100,21.0100,21.0000,21.0000,1914,0
ZB-H.US,5,20131126,190000,21.0200,21.0200,21.0200,21.0200,100,0
ZB-H.US,5,20131126,192500,21.0700,21.0700,21.0700,21.0700,700,0
ZB-H.US,5,20131126,211000,21.0000,21.0000,21.0000,21.0000,100,0
ZB-H.US,5,20131127,162000,21.0000,21.0000,21.0000,21.0000,200,0
ZB-H.US,5,20131127,163000,21.0200,21.0200,21.0200,21.0200,600,0
ZB-H.US,5,20131127,164000,21.0300,21.0300,21.0300,21.0300,200,0
ZB-H.US,5,20131127,164500,21.0300,21.0300,21.0300,21.0300,1000,0
ZB-H.US,5,20131127,165500,21.0300,21.0300,21.0300,21.0300,100,0
ZB-H.US,5,20131127,172000,20.9300,20.9300,20.9300,20.9300,2000,0
ZB-H.US,5,20131127,172500,21.0100,21.0100,20.9500,20.9500,1637,0
ZB-H.US,5,20131127,173500,20.9300,20.9300,20.9300,20.9300,200,0
ZB-H.US,5,20131127,183500,21.0100,21.0100,21.0100,21.0100,370,0
ZB-H.US,5,20131127,192500,21.0300,21.0300,21.0200,21.0300,1100,0
ZB-H.US,5,20131127,193500,20.9500,20.9500,20.9500,20.9500,1350,0
ZB-H.US,5,20131127,213500,20.9800,20.9800,20.9600,20.9600,600,0
ZB-H.US,5,20131127,214500,21.0000,21.0000,21.0000,21.0000,600,0
ZB-H.US,5,20131127,220000,21.0000,21.0000,21.0000,21.0000,1450,0
ZB-H.US,5,20131129,155000,21.0400,21.0400,21.0400,21.0400,314,0
ZB-H.US,5,20131129,161000,21.0000,21.0000,21.0000,21.0000,1000,0
ZB-H.US,5,20131129,163500,20.9800,20.9800,20.9800,20.9800,800,0
ZB-H.US,5,20131129,164500,20.9800,20.9800,20.9800,20.9800,500,0
ZB-H.US,5,20131129,171500,20.9600,20.9600,20.9600,20.9600,175,0
ZB-H.US,5,20131129,174000,21.0000,21.0000,21.0000,21.0000,580,0
ZB-H.US,5,20131129,174500,21.0400,21.0400,21.0400,21.0400,500,0
ZB-H.US,5,20131129,181500,20.9500,20.9600,20.9500,20.9600,500,0
ZB-H.US,5,20131129,182000,20.9500,20.9500,20.9300,20.9300,1200,0
ZB-H.US,5,20131129,183500,20.9500,20.9500,20.9500,20.9500,500,0
ZB-H.US,5,20131129,184000,20.9300,20.9300,20.9300,20.9300,1700,0
ZB-H.US,5,20131129,184500,20.8600,20.8600,20.8600,20.8600,400,0
ZB-H.US,5,20131129,185000,20.8500,20.8500,20.8500,20.8500,900,0
ZB-H.US,5,20131129,185500,20.8500,20.8500,20.8500,20.8500,100,0
ZB-H.US,5,20131202,172000,20.8500,20.8500,20.8500,20.8500,1000,0
ZB-H.US,5,20131202,173000,20.8500,20.8500,20.8500,20.8500,630,0
ZB-H.US,5,20131202,182000,20.8600,20.8600,20.8500,20.8500,1886,0
ZB-H.US,5,20131202,184000,20.8500,20.8500,20.8400,20.8400,3834,0
ZB-H.US,5,20131202,184500,20.8500,20.8500,20.8500,20.8500,2011,0
ZB-H.US,5,20131202,185000,20.8500,20.8500,20.8500,20.8500,100,0
ZB-H.US,5,20131202,185500,20.8500,20.8500,20.8300,20.8300,4502,0
ZB-H.US,5,20131202,190000,20.8400,20.8500,20.8400,20.8500,1200,0
ZB-H.US,5,20131202,190500,20.8500,20.8500,20.8500,20.8500,1000,0
ZB-H.US,5,20131202,191000,20.8100,20.9000,20.8000,20.9000,9300,0
ZB-H.US,5,20131202,191500,20.8500,20.8500,20.8400,20.8500,2100,0
ZB-H.US,5,20131202,192000,20.8400,20.8400,20.8300,20.8300,1089,0
ZB-H.US,5,20131202,192500,20.8000,20.8000,20.8000,20.8000,200,0
ZB-H.US,5,20131202,193500,20.8500,20.8500,20.8500,20.8500,1915,0
ZB-H.US,5,20131202,202500,20.7800,20.7800,20.7800,20.7800,900,0
ZB-H.US,5,20131202,210000,20.8500,20.8500,20.8500,20.8500,500,0
ZB-H.US,5,20131202,214500,20.8000,20.8000,20.8000,20.8000,430,0
ZB-H.US,5,20131203,162000,20.7800,20.7800,20.7800,20.7800,100,0
ZB-H.US,5,20131203,164500,20.7500,20.7500,20.7500,20.7500,100,0
ZB-H.US,5,20131203,165000,20.7500,20.7500,20.7500,20.7500,100,0
ZB-H.US,5,20131203,165500,20.7500,20.7500,20.7500,20.7500,500,0
ZB-H.US,5,20131203,170000,20.7800,20.7800,20.7500,20.7800,900,0
ZB-H.US,5,20131203,171000,20.7400,20.7400,20.7400,20.7400,500,0
ZB-H.US,5,20131203,172000,20.7400,20.8100,20.7000,20.8100,910,0
ZB-H.US,5,20131203,173000,20.7600,20.7600,20.7600,20.7600,200,0
ZB-H.US,5,20131203,173500,20.8000,20.8000,20.8000,20.8000,300,0
ZB-H.US,5,20131203,182000,20.7500,20.7500,20.7000,20.7200,3300,0
ZB-H.US,5,20131203,185000,20.7600,20.7600,20.7600,20.7600,600,0
ZB-H.US,5,20131203,185500,20.7600,20.7600,20.7500,20.7500,1030,0
ZB-H.US,5,20131203,191500,20.7000,20.7000,20.6600,20.6600,800,0
ZB-H.US,5,20131203,192000,20.6600,20.7100,20.6600,20.7100,600,0
ZB-H.US,5,20131203,193000,20.6600,20.6600,20.6600,20.6600,900,0
ZB-H.US,5,20131203,193500,20.6600,20.6600,20.6400,20.6400,904,0
ZB-H.US,5,20131203,195000,20.7000,20.7000,20.7000,20.7000,156,0
ZB-H.US,5,20131203,204000,20.6900,20.6900,20.6900,20.6900,100,0
ZB-H.US,5,20131203,204500,20.7100,20.7100,20.7100,20.7100,400,0
ZB-H.US,5,20131203,205500,20.7100,20.7100,20.7100,20.7100,260,0
ZB-H.US,5,20131203,210500,20.7100,20.7100,20.7100,20.7100,400,0
ZB-H.US,5,20131203,211500,20.7000,20.7000,20.7000,20.7000,350,0
ZB-H.US,5,20131203,213500,20.7000,20.7000,20.7000,20.7000,425,0
ZB-H.US,5,20131203,214500,20.6800,20.6800,20.6800,20.6800,1000,0
ZB-H.US,5,20131204,154500,20.7500,20.7500,20.7000,20.7000,1900,0
ZB-H.US,5,20131204,155000,20.7300,20.7300,20.7300,20.7300,200,0
ZB-H.US,5,20131204,155500,20.7000,20.7000,20.7000,20.7000,389,0
ZB-H.US,5,20131204,160500,20.6800,20.6800,20.6800,20.6800,1400,0
ZB-H.US,5,20131204,162000,20.6400,20.6400,20.6400,20.6400,100,0
ZB-H.US,5,20131204,163000,20.6400,20.6400,20.6300,20.6300,2700,0
ZB-H.US,5,20131204,163500,20.6300,20.6300,20.6300,20.6300,300,0
ZB-H.US,5,20131204,164500,20.6300,20.6300,20.5900,20.5900,1000,0
ZB-H.US,5,20131204,172500,20.6100,20.6100,20.6100,20.6100,500,0
ZB-H.US,5,20131204,173500,20.5700,20.6000,20.5700,20.6000,3000,0
ZB-H.US,5,20131204,174000,20.5500,20.6400,20.5500,20.6400,2300,0
ZB-H.US,5,20131204,175000,20.5300,20.5300,20.5000,20.5000,1700,0
ZB-H.US,5,20131204,175500,20.5000,20.5100,20.5000,20.5100,300,0
ZB-H.US,5,20131204,180000,20.4900,20.4900,20.4900,20.4900,1000,0
ZB-H.US,5,20131204,181000,20.5000,20.5000,20.4800,20.4800,1000,0
ZB-H.US,5,20131204,181500,20.4700,20.4700,20.4700,20.4700,600,0
ZB-H.US,5,20131204,182000,20.4800,20.4800,20.4800,20.4800,100,0
ZB-H.US,5,20131204,184000,20.4800,20.4800,20.4800,20.4800,2023,0
ZB-H.US,5,20131204,194500,20.4900,20.4900,20.4900,20.4900,300,0
ZB-H.US,5,20131204,200000,20.5000,20.5000,20.5000,20.5000,530,0
ZB-H.US,5,20131204,203500,20.5000,20.5100,20.5000,20.5100,1100,0
ZB-H.US,5,20131204,205000,20.5100,20.5100,20.5000,20.5000,200,0
ZB-H.US,5,20131204,210000,20.5000,20.5000,20.5000,20.5000,1000,0
ZB-H.US,5,20131204,210500,20.5000,20.5000,20.5000,20.5000,100,0
ZB-H.US,5,20131204,211000,20.4800,20.4800,20.4800,20.4800,100,0
ZB-H.US,5,20131204,212000,20.4500,20.4600,20.4500,20.4500,1800,0
ZB-H.US,5,20131204,214000,20.4000,20.4900,20.3900,20.4000,1700,0
ZB-H.US,5,20131204,215000,20.4000,20.4000,20.4000,20.4000,100,0
ZB-H.US,5,20131204,215500,20.3900,20.3900,20.3900,20.3900,100,0
ZB-H.US,5,20131204,220000,20.4000,20.4000,20.4000,20.4000,700,0
ZB-H.US,5,20131205,154500,20.3900,20.3900,20.3900,20.3900,600,0
ZB-H.US,5,20131205,155000,20.3800,20.3800,20.3800,20.3800,530,0
ZB-H.US,5,20131205,160500,20.3800,20.3800,20.3800,20.3800,1000,0
ZB-H.US,5,20131205,162000,20.4000,20.4000,20.4000,20.4000,1000,0
ZB-H.US,5,20131205,164500,20.4100,20.4100,20.4000,20.4000,1000,0
ZB-H.US,5,20131205,172000,20.3800,20.3800,20.3800,20.3800,200,0
ZB-H.US,5,20131205,175000,20.4000,20.4000,20.4000,20.4000,746,0
ZB-H.US,5,20131205,180500,20.3800,20.3800,20.3800,20.3800,300,0
ZB-H.US,5,20131205,194000,20.3800,20.3800,20.3800,20.3800,300,0
ZB-H.US,5,20131205,204500,20.3800,20.3800,20.3700,20.3700,2800,0
ZB-H.US,5,20131205,205500,20.3000,20.3000,20.3000,20.3000,4200,0
ZB-H.US,5,20131205,220000,20.3200,20.3200,20.3100,20.3100,305,0
ZB-H.US,5,20131206,154500,20.3100,20.3800,20.3000,20.3800,1600,0
ZB-H.US,5,20131206,165000,20.4000,20.4000,20.4000,20.4000,300,0
ZB-H.US,5,20131206,172500,20.3800,20.3800,20.3200,20.3200,904,0
ZB-H.US,5,20131206,173000,20.3200,20.3200,20.3100,20.3100,1000,0
ZB-H.US,5,20131206,182000,20.3700,20.3700,20.3700,20.3700,250,0
ZB-H.US,5,20131206,192500,20.3400,20.3400,20.3400,20.3400,500,0
ZB-H.US,5,20131206,193000,20.4000,20.4000,20.3900,20.3900,4200,0
ZB-H.US,5,20131206,201000,20.3100,20.3100,20.3100,20.3100,1000,0
ZB-H.US,5,20131206,202000,20.3100,20.3100,20.3100,20.3100,100,0
ZB-H.US,5,20131206,202500,20.3100,20.3100,20.3000,20.3000,500,0
ZB-H.US,5,20131206,203000,20.2700,20.2700,20.2600,20.2600,1500,0
ZB-H.US,5,20131206,205000,20.2500,20.2500,20.2500,20.2500,500,0
ZB-H.US,5,20131206,210500,20.2600,20.2600,20.2600,20.2600,100,0
ZB-H.US,5,20131206,211000,20.3800,20.3800,20.3800,20.3800,200,0
ZB-H.US,5,20131206,212000,20.3700,20.3700,20.3700,20.3700,150,0
ZB-H.US,5,20131206,214500,20.2500,20.2500,20.2500,20.2500,315,0
ZB-H.US,5,20131206,220000,20.2500,20.2500,20.2500,20.2500,2400,0
ZB-H.US,5,20131209,153500,20.2800,20.2800,20.2800,20.2800,1000,0
ZB-H.US,5,20131209,161000,20.3100,20.3100,20.3100,20.3100,1000,0
ZB-H.US,5,20131209,161500,20.3000,20.3000,20.3000,20.3000,1600,0
ZB-H.US,5,20131209,164500,20.3000,20.3000,20.3000,20.3000,390,0
ZB-H.US,5,20131209,165500,20.3000,20.3000,20.3000,20.3000,1000,0
ZB-H.US,5,20131209,170000,20.3000,20.3000,20.3000,20.3000,1000,0
ZB-H.US,5,20131209,171500,20.3000,20.3000,20.3000,20.3000,500,0
ZB-H.US,5,20131209,172000,20.3000,20.3000,20.3000,20.3000,200,0
ZB-H.US,5,20131209,181000,20.3000,20.3000,20.3000,20.3000,1200,0
ZB-H.US,5,20131209,183500,20.3000,20.3000,20.3000,20.3000,300,0
ZB-H.US,5,20131209,184500,20.3000,20.3200,20.3000,20.3200,2200,0
ZB-H.US,5,20131209,193000,20.3500,20.3500,20.3500,20.3500,350,0
ZB-H.US,5,20131209,195000,20.3300,20.3500,20.3300,20.3500,200,0
ZB-H.US,5,20131209,200000,20.3400,20.3400,20.3300,20.3300,2245,0
ZB-H.US,5,20131209,202000,20.3200,20.3200,20.3200,20.3200,8400,0
ZB-H.US,5,20131209,205000,20.3200,20.3200,20.3200,20.3200,800,0
ZB-H.US,5,20131209,213000,20.3100,20.3300,20.3100,20.3300,1692,0
ZB-H.US,5,20131209,214000,20.3400,20.3400,20.3400,20.3400,100,0
ZB-H.US,5,20131209,214500,20.3100,20.3100,20.2900,20.2900,700,0
ZB-H.US,5,20131209,215500,20.3500,20.3500,20.3500,20.3500,343,0
ZB-H.US,5,20131209,220000,20.2900,20.3000,20.2900,20.3000,1500,0
